EFIT++      MAST # 46791 # 440ms                   0  65  65
 0.194000000E+01 0.440000000E+01 0.800000000E+00 0.600000000E-01 0.000000000E+00
 0.933268406E+00-0.178350207E-04-0.751588485E-01 0.218063577E-01-0.655166167E+00
 0.742000203E+06-0.751588485E-01 0.000000000E+00 0.933268406E+00 0.000000000E+00
-0.178350207E-04 0.000000000E+00 0.218063577E-01 0.000000000E+00 0.000000000E+00
-0.622392313E+00-0.618836834E+00-0.615352607E+00-0.611939710E+00-0.608598201E+00
-0.605328115E+00-0.602129458E+00-0.599002214E+00-0.595946342E+00-0.592961770E+00
-0.590048402E+00-0.587206115E+00-0.584434754E+00-0.581734138E+00-0.579104055E+00
-0.576544266E+00-0.574054497E+00-0.571634448E+00-0.569283787E+00-0.567002148E+00
-0.564789139E+00-0.562644331E+00-0.560567268E+00-0.558557460E+00-0.556614386E+00
-0.554737493E+00-0.552926198E+00-0.551179885E+00-0.549497909E+00-0.547879592E+00
-0.546324227E+00-0.544831077E+00-0.543399375E+00-0.542028324E+00-0.540717100E+00
-0.539464849E+00-0.538270691E+00-0.537133719E+00-0.536052999E+00-0.535027572E+00
-0.534056455E+00-0.533138639E+00-0.532273094E+00-0.531458766E+00-0.530694581E+00
-0.529979443E+00-0.529312237E+00-0.528691829E+00-0.528117067E+00-0.527586782E+00
-0.527099788E+00-0.526654886E+00-0.526250860E+00-0.525886483E+00-0.525560512E+00
-0.525271696E+00-0.525018771E+00-0.524800465E+00-0.524615493E+00-0.524462566E+00
-0.524340385E+00-0.524247645E+00-0.524183035E+00-0.524145238E+00-0.524132934E+00
 0.103504999E+05 0.101035390E+05 0.985697319E+04 0.961091418E+04 0.936547381E+04
 0.912076391E+04 0.887689628E+04 0.863398274E+04 0.839213511E+04 0.815146520E+04
 0.791208482E+04 0.767410579E+04 0.743763992E+04 0.720279903E+04 0.696969493E+04
 0.673843944E+04 0.650914437E+04 0.628192154E+04 0.605688275E+04 0.583413983E+04
 0.561380459E+04 0.539598885E+04 0.518080441E+04 0.496836309E+04 0.475877671E+04
 0.455215708E+04 0.434861602E+04 0.414826533E+04 0.395121685E+04 0.375758237E+04
 0.356747371E+04 0.338100270E+04 0.319828113E+04 0.301942084E+04 0.284453362E+04
 0.267373130E+04 0.250712570E+04 0.234482861E+04 0.218695187E+04 0.203360728E+04
 0.188490666E+04 0.174096182E+04 0.160188458E+04 0.146778675E+04 0.133878015E+04
 0.121497659E+04 0.109648789E+04 0.983425853E+03 0.875902303E+03 0.774029052E+03
 0.677917914E+03 0.587680703E+03 0.503429236E+03 0.425275325E+03 0.353330785E+03
 0.287707432E+03 0.228517078E+03 0.175871540E+03 0.129882630E+03 0.906621647E+02
 0.583219574E+02 0.329738227E+02 0.147295753E+02 0.370102958E+01 0.000000000E+00
-0.147520466E+01-0.143769456E+01-0.140064352E+01-0.136405152E+01-0.132791857E+01
-0.129224467E+01-0.125702981E+01-0.122227401E+01-0.118797725E+01-0.115413954E+01
-0.112076088E+01-0.108784127E+01-0.105538070E+01-0.102337919E+01-0.991836722E+00
-0.960753303E+00-0.930128933E+00-0.899963611E+00-0.870257337E+00-0.841010112E+00
-0.812221935E+00-0.783892806E+00-0.756022726E+00-0.728611694E+00-0.701659710E+00
-0.675166775E+00-0.649132888E+00-0.623558049E+00-0.598442259E+00-0.573785517E+00
-0.549587823E+00-0.525849178E+00-0.502569581E+00-0.479749032E+00-0.457387532E+00
-0.435485080E+00-0.414041676E+00-0.393057321E+00-0.372532014E+00-0.352465755E+00
-0.332858545E+00-0.313710383E+00-0.295021269E+00-0.276791204E+00-0.259020187E+00
-0.241708219E+00-0.224855298E+00-0.208461426E+00-0.192526603E+00-0.177050828E+00
-0.162034101E+00-0.147476422E+00-0.133377792E+00-0.119738210E+00-0.106557677E+00
-0.938361914E-01-0.815737546E-01-0.697703661E-01-0.584260259E-01-0.475407341E-01
-0.371144906E-01-0.271472954E-01-0.176391486E-01-0.859005014E-02 0.000000000E+00
-0.163107481E+06-0.162883657E+06-0.162586033E+06-0.162214607E+06-0.161769381E+06
-0.161250353E+06-0.160657525E+06-0.159990895E+06-0.159250465E+06-0.158436233E+06
-0.157548201E+06-0.156586367E+06-0.155550733E+06-0.154441298E+06-0.153258061E+06
-0.152001024E+06-0.150670186E+06-0.149265546E+06-0.147787106E+06-0.146234865E+06
-0.144608823E+06-0.142908979E+06-0.141135335E+06-0.139287890E+06-0.137366644E+06
-0.135371597E+06-0.133302749E+06-0.131160100E+06-0.128943650E+06-0.126653399E+06
-0.124289347E+06-0.121851494E+06-0.119339840E+06-0.116754385E+06-0.114095129E+06
-0.111362073E+06-0.108555215E+06-0.105674556E+06-0.102720096E+06-0.996918356E+05
-0.965897738E+05-0.934139112E+05-0.901642475E+05-0.868407829E+05-0.834435172E+05
-0.799724507E+05-0.764275831E+05-0.728089145E+05-0.691164450E+05-0.653501745E+05
-0.615101031E+05-0.575962306E+05-0.536085572E+05-0.495470828E+05-0.454118074E+05
-0.412027311E+05-0.369198537E+05-0.325631754E+05-0.281326962E+05-0.236284159E+05
-0.190503347E+05-0.143984525E+05-0.967276929E+04-0.487328513E+04 0.000000000E+00
-3.734236318e-05-8.424073941e-05-1.493624329e-04-2.320031575e-04-3.312821232e-04
-4.462296919e-04-5.759236656e-04-7.198614913e-04-8.511418530e-04-9.123806307e-04
-9.546025388e-04-9.810203831e-04-9.707629759e-04-9.215390111e-04-8.190253130e-04
-6.508797834e-04-4.314935800e-04-1.414116720e-04 2.015436169e-04 6.062691005e-04
 1.073437399e-03 1.584543107e-03 2.160331026e-03 2.767317038e-03 3.418782790e-03
 4.100655392e-03 4.793000599e-03 5.515315115e-03 6.222064481e-03 6.937407465e-03
 7.633118664e-03 8.298927204e-03 8.954526378e-03 9.551913493e-03 1.013304226e-02
 1.065682428e-02 1.113146489e-02 1.157236577e-02 1.193388776e-02 1.225746895e-02
 1.249611628e-02 1.267248067e-02 1.278481318e-02 1.279975301e-02 1.276806827e-02
 1.262707784e-02 1.241839664e-02 1.212174736e-02 1.171660415e-02 1.125540863e-02
 1.066879228e-02 1.002484883e-02 9.287123923e-03 8.465646083e-03 7.618692015e-03
 6.697850334e-03 5.808671108e-03 4.939283536e-03 4.137064737e-03 3.506774328e-03
 3.011134610e-03 2.768219305e-03 2.733403601e-03 2.887002756e-03 3.263732751e-03
-5.075113243e-05-1.149055162e-04-2.046845226e-04-3.197751753e-04-4.597506347e-04
-6.242092640e-04-8.129714731e-04-1.020662981e-03-1.220619778e-03-1.330178000e-03
-1.425748096e-03-1.507154046e-03-1.567164310e-03-1.626431479e-03-1.505056291e-03
-1.306947457e-03-1.041427341e-03-7.024993236e-04-2.850019266e-04 2.120414556e-04
 7.873955789e-04 1.438787900e-03 2.156172262e-03 2.929687847e-03 3.750997496e-03
 4.610779971e-03 5.497578055e-03 6.397819655e-03 7.297038695e-03 8.181762054e-03
 9.040595076e-03 9.864352241e-03 1.064572573e-02 1.137884956e-02 1.205896566e-02
 1.268205954e-02 1.324456437e-02 1.374298649e-02 1.417356019e-02 1.453235249e-02
 1.481543606e-02 1.501878580e-02 1.513806133e-02 1.516850653e-02 1.510496414e-02
 1.494187274e-02 1.467339833e-02 1.429352506e-02 1.379624386e-02 1.317582647e-02
 1.242716180e-02 1.154640976e-02 1.053190600e-02 9.385739518e-03 8.116264797e-03
 6.742053175e-03 5.297765245e-03 3.841692119e-03 2.462991166e-03 1.281898506e-03
 4.315672551e-04 1.585841823e-05 6.189845561e-05 5.056454948e-04 1.232208704e-03
-6.449111969e-05-1.465216487e-04-2.621301434e-04-4.114499932e-04-5.941323622e-04
-8.089346329e-04-1.053227569e-03-1.318305507e-03-1.567728855e-03-1.818389009e-03
-2.029184314e-03-2.193128744e-03-2.324972915e-03-2.401451731e-03-2.379609723e-03
-2.226317951e-03-1.958802315e-03-1.575169119e-03-1.071305236e-03-4.494956523e-04
 2.831768026e-04 1.116977132e-03 2.030477228e-03 3.007597145e-03 4.047229705e-03
 5.147465182e-03 6.291750746e-03 7.456370714e-03 8.604080096e-03 9.713430937e-03
 1.077216449e-02 1.177251769e-02 1.270913579e-02 1.357817110e-02 1.437680153e-02
 1.510285866e-02 1.575447955e-02 1.632977704e-02 1.682655174e-02 1.724206463e-02
 1.757286265e-02 1.781463955e-02 1.796213109e-02 1.800905384e-02 1.794808905e-02
 1.777090105e-02 1.746817145e-02 1.702962680e-02 1.644403785e-02 1.569917419e-02
 1.478171284e-02 1.367713049e-02 1.236967328e-02 1.084263525e-02 9.079473086e-03
 7.066941135e-03 4.802895985e-03 2.314610800e-03-3.004998318e-04-2.795664475e-03
-4.689547647e-03-5.408428318e-03-4.789596419e-03-3.254918345e-03-1.344535835e-03
-7.669509464e-05-1.753651614e-04-3.163522835e-04-5.014390432e-04-7.318838114e-04
-1.007736659e-03-1.327095133e-03-1.679988023e-03-2.042176966e-03-2.419613681e-03
-2.785518781e-03-3.112002330e-03-3.391339545e-03-3.594290320e-03-3.685149312e-03
-3.628366863e-03-3.394476232e-03-2.964485531e-03-2.333644412e-03-1.514067102e-03
-5.305854857e-04 6.060392131e-04 1.823450524e-03 3.076962710e-03 4.410219025e-03
 5.835209970e-03 7.303127759e-03 8.852489039e-03 1.032504980e-02 1.169638616e-02
 1.297574873e-02 1.416362393e-02 1.525963589e-02 1.626400022e-02 1.717770167e-02
 1.800224096e-02 1.873921359e-02 1.938983922e-02 1.995450845e-02 2.043238832e-02
 2.082111059e-02 2.111655540e-02 2.131273407e-02 2.140176632e-02 2.137393595e-02
 2.121779528e-02 2.092027340e-02 2.046672752e-02 1.984086105e-02 1.902441553e-02
 1.799652114e-02 1.673255430e-02 1.520228315e-02 1.336695388e-02 1.117472956e-02
 8.553448216e-03 5.398865671e-03 1.555166773e-03-3.217997070e-03-9.303829054e-03
-1.856255782e-02-2.052024199e-02-1.383359760e-02-7.925879990e-03-3.510541898e-03
-8.280990446e-05-1.918963393e-04-3.522090330e-04-5.696302375e-04-8.498706599e-04
-1.197335948e-03-1.613868635e-03-2.091781801e-03-2.612782142e-03-3.180886234e-03
-3.780852822e-03-4.370602776e-03-4.932318439e-03-5.423988454e-03-5.781942821e-03
-5.928126301e-03-5.782589524e-03-5.285479617e-03-4.418513091e-03-3.211767929e-03
-1.730413192e-03-5.408132247e-05 1.737639125e-03 3.584092052e-03 5.458179509e-03
 7.344588988e-03 9.212113323e-03 1.103053980e-02 1.275412921e-02 1.436285616e-02
 1.584794541e-02 1.720712294e-02 1.844224719e-02 1.955804779e-02 2.056114670e-02
 2.145909574e-02 2.225941822e-02 2.296870478e-02 2.359181415e-02 2.413121640e-02
 2.458650487e-02 2.495409539e-02 2.522712477e-02 2.539554949e-02 2.544642791e-02
 2.536434340e-02 2.513189569e-02 2.473015599e-02 2.413895350e-02 2.333683872e-02
 2.230054905e-02 2.100377087e-02 1.941491948e-02 1.749348614e-02 1.518411660e-02
 1.240674772e-02 9.039261078e-03 4.884688070e-03-3.969138565e-04-7.461144755e-03
-1.743529919e-02-1.998070584e-02-1.235930706e-02-5.669520203e-03-8.960000165e-04
-7.267285673e-05-1.743855498e-04-3.340382971e-04-5.660163177e-04-8.852411468e-04
-1.304940989e-03-1.834829487e-03-2.478780418e-03-3.201833581e-03-4.033293148e-03
-4.959768452e-03-5.952750953e-03-6.995662164e-03-8.061510172e-03-9.056949827e-03
-9.798748718e-03-1.001719207e-02-9.462514779e-03-8.066504673e-03-5.989327456e-03
-3.502509682e-03-8.388982554e-04 1.857844783e-03 4.511286765e-03 7.081254163e-03
 9.543108692e-03 1.187698682e-02 1.406419696e-02 1.608809419e-02 1.793691885e-02
 1.960580095e-02 2.109717010e-02 2.242001295e-02 2.358840397e-02 2.461964264e-02
 2.553229004e-02 2.634432974e-02 2.707158071e-02 2.772640167e-02 2.831668060e-02
 2.884510284e-02 2.930871732e-02 2.969884672e-02 3.000139258e-02 3.019756166e-02
 3.026498688e-02 3.017914556e-02 2.991490230e-02 2.944794358e-02 2.875584980e-02
 2.781858933e-02 2.661832574e-02 2.513859288e-02 2.336310439e-02 2.127477084e-02
 1.885610738e-02 1.609373492e-02 1.299376927e-02 9.626105705e-03 6.243856754e-03
 3.525453783e-03 2.474405534e-03 3.271189492e-03 5.081081618e-03 7.155683738e-03
-2.558709129e-05-7.824268623e-05-1.881058277e-04-3.867653761e-04-7.079998906e-04
-1.182711651e-03-1.833460557e-03-2.664066500e-03-3.658429096e-03-4.815453640e-03
-6.122561733e-03-7.577443927e-03-9.217976073e-03-1.118534788e-02-1.368802242e-02
-1.653752547e-02-1.886411704e-02-1.842643977e-02-1.501343417e-02-9.986653476e-03
-5.253570752e-03-1.002560636e-03 2.868198871e-03 6.442547906e-03 9.767055461e-03
 1.285926090e-02 1.571705493e-02 1.832734947e-02 2.067443183e-02 2.274755457e-02
 2.454654376e-02 2.608430535e-02 2.738600023e-02 2.848572385e-02 2.942211362e-02
 3.023417665e-02 3.095803543e-02 3.162466442e-02 3.225832463e-02 3.287535003e-02
 3.348309998e-02 3.407912580e-02 3.465078090e-02 3.517556240e-02 3.562240744e-02
 3.595402728e-02 3.613018474e-02 3.611161083e-02 3.586402436e-02 3.536154910e-02
 3.458886713e-02 3.354179887e-02 3.222658307e-02 3.065871632e-02 2.886259820e-02
 2.687337601e-02 2.474233240e-02 2.254663630e-02 2.040194324e-02 1.846924256e-02
 1.693536225e-02 1.595137373e-02 1.556574524e-02 1.572942972e-02 1.628102276e-02
 9.797206781e-05 1.834253533e-04 2.324717409e-04 1.787036564e-04-5.282203472e-05
-5.340323160e-04-1.319979543e-03-2.429991325e-03-3.826683774e-03-5.455662636e-03
-7.196181137e-03-8.936739503e-03-1.062930086e-02-1.250885628e-02-1.500578322e-02
-1.853978533e-02-2.224945471e-02-2.162227291e-02-1.661681798e-02-9.273768580e-03
-3.463948346e-03 1.548173889e-03 6.079704966e-03 1.028463397e-02 1.422813972e-02
 1.791901628e-02 2.132726548e-02 2.439968441e-02 2.707881692e-02 2.932410940e-02
 3.112874385e-02 3.252510558e-02 3.357731838e-02 3.436620462e-02 3.497451448e-02
 3.547737034e-02 3.593840662e-02 3.640943182e-02 3.693102031e-02 3.753222426e-02
 3.822877332e-02 3.902029447e-02 3.988784130e-02 4.079303972e-02 4.167958936e-02
 4.247730937e-02 4.310877267e-02 4.349845609e-02 4.358351132e-02 4.332376580e-02
 4.270767227e-02 4.175202578e-02 4.049609747e-02 3.899336272e-02 3.730442497e-02
 3.549318843e-02 3.362625371e-02 3.177394855e-02 3.001049265e-02 2.841053806e-02
 2.704035295e-02 2.593958517e-02 2.520133710e-02 2.475678641e-02 2.455566353e-02
 3.637455976e-04 7.643604537e-04 1.206940133e-03 1.559046178e-03 1.649633162e-03
 1.300035579e-03 3.698538839e-04-1.217783009e-03-3.470265555e-03-6.350276189e-03
-9.370830247e-03-1.153042328e-02-1.231934293e-02-1.198533457e-02-1.142728455e-02
-1.081515285e-02-9.792788624e-03-7.919525133e-03-5.024791029e-03-1.310883887e-03
 2.859460361e-03 7.227705712e-03 1.167741004e-02 1.616185733e-02 2.064288452e-02
 2.505053693e-02 2.925524513e-02 3.306046527e-02 3.623835396e-02 3.861347380e-02
 4.014704684e-02 4.095524392e-02 4.124746955e-02 4.124012495e-02 4.110524491e-02
 4.096296756e-02 4.089584727e-02 4.096643842e-02 4.122974730e-02 4.173686375e-02
 4.252836930e-02 4.362045146e-02 4.499173966e-02 4.657805340e-02 4.827536055e-02
 4.994608931e-02 5.142708184e-02 5.254563887e-02 5.315076615e-02 5.315328789e-02
 5.255255647e-02 5.142993584e-02 4.991312609e-02 4.813594776e-02 4.621386658e-02
 4.423758398e-02 4.227671825e-02 4.038593661e-02 3.860956569e-02 3.698349753e-02
 3.553475092e-02 3.428179927e-02 3.327976538e-02 3.248992414e-02 3.186736827e-02
 8.365740035e-04 1.850031184e-03 3.163857544e-03 4.590637774e-03 5.710710939e-03
 5.861277650e-03 4.731029499e-03 2.506231393e-03-7.591935706e-04-5.437213382e-03
-1.132810210e-02-1.441537487e-02-1.388587517e-02-9.885261019e-03-6.964759781e-03
-4.644500208e-03-2.425269288e-03-7.919057407e-06 2.772468597e-03 5.977939600e-03
 9.606965995e-03 1.363876044e-02 1.806435217e-02 2.289692502e-02 2.816262804e-02
 3.386399124e-02 3.987915193e-02 4.573857011e-02 5.045072952e-02 5.303667229e-02
 5.330591562e-02 5.206047418e-02 5.028609819e-02 4.858852399e-02 4.714307593e-02
 4.598914003e-02 4.512805842e-02 4.454476230e-02 4.429920524e-02 4.449197877e-02
 4.529038790e-02 4.681852733e-02 4.906589348e-02 5.190831234e-02 5.514051225e-02
 5.854193497e-02 6.181377911e-02 6.451118976e-02 6.611947037e-02 6.629375101e-02
 6.510635063e-02 6.299052268e-02 6.043427974e-02 5.776831800e-02 5.515902961e-02
 5.268195678e-02 5.036690254e-02 4.822588064e-02 4.626475600e-02 4.448494238e-02
 4.288694678e-02 4.147134701e-02 4.026919000e-02 3.924431756e-02 3.837767685e-02
 1.448822567e-03 3.314622669e-03 6.015263089e-03 9.718399570e-03 1.439837719e-02
 1.567463385e-02 1.246477268e-02 9.177586102e-03 6.004720355e-03 2.760466074e-03
-1.750216473e-04-1.992297945e-03-2.252042813e-03-1.210629610e-03 3.827502684e-04
 2.190722676e-03 4.188118997e-03 6.430448235e-03 8.982902695e-03 1.190225039e-02
 1.523830992e-02 1.904513350e-02 2.339809014e-02 2.841779581e-02 3.430984062e-02
 4.144793798e-02 5.058998164e-02 6.359717255e-02 7.613735062e-02 7.947990531e-02
 7.306358443e-02 6.351683143e-02 5.787819462e-02 5.414192736e-02 5.149550585e-02
 4.952642164e-02 4.797842117e-02 4.665527244e-02 4.538228630e-02 4.413971214e-02
 4.411015031e-02 4.621705452e-02 5.036115830e-02 5.571783196e-02 6.145053789e-02
 6.780380435e-02 7.514145738e-02 8.297381090e-02 8.798793286e-02 8.777951338e-02
 8.218462545e-02 7.597745603e-02 7.088636572e-02 6.670052033e-02 6.316390030e-02
 6.010553381e-02 5.741567281e-02 5.502198266e-02 5.288213763e-02 5.096155702e-02
 4.924372617e-02 4.771629486e-02 4.636706517e-02 4.516826609e-02 4.409056573e-02
 1.965813873e-03 4.509577453e-03 8.195202135e-03 1.315918039e-02 1.905162468e-02
 2.082887551e-02 1.747462160e-02 1.453678222e-02 1.217120034e-02 1.019823802e-02
 8.627301628e-03 7.537375912e-03 7.029732288e-03 7.108586900e-03 7.703027011e-03
 8.727953311e-03 1.012607668e-02 1.187466388e-02 1.397642872e-02 1.645033238e-02
 1.932718134e-02 2.265012920e-02 2.647915047e-02 3.089858393e-02 3.602591683e-02
 4.201227992e-02 4.898160439e-02 5.662483700e-02 6.297642691e-02 6.560036161e-02
 6.412490203e-02 6.056061117e-02 5.717635009e-02 5.448785284e-02 5.242344224e-02
 5.082746473e-02 4.954050248e-02 4.838856850e-02 4.713727149e-02 4.543705389e-02
 4.500303114e-02 4.735454979e-02 5.268611246e-02 5.904693171e-02 6.546888203e-02
 7.259207373e-02 8.124099687e-02 9.229978226e-02 9.857232590e-02 9.768485670e-02
 8.955288537e-02 8.213333513e-02 7.662204355e-02 7.226506060e-02 6.865500293e-02
 6.556466749e-02 6.286038983e-02 6.045945626e-02 5.830832519e-02 5.637080069e-02
 5.462116096e-02 5.303974083e-02 5.160987074e-02 5.031644816e-02 4.915174033e-02
 2.293458485e-03 5.229222835e-03 9.409342830e-03 1.488627551e-02 2.120754015e-02
 2.314201349e-02 1.947207629e-02 1.765305597e-02 1.631763152e-02 1.515307266e-02
 1.416688978e-02 1.343709563e-02 1.301810932e-02 1.294074038e-02 1.321342283e-02
 1.383068161e-02 1.478292090e-02 1.606316480e-02 1.766983078e-02 1.960673247e-02
 2.188166601e-02 2.450408155e-02 2.748119532e-02 3.081049450e-02 3.446466246e-02
 3.836300698e-02 4.232636451e-02 4.603537889e-02 4.905705848e-02 5.111035852e-02
 5.210725214e-02 5.221961087e-02 5.183068118e-02 5.126790199e-02 5.073663999e-02
 5.034354706e-02 5.014169969e-02 5.017228109e-02 5.050912345e-02 5.130859532e-02
 5.280894155e-02 5.520187933e-02 5.849079134e-02 6.248707540e-02 6.693682370e-02
 7.159634720e-02 7.613621369e-02 7.998922980e-02 8.242030793e-02 8.296564051e-02
 8.178284888e-02 7.951641442e-02 7.681297001e-02 7.405109843e-02 7.139576971e-02
 6.890560659e-02 6.659451493e-02 6.445904209e-02 6.248959607e-02 6.067486969e-02
 5.900346456e-02 5.746437139e-02 5.604703019e-02 5.474140104e-02 5.354408549e-02
 2.497110019e-03 5.672267861e-03 1.015394031e-02 1.596337984e-02 2.258481580e-02
 2.478155220e-02 2.161912738e-02 2.026817995e-02 1.942771063e-02 1.863848870e-02
 1.796040631e-02 1.743522058e-02 1.709908763e-02 1.698047096e-02 1.709943705e-02
 1.746867390e-02 1.809544999e-02 1.898355051e-02 2.013450253e-02 2.154778100e-02
 2.321991102e-02 2.514239547e-02 2.729829813e-02 2.965729022e-02 3.216932548e-02
 3.475829631e-02 3.731936836e-02 3.972628995e-02 4.185382368e-02 4.360193160e-02
 4.500782898e-02 4.607372297e-02 4.687326461e-02 4.752344684e-02 4.813315684e-02
 4.879884628e-02 4.960386341e-02 5.062312709e-02 5.192867809e-02 5.358982701e-02
 5.566293360e-02 5.817176615e-02 6.108645919e-02 6.431299673e-02 6.769531100e-02
 7.102297316e-02 7.404367330e-02 7.649211816e-02 7.814462329e-02 7.888498220e-02
 7.874266320e-02 7.787275185e-02 7.648941802e-02 7.479766475e-02 7.295663094e-02
 7.107428607e-02 6.921737987e-02 6.742410627e-02 6.571439687e-02 6.409702016e-02
 6.257410746e-02 6.114392314e-02 5.980252385e-02 5.854450653e-02 5.735068881e-02
 2.643490298e-03 5.994082207e-03 1.070462821e-02 1.678214922e-02 2.371063441e-02
 2.624869214e-02 2.332082697e-02 2.233349148e-02 2.174756730e-02 2.119143530e-02
 2.068662168e-02 2.026403736e-02 1.995312528e-02 1.977991590e-02 1.976605421e-02
 1.992850705e-02 2.027972243e-02 2.082794607e-02 2.157741994e-02 2.252826470e-02
 2.367594093e-02 2.501027665e-02 2.651415247e-02 2.816209020e-02 2.991922690e-02
 3.174144708e-02 3.357763436e-02 3.537478000e-02 3.708578384e-02 3.867818872e-02
 4.013880142e-02 4.147992102e-02 4.276825371e-02 4.401939042e-02 4.528456238e-02
 4.660562257e-02 4.807679619e-02 4.974888922e-02 5.167763422e-02 5.389885419e-02
 5.640431089e-02 5.920558322e-02 6.228756346e-02 6.559473436e-02 6.901356787e-02
 7.234564848e-02 7.530939150e-02 7.763054621e-02 7.912821666e-02 7.973769959e-02
 7.952316677e-02 7.867683142e-02 7.743795753e-02 7.598874918e-02 7.444207228e-02
 7.286633640e-02 7.130332107e-02 6.977812390e-02 6.830506677e-02 6.689146951e-02
 6.554013757e-02 6.425100893e-02 6.302224733e-02 6.185125361e-02 6.074698934e-02
 2.770303336e-03 6.275755758e-03 1.119269215e-02 1.751648208e-02 2.472354404e-02
 2.755186399e-02 2.489865066e-02 2.407428744e-02 2.366724233e-02 2.322489959e-02
 2.277790313e-02 2.235777435e-02 2.199416823e-02 2.171336342e-02 2.153770999e-02
 2.148555021e-02 2.157131931e-02 2.180567045e-02 2.219552866e-02 2.274401276e-02
 2.345021996e-02 2.430893577e-02 2.531037221e-02 2.644009357e-02 2.767933699e-02
 2.900594114e-02 3.039601718e-02 3.182637985e-02 3.327747716e-02 3.473628866e-02
 3.619855138e-02 3.766968035e-02 3.916509172e-02 4.071519698e-02 4.234756734e-02
 4.408621095e-02 4.598247207e-02 4.807642015e-02 5.040582706e-02 5.299944042e-02
 5.587135393e-02 5.905073906e-02 6.257302046e-02 6.648197035e-02 7.084842183e-02
 7.589458569e-02 8.045525544e-02 8.362785939e-02 8.524713636e-02 8.521118138e-02
 8.354624519e-02 8.109394537e-02 7.914100802e-02 7.742693267e-02 7.586425888e-02
 7.440708188e-02 7.302907593e-02 7.171468076e-02 7.045430933e-02 6.924164994e-02
 6.807215782e-02 6.694221166e-02 6.584862198e-02 6.478815188e-02 6.374893902e-02
 2.898005463e-03 6.564399692e-03 1.170494053e-02 1.830940945e-02 2.581624045e-02
 2.891718909e-02 2.657417668e-02 2.592525386e-02 2.554806124e-02 2.506230917e-02
 2.452795061e-02 2.398802793e-02 2.347473585e-02 2.301357616e-02 2.262550228e-02
 2.232798683e-02 2.213556422e-02 2.206011341e-02 2.211099282e-02 2.229496810e-02
 2.261597919e-02 2.307499650e-02 2.366999723e-02 2.439613184e-02 2.524618945e-02
 2.621141731e-02 2.728233763e-02 2.844985300e-02 2.970650921e-02 3.104774357e-02
 3.247293092e-02 3.398600616e-02 3.559561464e-02 3.731467801e-02 3.915958425e-02
 4.114980654e-02 4.330762350e-02 4.565718209e-02 4.822409658e-02 5.103657395e-02
 5.412853689e-02 5.754440696e-02 6.134584948e-02 6.562542889e-02 7.052922216e-02
 7.622790809e-02 8.134228595e-02 8.472680837e-02 8.639260532e-02 8.628909639e-02
 8.434866238e-02 8.166999975e-02 7.963921897e-02 7.802164172e-02 7.665354154e-02
 7.543966419e-02 7.432310350e-02 7.326915403e-02 7.225639212e-02 7.127153103e-02
 7.030635377e-02 6.935582783e-02 6.841688493e-02 6.748742516e-02 6.656673825e-02
 3.028299356e-03 6.865839771e-03 1.226038698e-02 1.922182125e-02 2.726007487e-02
 3.115165691e-02 2.959995931e-02 2.849661358e-02 2.765947050e-02 2.684389292e-02
 2.603680911e-02 2.524819703e-02 2.449119467e-02 2.377964620e-02 2.312731109e-02
 2.254749368e-02 2.205285613e-02 2.165534233e-02 2.136672507e-02 2.119829481e-02
 2.115929756e-02 2.125680483e-02 2.149557026e-02 2.187786510e-02 2.240377664e-02
 2.307376183e-02 2.388703308e-02 2.484209420e-02 2.593732997e-02 2.717170790e-02
 2.854575270e-02 3.006162118e-02 3.172308561e-02 3.353550438e-02 3.550569688e-02
 3.764165059e-02 3.995220274e-02 4.244679673e-02 4.513558480e-02 4.803069505e-02
 5.115241286e-02 5.454952986e-02 5.825887818e-02 6.228504939e-02 6.665591582e-02
 7.136489405e-02 7.567390688e-02 7.873786318e-02 8.043588736e-02 8.062140299e-02
 7.984680475e-02 7.900011197e-02 7.815269454e-02 7.736461289e-02 7.662773586e-02
 7.592326106e-02 7.523293856e-02 7.454254121e-02 7.384222280e-02 7.312591696e-02
 7.239054697e-02 7.163531519e-02 7.086117113e-02 7.007061007e-02 6.927341804e-02
 3.141174354e-03 7.127505762e-03 1.274355097e-02 2.001600880e-02 2.845531250e-02
 3.287621273e-02 3.195198053e-02 3.056991565e-02 2.937092623e-02 2.821909861e-02
 2.711097771e-02 2.603838466e-02 2.500099413e-02 2.400362905e-02 2.305420659e-02
 2.216250864e-02 2.133946965e-02 2.059910642e-02 1.995712927e-02 1.942868760e-02
 1.902801669e-02 1.876814879e-02 1.866068084e-02 1.871561483e-02 1.894131721e-02
 1.934459681e-02 1.993048232e-02 2.070199950e-02 2.165981703e-02 2.280155838e-02
 2.412886927e-02 2.564259017e-02 2.734224243e-02 2.922676818e-02 3.129518281e-02
 3.354589015e-02 3.597623024e-02 3.858176262e-02 4.135491048e-02 4.428207139e-02
 4.733507565e-02 5.054345618e-02 5.406915133e-02 5.769650066e-02 6.132726255e-02
 6.482059426e-02 6.799699481e-02 7.068443898e-02 7.277871608e-02 7.427335162e-02
 7.525635672e-02 7.586030903e-02 7.620161971e-02 7.635853953e-02 7.637746725e-02
 7.628452299e-02 7.609447569e-02 7.581644152e-02 7.545714471e-02 7.502261289e-02
 7.451895064e-02 7.395260315e-02 7.333034774e-02 7.265894993e-02 7.193382056e-02
 3.217138855e-03 7.299511240e-03 1.304887624e-02 2.048682681e-02 2.910904494e-02
 3.369721603e-02 3.288058278e-02 3.152186186e-02 3.020425368e-02 2.888343011e-02
 2.756158494e-02 2.624465287e-02 2.493865643e-02 2.365073523e-02 2.238946940e-02
 2.116486727e-02 1.999159616e-02 1.888838505e-02 1.787463374e-02 1.697000662e-02
 1.619403638e-02 1.556573667e-02 1.510322785e-02 1.482338126e-02 1.474148590e-02
 1.487092872e-02 1.522286628e-02 1.580591244e-02 1.662587266e-02 1.768558994e-02
 1.898507961e-02 2.052065549e-02 2.228373659e-02 2.426350223e-02 2.645479961e-02
 2.884861493e-02 3.143384798e-02 3.419736445e-02 3.712332348e-02 4.019275549e-02
 4.338308553e-02 4.666307566e-02 4.995423062e-02 5.345339152e-02 5.695033703e-02
 6.027694640e-02 6.337842725e-02 6.619095490e-02 6.866687346e-02 7.078484845e-02
 7.255034864e-02 7.398822021e-02 7.513211156e-02 7.601592629e-02 7.666949823e-02
 7.711769794e-02 7.738126651e-02 7.747810204e-02 7.742436762e-02 7.723522452e-02
 7.692520850e-02 7.650834342e-02 7.599809782e-02 7.540744262e-02 7.475653232e-02
 3.255330766e-03 7.383314952e-03 1.319082047e-02 2.069222049e-02 2.940145336e-02
 3.408680501e-02 3.318077350e-02 3.179814103e-02 3.039493101e-02 2.893283063e-02
 2.742399037e-02 2.587962617e-02 2.431017767e-02 2.272600385e-02 2.113794291e-02
 1.956124965e-02 1.801736942e-02 1.652921293e-02 1.512088533e-02 1.381734250e-02
 1.264398385e-02 1.162619515e-02 1.078885210e-02 1.015579635e-02 9.749295569e-03
 9.589499239e-03 9.693901607e-03 1.007682931e-02 1.074897031e-02 1.171695621e-02
 1.298298858e-02 1.454445186e-02 1.639360934e-02 1.851756754e-02 2.089801190e-02
 2.350902426e-02 2.633085020e-02 2.934552203e-02 3.253189858e-02 3.586646967e-02
 3.932307243e-02 4.287292567e-02 4.648470107e-02 5.012058633e-02 5.372882154e-02
 5.724776643e-02 6.061754796e-02 6.378556903e-02 6.670865774e-02 6.935470636e-02
 7.170327062e-02 7.374475694e-02 7.547860427e-02 7.691119444e-02 7.805405436e-02
 7.892253708e-02 7.953488202e-02 7.991146427e-02 8.007409070e-02 8.004529165e-02
 7.984762645e-02 7.950305164e-02 7.903239623e-02 7.845488773e-02 7.778507965e-02
 3.264915555e-03 7.402485594e-03 1.321851333e-02 2.072218966e-02 2.938674578e-02
 3.396607346e-02 3.311718327e-02 3.167242178e-02 3.014609925e-02 2.852127657e-02
 2.681055229e-02 2.502540827e-02 2.317707312e-02 2.127688523e-02 1.933963242e-02
 1.738878164e-02 1.544991930e-02 1.355063791e-02 1.172031361e-02 9.989770295e-03
 8.390838906e-03 6.955821448e-03 5.716872551e-03 4.705314845e-03 3.950907836e-03
 3.481092881e-03 3.320239343e-03 3.488917783e-03 4.003225109e-03 4.874182649e-03
 6.107222675e-03 7.701770259e-03 9.650935845e-03 1.194131874e-02 1.455287650e-02
 1.745886242e-02 2.062621258e-02 2.401371348e-02 2.759090173e-02 3.133185412e-02
 3.520837911e-02 3.918931954e-02 4.323969461e-02 4.731983745e-02 5.138504379e-02
 5.538635709e-02 5.927239891e-02 6.299159572e-02 6.649438220e-02 6.973531991e-02
 7.267512826e-02 7.528254553e-02 7.753586842e-02 7.942397912e-02 8.094667028e-02
 8.211414244e-02 8.294567898e-02 8.346766408e-02 8.371123709e-02 8.370992321e-02
 8.349753444e-02 8.310652634e-02 8.256687276e-02 8.190537672e-02 8.114466600e-02
 3.255148035e-03 7.378519649e-03 1.317119226e-02 2.063915900e-02 2.927305754e-02
 3.383072101e-02 3.282349923e-02 3.126914554e-02 2.958354476e-02 2.776610906e-02
 2.582630802e-02 2.377406327e-02 2.161958294e-02 1.937467766e-02 1.706313142e-02
 1.471163946e-02 1.234978538e-02 1.000992894e-02 7.726970638e-03 5.537984297e-03
 3.481713904e-03 1.597938379e-03-7.328430611e-05-1.492474845e-03-2.621666152e-03
-3.425380582e-03-3.871614096e-03-3.932788273e-03-3.586631596e-03-2.816954947e-03
-1.614292855e-03 2.361018337e-05 2.091478224e-03 4.576345714e-03 7.457547682e-03
 1.070683485e-02 1.428858307e-02 1.816000321e-02 2.227169212e-02 2.656995809e-02
 3.102831831e-02 3.561734086e-02 4.030421918e-02 4.505171878e-02 4.981724092e-02
 5.455210625e-02 5.920121994e-02 6.370333659e-02 6.799224437e-02 7.199924003e-02
 7.565712554e-02 7.890554672e-02 8.169690934e-02 8.400162144e-02 8.581132229e-02
 8.713918847e-02 8.801721028e-02 8.849118071e-02 8.861468554e-02 8.844342308e-02
 8.803077714e-02 8.742498707e-02 8.666778705e-02 8.579429715e-02 8.484067819e-02
 3.232838747e-03 7.326681920e-03 1.307554591e-02 2.048314255e-02 2.903134741e-02
 3.347399941e-02 3.235719502e-02 3.066658114e-02 2.879535612e-02 2.675777050e-02
 2.456117182e-02 2.221317381e-02 1.972191859e-02 1.710756066e-02 1.439605218e-02
 1.161707876e-02 8.804094258e-03 5.994228045e-03 3.228046356e-03 5.491503293e-04
-1.996398350e-03-4.360824198e-03-6.495546646e-03-8.352229201e-03-9.883936611e-03
-1.104635782e-02-1.179904485e-02-1.210661322e-02-1.193984906e-02-1.127667172e-02
-1.010290875e-02-8.412852159e-03-6.209579544e-03-3.505040807e-03-3.199284133e-04
 3.316634948e-03 7.367542811e-03 1.178821927e-02 1.652713010e-02 2.152618432e-02
 2.672054129e-02 3.208523446e-02 3.759505387e-02 4.322012480e-02 4.892364255e-02
 5.465901575e-02 6.036651818e-02 6.596993556e-02 7.137436266e-02 7.646713525e-02
 8.112423984e-02 8.522339331e-02 8.866198163e-02 9.137482660e-02 9.334580003e-02
 9.460926796e-02 9.524094399e-02 9.534151579e-02 9.501881180e-02 9.437378506e-02
 9.349264182e-02 9.244443299e-02 9.128206960e-02 9.004466678e-02 8.874871189e-02
 3.202740412e-03 7.257525521e-03 1.294986102e-02 2.028177228e-02 2.871877165e-02
 3.300766782e-02 3.181198387e-02 2.993131853e-02 2.785325361e-02 2.557393766e-02
 2.309757981e-02 2.042882193e-02 1.758051736e-02 1.457601086e-02 1.144308439e-02
 8.214164548e-03 4.926413152e-03 1.621672340e-03-1.653766373e-03-4.849592603e-03
-7.912122492e-03-1.078516304e-02-1.341108595e-02-1.573208674e-02-1.769158963e-02
-1.923574492e-02-2.031495397e-02-2.088534977e-02-2.091015895e-02-2.036087490e-02
-1.921818158e-02-1.747258271e-02-1.512471065e-02-1.218531121e-02-8.674923364e-03
-4.623294902e-03-6.859462917e-05 4.943502366e-03 1.036076680e-02 1.612529131e-02
 2.217416436e-02 2.844428238e-02 3.492621625e-02 4.160840294e-02 4.847399285e-02
 5.549576784e-02 6.262813290e-02 6.979505117e-02 7.687376382e-02 8.367826142e-02
 8.995564101e-02 9.541513379e-02 9.979279606e-02 1.029217900e-01 1.047752978e-01
 1.054705750e-01 1.052322244e-01 1.043246087e-01 1.029865475e-01 1.013990014e-01
 9.968456847e-02 9.792067705e-02 9.615380849e-02 9.441064802e-02 9.271253007e-02
 3.168304812e-03 7.178697665e-03 1.280732962e-02 2.005500002e-02 2.842164201e-02
 3.265611240e-02 3.117229578e-02 2.912069944e-02 2.682313536e-02 2.428837496e-02
 2.151784772e-02 1.851467654e-02 1.529790447e-02 1.189155087e-02 8.324950805e-03
 4.633033988e-03 8.564860590e-04-2.958255002e-03-6.759208116e-03-1.048929770e-02
-1.408706479e-02-1.748764993e-02-2.062404032e-02-2.342855426e-02-2.583451638e-02
-2.777805803e-02-2.919996132e-02-3.004745486e-02-3.027586482e-02-2.985002871e-02
-2.874539100e-02-2.694871809e-02-2.445839447e-02-2.128428920e-02-1.744720962e-02
-1.297798440e-02-7.916239370e-03-2.308945196e-03 3.791173391e-03 1.032727144e-02
 1.723995548e-02 2.446863384e-02 3.198214534e-02 3.980171111e-02 4.795330487e-02
 5.646570520e-02 6.536501754e-02 7.466103588e-02 8.431370322e-02 9.414844259e-02
 1.036699366e-01 1.119553186e-01 1.181104588e-01 1.216674116e-01 1.225733971e-01
 1.212297152e-01 1.184838293e-01 1.152230273e-01 1.119364401e-01 1.088113022e-01
 1.059033040e-01 1.032155974e-01 1.007311910e-01 9.842667731e-02 9.627825803e-02
 3.132297843e-03 7.096379809e-03 1.265877164e-02 1.981892302e-02 2.804050103e-02
 3.206859686e-02 3.054153473e-02 2.828723168e-02 2.576589162e-02 2.297189635e-02
 1.990272188e-02 1.656666957e-02 1.298293542e-02 9.176229840e-03 5.177317229e-03
 1.023442814e-03-3.241392098e-03-7.566352408e-03-1.189393551e-02-1.616042270e-02
-2.029664631e-02-2.422908737e-02-2.788129869e-02-3.117562434e-02-3.403516178e-02
-3.638588817e-02-3.815885208e-02-3.929231625e-02-3.973373156e-02-3.944142472e-02
-3.838589629e-02-3.655064795e-02-3.393248711e-02-3.054129056e-02-2.639924151e-02
-2.153958312e-02-1.600495239e-02-9.845367455e-03-3.115936221e-03 4.125666912e-03
 1.182195288e-02 1.991867450e-02 2.836838639e-02 3.720434595e-02 4.650162495e-02
 5.636388479e-02 6.693593595e-02 7.842415877e-02 9.113374299e-02 1.055574814e-01
 1.227339909e-01 1.376817352e-01 1.474120314e-01 1.513159206e-01 1.492025128e-01
 1.420590115e-01 1.324869722e-01 1.252747211e-01 1.195056494e-01 1.147433252e-01
 1.107174486e-01 1.072443723e-01 1.041940911e-01 1.014721615e-01 9.900484750e-02
 3.097130359e-03 7.016014575e-03 1.251384596e-02 1.958898745e-02 2.771096905e-02
 3.162702115e-02 2.991937842e-02 2.747823899e-02 2.474092721e-02 2.169686559e-02
 1.834080701e-02 1.468592215e-02 1.075099735e-02 6.561056460e-03 2.147970481e-03
-2.449019040e-03-7.182928004e-03-1.199887265e-02-1.683418751e-02-2.161887162e-02
-2.627640346e-02-3.072494718e-02-3.487894836e-02-3.865108959e-02-4.195454529e-02
-4.470544522e-02-4.682542970e-02-4.824416060e-02-4.890164293e-02-4.875021508e-02
-4.775608125e-02-4.590028683e-02-4.317907332e-02-3.960359007e-02-3.519898082e-02
-3.000289803e-02-2.406352346e-02-1.743718427e-02-1.018564753e-02-2.373148748e-03
 5.936842082e-03 1.468519400e-02 2.382123266e-02 3.333145634e-02 4.330381955e-02
 5.386234652e-02 6.518517034e-02 7.753530310e-02 9.131404005e-02 1.071540549e-01
 1.264931209e-01 1.417816223e-01 1.562877227e-01 1.585436389e-01 1.555383820e-01
 1.472554492e-01 1.362251001e-01 1.281303367e-01 1.218224420e-01 1.167402255e-01
 1.125222651e-01 1.089307464e-01 1.058045089e-01 1.030313654e-01 1.005394018e-01
 3.064963478e-03 6.942508304e-03 1.238131908e-02 1.937880870e-02 2.742187417e-02
 3.125377298e-02 2.933177157e-02 2.673869554e-02 2.380402137e-02 2.053020754e-02
 1.691516609e-02 1.297161077e-02 8.718139507e-03 4.180065497e-03-6.098139410e-04
-5.610557825e-03-1.077259381e-02-1.603747044e-02-2.133791783e-02-2.659827932e-02
-3.173536418e-02-3.665975094e-02-4.127754422e-02-4.549255482e-02-4.920883711e-02
-5.233348173e-02-5.477952980e-02-5.646885171e-02-5.733482159e-02-5.732462182e-02
-5.640102983e-02-5.454357199e-02-5.174897257e-02-4.803087566e-02-4.341886812e-02
-3.795687708e-02-3.170105067e-02-2.471725137e-02-1.707829745e-02-8.861077457e-03
-1.436404254e-04 8.997666878e-03 1.849097366e-02 2.827154834e-02 3.835574945e-02
 4.881164819e-02 5.972167782e-02 7.118137212e-02 8.328809008e-02 9.608877292e-02
 1.092058674e-01 1.205293630e-01 1.292305167e-01 1.340886593e-01 1.346617924e-01
 1.315925236e-01 1.266942963e-01 1.220239483e-01 1.178802644e-01 1.142261969e-01
 1.109850798e-01 1.080814909e-01 1.054506628e-01 1.030396256e-01 1.007954104e-01
 3.037703724e-03 6.880210925e-03 1.226900620e-02 1.920052497e-02 2.713204537e-02
 3.079906734e-02 2.886875639e-02 2.611279258e-02 2.301009678e-02 1.954150755e-02
 1.570734239e-02 1.151957481e-02 6.996443733e-03 2.163361543e-03-2.946214244e-03
-8.290015841e-03-1.381637946e-02-1.946391669e-02-2.516152117e-02-3.082878304e-02
-3.637687035e-02-4.170991439e-02-4.672690639e-02-5.132407592e-02-5.539768043e-02
-5.884709465e-02-6.157805119e-02-6.350585700e-02-6.455839581e-02-6.467872988e-02
-6.382713520e-02-6.198244121e-02-5.914259738e-02-5.532444727e-02-5.056275114e-02
-4.490855391e-02-3.842704018e-02-3.119505049e-02-2.329844982e-02-1.482954586e-02
-5.884754652e-03 3.437282725e-03 1.303690063e-02 2.281361579e-02 3.267679046e-02
 4.262597169e-02 5.264354410e-02 6.267855751e-02 7.261948408e-02 8.225466512e-02
 9.124054012e-02 9.913602618e-02 1.055182529e-01 1.100966756e-01 1.128037238e-01
 1.138377831e-01 1.136035238e-01 1.125555923e-01 1.110530861e-01 1.093237097e-01
 1.074968449e-01 1.056422441e-01 1.037961080e-01 1.019764259e-01 1.001970249e-01
 3.016945206e-03 6.832767516e-03 1.218347336e-02 1.906498064e-02 2.696252895e-02
 3.061789128e-02 2.848817867e-02 2.563556355e-02 2.240562918e-02 1.878871298e-02
 1.478768140e-02 1.041389740e-02 5.685249170e-03 6.271457235e-04-4.726528240e-03
-1.033256436e-02-1.613776772e-02-2.207856367e-02-2.808096023e-02-3.406094675e-02
-3.992539546e-02-4.557350942e-02-5.089882816e-02-5.579176232e-02-6.014258358e-02
-6.384475128e-02-6.679841585e-02-6.891390879e-02-7.011501300e-02-7.034181020e-02
-6.955292470e-02-6.772702460e-02-6.486349797e-02-6.098228727e-02-5.612293346e-02
-5.034294396e-02-4.371565031e-02-3.632775824e-02-2.827681277e-02-1.966880684e-02
-1.061615755e-02-1.236266342e-03 8.349123165e-03 1.801354867e-02 2.762418679e-02
 3.710675827e-02 4.641275490e-02 5.546724360e-02 6.416333594e-02 7.236024638e-02
 7.988996402e-02 8.657643649e-02 9.226537453e-02 9.685618693e-02 1.003252852e-01
 1.027317804e-01 1.042020709e-01 1.048991034e-01 1.049896913e-01 1.046219313e-01
 1.039159681e-01 1.029642059e-01 1.018357453e-01 1.005816802e-01 9.924241133e-02
 3.003896533e-03 6.802941516e-03 1.212969737e-02 1.897961707e-02 2.681798896e-02
 3.038658949e-02 2.826209169e-02 2.533623694e-02 2.202629594e-02 1.831645228e-02
 1.421086743e-02 9.720487498e-03 4.862954550e-03-3.363514206e-04-5.843305093e-03
-1.161413461e-02-1.759470872e-02-2.372010144e-02-2.991452522e-02-3.609171837e-02
-4.215585857e-02-4.800305014e-02-5.352339904e-02-5.860364773e-02-6.313029437e-02
-6.699307301e-02-7.008862774e-02-7.232418114e-02-7.362097990e-02-7.391730379e-02
-7.317084754e-02-7.136032995e-02-6.848624435e-02-6.457073503e-02-5.965665625e-02
-5.380593721e-02-4.709743001e-02-3.962445373e-02-3.149226405e-02-2.281567316e-02
-1.371702204e-02-4.324667178e-03 5.227911333e-03 1.480234747e-02 2.425504226e-02
 3.346620678e-02 4.238684424e-02 5.095165341e-02 5.908014781e-02 6.668021518e-02
 7.365482676e-02 7.991182075e-02 8.537546726e-02 8.999740249e-02 9.376413123e-02
 9.669896703e-02 9.885787114e-02 1.003205639e-01 1.011796158e-01 1.015303230e-01
 1.014631669e-01 1.010593224e-01 1.003887387e-01 9.950982927e-02 9.846340513e-02
 2.999323556e-03 6.792483719e-03 1.211082623e-02 1.894960190e-02 2.676738852e-02
 3.030290277e-02 2.818680080e-02 2.523182561e-02 2.189461988e-02 1.815310948e-02
 1.401181937e-02 9.481580189e-03 4.579966325e-03-6.676425861e-04-6.227032900e-03
-1.205423571e-02-1.809479589e-02-2.428332174e-02-3.054340770e-02-3.678801782e-02
-4.292040326e-02-4.883560307e-02-5.442254320e-02-5.956670600e-02-6.415329411e-02
-6.807076378e-02-7.121455804e-02-7.349083659e-02-7.481998184e-02-7.513966303e-02
-7.440726512e-02-7.260153381e-02-6.972334983e-02-6.579561730e-02-6.086232412e-02
-5.498690052e-02-4.825005544e-02-4.074730628e-02-3.258643084e-02-2.388506150e-02
-1.476861063e-02-5.368664359e-03 4.178090946e-03 1.373044145e-02 2.314287338e-02
 3.228180031e-02 4.110012776e-02 4.953751877e-02 5.752255984e-02 6.497674084e-02
 7.182036763e-02 7.798002577e-02 8.339662130e-02 8.803257194e-02 9.187664763e-02
 9.494537910e-02 9.728076929e-02 9.894496556e-02 1.000132219e-01 1.005666629e-01
 1.006860625e-01 1.004472933e-01 9.991855827e-02 9.915933502e-02 9.822826158e-02
 3.003510209e-03 6.802052232e-03 1.212807208e-02 1.897705938e-02 2.684198395e-02
 3.046269940e-02 2.823954221e-02 2.532872612e-02 2.201894532e-02 1.830880491e-02
 1.420278697e-02 9.711894953e-03 4.853810863e-03-3.460524690e-04-5.853540307e-03
-1.162485288e-02-1.760583159e-02-2.373152330e-02-2.992611351e-02-3.610331410e-02
-4.216727722e-02-4.801408316e-02-5.353381586e-02-5.861319817e-02-6.313871126e-02
-6.700007462e-02-7.009391944e-02-7.232745559e-02-7.362191506e-02-7.391555752e-02
-7.316604796e-02-7.135206005e-02-6.847401972e-02-6.455397313e-02-5.963463577e-02
-5.377774596e-02-4.706189986e-02-3.958008179e-02-3.143712009e-02-2.274729572e-02
-1.363230997e-02-4.219780943e-03 5.357611218e-03 1.496227763e-02 2.445120945e-02
 3.370701522e-02 4.268054900e-02 5.130530471e-02 5.949810440e-02 6.716241769e-02
 7.419527456e-02 8.049786410e-02 8.598844231e-02 9.061475058e-02 9.436259861e-02
 9.725802297e-02 9.936235630e-02 1.007618990e-01 1.015555088e-01 1.018434488e-01
 1.017194770e-01 1.012665061e-01 1.005550973e-01 9.964360608e-02 9.857179365e-02
 3.016217842e-03 6.831105729e-03 1.218047336e-02 1.906009366e-02 2.692718295e-02
 3.051869265e-02 2.848795635e-02 2.562298373e-02 2.239199251e-02 1.877411090e-02
 1.477201034e-02 1.039708882e-02 5.667279821e-03 6.080393612e-04-4.746699756e-03
-1.035368011e-02-1.615965698e-02-2.210100547e-02-2.810368370e-02-3.408363237e-02
-3.994767745e-02-4.559497943e-02-5.091904023e-02-5.581023877e-02-6.015882154e-02
-6.385822900e-02-6.680859784e-02-6.892024850e-02-7.011695150e-02-7.033876898e-02
-6.954429057e-02-6.771212447e-02-6.484156075e-02-6.095239027e-02-5.608392988e-02
-5.029336776e-02-4.365359424e-02-3.625072015e-02-2.818150504e-02-1.955092436e-02
-1.047010161e-02-1.054827621e-03 8.575108130e-03 1.829552942e-02 2.797615084e-02
 3.754848459e-02 4.696603514e-02 5.615406521e-02 6.500213473e-02 7.335999660e-02
 8.104324864e-02 8.785446987e-02 9.361823953e-02 9.821954886e-02 1.016322493e-01
 1.039261823e-01 1.052480512e-01 1.057833376e-01 1.057169769e-01 1.052080893e-01
 1.043815859e-01 1.033305321e-01 1.021225182e-01 1.008062533e-01 9.942028051e-02
 3.036682365e-03 6.877890138e-03 1.226484986e-02 1.919407600e-02 2.713883347e-02
 3.084312321e-02 2.884326301e-02 2.609479708e-02 2.299087562e-02 1.952056412e-02
 1.568459739e-02 1.149500227e-02 6.970071476e-03 2.135276452e-03-2.975862142e-03
-8.321010435e-03-1.384843678e-02-1.949668445e-02-2.519457986e-02-3.086164892e-02
-3.640900046e-02-4.174071384e-02-4.675573777e-02-5.135027051e-02-5.542055075e-02
-5.886594708e-02-6.159219775e-02-6.351462422e-02-6.456112892e-02-6.467478998e-02
-6.381588670e-02-6.196322677e-02-5.911469711e-02-5.528701844e-02-5.051474407e-02
-4.484859833e-02-3.835329513e-02-3.110500769e-02-2.318867760e-02-1.469535543e-02
-5.719764476e-03 3.641716099e-03 1.329242345e-02 2.313583139e-02 3.309012562e-02
 4.316295471e-02 5.334696817e-02 6.360299510e-02 7.382938296e-02 8.381159613e-02
 9.317054342e-02 1.013932211e-01 1.079810790e-01 1.125872521e-01 1.151274734e-01
 1.158427743e-01 1.152277846e-01 1.138210190e-01 1.120197943e-01 1.100554721e-01
 1.080483779e-01 1.060572194e-01 1.041084772e-01 1.022123333e-01 1.003754194e-01
 3.063670636e-03 6.939580758e-03 1.237610123e-02 1.937062964e-02 2.740273091e-02
 3.121679515e-02 2.932073716e-02 2.671662139e-02 2.377953794e-02 2.050320702e-02
 1.688561886e-02 1.293954619e-02 8.683657628e-03 4.143342410e-03-6.485222033e-04
-5.650912797e-03-1.081417368e-02-1.607977110e-02-2.138035622e-02-2.664019956e-02
-3.177604668e-02-3.669842479e-02-4.131340274e-02-4.552477398e-02-4.923659611e-02
-5.235598468e-02-5.479602715e-02-5.647865949e-02-5.733733650e-02-5.731932972e-02
-5.638750513e-02-5.452146530e-02-5.171798363e-02-4.799070835e-02-4.336916387e-02
-3.789712164e-02-3.163044747e-02-2.463455150e-02-1.698157074e-02-8.747400014e-03
-8.658570600e-06 9.160362414e-03 1.869077568e-02 2.852224224e-02 3.868032231e-02
 4.924420698e-02 6.031420424e-02 7.201593703e-02 8.450146470e-02 9.793412964e-02
 1.123305307e-01 1.244249187e-01 1.339488120e-01 1.389221226e-01 1.389280041e-01
 1.347299319e-01 1.285535202e-01 1.232488705e-01 1.187153785e-01 1.148055111e-01
 1.113908061e-01 1.083670341e-01 1.056521052e-01 1.031821468e-01 1.008987507e-01
 3.095557830e-03 7.012462684e-03 1.250753717e-02 1.957910075e-02 2.768721689e-02
 3.157132422e-02 2.989827401e-02 2.745156640e-02 2.471107080e-02 2.166371706e-02
 1.830436534e-02 1.464629033e-02 1.070837459e-02 6.515738864e-03 2.100352252e-03
-2.498445413e-03-7.233573382e-03-1.205005523e-02-1.688513977e-02-2.166875071e-02
-2.632430558e-02-3.076992603e-02-3.492003794e-02-3.868733077e-02-4.198501578e-02
-4.472929178e-02-4.684190126e-02-4.825264067e-02-4.890167941e-02-4.874154551e-02
-4.773865160e-02-4.587426201e-02-4.314483782e-02-3.956173752e-02-3.515029128e-02
-2.994830219e-02-2.400405272e-02-1.737390542e-02-1.011957961e-02-2.305158066e-03
 6.006175494e-03 1.475575509e-02 2.389362703e-02 3.340802351e-02 4.338893671e-02
 5.396358246e-02 6.531530729e-02 7.771584756e-02 9.158025842e-02 1.075552412e-01
 1.265336010e-01 1.430759930e-01 1.538736664e-01 1.582688485e-01 1.558028315e-01
 1.474333352e-01 1.365579834e-01 1.283212333e-01 1.219197973e-01 1.167785358e-01
 1.125235550e-01 1.089092223e-01 1.057697147e-01 1.029899950e-01 1.004958961e-01
 3.130402891e-03 7.092109305e-03 1.265120979e-02 1.980730655e-02 2.805626371e-02
 3.214495687e-02 3.049640959e-02 2.825502341e-02 2.573008428e-02 2.293207583e-02
 1.985879277e-02 1.651887189e-02 1.293161542e-02 9.121846917e-03 5.120444568e-03
 9.647651558e-04-3.301083129e-03-7.626165901e-03-1.195289233e-02-1.621747061e-02
-2.035067959e-02-2.427897148e-02-2.792589989e-02-3.121384421e-02-3.406597604e-02
-3.640838907e-02-3.817229300e-02-3.929615747e-02-3.972768543e-02-3.942549914e-02
-3.836043533e-02-3.651636880e-02-3.389051346e-02-3.049318327e-02-2.634702833e-02
-2.148579111e-02-1.595264860e-02-9.798216541e-03-3.078289331e-03 4.148631304e-03
 1.182400282e-02 1.989214450e-02 2.830351507e-02 3.708758960e-02 4.631423340e-02
 5.607857375e-02 6.651097107e-02 7.779240240e-02 9.018182303e-02 1.040927232e-01
 1.209684478e-01 1.363590093e-01 1.468551231e-01 1.489062490e-01 1.465991037e-01
 1.399722515e-01 1.308684627e-01 1.241584370e-01 1.186995330e-01 1.141373571e-01
 1.102469681e-01 1.068698262e-01 1.038904206e-01 1.012229930e-01 9.879818855e-02
 3.166000991e-03 7.173517578e-03 1.279818558e-02 2.004077113e-02 2.836896551e-02
 3.253210172e-02 3.115354712e-02 2.908275503e-02 2.678003855e-02 2.424039581e-02
 2.146500019e-02 1.845732124e-02 1.523656274e-02 1.182688463e-02 8.257754070e-03
 4.564224641e-03 7.870960105e-04-3.027091787e-03-6.826270770e-03-1.055329766e-02
-1.414666974e-02-1.754151312e-02-2.067083531e-02-2.346701519e-02-2.586348336e-02
-2.779652689e-02-2.920713703e-02-3.004280749e-02-3.025918711e-02-2.982149465e-02
-2.870561477e-02-2.689881373e-02-2.440003697e-02-2.121977900e-02-1.737954330e-02
-1.291093649e-02-7.854462318e-03-2.258097899e-03 3.824253971e-03 1.033432923e-02
 1.721096358e-02 2.439132204e-02 3.184021392e-02 3.957395589e-02 4.761161710e-02
 5.597204504e-02 6.466689971e-02 7.368508698e-02 8.295822881e-02 9.228563197e-02
 1.012057389e-01 1.089627204e-01 1.148115292e-01 1.183345337e-01 1.194869936e-01
 1.186198777e-01 1.164319365e-01 1.136469258e-01 1.107192095e-01 1.078589723e-01
 1.051480124e-01 1.026092062e-01 1.002394393e-01 9.802497993e-02 9.594990085e-02
 3.199878410e-03 7.251108538e-03 1.293857597e-02 2.026445119e-02 2.869939653e-02
 3.299499691e-02 3.176500291e-02 2.988433221e-02 2.780052318e-02 2.551542724e-02
 2.303354997e-02 2.035959981e-02 1.750688318e-02 1.449890013e-02 1.136357198e-02
 8.133449913e-03 4.845807543e-03 1.542584406e-03-1.729847667e-03-4.921118920e-03
-7.977511802e-03-1.084283064e-02-1.345948116e-02-1.576973517e-02-1.771714092e-02
-1.924802529e-02-2.031302306e-02-2.086856114e-02-2.087822375e-02-2.031392851e-02
-1.915685339e-02-1.739806982e-02-1.503885665e-02-1.209069179e-02-8.574940890e-03
-4.522284111e-03 2.805883524e-05 5.029226648e-03 1.042764234e-02 1.616386275e-02
 2.217322803e-02 2.839046799e-02 3.480310323e-02 4.139610382e-02 4.814863261e-02
 5.502913040e-02 6.198789096e-02 6.894648258e-02 7.578454819e-02 8.232812622e-02
 8.835010821e-02 9.359649283e-02 9.783922792e-02 1.009337731e-01 1.028555298e-01
 1.037033098e-01 1.036683904e-01 1.029794871e-01 1.018494866e-01 1.004464468e-01
 9.888954326e-02 9.725770156e-02 9.560079426e-02 9.394922498e-02 9.232668770e-02
 3.229163240e-03 7.318474307e-03 1.306119548e-02 2.046128433e-02 2.901858094e-02
 3.348572376e-02 3.230746522e-02 3.060742732e-02 2.872895642e-02 2.668465887e-02
 2.448193073e-02 2.212845873e-02 1.963245470e-02 1.701465907e-02 1.430112892e-02
 1.152165402e-02 8.709782664e-03 5.902727050e-03 3.141121249e-03 4.686152344e-04
-2.068704254e-03-4.423065745e-03-6.545927210e-03-8.389030568e-03-9.905563855e-03
-1.105138869e-02-1.178628321e-02-1.207514618e-02-1.188910787e-02-1.120649668e-02
-1.001361946e-02-8.305324500e-03-6.085331645e-03-3.366330061e-03-1.698609564e-04
 3.473982177e-03 7.526988235e-03 1.194334489e-02 1.667019458e-02 2.164807956e-02
 2.681035448e-02 3.213099211e-02 3.758269628e-02 4.313373421e-02 4.874591412e-02
 5.437205667e-02 5.995313656e-02 6.541560231e-02 7.066993148e-02 7.561207199e-02
 8.012955200e-02 8.411299186e-02 8.747138229e-02 9.014702831e-02 9.212530200e-02
 9.343588627e-02 9.414515578e-02 9.434245772e-02 9.412495671e-02 9.358533368e-02
 9.280439461e-02 9.184828572e-02 9.076880959e-02 8.960511599e-02 8.837551237e-02
 3.250208517e-03 7.367534560e-03 1.315210298e-02 2.061016259e-02 2.921133778e-02
 3.370544348e-02 3.276116660e-02 3.119129397e-02 2.949735066e-02 2.767234339e-02
 2.572593636e-02 2.366812816e-02 2.150910627e-02 1.926127498e-02 1.694854021e-02
 1.459768099e-02 1.223835490e-02 9.902985767e-03 7.626527568e-03 5.446093522e-03
 3.400448120e-03 1.529366725e-03-1.271253332e-04-1.529614954e-03-2.640238552e-03
-3.423662276e-03-3.848068490e-03-3.886109845e-03-3.515792896e-03-2.721257025e-03
-1.493420748e-03 1.695228967e-04 2.261771387e-03 4.769733621e-03 7.671990895e-03
 1.093938010e-02 1.453517638e-02 1.841524767e-02 2.252857122e-02 2.682174597e-02
 3.126591206e-02 3.582954826e-02 4.047799069e-02 4.517279931e-02 4.987112919e-02
 5.452518868e-02 5.908194912e-02 6.348339312e-02 6.766764789e-02 7.157130861e-02
 7.513307307e-02 7.829845601e-02 8.102489791e-02 8.328621992e-02 8.507532732e-02
 8.640442265e-02 8.730264557e-02 8.781175105e-02 8.798088800e-02 8.786158752e-02
 8.750375755e-02 8.695301671e-02 8.624930542e-02 8.542664500e-02 8.452044210e-02
 3.257944908e-03 7.387018476e-03 1.319173596e-02 2.068200144e-02 2.935488549e-02
 3.397344692e-02 3.302052784e-02 3.156708526e-02 3.003154387e-02 2.839829774e-02
 2.668094643e-02 2.489091919e-02 2.303931630e-02 2.113731333e-02 1.920030879e-02
 1.725179026e-02 1.531736871e-02 1.342467309e-02 1.160311940e-02 9.883567019e-03
 8.297870385e-03 6.878336708e-03 5.657102761e-03 4.665447239e-03 3.933058328e-03
 3.487279105e-03 3.352355068e-03 3.548709643e-03 4.092271841e-03 4.993876198e-03
 6.258747294e-03 7.886077580e-03 9.868708177e-03 1.219291047e-02 1.483820461e-02
 1.777725830e-02 2.097622347e-02 2.439227963e-02 2.799608641e-02 3.175911613e-02
 3.564985965e-02 3.963318781e-02 4.367028875e-02 4.771913349e-02 5.173520802e-02
 5.567211720e-02 5.948223106e-02 6.311789899e-02 6.653333928e-02 6.968682947e-02
 7.254278483e-02 7.507348086e-02 7.726030412e-02 7.909445944e-02 8.057706119e-02
 8.171855499e-02 8.253748696e-02 8.305874804e-02 8.331152111e-02 8.332720240e-02
 8.313754014e-02 8.277315161e-02 8.226248030e-02 8.163110835e-02 8.089958326e-02
 3.245136310e-03 7.360647951e-03 1.315152032e-02 2.063305476e-02 2.930007781e-02
 3.392345275e-02 3.306063876e-02 3.165734873e-02 3.023812598e-02 2.876769204e-02
 2.725364507e-02 2.570671753e-02 2.413684676e-02 2.255396194e-02 2.096858435e-02
 1.939669303e-02 1.785974058e-02 1.638067830e-02 1.498366830e-02 1.369372204e-02
 1.253628191e-02 1.153675699e-02 1.072002353e-02 1.010990106e-02 9.728615522e-03
 9.596260494e-03 9.730268049e-03 1.014490540e-02 1.085081445e-02 1.185460564e-02
 1.315850171e-02 1.475995406e-02 1.665136830e-02 1.882012143e-02 2.124793533e-02
 2.390859930e-02 2.678523463e-02 2.985951391e-02 3.310967300e-02 3.651016892e-02
 4.003039913e-02 4.363270833e-02 4.727044649e-02 5.089228535e-02 5.444967805e-02
 5.789699021e-02 6.118593742e-02 6.426828212e-02 6.710243807e-02 6.965786531e-02
 7.191651707e-02 7.387182711e-02 7.552628935e-02 7.688880563e-02 7.797257127e-02
 7.879369018e-02 7.937033672e-02 7.972218814e-02 7.986992619e-02 7.983472038e-02
 7.963769247e-02 7.929940328e-02 7.883940715e-02 7.827585099e-02 7.762386867e-02
 3.202234890e-03 7.265990525e-03 1.298990490e-02 2.039674290e-02 2.898053771e-02
 3.352270640e-02 3.269143077e-02 3.129213389e-02 2.998147070e-02 2.865674318e-02
 2.733557110e-02 2.602226435e-02 2.472162812e-02 2.344015462e-02 2.218613829e-02
 2.096950911e-02 1.980603446e-02 1.871460437e-02 1.771476445e-02 1.682629526e-02
 1.606880918e-02 1.546136224e-02 1.502208208e-02 1.476781746e-02 1.471381380e-02
 1.487341252e-02 1.525773468e-02 1.587538382e-02 1.673220092e-02 1.783114311e-02
 1.917244905e-02 2.075265781e-02 2.256338468e-02 2.459638558e-02 2.684757774e-02
 2.930961011e-02 3.197388413e-02 3.483019159e-02 3.786584845e-02 4.106408387e-02
 4.440045408e-02 4.785723011e-02 5.144008203e-02 5.481844417e-02 5.810203294e-02
 6.130863377e-02 6.431633492e-02 6.703898264e-02 6.941769527e-02 7.142854632e-02
 7.308090979e-02 7.440652292e-02 7.544538102e-02 7.623551220e-02 7.680870176e-02
 7.719022564e-02 7.740027269e-02 7.745565394e-02 7.737118777e-02 7.716060646e-02
 7.683703773e-02 7.641318091e-02 7.590129895e-02 7.531327034e-02 7.466736565e-02
 3.120934039e-03 7.080949314e-03 1.265878982e-02 1.988033604e-02 2.828849688e-02
 3.270564629e-02 3.163346013e-02 3.025311855e-02 2.904271146e-02 2.790823617e-02
 2.681794715e-02 2.576126010e-02 2.473789802e-02 2.375326387e-02 2.281589862e-02
 2.193612092e-02 2.112529997e-02 2.039896100e-02 1.977309924e-02 1.926303918e-02
 1.888311180e-02 1.864638111e-02 1.856442125e-02 1.864716199e-02 1.890284521e-02
 1.933818158e-02 1.995812750e-02 2.076565946e-02 2.176141742e-02 2.294299888e-02
 2.431314572e-02 2.587325828e-02 2.762377125e-02 2.956508927e-02 3.169814245e-02
 3.402397574e-02 3.654373078e-02 3.925871546e-02 4.217081652e-02 4.528416751e-02
 4.861216130e-02 5.211564618e-02 5.555043590e-02 5.907499291e-02 6.264858038e-02
 6.612966476e-02 6.930161662e-02 7.194958037e-02 7.394573524e-02 7.528479299e-02
 7.608399343e-02 7.651426575e-02 7.670641611e-02 7.673953269e-02 7.665778323e-02
 7.648416279e-02 7.623029384e-02 7.590249752e-02 7.550513946e-02 7.504228310e-02
 7.451838784e-02 7.393850165e-02 7.330819852e-02 7.263321123e-02 7.190849188e-02
 3.005283739e-03 6.812168635e-03 1.216023403e-02 1.905383793e-02 2.695883208e-02
 3.060493366e-02 2.877926843e-02 2.794834914e-02 2.722978217e-02 2.647022469e-02
 2.569730525e-02 2.493227009e-02 2.419321748e-02 2.349669230e-02 2.285810664e-02
 2.229184346e-02 2.181128251e-02 2.142883949e-02 2.115779868e-02 2.100950219e-02
 2.099320515e-02 2.111593784e-02 2.138236794e-02 2.179465417e-02 2.235222850e-02
 2.305545667e-02 2.390347374e-02 2.489472306e-02 2.602760272e-02 2.730123208e-02
 2.871654544e-02 3.027628340e-02 3.198504059e-02 3.384928539e-02 3.587726276e-02
 3.807877083e-02 4.046491586e-02 4.304788059e-02 4.584072755e-02 4.885684280e-02
 5.210662718e-02 5.558977484e-02 5.933020260e-02 6.338909851e-02 6.785341029e-02
 7.293809310e-02 7.769483949e-02 8.095438313e-02 8.247553736e-02 8.220251769e-02
 8.088099030e-02 7.973183057e-02 7.870041335e-02 7.777610415e-02 7.693865060e-02
 7.615825843e-02 7.540970311e-02 7.467434997e-02 7.393946518e-02 7.319698708e-02
 7.244236949e-02 7.167365241e-02 7.089078692e-02 7.009533123e-02 6.929623475e-02
 2.877118094e-03 6.516456769e-03 1.161794077e-02 1.817078581e-02 2.562532044e-02
 2.869021198e-02 2.628354092e-02 2.556039663e-02 2.519616926e-02 2.471936354e-02
 2.419501891e-02 2.366436313e-02 2.315983336e-02 2.270769102e-02 2.232964778e-02
 2.204379585e-02 2.186513911e-02 2.180590861e-02 2.187576815e-02 2.208158305e-02
 2.242725735e-02 2.291361999e-02 2.353841435e-02 2.429646658e-02 2.518014552e-02
 2.618028376e-02 2.728699909e-02 2.849083360e-02 2.978406855e-02 3.116202943e-02
 3.262417138e-02 3.417472351e-02 3.582284382e-02 3.758211286e-02 3.946954859e-02
 4.150518047e-02 4.371169374e-02 4.611295962e-02 4.873291222e-02 5.159591564e-02
 5.472983750e-02 5.817306585e-02 6.198539861e-02 6.626377584e-02 7.116553094e-02
 7.687574056e-02 8.201544718e-02 8.540248078e-02 8.705280711e-02 8.691566370e-02
 8.488067315e-02 8.208303795e-02 7.996449484e-02 7.828614463e-02 7.687144036e-02
 7.561977373e-02 7.447193459e-02 7.339217760e-02 7.235853041e-02 7.135733739e-02
 7.038007180e-02 6.942141049e-02 6.847801375e-02 6.754756165e-02 6.662794971e-02
 2.753860165e-03 6.238787596e-03 1.112765924e-02 1.741710070e-02 2.458986144e-02
 2.738686898e-02 2.464358502e-02 2.383623816e-02 2.338929496e-02 2.292521395e-02
 2.246301600e-02 2.203281083e-02 2.166373347e-02 2.138191230e-02 2.120968494e-02
 2.116537690e-02 2.126334600e-02 2.151410618e-02 2.192439709e-02 2.249710963e-02
 2.323107556e-02 2.412076734e-02 2.515600998e-02 2.632187035e-02 2.759894561e-02
 2.896428507e-02 3.039309407e-02 3.186125007e-02 3.334836283e-02 3.484080968e-02
 3.633405914e-02 3.783352503e-02 3.935443686e-02 4.092994267e-02 4.258771935e-02
 4.434748718e-02 4.626587316e-02 4.838130991e-02 5.073074750e-02 5.333977528e-02
 5.621333846e-02 5.937553670e-02 6.285357888e-02 6.667587639e-02 7.087559158e-02
 7.553181387e-02 7.971071195e-02 8.260370381e-02 8.417171853e-02 8.434482471e-02
 8.302125739e-02 8.094721777e-02 7.913484586e-02 7.748273956e-02 7.594673827e-02
 7.449840697e-02 7.312035324e-02 7.180195576e-02 7.053646433e-02 6.931922298e-02
 6.814665679e-02 6.701571678e-02 6.592357115e-02 6.486729612e-02 6.383820599e-02
 2.630702777e-03 5.965596975e-03 1.065499856e-02 1.670666141e-02 2.359106366e-02
 2.605829412e-02 2.318020871e-02 2.210727843e-02 2.149094613e-02 2.089739583e-02
 2.036028945e-02 1.991220945e-02 1.958346875e-02 1.940048286e-02 1.938481126e-02
 1.955295163e-02 1.991665021e-02 2.048338222e-02 2.125668130e-02 2.223609403e-02
 2.341665331e-02 2.478786126e-02 2.633227646e-02 2.802395404e-02 2.982723578e-02
 3.169671034e-02 3.357939573e-02 3.541999951e-02 3.716916458e-02 3.879294545e-02
 4.027740547e-02 4.163101974e-02 4.294221195e-02 4.420519087e-02 4.547738077e-02
 4.680732373e-02 4.828197622e-02 4.995484575e-02 5.187860725e-02 5.408704348e-02
 5.657526185e-02 5.934898767e-02 6.238753399e-02 6.562909101e-02 6.895623358e-02
 7.217985339e-02 7.504792967e-02 7.731029893e-02 7.879436319e-02 7.943653138e-02
 7.929507408e-02 7.853910073e-02 7.737659441e-02 7.597907669e-02 7.446362233e-02
 7.290549150e-02 7.135199221e-02 6.983200730e-02 6.836229551e-02 6.695170509e-02
 6.560399195e-02 6.431968725e-02 6.309732863e-02 6.193450712e-02 6.083845323e-02
 2.486150790e-03 5.648253355e-03 1.011290989e-02 1.590213347e-02 2.252913747e-02
 2.476083744e-02 2.146265553e-02 2.006905672e-02 1.915229227e-02 1.830403197e-02
 1.757403027e-02 1.700732186e-02 1.664265093e-02 1.650938417e-02 1.662682202e-02
 1.700577936e-02 1.765127480e-02 1.856505561e-02 1.974714551e-02 2.119614502e-02
 2.290829538e-02 2.487530415e-02 2.708076868e-02 2.949494287e-02 3.206789822e-02
 3.472234763e-02 3.734999412e-02 3.981844710e-02 4.199533327e-02 4.377921728e-02
 4.519843913e-02 4.626352582e-02 4.705232278e-02 4.768783771e-02 4.828278081e-02
 4.893435220e-02 4.972485608e-02 5.072781854e-02 5.201481270e-02 5.365649193e-02
 5.571204672e-02 5.820772595e-02 6.111435962e-02 6.433738548e-02 6.772092330e-02
 7.105621586e-02 7.409164723e-02 7.655804917e-02 7.822372877e-02 7.896606148e-02
 7.881470610e-02 7.793029985e-02 7.653289089e-02 7.483066719e-02 7.298346670e-02
 7.109874910e-02 6.924246664e-02 6.745212681e-02 6.574718331e-02 6.413611496e-02
 6.262090299e-02 6.119975595e-02 5.986873375e-02 5.862248733e-02 5.744236788e-02
 2.281065929e-03 5.202956613e-03 9.367361512e-03 1.483083271e-02 2.111579805e-02
 2.298753904e-02 1.934692354e-02 1.745181133e-02 1.598649096e-02 1.471722211e-02
 1.364284140e-02 1.284721267e-02 1.239124315e-02 1.230569151e-02 1.259313419e-02
 1.324018510e-02 1.423044319e-02 1.555252224e-02 1.720267433e-02 1.918416023e-02
 2.150533248e-02 2.417712987e-02 2.720931552e-02 3.060326762e-02 3.433696202e-02
 3.833512730e-02 4.241917718e-02 4.625565604e-02 4.938112685e-02 5.147262533e-02
 5.243758726e-02 5.248129079e-02 5.202052562e-02 5.140177958e-02 5.083229284e-02
 5.041274751e-02 5.018802669e-02 5.019075716e-02 5.048810213e-02 5.123964597e-02
 5.270474580e-02 5.509797977e-02 5.842574030e-02 6.248437166e-02 6.701203878e-02
 7.177710095e-02 7.646221801e-02 8.047353927e-02 8.299622729e-02 8.350275472e-02
 8.217846246e-02 7.975488139e-02 7.693449647e-02 7.410128968e-02 7.140777947e-02
 6.890047759e-02 6.658497247e-02 6.445265462e-02 6.249086134e-02 6.068650118e-02
 5.902717226e-02 5.750133926e-02 5.609821080e-02 5.480770695e-02 5.362667853e-02
 1.945911682e-03 4.465470851e-03 8.120512495e-03 1.305566053e-02 1.894173497e-02
 2.077617997e-02 1.751391348e-02 1.435183381e-02 1.177835234e-02 9.571226899e-03
 7.800106884e-03 6.593114399e-03 6.061754017e-03 6.191937162e-03 6.872839082e-03
 7.987191355e-03 9.464146417e-03 1.127926288e-02 1.343772102e-02 1.596138173e-02
 1.888333616e-02 2.224868139e-02 2.611998621e-02 3.058663847e-02 3.577732749e-02
 4.186943067e-02 4.905007733e-02 5.712283736e-02 6.391428764e-02 6.660980358e-02
 6.479900653e-02 6.081543142e-02 5.723740637e-02 5.447919205e-02 5.239852425e-02
 5.080893630e-02 4.953586975e-02 4.839298020e-02 4.711938823e-02 4.519181999e-02
 4.456030939e-02 4.688671370e-02 5.251337147e-02 5.901806407e-02 6.547034536e-02
 7.264731132e-02 8.150048643e-02 9.420770253e-02 1.007990841e-01 9.960203750e-02
 8.999025954e-02 8.218688329e-02 7.656035087e-02 7.216866566e-02 6.855412611e-02
 6.547237776e-02 6.278276883e-02 6.039933866e-02 5.826689362e-02 5.634834608e-02
 5.461749961e-02 5.305451534e-02 5.164281319e-02 5.036752145e-02 4.921920734e-02
 1.419558803e-03 3.244272977e-03 5.877637533e-03 9.470788304e-03 1.399397599e-02
 1.526655255e-02 1.204838831e-02 8.726517723e-03 5.335158114e-03 1.680278546e-03
-1.811398730e-03-3.925783986e-03-4.003912780e-03-2.492720955e-03-5.757628938e-04
 1.407993988e-03 3.506812460e-03 5.815542223e-03 8.418675941e-03 1.138058527e-02
 1.475188045e-02 1.858387867e-02 2.294752522e-02 2.795743363e-02 3.380928772e-02
 4.085487236e-02 4.978746179e-02 6.225943612e-02 7.429637741e-02 7.757171211e-02
 7.165083262e-02 6.272048025e-02 5.737319449e-02 5.379995576e-02 5.126771847e-02
 4.939223435e-02 4.793328945e-02 4.671195365e-02 4.558715539e-02 4.460695171e-02
 4.475415024e-02 4.681462687e-02 5.072186676e-02 5.578055133e-02 6.128704935e-02
 6.738426050e-02 7.430440084e-02 8.142465795e-02 8.603425852e-02 8.580631352e-02
 8.096891180e-02 7.526557064e-02 7.041132785e-02 6.635602998e-02 6.290249789e-02
 5.990373588e-02 5.726051964e-02 5.490524981e-02 5.279928061e-02 5.090816093e-02
 4.921692242e-02 4.771237487e-02 4.638326395e-02 4.520369480e-02 4.414901027e-02
 8.104606549e-04 1.787591268e-03 3.043514734e-03 4.383270949e-03 5.395715948e-03
 5.515732023e-03 4.443062631e-03 2.267649811e-03-9.688730166e-04-5.640357774e-03
-1.159125566e-02-1.471526867e-02-1.434901828e-02-1.024122665e-02-7.394677292e-03
-5.144774583e-03-2.976304004e-03-5.775761505e-04 2.218762083e-03 5.463078578e-03
 9.134532792e-03 1.319462003e-02 1.762189403e-02 2.242012339e-02 2.760491748e-02
 3.316406107e-02 3.896126733e-02 4.454714142e-02 4.904503578e-02 5.160728400e-02
 5.207180267e-02 5.111149972e-02 4.960369776e-02 4.810355573e-02 4.680997285e-02
 4.577754032e-02 4.501495162e-02 4.452464325e-02 4.435902734e-02 4.461671095e-02
 4.544261842e-02 4.694246335e-02 4.910815613e-02 5.182305185e-02 5.489964791e-02
 5.812206117e-02 6.120098904e-02 6.372392619e-02 6.522480229e-02 6.539772163e-02
 6.430420695e-02 6.232572151e-02 5.990275055e-02 5.734650987e-02 5.482421701e-02
 5.241578549e-02 5.015647759e-02 4.806238709e-02 4.614183789e-02 4.439873949e-02
 4.283473152e-02 4.145144770e-02 4.026909177e-02 3.926148748e-02 3.841280857e-02
 3.516409095e-04 7.378277303e-04 1.162885819e-03 1.499773144e-03 1.587707439e-03
 1.261730199e-03 3.940396056e-04-1.079783996e-03-3.133184421e-03-5.679595056e-03
-8.295687347e-03-1.030613627e-02-1.127410794e-02-1.144723847e-02-1.136279916e-02
-1.114957558e-02-1.042605068e-02-8.668613259e-03-5.695046747e-03-1.810402033e-03
 2.504353789e-03 6.951622555e-03 1.142259737e-02 1.588413893e-02 2.030814098e-02
 2.463315411e-02 2.874112979e-02 3.245390627e-02 3.556740622e-02 3.792581997e-02
 3.949491495e-02 4.037831818e-02 4.076499715e-02 4.085418002e-02 4.080835603e-02
 4.074406963e-02 4.074307234e-02 4.086745807e-02 4.117066316e-02 4.170068559e-02
 4.249429884e-02 4.356494897e-02 4.489120724e-02 4.641194376e-02 4.802869674e-02
 4.961148283e-02 5.100691343e-02 5.205396905e-02 5.261288261e-02 5.260106597e-02
 5.201673135e-02 5.093325878e-02 4.946785143e-02 4.774558142e-02 4.587662460e-02
 4.394942036e-02 4.203324317e-02 4.018340401e-02 3.844529252e-02 3.685598300e-02
 3.544357485e-02 3.422403496e-02 3.324872164e-02 3.247974366e-02 3.187893145e-02
 9.792949916e-05 1.849372220e-04 2.394350658e-04 1.986955024e-04-7.339456292e-06
-4.449910175e-04-1.163612919e-03-2.177408640e-03-3.456924281e-03-4.951983109e-03
-6.572147582e-03-8.235394626e-03-9.941286928e-03-1.191396000e-02-1.459334924e-02
-1.865786196e-02-2.316891163e-02-2.264969220e-02-1.717726028e-02-9.206455064e-03
-3.272681804e-03 1.734971976e-03 6.222012705e-03 1.036595645e-02 1.424034093e-02
 1.785889555e-02 2.119669893e-02 2.420658532e-02 2.683731135e-02 2.905298024e-02
 3.084826071e-02 3.225343093e-02 3.332793108e-02 3.414703251e-02 3.478845605e-02
 3.532340325e-02 3.581262006e-02 3.630570054e-02 3.684135844e-02 3.744703367e-02
 3.813724029e-02 3.891110161e-02 3.975019398e-02 4.061785943e-02 4.146067923e-02
 4.221232590e-02 4.279984306e-02 4.315222627e-02 4.321040755e-02 4.293645023e-02
 4.231903768e-02 4.137334758e-02 4.013589384e-02 3.865714651e-02 3.699515229e-02
 3.521205332e-02 3.337354081e-02 3.154979362e-02 2.981549770e-02 2.824620824e-02
 2.690936222e-02 2.585091307e-02 2.513274299e-02 2.471100077e-02 2.453668657e-02
-1.908300841e-05-6.241899412e-05-1.571798825e-04-3.330235955e-04-6.215018788e-04
-1.051339724e-03-1.643800628e-03-2.405281174e-03-3.311685484e-03-4.374856117e-03
-5.582270232e-03-6.928507640e-03-8.438984621e-03-1.021972283e-02-1.234196342e-02
-1.459663509e-02-1.618653484e-02-1.566936150e-02-1.277551537e-02-8.533184434e-03
-4.242770679e-03-2.476481372e-04 3.455026058e-03 6.905472772e-03 1.012984505e-02
 1.313588052e-02 1.591728231e-02 1.846000807e-02 2.074905926e-02 2.277480597e-02
 2.453766286e-02 2.605013351e-02 2.733598809e-02 2.842724805e-02 2.936018586e-02
 3.017147291e-02 3.089511448e-02 3.156026700e-02 3.218970225e-02 3.279862331e-02
 3.339367029e-02 3.397215706e-02 3.452174071e-02 3.502077997e-02 3.543958298e-02
 3.574261777e-02 3.589159384e-02 3.584912654e-02 3.558248549e-02 3.506678177e-02
 3.428699826e-02 3.323859264e-02 3.192693479e-02 3.036638070e-02 2.858015993e-02
 2.660242717e-02 2.448382336e-02 2.230141383e-02 2.017154681e-02 1.825697979e-02
 1.674739464e-02 1.579667091e-02 1.544765475e-02 1.564165351e-02 1.621833484e-02
-6.362898996e-05-1.533110191e-04-2.950295392e-04-5.022312000e-04-7.888120872e-04
-1.167023335e-03-1.645566358e-03-2.223375241e-03-2.881610327e-03-3.632217008e-03
-4.466046807e-03-5.345585679e-03-6.251422523e-03-7.152503533e-03-7.955318092e-03
-8.498880433e-03-8.566056176e-03-7.964936613e-03-6.642188800e-03-4.717008192e-03
-2.400545239e-03 1.114397519e-04 2.684312779e-03 5.236503916e-03 7.718846529e-03
 1.009920002e-02 1.235364247e-02 1.446303701e-02 1.641307497e-02 1.819481992e-02
 1.980520358e-02 2.124719438e-02 2.252932271e-02 2.366456671e-02 2.466879272e-02
 2.555901673e-02 2.635172006e-02 2.706136339e-02 2.769915635e-02 2.827209122e-02
 2.878224260e-02 2.922635403e-02 2.959575336e-02 2.987664117e-02 3.005077365e-02
 3.009651149e-02 2.999014193e-02 2.970731083e-02 2.922434773e-02 2.851924726e-02
 2.757210765e-02 2.636492528e-02 2.488079651e-02 2.310277900e-02 2.101296498e-02
 1.859292667e-02 1.582821399e-02 1.272369582e-02 9.348002280e-03 5.955002482e-03
 3.233276419e-03 2.202199950e-03 3.039464362e-03 4.908601071e-03 7.043540973e-03
-7.343445140e-05-1.703819945e-04-3.131763439e-04-5.072803097e-04-7.579529598e-04
-1.069163474e-03-1.442343958e-03-1.869669435e-03-2.333732988e-03-2.836661715e-03
-3.359365770e-03-3.861971672e-03-4.326599050e-03-4.714611538e-03-4.968281421e-03
-5.019382826e-03-4.800322453e-03-4.261436701e-03-3.387195216e-03-2.201166593e-03
-7.544467522e-04 8.898022296e-04 2.658958379e-03 4.490192102e-03 6.335739172e-03
 8.162631681e-03 9.952478290e-03 1.166048243e-02 1.327842346e-02 1.479311043e-02
 1.619749780e-02 1.748833654e-02 1.866580554e-02 1.973290761e-02 2.069464684e-02
 2.155710138e-02 2.232647811e-02 2.300822001e-02 2.360621888e-02 2.412216941e-02
 2.455508829e-02 2.490101446e-02 2.515289976e-02 2.530068899e-02 2.533157148e-02
 2.523036254e-02 2.497994439e-02 2.456166677e-02 2.395558022e-02 2.314035316e-02
 2.209270255e-02 2.078613360e-02 1.918870783e-02 1.725938242e-02 1.494207706e-02
 1.215578563e-02 8.777190485e-03 4.607847352e-03-6.936004195e-04-7.771967357e-03
-1.758031805e-02-2.006371514e-02-1.270012870e-02-5.886747083e-03-1.037592831e-03
-6.803171144e-05-1.556440284e-04-2.809576293e-04-4.456401696e-04-6.508558399e-04
-8.966131521e-04-1.181296548e-03-1.500194727e-03-1.814234776e-03-2.145844613e-03
-2.456667761e-03-2.715165576e-03-2.927256764e-03-3.062511780e-03-3.086278202e-03
-2.965860373e-03-2.676321221e-03-2.202097248e-03-1.538735019e-03-6.945560130e-04
 3.151784894e-04 1.478433617e-03 2.747890029e-03 4.072495976e-03 5.384549224e-03
 6.777894797e-03 8.235524831e-03 9.638432480e-03 1.095405588e-02 1.221123669e-02
 1.339941065e-02 1.451174697e-02 1.554398345e-02 1.649385046e-02 1.736053991e-02
 1.814415108e-02 1.884512942e-02 1.946372953e-02 1.999953264e-02 2.045104144e-02
 2.081536506e-02 2.108799861e-02 2.126269684e-02 2.133143598e-02 2.128444825e-02
 2.111030058e-02 2.079597422e-02 2.032688632e-02 1.968677915e-02 1.885738585e-02
 1.781775856e-02 1.654310746e-02 1.500293003e-02 1.315808025e-02 1.095618374e-02
 8.324354566e-03 5.157349157e-03 1.297805021e-03-3.498102025e-03-9.637703762e-03
-1.875503324e-02-2.065296510e-02-1.410615799e-02-8.116036704e-03-3.622935266e-03
-5.690855587e-05-1.293447690e-04-2.315104056e-04-3.635994159e-04-5.254029065e-04
-7.159516288e-04-9.327778998e-04-1.164671020e-03-1.386333901e-03-1.592546185e-03
-1.761178846e-03-1.887304143e-03-1.979980143e-03-2.025174481e-03-1.965329149e-03
-1.743742620e-03-1.422204051e-03-9.946287073e-04-4.537573745e-04 1.999714758e-04
 9.617563450e-04 1.830666598e-03 2.780962460e-03 3.791716993e-03 4.844826621e-03
 5.925436406e-03 7.018197391e-03 8.103204519e-03 9.166644618e-03 1.019651735e-02
 1.118337222e-02 1.211969542e-02 1.299953159e-02 1.381824232e-02 1.457222398e-02
 1.525857984e-02 1.587476897e-02 1.641826534e-02 1.688627224e-02 1.727551987e-02
 1.758212099e-02 1.780144276e-02 1.792799234e-02 1.795533771e-02 1.787607264e-02
 1.768181735e-02 1.736323615e-02 1.691004937e-02 1.631101822e-02 1.555388680e-02
 1.462528061e-02 1.351059144e-02 1.219394310e-02 1.065846892e-02 8.887429643e-03
 6.867357650e-03 4.595889182e-03 2.100189649e-03-5.218416661e-04-3.020770612e-03
-4.907964221e-03-5.602638334e-03-4.941648738e-03-3.350082709e-03-1.375777999e-03
-4.426314525e-05-1.002378973e-04-1.786065278e-04-2.791449713e-04-4.015723533e-04
-5.457247058e-04-7.120072531e-04-8.965607126e-04-1.064960789e-03-1.149317574e-03
-1.215297807e-03-1.266318724e-03-1.295387957e-03-1.307840752e-03-1.160511468e-03
-9.292035150e-04-6.299763855e-04-2.585958305e-04 1.886981490e-04 7.127702556e-04
 1.312313915e-03 1.983572332e-03 2.716197441e-03 3.498029986e-03 4.317482237e-03
 5.162897570e-03 6.022551975e-03 6.884984556e-03 7.739418363e-03 8.576191992e-03
 9.386784895e-03 1.016385135e-02 1.090113509e-02 1.159327877e-02 1.223576516e-02
 1.282461345e-02 1.335618739e-02 1.382673848e-02 1.423191831e-02 1.456716533e-02
 1.482818529e-02 1.501080708e-02 1.511061241e-02 1.512279363e-02 1.504217736e-02
 1.486317685e-02 1.457996535e-02 1.418652657e-02 1.367685728e-02 1.304524542e-02
 1.228657971e-02 1.139704491e-02 1.037499823e-02 9.222586220e-03 7.948273455e-03
 6.570841592e-03 5.125356627e-03 3.670808724e-03 2.297523884e-03 1.127469267e-03
 2.959280228e-04-9.116408177e-05-5.032420497e-06 4.917869409e-04 1.285405735e-03
-3.184431656e-05-7.181109341e-05-1.272543689e-04-1.975125889e-04-2.817427594e-04
-3.789866187e-04-4.884090868e-04-6.117590712e-04-7.118016019e-04-7.723957703e-04
-7.852470158e-04-8.022729649e-04-7.554389732e-04-6.820615418e-04-5.603557500e-04
-3.584849576e-04-1.361272321e-04 1.968254299e-04 5.553846562e-04 9.775895744e-04
 1.467696337e-03 1.967111121e-03 2.574867603e-03 3.173610917e-03 3.826538765e-03
 4.501989800e-03 5.156596949e-03 5.878663486e-03 6.541110004e-03 7.238622662e-03
 7.902029155e-03 8.520203097e-03 9.161035672e-03 9.704116995e-03 1.027549265e-02
 1.076757063e-02 1.120997382e-02 1.164256711e-02 1.196766779e-02 1.228931447e-02
 1.250305695e-02 1.266109124e-02 1.276112003e-02 1.274324670e-02 1.271245257e-02
 1.254843749e-02 1.233095840e-02 1.202399110e-02 1.159618846e-02 1.113754452e-02
 1.053196510e-02 9.888459144e-03 9.144242236e-03 8.312048768e-03 7.470582889e-03
 6.540650215e-03 5.660255550e-03 4.795538336e-03 3.997481619e-03 3.386862728e-03
 2.905045749e-03 2.692304215e-03 2.691311882e-03 2.885680961e-03 3.320024970e-03
 0.868635985E+00 0.876672842E+00 0.885520329E+00 0.895143258E+00 0.905060184E+00
 0.915492565E+00 0.926394425E+00 0.937716263E+00 0.949486529E+00 0.961766138E+00
 0.974568044E+00 0.987911174E+00 0.100181890E+01 0.101631844E+01 0.103144214E+01
 0.104722668E+01 0.106370927E+01 0.108093013E+01 0.109893123E+01 0.111774774E+01
 0.113742520E+01 0.115801759E+01 0.117958491E+01 0.120218890E+01 0.122589924E+01
 0.125077650E+01 0.127689263E+01 0.130432762E+01 0.133317472E+01 0.136354169E+01
 0.139554823E+01 0.142930050E+01 0.146491523E+01 0.150253702E+01 0.154233268E+01
 0.158448327E+01 0.162919373E+01 0.167667901E+01 0.172717176E+01 0.178094154E+01
 0.183829797E+01 0.189960456E+01 0.196528166E+01 0.203576914E+01 0.211156578E+01
 0.219327649E+01 0.228161777E+01 0.237742105E+01 0.248165220E+01 0.259542629E+01
 0.272011061E+01 0.285735587E+01 0.300921507E+01 0.317820123E+01 0.336742225E+01
 0.358092402E+01 0.382408344E+01 0.410404610E+01 0.443060744E+01 0.481839452E+01
 0.529076635E+01 0.588823310E+01 0.669392655E+01 0.794237694E+01 0.160857856E+02
  361   98
 0.572390794E+00 0.110180511E+01 0.567211304E+00 0.108828396E+01 0.562023415E+00
 0.107476602E+01 0.556833403E+00 0.106124890E+01 0.551647970E+00 0.104773002E+01
 0.546473634E+00 0.103420689E+01 0.541316340E+00 0.102067725E+01 0.536177168E+00
 0.100714072E+01 0.531055230E+00 0.993597656E+00 0.525949046E+00 0.980048646E+00
 0.520856216E+00 0.966494611E+00 0.515773914E+00 0.952936624E+00 0.510701534E+00
 0.939374922E+00 0.505639883E+00 0.925809212E+00 0.500588804E+00 0.912239562E+00
 0.495546703E+00 0.898666573E+00 0.490511035E+00 0.885091197E+00 0.485482055E+00
 0.871513341E+00 0.480461995E+00 0.857932185E+00 0.475453187E+00 0.844346876E+00
 0.470457716E+00 0.830756656E+00 0.465477322E+00 0.817160905E+00 0.460515137E+00
 0.803558497E+00 0.455575058E+00 0.789948046E+00 0.450660576E+00 0.776328331E+00
 0.445775677E+00 0.762697979E+00 0.440924968E+00 0.749055424E+00 0.436113657E+00
 0.735398925E+00 0.431346558E+00 0.721726931E+00 0.426627419E+00 0.708038310E+00
 0.421959412E+00 0.694332169E+00 0.417346177E+00 0.680607496E+00 0.412792841E+00
 0.666862838E+00 0.408304672E+00 0.653096763E+00 0.403885793E+00 0.639308292E+00
 0.399539136E+00 0.625496884E+00 0.395266840E+00 0.611662294E+00 0.391071504E+00
 0.597804173E+00 0.386957047E+00 0.583921827E+00 0.382927709E+00 0.570014538E+00
 0.378987213E+00 0.556081818E+00 0.375138547E+00 0.542123453E+00 0.371383691E+00
 0.528139561E+00 0.367723769E+00 0.514130524E+00 0.364159548E+00 0.500096834E+00
 0.360691726E+00 0.486039012E+00 0.357321178E+00 0.471957552E+00 0.354049526E+00
 0.457852787E+00 0.350878422E+00 0.443725078E+00 0.347808927E+00 0.429574945E+00
 0.344841601E+00 0.415403034E+00 0.341976722E+00 0.401210060E+00 0.339214275E+00
 0.386996793E+00 0.336554209E+00 0.372764010E+00 0.333996388E+00 0.358512497E+00
 0.331540352E+00 0.344243090E+00 0.329185542E+00 0.329956629E+00 0.326932053E+00
 0.315653837E+00 0.324780468E+00 0.301335361E+00 0.322731819E+00 0.287001795E+00
 0.320787533E+00 0.272653702E+00 0.318948741E+00 0.258291708E+00 0.317215277E+00
 0.243916620E+00 0.315586664E+00 0.229529276E+00 0.314062356E+00 0.215130507E+00
 0.312641798E+00 0.200721132E+00 0.311323973E+00 0.186301998E+00 0.310107347E+00
 0.171873973E+00 0.308990720E+00 0.157437863E+00 0.307973367E+00 0.142994417E+00
 0.307055092E+00 0.128544334E+00 0.306236146E+00 0.114088282E+00 0.305516803E+00
 0.996269307E-01 0.304897169E+00 0.851609646E-01 0.304377222E+00 0.706910724E-01
 0.303956731E+00 0.562179483E-01 0.303634568E+00 0.417423012E-01 0.303409830E+00
 0.272648134E-01 0.303282237E+00 0.127861437E-01 0.303251979E+00-0.169305652E-02
 0.303319287E+00-0.161721319E-01 0.303483865E+00-0.306504285E-01 0.303745502E+00
-0.451272965E-01 0.304104255E+00-0.596020833E-01 0.304560524E+00-0.740741242E-01
 0.305114682E+00-0.885427474E-01 0.305766939E+00-0.103007280E+00 0.306517938E+00
-0.117467022E+00 0.307368795E+00-0.131921230E+00 0.308320990E+00-0.146369117E+00
 0.309375095E+00-0.160809925E+00 0.310530748E+00-0.175242963E+00 0.311787462E+00
-0.189667552E+00 0.313144773E+00-0.204083023E+00 0.314602565E+00-0.218488680E+00
 0.316161895E+00-0.232883699E+00 0.317824500E+00-0.247267155E+00 0.319592247E+00
-0.261638066E+00 0.321466806E+00-0.275995435E+00 0.323448819E+00-0.290338364E+00
 0.325536840E+00-0.304666246E+00 0.327729061E+00-0.318978557E+00 0.330023876E+00
-0.333274777E+00 0.332420054E+00-0.347554357E+00 0.334917186E+00-0.361816630E+00
 0.337516216E+00-0.376060685E+00 0.340218412E+00-0.390285529E+00 0.343024959E+00
-0.404490152E+00 0.345936796E+00-0.418673566E+00 0.348953866E+00-0.432834968E+00
 0.352074972E+00-0.446973806E+00 0.355298663E+00-0.461089609E+00 0.358623475E+00
-0.475181937E+00 0.362048104E+00-0.489250341E+00 0.365572134E+00-0.503294177E+00
 0.369195480E+00-0.517312717E+00 0.372917668E+00-0.531305337E+00 0.376737840E+00
-0.545271525E+00 0.380654644E+00-0.559210921E+00 0.384665961E+00-0.573123416E+00
 0.388768966E+00-0.587009149E+00 0.392960289E+00-0.600868480E+00 0.397236311E+00
-0.614701915E+00 0.401594116E+00-0.628509807E+00 0.406031756E+00-0.642292248E+00
 0.410547168E+00-0.656049407E+00 0.415137296E+00-0.669781819E+00 0.419797920E+00
-0.683490468E+00 0.424524017E+00-0.697176684E+00 0.429311750E+00-0.710841462E+00
 0.434158866E+00-0.724485289E+00 0.439063017E+00-0.738108720E+00 0.444020964E+00
-0.751712666E+00 0.449028343E+00-0.765298497E+00 0.454080969E+00-0.778867566E+00
 0.459175898E+00-0.792420808E+00 0.464311381E+00-0.805958737E+00 0.469485759E+00
-0.819481847E+00 0.474696910E+00-0.832990830E+00 0.479943991E+00-0.846485897E+00
 0.485227947E+00-0.859966569E+00 0.490550737E+00-0.873431954E+00 0.495915585E+00
-0.886880636E+00 0.501326450E+00-0.900310869E+00 0.506790717E+00-0.913719461E+00
 0.512320221E+00-0.927101277E+00 0.517929651E+00-0.940449778E+00 0.523638338E+00
-0.953756121E+00 0.529472464E+00-0.967007921E+00 0.535469889E+00-0.980186574E+00
 0.541687666E+00-0.993262613E+00 0.548211461E+00-0.100618849E+01 0.555175938E+00
-0.101888184E+01 0.562801079E+00-0.103118829E+01 0.571450900E+00-0.104279331E+01
 0.581675364E+00-0.105302648E+01 0.593940423E+00-0.106065988E+01 0.607826020E+00
-0.106463818E+01 0.622269000E+00-0.106539860E+01 0.636685583E+00-0.106411495E+01
 0.650948541E+00-0.106163322E+01 0.665067087E+00-0.105842509E+01 0.679070568E+00
-0.105474533E+01 0.692984618E+00-0.105074002E+01 0.706827262E+00-0.104649423E+01
 0.720610984E+00-0.104206075E+01 0.734343721E+00-0.103747172E+01 0.748030706E+00
-0.103274795E+01 0.761674987E+00-0.102790219E+01 0.775276264E+00-0.102293702E+01
 0.788831391E+00-0.101784722E+01 0.802336096E+00-0.101262512E+01 0.815785864E+00
-0.100726312E+01 0.829175398E+00-0.100175247E+01 0.842499095E+00-0.996084497E+00
 0.855750997E+00-0.990250661E+00 0.868924905E+00-0.984242798E+00 0.882014508E+00
-0.978053423E+00 0.895014194E+00-0.971677365E+00 0.907919979E+00-0.965113324E+00
 0.920726993E+00-0.958358616E+00 0.933426066E+00-0.951403132E+00 0.946006137E+00
-0.944234690E+00 0.958456994E+00-0.936844115E+00 0.970769701E+00-0.929225622E+00
 0.982936577E+00-0.921376343E+00 0.994952181E+00-0.913297397E+00 0.100681284E+01
-0.904992635E+00 0.101851672E+01-0.896468340E+00 0.103006234E+01-0.887730876E+00
 0.104144431E+01-0.878781296E+00 0.105265258E+01-0.869615117E+00 0.106367728E+01
-0.860228962E+00 0.107451199E+01-0.850624122E+00 0.108515506E+01-0.840807325E+00
 0.109560662E+01-0.830786874E+00 0.110586487E+01-0.820568616E+00 0.111592272E+01
-0.810153050E+00 0.112576957E+01-0.799537804E+00 0.113539561E+01-0.788721930E+00
 0.114479442E+01-0.777708035E+00 0.115396286E+01-0.766501643E+00 0.116289804E+01
-0.755108395E+00 0.117159316E+01-0.743530916E+00 0.118003777E+01-0.731769481E+00
 0.118822199E+01-0.719825406E+00 0.119613963E+01-0.707702972E+00 0.120378893E+01
-0.695409449E+00 0.121117047E+01-0.682953302E+00 0.121828239E+01-0.670341281E+00
 0.122511883E+01-0.657577837E+00 0.123167755E+01-0.644669476E+00 0.123796218E+01
-0.631625462E+00 0.124398045E+01-0.618456416E+00 0.124973962E+01-0.605172002E+00
 0.125524436E+01-0.591780148E+00 0.126050227E+01-0.578289459E+00 0.126552550E+01
-0.564709619E+00 0.127032986E+01-0.551050788E+00 0.127493246E+01-0.537322639E+00
 0.127934792E+01-0.523533146E+00 0.128359007E+01-0.509689343E+00 0.128767434E+01
-0.495798124E+00 0.129161806E+01-0.481866340E+00 0.129543993E+01-0.467900625E+00
 0.129915785E+01-0.453906869E+00 0.130278973E+01-0.439890527E+00 0.130635358E+01
-0.425856728E+00 0.130986706E+01-0.411810228E+00 0.131334574E+01-0.397755069E+00
 0.131679845E+01-0.383693505E+00 0.132023370E+01-0.369627664E+00 0.132366160E+01
-0.355560032E+00 0.132709387E+01-0.341493465E+00 0.133053990E+01-0.327430263E+00
 0.133400003E+01-0.313370522E+00 0.133747228E+01-0.299313770E+00 0.134095344E+01
-0.285259221E+00 0.134443943E+01-0.271205870E+00 0.134792357E+01-0.257152060E+00
 0.135139503E+01-0.243095113E+00 0.135484149E+01-0.229032019E+00 0.135824891E+01
-0.214959415E+00 0.136160059E+01-0.200873438E+00 0.136487751E+01-0.186769890E+00
 0.136805844E+01-0.172644393E+00 0.137111858E+01-0.158492252E+00 0.137402992E+01
-0.144308777E+00 0.137676169E+01-0.130089651E+00 0.137928673E+01-0.115832385E+00
 0.138158221E+01-0.101536389E+00 0.138362437E+01-0.872020431E-01 0.138538864E+01
-0.728308808E-01 0.138685082E+01-0.584258794E-01 0.138799399E+01-0.439920769E-01
 0.138880640E+01-0.295359008E-01 0.138927810E+01-0.150646149E-01 0.138940135E+01
-0.586178631E-03 0.138917242E+01 0.138909737E-01 0.138859714E+01 0.283585177E-01
 0.138768569E+01 0.428087958E-01 0.138645021E+01 0.572350023E-01 0.138490439E+01
 0.716312819E-01 0.138306624E+01 0.859931954E-01 0.138096137E+01 0.100318482E+00
 0.137861568E+01 0.114606339E+00 0.137605393E+01 0.128857069E+00 0.137329957E+01
 0.143071851E+00 0.137037922E+01 0.157253486E+00 0.136732326E+01 0.171406537E+00
 0.136415912E+01 0.185535812E+00 0.136091081E+01 0.199645982E+00 0.135759860E+01
 0.213741293E+00 0.135424021E+01 0.227825680E+00 0.135085114E+01 0.241902718E+00
 0.134744447E+01 0.255975505E+00 0.134403165E+01 0.270046805E+00 0.134062282E+01
 0.284119072E+00 0.133722329E+01 0.298193588E+00 0.133383502E+01 0.312270817E+00
 0.133045930E+01 0.326351064E+00 0.132709646E+01 0.340434391E+00 0.132374508E+01
 0.354520449E+00 0.132039494E+01 0.368606805E+00 0.131703280E+01 0.382690298E+00
 0.131364694E+01 0.396768107E+00 0.131022721E+01 0.410837725E+00 0.130676359E+01
 0.424896598E+00 0.130323991E+01 0.438940534E+00 0.129963770E+01 0.452964525E+00
 0.129593807E+01 0.466963123E+00 0.129212213E+01 0.480930452E+00 0.128817116E+01
 0.494860172E+00 0.128406614E+01 0.508745258E+00 0.127978943E+01 0.522578415E+00
 0.127532546E+01 0.536352266E+00 0.127066039E+01 0.550059295E+00 0.126578003E+01
 0.563691141E+00 0.126066794E+01 0.577237761E+00 0.125530907E+01 0.590688650E+00
 0.124969240E+01 0.604033927E+00 0.124381184E+01 0.617265038E+00 0.123766468E+01
 0.630374404E+00 0.123124548E+01 0.643352715E+00 0.122454806E+01 0.656189647E+00
 0.121757029E+01 0.668876369E+00 0.121031602E+01 0.681407057E+00 0.120279296E+01
 0.693778243E+00 0.119500571E+01 0.705984855E+00 0.118695637E+01 0.718020253E+00
 0.117864865E+01 0.729878777E+00 0.117009014E+01 0.741557608E+00 0.116129232E+01
 0.753057257E+00 0.115226795E+01 0.764380014E+00 0.114302595E+01 0.775525848E+00
 0.113356910E+01 0.786489973E+00 0.112389945E+01 0.797266903E+00 0.111402191E+01
 0.807853618E+00 0.110394567E+01 0.818251416E+00 0.109368178E+01 0.828464040E+00
 0.108323839E+01 0.838493043E+00 0.107261611E+01 0.848332354E+00 0.106181267E+01
 0.857972388E+00 0.105082784E+01 0.867405198E+00 0.103966647E+01 0.876628442E+00
 0.102833654E+01 0.885643844E+00 0.101684665E+01 0.894454468E+00 0.100520257E+01
 0.903060300E+00 0.993406618E+00 0.911456737E+00 0.981460213E+00 0.919637683E+00
 0.969365713E+00 0.927598051E+00 0.957127591E+00 0.935335806E+00 0.944752878E+00
 0.942853196E+00 0.932249974E+00 0.950155413E+00 0.919629263E+00 0.957252112E+00
 0.906902656E+00 0.964157143E+00 0.894080145E+00 0.970882427E+00 0.881166633E+00
 0.977431280E+00 0.868166202E+00 0.983805855E+00 0.855084915E+00 0.990012836E+00
 0.841929674E+00 0.996061520E+00 0.828707491E+00 0.100196246E+01 0.815425441E+00
 0.100772741E+01 0.802090608E+00 0.101336921E+01 0.788710140E+00 0.101890194E+01
 0.775290920E+00 0.102434003E+01 0.761840408E+00 0.102970027E+01 0.748365793E+00
 0.103499964E+01 0.734871719E+00 0.104024927E+01 0.721360428E+00 0.104545443E+01
 0.707834302E+00 0.105062092E+01 0.694296602E+00 0.105575701E+01 0.680750083E+00
 0.106086980E+01 0.667197801E+00 0.106596729E+01 0.653642022E+00 0.107105548E+01
 0.640085835E+00 0.107614258E+01 0.626531488E+00 0.108123458E+01 0.612982018E+00
 0.108633955E+01 0.599440112E+00 0.109146454E+01 0.585908025E+00 0.109661540E+01
 0.572390794E+00 0.110180511E+01
 0.156441580E+01 0.156423520E+01 0.173298350E+01 0.167901950E+01 0.134847970E+01
 0.206041340E+01 0.108819530E+01 0.205946000E+01 0.902253030E+00 0.187565310E+01
 0.903668760E+00 0.187424170E+01 0.533866470E+00 0.150285580E+01 0.538010660E+00
 0.149874330E+01 0.332797140E+00 0.129708960E+01 0.332797140E+00 0.109400000E+01
 0.334795920E+00 0.109400000E+01 0.303115250E+00 0.847500000E+00 0.305114030E+00
 0.847500000E+00 0.269135950E+00 0.565000000E+00 0.271134730E+00 0.565000000E+00
 0.260841000E+00 0.495257700E+00 0.260841000E+00-0.507257700E+00 0.271134730E+00
-0.576999960E+00 0.269135950E+00-0.576999960E+00 0.305114030E+00-0.859500000E+00
 0.303115250E+00-0.859500000E+00 0.334795920E+00-0.110600010E+01 0.332797140E+00
-0.110600010E+01 0.332797140E+00-0.130908970E+01 0.538598100E+00-0.150990190E+01
 0.534468950E+00-0.151402960E+01 0.905629600E+00-0.188405800E+01 0.904219000E+00
-0.188547470E+01 0.108819530E+01-0.206614000E+01 0.134847970E+01-0.206518650E+01
 0.173017910E+01-0.168098580E+01 0.156441580E+01-0.156883530E+01 0.137999130E+01
-0.157688300E+01 0.137989190E+01-0.157672700E+01 0.119622210E+01-0.158474990E+01
 0.119631650E+01-0.158489800E+01 0.105537410E+01-0.159104840E+01 0.105528350E+01
-0.159090630E+01 0.947502500E+00-0.159561420E+01 0.905686400E+00-0.159556230E+01
 0.899143000E+00-0.159478470E+01 0.883387860E+00-0.159026430E+01 0.867681200E+00
-0.158087360E+01 0.851322350E+00-0.156766880E+01 0.833481900E+00-0.154624210E+01
 0.826062560E+00-0.152875240E+01 0.822677700E+00-0.151516830E+01 0.821022750E+00
-0.149624060E+01 0.820691350E+00-0.147724350E+01 0.822887360E+00-0.144582030E+01
 0.827573000E+00-0.141923050E+01 0.839194600E+00-0.138728100E+01 0.855244300E+00
-0.135284130E+01 0.877566500E+00-0.132209860E+01 0.899473500E+00-0.130017830E+01
 0.118567730E+01-0.101380000E+01 0.127900000E+01-0.842300000E+00 0.129600000E+01
-0.820200000E+00 0.143300000E+01-0.820200000E+00 0.143300000E+01-0.711000000E+00
 0.149000000E+01-0.491000000E+00 0.146000000E+01-0.491000000E+00 0.146000000E+01
-0.233000000E+00 0.166100000E+01-0.233000000E+00 0.166100000E+01 0.226000000E+00
 0.146000000E+01 0.226000000E+00 0.146000000E+01 0.481000000E+00 0.149300000E+01
 0.481000000E+00 0.147400000E+01 0.554000000E+00 0.143300000E+01 0.711000000E+00
 0.143300000E+01 0.815600000E+00 0.129600000E+01 0.815600000E+00 0.127900000E+01
 0.837699950E+00 0.118567730E+01 0.100920000E+01 0.899473500E+00 0.129557820E+01
 0.877566500E+00 0.131749860E+01 0.855244300E+00 0.134824120E+01 0.839194600E+00
 0.138268090E+01 0.827573000E+00 0.141463040E+01 0.822887360E+00 0.144122030E+01
 0.820691350E+00 0.147264350E+01 0.821022750E+00 0.149164060E+01 0.822677700E+00
 0.151056830E+01 0.826062560E+00 0.152415240E+01 0.833481900E+00 0.154164210E+01
 0.851322350E+00 0.156306870E+01 0.867681200E+00 0.157627360E+01 0.883387860E+00
 0.158566430E+01 0.899143000E+00 0.159018470E+01 0.905686400E+00 0.159096230E+01
 0.947502500E+00 0.159101410E+01 0.105528350E+01 0.158630620E+01 0.105537410E+01
 0.158644830E+01 0.119631650E+01 0.158029800E+01 0.119622210E+01 0.158014990E+01
 0.137989190E+01 0.157212700E+01 0.137999130E+01 0.157228290E+01 0.156441580E+01
 0.156423520E+01
    0
