EFIT++      MAST # 46791 # 480ms                   0  65  65
 0.194000000E+01 0.440000000E+01 0.800000000E+00 0.600000000E-01 0.000000000E+00
 0.937354022E+00-0.631353473E-03-0.710896879E-01 0.276881626E-01-0.655628402E+00
 0.746974842E+06-0.710896879E-01 0.000000000E+00 0.937354022E+00 0.000000000E+00
-0.631353473E-03 0.000000000E+00 0.276881626E-01 0.000000000E+00 0.000000000E+00
-0.624331223E+00-0.620659891E+00-0.617063891E+00-0.613543298E+00-0.610098159E+00
-0.606728497E+00-0.603434303E+00-0.600215543E+00-0.597072151E+00-0.594004034E+00
-0.591011065E+00-0.588093088E+00-0.585249913E+00-0.582481320E+00-0.579787052E+00
-0.577166823E+00-0.574620311E+00-0.572147158E+00-0.569746974E+00-0.567419332E+00
-0.565163773E+00-0.562979800E+00-0.560866881E+00-0.558824450E+00-0.556851905E+00
-0.554948609E+00-0.553113890E+00-0.551347042E+00-0.549647322E+00-0.548013957E+00
-0.546446137E+00-0.544943021E+00-0.543503734E+00-0.542127370E+00-0.540812990E+00
-0.539559626E+00-0.538366280E+00-0.537231923E+00-0.536155499E+00-0.535135925E+00
-0.534172090E+00-0.533262857E+00-0.532407066E+00-0.531603532E+00-0.530851048E+00
-0.530148383E+00-0.529494287E+00-0.528887491E+00-0.528326705E+00-0.527810623E+00
-0.527337921E+00-0.526907261E+00-0.526517288E+00-0.526166636E+00-0.525853924E+00
-0.525577760E+00-0.525336743E+00-0.525129459E+00-0.524954487E+00-0.524810399E+00
-0.524695757E+00-0.524609120E+00-0.524549037E+00-0.524514057E+00-0.524502721E+00
 0.117170059E+05 0.114376970E+05 0.111588192E+05 0.108804993E+05 0.106028644E+05
 0.103260414E+05 0.100501572E+05 0.977533891E+04 0.950171338E+04 0.922940761E+04
 0.895854856E+04 0.868926320E+04 0.842167849E+04 0.815592140E+04 0.789211889E+04
 0.763039793E+04 0.737088548E+04 0.711370850E+04 0.685899397E+04 0.660686883E+04
 0.635746007E+04 0.611089464E+04 0.586729951E+04 0.562680164E+04 0.538952799E+04
 0.515560554E+04 0.492516124E+04 0.469832206E+04 0.447521497E+04 0.425596693E+04
 0.404070489E+04 0.382955584E+04 0.362264673E+04 0.342010452E+04 0.322205619E+04
 0.302862869E+04 0.283994899E+04 0.265614406E+04 0.247734086E+04 0.230366635E+04
 0.213524749E+04 0.197221126E+04 0.181468462E+04 0.166279453E+04 0.151666795E+04
 0.137643185E+04 0.124221320E+04 0.111413896E+04 0.992336089E+03 0.876931558E+03
 0.768052330E+03 0.665825368E+03 0.570377639E+03 0.481836105E+03 0.400327731E+03
 0.325979482E+03 0.258918323E+03 0.199271218E+03 0.147165130E+03 0.102727026E+03
 0.660838684E+02 0.373626227E+02 0.166902530E+02 0.419372401E+01 0.000000000E+00
-0.150033559E+01-0.146123750E+01-0.142263640E+01-0.138453230E+01-0.134692519E+01
-0.130981508E+01-0.127320196E+01-0.123708584E+01-0.120146671E+01-0.116634458E+01
-0.113171945E+01-0.109759131E+01-0.106396016E+01-0.103082601E+01-0.998188854E+00
-0.966048694E+00-0.934405529E+00-0.903259359E+00-0.872610185E+00-0.842458006E+00
-0.812802822E+00-0.783644633E+00-0.754983439E+00-0.726819241E+00-0.699152038E+00
-0.671981830E+00-0.645308617E+00-0.619132400E+00-0.593453178E+00-0.568270951E+00
-0.543585719E+00-0.519397483E+00-0.495706241E+00-0.472511995E+00-0.449814745E+00
-0.427614489E+00-0.405911229E+00-0.384704963E+00-0.363995694E+00-0.343783419E+00
-0.324068139E+00-0.304849855E+00-0.286128566E+00-0.267904272E+00-0.250176974E+00
-0.232946670E+00-0.216213362E+00-0.199977049E+00-0.184237732E+00-0.168995409E+00
-0.154250082E+00-0.140001750E+00-0.126250413E+00-0.112996072E+00-0.100238726E+00
-0.879783745E-01-0.762150187E-01-0.649486580E-01-0.541792926E-01-0.439069225E-01
-0.341315475E-01-0.248531678E-01-0.160717833E-01-0.778739404E-02 0.000000000E+00
-0.181081585E+06-0.180843458E+06-0.180523069E+06-0.180120416E+06-0.179635502E+06
-0.179068324E+06-0.178418884E+06-0.177687181E+06-0.176873216E+06-0.175976988E+06
-0.174998497E+06-0.173937744E+06-0.172794728E+06-0.171569450E+06-0.170261909E+06
-0.168872105E+06-0.167400038E+06-0.165845709E+06-0.164209118E+06-0.162490263E+06
-0.160689147E+06-0.158805767E+06-0.156840125E+06-0.154792220E+06-0.152662053E+06
-0.150449623E+06-0.148154930E+06-0.145777975E+06-0.143318757E+06-0.140777276E+06
-0.138153533E+06-0.135447527E+06-0.132659259E+06-0.129788727E+06-0.126835934E+06
-0.123800877E+06-0.120683558E+06-0.117483977E+06-0.114202133E+06-0.110838026E+06
-0.107391656E+06-0.103863024E+06-0.100252129E+06-0.965589721E+05-0.927835521E+05
-0.889258694E+05-0.849859242E+05-0.809637163E+05-0.768592458E+05-0.726725126E+05
-0.684035169E+05-0.640522585E+05-0.596187374E+05-0.551029538E+05-0.505049075E+05
-0.458245986E+05-0.410620270E+05-0.362171928E+05-0.312900960E+05-0.262807366E+05
-0.211891145E+05-0.160152298E+05-0.107590825E+05-0.542067258E+04 0.000000000E+00
 2.715703144e-07 6.386572473e-07 1.209284145e-06 2.056933203e-06 3.254463903e-06
 4.753227340e-06 6.072866839e-06 5.164378657e-06 2.780241656e-05 1.344806267e-04
 2.680130044e-04 4.249365526e-04 6.270461001e-04 8.738278000e-04 1.178301429e-03
 1.552748392e-03 1.979988837e-03 2.481332513e-03 3.034997324e-03 3.649214078e-03
 4.322127926e-03 5.029106422e-03 5.789508513e-03 6.560152801e-03 7.351662014e-03
 8.145069443e-03 8.917567180e-03 9.694628716e-03 1.042990594e-02 1.115793488e-02
 1.185333200e-02 1.251042148e-02 1.315668851e-02 1.374119479e-02 1.431500275e-02
 1.483366697e-02 1.530880765e-02 1.576049977e-02 1.613845386e-02 1.648151318e-02
 1.674502084e-02 1.695226243e-02 1.710210643e-02 1.716204205e-02 1.718258935e-02
 1.710211691e-02 1.696197932e-02 1.674232044e-02 1.642296374e-02 1.605572535e-02
 1.557193839e-02 1.503855839e-02 1.441898324e-02 1.372216933e-02 1.300424776e-02
 1.221530283e-02 1.145675776e-02 1.071319008e-02 1.002699334e-02 9.496939936e-03
 9.081903158e-03 8.895632382e-03 8.893350395e-03 9.057489267e-03 9.426768338e-03
-6.148331801e-06-1.427858963e-05-2.622381245e-05-4.241652952e-05-6.331119252e-05
-8.942820403e-05-1.213819390e-04-1.550140022e-04-1.675060842e-04-8.879504072e-05
 1.605690341e-05 1.467064778e-04 3.089896235e-04 4.839859089e-04 8.340867775e-04
 1.265649445e-03 1.770508098e-03 2.354281018e-03 3.021537985e-03 3.772331318e-03
 4.603182193e-03 5.506862309e-03 6.464689991e-03 7.452802768e-03 8.445508677e-03
 9.419418232e-03 1.035940999e-02 1.126054654e-02 1.212441595e-02 1.295371918e-02
 1.374918305e-02 1.450931865e-02 1.523129078e-02 1.591172873e-02 1.654726496e-02
 1.713467371e-02 1.767082569e-02 1.815236221e-02 1.857533097e-02 1.893553651e-02
 1.922902339e-02 1.945195368e-02 1.960028449e-02 1.966961054e-02 1.965515627e-02
 1.955176452e-02 1.935402242e-02 1.905634636e-02 1.865316037e-02 1.813915163e-02
 1.750957495e-02 1.676084922e-02 1.589136571e-02 1.490290234e-02 1.380286861e-02
 1.260783472e-02 1.134877811e-02 1.007780963e-02 8.874632674e-03 7.846726111e-03
 7.113116508e-03 6.766684161e-03 6.831767098e-03 7.251217985e-03 7.922336001e-03
-1.130724062e-05-2.661483109e-05-4.967496901e-05-8.165986065e-05-1.234839718e-04
-1.753500244e-04-2.362185019e-04-2.997496578e-04-3.359818684e-04-3.598841575e-04
-3.350180468e-04-2.552878125e-04-1.340649740e-04 4.992080209e-05 3.361403346e-04
 7.556754285e-04 1.294686871e-03 1.957206975e-03 2.749976276e-03 3.674724075e-03
 4.729400975e-03 5.908749412e-03 7.190577925e-03 8.533713930e-03 9.861031346e-03
 1.108787811e-02 1.218275919e-02 1.317867923e-02 1.412903275e-02 1.505392363e-02
 1.595138337e-02 1.681367914e-02 1.763310861e-02 1.840338995e-02 1.911971190e-02
 1.977839784e-02 2.037647227e-02 2.091123583e-02 2.137991034e-02 2.177938112e-02
 2.210601211e-02 2.235549208e-02 2.252270614e-02 2.260165001e-02 2.258539560e-02
 2.246609972e-02 2.223503692e-02 2.188263319e-02 2.139847784e-02 2.077129637e-02
 1.998888100e-02 1.903800367e-02 1.790439492e-02 1.657299470e-02 1.502894735e-02
 1.326039928e-02 1.126546740e-02 9.068595149e-03 6.756915397e-03 4.550944500e-03
 2.880572054e-03 2.258282645e-03 2.829582183e-03 4.217619590e-03 5.940132402e-03
-1.273654011e-05-3.131211527e-05-6.147689754e-05-1.065275533e-04-1.695759406e-04
-2.528091999e-04-3.566941390e-04-4.746506331e-04-5.876587515e-04-7.016105079e-04
-7.934006204e-04-8.384582937e-04-8.298501866e-04-7.405992909e-04-5.372105339e-04
-1.855764578e-04 3.437828570e-04 1.071981050e-03 2.008857536e-03 3.151661816e-03
 4.491058679e-03 6.040536464e-03 7.781710112e-03 9.768610359e-03 1.181915809e-02
 1.340125707e-02 1.449842622e-02 1.536048606e-02 1.638347994e-02 1.744083365e-02
 1.847982816e-02 1.947506871e-02 2.041275580e-02 2.128533811e-02 2.208899990e-02
 2.282215388e-02 2.348436907e-02 2.407553559e-02 2.459519682e-02 2.504202395e-02
 2.541342186e-02 2.570525865e-02 2.591171161e-02 2.602521989e-02 2.603652650e-02
 2.593477985e-02 2.570765083e-02 2.534140660e-02 2.482086810e-02 2.412916356e-02
 2.324717169e-02 2.215251657e-02 2.081791765e-02 1.920858492e-02 1.727813537e-02
 1.496210937e-02 1.216745121e-02 8.755089810e-03 4.510550112e-03-9.069304445e-04
-9.175346353e-03-1.091319444e-02-4.911631763e-03 3.774544091e-04 4.331582044e-03
-4.896738816e-06-1.664013990e-05-4.267734774e-05-9.110465270e-05-1.703097723e-04
-2.877312315e-04-4.485144973e-04-6.493728545e-04-8.774601456e-04-1.137984445e-03
-1.418840436e-03-1.683089618e-03-1.914880200e-03-2.075620474e-03-2.106214445e-03
-1.933649463e-03-1.482421271e-03-6.946421289e-04 4.503688258e-04 1.929986197e-03
 3.690421318e-03 5.664708722e-03 7.780893480e-03 9.958586846e-03 1.208064261e-02
 1.402636222e-02 1.575883765e-02 1.732661543e-02 1.878573445e-02 2.015232255e-02
 2.142481456e-02 2.259920970e-02 2.367395106e-02 2.465065701e-02 2.553352471e-02
 2.632833543e-02 2.704138213e-02 2.767845459e-02 2.824394932e-02 2.874014162e-02
 2.916664236e-02 2.952005547e-02 2.979384616e-02 2.997842022e-02 3.006139686e-02
 3.002803294e-02 2.986172638e-02 2.954449640e-02 2.905731258e-02 2.838012541e-02
 2.749143505e-02 2.636721068e-02 2.497891114e-02 2.329020687e-02 2.125166175e-02
 1.879188505e-02 1.580199346e-02 1.210626459e-02 7.401190366e-03 1.100272720e-03
-7.815696675e-03-1.008557470e-02-3.247020526e-03 2.731843721e-03 6.999906508e-03
 2.392584695e-05 4.253134979e-05 4.817994213e-05 2.316734615e-05-5.137173077e-05
-1.930386131e-04-4.161226350e-04-7.292347833e-04-1.107196643e-03-1.578025136e-03
-2.132652849e-03-2.747129298e-03-3.407215006e-03-4.088052601e-03-4.703368849e-03
-5.083857331e-03-4.980458385e-03-4.162230359e-03-2.565113533e-03-3.354670145e-04
 2.276601097e-03 5.053166899e-03 7.852688726e-03 1.058848089e-02 1.320262698e-02
 1.565498394e-02 1.792204503e-02 1.999533736e-02 2.187584098e-02 2.356844951e-02
 2.508000941e-02 2.641988296e-02 2.760071939e-02 2.863836802e-02 2.955093517e-02
 3.035735915e-02 3.107586479e-02 3.172252444e-02 3.231002598e-02 3.284667774e-02
 3.333566685e-02 3.377460607e-02 3.415542582e-02 3.446466838e-02 3.468421181e-02
 3.479239515e-02 3.476544428e-02 3.457902407e-02 3.420968585e-02 3.363596046e-02
 3.283888775e-02 3.180187747e-02 3.050995340e-02 2.894863115e-02 2.710295954e-02
 2.495780068e-02 2.250177913e-02 1.974098142e-02 1.673848891e-02 1.372097952e-02
 1.129463296e-02 1.035577151e-02 1.106621263e-02 1.268014539e-02 1.453008054e-02
 9.697590959e-05 1.963310177e-04 2.941380777e-04 3.536046778e-04 3.349291879e-04
 2.007670028e-04-7.803503693e-05-5.128739500e-04-1.096127556e-03-1.830943258e-03
-2.709640394e-03-3.732882564e-03-4.936554666e-03-6.448928923e-03-8.458497092e-03
-1.079423814e-02-1.265037617e-02-1.197777101e-02-8.567559459e-03-3.681799381e-03
 9.348801865e-04 5.105462794e-03 8.917619149e-03 1.244062390e-02 1.570905167e-02
 1.873201961e-02 2.150331186e-02 2.400997914e-02 2.623958409e-02 2.818615062e-02
 2.985434115e-02 3.126114570e-02 3.243482201e-02 3.341169390e-02 3.423201445e-02
 3.493605331e-02 3.556104487e-02 3.613905138e-02 3.669545148e-02 3.724772152e-02
 3.780434598e-02 3.836393215e-02 3.891478420e-02 3.943523960e-02 3.989498844e-02
 4.025744001e-02 4.048301732e-02 4.053305846e-02 4.037378806e-02 3.997966949e-02
 3.933549716e-02 3.843692966e-02 3.728972395e-02 3.590848769e-02 3.431612523e-02
 3.254527408e-02 3.064295957e-02 2.867920389e-02 2.675822460e-02 2.502452295e-02
 2.364546716e-02 2.275637303e-02 2.240117427e-02 2.253769175e-02 2.302137473e-02
 2.581919543e-04 5.412903997e-04 8.582325453e-04 1.133782636e-03 1.283038427e-03
 1.224293368e-03 8.939550812e-04 2.644835141e-04-6.377224887e-04-1.767135873e-03
-3.019542452e-03-4.298836186e-03-5.563867641e-03-7.025583516e-03-9.069808287e-03
-1.207664214e-02-1.525790382e-02-1.445384204e-02-9.621739506e-03-2.647690893e-03
 2.918179458e-03 7.753131997e-03 1.214444218e-02 1.622848600e-02 2.005938629e-02
 2.363900682e-02 2.693348325e-02 2.988813765e-02 3.244574769e-02 3.456696177e-02
 3.624646810e-02 3.751802893e-02 3.844686872e-02 3.911471132e-02 3.960518966e-02
 3.999447252e-02 4.034753510e-02 4.071787529e-02 4.114806428e-02 4.166931030e-02
 4.229942456e-02 4.303979616e-02 4.387277200e-02 4.476082545e-02 4.564823841e-02
 4.646537727e-02 4.713546597e-02 4.758368955e-02 4.774773785e-02 4.758749963e-02
 4.709076638e-02 4.627286174e-02 4.517084049e-02 4.383533932e-02 4.232356469e-02
 4.069540673e-02 3.901267181e-02 3.733995156e-02 3.574481580e-02 3.429480706e-02
 3.304965449e-02 3.204485798e-02 3.136654669e-02 3.095144114e-02 3.075422807e-02
 5.806786339e-04 1.248217687e-03 2.050063394e-03 2.837015525e-03 3.417178458e-03
 3.592435178e-03 3.212263162e-03 2.201931881e-03 5.611937595e-04-1.665662740e-03
-4.046246013e-03-5.710656656e-03-6.202815873e-03-5.740670335e-03-5.087578531e-03
-4.376325324e-03-3.275757499e-03-1.381246969e-03 1.463093374e-03 5.070602834e-03
 9.107808025e-03 1.333645049e-02 1.764795614e-02 2.199670028e-02 2.634321305e-02
 3.061610004e-02 3.468531167e-02 3.835513625e-02 4.139946431e-02 4.364445559e-02
 4.505182711e-02 4.573684373e-02 4.590714626e-02 4.577746925e-02 4.551896052e-02
 4.525191263e-02 4.506016534e-02 4.500876616e-02 4.515642013e-02 4.555879628e-02
 4.626107427e-02 4.728286141e-02 4.860418435e-02 5.016038589e-02 5.184620391e-02
 5.352348532e-02 5.503000335e-02 5.619536360e-02 5.687113803e-02 5.696943481e-02
 5.648850501e-02 5.550619375e-02 5.414519813e-02 5.253400448e-02 5.078311555e-02
 4.897879304e-02 4.718660019e-02 4.545736977e-02 4.383177516e-02 4.234237017e-02
 4.101342659e-02 3.986144749e-02 3.893731281e-02 3.820506731e-02 3.762364334e-02
 1.136737989e-03 2.524669181e-03 4.350416539e-03 6.401498584e-03 8.199946147e-03
 8.991637381e-03 8.435742571e-03 6.779379619e-03 4.149777714e-03 2.632965886e-04
-4.694194225e-03-7.227796875e-03-6.623706036e-03-3.007112212e-03-3.185405436e-04
 1.872696421e-03 4.007444586e-03 6.351497586e-03 9.051916842e-03 1.216372301e-02
 1.568506868e-02 1.959750721e-02 2.389431368e-02 2.858975523e-02 3.370998590e-02
 3.925721135e-02 4.511047798e-02 5.080533338e-02 5.536189609e-02 5.780966408e-02
 5.796014350e-02 5.660597509e-02 5.472248619e-02 5.290609074e-02 5.133073270e-02
 5.003494209e-02 4.902017611e-02 4.827515135e-02 4.786496589e-02 4.790287327e-02
 4.857149896e-02 5.000619001e-02 5.219715782e-02 5.500946094e-02 5.822541902e-02
 6.161718601e-02 6.488817075e-02 6.760494573e-02 6.926798017e-02 6.954261017e-02
 6.849903012e-02 6.655705984e-02 6.418873803e-02 6.171347154e-02 5.929160233e-02
 5.699524845e-02 5.485217093e-02 5.287279278e-02 5.106153013e-02 4.941862670e-02
 4.794358636e-02 4.663616099e-02 4.552464140e-02 4.457508612e-02 4.376926826e-02
 1.848367108e-03 4.225620544e-03 7.657948808e-03 1.233945741e-02 1.824049859e-02
 2.030842199e-02 1.729251029e-02 1.427492098e-02 1.144806047e-02 8.615285738e-03
 6.087527916e-03 4.554548001e-03 4.397155455e-03 5.387845783e-03 6.883059703e-03
 8.593613072e-03 1.050094804e-02 1.265650333e-02 1.512013150e-02 1.794452205e-02
 2.117700563e-02 2.487024016e-02 2.909855902e-02 3.398118297e-02 3.972121934e-02
 4.668772110e-02 5.562913717e-02 6.839274336e-02 8.072045581e-02 8.391370793e-02
 7.741517220e-02 6.783465940e-02 6.212411597e-02 5.827972855e-02 5.549687701e-02
 5.336455591e-02 5.162418488e-02 5.007369901e-02 4.852929924e-02 4.697307782e-02
 4.669451622e-02 4.869424068e-02 5.285959628e-02 5.828297620e-02 6.403402304e-02
 7.035101611e-02 7.759681521e-02 8.530769537e-02 9.030704123e-02 9.018863999e-02
 8.489503359e-02 7.899610514e-02 7.417597857e-02 7.022952358e-02 6.690889907e-02
 6.404807777e-02 6.154014002e-02 5.931437291e-02 5.732888772e-02 5.554963353e-02
 5.395981515e-02 5.254686880e-02 5.129866513e-02 5.018885298e-02 4.919025414e-02
 2.446878071e-03 5.608876245e-03 1.018119417e-02 1.632211290e-02 2.362817180e-02
 2.627936040e-02 2.305784224e-02 2.021626215e-02 1.797328288e-02 1.613271751e-02
 1.469121731e-02 1.370981451e-02 1.326975473e-02 1.337120942e-02 1.395145104e-02
 1.493694020e-02 1.627917158e-02 1.796023781e-02 1.998484821e-02 2.237243212e-02
 2.515357640e-02 2.837091301e-02 3.208367704e-02 3.637516914e-02 4.136139308e-02
 4.719147915e-02 5.398752153e-02 6.144391818e-02 6.761926546e-02 7.010171594e-02
 6.851655536e-02 6.486192283e-02 6.137317300e-02 5.855902801e-02 5.634533809e-02
 5.457381087e-02 5.308009097e-02 5.168098994e-02 5.012480995e-02 4.803404939e-02
 4.727737977e-02 4.950082324e-02 5.490968152e-02 6.137347413e-02 6.781178298e-02
 7.487961821e-02 8.339346045e-02 9.425178106e-02 1.004720193e-01 9.970890010e-02
 9.191204793e-02 8.484263599e-02 7.961650468e-02 7.550539746e-02 7.211485957e-02
 6.922438755e-02 6.670391623e-02 6.447269336e-02 6.247825550e-02 6.068501750e-02
 5.906764828e-02 5.760682160e-02 5.628627889e-02 5.509143450e-02 5.401452617e-02
 2.823876877e-03 6.437373798e-03 1.158047396e-02 1.831697025e-02 2.613085829e-02
 2.900079110e-02 2.546069789e-02 2.366271091e-02 2.234147518e-02 2.119527630e-02
 2.023680041e-02 1.953344674e-02 1.913135011e-02 1.905617335e-02 1.931463721e-02
 1.990195296e-02 2.081025562e-02 2.203435686e-02 2.357406274e-02 2.543409815e-02
 2.762278676e-02 3.014985885e-02 3.302269683e-02 3.623898715e-02 3.977186500e-02
 4.354172829e-02 4.737177246e-02 5.094706911e-02 5.384285994e-02 5.576300523e-02
 5.662140008e-02 5.660105729e-02 5.607713868e-02 5.537146303e-02 5.468539856e-02
 5.412289134e-02 5.373557006e-02 5.356529435e-02 5.369110981e-02 5.428280250e-02
 5.559975525e-02 5.785078014e-02 6.104015460e-02 6.496439165e-02 6.935212284e-02
 7.395196919e-02 7.843938245e-02 8.226460256e-02 8.471644740e-02 8.534504460e-02
 8.430399346e-02 8.221740216e-02 7.970964820e-02 7.714555443e-02 7.468330704e-02
 7.237834049e-02 7.024302534e-02 6.827315667e-02 6.645880063e-02 6.478855524e-02
 6.325109990e-02 6.183563948e-02 6.053194187e-02 5.933037671e-02 5.822737931e-02
 3.053289507e-03 6.935941764e-03 1.241685401e-02 1.952295776e-02 2.766246910e-02
 3.080019386e-02 2.778197891e-02 2.642594997e-02 2.555868873e-02 2.475283028e-02
 2.406243726e-02 2.352572820e-02 2.317538266e-02 2.303696951e-02 2.312856212e-02
 2.346176269e-02 2.404345920e-02 2.487749749e-02 2.596568397e-02 2.730785162e-02
 2.890090145e-02 3.073672800e-02 3.279884020e-02 3.505747444e-02 3.746335615e-02
 3.994144203e-02 4.238828313e-02 4.467917796e-02 4.669017588e-02 4.832422663e-02
 4.960103066e-02 5.053204868e-02 5.119434839e-02 5.170232786e-02 5.216367654e-02
 5.267359528e-02 5.331482708e-02 5.416323737e-02 5.529395108e-02 5.678143766e-02
 5.868811686e-02 6.104267102e-02 6.381781904e-02 6.692043422e-02 7.019570603e-02
 7.343691712e-02 7.639853337e-02 7.882365029e-02 8.049562459e-02 8.130085463e-02
 8.126536920e-02 8.053559156e-02 7.931461009e-02 7.779693728e-02 7.613349466e-02
 7.442656785e-02 7.273929728e-02 7.110774433e-02 6.955069192e-02 6.807639892e-02
 6.668690185e-02 6.538064175e-02 6.415402886e-02 6.300214719e-02 6.190771561e-02
 3.211970751e-03 7.283986466e-03 1.301034307e-02 2.040105399e-02 2.886320127e-02
 3.235511986e-02 2.956540834e-02 2.856024751e-02 2.793878957e-02 2.734920271e-02
 2.681334696e-02 2.636051270e-02 2.601835599e-02 2.581122288e-02 2.575933855e-02
 2.587859362e-02 2.618070837e-02 2.667350599e-02 2.736104913e-02 2.824346337e-02
 2.931635455e-02 3.056981028e-02 3.198707379e-02 3.354312952e-02 3.520367371e-02
 3.692523143e-02 3.865736600e-02 4.034770309e-02 4.194959993e-02 4.343074827e-02
 4.477829112e-02 4.600403156e-02 4.716508894e-02 4.828468671e-02 4.941436856e-02
 5.059953228e-02 5.192413252e-02 5.343970937e-02 5.520053315e-02 5.724442691e-02
 5.957348779e-02 6.219919781e-02 6.510616565e-02 6.824001889e-02 7.149173068e-02
 7.467390559e-02 7.752330872e-02 7.978431386e-02 8.128687306e-02 8.196791457e-02
 8.188315421e-02 8.120620933e-02 8.015559105e-02 7.889904661e-02 7.754154405e-02
 7.614746912e-02 7.475662374e-02 7.339323756e-02 7.207139873e-02 7.079857883e-02
 6.957798763e-02 6.841014605e-02 6.729392818e-02 6.622748718e-02 6.521927629e-02
 3.343774886e-03 7.576152978e-03 1.351520798e-02 2.115816555e-02 2.990474932e-02
 3.369181058e-02 3.117146498e-02 3.032997760e-02 2.988071236e-02 2.939837517e-02
 2.891272532e-02 2.845424452e-02 2.805145733e-02 2.772953852e-02 2.750984604e-02
 2.740989284e-02 2.744347243e-02 2.762078928e-02 2.794850470e-02 2.842963912e-02
 2.906333732e-02 2.984455738e-02 3.076378561e-02 3.180693392e-02 3.295562681e-02
 3.418809982e-02 3.548086515e-02 3.681110322e-02 3.815954243e-02 3.951331639e-02
 4.086816890e-02 4.222940686e-02 4.361206815e-02 4.504424143e-02 4.655341116e-02
 4.816537281e-02 4.992648214e-02 5.187477352e-02 5.404616511e-02 5.646912916e-02
 5.916025508e-02 6.214608310e-02 6.545699147e-02 6.912994225e-02 7.322585019e-02
 7.793803635e-02 8.221050626e-02 8.522607372e-02 8.683150237e-02 8.693183435e-02
 8.554900478e-02 8.343984968e-02 8.176487463e-02 8.029349436e-02 7.894693778e-02
 7.768452880e-02 7.648337780e-02 7.533030369e-02 7.421746835e-02 7.313994790e-02
 7.209440929e-02 7.107841387e-02 7.009006520e-02 6.912766529e-02 6.818195608e-02
 3.472314910e-03 7.866205449e-03 1.402883259e-02 2.195121690e-02 3.099130604e-02
 3.503887310e-02 3.283843891e-02 3.217027905e-02 3.175130779e-02 3.122624562e-02
 3.065320676e-02 3.007402947e-02 2.951997989e-02 2.901577867e-02 2.858170241e-02
 2.823464432e-02 2.798866630e-02 2.785530054e-02 2.784372003e-02 2.796063349e-02
 2.821006170e-02 2.859319043e-02 2.910832682e-02 2.975101684e-02 3.051440204e-02
 3.138990891e-02 3.236839062e-02 3.344111762e-02 3.460094312e-02 3.584347485e-02
 3.716806699e-02 3.857847559e-02 4.008299115e-02 4.169401915e-02 4.342731255e-02
 4.530148410e-02 4.733758679e-02 4.955823433e-02 5.198716575e-02 5.465001563e-02
 5.757672840e-02 6.080568527e-02 6.439034224e-02 6.841208215e-02 7.300076858e-02
 7.830633353e-02 8.308225442e-02 8.629382883e-02 8.794870772e-02 8.799894456e-02
 8.638157189e-02 8.408514996e-02 8.235927011e-02 8.099466351e-02 7.984342257e-02
 7.881946877e-02 7.787154736e-02 7.696860426e-02 7.609168875e-02 7.522927699e-02
 7.437448753e-02 7.352338630e-02 7.267394740e-02 7.182549742e-02 7.098149640e-02
 3.601203174e-03 8.163975538e-03 1.457646807e-02 2.284869624e-02 3.241339425e-02
 3.724320392e-02 3.579004939e-02 3.468395476e-02 3.382326148e-02 3.297884945e-02
 3.213984802e-02 3.131631304e-02 3.052124418e-02 2.976824865e-02 2.907078717e-02
 2.844182889e-02 2.789367971e-02 2.743791385e-02 2.708641534e-02 2.685043279e-02
 2.673936922e-02 2.676067503e-02 2.691974798e-02 2.721985558e-02 2.766206292e-02
 2.824509019e-02 2.896901907e-02 2.983321803e-02 3.083677518e-02 3.197906255e-02
 3.326036143e-02 3.468276404e-02 3.624997087e-02 3.796712260e-02 3.984066112e-02
 4.187810229e-02 4.408773539e-02 4.647840410e-02 4.905961697e-02 5.184265721e-02
 5.484467965e-02 5.810261726e-02 6.163451643e-02 6.545383422e-02 6.957274253e-02
 7.399827602e-02 7.806280032e-02 8.100278184e-02 8.270546520e-02 8.303598743e-02
 8.249134032e-02 8.186895289e-02 8.123142537e-02 8.063574965e-02 8.007310688e-02
 7.952586771e-02 7.897725019e-02 7.841435518e-02 7.782842448e-02 7.721423634e-02
 7.656932187e-02 7.589322826e-02 7.518688474e-02 7.445223267e-02 7.370052231e-02
 3.712148507e-03 8.420928868e-03 1.505032458e-02 2.362633129e-02 3.357663674e-02
 3.891032344e-02 3.808166927e-02 3.671100484e-02 3.549690232e-02 3.432568521e-02
 3.319256554e-02 3.209015228e-02 3.101854304e-02 2.998270021e-02 2.899049536e-02
 2.805154187e-02 2.717652376e-02 2.637923976e-02 2.567522421e-02 2.507959881e-02
 2.460674485e-02 2.427002486e-02 2.408154514e-02 2.405196442e-02 2.419036607e-02
 2.450423271e-02 2.499961298e-02 2.568088098e-02 2.655046155e-02 2.760839718e-02
 2.885153294e-02 3.028173287e-02 3.189941124e-02 3.370360751e-02 3.569292006e-02
 3.786560910e-02 4.021895557e-02 4.274869802e-02 4.544787246e-02 4.830436476e-02
 5.130023109e-02 5.439006141e-02 5.780485242e-02 6.131977276e-02 6.481208259e-02
 6.816997395e-02 7.124440788e-02 7.387640826e-02 7.596832020e-02 7.751110204e-02
 7.858137017e-02 7.929642814e-02 7.975980715e-02 8.004100011e-02 8.018094752e-02
 8.020256000e-02 8.011880967e-02 7.993785709e-02 7.966595113e-02 7.930890151e-02
 7.887271184e-02 7.836375132e-02 7.778868986e-02 7.715405983e-02 7.644998164e-02
 3.786846870e-03 8.590026799e-03 1.535041812e-02 2.408904106e-02 3.421924397e-02
 3.971800483e-02 3.899752761e-02 3.764736771e-02 3.631768833e-02 3.497820314e-02
 3.363331957e-02 3.228914804e-02 3.095173981e-02 2.962818422e-02 2.832693531e-02
 2.705780708e-02 2.583494212e-02 2.467667750e-02 2.360216694e-02 2.263100230e-02
 2.178283532e-02 2.107699990e-02 2.053213726e-02 2.016582896e-02 1.999424472e-02
 2.003181019e-02 2.029088976e-02 2.078144712e-02 2.151071325e-02 2.248289546e-02
 2.369899893e-02 2.515693999e-02 2.685044804e-02 2.876764943e-02 3.089880379e-02
 3.323610064e-02 3.576820623e-02 3.848214608e-02 4.136240160e-02 4.439074312e-02
 4.754644576e-02 5.078563933e-02 5.402949635e-02 5.747311737e-02 6.089252148e-02
 6.415301062e-02 6.721193156e-02 7.000637802e-02 7.248945790e-02 7.463845576e-02
 7.645521232e-02 7.795947761e-02 7.917942383e-02 8.014395642e-02 8.087881070e-02
 8.140573507e-02 8.174321986e-02 8.190761458e-02 8.191406468e-02 8.177709693e-02
 8.151087851e-02 8.112924433e-02 8.064559863e-02 8.007302711e-02 7.943549770e-02
 3.824643041e-03 8.673030394e-03 1.549121343e-02 2.429331580e-02 3.451594463e-02
 4.012373515e-02 3.930680239e-02 3.793064595e-02 3.650976844e-02 3.502773194e-02
 3.349637677e-02 3.192643257e-02 3.032797219e-02 2.871105923e-02 2.708625524e-02
 2.546796588e-02 2.387696158e-02 2.233562870e-02 2.086773174e-02 1.949809479e-02
 1.825221462e-02 1.715581575e-02 1.623435736e-02 1.551250319e-02 1.501356660e-02
 1.475894394e-02 1.476754862e-02 1.505525772e-02 1.563438869e-02 1.651322352e-02
 1.769559226e-02 1.918050815e-02 2.096178632e-02 2.302778358e-02 2.536148691e-02
 2.793948698e-02 3.073207819e-02 3.372262896e-02 3.688949899e-02 4.020873832e-02
 4.365339690e-02 4.719354532e-02 5.079597154e-02 5.442036404e-02 5.801741444e-02
 6.153081264e-02 6.490436558e-02 6.808736615e-02 7.103708117e-02 7.372063098e-02
 7.611581194e-02 7.821058274e-02 8.000160339e-02 8.149248552e-02 8.269225301e-02
 8.361417499e-02 8.427488134e-02 8.469359642e-02 8.489137739e-02 8.489032926e-02
 8.471283191e-02 8.438083855e-02 8.391529472e-02 8.333558556e-02 8.265516483e-02
 3.834401413e-03 8.692677656e-03 1.551996639e-02 2.432534370e-02 3.449962036e-02
 3.999196592e-02 3.925111456e-02 3.780484673e-02 3.626283690e-02 3.462036906e-02
 3.288955760e-02 3.108161568e-02 2.920749787e-02 2.727825129e-02 2.530759673e-02
 2.331803469e-02 2.133431976e-02 1.938339340e-02 1.749419772e-02 1.569737202e-02
 1.402483751e-02 1.250927757e-02 1.118352501e-02 1.007987128e-02 9.229317095e-03
 8.660787402e-03 8.400336364e-03 8.470369699e-03 8.888911737e-03 9.668942213e-03
 1.081782240e-02 1.233682237e-02 1.422075335e-02 1.645771409e-02 1.902894076e-02
 2.190868577e-02 2.506425007e-02 2.845611216e-02 3.204239958e-02 3.579778826e-02
 3.969344086e-02 4.369757000e-02 4.777468974e-02 5.188494698e-02 5.598392571e-02
 6.002326688e-02 6.395208558e-02 6.771885126e-02 7.127343945e-02 7.456925858e-02
 7.756539544e-02 8.022865867e-02 8.253533314e-02 8.447241610e-02 8.603811067e-02
 8.724142793e-02 8.810089630e-02 8.864255240e-02 8.889752603e-02 8.889958156e-02
 8.868292904e-02 8.828050424e-02 8.772278536e-02 8.703704456e-02 8.624598262e-02
 3.825079173e-03 8.669767895e-03 1.547464362e-02 2.424567743e-02 3.439444646e-02
 3.987545616e-02 3.896256131e-02 3.740265200e-02 3.570497926e-02 3.387317639e-02
 3.191674799e-02 2.984548837e-02 2.766946230e-02 2.539935687e-02 2.305773856e-02
 2.067017849e-02 1.826528993e-02 1.587466555e-02 1.353269008e-02 1.127621486e-02
 9.144087836e-03 7.176540094e-03 5.414438173e-03 3.898419384e-03 2.667935411e-03
 1.760236666e-03 1.209335505e-03 1.044989776e-03 1.291748675e-03 1.968100064e-03
 3.085752203e-03 4.649073742e-03 6.654704900e-03 9.091340814e-03 1.193967451e-02
 1.517247408e-02 1.875476971e-02 2.264410527e-02 2.679080273e-02 3.113733516e-02
 3.564984697e-02 4.029858326e-02 4.505044429e-02 4.986789629e-02 5.470796270e-02
 5.952140103e-02 6.425223509e-02 6.883790184e-02 7.321037982e-02 7.729870390e-02
 8.103310905e-02 8.435060968e-02 8.720120813e-02 8.955341775e-02 9.139769470e-02
 9.274682238e-02 9.363313168e-02 9.410332801e-02 9.421226649e-02 9.401706016e-02
 9.357248427e-02 9.292803683e-02 9.212652529e-02 9.120401875e-02 9.020077925e-02
 3.803312105e-03 8.619180034e-03 1.538127840e-02 2.409333385e-02 3.415731948e-02
 3.952426705e-02 3.850726209e-02 3.680606285e-02 3.492562443e-02 3.287707757e-02
 3.066763445e-02 2.830477731e-02 2.579646458e-02 2.316072772e-02 2.042218479e-02
 1.760926639e-02 1.475432501e-02 1.189361315e-02 9.067108064e-03 6.318164377e-03
 3.692982746e-03 1.239891534e-03-9.915508129e-04-2.951613222e-03-4.591577820e-03
-5.865011519e-03-6.729071615e-03-7.145787723e-03-7.083260528e-03-6.516720765e-03
-5.429399588e-03-3.813173700e-03-1.668964399e-03 9.931122425e-04 4.153827695e-03
 7.785120798e-03 1.185052307e-02 1.630566054e-02 2.109874671e-02 2.617096662e-02
 3.145680661e-02 3.691970996e-02 4.253461803e-02 4.827154102e-02 5.409322213e-02
 5.995215282e-02 6.578705988e-02 7.151937869e-02 7.705092508e-02 8.226483851e-02
 8.703223982e-02 9.122584667e-02 9.473866351e-02 9.750250625e-02 9.950012820e-02
 1.007667563e-01 1.013805970e-01 1.014458159e-01 1.010739988e-01 1.003695847e-01
 9.942169045e-02 9.830161505e-02 9.706390145e-02 9.574869562e-02 9.436776521e-02
 3.773775175e-03 8.551298411e-03 1.525786870e-02 2.389549843e-02 3.384750417e-02
 3.905582108e-02 3.796309615e-02 3.608065348e-02 3.399630840e-02 3.170950547e-02
 2.922442993e-02 2.654559451e-02 2.368394093e-02 2.066118497e-02 1.750352779e-02
 1.424193049e-02 1.091228007e-02 7.555410392e-03 4.216943883e-03 9.469256638e-04
-2.200769864e-03-5.169268592e-03-7.899756985e-03-1.033275173e-02-1.240954076e-02
-1.407374193e-02-1.527291197e-02-1.596012928e-02-1.609547029e-02-1.564730152e-02
-1.459331924e-02-1.292128394e-02-1.062941742e-02-7.726454212e-03-4.231363901e-03
-1.727850868e-04 4.411766917e-03 9.476838212e-03 1.497002579e-02 2.083291258e-02
 2.700183222e-02 3.340832067e-02 4.003630515e-02 4.687468251e-02 5.390670926e-02
 6.110475424e-02 6.842197155e-02 7.577973867e-02 8.305070530e-02 9.004158374e-02
 9.648933935e-02 1.020913645e-01 1.065728023e-01 1.097597668e-01 1.116240833e-01
 1.122875237e-01 1.119835337e-01 1.109868413e-01 1.095455231e-01 1.078474297e-01
 1.060196862e-01 1.041424285e-01 1.022636093e-01 1.004106681e-01 9.860839883e-02
 3.739906246e-03 8.473754576e-03 1.511762682e-02 2.367232715e-02 3.356114036e-02
 3.872982890e-02 3.733978289e-02 3.528207812e-02 3.298122550e-02 3.044276768e-02
 2.766805910e-02 2.465870192e-02 2.143191838e-02 1.800987445e-02 1.442010068e-02
 1.069585428e-02 6.876368083e-03 3.006936201e-03-8.612092917e-04-4.671269796e-03
-8.361528798e-03-1.186629281e-02-1.511712223e-02-1.804432934e-02-2.057869863e-02
-2.265336358e-02-2.420575534e-02-2.517952528e-02-2.552633710e-02-2.520742620e-02
-2.419483505e-02-2.247225215e-02-2.003540823e-02-1.689201275e-02-1.306124451e-02
-8.572838746e-03-3.465837039e-03 2.212916034e-03 8.410433502e-03 1.506929980e-02
 2.212932256e-02 2.952897562e-02 3.722760766e-02 4.524742795e-02 5.361578415e-02
 6.236299609e-02 7.151658698e-02 8.108705119e-02 9.103292973e-02 1.011727408e-01
 1.109913603e-01 1.195290134e-01 1.258537179e-01 1.294780849e-01 1.303470125e-01
 1.288782576e-01 1.259550331e-01 1.224996340e-01 1.190204840e-01 1.157120891e-01
 1.126320840e-01 1.097834139e-01 1.071480562e-01 1.047013044e-01 1.024180972e-01
 3.704469855e-03 8.392732622e-03 1.497139040e-02 2.343988866e-02 3.317994033e-02
 3.813262814e-02 3.671374647e-02 3.446102206e-02 3.193974692e-02 2.914579538e-02
 2.607665377e-02 2.273807022e-02 1.914723774e-02 1.532681220e-02 1.130554380e-02
 7.118803684e-03 2.808963719e-03-1.574420036e-03-5.974671728e-03-1.032835530e-02
-1.456596694e-02-1.861298259e-02-2.239126169e-02-2.582078352e-02-2.882166471e-02
-3.131637935e-02-3.323207867e-02-3.450288895e-02-3.507205713e-02-3.489381448e-02
-3.393484180e-02-3.217524223e-02-2.960895969e-02-2.624361705e-02-2.209978510e-02
-1.720972603e-02-1.161567987e-02-5.367774343e-03 1.478363445e-03 8.864235674e-03
 1.673132534e-02 2.502422181e-02 3.369417777e-02 4.276849820e-02 5.232586122e-02
 6.247453401e-02 7.336552313e-02 8.521385497e-02 9.833734530e-02 1.132493916e-01
 1.310352920e-01 1.465066098e-01 1.565488324e-01 1.605277736e-01 1.582445106e-01
 1.507268792e-01 1.406866721e-01 1.331104645e-01 1.270395569e-01 1.220191721e-01
 1.177676963e-01 1.140936931e-01 1.108615538e-01 1.079726454e-01 1.053483016e-01
 3.669863760e-03 8.313644384e-03 1.482875788e-02 2.321358191e-02 3.285682599e-02
 3.770216231e-02 3.610045294e-02 3.366453100e-02 3.093059463e-02 2.789035151e-02
 2.453796034e-02 2.088361861e-02 1.694390684e-02 1.274157550e-02 8.306261383e-03
 3.675124460e-03-1.106660783e-03-5.985626773e-03-1.090001296e-02-1.578010512e-02
-2.054896312e-02-2.512356811e-02-2.941639595e-02-3.333739305e-02-3.679629784e-02
-3.970521661e-02-4.198133233e-02-4.354960130e-02-4.434527982e-02-4.431612359e-02
-4.342411725e-02-4.164661917e-02-3.897684555e-02-3.542366246e-02-3.101069968e-02
-2.577484098e-02-1.976417448e-02-1.303550130e-02-5.651494738e-03 2.322426041e-03
 1.082150151e-02 1.978540411e-02 2.916261658e-02 3.893319612e-02 4.918846397e-02
 6.005749683e-02 7.172577119e-02 8.446714877e-02 9.869947105e-02 1.150812613e-01
 1.351153531e-01 1.509371126e-01 1.659478447e-01 1.682052002e-01 1.649873753e-01
 1.562767416e-01 1.447112616e-01 1.362104054e-01 1.295723954e-01 1.242128798e-01
 1.197553303e-01 1.159519218e-01 1.126346334e-01 1.096865089e-01 1.070358838e-01
 3.638227938e-03 8.241346420e-03 1.469840168e-02 2.300684359e-02 3.257564283e-02
 3.734509938e-02 3.552933046e-02 3.293706254e-02 3.000884008e-02 2.674266994e-02
 2.313408774e-02 1.919345915e-02 1.493690852e-02 1.038722904e-02 5.574753535e-03
 5.381319386e-04-4.675052049e-03-1.000789885e-02-1.539412148e-02-2.075835627e-02
-2.601691601e-02-3.107902586e-02-3.584855452e-02-4.022621827e-02-4.411219593e-02
-4.740905277e-02-5.002483408e-02-5.187616058e-02-5.289114200e-02-5.301192460e-02
-5.219670579e-02-5.042108216e-02-4.767864427e-02-4.398078592e-02-3.935575254e-02
-3.384700450e-02-2.751101211e-02-2.041462423e-02-1.263216053e-02-4.242368219e-03
 4.674638347e-03 1.404036632e-02 2.378079546e-02 3.382901698e-02 4.419671400e-02
 5.495494630e-02 6.618960516e-02 7.800014800e-02 9.048782515e-02 1.037011581e-01
 1.172485335e-01 1.289368339e-01 1.378967808e-01 1.428599150e-01 1.433656855e-01
 1.400805066e-01 1.348998837e-01 1.299599892e-01 1.255706478e-01 1.216933502e-01
 1.182481513e-01 1.151563190e-01 1.123501819e-01 1.097742631e-01 1.073686701e-01
 3.611447538e-03 8.180137996e-03 1.458804182e-02 2.283162002e-02 3.228584982e-02
 3.688109008e-02 3.506599521e-02 3.232145239e-02 2.922804732e-02 2.577010265e-02
 2.194499132e-02 1.776222531e-02 1.323740923e-02 8.393254487e-03 3.260568201e-03
-2.120850604e-03-7.701483043e-03-1.342161358e-02-1.921119044e-02-2.499010570e-02
-3.066896559e-02-3.615040035e-02-4.133093210e-02-4.610338003e-02-5.035973769e-02
-5.399441058e-02-5.690765981e-02-5.900906388e-02-6.022079156e-02-6.048047838e-02
-5.974351812e-02-5.798462021e-02-5.519853798e-02-5.139993777e-02-4.662244655e-02
-4.091697825e-02-3.434949159e-02-2.699836828e-02-1.895162142e-02-1.030414984e-02
-1.155253265e-03 8.393375075e-03 1.823894040e-02 2.827782094e-02 3.841118024e-02
 4.863822335e-02 5.894049716e-02 6.926492504e-02 7.949541959e-02 8.941172064e-02
 9.865633237e-02 1.067701680e-01 1.133128471e-01 1.179816938e-01 1.207062581e-01
 1.216930724e-01 1.213633686e-01 1.201901080e-01 1.185466881e-01 1.166697891e-01
 1.146937748e-01 1.126909414e-01 1.106986561e-01 1.087353778e-01 1.068175605e-01
 3.591100189e-03 8.133627388e-03 1.450417899e-02 2.269872201e-02 3.212462460e-02
 3.672059533e-02 3.469762289e-02 3.185308339e-02 2.863440754e-02 2.503050339e-02
 2.104062412e-02 1.667354178e-02 1.194437457e-02 6.875686729e-03 1.498566363e-03
-4.146387474e-03-1.000824992e-02-1.602521807e-02-2.212441590e-02-2.822214750e-02
-3.422467819e-02-4.002960011e-02-4.552780619e-02-5.060605362e-02-5.515004929e-02
-5.904793826e-02-6.219402906e-02-6.449255218e-02-6.586122634e-02-6.623440613e-02
-6.556560574e-02-6.382923690e-02-6.102145998e-02-5.716012031e-02-5.228381737e-02
-4.645022627e-02-3.973384972e-02-3.222342132e-02-2.401920397e-02-1.523043456e-02
-5.973160372e-03 3.631296028e-03 1.345700973e-02 2.337301869e-02 3.324150066e-02
 4.298046904e-02 5.253959947e-02 6.184099257e-02 7.077345196e-02 7.919047541e-02
 8.691719683e-02 9.377034399e-02 9.958925772e-02 1.042691438e-01 1.077853442e-01
 1.101992653e-01 1.116423173e-01 1.122839007e-01 1.122973877e-01 1.118366236e-01
 1.110263165e-01 1.099622560e-01 1.087159314e-01 1.073400746e-01 1.058774177e-01
 3.578382696e-03 8.104554362e-03 1.445175425e-02 2.261547859e-02 3.198016379e-02
 3.648431700e-02 3.447485052e-02 3.156054212e-02 2.826341795e-02 2.456828338e-02
 2.047540276e-02 1.599305545e-02 1.113602544e-02 5.926753097e-03 3.964700508e-04
-5.413755355e-03-1.145214728e-02-1.765562129e-02-2.394955274e-02-3.024801187e-02
-3.645455054e-02-4.246360253e-02-4.816252461e-02-5.343426131e-02-5.816056406e-02
-6.222564164e-02-6.552006812e-02-6.794473435e-02-6.941460586e-02-6.986204851e-02
-6.923950550e-02-6.752135564e-02-6.470484767e-02-6.081008294e-02-5.587909987e-02
-4.997418914e-02-4.317563001e-02-3.557908026e-02-2.729287152e-02-1.843545723e-02
-9.133235905e-03 4.810724255e-04 1.026937997e-02 2.008848155e-02 2.978968183e-02
 3.924364093e-02 4.839940559e-02 5.718905547e-02 6.552885883e-02 7.332297131e-02
 8.047041391e-02 8.687525103e-02 9.245862439e-02 9.717013198e-02 1.009956359e-01
 1.039592794e-01 1.061191529e-01 1.075580384e-01 1.083720507e-01 1.086600940e-01
 1.085159979e-01 1.080238110e-01 1.072557398e-01 1.062716738e-01 1.051100395e-01
 3.574046011e-03 8.094638733e-03 1.443386920e-02 2.258704443e-02 3.193092201e-02
 3.640006149e-02 3.440136746e-02 3.146105265e-02 2.813745514e-02 2.441157371e-02
 2.028395433e-02 1.576271850e-02 1.086254181e-02 5.605824182e-03 2.384539365e-05
-5.842168951e-03-1.194015722e-02-1.820660378e-02-2.456629477e-02-3.093254680e-02
-3.720799547e-02-4.328600725e-02-4.905274333e-02-5.438985871e-02-5.917776685e-02
-6.329934520e-02-6.664390537e-02-6.911121022e-02-7.061529698e-02-7.108786318e-02
-7.048099541e-02-6.876906772e-02-6.594970293e-02-6.204376901e-02-5.709446570e-02
-5.116563251e-02-4.433947213e-02-3.671392371e-02-2.839993771e-02-1.951889466e-02
-1.020037677e-02-5.804445082e-04 9.199509429e-03 1.899335997e-02 2.865046644e-02
 3.802726531e-02 4.707477194e-02 5.573023525e-02 6.391938362e-02 7.156055827e-02
 7.857085787e-02 8.487389781e-02 9.040817158e-02 9.513453004e-02 9.904121633e-02
 1.021453307e-01 1.044904493e-01 1.061410824e-01 1.071753560e-01 1.076774890e-01
 1.077313271e-01 1.074156142e-01 1.068011198e-01 1.059496000e-01 1.049239389e-01
 3.578350487e-03 8.104480341e-03 1.445161693e-02 2.261533795e-02 3.201207441e-02
 3.657886013e-02 3.446556409e-02 3.156050975e-02 2.826430377e-02 2.457003016e-02
 2.047810665e-02 1.599684525e-02 1.114105327e-02 5.933189105e-03 4.044975967e-04
-5.403944630e-03-1.144035887e-02-1.764166383e-02-2.393324459e-02-3.022918807e-02
-3.643306985e-02-4.243935414e-02-4.813543402e-02-5.340429464e-02-5.812773028e-02
-6.218999192e-02-6.548169160e-02-6.790374973e-02-6.937114825e-02-6.981625096e-02
-6.919147488e-02-6.747114233e-02-6.465240856e-02-6.075523714e-02-5.582147623e-02
-4.991316449e-02-4.311025696e-02-3.550800365e-02-2.721423323e-02-1.834679158e-02
-9.031361646e-03 6.001492943e-04 1.041052538e-02 2.025740592e-02 2.999274496e-02
 3.948985627e-02 4.869765001e-02 5.754700216e-02 6.595146241e-02 7.381069744e-02
 8.101766688e-02 8.746963251e-02 9.308157577e-02 9.779911646e-02 1.016074453e-01
 1.045335695e-01 1.066411788e-01 1.080199039e-01 1.087724226e-01 1.090028879e-01
 1.088087382e-01 1.082762293e-01 1.074789366e-01 1.064779880e-01 1.053150292e-01
 3.591039917e-03 8.133493956e-03 1.450394618e-02 2.269823267e-02 3.209144161e-02
 3.661588798e-02 3.470403459e-02 3.185381272e-02 2.863623679e-02 2.503383271e-02
 2.104570320e-02 1.668065196e-02 1.195383025e-02 6.887830713e-03 1.513763340e-03
-4.127759177e-03-9.985808248e-03-1.599858873e-02-2.209324511e-02-2.818611576e-02
-3.418351428e-02-3.998309464e-02-4.547582361e-02-5.054854161e-02-5.508704423e-02
-5.897956542e-02-6.212049639e-02-6.441413641e-02-6.577825041e-02-6.614720708e-02
-6.547449228e-02-6.373443576e-02-6.092305028e-02-5.705795431e-02-5.217742583e-02
-4.633870541e-02-3.961572607e-02-3.209648933e-02-2.388033089e-02-1.507532667e-02
-5.796086841e-03 3.837820394e-03 1.370256999e-02 2.366963865e-02 3.360390411e-02
 4.342963184e-02 5.309860332e-02 6.253321267e-02 7.161875876e-02 8.019919266e-02
 8.808295212e-02 9.506484760e-02 1.009624339e-01 1.056560331e-01 1.091184238e-01
 1.114222576e-01 1.127200582e-01 1.132045292e-01 1.130677105e-01 1.124748174e-01
 1.115555796e-01 1.104067109e-01 1.090985187e-01 1.076817310e-01 1.061966720e-01
 3.611351205e-03 8.179929473e-03 1.458769138e-02 2.283121863e-02 3.230397390e-02
 3.694692628e-02 3.506018854e-02 3.232203626e-02 2.923040695e-02 2.577442181e-02
 2.195164905e-02 1.777165024e-02 1.325007295e-02 8.409665559e-03 3.281263499e-03
-2.095317322e-03-7.670555242e-03-1.338474854e-02-1.916787796e-02-2.493988830e-02
-3.061145946e-02-3.608531578e-02-4.125809222e-02-4.602273619e-02-5.027137990e-02
-5.389857123e-02-5.680470912e-02-5.889949554e-02-6.010519744e-02-6.035951114e-02
-5.961784113e-02-5.785484367e-02-5.506514042e-02-5.126317123e-02-4.648222265e-02
-4.077273103e-02-3.420001036e-02-2.684159076e-02-1.878437306e-02-1.012180975e-02
-9.513202879e-04 8.627850498e-03 1.851609922e-02 2.861395241e-02 3.883196903e-02
 4.917774833e-02 5.964342855e-02 7.018816702e-02 8.070631155e-02 9.097523004e-02
 1.006018832e-01 1.090537464e-01 1.158113065e-01 1.205127966e-01 1.230705384e-01
 1.237362776e-01 1.230255832e-01 1.214973396e-01 1.195632996e-01 1.174634350e-01
 1.153226653e-01 1.132019775e-01 1.111288842e-01 1.091139532e-01 1.071642640e-01
 3.638065449e-03 8.240995062e-03 1.469781361e-02 2.300597701e-02 3.256602620e-02
 3.731926044e-02 3.553356494e-02 3.293743227e-02 3.001088603e-02 2.674690502e-02
 2.314101502e-02 1.920363944e-02 1.495095687e-02 1.040580657e-02 5.598555860e-03
 5.678741368e-04-4.638653813e-03-9.964148869e-03-1.534236878e-02-2.069802098e-02
-2.594751681e-02-3.100020734e-02-3.576011287e-02-4.012812352e-02-4.400460907e-02
-4.729233567e-02-4.989955067e-02-5.174306774e-02-5.275116906e-02-5.286614066e-02
-5.204627444e-02-5.026720342e-02-4.752248333e-02-4.382338808e-02-3.919794252e-02
-3.368926695e-02-2.735334724e-02-2.025636878e-02-1.247175763e-02-4.077060207e-03
 4.849236905e-03 1.423088586e-02 2.399703877e-02 3.408540595e-02 4.451738672e-02
 5.537535391e-02 6.676350016e-02 7.881215924e-02 9.167865096e-02 1.055286793e-01
 1.204030284e-01 1.328989571e-01 1.427196073e-01 1.478073253e-01 1.477276090e-01
 1.432704895e-01 1.367774681e-01 1.312100514e-01 1.264436674e-01 1.223280172e-01
 1.187301448e-01 1.155418457e-01 1.126777943e-01 1.100715356e-01 1.076617963e-01
 3.669579785e-03 8.313025631e-03 1.482771213e-02 2.321198542e-02 3.284365854e-02
 3.765716593e-02 3.609959487e-02 3.366338540e-02 3.093103397e-02 2.789295815e-02
 2.454334789e-02 2.089246585e-02 1.695696065e-02 1.275963903e-02 8.330178792e-03
 3.705761976e-03-1.068437515e-03-5.938978846e-03-1.084415749e-02-1.571434702e-02
-2.047272834e-02-2.503643724e-02-2.931813643e-02-3.322798854e-02-3.667597272e-02
-3.957445398e-02-4.184088384e-02-4.340048771e-02-4.418878141e-02-4.415376034e-02
-4.325761902e-02-4.147788688e-02-3.880790451e-02-3.525660923e-02-3.084764391e-02
-2.561784304e-02-1.961517930e-02-1.289626750e-02-5.523516841e-03 2.438007184e-03
 1.092400829e-02 1.987476686e-02 2.923957962e-02 3.900051724e-02 4.925086191e-02
 6.012275696e-02 7.180679045e-02 8.458555322e-02 9.889094592e-02 1.153975899e-01
 1.350577236e-01 1.521961172e-01 1.633531792e-01 1.678438601e-01 1.651900518e-01
 1.563891472e-01 1.449972292e-01 1.363792386e-01 1.296752458e-01 1.242852633e-01
 1.198200744e-01 1.160240986e-01 1.127248067e-01 1.098024897e-01 1.071803141e-01
 3.703979796e-03 8.391657113e-03 1.496955502e-02 2.343730800e-02 3.321378445e-02
 3.824296619e-02 3.669909394e-02 3.445668419e-02 3.193684659e-02 2.914476870e-02
 2.607819677e-02 2.274298244e-02 1.915639956e-02 1.534116993e-02 1.132609067e-02
 7.146557046e-03 2.844938600e-03-1.529240979e-03-5.919371421e-03-1.026211810e-02
-1.448811627e-02-1.852301916e-02-2.228890109e-02-2.570599140e-02-2.869468816e-02
-3.117777290e-02-3.308272353e-02-3.434400485e-02-3.490520637e-02-3.472089869e-02
-3.375809256e-02-3.199720759e-02-2.943248931e-02-2.607184964e-02-2.193614246e-02
-1.705791941e-02-1.147973563e-02-5.252088821e-03 1.568925623e-03 8.924177740e-03
 1.675425343e-02 2.500241771e-02 3.361790458e-02 4.262418969e-02 5.209435862e-02
 6.212758196e-02 7.285953074e-02 8.447834405e-02 9.725291919e-02 1.116123075e-01
 1.290842097e-01 1.450259195e-01 1.558734435e-01 1.579282710e-01 1.554487471e-01
 1.484733282e-01 1.389381998e-01 1.319206197e-01 1.262052098e-01 1.214248805e-01
 1.173460302e-01 1.138038112e-01 1.106780143e-01 1.078793177e-01 1.053351872e-01
 3.739086778e-03 8.471947793e-03 1.511452397e-02 2.366758718e-02 3.351723781e-02
 3.860887974e-02 3.733918907e-02 3.527316918e-02 3.297271378e-02 3.043551728e-02
 2.766287163e-02 2.465651087e-02 2.143375405e-02 1.801684212e-02 1.443335680e-02
 1.071657976e-02 6.905738483e-03 3.046089063e-03-8.112099710e-04-4.609471482e-03
-8.287130100e-03-1.177868404e-02-1.501592567e-02-1.792943797e-02-2.045031195e-02
-2.251201945e-02-2.405235673e-02-2.501536174e-02-2.535310089e-02-2.502722427e-02
-2.401019834e-02-2.228614508e-02-1.985124175e-02-1.671366545e-02-1.289309725e-02
-8.419829569e-03-3.333544856e-03 2.318147361e-03 8.481314849e-03 1.509733684e-02
 2.210444023e-02 2.943897730e-02 3.705634325e-02 4.497363669e-02 5.321097956e-02
 6.178829415e-02 7.071799450e-02 7.998877529e-02 8.952977192e-02 9.913291310e-02
 1.083201371e-01 1.163078655e-01 1.223181932e-01 1.259153571e-01 1.270527786e-01
 1.260969218e-01 1.237775924e-01 1.208442821e-01 1.177671096e-01 1.147638490e-01
 1.119192147e-01 1.092567327e-01 1.067729081e-01 1.044532052e-01 1.022808703e-01
 3.772444879e-03 8.548359697e-03 1.525280811e-02 2.388796973e-02 3.384311534e-02
 3.906627023e-02 3.794386254e-02 3.606377843e-02 3.397909472e-02 3.169265798e-02
 2.920890285e-02 2.653244960e-02 2.367439888e-02 2.065654593e-02 1.750514106e-02
 1.425116394e-02 1.093048862e-02 7.583902757e-03 4.256947369e-03 9.995491314e-04
-2.134574620e-03-5.088746372e-03-7.804388762e-03-1.022229324e-02-1.228405907e-02
-1.393364905e-02-1.511899498e-02-1.579357677e-02-1.591789567e-02-1.546076441e-02
-1.440034706e-02-1.272489629e-02-1.043315694e-02-7.534427838e-03-4.048298940e-03
-4.104658150e-06 4.559844556e-03 9.597172034e-03 1.505439131e-02 2.087180310e-02
 2.698422274e-02 3.332136971e-02 3.986401412e-02 4.659754489e-02 5.350115347e-02
 6.054277010e-02 6.767136563e-02 7.480597188e-02 8.182198140e-02 8.853901495e-02
 9.472133468e-02 1.001049825e-01 1.044526561e-01 1.076137465e-01 1.095624328e-01
 1.104012967e-01 1.103289411e-01 1.095826019e-01 1.083828735e-01 1.069037611e-01
 1.052685500e-01 1.035587756e-01 1.018258388e-01 1.001009581e-01 9.840872218e-02
 3.801191021e-03 8.614496563e-03 1.537322124e-02 2.408135180e-02 3.416155753e-02
 3.956352307e-02 3.848264331e-02 3.677759940e-02 3.489533228e-02 3.284604453e-02
 3.063705029e-02 2.827593109e-02 2.577071840e-02 2.313963855e-02 2.040733479e-02
 1.760223533e-02 1.475666160e-02 1.190680567e-02 9.092553639e-03 6.357136711e-03
 3.746598408e-03 1.309075181e-03-9.061014878e-04-2.849461911e-03-4.472582448e-03
-5.729354737e-03-6.577288501e-03-6.978790759e-03-6.902362592e-03-6.323657609e-03
-5.226354095e-03-3.602804945e-03-1.454445073e-03 1.208046211e-03 4.364811810e-03
 7.987078509e-03 1.203756395e-02 1.647096331e-02 2.123443847e-02 2.626800140e-02
 3.150492147e-02 3.690770203e-02 4.244934335e-02 4.809812572e-02 5.381550257e-02
 5.955346728e-02 6.525156661e-02 7.083409433e-02 7.620856796e-02 8.126720634e-02
 8.589326377e-02 8.997299207e-02 9.341154228e-02 9.614854332e-02 9.816828935e-02
 9.950106438e-02 1.002152339e-01 1.004029934e-01 1.001646386e-01 9.959581276e-02
 9.877985422e-02 9.778491878e-02 9.666431431e-02 9.545824797e-02 9.418477372e-02
 3.821710802e-03 8.662335862e-03 1.546187699e-02 2.422653328e-02 3.434356601e-02
 3.975790039e-02 3.892440493e-02 3.735638587e-02 3.565542586e-02 3.382169585e-02
 3.186488003e-02 2.979485059e-02 2.762167435e-02 2.535624854e-02 2.302113263e-02
 2.064186056e-02 1.824698612e-02 1.586802160e-02 1.353924992e-02 1.129739728e-02
 9.181161035e-03 7.230594631e-03 5.486359355e-03 3.988860191e-03 2.777291183e-03
 1.888622495e-03 1.356566900e-03 1.210566568e-03 1.474841386e-03 2.167537041e-03
 3.300004828e-03 4.876236056e-03 6.892463015e-03 9.336926791e-03 1.218979851e-02
 1.542322943e-02 1.900151008e-02 2.288128859e-02 2.701189830e-02 3.133431198e-02
 3.581480478e-02 4.042172967e-02 4.512040453e-02 4.987232282e-02 5.463441720e-02
 5.935841323e-02 6.399044378e-02 6.847122737e-02 7.273718028e-02 7.672278884e-02
 8.036437511e-02 8.360501768e-02 8.639991065e-02 8.872106144e-02 9.056017349e-02
 9.192893444e-02 9.285661735e-02 9.338562939e-02 9.356611414e-02 9.345076215e-02
 9.309065969e-02 9.253252247e-02 9.181725169e-02 9.097968763e-02 9.005655464e-02
 3.829043642e-03 8.680846647e-03 1.549963224e-02 2.429517770e-02 3.448564207e-02
 4.003072932e-02 3.918377338e-02 3.773205110e-02 3.618528298e-02 3.453975413e-02
 3.280815644e-02 3.100162122e-02 2.913095064e-02 2.720701233e-02 2.524370593e-02
 2.326342475e-02 2.129082001e-02 1.935273130e-02 1.747799407e-02 1.569712995e-02
 1.404192637e-02 1.254491368e-02 1.123875131e-02 1.015553802e-02 9.326065470e-03
 8.779037701e-03 8.540281719e-03 8.631975820e-03 9.071922273e-03 9.872888232e-03
 1.104203304e-02 1.258043194e-02 1.448270001e-02 1.673672337e-02 1.932348222e-02
 2.221687612e-02 2.538375207e-02 2.878343997e-02 3.237533105e-02 3.613194340e-02
 4.002191637e-02 4.401037630e-02 4.805885588e-02 5.212574615e-02 5.616699261e-02
 6.013658514e-02 6.398703599e-02 6.767045250e-02 7.114033921e-02 7.435376901e-02
 7.727352448e-02 7.986995958e-02 8.212243873e-02 8.402024136e-02 8.556282063e-02
 8.675933530e-02 8.762746240e-02 8.819162525e-02 8.848088186e-02 8.852676607e-02
 8.836134251e-02 8.801564931e-02 8.751859645e-02 8.689623060e-02 8.616936379e-02
 3.816169548e-03 8.654230291e-03 1.545872914e-02 2.424464091e-02 3.442624032e-02
 3.997075780e-02 3.921044818e-02 3.782053757e-02 3.639027387e-02 3.490521613e-02
 3.337427736e-02 3.180763629e-02 3.021484555e-02 2.860553248e-02 2.698992943e-02
 2.538269565e-02 2.380448603e-02 2.227760017e-02 2.082572462e-02 1.947359965e-02
 1.824662340e-02 1.717040279e-02 1.627026027e-02 1.557070672e-02 1.509489262e-02
 1.486404958e-02 1.489693440e-02 1.520928720e-02 1.581332055e-02 1.671725644e-02
 1.792491988e-02 1.943537348e-02 2.124253559e-02 2.333493376e-02 2.569582903e-02
 2.830172728e-02 3.112574650e-02 3.415104724e-02 3.735558722e-02 4.071389356e-02
 4.419561964e-02 4.776374303e-02 5.137265968e-02 5.497151654e-02 5.851377365e-02
 6.195623285e-02 6.525236262e-02 6.835517431e-02 7.122346384e-02 7.382600484e-02
 7.614303287e-02 7.816548041e-02 7.989292840e-02 8.133133794e-02 8.249123899e-02
 8.338652577e-02 8.403368263e-02 8.445119758e-02 8.465899797e-02 8.467784926e-02
 8.452873426e-02 8.423226416e-02 8.380817112e-02 8.327485510e-02 8.264762045e-02
 3.773883268e-03 8.560870373e-03 1.529914340e-02 2.401079326e-02 3.410674396e-02
 3.956281940e-02 3.883546525e-02 3.745394244e-02 3.613359636e-02 3.479575147e-02
 3.345691251e-02 3.212170583e-02 3.079504933e-02 2.948341041e-02 2.819495243e-02
 2.693938247e-02 2.573142666e-02 2.458946028e-02 2.353265890e-02 2.258060509e-02
 2.175290536e-02 2.106881350e-02 2.054686063e-02 2.020449637e-02 2.005774779e-02
 2.012090110e-02 2.040620061e-02 2.092352504e-02 2.168007796e-02 2.268013115e-02
 2.392490559e-02 2.541261912e-02 2.713732971e-02 2.908749613e-02 3.125647840e-02
 3.363775580e-02 3.622207300e-02 3.899890554e-02 4.195537652e-02 4.507494253e-02
 4.833494689e-02 5.170948648e-02 5.519576201e-02 5.851733992e-02 6.174441440e-02
 6.489929578e-02 6.787494554e-02 7.058976322e-02 7.298738230e-02 7.504332563e-02
 7.676353227e-02 7.817435895e-02 7.930975512e-02 8.020216776e-02 8.087889140e-02
 8.136191333e-02 8.166917186e-02 8.181602843e-02 8.181643493e-02 8.168366676e-02
 8.143067472e-02 8.107016780e-02 8.061454105e-02 8.007590080e-02 7.947344213e-02
 3.694168234e-03 8.379499635e-03 1.497472535e-02 2.350503230e-02 3.343539012e-02
 3.878225018e-02 3.779772394e-02 3.643125444e-02 3.521352847e-02 3.406373673e-02
 3.295263992e-02 3.187050885e-02 3.081744092e-02 2.979891694e-02 2.882336979e-02
 2.790089097e-02 2.704253575e-02 2.626305409e-02 2.557814936e-02 2.500301169e-02
 2.455201288e-02 2.423844301e-02 2.407428573e-02 2.407004040e-02 2.423461112e-02
 2.457530426e-02 2.509802514e-02 2.580702375e-02 2.670462573e-02 2.779078505e-02
 2.906312846e-02 3.052439273e-02 3.217566392e-02 3.401709081e-02 3.604903010e-02
 3.827202869e-02 4.068659615e-02 4.329331625e-02 4.609321558e-02 4.908927297e-02
 5.229281202e-02 5.564410543e-02 5.895786537e-02 6.235870300e-02 6.579470600e-02
 6.914419854e-02 7.221838768e-02 7.481836232e-02 7.682465058e-02 7.823005947e-02
 7.913992952e-02 7.970921758e-02 8.005227536e-02 8.023719782e-02 8.030237226e-02
 8.026793033e-02 8.014418125e-02 7.993695345e-02 7.965055188e-02 7.928919998e-02
 7.885761916e-02 7.836115261e-02 7.780566358e-02 7.719713910e-02 7.652980598e-02
 3.580737095e-03 8.116129337e-03 1.448684988e-02 2.269755564e-02 3.213252010e-02
 3.671846558e-02 3.502585416e-02 3.418818291e-02 3.344558257e-02 3.265941548e-02
 3.185776556e-02 3.106146607e-02 3.028822524e-02 2.955418505e-02 2.887433628e-02
 2.826262966e-02 2.773201184e-02 2.729446140e-02 2.696281469e-02 2.674832239e-02
 2.666032236e-02 2.670613011e-02 2.689094180e-02 2.721776204e-02 2.768733719e-02
 2.829803620e-02 2.904986915e-02 2.994203121e-02 3.097353047e-02 3.214381026e-02
 3.345346015e-02 3.490508851e-02 3.650310359e-02 3.825360459e-02 4.016428615e-02
 4.224423248e-02 4.450365376e-02 4.695364614e-02 4.960598338e-02 5.247253900e-02
 5.556177501e-02 5.886992722e-02 6.241327440e-02 6.624650916e-02 7.044049312e-02
 7.521586468e-02 7.970593168e-02 8.283244110e-02 8.437537686e-02 8.428162009e-02
 8.322610578e-02 8.233065081e-02 8.155119851e-02 8.085098341e-02 8.021434378e-02
 7.961479576e-02 7.902981497e-02 7.844289251e-02 7.784294989e-02 7.722321611e-02
 7.658015213e-02 7.591256826e-02 7.522095069e-02 7.450711244e-02 7.378048441e-02
 3.454109018e-03 7.824369617e-03 1.395280476e-02 2.182992089e-02 3.082721011e-02
 3.485256303e-02 3.259026887e-02 3.185788284e-02 3.145301952e-02 3.094068016e-02
 3.038158202e-02 2.981566018e-02 2.927430502e-02 2.878287601e-02 2.836230038e-02
 2.802999719e-02 2.780041044e-02 2.768533205e-02 2.769413021e-02 2.783351331e-02
 2.810739438e-02 2.851675039e-02 2.905958946e-02 2.973107625e-02 3.052390209e-02
 3.142900314e-02 3.243675450e-02 3.353798432e-02 3.472520216e-02 3.599383326e-02
 3.734325967e-02 3.877749683e-02 4.030532467e-02 4.193979415e-02 4.369729520e-02
 4.559702728e-02 4.766050963e-02 4.991022281e-02 5.236854785e-02 5.505794404e-02
 5.800345389e-02 6.123881611e-02 6.481645141e-02 6.882209104e-02 7.339761480e-02
 7.872625962e-02 8.354780839e-02 8.677275560e-02 8.841328953e-02 8.842100528e-02
 8.669342823e-02 8.427455279e-02 8.248135381e-02 8.107597311e-02 7.989639521e-02
 7.885163279e-02 7.788856311e-02 7.697543926e-02 7.609302584e-02 7.522962439e-02
 7.437817574e-02 7.353451973e-02 7.269631511e-02 7.186229075e-02 7.103230257e-02
 3.330022244e-03 7.545302175e-03 1.346112962e-02 2.107598394e-02 2.979647647e-02
 3.356216357e-02 3.096082193e-02 3.014016372e-02 2.965861295e-02 2.916001489e-02
 2.866437397e-02 2.820071299e-02 2.779692610e-02 2.747794141e-02 2.726503334e-02
 2.717565430e-02 2.722349888e-02 2.741862307e-02 2.776749754e-02 2.827290760e-02
 2.893371826e-02 2.974454715e-02 3.069544935e-02 3.177177714e-02 3.295443532e-02
 3.422077333e-02 3.554629034e-02 3.690712156e-02 3.828306128e-02 3.966057009e-02
 4.103508636e-02 4.241193091e-02 4.380613410e-02 4.524847582e-02 4.676665979e-02
 4.838287636e-02 5.014858419e-02 5.210084843e-02 5.427508784e-02 5.669694630e-02
 5.937466287e-02 6.233009165e-02 6.558606030e-02 6.916494951e-02 7.308958482e-02
 7.744855385e-02 8.138814079e-02 8.415388802e-02 8.571077389e-02 8.599149290e-02
 8.489852370e-02 8.312525970e-02 8.159442026e-02 8.019015985e-02 7.887720481e-02
 7.763160314e-02 7.643897612e-02 7.529085891e-02 7.418211870e-02 7.310937660e-02
 7.207012726e-02 7.106228045e-02 7.008393126e-02 6.913312632e-02 6.820279594e-02
 3.201782836e-03 7.261455187e-03 1.297148421e-02 2.034268397e-02 2.876646657e-02
 3.219117381e-02 2.946920863e-02 2.839035577e-02 2.774379103e-02 2.712393643e-02
 2.656258104e-02 2.609035752e-02 2.573559219e-02 2.552289610e-02 2.547237568e-02
 2.559949824e-02 2.591538410e-02 2.642721409e-02 2.713846908e-02 2.804880519e-02
 2.915346985e-02 3.044225074e-02 3.189804702e-02 3.349530437e-02 3.519880239e-02
 3.696360462e-02 3.873721333e-02 4.046476942e-02 4.209719769e-02 4.360055607e-02
 4.496115782e-02 4.618799521e-02 4.735732833e-02 4.847458876e-02 4.959651950e-02
 5.077344523e-02 5.208578857e-02 5.358733943e-02 5.533051969e-02 5.735145246e-02
 5.965310687e-02 6.224228328e-02 6.509884733e-02 6.816283741e-02 7.132200006e-02
 7.439839768e-02 7.715651791e-02 7.936073775e-02 8.084706290e-02 8.155326910e-02
 8.153109083e-02 8.093526871e-02 7.995501801e-02 7.874709106e-02 7.741993139e-02
 7.604418112e-02 7.466476019e-02 7.330939666e-02 7.199439675e-02 7.072856799e-02
 6.951587399e-02 6.835720831e-02 6.725156768e-02 6.619703045e-02 6.520021427e-02
 3.044585656e-03 6.917190612e-03 1.238559708e-02 1.947779874e-02 2.763582623e-02
 3.082928201e-02 2.767401687e-02 2.628518100e-02 2.535499577e-02 2.450029500e-02
 2.376717277e-02 2.319677470e-02 2.282397029e-02 2.267503812e-02 2.276736374e-02
 2.311097075e-02 2.371089915e-02 2.456936471e-02 2.568701994e-02 2.706308715e-02
 2.869435681e-02 3.057301431e-02 3.268310259e-02 3.499535014e-02 3.746040724e-02
 4.000174561e-02 4.251204316e-02 4.485998817e-02 4.691396823e-02 4.857382568e-02
 4.985511872e-02 5.077490004e-02 5.141433165e-02 5.189438708e-02 5.232687021e-02
 5.280820498e-02 5.342059829e-02 5.423895096e-02 5.533827072e-02 5.679469489e-02
 5.867382184e-02 6.100714209e-02 6.376812016e-02 6.686278392e-02 7.013602292e-02
 7.338217958e-02 7.635566676e-02 7.879495755e-02 8.047491794e-02 8.127550367e-02
 8.122337653e-02 8.047121072e-02 7.922863046e-02 7.769378440e-02 7.601853430e-02
 7.430474530e-02 7.261475481e-02 7.098387606e-02 6.943031758e-02 6.796192691e-02
 6.658044652e-02 6.528409715e-02 6.406911236e-02 6.293044529e-02 6.185118899e-02
 2.812832755e-03 6.414397937e-03 1.154499108e-02 1.827303849e-02 2.605372199e-02
 2.886319366e-02 2.538330005e-02 2.352936464e-02 2.209884539e-02 2.086312265e-02
 1.983026332e-02 1.907229382e-02 1.864029496e-02 1.855950857e-02 1.883157095e-02
 1.944508125e-02 2.038663046e-02 2.164757099e-02 2.322616137e-02 2.512694110e-02
 2.735899747e-02 2.993365657e-02 3.286088017e-02 3.614219359e-02 3.975583688e-02
 4.362720094e-02 4.757923271e-02 5.128150856e-02 5.427596531e-02 5.622839456e-02
 5.704733219e-02 5.694615645e-02 5.633590718e-02 5.555879697e-02 5.481895389e-02
 5.421482603e-02 5.378997963e-02 5.357754235e-02 5.364952517e-02 5.417900603e-02
 5.544798519e-02 5.769203919e-02 6.091779912e-02 6.490245334e-02 6.936541338e-02
 7.406698067e-02 7.869436194e-02 8.267108608e-02 8.520689027e-02 8.578785109e-02
 8.459583534e-02 8.234182821e-02 7.970596611e-02 7.705927925e-02 7.454826883e-02
 7.221671005e-02 7.006886343e-02 6.809543318e-02 6.628340528e-02 6.461954032e-02
 6.309142595e-02 6.168761399e-02 6.039747262e-02 5.921113038e-02 5.812501301e-02
 2.426617004e-03 5.564071073e-03 1.010570547e-02 1.621877562e-02 2.352240033e-02
 2.623972717e-02 2.312415776e-02 2.009152196e-02 1.767052255e-02 1.563585004e-02
 1.402980426e-02 1.295348866e-02 1.249631894e-02 1.264231454e-02 1.329510585e-02
 1.435469716e-02 1.576192248e-02 1.749809687e-02 1.957050648e-02 2.200137674e-02
 2.482349198e-02 2.808142340e-02 3.183709240e-02 3.617904205e-02 4.123477174e-02
 4.717998275e-02 5.419988023e-02 6.209951359e-02 6.872278650e-02 7.127414044e-02
 6.933686263e-02 6.523915072e-02 6.153232574e-02 5.862658865e-02 5.637760487e-02
 5.459612219e-02 5.310235910e-02 5.170024974e-02 5.011097701e-02 4.774187621e-02
 4.671293009e-02 4.890625818e-02 5.469346611e-02 6.131446741e-02 6.777889928e-02
 7.489810177e-02 8.361371977e-02 9.610987773e-02 1.026512926e-01 1.015671346e-01
 9.225991921e-02 8.479542822e-02 7.943223806e-02 7.526667084e-02 7.185431331e-02
 6.895737780e-02 6.643865061e-02 6.421401756e-02 6.222930523e-02 6.044803030e-02
 5.884440737e-02 5.739890400e-02 5.609513795e-02 5.491836607e-02 5.385891803e-02
 1.816805795e-03 4.149604968e-03 7.508837596e-03 1.207019360e-02 1.780071131e-02
 1.988133675e-02 1.688506483e-02 1.387394161e-02 1.089057158e-02 7.732328117e-03
 4.758712387e-03 2.964592510e-03 2.986738719e-03 4.365067813e-03 6.126597285e-03
 7.977159544e-03 9.962521250e-03 1.216831810e-02 1.467116904e-02 1.753021110e-02
 2.079313547e-02 2.450980819e-02 2.875030098e-02 3.362821354e-02 3.933750123e-02
 4.622681681e-02 5.498326404e-02 6.724939478e-02 7.910870715e-02 8.223545986e-02
 7.619990609e-02 6.718322010e-02 6.172661055e-02 5.801842221e-02 5.532917260e-02
 5.327459877e-02 5.161185439e-02 5.015696237e-02 4.876268338e-02 4.748192636e-02
 4.737759801e-02 4.932754630e-02 5.324100664e-02 5.833893759e-02 6.384958539e-02
 6.990716020e-02 7.674439585e-02 8.376213216e-02 8.836568014e-02 8.821407380e-02
 8.362296678e-02 7.818221919e-02 7.356507386e-02 6.972231799e-02 6.646201704e-02
 6.364128277e-02 6.116318343e-02 5.896093540e-02 5.699724088e-02 5.523702317e-02
 5.366642071e-02 5.227284425e-02 5.104565562e-02 4.995714504e-02 4.898386697e-02
 1.107814650e-03 2.455481289e-03 4.217004850e-03 6.171564371e-03 7.851600582e-03
 8.616489433e-03 8.139337829e-03 6.558533196e-03 3.988867467e-03 1.399881263e-04
-4.866766913e-03-7.427058210e-03-6.946711764e-03-3.224911388e-03-6.219441936e-04
 1.487665732e-03 3.561673244e-03 5.877802663e-03 8.585552422e-03 1.172900925e-02
 1.528797134e-02 1.922691085e-02 2.352682763e-02 2.819252108e-02 3.323948228e-02
 3.865496330e-02 4.430285936e-02 4.973635089e-02 5.408440519e-02 5.650602160e-02
 5.683862366e-02 5.575244039e-02 5.411494247e-02 5.247886696e-02 5.103982432e-02
 4.985232638e-02 4.892648798e-02 4.826624982e-02 4.793102546e-02 4.802913368e-02
 4.871956814e-02 5.011863477e-02 5.221790986e-02 5.489207243e-02 5.794226828e-02
 6.114691095e-02 6.421844269e-02 6.675334939e-02 6.829814652e-02 6.855447503e-02
 6.758238613e-02 6.575250338e-02 6.349197309e-02 6.110237613e-02 5.874510577e-02
 5.649691724e-02 5.439093676e-02 5.244163050e-02 5.065596168e-02 4.903653930e-02
 4.758401264e-02 4.629986380e-02 4.520829371e-02 4.428030208e-02 4.349706852e-02
 5.665292784e-04 1.217114352e-03 1.998135643e-03 2.766339467e-03 3.341097952e-03
 3.538925579e-03 3.221376217e-03 2.323799191e-03 8.770108216e-04-1.037902960e-03
-3.047510348e-03-4.568789209e-03-5.216576098e-03-5.206750293e-03-4.988696190e-03
-4.656115416e-03-3.845226046e-03-2.068474086e-03 8.430479270e-04 4.608753939e-03
 8.783067091e-03 1.308946168e-02 1.742516956e-02 2.175641619e-02 2.605260430e-02
 3.024993057e-02 3.422893659e-02 3.781121928e-02 4.079337513e-02 4.302052461e-02
 4.445889360e-02 4.521182297e-02 4.546753600e-02 4.542460723e-02 4.524539145e-02
 4.504704071e-02 4.491278815e-02 4.490719909e-02 4.508719145e-02 4.550497178e-02
 4.620149937e-02 4.719333408e-02 4.846034173e-02 4.994100884e-02 5.153580288e-02
 5.311418301e-02 5.452343528e-02 5.560432563e-02 5.621906605e-02 5.628598706e-02
 5.580226503e-02 5.483824132e-02 5.350680083e-02 5.192834358e-02 5.020861185e-02
 4.843200272e-02 4.666404405e-02 4.495646849e-02 4.335122702e-02 4.188221371e-02
 4.057484551e-02 3.944296364e-02 3.854485993e-02 3.783768067e-02 3.728352251e-02
 2.568054720e-04 5.398403306e-04 8.601259578e-04 1.146259531e-03 1.318339544e-03
 1.300204106e-03 1.033574019e-03 4.960225503e-04-2.919270681e-04-1.291128368e-03
-2.425022466e-03-3.625120157e-03-4.897390370e-03-6.436834070e-03-8.642746019e-03
-1.220384055e-02-1.613107702e-02-1.544088967e-02-1.020191933e-02-2.640760846e-03
 3.060606893e-03 7.905784017e-03 1.226596162e-02 1.630056407e-02 2.007208317e-02
 2.358732723e-02 2.681745773e-02 2.971375198e-02 3.222513904e-02 3.431693740e-02
 3.598544821e-02 3.726256961e-02 3.820916594e-02 3.890175212e-02 3.941923267e-02
 3.983407661e-02 4.020849615e-02 4.059380622e-02 4.103066855e-02 4.154857436e-02
 4.216399115e-02 4.287768466e-02 4.367243256e-02 4.451235729e-02 4.534455703e-02
 4.610315784e-02 4.671571597e-02 4.711176536e-02 4.723261799e-02 4.704030707e-02
 4.652287093e-02 4.569414753e-02 4.458865875e-02 4.325431888e-02 4.174609632e-02
 4.012247221e-02 3.844474703e-02 3.677783560e-02 3.519030960e-02 3.375115601e-02
 3.252168692e-02 3.154329968e-02 3.088403142e-02 3.049688478e-02 3.033427303e-02
 1.025516314e-04 2.100816998e-04 3.214321008e-04 4.017656652e-04 4.135032431e-04
 3.214269057e-04 9.762078609e-05-2.710443962e-04-7.675172449e-04-1.409293339e-03
-2.188906465e-03-3.106293872e-03-4.188554513e-03-5.526546810e-03-7.191106504e-03
-9.020240881e-03-1.023460796e-02-9.498320303e-03-6.572652740e-03-2.393270729e-03
 1.829788860e-03 5.776549357e-03 9.443161754e-03 1.285887118e-02 1.603946512e-02
 1.898504439e-02 2.168578867e-02 2.412841773e-02 2.630181544e-02 2.820158159e-02
 2.983323153e-02 3.121347058e-02 3.236921065e-02 3.333472579e-02 3.414792864e-02
 3.484677792e-02 3.546640770e-02 3.603706373e-02 3.658261811e-02 3.711938152e-02
 3.765507160e-02 3.818800306e-02 3.870672446e-02 3.919037116e-02 3.960993296e-02
 3.993049374e-02 4.011432997e-02 4.012456522e-02 3.992888103e-02 3.950265142e-02
 3.883092183e-02 3.790897020e-02 3.674169940e-02 3.534262669e-02 3.373358574e-02
 3.194640614e-02 3.002781527e-02 2.804836054e-02 2.611403687e-02 2.437276579e-02
 2.299674792e-02 2.212596075e-02 2.180046653e-02 2.197521011e-02 2.250184509e-02
 3.233495030e-05 6.217686675e-05 8.465729594e-05 8.301314224e-05 3.939550933e-05
-6.284754289e-05-2.370831383e-04-4.871147605e-04-7.991753478e-04-1.189217698e-03
-1.651706278e-03-2.159764022e-03-2.696099502e-03-3.229700827e-03-3.675385575e-03
-3.883996271e-03-3.652335668e-03-2.799901636e-03-1.274756508e-03 8.146310651e-04
 3.272748906e-03 5.914851370e-03 8.607018087e-03 1.125657493e-02 1.379483753e-02
 1.617219465e-02 1.836126246e-02 2.035565275e-02 2.216109086e-02 2.378624839e-02
 2.523963261e-02 2.653061370e-02 2.767087811e-02 2.867482255e-02 2.955890769e-02
 3.034041680e-02 3.103602527e-02 3.166043319e-02 3.222517912e-02 3.273767718e-02
 3.320050008e-02 3.361094268e-02 3.396091693e-02 3.423722798e-02 3.442225347e-02
 3.449499604e-02 3.443241295e-02 3.421085824e-02 3.380742127e-02 3.320092910e-02
 3.237241821e-02 3.130497763e-02 2.998301178e-02 2.839116065e-02 2.651338976e-02
 2.433331034e-02 2.183815701e-02 1.903256020e-02 1.597866973e-02 1.290639547e-02
 1.044079658e-02 9.507314705e-03 1.026652469e-02 1.196408711e-02 1.390243242e-02
 4.098683774e-06 4.020228116e-06-5.151577024e-06-3.108248848e-05-8.169601576e-05
-1.639827990e-04-2.826559550e-04-4.334768277e-04-6.028664408e-04-7.963487960e-04
-1.000096270e-03-1.183246390e-03-1.327176132e-03-1.395485131e-03-1.334652096e-03
-1.080506625e-03-5.683121266e-04 2.512636057e-04 1.397161461e-03 2.853354703e-03
 4.579088562e-03 6.523207777e-03 8.625882021e-03 1.081260735e-02 1.293645495e-02
 1.482747020e-02 1.645102680e-02 1.788865173e-02 1.923561218e-02 2.051007166e-02
 2.170666665e-02 2.281770227e-02 2.383880473e-02 2.476941555e-02 2.561196166e-02
 2.637073103e-02 2.705074039e-02 2.765669685e-02 2.819210126e-02 2.865851986e-02
 2.905504101e-02 2.937792891e-02 2.962048117e-02 2.977308789e-02 2.982347353e-02
 2.975707919e-02 2.955751527e-02 2.920698601e-02 2.868656259e-02 2.797616220e-02
 2.705407285e-02 2.589583593e-02 2.447223202e-02 2.274595983e-02 2.066624993e-02
 1.815990008e-02 1.511554149e-02 1.135399438e-02 6.567184579e-03 1.769158499e-04
-8.623978647e-03-1.084731546e-02-4.281891527e-03 1.901592323e-03 6.298494935e-03
-4.224273678e-06-1.192537588e-05-2.665765005e-05-5.158142443e-05-8.967522581e-05
-1.430105011e-04-2.121945914e-04-2.948280443e-04-3.548870625e-04-4.166717494e-04
-4.507730087e-04-4.325542656e-04-3.614962327e-04-2.105190022e-04 5.182791664e-05
 4.566013854e-04 1.029671749e-03 1.789753285e-03 2.746777224e-03 3.901340896e-03
 5.251032504e-03 6.802858245e-03 8.560234169e-03 1.058577624e-02 1.264634963e-02
 1.419914728e-02 1.522338663e-02 1.595950620e-02 1.687425394e-02 1.784496131e-02
 1.881138742e-02 1.974422271e-02 2.062727166e-02 2.145130046e-02 2.221119614e-02
 2.290431311e-02 2.352933395e-02 2.408540353e-02 2.457144641e-02 2.498563282e-02
 2.532497731e-02 2.558506016e-02 2.575986304e-02 2.584170802e-02 2.582128156e-02
 2.568771346e-02 2.542866731e-02 2.503038481e-02 2.447761264e-02 2.375332533e-02
 2.283813817e-02 2.170927113e-02 2.033886336e-02 1.869132215e-02 1.671917018e-02
 1.435644817e-02 1.150798360e-02 8.031461973e-03 3.706008560e-03-1.842976810e-03
-1.002171378e-02-1.171184812e-02-5.842923242e-03-4.102604648e-04 3.670068679e-03
-3.673528875e-06-9.317337983e-06-1.883030435e-05-3.344198098e-05-5.420603500e-05
-8.159296260e-05-1.146964370e-04-1.440522826e-04-1.462786029e-04-1.179030455e-04
-4.512189776e-05 7.561270778e-05 2.406576980e-04 4.632967048e-04 7.872214372e-04
 1.255794876e-03 1.831156941e-03 2.521495603e-03 3.335115988e-03 4.274165870e-03
 5.336541557e-03 6.520099339e-03 7.798075082e-03 9.126458847e-03 1.042930280e-02
 1.162764995e-02 1.269153477e-02 1.364951492e-02 1.455309272e-02 1.542689816e-02
 1.627320925e-02 1.708635309e-02 1.785933058e-02 1.858591919e-02 1.926108493e-02
 1.988081967e-02 2.044179518e-02 2.094098385e-02 2.137532300e-02 2.174145866e-02
 2.203555313e-02 2.225312425e-02 2.238891380e-02 2.243680044e-02 2.238976222e-02
 2.223987843e-02 2.197835228e-02 2.159553212e-02 2.108090981e-02 2.042308061e-02
 1.960966198e-02 1.862719771e-02 1.746113148e-02 1.609605870e-02 1.451673376e-02
 1.271090446e-02 1.067637966e-02 8.437678743e-03 6.083345823e-03 3.839325294e-03
 2.148792618e-03 1.537994303e-03 2.154322387e-03 3.613314648e-03 5.418090254e-03
 5.740684628e-07 9.284743162e-07 8.331504047e-07-2.343334548e-07-2.907226186e-06
-8.072973505e-06-1.730415943e-05-2.818333702e-05-8.722739878e-06 1.057368226e-04
 2.498014809e-04 4.196419998e-04 6.229172259e-04 8.585475498e-04 1.226944659e-03
 1.678368352e-03 2.203589228e-03 2.806639365e-03 3.490238378e-03 4.253683150e-03
 5.092649125e-03 5.998021608e-03 6.951985082e-03 7.930949515e-03 8.909272224e-03
 9.863964398e-03 1.078027741e-02 1.165352779e-02 1.248573746e-02 1.328050838e-02
 1.403967558e-02 1.476275675e-02 1.544764429e-02 1.609137618e-02 1.669079008e-02
 1.724268862e-02 1.774392914e-02 1.819117230e-02 1.858053970e-02 1.890794706e-02
 1.916946790e-02 1.936122603e-02 1.947908611e-02 1.951853747e-02 1.947472376e-02
 1.934239800e-02 1.911609031e-02 1.879015470e-02 1.835896109e-02 1.781715549e-02
 1.715994188e-02 1.638372314e-02 1.548689228e-02 1.447130084e-02 1.334454748e-02
 1.212359812e-02 1.084019280e-02 9.547763853e-03 8.328164708e-03 7.291961012e-03
 6.561823343e-03 6.233857557e-03 6.334275873e-03 6.806558093e-03 7.547441688e-03
 6.152745940e-06 1.395962483e-05 2.496933227e-05 3.927238980e-05 5.700984459e-05
 7.833848102e-05 1.032575332e-04 1.294261898e-04 1.908322045e-04 3.017958087e-04
 4.688144762e-04 6.424413066e-04 8.844574353e-04 1.158496054e-03 1.483006425e-03
 1.886831000e-03 2.314656714e-03 2.849810751e-03 3.412428492e-03 4.035926722e-03
 4.721424333e-03 5.410709659e-03 6.190864578e-03 6.947630439e-03 7.734450084e-03
 8.518048291e-03 9.256535362e-03 1.003274163e-02 1.073175926e-02 1.144553857e-02
 1.211416143e-02 1.273107809e-02 1.336230182e-02 1.389839764e-02 1.445793926e-02
 1.494223479e-02 1.537947878e-02 1.580690424e-02 1.613340139e-02 1.646110889e-02
 1.668839417e-02 1.686608281e-02 1.699212397e-02 1.700852366e-02 1.701741251e-02
 1.690209373e-02 1.674014997e-02 1.649667519e-02 1.614125851e-02 1.576127706e-02
 1.524385152e-02 1.469460573e-02 1.405212508e-02 1.332808910e-02 1.259790729e-02
 1.178318398e-02 1.101594161e-02 1.026069811e-02 9.563878869e-03 9.039484278e-03
 8.627566407e-03 8.462345137e-03 8.487678115e-03 8.689007009e-03 9.112906024e-03
 0.845068754E+00 0.852648116E+00 0.861243522E+00 0.870633964E+00 0.880292004E+00
 0.890474534E+00 0.901114122E+00 0.912175097E+00 0.923683943E+00 0.935691925E+00
 0.948221373E+00 0.961292506E+00 0.974923888E+00 0.989142833E+00 0.100398330E+01
 0.101948256E+01 0.103567579E+01 0.105260406E+01 0.107031011E+01 0.108883096E+01
 0.110820951E+01 0.112849833E+01 0.114975856E+01 0.117205585E+01 0.119545757E+01
 0.122002279E+01 0.124582311E+01 0.127294311E+01 0.130147366E+01 0.133152159E+01
 0.136320739E+01 0.139664096E+01 0.143193686E+01 0.146923817E+01 0.150871190E+01
 0.155054698E+01 0.159494717E+01 0.164212178E+01 0.169230402E+01 0.174577257E+01
 0.180283791E+01 0.186386264E+01 0.192926662E+01 0.199949496E+01 0.207504973E+01
 0.215653665E+01 0.224467672E+01 0.234031967E+01 0.244441854E+01 0.255809371E+01
 0.268272957E+01 0.282000207E+01 0.297196980E+01 0.314113404E+01 0.333064574E+01
 0.354458612E+01 0.378837297E+01 0.406919750E+01 0.439696619E+01 0.478644888E+01
 0.526101529E+01 0.586160147E+01 0.667299532E+01 0.793712478E+01 0.161135927E+02
  361   98
 0.577457790E+00 0.110958739E+01 0.572282432E+00 0.109593640E+01 0.567109207E+00
 0.108228462E+01 0.561929739E+00 0.106863519E+01 0.556749255E+00 0.105498616E+01
 0.551573816E+00 0.104133521E+01 0.546409512E+00 0.102768004E+01 0.541259782E+00
 0.101401937E+01 0.536124067E+00 0.100035343E+01 0.531001930E+00 0.986682388E+00
 0.525892369E+00 0.973006643E+00 0.520793560E+00 0.959326886E+00 0.515703998E+00
 0.945643686E+00 0.510623802E+00 0.931957006E+00 0.505553215E+00 0.918266763E+00
 0.500491749E+00 0.904573145E+00 0.495437860E+00 0.890876729E+00 0.490390706E+00
 0.877177830E+00 0.485352193E+00 0.863475750E+00 0.480324067E+00 0.849769855E+00
 0.475308232E+00 0.836059457E+00 0.470306647E+00 0.822343855E+00 0.465322035E+00
 0.808622076E+00 0.460358562E+00 0.794892636E+00 0.455419753E+00 0.781154306E+00
 0.450508771E+00 0.767406004E+00 0.445629548E+00 0.753646399E+00 0.440787204E+00
 0.739873774E+00 0.435987275E+00 0.726086311E+00 0.431234123E+00 0.712282653E+00
 0.426531016E+00 0.698461864E+00 0.421880771E+00 0.684623201E+00 0.417287373E+00
 0.670765566E+00 0.412756576E+00 0.656887339E+00 0.408293644E+00 0.642987142E+00
 0.403902764E+00 0.629064018E+00 0.399587057E+00 0.615117411E+00 0.395349117E+00
 0.601146977E+00 0.391191785E+00 0.587152346E+00 0.387118491E+00 0.573133025E+00
 0.383132964E+00 0.559088503E+00 0.379238606E+00 0.545018430E+00 0.375438122E+00
 0.530922711E+00 0.371733173E+00 0.516801582E+00 0.368124674E+00 0.502655499E+00
 0.364613102E+00 0.488485044E+00 0.361198880E+00 0.474290819E+00 0.357883325E+00
 0.460073224E+00 0.354668429E+00 0.445832532E+00 0.351555782E+00 0.431569142E+00
 0.348546448E+00 0.417283599E+00 0.345641040E+00 0.402976557E+00 0.342839597E+00
 0.388648795E+00 0.340141976E+00 0.374301123E+00 0.337548055E+00 0.359934341E+00
 0.335057533E+00 0.345549273E+00 0.332669789E+00 0.331146789E+00 0.330384415E+00
 0.316727706E+00 0.328201718E+00 0.302292725E+00 0.326122445E+00 0.287842483E+00
 0.324147751E+00 0.273377580E+00 0.322278779E+00 0.258898638E+00 0.320515736E+00
 0.244406415E+00 0.318858539E+00 0.229901708E+00 0.317307012E+00 0.215385317E+00
 0.315860927E+00 0.200858043E+00 0.314519520E+00 0.186320730E+00 0.313281367E+00
 0.171774257E+00 0.312145223E+00 0.157219461E+00 0.311110192E+00 0.142657126E+00
 0.310175799E+00 0.128087986E+00 0.309342137E+00 0.113512736E+00 0.308609593E+00
 0.989320543E-01 0.307978610E+00 0.843466246E-01 0.307449672E+00 0.697571381E-01
 0.307023018E+00 0.551643021E-01 0.306697475E+00 0.405688597E-01 0.306471880E+00
 0.259715299E-01 0.306345587E+00 0.113730030E-01 0.306318369E+00-0.322604478E-02
 0.306390141E+00-0.178249416E-01 0.306560712E+00-0.324230184E-01 0.306830106E+00
-0.470196059E-01 0.307198653E+00-0.616140262E-01 0.307667007E+00-0.762055842E-01
 0.308235649E+00-0.907935781E-01 0.308904922E+00-0.105377301E+00 0.309675568E+00
-0.119956019E+00 0.310548730E+00-0.134528955E+00 0.311525696E+00-0.149095300E+00
 0.312606446E+00-0.163654312E+00 0.313790324E+00-0.178205303E+00 0.315076769E+00
-0.192747584E+00 0.316465467E+00-0.207280457E+00 0.317956694E+00-0.221803167E+00
 0.319551686E+00-0.236314847E+00 0.321251909E+00-0.250814574E+00 0.323058678E+00
-0.265301409E+00 0.324972888E+00-0.279774440E+00 0.326994202E+00-0.294232901E+00
 0.329121037E+00-0.308676219E+00 0.331351883E+00-0.323103838E+00 0.333685544E+00
-0.337515184E+00 0.336121528E+00-0.351909588E+00 0.338660444E+00-0.366286192E+00
 0.341303353E+00-0.380644043E+00 0.344051297E+00-0.394982161E+00 0.346905158E+00
-0.409299573E+00 0.349865406E+00-0.423595367E+00 0.352931194E+00-0.437868901E+00
 0.356100949E+00-0.452119709E+00 0.359373034E+00-0.466347369E+00 0.362745917E+00
-0.480551473E+00 0.366218492E+00-0.494731533E+00 0.369790633E+00-0.508886840E+00
 0.373462173E+00-0.523016691E+00 0.377232463E+00-0.537120514E+00 0.381100223E+00
-0.551197921E+00 0.385063399E+00-0.565248764E+00 0.389119186E+00-0.579273157E+00
 0.393264398E+00-0.593271380E+00 0.397495765E+00-0.607243804E+00 0.401810578E+00
-0.621190685E+00 0.406206458E+00-0.635112229E+00 0.410680922E+00-0.649008716E+00
 0.415230601E+00-0.662880761E+00 0.419851050E+00-0.676729397E+00 0.424536970E+00
-0.690556019E+00 0.429283668E+00-0.704361894E+00 0.434088616E+00-0.718147606E+00
 0.438949436E+00-0.731913717E+00 0.443862888E+00-0.745661132E+00 0.448824466E+00
-0.759391252E+00 0.453829082E+00-0.773105745E+00 0.458872966E+00-0.786805844E+00
 0.463953733E+00-0.800492309E+00 0.469069165E+00-0.814165856E+00 0.474216381E+00
-0.827827471E+00 0.479392565E+00-0.841478136E+00 0.484596864E+00-0.855118108E+00
 0.489829396E+00-0.868747274E+00 0.495091257E+00-0.882365143E+00 0.500383722E+00
-0.895971148E+00 0.505709311E+00-0.909564220E+00 0.511074349E+00-0.923141769E+00
 0.516486792E+00-0.936700488E+00 0.521956744E+00-0.950236105E+00 0.527497705E+00
-0.963742803E+00 0.533128514E+00-0.977212279E+00 0.538877953E+00-0.990631523E+00
 0.544788129E+00-0.100398070E+01 0.550923621E+00-0.101722773E+01 0.557389976E+00
-0.103031614E+01 0.564369499E+00-0.104313744E+01 0.572195062E+00-0.105545776E+01
 0.581487398E+00-0.106670187E+01 0.593104126E+00-0.107547898E+01 0.606935258E+00
-0.107997684E+01 0.621501645E+00-0.108053705E+01 0.635996794E+00-0.107884782E+01
 0.650311124E+00-0.107598724E+01 0.664480688E+00-0.107247448E+01 0.678545504E+00
-0.106856204E+01 0.692533879E+00-0.106438408E+01 0.706463408E+00-0.106001375E+01
 0.720345196E+00-0.105549399E+01 0.734185629E+00-0.105084910E+01 0.747988030E+00
-0.104609237E+01 0.761753548E+00-0.104122993E+01 0.775482188E+00-0.103626432E+01
 0.789173652E+00-0.103119711E+01 0.802825329E+00-0.102602368E+01 0.816431274E+00
-0.102073118E+01 0.829984320E+00-0.101530466E+01 0.843477356E+00-0.100973064E+01
 0.856902828E+00-0.100399582E+01 0.870252775E+00-0.998087359E+00 0.883519048E+00
-0.991993370E+00 0.896693426E+00-0.985703210E+00 0.909767828E+00-0.979207824E+00
 0.922734892E+00-0.972500728E+00 0.935589574E+00-0.965580687E+00 0.948326836E+00
-0.958446837E+00 0.960936881E+00-0.951090489E+00 0.973407068E+00-0.943499506E+00
 0.985725923E+00-0.935665346E+00 0.997884156E+00-0.927584169E+00 0.100987417E+01
-0.919255451E+00 0.102169179E+01-0.910683862E+00 0.103333533E+01-0.901877244E+00
 0.104480306E+01-0.892842873E+00 0.105609060E+01-0.883584367E+00 0.106719024E+01
-0.874101406E+00 0.107809308E+01-0.864392835E+00 0.108879129E+01-0.854459227E+00
 0.109927962E+01-0.844304251E+00 0.110955734E+01-0.833936165E+00 0.111962573E+01
-0.823364666E+00 0.112948242E+01-0.812595530E+00 0.113911588E+01-0.801626266E+00
 0.114851334E+01-0.790454178E+00 0.115766556E+01-0.779080332E+00 0.116656830E+01
-0.767510163E+00 0.117521974E+01-0.755750899E+00 0.118361635E+01-0.743808355E+00
 0.119174895E+01-0.731684498E+00 0.119960735E+01-0.719381155E+00 0.120718637E+01
-0.706903767E+00 0.121448561E+01-0.694260664E+00 0.122150525E+01-0.681460209E+00
 0.122824244E+01-0.668508864E+00 0.123469537E+01-0.655413570E+00 0.124086666E+01
-0.642183206E+00 0.124676266E+01-0.628827870E+00 0.125239044E+01-0.615357301E+00
 0.125775737E+01-0.601780683E+00 0.126287344E+01-0.588107537E+00 0.126775230E+01
-0.574347947E+00 0.127241047E+01-0.560512060E+00 0.127686542E+01-0.546609392E+00
 0.128113294E+01-0.532648035E+00 0.128522783E+01-0.518635058E+00 0.128916655E+01
-0.504577375E+00 0.129296757E+01-0.490481820E+00 0.129665097E+01-0.476355060E+00
 0.130023622E+01-0.462203061E+00 0.130374056E+01-0.448030805E+00 0.130718084E+01
-0.433842860E+00 0.131057368E+01-0.419643488E+00 0.131393590E+01-0.405436831E+00
 0.131727993E+01-0.391225883E+00 0.132061430E+01-0.377012665E+00 0.132394887E+01
-0.362799494E+00 0.132729507E+01-0.348589056E+00 0.133066499E+01-0.334384226E+00
 0.133406217E+01-0.320185889E+00 0.133748339E+01-0.305993327E+00 0.134092431E+01
-0.291805526E+00 0.134437997E+01-0.277621311E+00 0.134784449E+01-0.263439254E+00
 0.135130814E+01-0.249256986E+00 0.135475894E+01-0.235071587E+00 0.135818337E+01
-0.220879799E+00 0.136156541E+01-0.206677855E+00 0.136488586E+01-0.192461392E+00
 0.136812295E+01-0.178225724E+00 0.137125151E+01-0.163965827E+00 0.137424309E+01
-0.149676585E+00 0.137706611E+01-0.135353118E+00 0.137968954E+01-0.120991779E+00
 0.138208918E+01-0.106591383E+00 0.138424089E+01-0.921518877E-01 0.138611942E+01
-0.776743531E-01 0.138769906E+01-0.631612002E-01 0.138895893E+01-0.486168222E-01
 0.138988573E+01-0.340474464E-01 0.139046836E+01-0.194602691E-01 0.139069794E+01
-0.486327880E-02 0.139056868E+01 0.973493980E-02 0.139008383E+01 0.243256912E-01
 0.138925333E+01 0.389008715E-01 0.138808937E+01 0.534532400E-01 0.138660596E+01
 0.679765427E-01 0.138482001E+01 0.824657834E-01 0.138275691E+01 0.969182007E-01
 0.138044378E+01 0.111332745E+00 0.137790657E+01 0.125709567E+00 0.137516974E+01
 0.140049750E+00 0.137225950E+01 0.154355777E+00 0.136920782E+01 0.168632320E+00
 0.136604447E+01 0.182884555E+00 0.136279585E+01 0.197117602E+00 0.135948468E+01
 0.211336239E+00 0.135613039E+01 0.225544766E+00 0.135274960E+01 0.239747015E+00
 0.134935617E+01 0.253946248E+00 0.134596206E+01 0.268145318E+00 0.134257798E+01
 0.282346784E+00 0.133921066E+01 0.296552232E+00 0.133586323E+01 0.310762380E+00
 0.133253846E+01 0.324977845E+00 0.132923858E+01 0.339199110E+00 0.132596420E+01
 0.353426268E+00 0.132270634E+01 0.367657217E+00 0.131945122E+01 0.381888795E+00
 0.131618649E+01 0.396118172E+00 0.131290134E+01 0.410342845E+00 0.130958535E+01
 0.424560361E+00 0.130622276E+01 0.438766920E+00 0.130279582E+01 0.452958091E+00
 0.129928701E+01 0.467129234E+00 0.129567838E+01 0.481275278E+00 0.129195128E+01
 0.495390556E+00 0.128808517E+01 0.509468384E+00 0.128406021E+01 0.523501603E+00
 0.127985837E+01 0.537482861E+00 0.127546371E+01 0.551404701E+00 0.127086155E+01
 0.565259312E+00 0.126603578E+01 0.579037610E+00 0.126096970E+01 0.592729350E+00
 0.125564866E+01 0.606324017E+00 0.125006162E+01 0.619811523E+00 0.124420128E+01
 0.633182536E+00 0.123806209E+01 0.646427826E+00 0.123163847E+01 0.659537515E+00
 0.122492717E+01 0.672502282E+00 0.121792979E+01 0.685314915E+00 0.121065206E+01
 0.697970413E+00 0.120309814E+01 0.710463024E+00 0.119526902E+01 0.722785031E+00
 0.118716819E+01 0.734930138E+00 0.117880420E+01 0.746895551E+00 0.117018886E+01
 0.758681301E+00 0.116133130E+01 0.770286118E+00 0.115223611E+01 0.781705641E+00
 0.114290677E+01 0.792934695E+00 0.113334925E+01 0.803970199E+00 0.112357309E+01
 0.814812508E+00 0.111358995E+01 0.825464561E+00 0.110340750E+01 0.835926255E+00
 0.109302654E+01 0.846190996E+00 0.108244618E+01 0.856250060E+00 0.107166760E+01
 0.866096430E+00 0.106069461E+01 0.875725670E+00 0.104953345E+01 0.885136158E+00
 0.103819232E+01 0.894328975E+00 0.102667887E+01 0.903305030E+00 0.101499629E+01
 0.912059802E+00 0.100314439E+01 0.920583946E+00 0.991124171E+00 0.928869022E+00
 0.978940529E+00 0.936911858E+00 0.966601115E+00 0.944713615E+00 0.954115622E+00
 0.952279421E+00 0.941496249E+00 0.959619784E+00 0.928755414E+00 0.966747272E+00
 0.915901000E+00 0.973667830E+00 0.902938195E+00 0.980383174E+00 0.889873390E+00
 0.986897875E+00 0.876714427E+00 0.993220254E+00 0.863469497E+00 0.999360528E+00
 0.850147129E+00 0.100533095E+01 0.836755871E+00 0.101114525E+01 0.823304272E+00
 0.101681859E+01 0.809800560E+00 0.102236677E+01 0.796253306E+00 0.102780780E+01
 0.782671220E+00 0.103316131E+01 0.769060993E+00 0.103844288E+01 0.755426226E+00
 0.104366078E+01 0.741769892E+00 0.104882197E+01 0.728095981E+00 0.105393643E+01
 0.714408037E+00 0.105901321E+01 0.700709680E+00 0.106406183E+01 0.687003918E+00
 0.106909032E+01 0.673294076E+00 0.107410767E+01 0.659583167E+00 0.107912211E+01
 0.645874144E+00 0.108414170E+01 0.632170107E+00 0.108917489E+01 0.618473475E+00
 0.109422819E+01 0.604787936E+00 0.109931145E+01 0.591114596E+00 0.110442744E+01
 0.577457790E+00 0.110958739E+01
 0.156441580E+01 0.156423520E+01 0.173298350E+01 0.167901950E+01 0.134847970E+01
 0.206041340E+01 0.108819530E+01 0.205946000E+01 0.902253030E+00 0.187565310E+01
 0.903668760E+00 0.187424170E+01 0.533866470E+00 0.150285580E+01 0.538010660E+00
 0.149874330E+01 0.332797140E+00 0.129708960E+01 0.332797140E+00 0.109400000E+01
 0.334795920E+00 0.109400000E+01 0.303115250E+00 0.847500000E+00 0.305114030E+00
 0.847500000E+00 0.269135950E+00 0.565000000E+00 0.271134730E+00 0.565000000E+00
 0.260841000E+00 0.495257700E+00 0.260841000E+00-0.507257700E+00 0.271134730E+00
-0.576999960E+00 0.269135950E+00-0.576999960E+00 0.305114030E+00-0.859500000E+00
 0.303115250E+00-0.859500000E+00 0.334795920E+00-0.110600010E+01 0.332797140E+00
-0.110600010E+01 0.332797140E+00-0.130908970E+01 0.538598100E+00-0.150990190E+01
 0.534468950E+00-0.151402960E+01 0.905629600E+00-0.188405800E+01 0.904219000E+00
-0.188547470E+01 0.108819530E+01-0.206614000E+01 0.134847970E+01-0.206518650E+01
 0.173017910E+01-0.168098580E+01 0.156441580E+01-0.156883530E+01 0.137999130E+01
-0.157688300E+01 0.137989190E+01-0.157672700E+01 0.119622210E+01-0.158474990E+01
 0.119631650E+01-0.158489800E+01 0.105537410E+01-0.159104840E+01 0.105528350E+01
-0.159090630E+01 0.947502500E+00-0.159561420E+01 0.905686400E+00-0.159556230E+01
 0.899143000E+00-0.159478470E+01 0.883387860E+00-0.159026430E+01 0.867681200E+00
-0.158087360E+01 0.851322350E+00-0.156766880E+01 0.833481900E+00-0.154624210E+01
 0.826062560E+00-0.152875240E+01 0.822677700E+00-0.151516830E+01 0.821022750E+00
-0.149624060E+01 0.820691350E+00-0.147724350E+01 0.822887360E+00-0.144582030E+01
 0.827573000E+00-0.141923050E+01 0.839194600E+00-0.138728100E+01 0.855244300E+00
-0.135284130E+01 0.877566500E+00-0.132209860E+01 0.899473500E+00-0.130017830E+01
 0.118567730E+01-0.101380000E+01 0.127900000E+01-0.842300000E+00 0.129600000E+01
-0.820200000E+00 0.143300000E+01-0.820200000E+00 0.143300000E+01-0.711000000E+00
 0.149000000E+01-0.491000000E+00 0.146000000E+01-0.491000000E+00 0.146000000E+01
-0.233000000E+00 0.166100000E+01-0.233000000E+00 0.166100000E+01 0.226000000E+00
 0.146000000E+01 0.226000000E+00 0.146000000E+01 0.481000000E+00 0.149300000E+01
 0.481000000E+00 0.147400000E+01 0.554000000E+00 0.143300000E+01 0.711000000E+00
 0.143300000E+01 0.815600000E+00 0.129600000E+01 0.815600000E+00 0.127900000E+01
 0.837699950E+00 0.118567730E+01 0.100920000E+01 0.899473500E+00 0.129557820E+01
 0.877566500E+00 0.131749860E+01 0.855244300E+00 0.134824120E+01 0.839194600E+00
 0.138268090E+01 0.827573000E+00 0.141463040E+01 0.822887360E+00 0.144122030E+01
 0.820691350E+00 0.147264350E+01 0.821022750E+00 0.149164060E+01 0.822677700E+00
 0.151056830E+01 0.826062560E+00 0.152415240E+01 0.833481900E+00 0.154164210E+01
 0.851322350E+00 0.156306870E+01 0.867681200E+00 0.157627360E+01 0.883387860E+00
 0.158566430E+01 0.899143000E+00 0.159018470E+01 0.905686400E+00 0.159096230E+01
 0.947502500E+00 0.159101410E+01 0.105528350E+01 0.158630620E+01 0.105537410E+01
 0.158644830E+01 0.119631650E+01 0.158029800E+01 0.119622210E+01 0.158014990E+01
 0.137989190E+01 0.157212700E+01 0.137999130E+01 0.157228290E+01 0.156441580E+01
 0.156423520E+01
    0
