EFIT++      MAST # 46791 # 500ms                   0  65  65
 0.194000000E+01 0.440000000E+01 0.800000000E+00 0.600000000E-01 0.000000000E+00
 0.938515290E+00-0.162056213E-03-0.696724843E-01 0.301917856E-01-0.655344494E+00
 0.749340508E+06-0.696724843E-01 0.000000000E+00 0.938515290E+00 0.000000000E+00
-0.162056213E-03 0.000000000E+00 0.301917856E-01 0.000000000E+00 0.000000000E+00
-0.625095146E+00-0.621348785E+00-0.617680406E+00-0.614090083E+00-0.610577857E+00
-0.607143746E+00-0.603787733E+00-0.600509774E+00-0.597309789E+00-0.594187671E+00
-0.591143275E+00-0.588176424E+00-0.585286908E+00-0.582474481E+00-0.579738860E+00
-0.577079728E+00-0.574496729E+00-0.571989473E+00-0.569557531E+00-0.567200437E+00
-0.564917687E+00-0.562708740E+00-0.560573016E+00-0.558509898E+00-0.556518732E+00
-0.554598825E+00-0.552749447E+00-0.550969831E+00-0.549259173E+00-0.547616635E+00
-0.546041339E+00-0.544532376E+00-0.543088799E+00-0.541709628E+00-0.540393852E+00
-0.539140425E+00-0.537948269E+00-0.536816277E+00-0.535743311E+00-0.534728204E+00
-0.533769762E+00-0.532866764E+00-0.532017962E+00-0.531222083E+00-0.530477832E+00
-0.529783891E+00-0.529138918E+00-0.528541555E+00-0.527990420E+00-0.527484116E+00
-0.527021228E+00-0.526600325E+00-0.526219961E+00-0.525878677E+00-0.525575000E+00
-0.525307446E+00-0.525074520E+00-0.524874719E+00-0.524706528E+00-0.524568428E+00
-0.524458889E+00-0.524376378E+00-0.524319355E+00-0.524286277E+00-0.524275595E+00
 0.128655186E+05 0.125591401E+05 0.122532153E+05 0.119478843E+05 0.116432869E+05
 0.113395629E+05 0.110368523E+05 0.107352949E+05 0.104350305E+05 0.101361991E+05
 0.983894057E+04 0.954339472E+04 0.924970147E+04 0.895800068E+04 0.866843223E+04
 0.838113599E+04 0.809625184E+04 0.781391967E+04 0.753427933E+04 0.725747071E+04
 0.698363369E+04 0.671290814E+04 0.644543394E+04 0.618135095E+04 0.592079907E+04
 0.566391816E+04 0.541084810E+04 0.516172877E+04 0.491670004E+04 0.467590179E+04
 0.443947389E+04 0.420755622E+04 0.398028866E+04 0.375781108E+04 0.354026335E+04
 0.332778536E+04 0.312051698E+04 0.291859809E+04 0.272216855E+04 0.253136826E+04
 0.234633707E+04 0.216721488E+04 0.199414155E+04 0.182725696E+04 0.166670099E+04
 0.151261351E+04 0.136513440E+04 0.122440354E+04 0.109056079E+04 0.963746042E+03
 0.844099165E+03 0.731760037E+03 0.626868533E+03 0.529564529E+03 0.439987900E+03
 0.358278524E+03 0.284576276E+03 0.219021031E+03 0.161752666E+03 0.112911057E+03
 0.726360787E+02 0.410676082E+02 0.183455209E+02 0.460969288E+01 0.000000000E+00
-0.151641735E+01-0.147629418E+01-0.143669256E+01-0.139761250E+01-0.135905401E+01
-0.132101707E+01-0.128350170E+01-0.124650789E+01-0.121003563E+01-0.117408494E+01
-0.113865581E+01-0.110374824E+01-0.106936222E+01-0.103549777E+01-0.100215488E+01
-0.969333553E+00-0.937033784E+00-0.905255575E+00-0.873998926E+00-0.843263839E+00
-0.813050311E+00-0.783358344E+00-0.754187938E+00-0.725539092E+00-0.697411807E+00
-0.669806082E+00-0.642721918E+00-0.616159314E+00-0.590118270E+00-0.564598788E+00
-0.539600865E+00-0.515124503E+00-0.491169702E+00-0.467736461E+00-0.444824781E+00
-0.422434661E+00-0.400566101E+00-0.379219102E+00-0.358393664E+00-0.338089786E+00
-0.318307469E+00-0.299046712E+00-0.280307515E+00-0.262089880E+00-0.244393804E+00
-0.227219289E+00-0.210566335E+00-0.194434941E+00-0.178825107E+00-0.163736834E+00
-0.149170122E+00-0.135124970E+00-0.121601379E+00-0.108599348E+00-0.961188772E-01
-0.841599673E-01-0.727226178E-01-0.618068288E-01-0.514126004E-01-0.415399324E-01
-0.321888249E-01-0.233592780E-01-0.150512915E-01-0.726486549E-02 0.000000000E+00
-0.196464312E+06-0.196218289E+06-0.195882623E+06-0.195457314E+06-0.194942364E+06
-0.194337771E+06-0.193643536E+06-0.192859659E+06-0.191986139E+06-0.191022977E+06
-0.189970173E+06-0.188827727E+06-0.187595638E+06-0.186273908E+06-0.184862535E+06
-0.183361519E+06-0.181770862E+06-0.180090562E+06-0.178320620E+06-0.176461035E+06
-0.174511809E+06-0.172472940E+06-0.170344428E+06-0.168126275E+06-0.165818479E+06
-0.163421041E+06-0.160933961E+06-0.158357239E+06-0.155690874E+06-0.152934867E+06
-0.150089218E+06-0.147153926E+06-0.144128993E+06-0.141014417E+06-0.137810198E+06
-0.134516338E+06-0.131132835E+06-0.127659690E+06-0.124096903E+06-0.120444473E+06
-0.116702401E+06-0.112870687E+06-0.108949331E+06-0.104938332E+06-0.100837691E+06
-0.966474082E+05-0.923674829E+05-0.879979152E+05-0.835387053E+05-0.789898532E+05
-0.743513588E+05-0.696232221E+05-0.648054432E+05-0.598980220E+05-0.549009586E+05
-0.498142529E+05-0.446379049E+05-0.393719147E+05-0.340162823E+05-0.285710075E+05
-0.230360905E+05-0.174115313E+05-0.116973298E+05-0.589348602E+04 0.000000000E+00
 1.809596495e-05 4.095253444e-05 7.296170565e-05 1.141004852e-04 1.643587937e-04
 2.236543070e-04 2.915436232e-04 3.660525575e-04 4.671835535e-04 6.433505346e-04
 8.494674302e-04 1.084021212e-03 1.365359039e-03 1.693339386e-03 2.078731714e-03
 2.531940098e-03 3.039398993e-03 3.618559363e-03 4.251244780e-03 4.943174453e-03
 5.691206929e-03 6.472951916e-03 7.301235153e-03 8.137441924e-03 8.986746392e-03
 9.830675255e-03 1.064857789e-02 1.146029518e-02 1.222806381e-02 1.298057753e-02
 1.369779975e-02 1.437561447e-02 1.503669744e-02 1.563956400e-02 1.622568926e-02
 1.675855226e-02 1.724721081e-02 1.770743999e-02 1.809769523e-02 1.845125779e-02
 1.872952295e-02 1.895173294e-02 1.911644906e-02 1.919560924e-02 1.923163746e-02
 1.917177394e-02 1.905070487e-02 1.885120978e-02 1.855587826e-02 1.820853379e-02
 1.775091196e-02 1.724012712e-02 1.664575188e-02 1.597652442e-02 1.528188508e-02
 1.452210225e-02 1.378691740e-02 1.306797665e-02 1.240694295e-02 1.189376668e-02
 1.149914727e-02 1.132356292e-02 1.133024253e-02 1.150246038e-02 1.186849829e-02
 1.459199876e-05 3.261809013e-05 5.721964799e-05 8.784836159e-05 1.239789098e-04
 1.651593292e-04 2.111061742e-04 2.652316558e-04 3.443547460e-04 4.979751239e-04
 6.828062411e-04 9.001572502e-04 1.155742079e-03 1.437053192e-03 1.867608543e-03
 2.378937863e-03 2.966359738e-03 3.635031557e-03 4.388608269e-03 5.226394553e-03
 6.143760197e-03 7.131516337e-03 8.169583948e-03 9.231450900e-03 1.028769473e-02
 1.131186174e-02 1.228802511e-02 1.321310792e-02 1.409213922e-02 1.493125555e-02
 1.573373302e-02 1.649966847e-02 1.722710840e-02 1.791313372e-02 1.855457908e-02
 1.914829978e-02 1.969121150e-02 2.018006512e-02 2.061116452e-02 2.098060361e-02
 2.128459143e-02 2.151934386e-02 2.168082952e-02 2.176464735e-02 2.176602711e-02
 2.167982840e-02 2.150066006e-02 2.122296965e-02 2.084121879e-02 2.035013308e-02
 1.974500882e-02 1.902229293e-02 1.818038596e-02 1.722103131e-02 1.615152410e-02
 1.498818131e-02 1.376149319e-02 1.252273575e-02 1.135030178e-02 1.034986886e-02
 9.638474689e-03 9.307525414e-03 9.381213237e-03 9.803911898e-03 1.047508022e-02
 1.271625333e-05 2.763008865e-05 4.664379571e-05 6.826691757e-05 9.119731688e-05
 1.147691902e-04 1.394605362e-04 1.698066955e-04 2.270455127e-04 3.020670665e-04
 4.238157628e-04 5.992841126e-04 8.213076296e-04 1.109139673e-03 1.496004547e-03
 2.008906183e-03 2.640902754e-03 3.397825367e-03 4.286649892e-03 5.309592973e-03
 6.465000047e-03 7.747431638e-03 9.135419007e-03 1.058310275e-02 1.199740540e-02
 1.327551524e-02 1.438229227e-02 1.536401637e-02 1.629314886e-02 1.719869565e-02
 1.808080601e-02 1.893167986e-02 1.974305885e-02 2.050809632e-02 2.122152047e-02
 2.187931260e-02 2.247826524e-02 2.301554409e-02 2.348831329e-02 2.389344961e-02
 2.422732930e-02 2.448565780e-02 2.466333742e-02 2.475438445e-02 2.475189903e-02
 2.464807768e-02 2.443424943e-02 2.410091268e-02 2.363775032e-02 2.303360629e-02
 2.227642007e-02 2.135314365e-02 2.024972309e-02 1.895134785e-02 1.744343347e-02
 1.571438089e-02 1.376244468e-02 1.161183671e-02 9.348456152e-03 7.189159539e-03
 5.555996805e-03 4.952564977e-03 5.522381719e-03 6.894653097e-03 8.596013024e-03
 1.525912991e-05 3.179713343e-05 5.031545027e-05 6.693785251e-05 7.782395007e-05
 7.991078316e-05 7.169994766e-05 5.714638278e-05 4.958989595e-05 4.640765363e-05
 6.683737011e-05 1.323671314e-04 2.525787406e-04 4.534134765e-04 7.668476808e-04
 1.225942036e-03 1.860028993e-03 2.690868056e-03 3.729705690e-03 4.976326325e-03
 6.424812977e-03 8.088625376e-03 9.966468897e-03 1.213748739e-02 1.437523596e-02
 1.601348584e-02 1.703945825e-02 1.776960169e-02 1.871696261e-02 1.972597270e-02
 2.073132264e-02 2.170216067e-02 2.262181967e-02 2.348107393e-02 2.427506567e-02
 2.500153526e-02 2.565961199e-02 2.624890049e-02 2.676876370e-02 2.721776408e-02
 2.759324610e-02 2.789105006e-02 2.810534862e-02 2.822859501e-02 2.825156390e-02
 2.816345429e-02 2.795200977e-02 2.760359722e-02 2.710317135e-02 2.643403807e-02
 2.557731146e-02 2.451092844e-02 2.320802735e-02 2.163438590e-02 1.974440277e-02
 1.747471714e-02 1.473386096e-02 1.138515753e-02 7.218133664e-03 1.903771213e-03
-6.278787093e-03-7.995381439e-03-2.019377122e-03 3.189680206e-03 7.083434259e-03
 2.825407540e-05 5.797175613e-05 8.920281787e-05 1.129726155e-04 1.198187356e-04
 1.010641299e-04 5.015113407e-05-3.278483267e-05-1.398448529e-04-2.740482454e-04
-4.246879565e-04-5.607928970e-04-6.648334186e-04-6.990529171e-04-6.064792184e-04
-3.162282695e-04 2.454901008e-04 1.135801200e-03 2.376018172e-03 3.945558803e-03
 5.793402704e-03 7.855589008e-03 1.006298170e-02 1.233205663e-02 1.452711344e-02
 1.650453739e-02 1.822552878e-02 1.975756485e-02 2.117745928e-02 2.250901860e-02
 2.375211056e-02 2.490230131e-02 2.595726832e-02 2.691794181e-02 2.778798364e-02
 2.857278119e-02 2.927834675e-02 2.991027542e-02 3.047283296e-02 3.096821069e-02
 3.139596974e-02 3.175268964e-02 3.203183106e-02 3.222381230e-02 3.231628177e-02
 3.229454369e-02 3.214206486e-02 3.184096012e-02 3.137232894e-02 3.071629656e-02
 2.985159798e-02 2.875451955e-02 2.739695265e-02 2.574316648e-02 2.374457054e-02
 2.133099956e-02 1.839540424e-02 1.476491672e-02 1.014064302e-02 3.941048233e-03
-4.889732157e-03-7.134125439e-03-3.003978491e-04 5.575174137e-03 9.776685415e-03
 6.407918127e-05 1.327432364e-04 2.072487186e-04 2.685848550e-04 2.963295920e-04
 2.711505835e-04 1.769931068e-04 3.285025016e-06-2.355274286e-04-5.597635694e-04
-9.629946306e-04-1.426408563e-03-1.936799703e-03-2.468598839e-03-2.939617973e-03
-3.186287864e-03-2.965689754e-03-2.052024876e-03-3.820200525e-04 1.902855288e-03
 4.559907254e-03 7.376733872e-03 1.021363067e-02 1.298238110e-02 1.562149003e-02
 1.808746473e-02 2.035590813e-02 2.242041623e-02 2.428558784e-02 2.595971922e-02
 2.745203483e-02 2.877329675e-02 2.993689657e-02 3.095905207e-02 3.185804509e-02
 3.265289639e-02 3.336187071e-02 3.400106189e-02 3.458317157e-02 3.511651876e-02
 3.560430011e-02 3.604413802e-02 3.642797405e-02 3.674236504e-02 3.696920955e-02
 3.708687610e-02 3.707163241e-02 3.689920136e-02 3.654621265e-02 3.599130086e-02
 3.521564127e-02 3.420281846e-02 3.293807949e-02 3.140722109e-02 2.959563699e-02
 2.748859099e-02 2.507511982e-02 2.236156781e-02 1.941055109e-02 1.644554960e-02
 1.406180057e-02 1.313933654e-02 1.383944734e-02 1.542781363e-02 1.725273982e-02
 1.469838982e-04 3.084178398e-04 4.911366841e-04 6.563165107e-04 7.618047401e-04
 7.677459931e-04 6.423907176e-04 3.701027544e-04-4.722571518e-05-6.114651822e-04
-1.316185179e-03-2.164238336e-03-3.192521439e-03-4.519479226e-03-6.322509143e-03
-8.495444785e-03-1.018968705e-02-9.431451958e-03-6.014369522e-03-1.166911808e-03
 3.420857837e-03 7.575991013e-03 1.138181923e-02 1.490326082e-02 1.817135587e-02
 2.119264459e-02 2.395938793e-02 2.645812715e-02 2.867669250e-02 3.060981437e-02
 3.226300445e-02 3.365406452e-02 3.481195120e-02 3.577355957e-02 3.657959631e-02
 3.727068349e-02 3.788432359e-02 3.845277807e-02 3.900156953e-02 3.954827438e-02
 4.010144249e-02 4.065971946e-02 4.121142751e-02 4.173490845e-02 4.219984952e-02
 4.256965551e-02 4.280474726e-02 4.286646449e-02 4.272103636e-02 4.234293060e-02
 4.171694096e-02 4.083871335e-02 3.971396836e-02 3.835723258e-02 3.679124601e-02
 3.504832949e-02 3.317492103e-02 3.123999579e-02 2.934600791e-02 2.763476721e-02
 2.627017787e-02 2.538499160e-02 2.502644654e-02 2.516947929e-02 2.566460301e-02
 3.226151643e-04 6.852541058e-04 1.110137139e-03 1.518591266e-03 1.821829463e-03
 1.934322154e-03 1.789147097e-03 1.354564614e-03 6.491627319e-04-2.805766511e-04
-1.336068045e-03-2.426028171e-03-3.519018222e-03-4.806754480e-03-6.656097915e-03
-9.495245204e-03-1.249264628e-02-1.161951877e-02-6.833981674e-03 3.008804395e-05
 5.530399092e-03 1.032448840e-02 1.468968369e-02 1.875647938e-02 2.257517422e-02
 2.614496817e-02 2.943010807e-02 3.237463594e-02 3.492058093e-02 3.702831665e-02
 3.869265463e-02 3.994777768e-02 4.085950946e-02 4.151023041e-02 4.198418928e-02
 4.235807288e-02 4.269725956e-02 4.305554407e-02 4.347570665e-02 4.398909473e-02
 4.461360117e-02 4.535064692e-02 4.618256845e-02 4.707179774e-02 4.796255925e-02
 4.878515991e-02 4.946277049e-02 4.992052871e-02 5.009607340e-02 4.994922281e-02
 4.946766233e-02 4.866656214e-02 4.758276693e-02 4.626663306e-02 4.477499188e-02
 4.316722546e-02 4.150445036e-02 3.985033761e-02 3.827127932e-02 3.683341645e-02
 3.559495180e-02 3.458757878e-02 3.392822824e-02 3.353243277e-02 3.335019016e-02
 6.669214448e-04 1.440655108e-03 2.385594360e-03 3.346043210e-03 4.122003420e-03
 4.507728127e-03 4.348584022e-03 3.569575679e-03 2.168154001e-03 1.963426737e-04
-1.933546081e-03-3.398886548e-03-3.767752210e-03-3.242911556e-03-2.540910434e-03
-1.781219697e-03-6.397378241e-04 1.277533005e-03 4.122404230e-03 7.713963043e-03
 1.172890129e-02 1.593603858e-02 2.022963457e-02 2.456447656e-02 2.890042322e-02
 3.316489534e-02 3.722632845e-02 4.088731318e-02 4.392025679e-02 4.615055182e-02
 4.753990297e-02 4.820427634e-02 4.835253200e-02 4.820069901e-02 4.792095403e-02
 4.763428702e-02 4.742496595e-02 4.735829257e-02 4.749313349e-02 4.788526677e-02
 4.857994028e-02 4.959675831e-02 5.091564455e-02 5.247176080e-02 5.415964617e-02
 5.584098584e-02 5.735345155e-02 5.852661039e-02 5.921202900e-02 5.932176885e-02
 5.885391995e-02 5.788605148e-02 5.654052322e-02 5.494545673e-02 5.321096258e-02
 5.142286673e-02 4.964623277e-02 4.793131628e-02 4.631813533e-02 4.483853060e-02
 4.351605847e-02 4.236738301e-02 4.146340178e-02 4.075518021e-02 4.019470958e-02
 1.255074699e-03 2.790673031e-03 4.818389835e-03 7.116092879e-03 9.183432472e-03
 1.023120375e-02 9.906721278e-03 8.477997845e-03 6.096724373e-03 2.514657912e-03
-2.085288706e-03-4.400632031e-03-3.754535098e-03-2.633274970e-04 2.357644327e-03
 4.519613981e-03 6.642551986e-03 8.980855346e-03 1.167578533e-02 1.478036736e-02
 1.829310536e-02 2.219688016e-02 2.648634763e-02 3.117683198e-02 3.629514455e-02
 4.184363016e-02 4.770036580e-02 5.339729093e-02 5.794606550e-02 6.037829994e-02
 6.050006271e-02 5.911629373e-02 5.719521267e-02 5.534871397e-02 5.374411870e-02
 5.242173191e-02 5.138666439e-02 5.062104678e-02 5.019641678e-02 5.022120722e-02
 5.088012605e-02 5.230988643e-02 5.449760958e-02 5.731070731e-02 6.052821595e-02
 6.392334129e-02 6.719931976e-02 6.992172435e-02 7.159302791e-02 7.187797570e-02
 7.084721841e-02 6.891933372e-02 6.656544880e-02 6.410524045e-02 6.169805448e-02
 5.941628595e-02 5.728724807e-02 5.532107838e-02 5.352223463e-02 5.189037997e-02
 5.042494730e-02 4.912673502e-02 4.803882481e-02 4.711617414e-02 4.633197176e-02
 2.005074617e-03 4.582870410e-03 8.301951945e-03 1.336649968e-02 1.974534309e-02
 2.213008292e-02 1.920591568e-02 1.631002434e-02 1.362064863e-02 1.095063041e-02
 8.583978928e-03 7.168074401e-03 7.061991061e-03 8.050282380e-03 9.527284971e-03
 1.122154302e-02 1.311719267e-02 1.526457561e-02 1.772205200e-02 2.054134394e-02
 2.376949154e-02 2.745943028e-02 3.168619808e-02 3.657010543e-02 4.231588841e-02
 4.929527392e-02 5.826185783e-02 7.106488367e-02 8.339263231e-02 8.657480612e-02
 8.005317701e-02 7.040824000e-02 6.463794501e-02 6.074909263e-02 5.793097072e-02
 5.576964968e-02 5.400490667e-02 5.243352574e-02 5.087099744e-02 4.929659839e-02
 4.899970807e-02 5.099767492e-02 5.516989181e-02 6.059757156e-02 6.635204247e-02
 7.267249146e-02 7.992180816e-02 8.763496092e-02 9.261923907e-02 9.253697076e-02
 8.725132195e-02 8.136922451e-02 7.656397659e-02 7.263206415e-02 6.932505230e-02
 6.647744967e-02 6.398251352e-02 6.176889189e-02 5.979632686e-02 5.802945190e-02
 5.645382986e-02 5.505886454e-02 5.383339807e-02 5.274542126e-02 5.176762802e-02
 2.635119091e-03 6.038996079e-03 1.095815747e-02 1.755935471e-02 2.541905667e-02
 2.842244394e-02 2.527613900e-02 2.250045418e-02 2.032149598e-02 1.853489421e-02
 1.714392529e-02 1.621041582e-02 1.580675742e-02 1.593094029e-02 1.652290227e-02
 1.751319899e-02 1.885655308e-02 2.053695635e-02 2.256007966e-02 2.494584555e-02
 2.772518251e-02 3.094108356e-02 3.465324961e-02 3.894560772e-02 4.393501160e-02
 4.977172265e-02 5.657896726e-02 6.404957701e-02 7.022953207e-02 7.269812371e-02
 7.108630837e-02 6.738930793e-02 6.386182401e-02 6.101416982e-02 5.877218334e-02
 5.697687168e-02 5.546314373e-02 5.404707508e-02 5.247656066e-02 5.036402476e-02
 4.958003712e-02 5.180448756e-02 5.724160755e-02 6.371767742e-02 7.016295053e-02
 7.723681806e-02 8.575672492e-02 9.659535374e-02 1.027972142e-01 1.020611297e-01
 9.431349349e-02 8.726022806e-02 8.204968996e-02 7.795313602e-02 7.457633031e-02
 7.169903354e-02 6.919139754e-02 6.697288088e-02 6.499125961e-02 6.321123289e-02
 6.160777018e-02 6.016172262e-02 5.885666081e-02 5.767748484e-02 5.661543971e-02
 3.031194224e-03 6.909584316e-03 1.242907801e-02 1.965794714e-02 2.805628761e-02
 3.130254662e-02 2.783718611e-02 2.607852045e-02 2.477807810e-02 2.364362405e-02
 2.270258193e-02 2.201866812e-02 2.163512632e-02 2.157556723e-02 2.184592487e-02
 2.244156955e-02 2.335524160e-02 2.458243099e-02 2.612351550e-02 2.798364243e-02
 3.017142493e-02 3.269677127e-02 3.556712674e-02 3.878007426e-02 4.230834668e-02
 4.607136300e-02 4.989022472e-02 5.344565800e-02 5.630071512e-02 5.820598276e-02
 5.907069608e-02 5.904136946e-02 5.850281985e-02 5.778066288e-02 5.707846859e-02
 5.650159631e-02 5.610262103e-02 5.592396174e-02 5.604486154e-02 5.663507437e-02
 5.795398752e-02 6.021094418e-02 6.340938563e-02 6.734398585e-02 7.174248685e-02
 7.635298165e-02 8.085067036e-02 8.468589176e-02 8.714824974e-02 8.778951737e-02
 8.676233628e-02 8.468947378e-02 8.219505723e-02 7.964383325e-02 7.719401303e-02
 7.490111459e-02 7.277762054e-02 7.081945071e-02 6.901679878e-02 6.735838038e-02
 6.583296144e-02 6.442977540e-02 6.313854324e-02 6.194951396e-02 6.085849418e-02
 3.270485101e-03 7.429405680e-03 1.330047877e-02 2.091281889e-02 2.964572169e-02
 3.316012494e-02 3.021848453e-02 2.888620122e-02 2.802029927e-02 2.722121556e-02
 2.653930533e-02 2.601212655e-02 2.567154992e-02 2.554234506e-02 2.564198527e-02
 2.598173301e-02 2.656835658e-02 2.740571960e-02 2.849570294e-02 2.983820985e-02
 3.143016520e-02 3.326340729e-02 3.532127236e-02 3.757365932e-02 3.997072788e-02
 4.243657397e-02 4.486658022e-02 4.713479411e-02 4.911650880e-02 5.070846034e-02
 5.197622367e-02 5.290515516e-02 5.356027222e-02 5.405937575e-02 5.451056227e-02
 5.501112107e-02 5.564660906e-02 5.649500628e-02 5.763205260e-02 5.913114883e-02
 6.105264562e-02 6.342356588e-02 6.621572431e-02 6.933550567e-02 7.262778117e-02
 7.588557160e-02 7.886307727e-02 8.130315414e-02 8.298906097e-02 8.380728128e-02
 8.378402811e-02 8.306591363e-02 8.185615845e-02 8.034934872e-02 7.869646027e-02
 7.699983559e-02 7.532267666e-02 7.370110828e-02 7.215397616e-02 7.068959823e-02
 6.931006193e-02 6.801384586e-02 6.679738074e-02 6.565577145e-02 6.457275022e-02
 3.433848992e-03 7.787397284e-03 1.391009501e-02 2.181303959e-02 3.087396324e-02
 3.474659497e-02 3.202980616e-02 3.103949328e-02 3.041964372e-02 2.983186814e-02
 2.929941832e-02 2.885113775e-02 2.851417447e-02 2.831238853e-02 2.826557933e-02
 2.838929556e-02 2.869500200e-02 2.919033770e-02 2.987922779e-02 3.076167978e-02
 3.183317542e-02 3.308364922e-02 3.449614249e-02 3.604537374e-02 3.769670370e-02
 3.940626593e-02 4.112322189e-02 4.279487518e-02 4.437449447e-02 4.583005711e-02
 4.714792500e-02 4.834071993e-02 4.948978006e-02 5.059723164e-02 5.171287564e-02
 5.287237416e-02 5.418690610e-02 5.570723461e-02 5.749336260e-02 5.958014651e-02
 6.194470239e-02 6.460040581e-02 6.753436220e-02 7.069352628e-02 7.396954130e-02
 7.717546737e-02 8.004807152e-02 8.232947753e-02 8.384834109e-02 8.454149528e-02
 8.446596856e-02 8.379794632e-02 8.275617891e-02 8.150819806e-02 8.015903036e-02
 7.877312891e-02 7.739032434e-02 7.603485497e-02 7.472081934e-02 7.345571408e-02
 7.224279558e-02 7.108265581e-02 6.997426216e-02 6.891585061e-02 6.791501584e-02
 3.567617237e-03 8.083685447e-03 1.442154045e-02 2.257903638e-02 3.192661434e-02
 3.609620834e-02 3.364696248e-02 3.282201550e-02 3.237070816e-02 3.188828190e-02
 3.140401576e-02 3.094801105e-02 3.054841437e-02 3.023003808e-02 3.001390902e-02
 2.991724742e-02 2.995359291e-02 3.013293024e-02 3.046172801e-02 3.094283381e-02
 3.157523168e-02 3.235372452e-02 3.326864438e-02 3.430574901e-02 3.544651372e-02
 3.666904205e-02 3.794975303e-02 3.926579782e-02 4.059795982e-02 4.193351509e-02
 4.326842800e-02 4.460820968e-02 4.596851888e-02 4.738291373e-02 4.887827143e-02
 5.047464917e-02 5.223012518e-02 5.418619274e-02 5.638086852e-02 5.883919679e-02
 6.156510102e-02 6.458331121e-02 6.792538959e-02 7.162938473e-02 7.575637275e-02
 8.051470233e-02 8.483515955e-02 8.788444396e-02 8.950902330e-02 8.961302115e-02
 8.821781651e-02 8.609650407e-02 8.442723388e-02 8.296120049e-02 8.162039536e-02
 8.036394747e-02 7.916875600e-02 7.802148430e-02 7.691419995e-02 7.584194393e-02
 7.480141029e-02 7.379026346e-02 7.280681305e-02 7.184971292e-02 7.091082000e-02
 3.696674227e-03 8.374715755e-03 1.493645965e-02 2.337330773e-02 3.301246485e-02
 3.743843422e-02 3.531323137e-02 3.466130745e-02 3.424078264e-02 3.371630727e-02
 3.314511812e-02 3.256860921e-02 3.201772853e-02 3.151693460e-02 3.108627205e-02
 3.074242013e-02 3.049923807e-02 3.036806242e-02 3.035787049e-02 3.047519033e-02
 3.072388608e-02 3.110501500e-02 3.161678709e-02 3.225468616e-02 3.301183101e-02
 3.387966967e-02 3.484911745e-02 3.591156527e-02 3.706006132e-02 3.829050044e-02
 3.960264298e-02 4.100081890e-02 4.249409672e-02 4.409576703e-02 4.582239700e-02
 4.769352064e-02 4.973138667e-02 5.195956076e-02 5.440193636e-02 5.708340026e-02
 6.003277132e-02 6.328774475e-02 6.690173329e-02 7.095664433e-02 7.558426321e-02
 8.094601123e-02 8.577862170e-02 8.902852953e-02 9.070364798e-02 9.075557012e-02
 8.912052593e-02 8.680605829e-02 8.508005022e-02 8.371900887e-02 8.257244127e-02
 8.155337986e-02 8.061010386e-02 7.971128917e-02 7.883782157e-02 7.797808087e-02
 7.712513961e-02 7.627506605e-02 7.542590916e-02 7.457728805e-02 7.373400073e-02
 3.825386680e-03 8.671903421e-03 1.548257547e-02 2.426737972e-02 3.442956333e-02
 3.963580376e-02 3.824232155e-02 3.715742481e-02 3.630369941e-02 3.546400885e-02
 3.462956659e-02 3.381053918e-02 3.301993285e-02 3.227131978e-02 3.157809173e-02
 3.095312111e-02 3.040859549e-02 2.995594982e-02 2.960679940e-02 2.937217843e-02
 2.926132690e-02 2.928158689e-02 2.943830668e-02 2.973476809e-02 3.017212098e-02
 3.074925111e-02 3.146639208e-02 3.232311149e-02 3.331876720e-02 3.445306876e-02
 3.572669719e-02 3.714217643e-02 3.870368364e-02 4.041685339e-02 4.228860597e-02
 4.432688117e-02 4.654027410e-02 4.893772257e-02 5.152853864e-02 5.432354541e-02
 5.733979982e-02 6.061640592e-02 6.417481567e-02 6.802436042e-02 7.217744335e-02
 7.664832980e-02 8.076123493e-02 8.373518564e-02 8.545871981e-02 8.579506605e-02
 8.524547199e-02 8.462584978e-02 8.400066400e-02 8.341354987e-02 8.285792173e-02
 8.231643123e-02 8.177229381e-02 8.121254242e-02 8.062833941e-02 8.001438110e-02
 7.936810396e-02 7.868891985e-02 7.797752542e-02 7.723544592e-02 7.647404179e-02
 3.936116693e-03 8.928249945e-03 1.595502914e-02 2.504209824e-02 3.558553311e-02
 4.128770253e-02 4.051940261e-02 3.917901880e-02 3.797169291e-02 3.680842625e-02
 3.568215280e-02 3.458592757e-02 3.352013797e-02 3.248988953e-02 3.150310211e-02
 3.056937588e-02 2.969933691e-02 2.890648718e-02 2.820607788e-02 2.761300048e-02
 2.714146679e-02 2.680473775e-02 2.661489069e-02 2.658263015e-02 2.671715943e-02
 2.702615000e-02 2.751590212e-02 2.819109871e-02 2.905452825e-02 3.010664642e-02
 3.134475544e-02 3.277098311e-02 3.438609501e-02 3.618945440e-02 3.817991042e-02
 4.035587195e-02 4.271463558e-02 4.525177372e-02 4.795989815e-02 5.082608450e-02
 5.382923641e-02 5.694217087e-02 6.038177985e-02 6.392284887e-02 6.744889767e-02
 7.084289341e-02 7.395115781e-02 7.661308176e-02 7.872995283e-02 8.029288541e-02
 8.137989891e-02 8.211001082e-02 8.258677666e-02 8.287924296e-02 8.302823135e-02
 8.305666643e-02 8.297754711e-02 8.279904663e-02 8.252741326e-02 8.216844418e-02
 8.172811488e-02 8.121274337e-02 8.062891886e-02 7.998304412e-02 7.926365019e-02
 4.010971865e-03 9.097718299e-03 1.625584266e-02 2.550612712e-02 3.623055237e-02
 4.209983426e-02 4.144307931e-02 4.012065451e-02 3.879998461e-02 3.746685610e-02
 3.612819018e-02 3.479028145e-02 3.345922897e-02 3.214213669e-02 3.084744894e-02
 2.958494723e-02 2.836844955e-02 2.721591773e-02 2.614618343e-02 2.517858031e-02
 2.433257682e-02 2.362740638e-02 2.308169754e-02 2.271310870e-02 2.253797397e-02
 2.257096555e-02 2.282476607e-02 2.330971784e-02 2.403347483e-02 2.500069085e-02
 2.621281315e-02 2.766817188e-02 2.936086557e-02 3.127931618e-02 3.341393674e-02
 3.575699381e-02 3.829715158e-02 4.102129460e-02 4.391365341e-02 4.695561447e-02
 5.012580255e-02 5.338317071e-02 5.664827312e-02 6.012036006e-02 6.357677635e-02
 6.687377286e-02 6.996652197e-02 7.279220115e-02 7.530364975e-02 7.747799353e-02
 7.931708271e-02 8.084074363e-02 8.207717606e-02 8.305524957e-02 8.380065202e-02
 8.433511040e-02 8.467712824e-02 8.484309819e-02 8.484823105e-02 8.470713316e-02
 8.443405808e-02 8.404292834e-02 8.354723522e-02 8.296017754e-02 8.230688759e-02
 4.049273090e-03 9.181940495e-03 1.639901802e-02 2.571461441e-02 3.653605233e-02
 4.252247350e-02 4.177249388e-02 4.042200279e-02 3.900342737e-02 3.752512969e-02
 3.599881736e-02 3.443486011e-02 3.284309969e-02 3.123346319e-02 2.961642539e-02
 2.800603028e-02 2.642254733e-02 2.488792246e-02 2.342554871e-02 2.205996077e-02
 2.081645896e-02 1.972067269e-02 1.879807241e-02 1.807344053e-02 1.757031315e-02
 1.731040538e-02 1.731303316e-02 1.759454276e-02 1.816776652e-02 1.904152248e-02
 2.022017059e-02 2.170321523e-02 2.348489607e-02 2.555389445e-02 2.789340036e-02
 3.048005703e-02 3.328426540e-02 3.628930962e-02 3.947347268e-02 4.281270195e-02
 4.628003729e-02 4.984564860e-02 5.347664381e-02 5.713317180e-02 6.076505995e-02
 6.431431506e-02 6.772341722e-02 7.094070241e-02 7.392271268e-02 7.663599569e-02
 7.905789235e-02 8.117600250e-02 8.298671025e-02 8.449342959e-02 8.570506747e-02
 8.663485946e-02 8.729948235e-02 8.771827822e-02 8.791247798e-02 8.790439914e-02
 8.771665612e-02 8.737144440e-02 8.688994890e-02 8.629177372e-02 8.559020148e-02
 4.059645602e-03 9.203030817e-03 1.643047139e-02 2.575110605e-02 3.652453398e-02
 4.239393434e-02 4.172865562e-02 4.029862953e-02 3.876019858e-02 3.712259952e-02
 3.539764683e-02 3.359649179e-02 3.173002869e-02 2.980925764e-02 2.784759248e-02
 2.586692515e-02 2.389145413e-02 2.194762896e-02 2.006398272e-02 1.827084470e-02
 1.659993870e-02 1.508387355e-02 1.375553611e-02 1.264740114e-02 1.179077695e-02
 1.121500959e-02 1.094667130e-02 1.100876132e-02 1.141994682e-02 1.219387016e-02
 1.333854326e-02 1.485584291e-02 1.674111041e-02 1.898286748e-02 2.156263456e-02
 2.445478366e-02 2.762655406e-02 3.103815141e-02 3.464784571e-02 3.843011662e-02
 4.235598071e-02 4.639346404e-02 5.050681388e-02 5.465575801e-02 5.879524400e-02
 6.287607975e-02 6.684644168e-02 7.065383825e-02 7.424720965e-02 7.757908276e-02
 8.060774213e-02 8.329930216e-02 8.562949192e-02 8.758491808e-02 8.916357515e-02
 9.037444916e-02 9.123621168e-02 9.177518077e-02 9.202286696e-02 9.201347328e-02
 9.178166892e-02 9.136083966e-02 9.078188412e-02 9.007244767e-02 8.925545453e-02
 4.050862391e-03 9.181365045e-03 1.638741984e-02 2.567509769e-02 3.642604024e-02
 4.228930131e-02 4.144404646e-02 3.989463456e-02 3.820297386e-02 3.637766187e-02
 3.442847238e-02 3.236528585e-02 3.019822637e-02 2.793789690e-02 2.560617863e-02
 2.322800291e-02 2.083138409e-02 1.844738654e-02 1.610996229e-02 1.385564755e-02
 1.172311072e-02 9.752551889e-03 7.984962114e-03 6.461258892e-03 5.221322543e-03
 4.302965937e-03 3.740876062e-03 3.565569717e-03 3.802406686e-03 4.470701104e-03
 5.582965735e-03 7.144314475e-03 9.152038049e-03 1.159535450e-02 1.445532376e-02
 1.770489998e-02 2.130909635e-02 2.522521056e-02 2.940309718e-02 3.378444359e-02
 3.833587350e-02 4.302727728e-02 4.782512726e-02 5.269134915e-02 5.758228841e-02
 6.244787254e-02 6.723114308e-02 7.186841529e-02 7.629043375e-02 8.042493443e-02
 8.420086117e-02 8.755404163e-02 9.043350353e-02 9.280709452e-02 9.466497580e-02
 9.602001675e-02 9.690497129e-02 9.736721932e-02 9.746243735e-02 9.724860674e-02
 9.678133966e-02 9.611088933e-02 9.528071288e-02 9.432744007e-02 9.329275380e-02
 4.029476820e-03 9.131644707e-03 1.629560848e-02 2.552520183e-02 3.619215248e-02
 4.194256239e-02 4.099577951e-02 3.929753153e-02 3.742400072e-02 3.538302924e-02
 3.318191014e-02 3.082824377e-02 2.833008346e-02 2.570483731e-02 2.297640351e-02
 2.017250836e-02 1.732485277e-02 1.446912294e-02 1.164484590e-02 8.895069320e-03
 6.265852351e-03 3.805563067e-03 1.563988683e-03-4.087230071e-04-2.063260165e-03
-3.352438754e-03-4.232537237e-03-4.664614979e-03-4.615752823e-03-4.060156830e-03
-2.980073842e-03-1.366479830e-03 7.804815542e-04 3.451314369e-03 6.627223466e-03
 1.028037025e-02 1.437427800e-02 1.886431746e-02 2.369817629e-02 2.881620831e-02
 3.415180617e-02 3.966913471e-02 4.534274388e-02 5.114213920e-02 5.702941025e-02
 6.295620060e-02 6.886013699e-02 7.466124397e-02 8.025957791e-02 8.553618910e-02
 9.035989702e-02 9.460114253e-02 9.815099926e-02 1.009400144e-01 1.029505409e-01
 1.042183026e-01 1.048227422e-01 1.048697142e-01 1.044726294e-01 1.037376364e-01
 1.027553042e-01 1.015980830e-01 1.003213833e-01 9.896595504e-02 9.754243684e-02
 4.000155063e-03 9.064238025e-03 1.617300873e-02 2.532853698e-02 3.588293522e-02
 4.147165569e-02 4.044481102e-02 3.857266163e-02 3.649551381e-02 3.421666707e-02
 3.174047329e-02 2.907154274e-02 2.622042862e-02 2.320802801e-02 2.005972110e-02
 1.680568131e-02 1.348107848e-02 1.012613798e-02 6.786018625e-03 3.510479436e-03
 3.533127459e-04-2.628466949e-03-5.375675055e-03-7.828230029e-03-9.926610446e-03
-1.161344199e-02-1.283514591e-02-1.354357020e-02-1.369752001e-02-1.326410608e-02
-1.221983937e-02-1.055141577e-02-8.256156337e-03-5.342093419e-03-1.827718802e-03
 2.258564372e-03 6.879221954e-03 1.198851831e-02 1.753350040e-02 2.345492852e-02
 2.968801960e-02 3.616296609e-02 4.286518502e-02 4.978321807e-02 5.689991914e-02
 6.418708784e-02 7.159698656e-02 7.904955532e-02 8.641516334e-02 9.349710024e-02
 1.000277087e-01 1.056991025e-01 1.102316576e-01 1.134484525e-01 1.153207407e-01
 1.159722599e-01 1.156403442e-01 1.146043638e-01 1.131166117e-01 1.113681223e-01
 1.094881544e-01 1.075581672e-01 1.056268841e-01 1.037221816e-01 1.018699911e-01
 3.966377103e-03 8.986887203e-03 1.603307763e-02 2.510579138e-02 3.559920111e-02
 4.115385617e-02 3.982991881e-02 3.777464566e-02 3.548078092e-02 3.295033677e-02
 3.018464954e-02 2.718530472e-02 2.396862904e-02 2.055585995e-02 1.697360149e-02
 1.325423040e-02 9.436190687e-03 5.564124581e-03 1.688792843e-03-2.133257586e-03
-5.840310463e-03-9.366399877e-03-1.264253300e-02-1.559819517e-02-1.816309372e-02
-2.026907410e-02-2.185212190e-02-2.285434945e-02-2.322585808e-02-2.292636865e-02
-2.192652380e-02-2.020878520e-02-1.776787623e-02-1.461075146e-02-1.075610701e-02
-6.233475827e-03-1.081977111e-03 4.651192248e-03 1.091242323e-02 1.764340790e-02
 2.478278308e-02 3.226751834e-02 4.005805820e-02 4.817697870e-02 5.665201865e-02
 6.551392613e-02 7.479060743e-02 8.449265766e-02 9.457783511e-02 1.048614347e-01
 1.148192050e-01 1.234743264e-01 1.298795749e-01 1.335392637e-01 1.343972724e-01
 1.328782781e-01 1.298796894e-01 1.263401838e-01 1.227770926e-01 1.193882320e-01
 1.162321653e-01 1.133118347e-01 1.106088621e-01 1.080980731e-01 1.057539451e-01
 3.930953258e-03 8.905885474e-03 1.588685927e-02 2.487334105e-02 3.521589067e-02
 4.054966157e-02 3.919803353e-02 3.695305429e-02 3.443870754e-02 3.165260488e-02
 2.859233682e-02 2.526312723e-02 2.168114276e-02 1.786798036e-02 1.385134550e-02
 9.665628198e-03 5.352335490e-03 9.603286033e-04-3.454189406e-03-7.827986401e-03
-1.209145589e-02-1.616963993e-02-1.998362517e-02-2.345229118e-02-2.649436093e-02
-2.903067423e-02-3.098657835e-02-3.229430966e-02-3.289522926e-02-3.274177604e-02
-3.179901299e-02-3.004566742e-02-2.747459869e-02-2.409266589e-02-1.992000721e-02
-1.498877748e-02-9.341416341e-03-3.028532557e-03 3.893513437e-03 1.136526754e-02
 1.932706185e-02 2.772218003e-02 3.650048096e-02 4.569187353e-02 5.537614850e-02
 6.566326781e-02 7.670670382e-02 8.872507199e-02 1.020415590e-01 1.171780648e-01
 1.352357369e-01 1.509391985e-01 1.611227985e-01 1.651415780e-01 1.627932152e-01
 1.551228396e-01 1.448860646e-01 1.371531836e-01 1.309518457e-01 1.258195931e-01
 1.214699427e-01 1.177081457e-01 1.143962445e-01 1.114338817e-01 1.087405988e-01
 3.896308816e-03 8.826704602e-03 1.574405081e-02 2.464674219e-02 3.489275131e-02
 4.011988289e-02 3.858286959e-02 3.615528980e-02 3.342792333e-02 3.039505646e-02
 2.705094362e-02 2.340477263e-02 1.947198048e-02 1.527413887e-02 1.083972504e-02
 6.204817962e-03 1.413652221e-03-3.481039497e-03-8.417964557e-03-1.332755390e-02
-1.813264511e-02-2.274960136e-02-2.708987769e-02-3.106201467e-02-3.457400403e-02
-3.753593446e-02-3.986279209e-02-4.147726398e-02-4.231237833e-02-4.231381418e-02
-4.144172856e-02-3.967197877e-02-3.699665844e-02-3.342391439e-02-2.897706000e-02
-2.369304376e-02-1.762036325e-02-1.081652946e-02-3.345180668e-03 4.727084582e-03
 1.333414459e-02 2.241414285e-02 3.191385943e-02 4.181480520e-02 5.220987974e-02
 6.323030408e-02 7.506464780e-02 8.799137199e-02 1.024353607e-01 1.190664031e-01
 1.394089906e-01 1.554676738e-01 1.707023176e-01 1.729693813e-01 1.696695372e-01
 1.607850259e-01 1.489961601e-01 1.403211107e-01 1.335412886e-01 1.280623057e-01
 1.235012307e-01 1.196060128e-01 1.162057637e-01 1.131815498e-01 1.104613630e-01
 3.864599018e-03 8.754233948e-03 1.561337822e-02 2.443949778e-02 3.461192439e-02
 3.976580913e-02 3.801843775e-02 3.542606627e-02 3.250371136e-02 2.924427049e-02
 2.564289522e-02 2.170875938e-02 1.745671370e-02 1.290824658e-02 8.092415196e-03
 3.046689381e-03-2.182360019e-03-7.538605228e-03-1.295621788e-02-1.835991466e-02
-2.366565850e-02-2.878186234e-02-3.361111388e-02-3.805240362e-02-4.200379645e-02
-4.536544342e-02-4.804278948e-02-4.994980117e-02-5.101201897e-02-5.116923791e-02
-5.037763753e-02-4.861121786e-02-4.586244873e-02-4.214209865e-02-3.747827076e-02
-3.191472813e-02-2.550863381e-02-1.832785725e-02-1.044800551e-02-1.949327114e-03
 7.086389052e-03 1.657883131e-02 2.645203828e-02 3.663707601e-02 4.714801902e-02
 5.805696783e-02 6.945118792e-02 8.143178959e-02 9.410177561e-02 1.075106743e-01
 1.212592148e-01 1.331145656e-01 1.421967823e-01 1.472142059e-01 1.476986138e-01
 1.443293519e-01 1.390292015e-01 1.339739428e-01 1.294793646e-01 1.255061490e-01
 1.219729580e-01 1.187997379e-01 1.159177012e-01 1.132704424e-01 1.107959196e-01
 3.837719343e-03 8.692795671e-03 1.550260082e-02 2.426359972e-02 3.431944340e-02
 3.929383510e-02 3.754375212e-02 3.480782355e-02 3.171980463e-02 2.826776944e-02
 2.444856733e-02 2.027041100e-02 1.574751625e-02 1.090117643e-02 5.760817805e-03
 3.649698298e-04-5.237926653e-03-1.098895925e-02-1.681852262e-02-2.264652461e-02
-2.838309755e-02-3.392987228e-02-3.918184022e-02-4.402978891e-02-4.836324786e-02
-5.207383178e-02-5.505882079e-02-5.722477916e-02-5.849099213e-02-5.879249772e-02
-5.808251093e-02-5.633407913e-02-5.354086711e-02-4.971704046e-02-4.489628907e-02
-3.913009988e-02-3.248544295e-02-2.504207226e-02-1.688966247e-02-8.125007143e-03
 1.150499429e-03 1.083287367e-02 2.081680263e-02 3.099583548e-02 4.127096787e-02
 5.164153131e-02 6.208877675e-02 7.255870574e-02 8.293320480e-02 9.298816600e-02
 1.023598493e-01 1.105812276e-01 1.172044568e-01 1.219217719e-01 1.246615226e-01
 1.256336872e-01 1.252666348e-01 1.240415366e-01 1.223383636e-01 1.203979955e-01
 1.183572266e-01 1.162897220e-01 1.142336237e-01 1.122078465e-01 1.102298356e-01
 3.817255857e-03 8.646017237e-03 1.541825336e-02 2.412993946e-02 3.415880783e-02
 3.913821205e-02 3.717929604e-02 3.433691757e-02 3.112272457e-02 2.752383628e-02
 2.353856533e-02 1.917429066e-02 1.444464867e-02 9.370694491e-03 3.982051147e-03
-1.682023004e-03-7.571731949e-03-1.362609849e-02-1.977267919e-02-2.592773613e-02
-3.199695317e-02-3.787676251e-02-4.345631357e-02-4.862007216e-02-5.325098493e-02
-5.723408878e-02-6.046039191e-02-6.283081076e-02-6.425992172e-02-6.467928337e-02
-6.404010750e-02-6.231510369e-02-5.949938893e-02-5.561043314e-02-5.068709404e-02
-4.478787114e-02-3.798857113e-02-3.037961973e-02-2.206327740e-02-1.315102007e-02
-3.761337354e-03 5.981812140e-03 1.594965607e-02 2.600813544e-02 3.601603054e-02
 4.589204847e-02 5.558494191e-02 6.501543607e-02 7.407039191e-02 8.260075839e-02
 9.042863765e-02 9.736759397e-02 1.032542093e-01 1.079819000e-01 1.115255976e-01
 1.139477812e-01 1.153821565e-01 1.160011068e-01 1.159810956e-01 1.154787621e-01
 1.146211493e-01 1.135059302e-01 1.122061066e-01 1.107756305e-01 1.092585414e-01
 3.804413507e-03 8.616656311e-03 1.536530648e-02 2.404586095e-02 3.401198290e-02
 3.889660256e-02 3.695193983e-02 3.404156392e-02 3.074830724e-02 2.705739873e-02
 2.296803844e-02 1.848705022e-02 1.362767468e-02 8.410784134e-03 2.866091584e-03
-2.966719594e-03-9.037032523e-03-1.528259899e-02-2.162921241e-02-2.799085622e-02
-3.427042189e-02-4.036106808e-02-4.614825736e-02-5.151246037e-02-5.633246149e-02
-6.048914096e-02-6.386955190e-02-6.637106530e-02-6.790532828e-02-6.840177762e-02
-6.781047423e-02-6.610407384e-02-6.327882073e-02-5.935453600e-02-5.437366018e-02
-4.839949102e-02-4.151382236e-02-3.381423270e-02-2.541128926e-02-1.642592645e-02
-6.987227847e-03 2.769207430e-03 1.270219825e-02 2.266518478e-02 3.250578853e-02
 4.209417043e-02 5.137856651e-02 6.028991474e-02 6.874304336e-02 7.664044360e-02
 8.387937651e-02 9.036223375e-02 9.600878388e-02 1.007677507e-01 1.046247586e-01
 1.076043883e-01 1.097657738e-01 1.111931938e-01 1.119845247e-01 1.122405242e-01
 1.120568507e-01 1.115193121e-01 1.107018376e-01 1.096660805e-01 1.084513850e-01
 3.799954822e-03 8.606458356e-03 1.534690367e-02 2.401658262e-02 3.396106880e-02
 3.880865609e-02 3.687300559e-02 3.393926894e-02 3.061925332e-02 2.689707495e-02
 2.277227520e-02 1.825150998e-02 1.334789552e-02 8.082246815e-03 2.484309839e-03
-3.406085969e-03-9.538042890e-03-1.584887793e-02-2.226378095e-02-2.869595477e-02
-3.504733356e-02-4.120995305e-02-4.706801060e-02-5.250060552e-02-5.738509353e-02
-6.160092850e-02-6.503380731e-02-6.757988655e-02-6.914981196e-02-6.967229768e-02
-6.909701633e-02-6.739661203e-02-6.456772131e-02-6.063097337e-02-5.563003145e-02
-4.962981919e-02-4.271414179e-02-3.498295325e-02-2.654953624e-02-1.753784824e-02
-8.080249916e-03 1.684230100e-03 1.161102351e-02 2.155058147e-02 3.134853849e-02
 4.086036637e-02 5.003631719e-02 5.881257916e-02 6.711357720e-02 7.485619432e-02
 8.195603860e-02 8.833534949e-02 9.393151124e-02 9.870466393e-02 1.026428266e-01
 1.057633908e-01 1.081107038e-01 1.097504357e-01 1.107621323e-01 1.112315551e-01
 1.112440918e-01 1.108799350e-01 1.102111509e-01 1.093006699e-01 1.082151143e-01
 3.804157015e-03 8.616064981e-03 1.536422298e-02 2.404419196e-02 3.404321869e-02
 3.899314621e-02 3.694490883e-02 3.403684914e-02 3.074382802e-02 2.705297254e-02
 2.296359022e-02 1.848254629e-02 1.362311173e-02 8.406183355e-03 2.861495522e-03
-2.971248706e-03-9.041413710e-03-1.528673318e-02-2.163298301e-02-2.799412985e-02
-3.427304934e-02-4.036288541e-02-4.614908735e-02-5.151211387e-02-5.633073864e-02
-6.048583179e-02-6.386443585e-02-6.636390894e-02-6.789588044e-02-6.838976111e-02
-6.779557288e-02-6.608591385e-02-6.325694488e-02-5.932836939e-02-5.434246585e-02
-4.836231398e-02-4.146942046e-02-3.376099333e-02-2.534713213e-02-1.634819485e-02
-6.892575652e-03 2.884917371e-03 1.284395516e-02 2.283879900e-02 3.271768104e-02
 4.235337839e-02 5.169393130e-02 6.066894970e-02 6.919034825e-02 7.715587828e-02
 8.445647174e-02 9.098748086e-02 9.666233634e-02 1.014256612e-01 1.052623251e-01
 1.081997312e-01 1.103026335e-01 1.116622430e-01 1.123831037e-01 1.125712698e-01
 1.123259046e-01 1.117346663e-01 1.108720985e-01 1.097996878e-01 1.085545569e-01
 3.816775816e-03 8.644920231e-03 1.541627197e-02 2.412664531e-02 3.411981738e-02
 3.902164101e-02 3.717259958e-02 3.432884101e-02 3.111452718e-02 2.751545681e-02
 2.352997311e-02 1.916548639e-02 1.443566718e-02 9.361605090e-03 3.972957491e-03
-1.690983250e-03-7.580387581e-03-1.363424551e-02-1.978008199e-02-2.593412926e-02
-3.200204377e-02-3.788023344e-02-4.345782710e-02-4.861927394e-02-5.324750778e-02
-5.722755553e-02-6.045041645e-02-6.281699593e-02-6.424185271e-02-6.465651482e-02
-6.401214243e-02-6.228136194e-02-5.945916272e-02-5.556282681e-02-5.063094475e-02
-4.472164655e-02-3.791023962e-02-3.028648794e-02-2.195178963e-02-1.301651442e-02
-3.597755913e-03 6.182255974e-03 1.619683750e-02 2.631436496e-02 3.639631922e-02
 4.636767489e-02 5.617926512e-02 6.575191712e-02 7.496853650e-02 8.366977836e-02
 9.166016050e-02 9.873066185e-02 1.046958413e-01 1.094341935e-01 1.129179052e-01
 1.152203867e-01 1.164963885e-01 1.169420398e-01 1.167531914e-01 1.160984235e-01
 1.151100127e-01 1.138864151e-01 1.124990425e-01 1.109993048e-01 1.094298850e-01
 3.837047778e-03 8.691270978e-03 1.549987318e-02 2.425942437e-02 3.433297965e-02
 3.935601243e-02 3.753218599e-02 3.479679147e-02 3.170834713e-02 2.825578866e-02
 2.443608495e-02 2.025748531e-02 1.573424575e-02 1.088770248e-02 5.747326146e-03
 3.516911504e-04-5.250717056e-03-1.100094281e-02-1.682933996e-02-2.265577926e-02
-2.839036105e-02-3.393469061e-02-3.918374148e-02-4.402829174e-02-4.835787010e-02
-5.206409840e-02-5.504426975e-02-5.720496376e-02-5.846547795e-02-5.876085198e-02
-5.804428184e-02-5.628876249e-02-5.348785712e-02-4.965556099e-02-4.482530088e-02
-3.904817810e-02-3.239061713e-02-2.493161869e-02-1.675983453e-02-7.970684314e-03
 1.336269851e-03 1.105947625e-02 2.109683513e-02 3.134611538e-02 4.171788844e-02
 5.222013267e-02 6.284508033e-02 7.355131309e-02 8.423107208e-02 9.465627494e-02
 1.044230458e-01 1.129867035e-01 1.198234596e-01 1.245696728e-01 1.271361765e-01
 1.277741317e-01 1.270022213e-01 1.253919689e-01 1.233666152e-01 1.211719122e-01
 1.189351957e-01 1.167183368e-01 1.145490635e-01 1.124379145e-01 1.103943754e-01
 3.863746417e-03 8.752306438e-03 1.560995023e-02 2.443412837e-02 3.459528385e-02
 3.972926825e-02 3.800646706e-02 3.541231494e-02 3.248907936e-02 2.922873247e-02
 2.562652255e-02 2.169167583e-02 1.743909666e-02 1.289032840e-02 8.074483593e-03
 3.029087041e-03-2.199237082e-03-7.554310809e-03-1.297026050e-02-1.837176449e-02
-2.367475643e-02-2.878763123e-02-3.361297188e-02-3.804977908e-02-4.199614380e-02
-4.535225896e-02-4.802362581e-02-4.992427856e-02-5.097983180e-02-5.113015414e-02
-5.033148873e-02-4.855787758e-02-4.580179628e-02-4.207396539e-02-3.740236497e-02
-3.183053349e-02-2.541527433e-02-1.822391785e-02-1.033129174e-02-1.816537695e-03
 7.240119958e-03 1.676059261e-02 2.667212315e-02 3.691048208e-02 4.749966617e-02
 5.852364871e-02 7.008883804e-02 8.232877554e-02 9.540627680e-02 1.095054064e-01
 1.245776726e-01 1.371925461e-01 1.471157041e-01 1.522515699e-01 1.521624097e-01
 1.476650979e-01 1.410338784e-01 1.352848497e-01 1.303671459e-01 1.261156897e-01
 1.223925030e-01 1.190864428e-01 1.161101321e-01 1.133954907e-01 1.108748110e-01
 3.895258804e-03 8.824338244e-03 1.573986046e-02 2.464016549e-02 3.487174715e-02
 4.006245917e-02 3.856782598e-02 3.613853123e-02 3.340983990e-02 3.037568166e-02
 2.703033691e-02 2.338315142e-02 1.944962702e-02 1.525140104e-02 1.081701638e-02
 6.182615871e-03 1.392494197e-03-3.500561739e-03-8.435213397e-03-1.334185685e-02
-1.814330879e-02-2.275592853e-02-2.709118724e-02-3.105766415e-02-3.456341424e-02
-3.751861496e-02-3.983836658e-02-4.144549404e-02-4.227318389e-02-4.226728914e-02
-4.138814992e-02-3.961180776e-02-3.693053255e-02-3.335262913e-02-2.890153961e-02
-2.361430006e-02-1.753944169e-02-1.073444085e-02-3.262816179e-03 4.809059808e-03
 1.341542602e-02 2.249496675e-02 3.199525594e-02 4.189973733e-02 5.230344917e-02
 6.334092467e-02 7.520603187e-02 8.818583170e-02 1.027179769e-01 1.194795828e-01
 1.393468383e-01 1.566277293e-01 1.678802439e-01 1.724122370e-01 1.697418964e-01
 1.608761009e-01 1.493384943e-01 1.405190485e-01 1.336375684e-01 1.280912238e-01
 1.234855140e-01 1.195606627e-01 1.161410127e-01 1.131046540e-01 1.103775606e-01
 3.929658456e-03 8.902975483e-03 1.588172585e-02 2.486555326e-02 3.524403390e-02
 4.065600908e-02 3.917732694e-02 3.693254646e-02 3.441639802e-02 3.162853072e-02
 2.856661207e-02 2.523607638e-02 2.165317033e-02 1.783957304e-02 1.382306844e-02
 9.638119581e-03 5.326299300e-03 9.365250778e-04-3.474956046e-03-7.844883376e-03
-1.210364080e-02-1.617628342e-02-1.998393736e-02-2.344555160e-02-2.647995145e-02
-2.900811428e-02-3.095556139e-02-3.225473983e-02-3.284725714e-02-3.268583234e-02
-3.173583971e-02-2.997634604e-02-2.740057583e-02-2.401577778e-02-1.984250522e-02
-1.491335869e-02-9.271265161e-03-2.967382426e-03 3.941283501e-03 1.139447891e-02
 1.933149074e-02 2.769414544e-02 3.643014998e-02 4.556541760e-02 5.517426663e-02
 6.535766994e-02 7.625388962e-02 8.805489818e-02 1.010357622e-01 1.156361058e-01
 1.333054408e-01 1.493863804e-01 1.603303291e-01 1.624046813e-01 1.599010090e-01
 1.528639668e-01 1.431832727e-01 1.359679500e-01 1.300863074e-01 1.251590321e-01
 1.209466697e-01 1.172807196e-01 1.140384280e-01 1.111285374e-01 1.084742521e-01
 3.964749346e-03 8.983238974e-03 1.602666645e-02 2.509581946e-02 3.554576680e-02
 4.101587074e-02 3.980887733e-02 3.774932014e-02 3.545291431e-02 3.292013263e-02
 3.015233339e-02 2.715131634e-02 2.393353135e-02 2.052031488e-02 1.693836087e-02
 1.322012611e-02 9.404123190e-03 5.535049832e-03 1.663706566e-03-2.153338775e-03
-5.854371692e-03-9.373454791e-03-1.264165481e-02-1.558855193e-02-1.814398742e-02
-2.023998309e-02-2.181274593e-02-2.280465661e-02-2.316613300e-02-2.285726153e-02
-2.184910026e-02-2.012457773e-02-1.767893833e-02-1.451971705e-02-1.066625857e-02
-6.148826495e-03-1.007374393e-03 4.709929990e-03 1.094832250e-02 1.764808445e-02
 2.474606812e-02 3.217696157e-02 3.989691993e-02 4.792336476e-02 5.627679211e-02
 6.497753107e-02 7.403834447e-02 8.344793885e-02 9.313424413e-02 1.028840799e-01
 1.122048713e-01 1.202915698e-01 1.263657496e-01 1.299898715e-01 1.311160375e-01
 1.301097626e-01 1.276990082e-01 1.246557347e-01 1.214651722e-01 1.183502121e-01
 1.153968865e-01 1.126287807e-01 1.100420459e-01 1.076216649e-01 1.053510683e-01
 3.998045879e-03 9.059524816e-03 1.616476008e-02 2.531597723e-02 3.587153188e-02
 4.147375489e-02 4.041553384e-02 3.854041598e-02 3.645994815e-02 3.417809473e-02
 3.169932372e-02 2.902831272e-02 2.617589958e-02 2.316309313e-02 2.001536673e-02
 1.676297135e-02 1.344114078e-02 1.009014955e-02 6.755188862e-03 3.486030253e-03
 3.364549465e-04-2.636561597e-03-5.373906283e-03-7.815606058e-03-9.902289280e-03
-1.157677662e-02-1.278573302e-02-1.348130186e-02-1.362263827e-02-1.317726054e-02
-1.212214815e-02-1.044453105e-02-8.142336209e-03-5.224282131e-03-1.709638482e-03
 2.372307524e-03 6.983013720e-03 1.207559188e-02 1.759576329e-02 2.348275446e-02
 2.967004257e-02 3.608567685e-02 4.271169466e-02 4.953303196e-02 5.652835589e-02
 6.366487462e-02 7.089045656e-02 7.812238363e-02 8.523331026e-02 9.203887423e-02
 9.829835280e-02 1.037428647e-01 1.081314241e-01 1.113112894e-01 1.132559116e-01
 1.140686461e-01 1.139507090e-01 1.131435872e-01 1.118725121e-01 1.103152918e-01
 1.085978323e-01 1.068033055e-01 1.049840732e-01 1.031719560e-01 1.013952867e-01
 4.026640930e-03 9.125328378e-03 1.628460611e-02 2.550854897e-02 3.619059181e-02
 4.197539259e-02 4.095851707e-02 3.925524143e-02 3.737728419e-02 3.533250344e-02
 3.312829856e-02 3.077234576e-02 2.827275562e-02 2.564728424e-02 2.291989280e-02
 2.011836549e-02 1.727444980e-02 1.442386704e-02 1.160616557e-02 8.864397382e-03
 6.244605035e-03 3.795114604e-03 1.565641349e-03-3.937733257e-04-2.033962576e-03
-3.307929761e-03-4.172186581e-03-4.588074759e-03-4.523010033e-03-3.951589892e-03
-2.856514265e-03-1.229280846e-03 9.293673167e-04 3.609245493e-03 6.790766872e-03
 1.044518299e-02 1.453497375e-02 1.901431865e-02 2.382957749e-02 2.891966022e-02
 3.421636768e-02 3.968267067e-02 4.529100611e-02 5.100896898e-02 5.679718984e-02
 6.260665063e-02 6.837563387e-02 7.402685529e-02 7.946591377e-02 8.458282002e-02
 8.925849387e-02 9.337698518e-02 9.684165095e-02 9.959094252e-02 1.016087088e-01
 1.029255558e-01 1.036108835e-01 1.037584621e-01 1.034704293e-01 1.028442532e-01
 1.019648788e-01 1.009017628e-01 9.970920464e-02 9.842802956e-02 9.707060836e-02
 4.046892721e-03 9.172549784e-03 1.637213373e-02 2.565189988e-02 3.636787323e-02
 4.215876695e-02 4.139405340e-02 3.983708854e-02 3.813972613e-02 3.630975842e-02
 3.435707181e-02 3.229158364e-02 3.012338904e-02 2.786339004e-02 2.553354678e-02
 2.315881489e-02 2.076723067e-02 1.838987534e-02 1.606071110e-02 1.381627393e-02
 1.169521681e-02 9.737704545e-03 7.984668557e-03 6.476938378e-03 5.254274835e-03
 4.354337201e-03 3.811622634e-03 3.656420007e-03 3.913820804e-03 4.602827169e-03
 5.735590929e-03 7.316808465e-03 9.343284251e-03 1.180366499e-02 1.467832998e-02
 1.793941561e-02 2.155095471e-02 2.546908233e-02 2.964234450e-02 3.401047108e-02
 3.853999333e-02 4.319859509e-02 4.795086520e-02 5.275750291e-02 5.757457230e-02
 6.235284323e-02 6.703738949e-02 7.156776051e-02 7.587910968e-02 7.990461310e-02
 8.357931114e-02 8.684512425e-02 8.965630900e-02 9.198423582e-02 9.382032072e-02
 9.517632376e-02 9.608191955e-02 9.658017808e-02 9.672207391e-02 9.656119795e-02
 9.614952079e-02 9.553456690e-02 9.475794093e-02 9.385516553e-02 9.286763880e-02
 4.053878654e-03 9.190239712e-03 1.640834293e-02 2.571797948e-02 3.650738493e-02
 4.243080337e-02 4.165679442e-02 4.021761086e-02 3.867215126e-02 3.702928717e-02
 3.530098100e-02 3.349827042e-02 3.163188175e-02 2.971263398e-02 2.775425508e-02
 2.577861281e-02 2.380988963e-02 2.187453524e-02 2.000108951e-02 1.821988723e-02
 1.656264920e-02 1.506196690e-02 1.375069115e-02 1.266123940e-02 1.182484017e-02
 1.127073748e-02 1.102538075e-02 1.111162725e-02 1.154798498e-02 1.234792071e-02
 1.351925294e-02 1.506363985e-02 1.697616922e-02 1.924505541e-02 2.185143455e-02
 2.476916035e-02 2.796480195e-02 3.139705031e-02 3.502527075e-02 3.882131861e-02
 4.275323685e-02 4.678540784e-02 5.087850843e-02 5.499003398e-02 5.907509513e-02
 6.308690727e-02 6.697719450e-02 7.069723341e-02 7.419967823e-02 7.744077490e-02
 8.038254894e-02 8.299470949e-02 8.525612247e-02 8.715573751e-02 8.869285577e-02
 8.987665703e-02 9.072499450e-02 9.126259389e-02 9.151890548e-02 9.152590684e-02
 9.131612236e-02 9.092103783e-02 9.036997934e-02 8.968933017e-02 8.889907753e-02
 4.040708006e-03 9.162880689e-03 1.636593663e-02 2.566472792e-02 3.644292146e-02
 4.236214032e-02 4.166878487e-02 4.030444943e-02 3.887717999e-02 3.739441928e-02
 3.586662339e-02 3.430357424e-02 3.271462436e-02 3.110932078e-02 2.949787044e-02
 2.789472893e-02 2.632015726e-02 2.479612268e-02 2.334605571e-02 2.199452856e-02
 2.076686902e-02 1.968871801e-02 1.878553894e-02 1.808208903e-02 1.760186387e-02
 1.736652789e-02 1.739534230e-02 1.770460359e-02 1.830710880e-02 1.921166505e-02
 2.042265350e-02 2.193963717e-02 2.375694613e-02 2.586339966e-02 2.824237967e-02
 3.087029328e-02 3.372039798e-02 3.677561224e-02 4.001359958e-02 4.340842223e-02
 4.692899073e-02 5.053742703e-02 5.418704973e-02 5.782446541e-02 6.140276154e-02
 6.487909055e-02 6.820634776e-02 7.133684617e-02 7.422869690e-02 7.685008392e-02
 7.918079355e-02 8.121146023e-02 8.294150390e-02 8.437683341e-02 8.552800517e-02
 8.640899510e-02 8.703640894e-02 8.742888510e-02 8.760652101e-02 8.759026246e-02
 8.740127411e-02 8.706034416e-02 8.658737375e-02 8.600089317e-02 8.531552345e-02
 3.998424926e-03 9.069444363e-03 1.620597558e-02 2.542971410e-02 3.611974606e-02
 4.194504887e-02 4.128083286e-02 3.992910149e-02 3.861478919e-02 3.728273055e-02
 3.594859463e-02 3.461742995e-02 3.329439019e-02 3.198608997e-02 3.070078679e-02
 2.944824672e-02 2.824302145e-02 2.710322286e-02 2.604781610e-02 2.509624094e-02
 2.426803907e-02 2.358248444e-02 2.305821673e-02 2.271288206e-02 2.256278744e-02
 2.262257387e-02 2.290490500e-02 2.342012992e-02 2.417595610e-02 2.517716965e-02
 2.642548427e-02 2.791956845e-02 2.965387060e-02 3.161714249e-02 3.380300886e-02
 3.620509841e-02 3.881426134e-02 4.162001923e-02 4.460950401e-02 4.776637944e-02
 5.106980336e-02 5.448064214e-02 5.798292996e-02 6.136117835e-02 6.462909177e-02
 6.781209361e-02 7.081371223e-02 7.355056013e-02 7.596536167e-02 7.803310466e-02
 7.975957029e-02 8.117128224e-02 8.230256245e-02 8.318627115e-02 8.385003252e-02
 8.431604525e-02 8.460236005e-02 8.472438234e-02 8.469606262e-02 8.453064253e-02
 8.424101290e-02 8.383980142e-02 8.333931181e-02 8.275165801e-02 8.210009291e-02
 3.919274250e-03 8.889371686e-03 1.588389809e-02 2.492758764e-02 3.545542594e-02
 4.117668252e-02 4.024766023e-02 3.890695224e-02 3.769904908e-02 3.655527409e-02
 3.544841258e-02 3.436943967e-02 3.331887086e-02 3.230242612e-02 3.132866560e-02
 3.040773668e-02 2.955070787e-02 2.877214578e-02 2.808756943e-02 2.751203981e-02
 2.705986456e-02 2.674434100e-02 2.657753509e-02 2.657010439e-02 2.673118421e-02
 2.706837681e-02 2.758792757e-02 2.829448952e-02 2.919084732e-02 3.027746464e-02
 3.155232988e-02 3.301863419e-02 3.467791794e-02 3.653076349e-02 3.857794349e-02
 4.082037371e-02 4.325886234e-02 4.589419265e-02 4.872744968e-02 5.176136696e-02
 5.500613090e-02 5.837011405e-02 6.174324878e-02 6.520700133e-02 6.868524945e-02
 7.206486624e-02 7.516567214e-02 7.778634186e-02 7.980561988e-02 8.121579919e-02
 8.212280656e-02 8.268262713e-02 8.301192520e-02 8.318040110e-02 8.322703019e-02
 8.317205300e-02 8.302568285e-02 8.279356258e-02 8.247976568e-02 8.208824819e-02
 8.162341954e-02 8.109024853e-02 8.049414617e-02 7.984048252e-02 7.911672479e-02
 3.806864346e-03 8.628512600e-03 1.540104262e-02 2.412920371e-02 3.416622288e-02
 3.913341459e-02 3.751776309e-02 3.669394434e-02 3.595185950e-02 3.516547677e-02
 3.436377782e-02 3.356753124e-02 3.279440267e-02 3.206049005e-02 3.138072647e-02
 3.076899005e-02 3.023814081e-02 2.980006335e-02 2.946740584e-02 2.925128728e-02
 2.916097025e-02 2.920375542e-02 2.938488892e-02 2.970749543e-02 3.017251950e-02
 3.077859880e-02 3.152588045e-02 3.241387392e-02 3.344196016e-02 3.461001299e-02
 3.591910342e-02 3.737240101e-02 3.897493487e-02 4.073346235e-02 4.265634380e-02
 4.475331245e-02 4.703516454e-02 4.951344568e-02 5.220021256e-02 5.510755081e-02
 5.824394310e-02 6.160391310e-02 6.519885737e-02 6.908504365e-02 7.332806665e-02
 7.815340838e-02 8.268640682e-02 8.584097623e-02 8.739360803e-02 8.729046224e-02
 8.621477264e-02 8.529627130e-02 8.448752540e-02 8.376140079e-02 8.310052348e-02
 8.247750320e-02 8.186911517e-02 8.125827990e-02 8.063343438e-02 7.998736778e-02
 7.931609363e-02 7.861788445e-02 7.789244663e-02 7.714037113e-02 7.637268459e-02
 3.681042767e-03 8.338815332e-03 1.487128594e-02 2.326957359e-02 3.287538245e-02
 3.729228177e-02 3.511358926e-02 3.439476507e-02 3.397880635e-02 3.346058824e-02
 3.289739093e-02 3.232858607e-02 3.178517727e-02 3.129221970e-02 3.087038683e-02
 3.053687784e-02 3.030594230e-02 3.018919655e-02 3.019584894e-02 3.033247932e-02
 3.060290398e-02 3.100804057e-02 3.154587772e-02 3.221160234e-02 3.299797105e-02
 3.389602694e-02 3.489629503e-02 3.598982076e-02 3.716940690e-02 3.843086290e-02
 3.977407785e-02 4.120375949e-02 4.272963175e-02 4.436581649e-02 4.612963471e-02
 4.804135464e-02 5.012399799e-02 5.240123051e-02 5.489549630e-02 5.762793161e-02
 6.062142518e-02 6.390792302e-02 6.753914008e-02 7.160132265e-02 7.623781295e-02
 8.162822484e-02 8.650008649e-02 8.975658814e-02 9.141058572e-02 9.141346895e-02
 8.966184193e-02 8.720693143e-02 8.537848727e-02 8.394355734e-02 8.273850354e-02
 8.167085343e-02 8.068642802e-02 7.975272514e-02 7.884996783e-02 7.796607665e-02
 7.709374508e-02 7.622870149e-02 7.536869850e-02 7.451315980e-02 7.366578344e-02
 3.556708984e-03 8.059396057e-03 1.437945734e-02 2.251621307e-02 3.184747884e-02
 3.600812368e-02 3.348948863e-02 3.267730584e-02 3.218877415e-02 3.168343803e-02
 3.118281270e-02 3.071562336e-02 3.030937963e-02 2.998862880e-02 2.977429371e-02
 2.968351696e-02 2.972972896e-02 2.992276532e-02 3.026891372e-02 3.077080845e-02
 3.142718888e-02 3.223256657e-02 3.317690617e-02 3.424548459e-02 3.541915042e-02
 3.667522695e-02 3.798923376e-02 3.933739587e-02 4.069967664e-02 4.206276980e-02
 4.342238323e-02 4.478396643e-02 4.616273879e-02 4.759737482e-02 4.911448068e-02
 5.072600707e-02 5.250100093e-02 5.447970699e-02 5.670046536e-02 5.918452003e-02
 6.192149004e-02 6.493169956e-02 6.823999606e-02 7.187093901e-02 7.585058413e-02
 8.026184339e-02 8.424235100e-02 8.703580530e-02 8.860607594e-02 8.888603612e-02
 8.777854366e-02 8.597902378e-02 8.441992207e-02 8.299312020e-02 8.166091761e-02
 8.039829163e-02 7.919013926e-02 7.802748804e-02 7.690487193e-02 7.581874000e-02
 7.476658515e-02 7.374652144e-02 7.275712108e-02 7.179725703e-02 7.086136634e-02
 3.426346409e-03 7.771085199e-03 1.388266587e-02 2.177322477e-02 3.080427187e-02
 3.461929522e-02 3.198487639e-02 3.091795389e-02 3.026372367e-02 2.963886117e-02
 2.907450103e-02 2.860079151e-02 2.824555043e-02 2.803287950e-02 2.798242482e-02
 2.810927597e-02 2.842426587e-02 2.893436570e-02 2.964290195e-02 3.054940721e-02
 3.164901416e-02 3.293138573e-02 3.437927072e-02 3.596692718e-02 3.765890612e-02
 3.941001440e-02 4.116751243e-02 4.287639854e-02 4.448771824e-02 4.596816185e-02
 4.730311543e-02 4.849901817e-02 4.967570770e-02 5.079617009e-02 5.191874123e-02
 5.308702564e-02 5.440637973e-02 5.593179705e-02 5.772009863e-02 5.980304310e-02
 6.215898343e-02 6.479460947e-02 6.769202059e-02 7.079265638e-02 7.398475992e-02
 7.708977601e-02 7.987081784e-02 8.209158584e-02 8.358796753e-02 8.429802479e-02
 8.427417217e-02 8.367243681e-02 8.268425826e-02 8.146806269e-02 8.013296406e-02
 7.874974297e-02 7.736326531e-02 7.600117337e-02 7.467972496e-02 7.340774664e-02
 7.218930271e-02 7.102547389e-02 6.991552212e-02 6.885781778e-02 6.785846591e-02
 3.263810701e-03 7.415411469e-03 1.327811635e-02 2.088244374e-02 2.964366817e-02
 3.322840892e-02 3.015532743e-02 2.878207535e-02 2.784937982e-02 2.699481616e-02
 2.626394874e-02 2.569739286e-02 2.532912498e-02 2.518451248e-02 2.528025264e-02
 2.562596584e-02 2.622651982e-02 2.708409615e-02 2.819936918e-02 2.957158370e-02
 3.119751990e-02 3.306929638e-02 3.517080721e-02 3.747251368e-02 3.992462843e-02
 4.244995169e-02 4.494022736e-02 4.726317676e-02 4.928713514e-02 5.090884662e-02
 5.219053698e-02 5.312299659e-02 5.377153004e-02 5.426061871e-02 5.470230312e-02
 5.519472861e-02 5.582246980e-02 5.666191143e-02 5.778771627e-02 5.927369287e-02
 6.118207031e-02 6.354165310e-02 6.632453746e-02 6.943643987e-02 7.272260040e-02
 7.597804415e-02 7.895807221e-02 8.140223690e-02 8.308650795e-02 8.389162198e-02
 8.384445182e-02 8.309740650e-02 8.185969003e-02 8.032912548e-02 7.865741189e-02
 7.694638344e-02 7.525843138e-02 7.362897377e-02 7.207635614e-02 7.060858524e-02
 6.922757856e-02 6.793174073e-02 6.671748857e-02 6.557996159e-02 6.450337415e-02
 3.020957849e-03 6.888573675e-03 1.239746907e-02 1.962089933e-02 2.798901679e-02
 3.117877828e-02 2.778818598e-02 2.596860482e-02 2.455480713e-02 2.332499406e-02
 2.230443966e-02 2.156172997e-02 2.114443727e-02 2.107544723e-02 2.135558478e-02
 2.197364788e-02 2.291682267e-02 2.417705877e-02 2.575306131e-02 2.764965711e-02
 2.987610157e-02 3.244380379e-02 3.536272967e-02 3.863429831e-02 4.223644837e-02
 4.609389305e-02 5.002812939e-02 5.370546348e-02 5.665844791e-02 5.860160878e-02
 5.943942048e-02 5.934716025e-02 5.874341326e-02 5.797322397e-02 5.724229075e-02
 5.665015024e-02 5.624110253e-02 5.604840173e-02 5.614299234e-02 5.669494231e-02
 5.798162084e-02 6.023680878e-02 6.346550509e-02 6.744440835e-02 7.189604596e-02
 7.658291288e-02 8.119421674e-02 8.515711943e-02 8.768656806e-02 8.827212935e-02
 8.709434507e-02 8.485933797e-02 8.224279290e-02 7.961353941e-02 7.711747432e-02
 7.479846642e-02 7.266110361e-02 7.069646559e-02 6.889189763e-02 6.723448363e-02
 6.571209047e-02 6.431349786e-02 6.302824549e-02 6.184657267e-02 6.076448958e-02
 2.613991002e-03 5.992213599e-03 1.087915909e-02 1.745072321e-02 2.530639287e-02
 2.837467809e-02 2.533156109e-02 2.236408104e-02 2.000000252e-02 1.802429578e-02
 1.647410531e-02 1.544669105e-02 1.502422419e-02 1.518975872e-02 1.585088445e-02
 1.691232860e-02 1.831809016e-02 2.005100427e-02 2.211891229e-02 2.454420730e-02
 2.735977658e-02 3.061036383e-02 3.435816636e-02 3.869210888e-02 4.374019611e-02
 4.967881647e-02 5.669410704e-02 6.459194801e-02 7.121369229e-02 7.375933350e-02
 7.180926873e-02 6.770011127e-02 6.398635223e-02 6.107910580e-02 5.883375270e-02
 5.706115317e-02 5.558210341e-02 5.420180732e-02 5.264525074e-02 5.029990941e-02
 4.925618822e-02 5.145366269e-02 5.726504506e-02 6.384621905e-02 7.026845542e-02
 7.734442545e-02 8.600684222e-02 9.842187581e-02 1.049239042e-01 1.038547117e-01
 9.462059399e-02 8.721267845e-02 8.189015562e-02 7.775557360e-02 7.436780647e-02
 7.149093039e-02 6.898890152e-02 6.677841149e-02 6.480589451e-02 6.303536501e-02
 6.144146298e-02 6.000497903e-02 5.870966486e-02 5.754073023e-02 5.648812552e-02
 1.971076666e-03 4.501037160e-03 8.141613872e-03 1.307755239e-02 1.927420608e-02
 2.166890966e-02 1.876243863e-02 1.586986174e-02 1.302991938e-02 1.004254132e-02
 7.240904898e-03 5.579010798e-03 5.637406662e-03 7.003261787e-03 8.741390977e-03
 1.057566538e-02 1.255067269e-02 1.474912373e-02 1.724525857e-02 2.009688110e-02
 2.335131029e-02 2.705870802e-02 3.128981342e-02 3.615908473e-02 4.186151126e-02
 4.874713559e-02 5.750526167e-02 6.978433706e-02 8.166753249e-02 8.478965447e-02
 7.872107536e-02 6.967189630e-02 6.419982144e-02 6.048394823e-02 5.779308689e-02
 5.574235564e-02 5.408889188e-02 5.264916752e-02 5.127677058e-02 5.002053461e-02
 4.992161338e-02 5.187276626e-02 5.577011208e-02 6.083081322e-02 6.630315541e-02
 7.232125745e-02 7.911518443e-02 8.608911706e-02 9.066553623e-02 9.052153071e-02
 8.596808109e-02 8.057067723e-02 7.599017132e-02 7.217810043e-02 6.894342695e-02
 6.614461562e-02 6.368551572e-02 6.149939621e-02 5.955034636e-02 5.780254999e-02
 5.624369765e-02 5.486208293e-02 5.364783250e-02 5.257075154e-02 5.160791909e-02
 1.223108131e-03 2.714330505e-03 4.671527113e-03 6.863678105e-03 8.801221643e-03
 9.814015827e-03 9.563855831e-03 8.203986531e-03 5.869875532e-03 2.309688334e-03
-2.343241544e-03-4.686592653e-03-4.159263656e-03-5.617343938e-04 1.994831948e-03
 4.092484722e-03 6.167129326e-03 8.485015276e-03 1.118997946e-02 1.432479785e-02
 1.787068322e-02 2.179444265e-02 2.607913620e-02 3.073096756e-02 3.576623963e-02
 4.117255173e-02 4.681363002e-02 5.224156648e-02 5.658271957e-02 5.899594448e-02
 5.931713283e-02 5.822059668e-02 5.657288130e-02 5.493066198e-02 5.348819242e-02
 5.230031874e-02 5.137761182e-02 5.072198401e-02 5.039304437e-02 5.049602900e-02
 5.118800934e-02 5.258410115e-02 5.467468689e-02 5.733563160e-02 6.036943271e-02
 6.355695484e-02 6.661285271e-02 6.913618620e-02 7.067686937e-02 7.093817414e-02
 6.997976039e-02 6.816941491e-02 6.593107436e-02 6.356423473e-02 6.122890318e-02
 5.900133099e-02 5.691428177e-02 5.498203437e-02 5.321148919e-02 5.160508241e-02
 5.016341282e-02 4.888858660e-02 4.781016419e-02 4.689547687e-02 4.612198856e-02
 6.500146060e-04 1.403258852e-03 2.322374773e-03 3.257692070e-03 4.020697278e-03
 4.420431899e-03 4.313966522e-03 3.635408691e-03 2.407697654e-03 7.206374391e-04
-1.067887078e-03-2.399515543e-03-2.913714776e-03-2.804955496e-03-2.501144571e-03
-2.087783333e-03-1.211284962e-03 6.010985213e-04 3.513600430e-03 7.254775004e-03
 1.139571593e-02 1.567001055e-02 1.997838059e-02 2.428747134e-02 2.856601813e-02
 3.274924937e-02 3.671669914e-02 4.028901440e-02 4.326201633e-02 4.548037665e-02
 4.691024676e-02 4.765522779e-02 4.790398231e-02 4.785549956e-02 4.767238542e-02
 4.747183115e-02 4.733688962e-02 4.733173142e-02 4.751268952e-02 4.793126924e-02
 4.862775944e-02 4.961825492e-02 5.088249647e-02 5.235925132e-02 5.394965153e-02
 5.552410316e-02 5.693099414e-02 5.801220371e-02 5.863086852e-02 5.870581932e-02
 5.823415742e-02 5.728562014e-02 5.597217775e-02 5.441324964e-02 5.271368156e-02
 5.095709796e-02 4.920835412e-02 4.751857181e-02 4.592912887e-02 4.447338574e-02
 4.317628404e-02 4.205099525e-02 4.116535560e-02 4.046994461e-02 3.992524964e-02
 3.189835806e-04 6.787278194e-04 1.103008903e-03 1.517022725e-03 1.837019741e-03
 1.983021400e-03 1.893294732e-03 1.540347474e-03 9.381572119e-04 1.268750105e-04
-8.197695510e-04-1.836674717e-03-2.930789951e-03-4.285176199e-03-6.282647088e-03
-9.611962452e-03-1.332384250e-02-1.255077315e-02-7.361297273e-03 5.886069495e-05
 5.671357373e-03 1.046181034e-02 1.478633702e-02 1.879672770e-02 2.255102422e-02
 2.605320796e-02 2.927261150e-02 3.215938515e-02 3.466185330e-02 3.674511317e-02
 3.840550566e-02 3.967511962e-02 4.061506488e-02 4.130207940e-02 4.181521486e-02
 4.222698380e-02 4.259953271e-02 4.298401418e-02 4.342085992e-02 4.393930771e-02
 4.455560352e-02 4.527038007e-02 4.606641535e-02 4.690798756e-02 4.774249961e-02
 4.850449731e-02 4.912201557e-02 4.952505525e-02 4.965530736e-02 4.947502935e-02
 4.897228920e-02 4.816075787e-02 4.707462338e-02 4.576134019e-02 4.427532019e-02
 4.267439588e-02 4.101910922e-02 3.937348168e-02 3.780505148e-02 3.638167904e-02
 3.516357709e-02 3.419110533e-02 3.354163611e-02 3.316256122e-02 3.300412244e-02
 1.508012869e-04 3.182047297e-04 5.114115034e-04 6.935958099e-04 8.248876918e-04
 8.676464524e-04 7.915947640e-04 5.800898572e-04 2.404854112e-04-2.383735935e-04
-8.507053270e-04-1.597803145e-03-2.506753062e-03-3.662207618e-03-5.134405855e-03
-6.779930695e-03-7.832128859e-03-7.004611546e-03-4.057364165e-03 9.363083290e-05
 4.288544834e-03 8.216821731e-03 1.187342968e-02 1.528439465e-02 1.846242717e-02
 2.140528578e-02 2.410178023e-02 2.653822838e-02 2.870383811e-02 3.059490193e-02
 3.221768886e-02 3.358954317e-02 3.473784147e-02 3.569715323e-02 3.650554547e-02
 3.720102217e-02 3.781868265e-02 3.838868475e-02 3.893478546e-02 3.947317916e-02
 4.001149140e-02 4.054799140e-02 4.107124515e-02 4.156047575e-02 4.198682780e-02
 4.231559326e-02 4.250928767e-02 4.253127716e-02 4.234946109e-02 4.193938235e-02
 4.128618986e-02 4.038519144e-02 3.924124294e-02 3.786773116e-02 3.628625363e-02
 3.452824554e-02 3.263978248e-02 3.069034789e-02 2.878427546e-02 2.706713304e-02
 2.570834692e-02 2.484589889e-02 2.452013201e-02 2.469374687e-02 2.521775867e-02
 7.114523627e-05 1.493674674e-04 2.383916285e-04 3.201927336e-04 3.754268251e-04
 3.857934342e-04 3.362132513e-04 2.194869659e-04 4.173743937e-05-2.079825390e-04
-5.252083068e-04-8.868971313e-04-1.276543809e-03-1.663371977e-03-1.965871330e-03
-2.040353562e-03-1.690224481e-03-7.404034870e-04 8.598863043e-04 3.006213218e-03
 5.509859229e-03 8.191733263e-03 1.092036785e-02 1.360217229e-02 1.616526162e-02
 1.855691782e-02 2.074904028e-02 2.273743841e-02 2.453159144e-02 2.614355788e-02
 2.758405198e-02 2.886361488e-02 2.999444472e-02 3.099108918e-02 3.186997984e-02
 3.264828837e-02 3.334254691e-02 3.396730796e-02 3.453397430e-02 3.504984748e-02
 3.551741965e-02 3.593394392e-02 3.629133368e-02 3.657643994e-02 3.677172841e-02
 3.685632663e-02 3.680734565e-02 3.660131358e-02 3.621550632e-02 3.562894522e-02
 3.482286844e-02 3.378057880e-02 3.248671572e-02 3.092618550e-02 2.908325529e-02
 2.694185325e-02 2.448945949e-02 2.173061724e-02 1.872636393e-02 1.570281765e-02
 1.327562720e-02 1.235643933e-02 1.310321167e-02 1.477554476e-02 1.668592955e-02
 3.624318112e-05 7.637203880e-05 1.227461986e-04 1.668572631e-04 1.997502542e-04
 2.132442821e-04 2.012452873e-04 1.644342571e-04 1.108637628e-04 3.802480470e-05
-4.152159745e-05-1.003224150e-04-1.196419820e-04-6.420011200e-05 1.174993303e-04
 4.874747889e-04 1.108611709e-03 2.029247740e-03 3.268678537e-03 4.812708346e-03
 6.623318970e-03 8.652549292e-03 1.084442840e-02 1.312300516e-02 1.532163357e-02
 1.724484322e-02 1.886081557e-02 2.026468256e-02 2.157797359e-02 2.282461808e-02
 2.399979986e-02 2.509493612e-02 2.610466524e-02 2.702761839e-02 2.786559932e-02
 2.862242264e-02 2.930274539e-02 2.991100184e-02 3.045048844e-02 3.092262336e-02
 3.132639540e-02 3.165801262e-02 3.191075655e-02 3.207503865e-02 3.213863983e-02
 3.208709055e-02 3.190412182e-02 3.157208928e-02 3.107224832e-02 3.038473904e-02
 2.948812305e-02 2.835828669e-02 2.696646078e-02 2.527595398e-02 2.323685563e-02
 2.077722209e-02 1.778761535e-02 1.409198651e-02 9.387742003e-03 3.108861395e-03
-5.511218884e-03-7.687755803e-03-1.281148970e-03 4.807036973e-03 9.133236739e-03
 2.302755311e-05 4.951900718e-05 8.221506915e-05 1.174102966e-04 1.514334556e-04
 1.813622399e-04 2.056350370e-04 2.252833848e-04 2.638227253e-04 3.073154049e-04
 3.801953271e-04 5.046073721e-04 6.834860687e-04 9.425317605e-04 1.311681428e-03
 1.820886283e-03 2.495703030e-03 3.355178115e-03 4.410195812e-03 5.663177682e-03
 7.114229175e-03 8.773568174e-03 1.065566194e-02 1.283986731e-02 1.503815134e-02
 1.664437847e-02 1.764085766e-02 1.828669526e-02 1.914270205e-02 2.007829497e-02
 2.102241626e-02 2.194104635e-02 2.281551243e-02 2.363511939e-02 2.439382580e-02
 2.508836645e-02 2.571699807e-02 2.627856920e-02 2.677179921e-02 2.719471960e-02
 2.754425626e-02 2.781594027e-02 2.800373703e-02 2.809998174e-02 2.809540155e-02
 2.797919403e-02 2.773911820e-02 2.736154093e-02 2.683136788e-02 2.613177373e-02
 2.524362703e-02 2.414447277e-02 2.280687595e-02 2.119581491e-02 1.926459823e-02
 1.694837769e-02 1.415359484e-02 1.074033259e-02 6.491255910e-03 1.035014892e-03
-6.975617487e-03-8.627146725e-03-2.885740652e-03 2.459773537e-03 6.476722570e-03
 1.979203876e-05 4.368716786e-05 7.533744466e-05 1.132483370e-04 1.560565909e-04
 2.029364823e-04 2.542613470e-04 3.163462737e-04 4.049685843e-04 5.239380054e-04
 6.871723431e-04 8.999536704e-04 1.160951008e-03 1.482938515e-03 1.904090108e-03
 2.462373609e-03 3.128259459e-03 3.910135958e-03 4.816053241e-03 5.848417285e-03
 7.005436032e-03 8.284116291e-03 9.658072410e-03 1.107891811e-02 1.245912640e-02
 1.370846042e-02 1.479494318e-02 1.575464685e-02 1.665240850e-02 1.752015115e-02
 1.836262205e-02 1.917462462e-02 1.994899056e-02 2.067917789e-02 2.135984180e-02
 2.198671703e-02 2.255628152e-02 2.306537551e-02 2.351085711e-02 2.388933060e-02
 2.419693808e-02 2.442918968e-02 2.458083037e-02 2.464575467e-02 2.461697115e-02
 2.448660593e-02 2.424592646e-02 2.388536398e-02 2.339451327e-02 2.276209447e-02
 2.197587427e-02 2.102257222e-02 1.988783498e-02 1.855648350e-02 1.701350173e-02
 1.524682011e-02 1.325425877e-02 1.105989334e-02 8.750769096e-03 6.549194097e-03
 4.891502781e-03 4.295589414e-03 4.906343486e-03 6.345850054e-03 8.124896915e-03
 2.085825998e-05 4.681011132e-05 8.251519974e-05 1.273822568e-04 1.807871918e-04
 2.420612485e-04 3.103358149e-04 3.878054923e-04 4.965708767e-04 6.799510191e-04
 8.971489580e-04 1.147099394e-03 1.436133543e-03 1.763831152e-03 2.214209319e-03
 2.746737114e-03 3.354373279e-03 4.040805439e-03 4.808199712e-03 5.655256108e-03
 6.576787043e-03 7.562397351e-03 8.592859159e-03 9.642457333e-03 1.068288008e-02
 1.168902582e-02 1.264560896e-02 1.354924808e-02 1.440445896e-02 1.521745308e-02
 1.599212654e-02 1.672936733e-02 1.742788744e-02 1.808518907e-02 1.869834299e-02
 1.926427015e-02 1.977988622e-02 2.024192670e-02 2.064667394e-02 2.099021359e-02
 2.126871241e-02 2.147831876e-02 2.161490550e-02 2.167397326e-02 2.165067630e-02
 2.153979535e-02 2.133588653e-02 2.103334080e-02 2.062656814e-02 2.011024919e-02
 1.947962559e-02 1.873111286e-02 1.786309445e-02 1.687735779e-02 1.578134739e-02
 1.459172499e-02 1.333967953e-02 1.207775097e-02 1.088644933e-02 9.874552809e-03
 9.162782548e-03 8.845751738e-03 8.949403951e-03 9.418507216e-03 1.015176951e-02
 2.355851215e-05 5.332856419e-05 9.504306577e-05 1.486943792e-04 2.143229838e-04
 2.919897501e-04 3.815737110e-04 4.808006336e-04 6.158765775e-04 7.976502207e-04
 1.032477185e-03 1.282217985e-03 1.597042808e-03 1.948579229e-03 2.352113270e-03
 2.830995793e-03 3.341100331e-03 3.948710091e-03 4.589440662e-03 5.288881999e-03
 6.046257024e-03 6.812775226e-03 7.655047591e-03 8.478503281e-03 9.322428309e-03
 1.015730754e-02 1.094760556e-02 1.175839185e-02 1.249772020e-02 1.323933075e-02
 1.393585970e-02 1.458246822e-02 1.523206379e-02 1.579726519e-02 1.637258174e-02
 1.687892558e-02 1.733844100e-02 1.778043674e-02 1.813171507e-02 1.847321892e-02
 1.872336742e-02 1.892213804e-02 1.906731191e-02 1.911203604e-02 1.913715913e-02
 1.904901630e-02 1.890892516e-02 1.868855615e-02 1.836327670e-02 1.800256683e-02
 1.751644372e-02 1.698955035e-02 1.637381261e-02 1.568014524e-02 1.497121828e-02
 1.418822772e-02 1.344162527e-02 1.270982026e-02 1.203789688e-02 1.152546048e-02
 1.113267807e-02 1.097216862e-02 1.100087730e-02 1.120451771e-02 1.161346000e-02
 0.827960443E+00 0.835339389E+00 0.843698644E+00 0.852893799E+00 0.862337305E+00
 0.872300416E+00 0.882716317E+00 0.893557872E+00 0.904839101E+00 0.916612470E+00
 0.928903669E+00 0.941733501E+00 0.955119867E+00 0.969088800E+00 0.983674254E+00
 0.998913278E+00 0.101484140E+01 0.103149800E+01 0.104892827E+01 0.106716952E+01
 0.108626275E+01 0.110625983E+01 0.112722109E+01 0.114921264E+01 0.117230352E+01
 0.119655383E+01 0.122203271E+01 0.124882463E+01 0.127701962E+01 0.130672344E+01
 0.133805632E+01 0.137113495E+01 0.140607095E+01 0.144300462E+01 0.148210171E+01
 0.152355139E+01 0.156755908E+01 0.161434000E+01 0.166412346E+01 0.171718762E+01
 0.177384422E+01 0.183445380E+01 0.189943828E+01 0.196925271E+01 0.204439849E+01
 0.212547935E+01 0.221321713E+01 0.230846664E+01 0.241219745E+01 0.252553106E+01
 0.264985611E+01 0.278686120E+01 0.293861753E+01 0.310765600E+01 0.329714688E+01
 0.351119936E+01 0.375527176E+01 0.403663847E+01 0.436528247E+01 0.475607219E+01
 0.523255152E+01 0.583590989E+01 0.665133977E+01 0.792129479E+01 0.158885138E+02
  361   98
 0.577699143E+00 0.110980087E+01 0.572528806E+00 0.109615545E+01 0.567359364E+00
 0.108250970E+01 0.562182238E+00 0.106886686E+01 0.557002714E+00 0.105522493E+01
 0.551826997E+00 0.104158156E+01 0.546661318E+00 0.102793438E+01 0.541509282E+00
 0.101428205E+01 0.536370363E+00 0.100062477E+01 0.531244249E+00 0.986962684E+00
 0.526130170E+00 0.973296086E+00 0.521026586E+00 0.959625566E+00 0.515932168E+00
 0.945951627E+00 0.510847063E+00 0.932274222E+00 0.505771540E+00 0.918593259E+00
 0.500705204E+00 0.904908890E+00 0.495646647E+00 0.891221644E+00 0.490595051E+00
 0.877531828E+00 0.485552290E+00 0.863838755E+00 0.480520086E+00 0.850141798E+00
 0.475500261E+00 0.836440301E+00 0.470494690E+00 0.822733589E+00 0.465505956E+00
 0.809020741E+00 0.460538162E+00 0.795300293E+00 0.455594818E+00 0.781571017E+00
 0.450679043E+00 0.767831848E+00 0.445794641E+00 0.754081493E+00 0.440946584E+00
 0.740318284E+00 0.436140377E+00 0.726540406E+00 0.431380446E+00 0.712746473E+00
 0.426670160E+00 0.698935510E+00 0.422012439E+00 0.685106731E+00 0.417411242E+00
 0.671259044E+00 0.412872261E+00 0.657390842E+00 0.408400762E+00 0.643500736E+00
 0.404000998E+00 0.629587743E+00 0.399676203E+00 0.615651265E+00 0.395429083E+00
 0.601690921E+00 0.391262534E+00 0.587706320E+00 0.387179994E+00 0.573696965E+00
 0.383185175E+00 0.559662345E+00 0.379281466E+00 0.545602113E+00 0.375471607E+00
 0.531516162E+00 0.371757357E+00 0.517404700E+00 0.368139738E+00 0.503268156E+00
 0.364619325E+00 0.489107093E+00 0.361196585E+00 0.474922106E+00 0.357872718E+00
 0.460713626E+00 0.354649603E+00 0.446481954E+00 0.351528782E+00 0.432227502E+00
 0.348511328E+00 0.417950811E+00 0.345597904E+00 0.403652528E+00 0.342788594E+00
 0.389333425E+00 0.340083233E+00 0.374994319E+00 0.337481653E+00 0.360636021E+00
 0.334983540E+00 0.346259360E+00 0.332588315E+00 0.331865199E+00 0.330295672E+00
 0.317454344E+00 0.328106020E+00 0.303027481E+00 0.326020127E+00 0.288585252E+00
 0.324039097E+00 0.274128266E+00 0.322164007E+00 0.259657158E+00 0.320395028E+00
 0.245172696E+00 0.318732034E+00 0.230675684E+00 0.317174825E+00 0.216166927E+00
 0.315723176E+00 0.201647229E+00 0.314376420E+00 0.187117425E+00 0.313133250E+00
 0.172578391E+00 0.311992524E+00 0.158030961E+00 0.310953431E+00 0.143475918E+00
 0.310015546E+00 0.128914003E+00 0.309178852E+00 0.114345924E+00 0.308443555E+00
 0.997723750E-01 0.307809945E+00 0.851940512E-01 0.307278396E+00 0.706116496E-01
 0.306849148E+00 0.560258781E-01 0.306521191E+00 0.414374770E-01 0.306293453E+00
 0.268471669E-01 0.306165359E+00 0.122556415E-01 0.306136749E+00-0.233641797E-02
 0.306207586E+00-0.169283337E-01 0.306377607E+00-0.315194309E-01 0.306646748E+00
-0.461090363E-01 0.307015250E+00-0.606964701E-01 0.307483679E+00-0.752810367E-01
 0.308052490E+00-0.898620332E-01 0.308721978E+00-0.104438754E+00 0.309492822E+00
-0.119010466E+00 0.310366101E+00-0.133576397E+00 0.311343102E+00-0.148135738E+00
 0.312423975E+00-0.162687737E+00 0.313608199E+00-0.177231690E+00 0.314895346E+00
-0.191766897E+00 0.316285207E+00-0.206292641E+00 0.317778035E+00-0.220808165E+00
 0.319374830E+00-0.235312619E+00 0.321076828E+00-0.249805104E+00 0.322885187E+00
-0.264284701E+00 0.324800752E+00-0.278750506E+00 0.326823403E+00-0.293201727E+00
 0.328951815E+00-0.307637751E+00 0.331184625E+00-0.322057997E+00 0.333520658E+00
-0.336461883E+00 0.335959289E+00-0.350848753E+00 0.338500945E+00-0.365217780E+00
 0.341146568E+00-0.379568028E+00 0.343897132E+00-0.393898530E+00 0.346753486E+00
-0.408208322E+00 0.349716130E+00-0.422496487E+00 0.352784363E+00-0.436762350E+00
 0.355956711E+00-0.451005424E+00 0.359231597E+00-0.465225272E+00 0.362607519E+00
-0.479421473E+00 0.366083316E+00-0.493593552E+00 0.369658764E+00-0.507740818E+00
 0.373333681E+00-0.521862574E+00 0.377107411E+00-0.535958245E+00 0.380978665E+00
-0.550027446E+00 0.384945384E+00-0.564070031E+00 0.389004777E+00-0.578086109E+00
 0.393153688E+00-0.592075950E+00 0.397388884E+00-0.606039914E+00 0.401707647E+00
-0.619978260E+00 0.406107517E+00-0.633891217E+00 0.410585897E+00-0.647779103E+00
 0.415139371E+00-0.661642550E+00 0.419763513E+00-0.675482589E+00 0.424453085E+00
-0.689300596E+00 0.429203292E+00-0.703097877E+00 0.434011446E+00-0.716875073E+00
 0.438875109E+00-0.730632771E+00 0.443791049E+00-0.744371877E+00 0.448754831E+00
-0.758093773E+00 0.453761372E+00-0.771800126E+00 0.458806918E+00-0.785492170E+00
 0.463889148E+00-0.799170640E+00 0.469005949E+00-0.812836216E+00 0.474154585E+00
-0.826489830E+00 0.479332207E+00-0.840132479E+00 0.484537996E+00-0.853764405E+00
 0.489772243E+00-0.867385429E+00 0.495036242E+00-0.880994982E+00 0.500331495E+00
-0.894592406E+00 0.505660437E+00-0.908176660E+00 0.511029343E+00-0.921745168E+00
 0.516446426E+00-0.935294511E+00 0.521922161E+00-0.948820253E+00 0.527470518E+00
-0.962316361E+00 0.533110666E+00-0.975774354E+00 0.538871693E+00-0.989181023E+00
 0.544796342E+00-0.100251614E+01 0.550950029E+00-0.101574701E+01 0.557439048E+00
-0.102881639E+01 0.564445504E+00-0.104161500E+01 0.572297268E+00-0.105391033E+01
 0.581593975E+00-0.106514198E+01 0.593156455E+00-0.107398488E+01 0.606912749E+00
-0.107869109E+01 0.621460601E+00-0.107948418E+01 0.635967970E+00-0.107797334E+01
 0.650300704E+00-0.107524429E+01 0.664487746E+00-0.107183282E+01 0.678567819E+00
-0.106800227E+01 0.692569319E+00-0.106389328E+01 0.706510224E+00-0.105958299E+01
 0.720401985E+00-0.105511676E+01 0.734251261E+00-0.105052044E+01 0.748061574E+00
-0.104580832E+01 0.761834194E+00-0.104098715E+01 0.775569192E+00-0.103605980E+01
 0.789266259E+00-0.103102798E+01 0.802922752E+00-0.102588708E+01 0.816532737E+00
-0.102062431E+01 0.830089064E+00-0.101522486E+01 0.843584599E+00-0.100967523E+01
 0.857011733E+00-0.100396213E+01 0.870362390E+00-0.998072565E+00 0.883628267E+00
-0.991994473E+00 0.896801022E+00-0.985717143E+00 0.909872459E+00-0.979231502E+00
 0.922835025E+00-0.972530924E+00 0.935683424E+00-0.965613959E+00 0.948412454E+00
-0.958479715E+00 0.961012349E+00-0.951119843E+00 0.973470567E+00-0.943522648E+00
 0.985775641E+00-0.935679857E+00 0.997918197E+00-0.927587739E+00 0.100989064E+01
-0.919246005E+00 0.102168897E+01-0.910659755E+00 0.103331165E+01-0.901837177E+00
 0.104475701E+01-0.892785742E+00 0.105602073E+01-0.883509246E+00 0.106709516E+01
-0.874007590E+00 0.107797156E+01-0.864279881E+00 0.108864224E+01-0.854326947E+00
 0.109910208E+01-0.844152650E+00 0.110935038E+01-0.833765289E+00 0.111938838E+01
-0.823174563E+00 0.112921373E+01-0.812386261E+00 0.113881505E+01-0.801398135E+00
 0.114817981E+01-0.790207731E+00 0.115729901E+01-0.778816336E+00 0.116616849E+01
-0.767229451E+00 0.117478647E+01-0.755454303E+00 0.118314942E+01-0.743496680E+00
 0.119124840E+01-0.731358740E+00 0.119907370E+01-0.719042583E+00 0.120662055E+01
-0.706553872E+00 0.121388902E+01-0.693901107E+00 0.122087977E+01-0.681092802E+00
 0.122758998E+01-0.668135328E+00 0.123401790E+01-0.655035514E+00 0.124016629E+01
-0.641802187E+00 0.124604181E+01-0.628445458E+00 0.125165189E+01-0.614975071E+00
 0.125700387E+01-0.601400054E+00 0.126210759E+01-0.587729746E+00 0.126697668E+01
-0.573974101E+00 0.127162777E+01-0.560143202E+00 0.127607870E+01-0.546246575E+00
 0.128034537E+01-0.532292263E+00 0.128444220E+01-0.518287128E+00 0.128838506E+01
-0.504237858E+00 0.129219185E+01-0.490151094E+00 0.129588213E+01-0.476033351E+00
 0.129947506E+01-0.461890507E+00 0.130298795E+01-0.447727566E+00 0.130643791E+01
-0.433549157E+00 0.130984169E+01-0.419359587E+00 0.131321608E+01-0.405162999E+00
 0.131657311E+01-0.390962292E+00 0.131992076E+01-0.376759373E+00 0.132326846E+01
-0.362556465E+00 0.132662726E+01-0.348356177E+00 0.133000890E+01-0.334161314E+00
 0.133341679E+01-0.319972729E+00 0.133684805E+01-0.305789778E+00 0.134029861E+01
-0.291611508E+00 0.134376368E+01-0.277436777E+00 0.134723738E+01-0.263264160E+00
 0.135070972E+01-0.249091209E+00 0.135416841E+01-0.234914920E+00 0.135759966E+01
-0.220731966E+00 0.136098727E+01-0.206538533E+00 0.136431207E+01-0.192330258E+00
 0.136755259E+01-0.178102537E+00 0.137068395E+01-0.163850407E+00 0.137367790E+01
-0.149568799E+00 0.137650300E+01-0.135252862E+00 0.137912828E+01-0.120898964E+00
 0.138152948E+01-0.106505909E+00 0.138368229E+01-0.920736422E-01 0.138556140E+01
-0.776032261E-01 0.138714099E+01-0.630970967E-01 0.138840026E+01-0.485596790E-01
 0.138932595E+01-0.339972333E-01 0.138990704E+01-0.194169859E-01 0.139013466E+01
-0.482695180E-02 0.139000306E+01 0.976425950E-02 0.138951554E+01 0.243479321E-01
 0.138868209E+01 0.389159470E-01 0.138751493E+01 0.534610504E-01 0.138602804E+01
 0.679769752E-01 0.138423836E+01 0.824587168E-01 0.138217134E+01 0.969035165E-01
 0.137985420E+01 0.111310343E+00 0.137731305E+01 0.125679375E+00 0.137457247E+01
 0.140011732E+00 0.137165877E+01 0.154309922E+00 0.136860376E+01 0.168578612E+00
 0.136543706E+01 0.182822944E+00 0.136218475E+01 0.197047987E+00 0.135886920E+01
 0.211258427E+00 0.135550958E+01 0.225458516E+00 0.135212257E+01 0.239652102E+00
 0.134872220E+01 0.253842493E+00 0.134532069E+01 0.268032609E+00 0.134192903E+01
 0.282225083E+00 0.133855405E+01 0.296421535E+00 0.133519876E+01 0.310622649E+00
 0.133186565E+01 0.324828987E+00 0.132855660E+01 0.339040949E+00 0.132527195E+01
 0.353258570E+00 0.132200292E+01 0.367479791E+00 0.131873606E+01 0.381701512E+00
 0.131545940E+01 0.395920978E+00 0.131216255E+01 0.410135772E+00 0.130883555E+01
 0.424343542E+00 0.130546284E+01 0.438540523E+00 0.130202659E+01 0.452722256E+00
 0.129850902E+01 0.466884027E+00 0.129489189E+01 0.481020691E+00 0.129115651E+01
 0.495126557E+00 0.128728267E+01 0.509195011E+00 0.128325095E+01 0.523219023E+00
 0.127904386E+01 0.537191409E+00 0.127464595E+01 0.551104898E+00 0.127004277E+01
 0.564951815E+00 0.126521786E+01 0.578723012E+00 0.126015422E+01 0.592408210E+00
 0.125483716E+01 0.605996934E+00 0.124925577E+01 0.619479226E+00 0.124340299E+01
 0.632845926E+00 0.123727323E+01 0.646087884E+00 0.123086057E+01 0.659195170E+00
 0.122416175E+01 0.672158531E+00 0.121717857E+01 0.684970952E+00 0.120991707E+01
 0.697627727E+00 0.120238136E+01 0.710123175E+00 0.119457212E+01 0.722449524E+00
 0.118649261E+01 0.734600439E+00 0.117815119E+01 0.746573089E+00 0.116955950E+01
 0.758367447E+00 0.116072681E+01 0.769982432E+00 0.115165799E+01 0.781414005E+00
 0.114235668E+01 0.792657228E+00 0.113282873E+01 0.803709047E+00 0.112308340E+01
 0.814569691E+00 0.111313207E+01 0.825241927E+00 0.110298225E+01 0.835725557E+00
 0.109263480E+01 0.846014180E+00 0.108208882E+01 0.856099191E+00 0.107134529E+01
 0.865973472E+00 0.106040765E+01 0.875632295E+00 0.104928179E+01 0.885073711E+00
 0.103797568E+01 0.894298513E+00 0.102649677E+01 0.903307383E+00 0.101484802E+01
 0.912095530E+00 0.100302894E+01 0.920653210E+00 0.991040064E+00 0.928971329E+00
 0.978886019E+00 0.937046201E+00 0.966574396E+00 0.944878729E+00 0.954114887E+00
 0.952473833E+00 0.941519617E+00 0.959841647E+00 0.928800925E+00 0.966994327E+00
 0.915966534E+00 0.973937269E+00 0.903021591E+00 0.980671852E+00 0.889972620E+00
 0.987202610E+00 0.876827668E+00 0.993537987E+00 0.863595110E+00 0.999688315E+00
 0.850283666E+00 0.100566602E+01 0.836902095E+00 0.101148508E+01 0.823459154E+00
 0.101716096E+01 0.809963272E+00 0.102270982E+01 0.796423097E+00 0.102814972E+01
 0.782847299E+00 0.103350014E+01 0.769242582E+00 0.103877659E+01 0.755612721E+00
 0.104398777E+01 0.741960860E+00 0.104914103E+01 0.728291095E+00 0.105424663E+01
 0.714607082E+00 0.105931392E+01 0.700912535E+00 0.106435267E+01 0.687210556E+00
 0.106937118E+01 0.673504528E+00 0.107437862E+01 0.659797535E+00 0.107938343E+01
 0.646092556E+00 0.108439374E+01 0.632392742E+00 0.108941816E+01 0.618700522E+00
 0.109446323E+01 0.605019578E+00 0.109953880E+01 0.591351041E+00 0.110464768E+01
 0.577699143E+00 0.110980087E+01
 0.156441580E+01 0.156423520E+01 0.173298350E+01 0.167901950E+01 0.134847970E+01
 0.206041340E+01 0.108819530E+01 0.205946000E+01 0.902253030E+00 0.187565310E+01
 0.903668760E+00 0.187424170E+01 0.533866470E+00 0.150285580E+01 0.538010660E+00
 0.149874330E+01 0.332797140E+00 0.129708960E+01 0.332797140E+00 0.109400000E+01
 0.334795920E+00 0.109400000E+01 0.303115250E+00 0.847500000E+00 0.305114030E+00
 0.847500000E+00 0.269135950E+00 0.565000000E+00 0.271134730E+00 0.565000000E+00
 0.260841000E+00 0.495257700E+00 0.260841000E+00-0.507257700E+00 0.271134730E+00
-0.576999960E+00 0.269135950E+00-0.576999960E+00 0.305114030E+00-0.859500000E+00
 0.303115250E+00-0.859500000E+00 0.334795920E+00-0.110600010E+01 0.332797140E+00
-0.110600010E+01 0.332797140E+00-0.130908970E+01 0.538598100E+00-0.150990190E+01
 0.534468950E+00-0.151402960E+01 0.905629600E+00-0.188405800E+01 0.904219000E+00
-0.188547470E+01 0.108819530E+01-0.206614000E+01 0.134847970E+01-0.206518650E+01
 0.173017910E+01-0.168098580E+01 0.156441580E+01-0.156883530E+01 0.137999130E+01
-0.157688300E+01 0.137989190E+01-0.157672700E+01 0.119622210E+01-0.158474990E+01
 0.119631650E+01-0.158489800E+01 0.105537410E+01-0.159104840E+01 0.105528350E+01
-0.159090630E+01 0.947502500E+00-0.159561420E+01 0.905686400E+00-0.159556230E+01
 0.899143000E+00-0.159478470E+01 0.883387860E+00-0.159026430E+01 0.867681200E+00
-0.158087360E+01 0.851322350E+00-0.156766880E+01 0.833481900E+00-0.154624210E+01
 0.826062560E+00-0.152875240E+01 0.822677700E+00-0.151516830E+01 0.821022750E+00
-0.149624060E+01 0.820691350E+00-0.147724350E+01 0.822887360E+00-0.144582030E+01
 0.827573000E+00-0.141923050E+01 0.839194600E+00-0.138728100E+01 0.855244300E+00
-0.135284130E+01 0.877566500E+00-0.132209860E+01 0.899473500E+00-0.130017830E+01
 0.118567730E+01-0.101380000E+01 0.127900000E+01-0.842300000E+00 0.129600000E+01
-0.820200000E+00 0.143300000E+01-0.820200000E+00 0.143300000E+01-0.711000000E+00
 0.149000000E+01-0.491000000E+00 0.146000000E+01-0.491000000E+00 0.146000000E+01
-0.233000000E+00 0.166100000E+01-0.233000000E+00 0.166100000E+01 0.226000000E+00
 0.146000000E+01 0.226000000E+00 0.146000000E+01 0.481000000E+00 0.149300000E+01
 0.481000000E+00 0.147400000E+01 0.554000000E+00 0.143300000E+01 0.711000000E+00
 0.143300000E+01 0.815600000E+00 0.129600000E+01 0.815600000E+00 0.127900000E+01
 0.837699950E+00 0.118567730E+01 0.100920000E+01 0.899473500E+00 0.129557820E+01
 0.877566500E+00 0.131749860E+01 0.855244300E+00 0.134824120E+01 0.839194600E+00
 0.138268090E+01 0.827573000E+00 0.141463040E+01 0.822887360E+00 0.144122030E+01
 0.820691350E+00 0.147264350E+01 0.821022750E+00 0.149164060E+01 0.822677700E+00
 0.151056830E+01 0.826062560E+00 0.152415240E+01 0.833481900E+00 0.154164210E+01
 0.851322350E+00 0.156306870E+01 0.867681200E+00 0.157627360E+01 0.883387860E+00
 0.158566430E+01 0.899143000E+00 0.159018470E+01 0.905686400E+00 0.159096230E+01
 0.947502500E+00 0.159101410E+01 0.105528350E+01 0.158630620E+01 0.105537410E+01
 0.158644830E+01 0.119631650E+01 0.158029800E+01 0.119622210E+01 0.158014990E+01
 0.137989190E+01 0.157212700E+01 0.137999130E+01 0.157228290E+01 0.156441580E+01
 0.156423520E+01
    0
