EFIT++      MAST # 46791 # 580ms                   0  65  65
 0.194000000E+01 0.440000000E+01 0.800000000E+00 0.600000000E-01 0.000000000E+00
 0.935263872E+00-0.959469909E-03-0.614211956E-01 0.388249823E-01-0.654645366E+00
 0.745952745E+06-0.614211956E-01 0.000000000E+00 0.935263872E+00 0.000000000E+00
-0.959469909E-03 0.000000000E+00 0.388249823E-01 0.000000000E+00 0.000000000E+00
-0.624431801E+00-0.620609703E+00-0.616869596E+00-0.613211533E+00-0.609635537E+00
-0.606141597E+00-0.602729669E+00-0.599399674E+00-0.596151496E+00-0.592984986E+00
-0.589899955E+00-0.586896177E+00-0.583973387E+00-0.581131280E+00-0.578369514E+00
-0.575687704E+00-0.573085424E+00-0.570562210E+00-0.568117553E+00-0.565750904E+00
-0.563461672E+00-0.561249224E+00-0.559112887E+00-0.557051943E+00-0.555065634E+00
-0.553153162E+00-0.551313686E+00-0.549546326E+00-0.547850161E+00-0.546224230E+00
-0.544667534E+00-0.543179036E+00-0.541757661E+00-0.540402298E+00-0.539111799E+00
-0.537884983E+00-0.536720634E+00-0.535617504E+00-0.534574312E+00-0.533589749E+00
-0.532662475E+00-0.531791121E+00-0.530974293E+00-0.530210570E+00-0.529498508E+00
-0.528836637E+00-0.528223468E+00-0.527657490E+00-0.527137172E+00-0.526660966E+00
-0.526227307E+00-0.525834613E+00-0.525481288E+00-0.525165724E+00-0.524886298E+00
-0.524641379E+00-0.524429323E+00-0.524248479E+00-0.524097187E+00-0.523973780E+00
-0.523876585E+00-0.523803924E+00-0.523754113E+00-0.523725466E+00-0.523716293E+00
 0.144020386E+05 0.140591519E+05 0.137167680E+05 0.133750437E+05 0.130341356E+05
 0.126942005E+05 0.123553950E+05 0.120178759E+05 0.116817999E+05 0.113473237E+05
 0.110146039E+05 0.106837973E+05 0.103550607E+05 0.100285506E+05 0.970442382E+04
 0.938283706E+04 0.906394703E+04 0.874791042E+04 0.843488394E+04 0.812502429E+04
 0.781848819E+04 0.751543234E+04 0.721601344E+04 0.692038820E+04 0.662871332E+04
 0.634114552E+04 0.605784149E+04 0.577895794E+04 0.550465158E+04 0.523507912E+04
 0.497039725E+04 0.471076270E+04 0.445633215E+04 0.420726232E+04 0.396370991E+04
 0.372583163E+04 0.349378419E+04 0.326772428E+04 0.304780863E+04 0.283419392E+04
 0.262703687E+04 0.242649419E+04 0.223272257E+04 0.204587873E+04 0.186611937E+04
 0.169360119E+04 0.152848091E+04 0.137091523E+04 0.122106085E+04 0.107907448E+04
 0.945112824E+03 0.819332590E+03 0.701890482E+03 0.592943208E+03 0.492647472E+03
 0.401159980E+03 0.318637439E+03 0.245236553E+03 0.181114029E+03 0.126426572E+03
 0.813308880E+02 0.459836832E+02 0.205416630E+02 0.516153339E+01 0.000000000E+00
-0.154003084E+01-0.149813341E+01-0.145680215E+01-0.141603707E+01-0.137583816E+01
-0.133620542E+01-0.129713886E+01-0.125863847E+01-0.122070425E+01-0.118333620E+01
-0.114653433E+01-0.111029863E+01-0.107462911E+01-0.103952575E+01-0.100498857E+01
-0.971017565E+00-0.937612730E+00-0.904774068E+00-0.872501579E+00-0.840795263E+00
-0.809655120E+00-0.779081150E+00-0.749073352E+00-0.719631728E+00-0.690756276E+00
-0.662446998E+00-0.634703892E+00-0.607526959E+00-0.580916199E+00-0.554871612E+00
-0.529393198E+00-0.504480957E+00-0.480134889E+00-0.456354994E+00-0.433141271E+00
-0.410493722E+00-0.388412345E+00-0.366897141E+00-0.345948110E+00-0.325565253E+00
-0.305748568E+00-0.286498055E+00-0.267813716E+00-0.249695550E+00-0.232143557E+00
-0.215157736E+00-0.198738089E+00-0.182884614E+00-0.167597312E+00-0.152876183E+00
-0.138721228E+00-0.125132445E+00-0.112109834E+00-0.996533973E-01-0.877631330E-01
-0.764390416E-01-0.656811231E-01-0.554893775E-01-0.458638049E-01-0.368044051E-01
-0.283111783E-01-0.203841244E-01-0.130232433E-01-0.622853521E-02 0.000000000E+00
-0.219035755E+06-0.218764752E+06-0.218393703E+06-0.217922609E+06-0.217351469E+06
-0.216680284E+06-0.215909054E+06-0.215037778E+06-0.214066457E+06-0.212995091E+06
-0.211823679E+06-0.210552221E+06-0.209180719E+06-0.207709170E+06-0.206137577E+06
-0.204465938E+06-0.202694253E+06-0.200822523E+06-0.198850748E+06-0.196778928E+06
-0.194607061E+06-0.192335150E+06-0.189963193E+06-0.187491191E+06-0.184919143E+06
-0.182247050E+06-0.179474912E+06-0.176602728E+06-0.173630498E+06-0.170558224E+06
-0.167385903E+06-0.164113538E+06-0.160741127E+06-0.157268671E+06-0.153696169E+06
-0.150023622E+06-0.146251029E+06-0.142378391E+06-0.138405707E+06-0.134332979E+06
-0.130160204E+06-0.125887385E+06-0.121514520E+06-0.117041609E+06-0.112468653E+06
-0.107795652E+06-0.103022605E+06-0.981495133E+05-0.931763758E+05-0.881031929E+05
-0.829299645E+05-0.776566908E+05-0.722833717E+05-0.668100071E+05-0.612365971E+05
-0.555631418E+05-0.497896410E+05-0.439160948E+05-0.379425032E+05-0.318688662E+05
-0.256951838E+05-0.194214559E+05-0.130476827E+05-0.657386405E+04 0.000000000E+00
 7.066280286e-05 1.596244612e-04 2.836136711e-04 4.418554881e-04 6.334408519e-04
 8.573336434e-04 1.112344864e-03 1.396929809e-03 1.728076376e-03 2.144280474e-03
 2.608125480e-03 3.115891049e-03 3.680629524e-03 4.301763109e-03 4.986947308e-03
 5.743763387e-03 6.561621389e-03 7.452679463e-03 8.401244681e-03 9.408305104e-03
 1.046643505e-02 1.155163602e-02 1.266438988e-02 1.376495239e-02 1.484667614e-02
 1.588731842e-02 1.686713026e-02 1.780165818e-02 1.866682971e-02 1.949062247e-02
 2.026441566e-02 2.099062557e-02 2.169050539e-02 2.233561749e-02 2.295898832e-02
 2.353396461e-02 2.406747539e-02 2.457041913e-02 2.501069629e-02 2.542583117e-02
 2.577595973e-02 2.607987711e-02 2.633612578e-02 2.651687031e-02 2.666446823e-02
 2.672655233e-02 2.673776256e-02 2.668102987e-02 2.653901154e-02 2.635517473e-02
 2.607118680e-02 2.574325273e-02 2.534003473e-02 2.486858689e-02 2.437567270e-02
 2.381826958e-02 2.328094822e-02 2.274928111e-02 2.225741643e-02 2.188698121e-02
 2.160149279e-02 2.149565128e-02 2.153075705e-02 2.169152116e-02 2.200995640e-02
 7.601777464e-05 1.711859561e-04 3.029243290e-04 4.695892273e-04 6.692749193e-04
 8.998439574e-04 1.158924636e-03 1.447813555e-03 1.782786048e-03 2.219342048e-03
 2.702523921e-03 3.231915810e-03 3.813823912e-03 4.442066704e-03 5.201481341e-03
 6.048329676e-03 6.981334371e-03 8.005243027e-03 9.122745971e-03 1.033179722e-02
 1.162461935e-02 1.298528516e-02 1.438294137e-02 1.577337160e-02 1.710477545e-02
 1.833222185e-02 1.943485056e-02 2.042075428e-02 2.131538711e-02 2.214512618e-02
 2.292817957e-02 2.367390684e-02 2.438553249e-02 2.506283776e-02 2.570397198e-02
 2.630640009e-02 2.686736940e-02 2.738404652e-02 2.785349474e-02 2.827266792e-02
 2.863833867e-02 2.894704617e-02 2.919500921e-02 2.937809073e-02 2.949182868e-02
 2.953144233e-02 2.949194864e-02 2.936824309e-02 2.915525818e-02 2.884818418e-02
 2.844272524e-02 2.793559199e-02 2.732515714e-02 2.661259881e-02 2.580370900e-02
 2.491173477e-02 2.396160240e-02 2.299532694e-02 2.207720148e-02 2.129390903e-02
 2.074137313e-02 2.049425948e-02 2.057162277e-02 2.092628285e-02 2.147515780e-02
 8.522941370e-05 1.910715957e-04 3.361167018e-04 5.173548223e-04 7.316142321e-04
 9.760768233e-04 1.248878610e-03 1.552670382e-03 1.910102850e-03 2.307989320e-03
 2.765498621e-03 3.287042390e-03 3.869607292e-03 4.529343169e-03 5.292792624e-03
 6.183061496e-03 7.200963151e-03 8.356042942e-03 9.658655983e-03 1.111597459e-02
 1.273228684e-02 1.450706802e-02 1.641828221e-02 1.838925861e-02 2.023398574e-02
 2.173662526e-02 2.283495462e-02 2.366548692e-02 2.440907646e-02 2.514725440e-02
 2.589190249e-02 2.663434441e-02 2.736287788e-02 2.806729611e-02 2.873962662e-02
 2.937384370e-02 2.996534177e-02 3.051039857e-02 3.100569747e-02 3.144792967e-02
 3.183348003e-02 3.215819356e-02 3.241721921e-02 3.260492549e-02 3.271487810e-02
 3.273986434e-02 3.267194485e-02 3.250251056e-02 3.222232330e-02 3.182152276e-02
 3.128959417e-02 3.061531462e-02 2.978674418e-02 2.879142836e-02 2.761719426e-02
 2.625439750e-02 2.470153470e-02 2.297843604e-02 2.115560409e-02 1.941122949e-02
 1.809243476e-02 1.761313873e-02 1.809114704e-02 1.922246868e-02 2.061861247e-02
 1.020082891e-04 2.271254677e-04 3.957760578e-04 6.019409272e-04 8.391766075e-04
 1.101465682e-03 1.384128636e-03 1.688469721e-03 2.026408891e-03 2.389556989e-03
 2.790674584e-03 3.245872138e-03 3.765227886e-03 4.371922983e-03 5.095250718e-03
 5.966871254e-03 7.016857840e-03 8.270386747e-03 9.745631798e-03 1.145443961e-02
 1.341015164e-02 1.565377702e-02 1.825601052e-02 2.147556410e-02 2.486930157e-02
 2.678572022e-02 2.719736255e-02 2.704791243e-02 2.752089981e-02 2.821157428e-02
 2.898813510e-02 2.978881844e-02 3.058046932e-02 3.134418640e-02 3.206907909e-02
 3.274899371e-02 3.338051690e-02 3.396161488e-02 3.449064302e-02 3.496560858e-02
 3.538363260e-02 3.574058337e-02 3.603086354e-02 3.624733311e-02 3.638134455e-02
 3.642285659e-02 3.636058157e-02 3.618210914e-02 3.587393797e-02 3.542133654e-02
 3.480793994e-02 3.401496746e-02 3.301990044e-02 3.179437145e-02 3.030084468e-02
 2.848734810e-02 2.627894226e-02 2.356362443e-02 2.016863811e-02 1.582060235e-02
 9.148166430e-03 7.753775285e-03 1.262311964e-02 1.689628999e-02 2.008557537e-02
 1.337638009e-04 2.952229874e-04 5.080300343e-04 7.600755075e-04 1.038112162e-03
 1.329184906e-03 1.622143902e-03 1.913078963e-03 2.206560990e-03 2.493098519e-03
 2.778117724e-03 3.083793679e-03 3.426594748e-03 3.840741570e-03 4.378261962e-03
 5.105070259e-03 6.091077909e-03 7.392483990e-03 9.034455198e-03 1.100563278e-02
 1.326819370e-02 1.577256592e-02 1.845831164e-02 2.121702914e-02 2.380305992e-02
 2.593003089e-02 2.753902336e-02 2.883147789e-02 2.999576591e-02 3.110091946e-02
 3.215475319e-02 3.315021841e-02 3.408058743e-02 3.494283654e-02 3.573754207e-02
 3.646782580e-02 3.713811361e-02 3.775295596e-02 3.831600065e-02 3.882915511e-02
 3.929195785e-02 3.970117253e-02 4.005061373e-02 4.033120395e-02 4.053124352e-02
 4.063685061e-02 4.063249932e-02 4.050155595e-02 4.022669059e-02 3.979002687e-02
 3.917288368e-02 3.835494941e-02 3.731268641e-02 3.601664903e-02 3.442712671e-02
 3.248692080e-02 3.010871250e-02 2.715127421e-02 2.337012606e-02 1.829121164e-02
 1.107950919e-02 9.240856463e-03 1.478097255e-02 1.959535763e-02 2.302771672e-02
 1.950576359e-04 4.267422286e-04 7.249912709e-04 1.066078092e-03 1.423963974e-03
 1.773064324e-03 2.090658894e-03 2.359431260e-03 2.591088741e-03 2.754834083e-03
 2.852282779e-03 2.893985791e-03 2.889730790e-03 2.863497267e-03 2.889372991e-03
 3.116703925e-03 3.768730982e-03 5.053531232e-03 7.031423553e-03 9.576233117e-03
 1.246739662e-02 1.550702383e-02 1.855557068e-02 2.151069222e-02 2.428784013e-02
 2.682342635e-02 2.908870644e-02 3.109109553e-02 3.285779528e-02 3.441792167e-02
 3.579517200e-02 3.700879038e-02 3.807659643e-02 3.901690782e-02 3.984891395e-02
 4.059201259e-02 4.126467477e-02 4.188321053e-02 4.246062372e-02 4.300563798e-02
 4.352194266e-02 4.400771599e-02 4.445549731e-02 4.485247418e-02 4.518121512e-02
 4.542081761e-02 4.554836678e-02 4.554052725e-02 4.537503680e-02 4.503185553e-02
 4.449376581e-02 4.374632071e-02 4.277718758e-02 4.157511390e-02 4.012897971e-02
 3.842784226e-02 3.646396620e-02 3.424377045e-02 3.181967819e-02 2.937608066e-02
 2.740330519e-02 2.662560459e-02 2.717459034e-02 2.844800012e-02 2.990594253e-02
 3.137430689e-04 6.818402241e-04 1.146585783e-03 1.661783122e-03 2.176719953e-03
 2.642341913e-03 3.017481788e-03 3.277716409e-03 3.416685565e-03 3.421292504e-03
 3.289210646e-03 3.011172983e-03 2.549637789e-03 1.802590324e-03 6.166511251e-04
-9.550163293e-04-2.088973256e-03-9.983129927e-04 2.487587684e-03 7.275361586e-03
 1.182867346e-02 1.598675974e-02 1.981674933e-02 2.336728160e-02 2.665578820e-02
 2.967923701e-02 3.242547237e-02 3.488177302e-02 3.704046854e-02 3.890249089e-02
 4.047949685e-02 4.179440171e-02 4.287998894e-02 4.377586536e-02 4.452466483e-02
 4.516848008e-02 4.574607985e-02 4.629094308e-02 4.682982471e-02 4.738153843e-02
 4.795582025e-02 4.855238234e-02 4.916044535e-02 4.975907325e-02 5.031853194e-02
 5.080271658e-02 5.117250066e-02 5.138966266e-02 5.142084647e-02 5.124087339e-02
 5.083477689e-02 5.019826270e-02 4.933683164e-02 4.826432682e-02 4.700198605e-02
 4.557915703e-02 4.403672729e-02 4.243387331e-02 4.085700426e-02 3.942465329e-02
 3.827345061e-02 3.751377766e-02 3.718153033e-02 3.724163175e-02 3.757996991e-02
 5.416651879e-04 1.174319985e-03 1.964809516e-03 2.822031397e-03 3.643152703e-03
 4.328800696e-03 4.799864422e-03 5.014485416e-03 4.981482787e-03 4.727743636e-03
 4.327707565e-03 3.849677235e-03 3.308984998e-03 2.546966051e-03 1.250086084e-03
-1.002888143e-03-3.377526287e-03-2.260321064e-03 2.385401279e-03 8.921909153e-03
 1.423820531e-02 1.891843801e-02 2.320807633e-02 2.721903030e-02 3.098976939e-02
 3.451205960e-02 3.774611371e-02 4.063464748e-02 4.312028671e-02 4.516505065e-02
 4.676567471e-02 4.795804886e-02 4.880932478e-02 4.940293586e-02 4.982413926e-02
 5.015081550e-02 5.044988215e-02 5.077707938e-02 5.117747959e-02 5.168487861e-02
 5.231947983e-02 5.308456697e-02 5.396369059e-02 5.491984694e-02 5.589736659e-02
 5.682647963e-02 5.763030711e-02 5.823400608e-02 5.857517055e-02 5.861328079e-02
 5.833517610e-02 5.775454512e-02 5.690607439e-02 5.583726212e-02 5.460129082e-02
 5.325290109e-02 5.184729812e-02 5.044075791e-02 4.909089760e-02 4.785444573e-02
 4.678116421e-02 4.590103139e-02 4.528082345e-02 4.487216477e-02 4.463968480e-02
 9.650553663e-04 2.105411974e-03 3.543373671e-03 5.099760133e-03 6.545367548e-03
 7.647194410e-03 8.236324195e-03 8.241805965e-03 7.678413771e-03 6.599482229e-03
 5.340009235e-03 4.549349476e-03 4.562944919e-03 5.242790297e-03 6.049531848e-03
 6.922838528e-03 8.164938960e-03 1.013257164e-02 1.296137039e-02 1.648614308e-02
 2.041222463e-02 2.452793611e-02 2.873451466e-02 3.298699972e-02 3.724333318e-02
 4.142923016e-02 4.541279148e-02 4.899791054e-02 5.195914075e-02 5.412345208e-02
 5.545285467e-02 5.606210757e-02 5.615779968e-02 5.595375614e-02 5.562093016e-02
 5.528040044e-02 5.501793551e-02 5.490181157e-02 5.499530028e-02 5.535959618e-02
 5.604531291e-02 5.707594822e-02 5.843283563e-02 6.005012553e-02 6.182007210e-02
 6.360233706e-02 6.523385410e-02 6.654475983e-02 6.738763346e-02 6.767479665e-02
 6.740298716e-02 6.664667417e-02 6.552391172e-02 6.415806878e-02 6.265452930e-02
 6.109450358e-02 5.953845015e-02 5.803196361e-02 5.661045055e-02 5.530150976e-02
 5.412529393e-02 5.309515077e-02 5.224978249e-02 5.156123701e-02 5.099545136e-02
 1.669485579e-03 3.721958167e-03 6.455966326e-03 9.614295811e-03 1.261505368e-02
 1.454141818e-02 1.499987267e-02 1.434645995e-02 1.283998606e-02 1.035598212e-02
 7.070714946e-03 5.530312121e-03 6.264155966e-03 9.198159208e-03 1.149977153e-02
 1.349488966e-02 1.552294654e-02 1.779488729e-02 2.042864666e-02 2.346697056e-02
 2.690590778e-02 3.072910710e-02 3.493219171e-02 3.953047403e-02 4.454986107e-02
 4.999181482e-02 5.573567202e-02 6.132098330e-02 6.577809291e-02 6.813913048e-02
 6.821856549e-02 6.679886867e-02 6.485192480e-02 6.296148555e-02 6.130341650e-02
 5.991489222e-02 5.879622501e-02 5.794285774e-02 5.742391730e-02 5.736972412e-02
 5.798076432e-02 5.940505582e-02 6.163478452e-02 6.452134928e-02 6.783210761e-02
 7.132794866e-02 7.471125023e-02 7.755656979e-02 7.937460098e-02 7.983816722e-02
 7.901530400e-02 7.731557448e-02 7.519831225e-02 7.297319618e-02 7.079528377e-02
 6.873275618e-02 6.681066166e-02 6.503689249e-02 6.341329189e-02 6.193810238e-02
 6.060897028e-02 5.942380918e-02 5.840230078e-02 5.751696474e-02 5.675466279e-02
 2.558471597e-03 5.844672612e-03 1.057726768e-02 1.699732499e-02 2.506795836e-02
 2.854021652e-02 2.586362352e-02 2.331937043e-02 2.111233578e-02 1.901634241e-02
 1.722216728e-02 1.621481498e-02 1.626119793e-02 1.719909510e-02 1.856398808e-02
 2.015275416e-02 2.196007610e-02 2.403190053e-02 2.641996516e-02 2.917054407e-02
 3.232692685e-02 3.593948804e-02 4.008108177e-02 4.486937347e-02 5.050506654e-02
 5.735298979e-02 6.615334875e-02 7.874910228e-02 9.096364976e-02 9.406280998e-02
 8.749045491e-02 7.789377923e-02 7.215081939e-02 6.824125237e-02 6.536690181e-02
 6.311708452e-02 6.122959527e-02 5.949481036e-02 5.771723705e-02 5.588611016e-02
 5.542693732e-02 5.740334069e-02 6.170205642e-02 6.733357748e-02 7.324525264e-02
 7.966817778e-02 8.696785864e-02 9.470434159e-02 9.982335144e-02 9.986217374e-02
 9.491230414e-02 8.935190747e-02 8.483849297e-02 8.116998113e-02 7.810469122e-02
 7.547959535e-02 7.318917436e-02 7.116346345e-02 6.935946019e-02 6.774335383e-02
 6.629655555e-02 6.500509449e-02 6.385627750e-02 6.282721105e-02 6.189232798e-02
 3.302773113e-03 7.564663221e-03 1.371438943e-02 2.194888025e-02 3.176911434e-02
 3.597299720e-02 3.298347816e-02 3.030870559e-02 2.829221527e-02 2.671059017e-02
 2.553009049e-02 2.477526898e-02 2.449396543e-02 2.468058917e-02 2.528779445e-02
 2.626317573e-02 2.757448749e-02 2.921312149e-02 3.118803561e-02 3.352010546e-02
 3.624005305e-02 3.939008508e-02 4.302871472e-02 4.723822552e-02 5.213319918e-02
 5.786086403e-02 6.454151183e-02 7.187245665e-02 7.793364750e-02 8.033001689e-02
 7.867846723e-02 7.497702180e-02 7.142801296e-02 6.853463652e-02 6.621945738e-02
 6.432055637e-02 6.266730921e-02 6.106517336e-02 5.924024348e-02 5.679965759e-02
 5.580352941e-02 5.798772891e-02 6.357323209e-02 7.029122982e-02 7.689667918e-02
 8.405817726e-02 9.259148132e-02 1.034304361e-01 1.097411786e-01 1.091660860e-01
 1.017010623e-01 9.499733783e-02 9.008109755e-02 8.624472851e-02 8.310364277e-02
 8.044215286e-02 7.813253240e-02 7.609504512e-02 7.427752676e-02 7.264432735e-02
 7.116992632e-02 6.983490415e-02 6.862321980e-02 6.752085914e-02 6.652069966e-02
 3.768495252e-03 8.588934611e-03 1.544691887e-02 2.442636769e-02 3.489812007e-02
 3.943420631e-02 3.612608202e-02 3.436754157e-02 3.309076360e-02 3.200983978e-02
 3.113740307e-02 3.052249368e-02 3.019706852e-02 3.017838694e-02 3.047080674e-02
 3.107134466e-02 3.197572432e-02 3.318239061e-02 3.469401708e-02 3.651728176e-02
 3.866170555e-02 4.113769385e-02 4.395299949e-02 4.710557458e-02 5.056895321e-02
 5.426443116e-02 5.801717459e-02 6.151605340e-02 6.434391139e-02 6.618667966e-02
 6.696004762e-02 6.686014607e-02 6.625453442e-02 6.545996544e-02 6.467416002e-02
 6.399856346e-02 6.348359010e-02 6.317234519e-02 6.315058821e-02 6.360475716e-02
 6.481991663e-02 6.702388671e-02 7.022196139e-02 7.419342474e-02 7.864390531e-02
 8.330959479e-02 8.786653882e-02 9.177699965e-02 9.434722449e-02 9.513662700e-02
 9.429627041e-02 9.243527547e-02 9.016074565e-02 8.782681584e-02 8.558636341e-02
 8.349222036e-02 8.155534488e-02 7.977065040e-02 7.812759047e-02 7.661432657e-02
 7.521925767e-02 7.393147467e-02 7.274081220e-02 7.163788486e-02 7.061939972e-02
 4.044675277e-03 9.188466077e-03 1.645065274e-02 2.586839155e-02 3.671479057e-02
 4.153379029e-02 3.878072160e-02 3.742773167e-02 3.654143618e-02 3.573899988e-02
 3.506580192e-02 3.455375554e-02 3.422946455e-02 3.411358455e-02 3.422093781e-02
 3.456149336e-02 3.514173157e-02 3.596582654e-02 3.703623860e-02 3.835351821e-02
 3.991522407e-02 4.171382460e-02 4.373335617e-02 4.594460976e-02 4.829898585e-02
 5.072232803e-02 5.311232247e-02 5.534551283e-02 5.729891417e-02 5.887844714e-02
 6.008448179e-02 6.093887908e-02 6.152292004e-02 6.194874568e-02 6.232340022e-02
 6.274143821e-02 6.328574299e-02 6.403413209e-02 6.506613198e-02 6.646289143e-02
 6.829425580e-02 7.059450760e-02 7.333853374e-02 7.643233737e-02 7.971925547e-02
 8.299210677e-02 8.600742003e-02 8.851215062e-02 9.029316788e-02 9.123768681e-02
 9.136860304e-02 9.082575270e-02 8.980408735e-02 8.849046990e-02 8.702976292e-02
 8.551993001e-02 8.402120338e-02 8.256774227e-02 8.117710178e-02 7.985675950e-02
 7.860827481e-02 7.742983282e-02 7.631776431e-02 7.526723414e-02 7.426147423e-02
 4.225974304e-03 9.584892505e-03 1.712348712e-02 2.685731791e-02 3.805688448e-02
 4.325658895e-02 4.072578640e-02 3.970829466e-02 3.905407421e-02 3.844195404e-02
 3.789379538e-02 3.743626227e-02 3.709405967e-02 3.688873573e-02 3.683816411e-02
 3.695646322e-02 3.725415618e-02 3.773835338e-02 3.841276610e-02 3.927741492e-02
 4.032796070e-02 4.155465293e-02 4.294097819e-02 4.446223825e-02 4.608451864e-02
 4.776479479e-02 4.945310720e-02 5.109751794e-02 5.265167190e-02 5.408329760e-02
 5.537990679e-02 5.655290509e-02 5.764917362e-02 5.870079728e-02 5.976029310e-02
 6.087776159e-02 6.212685397e-02 6.356110823e-02 6.523455133e-02 6.718866600e-02
 6.943831071e-02 7.199592761e-02 7.484617072e-02 7.793497844e-02 8.115496580e-02
 8.432357223e-02 8.718656545e-02 8.949902085e-02 9.109661250e-02 9.191602138e-02
 9.200607282e-02 9.152691170e-02 9.068402017e-02 8.963604401e-02 8.848245590e-02
 8.728444870e-02 8.607993635e-02 8.489200695e-02 8.373404506e-02 8.261308022e-02
 8.153203660e-02 8.049124318e-02 7.948944499e-02 7.852472590e-02 7.760531377e-02
 4.366985590e-03 9.896513636e-03 1.765975410e-02 2.765752562e-02 3.915341425e-02
 4.465884681e-02 4.239022942e-02 4.153933069e-02 4.104960813e-02 4.053645682e-02
 4.002853186e-02 3.955477352e-02 3.914192812e-02 3.881337991e-02 3.858883922e-02
 3.848440274e-02 3.851271454e-02 3.868309322e-02 3.900155079e-02 3.947065801e-02
 4.008927580e-02 4.085221490e-02 4.174992556e-02 4.276837234e-02 4.388929750e-02
 4.509109201e-02 4.635043016e-02 4.764463442e-02 4.895452851e-02 5.026727847e-02
 5.157859658e-02 5.289374328e-02 5.422754075e-02 5.560587526e-02 5.705667602e-02
 5.860848519e-02 6.030327149e-02 6.217835655e-02 6.426969247e-02 6.660815742e-02
 6.921640144e-02 7.212177880e-02 7.535290744e-02 7.894304848e-02 8.294702887e-02
 8.752996096e-02 9.170455480e-02 9.471092339e-02 9.640102183e-02 9.668295287e-02
 9.557537791e-02 9.377502827e-02 9.235818227e-02 9.112305131e-02 8.999451115e-02
 8.893434449e-02 8.792120016e-02 8.694286485e-02 8.599211396e-02 8.506440689e-02
 8.415662150e-02 8.326636273e-02 8.239156975e-02 8.153012396e-02 8.067236006e-02
 4.496767229e-03 1.018855834e-02 1.817503742e-02 2.844981505e-02 4.022806923e-02
 4.597276382e-02 4.404210263e-02 4.336202754e-02 4.290532732e-02 4.235317365e-02
 4.176091101e-02 4.116850188e-02 4.060574016e-02 4.009607780e-02 3.965865847e-02
 3.930936299e-02 3.906136159e-02 3.892541615e-02 3.891004856e-02 3.902141454e-02
 3.926310275e-02 3.963599069e-02 4.013819296e-02 4.076516284e-02 4.151002459e-02
 4.236422470e-02 4.331860761e-02 4.436444886e-02 4.549458680e-02 4.670456408e-02
 4.799358922e-02 4.936516010e-02 5.082718074e-02 5.239158471e-02 5.407364565e-02
 5.589142304e-02 5.786529691e-02 6.001737545e-02 6.237146851e-02 6.495425153e-02
 6.779781405e-02 7.094283992e-02 7.444255816e-02 7.837324294e-02 8.285210759e-02
 8.800373481e-02 9.266236010e-02 9.586506719e-02 9.761515332e-02 9.786516356e-02
 9.655446800e-02 9.459580972e-02 9.314874549e-02 9.202786674e-02 9.109562557e-02
 9.027142573e-02 8.950726211e-02 8.877411288e-02 8.805436455e-02 8.733741980e-02
 8.661706953e-02 8.588987290e-02 8.515410554e-02 8.440889984e-02 8.365465076e-02
 4.622146451e-03 1.047756628e-02 1.870493351e-02 2.931502898e-02 4.160388886e-02
 4.811430296e-02 4.685171784e-02 4.576390909e-02 4.489757967e-02 4.404669225e-02
 4.320352850e-02 4.237832936e-02 4.158387305e-02 4.083337346e-02 4.013980832e-02
 3.951561746e-02 3.897255408e-02 3.852162251e-02 3.817422535e-02 3.794088918e-02
 3.783046419e-02 3.785000620e-02 3.800466915e-02 3.829762288e-02 3.872998324e-02
 3.930068877e-02 4.000942056e-02 4.085558684e-02 4.183829318e-02 4.295688036e-02
 4.421151027e-02 4.560400335e-02 4.713767227e-02 4.881713314e-02 5.064813498e-02
 5.263727946e-02 5.479165070e-02 5.711848292e-02 5.962505784e-02 6.231964794e-02
 6.521960653e-02 6.837780495e-02 7.185192744e-02 7.562053533e-02 7.972934769e-02
 8.411675431e-02 8.815467858e-02 9.113817628e-02 9.295938826e-02 9.349221638e-02
 9.320005311e-02 9.281675530e-02 9.239885266e-02 9.201105900e-02 9.164263520e-02
 9.127643451e-02 9.089653662e-02 9.049090810e-02 9.005158832e-02 8.957410298e-02
 8.905673275e-02 8.849985806e-02 8.790546223e-02 8.727692563e-02 8.662407502e-02
 4.727726510e-03 1.072175426e-02 1.915442554e-02 3.005108683e-02 4.269309031e-02
 4.965701832e-02 4.900928865e-02 4.767746468e-02 4.647604911e-02 4.531819556e-02
 4.419758534e-02 4.310766100e-02 4.204898118e-02 4.102670047e-02 4.004870212e-02
 3.912448343e-02 3.826451576e-02 3.748219348e-02 3.679223574e-02 3.620906588e-02
 3.574650362e-02 3.541749515e-02 3.523387502e-02 3.520616531e-02 3.534342822e-02
 3.565320562e-02 3.614162334e-02 3.681319609e-02 3.767052410e-02 3.871384227e-02
 3.994020523e-02 4.135098893e-02 4.294628692e-02 4.472467602e-02 4.668410625e-02
 4.882187332e-02 5.113390258e-02 5.361399973e-02 5.625244218e-02 5.903305232e-02
 6.191135089e-02 6.505454473e-02 6.842268900e-02 7.188396371e-02 7.541533541e-02
 7.885547272e-02 8.201482299e-02 8.474629582e-02 8.696007221e-02 8.864779573e-02
 8.988008102e-02 9.076529346e-02 9.140023151e-02 9.185011574e-02 9.215314382e-02
 9.233062062e-02 9.239470624e-02 9.235327132e-02 9.221261710e-02 9.197884235e-02
 9.165842042e-02 9.125834333e-02 9.078603979e-02 9.024900965e-02 8.964475618e-02
 4.797363459e-03 1.087918839e-02 1.943328702e-02 3.047994135e-02 4.328640851e-02
 5.039826660e-02 4.984398351e-02 4.852240942e-02 4.721783958e-02 4.590383113e-02
 4.458385657e-02 4.326416271e-02 4.195116135e-02 4.065226098e-02 3.937614074e-02
 3.813273980e-02 3.693604776e-02 3.580350710e-02 3.475346583e-02 3.380482930e-02
 3.297670390e-02 3.228803198e-02 3.175721993e-02 3.140176460e-02 3.123788523e-02
 3.128016721e-02 3.154121554e-02 3.203128878e-02 3.275793208e-02 3.372564377e-02
 3.493564309e-02 3.638590915e-02 3.807010331e-02 3.997611921e-02 4.209421660e-02
 4.441585900e-02 4.692904121e-02 4.961983880e-02 5.247150624e-02 5.546374999e-02
 5.857095956e-02 6.179067027e-02 6.506313225e-02 6.851386728e-02 7.202166524e-02
 7.539635617e-02 7.856630604e-02 8.147657952e-02 8.408309568e-02 8.636356650e-02
 8.831840592e-02 8.996480367e-02 9.132805041e-02 9.243442322e-02 9.330754084e-02
 9.396760365e-02 9.443208272e-02 9.471675906e-02 9.483657413e-02 9.480613529e-02
 9.463990553e-02 9.435217092e-02 9.395688551e-02 9.346762565e-02 9.290429858e-02
 4.831217215e-03 1.095326095e-02 1.955817165e-02 3.065942110e-02 4.355554355e-02
 5.077988210e-02 5.008837404e-02 4.873394635e-02 4.734971355e-02 4.590264315e-02
 4.440512079e-02 4.286860501e-02 4.130373488e-02 3.972100889e-02 3.813132922e-02
 3.654927091e-02 3.499458862e-02 3.348872665e-02 3.205462159e-02 3.071641673e-02
 2.949909916e-02 2.842806880e-02 2.752864880e-02 2.682554815e-02 2.634228937e-02
 2.610061531e-02 2.611988943e-02 2.641650340e-02 2.700331051e-02 2.788910400e-02
 2.907815439e-02 3.056980076e-02 3.235803664e-02 3.443121717e-02 3.677211718e-02
 3.935678369e-02 4.215718304e-02 4.515638497e-02 4.833337896e-02 5.166549304e-02
 5.512836293e-02 5.869590829e-02 6.234102601e-02 6.603265054e-02 6.971937372e-02
 7.333641005e-02 7.682270210e-02 8.012506542e-02 8.319923674e-02 8.601091565e-02
 8.853627552e-02 9.076145442e-02 9.268124447e-02 9.429752337e-02 9.561786022e-02
 9.665443267e-02 9.742316774e-02 9.794295577e-02 9.823483971e-02 9.832116631e-02
 9.822474522e-02 9.796808280e-02 9.757274465e-02 9.705880374e-02 9.644203372e-02
 4.838200547e-03 1.096669234e-02 1.957602194e-02 3.067475437e-02 4.350656958e-02
 5.058789222e-02 4.999733206e-02 4.857695744e-02 4.707102552e-02 4.546531703e-02
 4.377211677e-02 4.200280373e-02 4.016859308e-02 3.828085072e-02 3.635378324e-02
 3.440866769e-02 3.246910998e-02 3.056102404e-02 2.871248785e-02 2.695347481e-02
 2.531546353e-02 2.383093173e-02 2.253274441e-02 2.145345096e-02 2.062451104e-02
 2.007547350e-02 1.983313632e-02 1.992071761e-02 2.035706830e-02 2.115595486e-02
 2.232543532e-02 2.386734352e-02 2.577688818e-02 2.804237732e-02 3.064505839e-02
 3.355900409e-02 3.675119319e-02 4.018124086e-02 4.381167726e-02 4.761753189e-02
 5.157172479e-02 5.564432113e-02 5.980151852e-02 6.400439250e-02 6.820811271e-02
 7.236264865e-02 7.641481414e-02 8.031064045e-02 8.399759966e-02 8.742674807e-02
 9.055488210e-02 9.334664200e-02 9.577637020e-02 9.782946372e-02 9.950296204e-02
 1.008051976e-01 1.017544991e-01 1.023771264e-01 1.027047667e-01 1.027719711e-01
 1.026138655e-01 1.022643441e-01 1.017548211e-01 1.011134659e-01 1.003642400e-01
 4.827043145e-03 1.093970755e-02 1.952363556e-02 3.058448390e-02 4.339275686e-02
 5.047278501e-02 4.969072890e-02 4.815941705e-02 4.649625161e-02 4.470143458e-02
 4.278427447e-02 4.075458180e-02 3.862251933e-02 3.639970128e-02 3.410722682e-02
 3.176925539e-02 2.941310881e-02 2.706926643e-02 2.477122774e-02 2.255522669e-02
 2.045978894e-02 1.852513087e-02 1.679240787e-02 1.530282853e-02 1.409666053e-02
 1.321216268e-02 1.268448455e-02 1.254457919e-02 1.281817624e-02 1.352485939e-02
 1.467728630e-02 1.628057850e-02 1.833189690e-02 2.082020509e-02 2.372620721e-02
 2.702243301e-02 3.067344187e-02 3.463609087e-02 3.885990066e-02 4.328595698e-02
 4.788808052e-02 5.263712586e-02 5.750026383e-02 6.243976492e-02 6.741187230e-02
 7.236593034e-02 7.724394916e-02 8.198083321e-02 8.650561657e-02 9.074411730e-02
 9.462327389e-02 9.807697457e-02 1.010525456e-01 1.035165303e-01 1.054582938e-01
 1.068904559e-01 1.078460262e-01 1.083730392e-01 1.085280830e-01 1.083701643e-01
 1.079559166e-01 1.073365314e-01 1.065562750e-01 1.056523306e-01 1.046616308e-01
 4.804099907e-03 1.088652351e-02 1.942580422e-02 3.042546824e-02 4.314491899e-02
 5.010488603e-02 4.922137341e-02 4.755311476e-02 4.570656657e-02 4.369505496e-02
 4.152583253e-02 3.920648750e-02 3.674519042e-02 3.415957391e-02 3.147249055e-02
 2.871073884e-02 2.590523321e-02 2.309104358e-02 2.030727615e-02 1.759677144e-02
 1.500560283e-02 1.258236892e-02 1.037728454e-02 8.441088840e-03 6.823802617e-03
 5.573380389e-03 4.734313699e-03 4.346249757e-03 4.442692331e-03 5.049849055e-03
 6.185680809e-03 7.859195001e-03 1.007000645e-02 1.280816878e-02 1.605425700e-02
 1.977966105e-02 2.394703033e-02 2.851079145e-02 3.341764325e-02 3.860690795e-02
 4.401089087e-02 4.960510433e-02 5.536410747e-02 6.125732379e-02 6.724652145e-02
 7.328265026e-02 7.930215759e-02 8.522331089e-02 9.094378319e-02 9.634166041e-02
 1.012824149e-01 1.056331283e-01 1.092819781e-01 1.121575242e-01 1.142413287e-01
 1.155695787e-01 1.162232493e-01 1.163104197e-01 1.159469696e-01 1.152413814e-01
 1.142861986e-01 1.131554144e-01 1.119055781e-01 1.105783845e-01 1.091934529e-01
 4.773805594e-03 1.081697815e-02 1.929955639e-02 3.022343520e-02 4.282557295e-02
 4.961653586e-02 4.867511445e-02 4.682005116e-02 4.476905199e-02 4.251911442e-02
 4.007449455e-02 3.743993787e-02 3.462661235e-02 3.165427615e-02 2.854721856e-02
 2.533463489e-02 2.205088655e-02 1.873560837e-02 1.543362528e-02 1.219464501e-02
 9.072701373e-03 6.125334762e-03 3.412511712e-03 9.953033280e-04-1.065638287e-03
-2.711747687e-03-3.888283574e-03-4.546050169e-03-4.643011260e-03-4.145708175e-03
-3.030403482e-03-1.283890360e-03 1.096068259e-03 4.100678635e-03 7.710411843e-03
 1.189560655e-02 1.661730446e-02 2.182822301e-02 2.747375332e-02 3.349285523e-02
 3.981870412e-02 4.639037330e-02 5.319906186e-02 6.023361473e-02 6.747699639e-02
 7.490075432e-02 8.245630884e-02 9.006183404e-02 9.758455527e-02 1.048227912e-01
 1.115020773e-01 1.173068976e-01 1.219509686e-01 1.252531692e-01 1.271837767e-01
 1.278689012e-01 1.275510495e-01 1.265161927e-01 1.250228279e-01 1.232666697e-01
 1.213800385e-01 1.194462124e-01 1.175149006e-01 1.156143353e-01 1.137655622e-01
 4.739413432e-03 1.073828016e-02 1.915733488e-02 2.999735860e-02 4.254518089e-02
 4.931629551e-02 4.804052958e-02 4.601442052e-02 4.374615842e-02 4.124371568e-02
 3.850858219e-02 3.554367210e-02 3.236411587e-02 2.898992145e-02 2.544652385e-02
 2.176527147e-02 1.798379379e-02 1.414619681e-02 1.030303489e-02 6.511013176e-03
 2.832384085e-03-6.659840942e-04-3.913869074e-03-6.839266393e-03-9.370225003e-03
-1.143687492e-02-1.297355245e-02-1.392091166e-02-1.422790204e-02-1.385349420e-02
-1.276804805e-02-1.095424058e-02-8.407501341e-03-5.135939220e-03-1.159780545e-03
 3.489627974e-03 8.771170689e-03 1.463556874e-02 2.102712832e-02 2.788551332e-02
 3.514741616e-02 4.274796707e-02 5.066518771e-02 5.892330639e-02 6.755139957e-02
 7.658142708e-02 8.604235064e-02 9.594537210e-02 1.062475276e-01 1.167594358e-01
 1.269420481e-01 1.357898278e-01 1.423402097e-01 1.460865604e-01 1.469711742e-01
 1.454271548e-01 1.423650188e-01 1.387520661e-01 1.351203136e-01 1.316723814e-01
 1.284678851e-01 1.255094916e-01 1.227780853e-01 1.202476505e-01 1.178917728e-01
 4.703569036e-03 1.065634607e-02 1.900950637e-02 2.976246484e-02 4.215105918e-02
 4.868566780e-02 4.741259645e-02 4.518666658e-02 4.269667271e-02 3.993750558e-02
 3.690683256e-02 3.361053246e-02 3.006331080e-02 2.628534407e-02 2.230303175e-02
 1.814965462e-02 1.386588975e-02 9.500123830e-03 5.108503900e-03 7.546678444e-04
-3.490893787e-03-7.551876336e-03-1.134760861e-02-1.479488912e-02-1.781015817e-02
-2.031191940e-02-2.222329454e-02-2.347457150e-02-2.400559371e-02-2.376783916e-02
-2.272605254e-02-2.085932222e-02-1.816153245e-02-1.464116543e-02-1.032047271e-02
-5.234074102e-03 5.729295723e-04 7.047231184e-03 1.412988733e-02 2.175912073e-02
 2.987334935e-02 3.841453649e-02 4.733213017e-02 5.667956871e-02 6.653802827e-02
 7.702004748e-02 8.828292723e-02 1.005507898e-01 1.141549197e-01 1.296278934e-01
 1.480719054e-01 1.641032254e-01 1.745014173e-01 1.786072396e-01 1.762139179e-01
 1.683891330e-01 1.579300743e-01 1.500134687e-01 1.436701367e-01 1.384275181e-01
 1.339917586e-01 1.301630561e-01 1.267998322e-01 1.237991262e-01 1.210812452e-01
 4.668611489e-03 1.057645996e-02 1.886545618e-02 2.953396217e-02 4.182680588e-02
 4.825803081e-02 4.679434240e-02 4.438307293e-02 4.167862368e-02 3.867106125e-02
 3.535522871e-02 3.173966016e-02 2.783818835e-02 2.367081882e-02 1.926460136e-02
 1.465442881e-02 9.883692169e-03 5.004716537e-03 7.890097413e-05-4.823511122e-03
-9.624093902e-03-1.423737708e-02-1.857247652e-02-2.253519888e-02-2.603056152e-02
-2.896562722e-02-3.125251470e-02-3.281141564e-02-3.357343206e-02-3.348304735e-02
-3.250006210e-02-3.060086094e-02-2.777892464e-02-2.404455747e-02-1.942385621e-02
-1.395699562e-02-7.695940769e-03-7.017126466e-04 6.958672285e-03 1.521549728e-02
 2.399983778e-02 3.324729109e-02 4.290208334e-02 5.297092071e-02 6.355054673e-02
 7.477617305e-02 8.684136532e-02 1.000314852e-01 1.147814747e-01 1.317779275e-01
 1.525435974e-01 1.689276546e-01 1.844768812e-01 1.867867754e-01 1.834160812e-01
 1.743483441e-01 1.623014529e-01 1.534131290e-01 1.464713874e-01 1.408669807e-01
 1.362078813e-01 1.322358243e-01 1.287755766e-01 1.257049536e-01 1.229437964e-01
 4.636662927e-03 1.050344393e-02 1.873380836e-02 2.932520011e-02 4.154778270e-02
 4.791150831e-02 4.621233828e-02 4.364837482e-02 4.074776684e-02 3.751188881e-02
 3.393702022e-02 3.003064786e-02 2.580586238e-02 2.128243689e-02 1.648787641e-02
 1.145838344e-02 6.239666342e-03 8.875067955e-04-4.532002653e-03-9.942638488e-03
-1.525872060e-02-2.038633754e-02-2.522514800e-02-2.967074270e-02-3.361750359e-02
-3.696184659e-02-3.960568714e-02-4.145993067e-02-4.244776794e-02-4.250755442e-02
-4.159507350e-02-3.968502587e-02-3.677164664e-02-3.286842052e-02-2.800693585e-02
-2.223498017e-02-1.561402740e-02-8.216292898e-03-1.215365823e-04 8.586224919e-03
 1.782197518e-02 2.750286023e-02 3.755127016e-02 4.789796759e-02 5.858591890e-02
 6.968835207e-02 8.129458297e-02 9.350844638e-02 1.064362612e-01 1.201309798e-01
 1.341749929e-01 1.462611822e-01 1.555291060e-01 1.606418481e-01 1.611219465e-01
 1.576796111e-01 1.522340117e-01 1.470421412e-01 1.424332470e-01 1.383650406e-01
 1.347533098e-01 1.315155989e-01 1.285811401e-01 1.258920522e-01 1.233926574e-01
 4.609613623e-03 1.044161398e-02 1.862232300e-02 2.914815104e-02 4.124749225e-02
 4.741868646e-02 4.575035190e-02 4.302644214e-02 3.995868088e-02 3.652883809e-02
 3.273408827e-02 2.858073322e-02 2.408103791e-02 1.925441491e-02 1.412860557e-02
 8.740783904e-03 3.138499587e-03-2.619634820e-03-8.463614205e-03-1.431217001e-02
-2.007344892e-02-2.564630998e-02-3.092227409e-02-3.578811429e-02-4.012901997e-02
-4.383221040e-02-4.679081764e-02-4.890781485e-02-5.009973981e-02-5.029996139e-02
-4.946126079e-02-4.755754939e-02-4.458461449e-02-4.055986718e-02-3.552115007e-02
-2.952473949e-02-2.264273667e-02-1.496008132e-02-6.571439404e-03 2.421782546e-03
 1.191404891e-02 2.179767896e-02 3.196390328e-02 4.230255335e-02 5.274295305e-02
 6.328635243e-02 7.391447288e-02 8.457240300e-02 9.513920012e-02 1.053849166e-01
 1.149360791e-01 1.233137735e-01 1.300601348e-01 1.348608144e-01 1.376423065e-01
 1.386184552e-01 1.382267472e-01 1.369603657e-01 1.352093121e-01 1.332206293e-01
 1.311344057e-01 1.290259329e-01 1.269340750e-01 1.248779145e-01 1.228708894e-01
 4.589056114e-03 1.039461547e-02 1.853757323e-02 2.901387089e-02 4.109212290e-02
 4.728093116e-02 4.537407713e-02 4.255276961e-02 3.935832331e-02 3.578064879e-02
 3.181823237e-02 2.747640961e-02 2.276672598e-02 1.770822523e-02 1.232873579e-02
 6.666084024e-03 7.691443863e-04-5.301376774e-03-1.147253567e-02-1.765923623e-02
-2.376490838e-02-2.968285835e-02-3.529833318e-02-4.049129112e-02-4.513980920e-02
-4.912399483e-02-5.233020652e-02-5.465533874e-02-5.601089651e-02-5.632658213e-02
-5.555314326e-02-5.366428743e-02-5.065754685e-02-4.655407031e-02-4.139741429e-02
-3.525149172e-02-2.819790514e-02-2.033293460e-02-1.176446916e-02-2.609166629e-03
 7.009894500e-03 1.696483608e-02 2.712367293e-02 3.734991709e-02 4.750101807e-02
 5.752630127e-02 6.737225004e-02 7.695705852e-02 8.616440529e-02 9.484125010e-02
 1.028050614e-01 1.098646622e-01 1.158525577e-01 1.206594866e-01 1.242596018e-01
 1.267166451e-01 1.281673286e-01 1.287880863e-01 1.287596216e-01 1.282423440e-01
 1.273663056e-01 1.262314212e-01 1.249122899e-01 1.234639499e-01 1.219292875e-01
 4.576203893e-03 1.036522767e-02 1.848457246e-02 2.892968513e-02 4.094095128e-02
 4.702696338e-02 4.515033127e-02 4.225696454e-02 3.898313099e-02 3.531308310e-02
 3.124585255e-02 2.678613018e-02 2.194497660e-02 1.674116838e-02 1.120255107e-02
 5.367322559e-03-7.148473807e-04-6.981970316e-03-1.335928349e-02-1.975930513e-02
-2.608251062e-02-3.221871545e-02-3.804921239e-02-4.344965706e-02-4.829363234e-02
-5.245675306e-02-5.582110628e-02-5.827976902e-02-5.974111274e-02-6.013260077e-02
-5.940381272e-02-5.752849021e-02-5.450548225e-02-5.035856846e-02-4.513524020e-02
-3.890461173e-02-3.175470472e-02-2.378939328e-02-1.512531045e-02-5.889002549e-03
 3.785421043e-03 1.375795183e-02 2.388354007e-02 3.401210792e-02 4.398776685e-02
 5.371329025e-02 6.313544729e-02 7.218324140e-02 8.076917003e-02 8.879310448e-02
 9.614957777e-02 1.027384014e-01 1.084772064e-01 1.133132936e-01 1.172317614e-01
 1.202576109e-01 1.224512420e-01 1.238988234e-01 1.247004630e-01 1.249592206e-01
 1.247729197e-01 1.242292650e-01 1.234037515e-01 1.223593457e-01 1.211413037e-01
 4.571824601e-03 1.035520922e-02 1.846649015e-02 2.890090126e-02 4.088936121e-02
 4.693576122e-02 4.507766984e-02 4.215651022e-02 3.885619122e-02 3.515533382e-02
 3.105306779e-02 2.655388552e-02 2.166869428e-02 1.641618431e-02 1.082420698e-02
 4.931083314e-03-1.213252307e-03-7.546383426e-03-1.399293848e-02-2.046463562e-02
-2.686095778e-02-3.307054647e-02-3.897336320e-02-4.444361406e-02-4.935336715e-02
-5.357672277e-02-5.699432833e-02-5.949797502e-02-6.099498040e-02-6.141205711e-02
-6.069839679e-02-5.882775949e-02-5.579944509e-02-5.163812514e-02-4.639261752e-02
-4.013378010e-02-3.295177147e-02-2.495297008e-02-1.625685409e-02-6.993124779e-03
 2.700691312e-03 1.268099717e-02 2.279916567e-02 3.290191080e-02 4.283118449e-02
 5.247535500e-02 6.178343706e-02 7.068994932e-02 7.911731625e-02 8.698021753e-02
 9.419201967e-02 1.006728806e-01 1.063584742e-01 1.112077903e-01 1.152083840e-01
 1.183779048e-01 1.207616168e-01 1.224266232e-01 1.234542363e-01 1.239321299e-01
 1.239475925e-01 1.235825911e-01 1.229107681e-01 1.219962533e-01 1.209003200e-01
 4.576194038e-03 1.036519918e-02 1.848450120e-02 2.892963297e-02 4.098050190e-02
 4.714363947e-02 4.513619350e-02 4.225769478e-02 3.898578803e-02 3.531756216e-02
 3.125229083e-02 2.679471842e-02 2.195594097e-02 1.675475977e-02 1.121903601e-02
 5.386974365e-03-6.917580027e-04-6.955185441e-03-1.332856892e-02-1.972446186e-02
-2.604338632e-02-3.217521530e-02-3.800130847e-02-4.339739522e-02-4.823713569e-02
-5.239622094e-02-5.575680795e-02-5.821203119e-02-5.967030061e-02-6.005909216e-02
-5.932796531e-02-5.745060184e-02-5.442574430e-02-5.027701218e-02-4.505167553e-02
-3.881855787e-02-3.166531142e-02-2.369535194e-02-1.502475488e-02-5.779401301e-03
 3.907374233e-03 1.389643485e-02 2.404365768e-02 3.419985413e-02 4.420981150e-02
 5.397918385e-02 6.345454338e-02 7.256357061e-02 8.121584487e-02 8.930645870e-02
 9.672351796e-02 1.033596350e-01 1.091259228e-01 1.139654569e-01 1.178625793e-01
 1.208452392e-01 1.229796493e-01 1.243590916e-01 1.250904628e-01 1.252821831e-01
 1.250356218e-01 1.244403951e-01 1.235727440e-01 1.224957490e-01 1.212544963e-01
 4.589058638e-03 1.039461970e-02 1.853757273e-02 2.901368556e-02 4.105165900e-02
 4.715244871e-02 4.538516182e-02 4.255590476e-02 3.936403999e-02 3.578958854e-02
 3.183078756e-02 2.749301253e-02 2.278785024e-02 1.773437733e-02 1.236044382e-02
 6.703883647e-03 8.135623417e-04-5.249841486e-03-1.141343253e-02-1.759218521e-02
-2.368962217e-02-2.959916355e-02-3.520618888e-02-4.039080287e-02-4.503123677e-02
-4.900775171e-02-5.220684956e-02-5.452554670e-02-5.587543656e-02-5.618626381e-02
-5.540875986e-02-5.351654484e-02-5.050697977e-02-4.640094553e-02-4.124161961e-02
-3.509240839e-02-2.803426006e-02-2.016262728e-02-1.158436739e-02-2.414864568e-03
 7.224360104e-03 1.720731075e-02 2.740423724e-02 3.768123063e-02 4.789856697e-02
 5.801231052e-02 6.797104718e-02 7.769315723e-02 8.705849781e-02 9.590384591e-02
 1.040289832e-01 1.112196030e-01 1.172852716e-01 1.221010497e-01 1.256383118e-01
 1.279724745e-01 1.292622826e-01 1.297085401e-01 1.295114727e-01 1.288433143e-01
 1.278391991e-01 1.265997252e-01 1.251978655e-01 1.236861056e-01 1.221049579e-01
 4.609639449e-03 1.044168022e-02 1.862245621e-02 2.914851842e-02 4.127109770e-02
 4.750140614e-02 4.574381063e-02 4.303093486e-02 3.996716340e-02 3.654164780e-02
 3.275182942e-02 2.860406720e-02 2.411067258e-02 1.929109482e-02 1.417309788e-02
 8.793860030e-03 3.200912743e-03-2.547175772e-03-8.380473943e-03-1.421781796e-02
-1.996749112e-02-2.552851966e-02-3.079261902e-02-3.564677824e-02-3.997641599e-02
-4.366898336e-02-4.661783403e-02-4.872613810e-02-4.991059018e-02-5.010465991e-02
-4.926115742e-02-4.735393561e-02-4.437862066e-02-4.035234412e-02-3.531253331e-02
-2.931489249e-02-2.243076657e-02-1.474411728e-02-6.348358539e-03 2.656702273e-03
 1.216757694e-02 2.207921717e-02 3.228624969e-02 4.268288637e-02 5.320862056e-02
 6.387345104e-02 7.467011520e-02 8.555640217e-02 9.642212449e-02 1.070345314e-01
 1.169822767e-01 1.257088385e-01 1.326737130e-01 1.375008090e-01 1.400985021e-01
 1.407275868e-01 1.399237462e-01 1.382706638e-01 1.361989932e-01 1.339593154e-01
 1.316817508e-01 1.294295893e-01 1.272311721e-01 1.250971458e-01 1.230330715e-01
 4.636693230e-03 1.050352914e-02 1.873399696e-02 2.932554020e-02 4.153789477e-02
 4.788234246e-02 4.622279700e-02 4.365448314e-02 4.075810763e-02 3.752732069e-02
 3.395833640e-02 3.005870099e-02 2.584155864e-02 2.132672305e-02 1.654172193e-02
 1.152275752e-02 6.315510002e-03 9.757004310e-04-4.430675532e-03-9.827530135e-03
-1.512935890e-02-2.024246484e-02-2.506675633e-02-2.949810281e-02-3.343118499e-02
-3.676272585e-02-3.939494236e-02-4.123902039e-02-4.221839361e-02-4.227160636e-02
-4.135456094e-02-3.944199218e-02-3.652807079e-02-3.262610560e-02-2.776738392e-02
-2.199925110e-02-1.538257589e-02-7.988773470e-03 1.034409014e-04 8.811417202e-03
 1.805195089e-02 2.774464386e-02 3.781531166e-02 4.819964420e-02 5.895120984e-02
 7.015506904e-02 8.191968599e-02 9.438117447e-02 1.077044478e-01 1.220672774e-01
 1.374830654e-01 1.504124860e-01 1.605676176e-01 1.658013056e-01 1.656615489e-01
 1.609764557e-01 1.541533408e-01 1.482820840e-01 1.432570074e-01 1.389171629e-01
 1.351227391e-01 1.317602735e-01 1.287403292e-01 1.259932774e-01 1.234579322e-01
 4.668596377e-03 1.057645031e-02 1.886549545e-02 2.953404429e-02 4.181344467e-02
 4.820639823e-02 4.679905943e-02 4.438926789e-02 4.168935196e-02 3.868729688e-02
 3.537790754e-02 3.176978845e-02 2.787683269e-02 2.371908994e-02 1.932363247e-02
 1.472534840e-02 9.967591495e-03 5.102612111e-03 1.916929306e-04-4.695083638e-03
-9.479498655e-03-1.407633386e-02-1.839499903e-02-2.234163057e-02-2.582160280e-02
-2.874235144e-02-3.101637079e-02-3.256421619e-02-3.331732626e-02-3.322047931e-02
-3.223371610e-02-3.033359567e-02-2.751369927e-02-2.378435246e-02-1.917159132e-02
-1.371544725e-02-7.467659298e-03-4.889391003e-04 7.154092948e-03 1.539221181e-02
 2.415709846e-02 3.338510385e-02 4.302142164e-02 5.307538289e-02 6.364589023e-02
 7.487149545e-02 8.695129831e-02 1.001800601e-01 1.150077695e-01 1.321351210e-01
 1.525254261e-01 1.702852868e-01 1.818310290e-01 1.864494899e-01 1.836432714e-01
 1.744500015e-01 1.625483197e-01 1.535120439e-01 1.464745184e-01 1.408121000e-01
 1.361190213e-01 1.321285094e-01 1.286603002e-01 1.255891401e-01 1.228319516e-01
 4.703428693e-03 1.065606119e-02 1.900907610e-02 2.976210450e-02 4.219688996e-02
 4.882711986e-02 4.739849021e-02 4.519102608e-02 4.270584260e-02 3.995220367e-02
 3.692813750e-02 3.363956903e-02 3.010127431e-02 2.633347889e-02 2.236260492e-02
 1.822192464e-02 1.395207039e-02 9.601343250e-03 5.225759710e-03 8.887791734e-04
-3.339335689e-03-7.382557020e-03-1.116053662e-02-1.459043703e-02-1.758909596e-02
-2.007543814e-02-2.197301856e-02-2.321255830e-02-2.373432158e-02-2.349018368e-02
-2.244525418e-02-2.057894840e-02-1.788543816e-02-1.437345750e-02-1.006548338e-02
-4.996350596e-03 7.886116785e-04 7.235820463e-03 1.428596035e-02 2.187671520e-02
 2.994569180e-02 3.843360331e-02 4.728791826e-02 5.655857620e-02 6.632098769e-02
 7.667832656e-02 8.777209627e-02 9.979870592e-02 1.130391120e-01 1.279418284e-01
 1.460664953e-01 1.625916016e-01 1.738244444e-01 1.759167475e-01 1.732969494e-01
 1.660067212e-01 1.560395472e-01 1.486729271e-01 1.426726841e-01 1.376537431e-01
 1.333715737e-01 1.296536882e-01 1.263742751e-01 1.234398325e-01 1.207760157e-01
 4.739034969e-03 1.073746699e-02 1.915599014e-02 2.999531575e-02 4.249627794e-02
 4.917417258e-02 4.805164018e-02 4.601584275e-02 4.375140275e-02 4.125411452e-02
 3.852532516e-02 3.556800670e-02 3.239736372e-02 2.903345197e-02 2.550172551e-02
 2.183351866e-02 1.806640911e-02 1.424440913e-02 1.041793387e-02 6.643500971e-03
 2.983125653e-03-4.966104644e-04-3.725819138e-03-6.632873157e-03-9.146235796e-03
-1.119648062e-02-1.271840774e-02-1.365314582e-02-1.395012092e-02-1.356877492e-02
-1.247992913e-02-1.066671128e-02-8.124994981e-03-4.863336106e-03-9.024270047e-04
 3.725876758e-03 8.979874714e-03 1.480958186e-02 2.115841483e-02 2.796487752e-02
 3.516410626e-02 4.268910755e-02 5.051420079e-02 5.865832806e-02 6.714306712e-02
 7.598957042e-02 8.521106192e-02 9.479596752e-02 1.046704608e-01 1.146170427e-01
 1.241350086e-01 1.324043837e-01 1.386177888e-01 1.423223532e-01 1.434690803e-01
 1.424375796e-01 1.399841033e-01 1.368931604e-01 1.336570336e-01 1.305029759e-01
 1.275189710e-01 1.247291231e-01 1.221293811e-01 1.197042150e-01 1.174354187e-01
 4.773031427e-03 1.081528766e-02 1.929669264e-02 3.021929619e-02 4.282735183e-02
 4.963871248e-02 4.866233345e-02 4.681485269e-02 4.476729273e-02 4.252177797e-02
 4.008287706e-02 3.745544838e-02 3.465070565e-02 3.168844981e-02 2.859298214e-02
 2.539347548e-02 2.212423144e-02 1.882478458e-02 1.553981650e-02 1.231884633e-02
 9.215672977e-03 6.287555654e-03 3.594135065e-03 1.196115031e-03-8.462563707e-04
-2.474848521e-03-3.635379120e-03-4.279128953e-03-4.364550258e-03-3.858680914e-03
-2.738287258e-03-9.906763322e-04 1.385857622e-03 4.381959891e-03 7.977493706e-03
 1.214212113e-02 1.683611234e-02 2.201128807e-02 2.761198074e-02 3.357588265e-02
 3.983463295e-02 4.632560617e-02 5.303688243e-02 5.995363699e-02 6.705459760e-02
 7.430668569e-02 8.165694570e-02 8.902105722e-02 9.626900730e-02 1.032124205e-01
 1.096050694e-01 1.151713800e-01 1.196637538e-01 1.229249674e-01 1.249276609e-01
 1.257781338e-01 1.256828724e-01 1.248889593e-01 1.236263342e-01 1.220763394e-01
 1.203673292e-01 1.185840445e-01 1.167797654e-01 1.149866786e-01 1.132280960e-01
 4.802695392e-03 1.088344417e-02 1.942056062e-02 3.041780852e-02 4.316007335e-02
 5.016628904e-02 4.920717284e-02 4.753812231e-02 4.569366322e-02 4.368562782e-02
 4.152133356e-02 3.920845930e-02 3.675525093e-02 3.417936711e-02 3.150365546e-02
 2.875487632e-02 2.596387131e-02 2.316560205e-02 2.039902956e-02 1.770681100e-02
 1.513479738e-02 1.273132590e-02 1.054631220e-02 8.630160867e-03 7.032526502e-03
 5.800970325e-03 4.979568424e-03 4.607534970e-03 4.717926444e-03 5.336490073e-03
 6.480711154e-03 8.159100250e-03 1.037074348e-02 1.310511870e-02 1.634215930e-02
 2.005252722e-02 2.419803987e-02 2.873218053e-02 3.360061730e-02 3.874161332e-02
 4.408603827e-02 4.960861326e-02 5.528181210e-02 6.107324163e-02 6.694335380e-02
 7.284263614e-02 7.870845698e-02 8.446211634e-02 9.000724958e-02 9.523137647e-02
 1.000125309e-01 1.042317663e-01 1.077897597e-01 1.106230637e-01 1.127147380e-01
 1.140957603e-01 1.148368271e-01 1.150335325e-01 1.147899769e-01 1.142054562e-01
 1.133664647e-01 1.123436857e-01 1.111923411e-01 1.099540768e-01 1.086509880e-01
 4.824624612e-03 1.093439767e-02 1.951458129e-02 3.057097938e-02 4.334387958e-02
 5.034567187e-02 4.966624856e-02 4.812885980e-02 4.646671501e-02 4.467438680e-02
 4.276136735e-02 4.073756042e-02 3.861315811e-02 3.639981500e-02 3.411859040e-02
 3.179357166e-02 2.945198385e-02 2.712418528e-02 2.484352940e-02 2.264607751e-02
 2.057015467e-02 1.865574822e-02 1.694375680e-02 1.547510661e-02 1.428976068e-02
 1.342565525e-02 1.291760383e-02 1.279621429e-02 1.308686454e-02 1.380878041e-02
 1.497425197e-02 1.658801500e-02 1.864681195e-02 2.113913330e-02 2.404512468e-02
 2.733663274e-02 3.097736471e-02 3.492309683e-02 3.912205905e-02 4.351608442e-02
 4.807678966e-02 5.277306069e-02 5.757039019e-02 6.243006558e-02 6.730836820e-02
 7.215588041e-02 7.691709051e-02 8.153059466e-02 8.593026560e-02 9.004772940e-02
 9.381630007e-02 9.717613201e-02 1.000798441e-01 1.024974646e-01 1.044194885e-01
 1.058572275e-01 1.068403525e-01 1.074122837e-01 1.076245809e-01 1.075315389e-01
 1.071858568e-01 1.066357474e-01 1.059234236e-01 1.050847799e-01 1.041553538e-01
 4.834137233e-03 1.095774904e-02 1.956072701e-02 3.065228279e-02 4.350962790e-02
 5.066185977e-02 4.994399088e-02 4.852361170e-02 4.701778408e-02 4.541348273e-02
 4.372387706e-02 4.196030323e-02 4.013386753e-02 3.825579531e-02 3.634026840e-02
 3.440843203e-02 3.248375977e-02 3.059203219e-02 2.876118729e-02 2.702104671e-02
 2.540292151e-02 2.393910414e-02 2.266225691e-02 2.160471150e-02 2.079769911e-02
 2.027053501e-02 2.004978496e-02 2.015844255e-02 2.061514731e-02 2.143347071e-02
 2.262129142e-02 2.418027274e-02 2.610544877e-02 2.838492707e-02 3.099969499e-02
 3.392344066e-02 3.712262095e-02 4.055551683e-02 4.418609292e-02 4.798690959e-02
 5.192767503e-02 5.597467311e-02 6.009050951e-02 6.423422168e-02 6.836165085e-02
 7.242594670e-02 7.637832930e-02 8.016937930e-02 8.375089218e-02 8.707804064e-02
 9.011154482e-02 9.281963067e-02 9.517961557e-02 9.717897084e-02 9.881571170e-02
 1.000980080e-01 1.010430148e-01 1.016750626e-01 1.020234703e-01 1.021202914e-01
 1.019982728e-01 1.016892142e-01 1.012228006e-01 1.006258405e-01 9.992040259e-02
 4.824548184e-03 1.093848728e-02 1.953271481e-02 3.062142126e-02 4.347509494e-02
 5.062976904e-02 5.001695248e-02 4.865220370e-02 4.726183872e-02 4.581578646e-02
 4.432246043e-02 4.279288285e-02 4.123721987e-02 3.966556715e-02 3.808852976e-02
 3.652067433e-02 3.498161568e-02 3.349268583e-02 3.207671870e-02 3.075775121e-02
 2.956065285e-02 2.851069188e-02 2.763304690e-02 2.695227393e-02 2.649174121e-02
 2.627304532e-02 2.631542204e-02 2.663516548e-02 2.724507386e-02 2.815394009e-02
 2.936609807e-02 3.088101278e-02 3.269286002e-02 3.479024415e-02 3.715628503e-02
 3.976695588e-02 4.259740784e-02 4.563041276e-02 4.884437305e-02 5.221454436e-02
 5.571200597e-02 5.930215325e-02 6.294336753e-02 6.658980075e-02 7.019456677e-02
 7.371080025e-02 7.708993749e-02 8.028426607e-02 8.325201536e-02 8.596090696e-02
 8.838948327e-02 9.052648356e-02 9.236907579e-02 9.392088072e-02 9.519038451e-02
 9.618986135e-02 9.693463938e-02 9.744249179e-02 9.773301357e-02 9.782694494e-02
 9.774547310e-02 9.750957184e-02 9.713943346e-02 9.665398279e-02 9.606946383e-02
 4.786937599e-03 1.085571322e-02 1.939196040e-02 3.041684345e-02 4.319385253e-02
 5.026605374e-02 4.971591966e-02 4.837105444e-02 4.707602574e-02 4.576649737e-02
 4.445537225e-02 4.314726586e-02 4.184747066e-02 4.056280768e-02 3.930169402e-02
 3.807398386e-02 3.689393027e-02 3.577898841e-02 3.474750690e-02 3.381836712e-02
 3.301062317e-02 3.234313879e-02 3.183422142e-02 3.150125811e-02 3.136035998e-02
 3.142602130e-02 3.171079010e-02 3.222491626e-02 3.297600740e-02 3.396873030e-02
 3.520463792e-02 3.668215795e-02 3.839542296e-02 4.033279821e-02 4.248805221e-02
 4.485413579e-02 4.742140868e-02 5.017875039e-02 5.311260817e-02 5.620574036e-02
 5.943430888e-02 6.278129133e-02 6.624032017e-02 6.958280181e-02 7.286933212e-02
 7.608357625e-02 7.912426400e-02 8.191661714e-02 8.440731182e-02 8.657190197e-02
 8.841380622e-02 8.995529354e-02 9.122582397e-02 9.225380619e-02 9.306332949e-02
 9.367405649e-02 9.410237135e-02 9.436269651e-02 9.446851162e-02 9.443296303e-02
 9.426911832e-02 9.398997374e-02 9.360832208e-02 9.313668510e-02 9.259270422e-02
 4.713243739e-03 1.068824098e-02 1.909290583e-02 2.995168724e-02 4.259153124e-02
 4.959541478e-02 4.877240427e-02 4.744456322e-02 4.624754556e-02 4.511341554e-02
 4.401632470e-02 4.294787797e-02 4.190878533e-02 4.090475681e-02 3.994423292e-02
 3.903717321e-02 3.819440627e-02 3.742990175e-02 3.675852411e-02 3.619475737e-02
 3.575241570e-02 3.544438745e-02 3.528241047e-02 3.527688638e-02 3.543675240e-02
 3.576944801e-02 3.628105916e-02 3.697608369e-02 3.785714519e-02 3.892453399e-02
 4.017615073e-02 4.161464183e-02 4.324096607e-02 4.505505800e-02 4.705694381e-02
 4.924656938e-02 5.162352671e-02 5.418700436e-02 5.693586879e-02 5.986946785e-02
 6.299155436e-02 6.628425531e-02 6.957251956e-02 7.294815446e-02 7.637258988e-02
 7.972265645e-02 8.281441939e-02 8.546361464e-02 8.755914683e-02 8.909291742e-02
 9.016021812e-02 9.090205308e-02 9.142172985e-02 9.178040471e-02 9.201248308e-02
 9.213600044e-02 9.216029596e-02 9.209087755e-02 9.193210362e-02 9.168847245e-02
 9.136511956e-02 9.096789772e-02 9.050325021e-02 8.997784177e-02 8.938964463e-02
 4.606141415e-03 1.043993789e-02 1.863385486e-02 2.919364431e-02 4.135914260e-02
 4.762893535e-02 4.618783056e-02 4.535027966e-02 4.459466143e-02 4.379937622e-02
 4.299228150e-02 4.219361771e-02 4.142052552e-02 4.068855044e-02 4.001206384e-02
 3.940439100e-02 3.887785950e-02 3.844383922e-02 3.811429224e-02 3.789977563e-02
 3.780909774e-02 3.784920591e-02 3.802508598e-02 3.833968761e-02 3.879386047e-02
 3.938623108e-02 4.011668402e-02 4.098452770e-02 4.198890508e-02 4.312938648e-02
 4.440664268e-02 4.582327854e-02 4.738361313e-02 4.909354946e-02 5.096044220e-02
 5.299283704e-02 5.520013835e-02 5.759227845e-02 6.017945489e-02 6.297180273e-02
 6.597782140e-02 6.920102335e-02 7.266138463e-02 7.640084045e-02 8.048330574e-02
 8.510320146e-02 8.946076170e-02 9.256192274e-02 9.420283815e-02 9.433282758e-02
 9.356961124e-02 9.294337460e-02 9.241351285e-02 9.194183597e-02 9.151388177e-02
 9.110517450e-02 9.069504125e-02 9.026850621e-02 8.981573737e-02 8.933099685e-02
 8.881163992e-02 8.825730390e-02 8.766931467e-02 8.705040909e-02 8.640938489e-02
 4.483617282e-03 1.015831349e-02 1.812003256e-02 2.836215209e-02 4.011662831e-02
 4.586713618e-02 4.387998086e-02 4.313776788e-02 4.269086183e-02 4.214951047e-02
 4.156975867e-02 4.098948361e-02 4.043837501e-02 3.994031536e-02 3.951492997e-02
 3.917849595e-02 3.894446832e-02 3.882379133e-02 3.882509634e-02 3.895451869e-02
 3.921553714e-02 3.960883565e-02 4.013225781e-02 4.078091526e-02 4.154753565e-02
 4.242314730e-02 4.339822126e-02 4.446370283e-02 4.561221938e-02 4.683929647e-02
 4.814438909e-02 4.953156493e-02 5.100965242e-02 5.259170443e-02 5.429397523e-02
 5.613547870e-02 5.813758982e-02 6.032242962e-02 6.271154035e-02 6.532597337e-02
 6.818881894e-02 7.133097853e-02 7.479982243e-02 7.867216700e-02 8.307548486e-02
 8.817672451e-02 9.281484406e-02 9.598470261e-02 9.769456648e-02 9.789754983e-02
 9.649760903e-02 9.445343110e-02 9.297388605e-02 9.183728259e-02 9.089446641e-02
 9.006196100e-02 8.929122354e-02 8.855343736e-02 8.783133391e-02 8.711460072e-02
 8.639720388e-02 8.567577306e-02 8.494857632e-02 8.421469502e-02 8.347323047e-02
 4.358391730e-03 9.877486364e-03 1.762708969e-02 2.760946954e-02 3.909635689e-02
 4.460179098e-02 4.227112072e-02 4.143580559e-02 4.091547129e-02 4.038613174e-02
 3.986824164e-02 3.938915859e-02 3.897478560e-02 3.864805972e-02 3.842845054e-02
 3.833189149e-02 3.837087563e-02 3.855455895e-02 3.888877213e-02 3.937587623e-02
 4.001448304e-02 4.079909239e-02 4.171974973e-02 4.276188520e-02 4.390655069e-02
 4.513129285e-02 4.641183524e-02 4.772454163e-02 4.904940711e-02 5.037302733e-02
 5.169087931e-02 5.300816465e-02 5.433972369e-02 5.571866876e-02 5.717201983e-02
 5.871825595e-02 6.041447659e-02 6.229860145e-02 6.440677820e-02 6.676274648e-02
 6.936766043e-02 7.224124467e-02 7.540424824e-02 7.887552148e-02 8.267256124e-02
 8.687566803e-02 9.069680782e-02 9.343705279e-02 9.506098578e-02 9.550363923e-02
 9.467293779e-02 9.320635220e-02 9.195081237e-02 9.079681841e-02 8.971306493e-02
 8.867835728e-02 8.768023852e-02 8.671159631e-02 8.576827244e-02 8.484761306e-02
 8.394766736e-02 8.306677041e-02 8.220332592e-02 8.135558005e-02 8.051689606e-02
 4.220525714e-03 9.573301413e-03 1.710463653e-02 2.683119661e-02 3.800422327e-02
 4.314583199e-02 4.071586805e-02 3.962989816e-02 3.895051310e-02 3.831066382e-02
 3.773953641e-02 3.726455716e-02 3.691065121e-02 3.669931253e-02 3.664813485e-02
 3.677079686e-02 3.707730846e-02 3.757427714e-02 3.826498058e-02 3.914909719e-02
 4.022202000e-02 4.147374770e-02 4.288743320e-02 4.443781878e-02 4.609003356e-02
 4.779955109e-02 4.951433798e-02 5.118002698e-02 5.274802846e-02 5.418486367e-02
 5.547652462e-02 5.663087240e-02 5.773826921e-02 5.878943264e-02 5.984122241e-02
 6.094155885e-02 6.217941939e-02 6.360964706e-02 6.528718138e-02 6.724797607e-02
 6.948806453e-02 7.201532304e-02 7.481140376e-02 7.781848152e-02 8.092830793e-02
 8.397079920e-02 8.672230596e-02 8.895899164e-02 9.052389100e-02 9.135545683e-02
 9.149914408e-02 9.109708932e-02 9.032424822e-02 8.932649624e-02 8.820558838e-02
 8.702833054e-02 8.583746849e-02 8.465950951e-02 8.351009609e-02 8.239770528e-02
 8.132617494e-02 8.029640327e-02 7.930748142e-02 7.835764323e-02 7.745319626e-02
 4.039527196e-03 9.178099101e-03 1.643518061e-02 2.584965712e-02 3.673724863e-02
 4.164911027e-02 3.875509520e-02 3.737071435e-02 3.643151383e-02 3.558815829e-02
 3.487984967e-02 3.434018276e-02 3.399693436e-02 3.387096481e-02 3.397641872e-02
 3.432206049e-02 3.491305735e-02 3.575247951e-02 3.684205310e-02 3.818199775e-02
 3.976990788e-02 4.159857680e-02 4.365251880e-02 4.590288677e-02 4.830081060e-02
 5.077039228e-02 5.320514773e-02 5.547482263e-02 5.744912878e-02 5.902774480e-02
 6.024185750e-02 6.109884579e-02 6.167305565e-02 6.208498843e-02 6.244521167e-02
 6.285009148e-02 6.338297918e-02 6.412092860e-02 6.514203854e-02 6.652627036e-02
 6.834316575e-02 7.062735800e-02 7.335382012e-02 7.642865134e-02 7.969682580e-02
 8.295449374e-02 8.596026690e-02 8.845830663e-02 9.022848553e-02 9.115255523e-02
 9.125429596e-02 9.067948193e-02 8.962907104e-02 8.829302333e-02 8.681668347e-02
 8.529724830e-02 8.379390963e-02 8.233993268e-02 8.095222356e-02 7.963782605e-02
 7.839801839e-02 7.723079893e-02 7.613236285e-02 7.509778749e-02 7.411109235e-02
 3.758632033e-03 8.569046273e-03 1.541804717e-02 2.439514165e-02 3.483575009e-02
 3.931144766e-02 3.611153809e-02 3.430645687e-02 3.294037879e-02 3.179227332e-02
 3.086533445e-02 3.021049284e-02 2.986239075e-02 2.983761522e-02 3.013685087e-02
 3.075258608e-02 3.167688616e-02 3.290603061e-02 3.444185069e-02 3.629111896e-02
 3.846413878e-02 4.097278045e-02 4.382715384e-02 4.702875799e-02 5.055587005e-02
 5.433433083e-02 5.818845364e-02 6.179037996e-02 6.468400383e-02 6.655560111e-02
 6.731277494e-02 6.715227192e-02 6.648174767e-02 6.563913099e-02 6.482545594e-02
 6.413726891e-02 6.361727033e-02 6.329931872e-02 6.325982467e-02 6.368360658e-02
 6.487183835e-02 6.707418329e-02 7.029784188e-02 7.430681433e-02 7.880322719e-02
 8.353920520e-02 8.820452184e-02 9.223578260e-02 9.486268389e-02 9.558601117e-02
 9.458174277e-02 9.254160577e-02 9.012819344e-02 8.770211985e-02 8.540478335e-02
 8.327739236e-02 8.132273337e-02 7.953053749e-02 7.788709292e-02 7.637865594e-02
 7.499247687e-02 7.371693169e-02 7.254137427e-02 7.145607244e-02 7.045740480e-02
 3.279919792e-03 7.514119838e-03 1.362927262e-02 2.183259378e-02 3.165064160e-02
 3.592746003e-02 3.305526131e-02 3.022753738e-02 2.807666660e-02 2.635989503e-02
 2.506861467e-02 2.425116957e-02 2.395948591e-02 2.417592998e-02 2.482994849e-02
 2.585166503e-02 2.720237020e-02 2.887360698e-02 3.087650690e-02 3.323401727e-02
 3.597838087e-02 3.915319071e-02 4.281918476e-02 4.706345661e-02 5.201161676e-02
 5.783690844e-02 6.472199210e-02 7.247402128e-02 7.896221485e-02 8.142351337e-02
 7.944437607e-02 7.532599825e-02 7.158754759e-02 6.863260687e-02 6.631594046e-02
 6.444680748e-02 6.284166949e-02 6.129663515e-02 5.951605860e-02 5.688847804e-02
 5.568140113e-02 5.784054973e-02 6.375291690e-02 7.055050692e-02 7.711858074e-02
 8.428254617e-02 9.298260048e-02 1.053204544e-01 1.118492066e-01 1.109763069e-01
 1.021151979e-01 9.499055071e-02 8.992015588e-02 8.601476421e-02 8.283969545e-02
 8.016181084e-02 7.784600952e-02 7.580899910e-02 7.399677491e-02 7.237272792e-02
 7.091087068e-02 6.959153425e-02 6.839835890e-02 6.731682543e-02 6.633747857e-02
 2.520366065e-03 5.752931927e-03 1.039744426e-02 1.667299792e-02 2.454050975e-02
 2.804419475e-02 2.542383037e-02 2.294455903e-02 2.067071565e-02 1.837896979e-02
 1.630361052e-02 1.510635371e-02 1.530447399e-02 1.650024269e-02 1.803907549e-02
 1.971223216e-02 2.156194864e-02 2.365888217e-02 2.606649238e-02 2.883489032e-02
 3.200646068e-02 3.562820516e-02 3.976841497e-02 4.453889908e-02 5.013095135e-02
 5.688868677e-02 6.549065272e-02 7.756022512e-02 8.922914989e-02 9.226004196e-02
 8.622770902e-02 7.724597723e-02 7.177916125e-02 6.803333299e-02 6.528551077e-02
 6.315311426e-02 6.139203810e-02 5.981454282e-02 5.826816901e-02 5.681392046e-02
 5.659440429e-02 5.852571166e-02 6.251750665e-02 6.774015309e-02 7.334889089e-02
 7.946937090e-02 8.633541926e-02 9.336889834e-02 9.802171529e-02 9.806918945e-02
 9.375928538e-02 8.862346860e-02 8.428795958e-02 8.070463040e-02 7.768501301e-02
 7.508833278e-02 7.281848028e-02 7.080866490e-02 6.902095970e-02 6.741965568e-02
 6.599008554e-02 6.471912196e-02 6.359592062e-02 6.259325156e-02 6.168883486e-02
 1.632877996e-03 3.634633360e-03 6.288246431e-03 9.326666172e-03 1.218168962e-02
 1.407807473e-02 1.464131146e-02 1.409456009e-02 1.267919549e-02 1.026308732e-02
 6.945018370e-03 5.389635809e-03 6.053838299e-03 9.076635930e-03 1.128786127e-02
 1.319773652e-02 1.516217423e-02 1.740153754e-02 2.003484515e-02 2.309435692e-02
 2.655928968e-02 3.039764900e-02 3.459355986e-02 3.915307451e-02 4.409139021e-02
 4.939497883e-02 5.492811481e-02 6.024804092e-02 6.449295413e-02 6.683078162e-02
 6.710042578e-02 6.596420199e-02 6.427944674e-02 6.259233932e-02 6.109629098e-02
 5.984546558e-02 5.885085009e-02 5.811904172e-02 5.771464504e-02 5.775536416e-02
 5.841180879e-02 5.980844535e-02 6.193741953e-02 6.466649169e-02 6.778736422e-02
 7.107266024e-02 7.423544772e-02 7.687897658e-02 7.855971813e-02 7.898643515e-02
 7.821690563e-02 7.661147489e-02 7.458574073e-02 7.243255763e-02 7.030763382e-02
 6.828376859e-02 6.639090492e-02 6.464060443e-02 6.303708815e-02 6.158049653e-02
 6.026945244e-02 5.910400808e-02 5.810731251e-02 5.725098118e-02 5.651698197e-02
 9.445320806e-04 2.059959131e-03 3.466302962e-03 4.991282868e-03 6.418725122e-03
 7.531884059e-03 8.173035885e-03 8.276230761e-03 7.873711872e-03 7.043191246e-03
 6.071552144e-03 5.386878938e-03 5.289036224e-03 5.617970538e-03 6.076400084e-03
 6.637575301e-03 7.638323177e-03 9.511325840e-03 1.240519844e-02 1.607154143e-02
 2.011829488e-02 2.430056780e-02 2.852471736e-02 3.275605916e-02 3.696023605e-02
 4.106989469e-02 4.496348818e-02 4.846232886e-02 5.136412027e-02 5.351545298e-02
 5.488331297e-02 5.557067417e-02 5.576468737e-02 5.566291912e-02 5.542732864e-02
 5.517549466e-02 5.499195439e-02 5.494348607e-02 5.509009323e-02 5.548766181e-02
 5.618076834e-02 5.718865915e-02 5.849235558e-02 6.003005289e-02 6.170124390e-02
 6.337472514e-02 6.489807859e-02 6.611327720e-02 6.688390960e-02 6.712875646e-02
 6.684368017e-02 6.609586676e-02 6.499379537e-02 6.365291861e-02 6.217389295e-02
 6.063595131e-02 5.909928315e-02 5.761005925e-02 5.620457781e-02 5.491135633e-02
 5.375127239e-02 5.273510106e-02 5.191904684e-02 5.126166927e-02 5.072834457e-02
 5.351704405e-04 1.161444571e-03 1.946706338e-03 2.803967425e-03 3.635619471e-03
 4.347756153e-03 4.865897847e-03 5.151372977e-03 5.206247313e-03 5.052261195e-03
 4.741217435e-03 4.318490749e-03 3.771230988e-03 2.936830589e-03 1.480700582e-03
-1.203225193e-03-4.243565142e-03-3.211548384e-03 1.835060373e-03 8.913059813e-03
 1.435299904e-02 1.904652762e-02 2.331222036e-02 2.728166804e-02 3.100043764e-02
 3.446475528e-02 3.763983249e-02 4.047465134e-02 4.291852387e-02 4.493875387e-02
 4.653424162e-02 4.773940881e-02 4.861725373e-02 4.924602220e-02 4.970609113e-02
 5.007132369e-02 5.040539496e-02 5.076123296e-02 5.118126135e-02 5.169679162e-02
 5.232601002e-02 5.307112744e-02 5.391598710e-02 5.482541274e-02 5.574696810e-02
 5.661517644e-02 5.735802885e-02 5.790550548e-02 5.819921309e-02 5.820109246e-02
 5.789848699e-02 5.730380635e-02 5.644935440e-02 5.537998170e-02 5.414660689e-02
 5.280241141e-02 5.140180190e-02 5.000093382e-02 4.865783940e-02 4.742999723e-02
 4.636800510e-02 4.550574654e-02 4.490800703e-02 4.453153902e-02 4.433624793e-02
 3.149679602e-04 6.857978884e-04 1.156556938e-03 1.683075685e-03 2.216901619e-03
 2.711083764e-03 3.125682541e-03 3.434596245e-03 3.637452285e-03 3.711056172e-03
 3.652823018e-03 3.455721121e-03 3.092177052e-03 2.485116364e-03 1.574243775e-03
 4.966919796e-04-4.814757324e-05 1.112804322e-03 4.200260420e-03 8.383227305e-03
 1.260595703e-02 1.658126238e-02 2.029617121e-02 2.376328293e-02 2.698231921e-02
 2.994148729e-02 3.262553542e-02 3.502252524e-02 3.712761065e-02 3.894475966e-02
 4.048758956e-02 4.177940174e-02 4.285192981e-02 4.374275545e-02 4.449201427e-02
 4.513920914e-02 4.572064936e-02 4.626759018e-02 4.680485777e-02 4.734970110e-02
 4.791075535e-02 4.848720888e-02 4.906842255e-02 4.963428488e-02 5.015650184e-02
 5.060086627e-02 5.093037599e-02 5.110888387e-02 5.110477696e-02 5.089405873e-02
 5.046226334e-02 4.980493649e-02 4.892690570e-02 4.784104627e-02 4.656755973e-02
 4.513488589e-02 4.358331290e-02 4.197195504e-02 4.038805013e-02 3.895223497e-02
 3.780441535e-02 3.705857999e-02 3.674873618e-02 3.684571850e-02 3.722897490e-02
 1.996200202e-04 4.376988898e-04 7.460285941e-04 1.101856523e-03 1.480191303e-03
 1.856427414e-03 2.208776306e-03 2.523656034e-03 2.802142889e-03 3.025039559e-03
 3.191159500e-03 3.317987289e-03 3.418314798e-03 3.519458885e-03 3.696633121e-03
 4.082723952e-03 4.859377790e-03 6.188951002e-03 8.120600460e-03 1.056137929e-02
 1.333926032e-02 1.628603581e-02 1.926818707e-02 2.217478923e-02 2.490565167e-02
 2.738309199e-02 2.957411414e-02 3.149265263e-02 3.317646250e-02 3.466236422e-02
 3.597731089e-02 3.714077631e-02 3.816929198e-02 3.907925537e-02 3.988774644e-02
 4.061208465e-02 4.126881077e-02 4.187252052e-02 4.243476538e-02 4.296311640e-02
 4.346044407e-02 4.392446752e-02 4.434763617e-02 4.471739992e-02 4.501689261e-02
 4.522599825e-02 4.532270200e-02 4.528456075e-02 4.509007879e-02 4.471975993e-02
 4.415664639e-02 4.338624822e-02 4.239590542e-02 4.117379408e-02 3.970801795e-02
 3.798666139e-02 3.600075667e-02 3.375506751e-02 3.130002307e-02 2.882065359e-02
 2.682206468e-02 2.605194222e-02 2.663831642e-02 2.798180810e-02 2.951325877e-02
 1.393116579e-04 3.080868572e-04 5.316812657e-04 7.984369676e-04 1.095594109e-03
 1.410671957e-03 1.732968971e-03 2.058998363e-03 2.393191071e-03 2.727083937e-03
 3.068395495e-03 3.439799770e-03 3.856690853e-03 4.350772559e-03 4.969764507e-03
 5.772172270e-03 6.818544904e-03 8.157581711e-03 9.813207413e-03 1.178093449e-02
 1.403712214e-02 1.655119894e-02 1.928169353e-02 2.213358952e-02 2.480039064e-02
 2.689280345e-02 2.835177526e-02 2.945781670e-02 3.047362243e-02 3.146735348e-02
 3.243626634e-02 3.336537869e-02 3.424280973e-02 3.506205047e-02 3.582112624e-02
 3.652115977e-02 3.716494421e-02 3.775567814e-02 3.829590236e-02 3.878664958e-02
 3.922681235e-02 3.961273385e-02 3.993802439e-02 4.019359889e-02 4.036791483e-02
 4.044736810e-02 4.041677749e-02 4.025986245e-02 3.995959751e-02 3.949831172e-02
 3.885739150e-02 3.801642843e-02 3.695160825e-02 3.563301878e-02 3.402028265e-02
 3.205532181e-02 2.964972985e-02 2.666110348e-02 2.284460332e-02 1.774800137e-02
 1.083696164e-02 9.089341039e-03 1.413311591e-02 1.910290803e-02 2.262140041e-02
 1.074162255e-04 2.394915242e-04 4.181008744e-04 6.373794288e-04 8.910306467e-04
 1.173149422e-03 1.478935561e-03 1.806140135e-03 2.178151859e-03 2.574330941e-03
 3.015544777e-03 3.520322746e-03 4.089906828e-03 4.747569472e-03 5.521471662e-03
 6.440919809e-03 7.532568438e-03 8.818956445e-03 1.031780856e-02 1.204325524e-02
 1.401456248e-02 1.627457162e-02 1.890269678e-02 2.213980706e-02 2.548104694e-02
 2.738152574e-02 2.781540464e-02 2.758368437e-02 2.795179419e-02 2.856055248e-02
 2.926964996e-02 3.001349877e-02 3.075655714e-02 3.147820850e-02 3.216621436e-02
 3.281330214e-02 3.341510483e-02 3.396877310e-02 3.447197498e-02 3.492215612e-02
 3.531600099e-02 3.564906418e-02 3.591555184e-02 3.610823381e-02 3.621846218e-02
 3.623626282e-02 3.615045607e-02 3.594875129e-02 3.561774929e-02 3.514277558e-02
 3.450745302e-02 3.369289877e-02 3.267638389e-02 3.142920371e-02 2.991333355e-02
 2.807611879e-02 2.584164300e-02 2.309625952e-02 1.966272020e-02 1.522889732e-02
 8.815218582e-03 7.506900497e-03 1.208414520e-02 1.644552338e-02 1.972445344e-02
 9.005418996e-05 2.020204728e-04 3.556768190e-04 5.479933295e-04 7.757149580e-04
 1.035828467e-03 1.326328350e-03 1.651741211e-03 2.027292134e-03 2.453924998e-03
 2.941377684e-03 3.492089654e-03 4.103557431e-03 4.787149666e-03 5.578571258e-03
 6.514050152e-03 7.567686092e-03 8.749895596e-03 1.007182183e-02 1.154031268e-02
 1.315862114e-02 1.492671758e-02 1.681272357e-02 1.873442935e-02 2.052303154e-02
 2.199710985e-02 2.310337849e-02 2.394729706e-02 2.468499986e-02 2.539966180e-02
 2.611221902e-02 2.681979152e-02 2.751352099e-02 2.818444363e-02 2.882502772e-02
 2.942929119e-02 2.999248225e-02 3.051065386e-02 3.098024661e-02 3.139772212e-02
 3.175926428e-02 3.206055497e-02 3.229662384e-02 3.246176590e-02 3.254951627e-02
 3.255266719e-02 3.246330910e-02 3.227287491e-02 3.197216736e-02 3.155135348e-02
 3.099992131e-02 3.030661769e-02 2.945943292e-02 2.844579866e-02 2.725338002e-02
 2.587231750e-02 2.430084243e-02 2.255856285e-02 2.071641338e-02 1.895597168e-02
 1.763445168e-02 1.717500214e-02 1.769538766e-02 1.888828628e-02 2.035408179e-02
 8.017346442e-05 1.805868539e-04 3.196500121e-04 4.956623385e-04 7.066107916e-04
 9.501589345e-04 1.223422865e-03 1.526523233e-03 1.881665889e-03 2.335689819e-03
 2.839124795e-03 3.388641655e-03 3.989709174e-03 4.641422986e-03 5.421738857e-03
 6.292611162e-03 7.247353456e-03 8.289253329e-03 9.419822833e-03 1.063637578e-02
 1.193059456e-02 1.328572176e-02 1.467134867e-02 1.604485466e-02 1.735784121e-02
 1.856903503e-02 1.965869793e-02 2.063282447e-02 2.151376102e-02 2.232617144e-02
 2.308829444e-02 2.381044203e-02 2.449693135e-02 2.514840285e-02 2.576360404e-02
 2.634033611e-02 2.687603010e-02 2.736795261e-02 2.781324221e-02 2.820892581e-02
 2.855176183e-02 2.883825453e-02 2.906457510e-02 2.922654723e-02 2.931970481e-02
 2.933926107e-02 2.928026489e-02 2.913764369e-02 2.890637405e-02 2.858170618e-02
 2.815939383e-02 2.763622646e-02 2.701065842e-02 2.628399068e-02 2.546219984e-02
 2.455883457e-02 2.359935219e-02 2.262666309e-02 2.170655090e-02 2.092791574e-02
 2.038938807e-02 2.016816670e-02 2.028510548e-02 2.069428828e-02 2.131283521e-02
 7.419071040e-05 1.676052528e-04 2.978218731e-04 4.640502534e-04 6.653794399e-04
 9.008153645e-04 1.169236710e-03 1.467951317e-03 1.820358927e-03 2.235913470e-03
 2.718303385e-03 3.231494613e-03 3.819005823e-03 4.454616143e-03 5.151158605e-03
 5.928513611e-03 6.746072374e-03 7.661403753e-03 8.614870488e-03 9.626224374e-03
 1.069041481e-02 1.175799000e-02 1.288094946e-02 1.396645792e-02 1.504142053e-02
 1.607332395e-02 1.702774172e-02 1.796397721e-02 1.880439688e-02 1.962094492e-02
 2.037770359e-02 2.107595233e-02 2.176734675e-02 2.237715751e-02 2.299196492e-02
 2.354255485e-02 2.404923554e-02 2.453737259e-02 2.493810372e-02 2.534750708e-02
 2.567106080e-02 2.595449433e-02 2.619575542e-02 2.634198563e-02 2.648609919e-02
 2.652185378e-02 2.651981794e-02 2.644815402e-02 2.627907077e-02 2.609190868e-02
 2.578363556e-02 2.544991893e-02 2.503414923e-02 2.454588593e-02 2.405219860e-02
 2.347952444e-02 2.294501826e-02 2.241252125e-02 2.191966923e-02 2.156524967e-02
 2.129012105e-02 2.121318187e-02 2.128215348e-02 2.148486710e-02 2.186648504e-02
 0.807491109E+00 0.814745940E+00 0.822948678E+00 0.831986322E+00 0.841282279E+00
 0.851077601E+00 0.861338413E+00 0.872030364E+00 0.883156988E+00 0.894778099E+00
 0.906919347E+00 0.919598990E+00 0.932841921E+00 0.946673045E+00 0.961123096E+00
 0.976228212E+00 0.992025826E+00 0.100855805E+01 0.102587076E+01 0.104400400E+01
 0.106299635E+01 0.108290015E+01 0.110377586E+01 0.112569055E+01 0.114871341E+01
 0.117291591E+01 0.119836354E+01 0.122513969E+01 0.125333472E+01 0.128305522E+01
 0.131442416E+01 0.134757187E+01 0.138260972E+01 0.141967754E+01 0.145894296E+01
 0.150059830E+01 0.154485194E+01 0.159193808E+01 0.164209346E+01 0.169559750E+01
 0.175276712E+01 0.181397215E+01 0.187964736E+01 0.195028025E+01 0.202638120E+01
 0.210856976E+01 0.219758995E+01 0.229432214E+01 0.239978610E+01 0.251514990E+01
 0.264184570E+01 0.278161691E+01 0.293661429E+01 0.310949821E+01 0.330355807E+01
 0.352306946E+01 0.377372184E+01 0.406311927E+01 0.440161355E+01 0.480464730E+01
 0.529685943E+01 0.592141801E+01 0.676732469E+01 0.808700428E+01 0.169860519E+02
  361   98
 0.578623151E+00 0.111019066E+01 0.573413182E+00 0.109654741E+01 0.568197876E+00
 0.108290621E+01 0.562968702E+00 0.106927032E+01 0.557730979E+00 0.105563770E+01
 0.552491054E+00 0.104200594E+01 0.547255302E+00 0.102837257E+01 0.542027726E+00
 0.101473606E+01 0.536808247E+00 0.100109645E+01 0.531597045E+00 0.987453680E+00
 0.526393921E+00 0.973807824E+00 0.521197944E+00 0.960159246E+00 0.516008302E+00
 0.946508257E+00 0.510825622E+00 0.932854624E+00 0.505650665E+00 0.919198062E+00
 0.500483522E+00 0.905538541E+00 0.495323282E+00 0.891876411E+00 0.490169442E+00
 0.878211865E+00 0.485024209E+00 0.864544077E+00 0.479889814E+00 0.850872213E+00
 0.474768598E+00 0.837195408E+00 0.469662856E+00 0.823512818E+00 0.464575389E+00
 0.809823424E+00 0.459510443E+00 0.796125681E+00 0.454471860E+00 0.782418220E+00
 0.449463243E+00 0.768699781E+00 0.444488874E+00 0.754968888E+00 0.439553798E+00
 0.741223825E+00 0.434663405E+00 0.727462801E+00 0.429822145E+00 0.713684417E+00
 0.425033593E+00 0.699887627E+00 0.420301038E+00 0.686071529E+00 0.415628723E+00
 0.672234945E+00 0.411021962E+00 0.658376400E+00 0.406485412E+00 0.644494714E+00
 0.402022658E+00 0.630589129E+00 0.397636366E+00 0.616659238E+00 0.393328970E+00
 0.602704750E+00 0.389103753E+00 0.588725161E+00 0.384964725E+00 0.574719814E+00
 0.380915638E+00 0.560688202E+00 0.376959613E+00 0.546630069E+00 0.373099048E+00
 0.532545423E+00 0.369335581E+00 0.518434524E+00 0.365670353E+00 0.504297789E+00
 0.362104294E+00 0.490135713E+00 0.358638257E+00 0.475948827E+00 0.355273407E+00
 0.461737602E+00 0.352011166E+00 0.447502473E+00 0.348852370E+00 0.433244033E+00
 0.345797320E+00 0.418963005E+00 0.342846068E+00 0.404660165E+00 0.339998749E+00
 0.390336273E+00 0.337255690E+00 0.375992050E+00 0.334617195E+00 0.361628226E+00
 0.332083171E+00 0.347245604E+00 0.329653126E+00 0.332845048E+00 0.327326959E+00
 0.318427348E+00 0.325105086E+00 0.303993209E+00 0.322988487E+00 0.289543257E+00
 0.320978693E+00 0.275078065E+00 0.319077250E+00 0.260598232E+00 0.317284360E+00
 0.246104557E+00 0.315599666E+00 0.231597908E+00 0.314022635E+00 0.217079160E+00
 0.312552656E+00 0.202549182E+00 0.311188664E+00 0.188008872E+00 0.309928897E+00
 0.173459160E+00 0.308771917E+00 0.158900913E+00 0.307716857E+00 0.144334925E+00
 0.306763484E+00 0.129761928E+00 0.305912194E+00 0.115182612E+00 0.305163433E+00
 0.100597671E+00 0.304517335E+00 0.860078214E-01 0.303973766E+00 0.714137923E-01
 0.303532312E+00 0.568163171E-01 0.303191667E+00 0.422161409E-01 0.302950829E+00
 0.276139770E-01 0.302809565E+00 0.130105104E-01 0.302768201E+00-0.159358052E-02
 0.302827097E+00-0.161976113E-01 0.302985947E+00-0.308008971E-01 0.303244480E+00
-0.454027584E-01 0.303602700E+00-0.600025141E-01 0.304060968E+00-0.745994718E-01
 0.304619608E+00-0.891929327E-01 0.305278835E+00-0.103782196E+00 0.306039396E+00
-0.118366526E+00 0.306902622E+00-0.132945140E+00 0.307870247E+00-0.147517196E+00
 0.308942869E+00-0.162081900E+00 0.310120022E+00-0.176638528E+00 0.311400996E+00
-0.191186389E+00 0.312785016E+00-0.205724808E+00 0.314271766E+00-0.220253081E+00
 0.315862513E+00-0.234770334E+00 0.317559292E+00-0.249275575E+00 0.319364252E+00
-0.263767751E+00 0.321279218E+00-0.278245800E+00 0.323304532E+00-0.292708827E+00
 0.325438409E+00-0.307156236E+00 0.327678849E+00-0.321587505E+00 0.330024109E+00
-0.336002111E+00 0.332472887E+00-0.350399493E+00 0.335024746E+00-0.364778963E+00
 0.337680482E+00-0.379139609E+00 0.340441163E+00-0.393480451E+00 0.343307699E+00
-0.407800508E+00 0.346280638E+00-0.422098854E+00 0.349359464E+00-0.436374775E+00
 0.352542940E+00-0.450627725E+00 0.355829793E+00-0.464857191E+00 0.359218926E+00
-0.479062645E+00 0.362709644E+00-0.493243478E+00 0.366302038E+00-0.507398895E+00
 0.369995700E+00-0.521528226E+00 0.373789602E+00-0.535630972E+00 0.377682285E+00
-0.549706774E+00 0.381671834E+00-0.563755429E+00 0.385755842E+00-0.577776917E+00
 0.389931362E+00-0.591771427E+00 0.394194888E+00-0.605739378E+00 0.398542783E+00
-0.619681300E+00 0.402972176E+00-0.633597545E+00 0.407480840E+00-0.647488311E+00
 0.412066087E+00-0.661353986E+00 0.416724295E+00-0.675195323E+00 0.421450861E+00
-0.689013468E+00 0.426240896E+00-0.702809741E+00 0.431090849E+00-0.716585066E+00
 0.435997743E+00-0.730340212E+00 0.440958122E+00-0.744076161E+00 0.445967583E+00
-0.757794289E+00 0.451020994E+00-0.771496288E+00 0.456113851E+00-0.785183675E+00
 0.461242567E+00-0.798857667E+00 0.466404089E+00-0.812519311E+00 0.471594978E+00
-0.826169823E+00 0.476811676E+00-0.839810494E+00 0.482052173E+00-0.853442039E+00
 0.487315045E+00-0.867064961E+00 0.492599429E+00-0.880679554E+00 0.497904763E+00
-0.894285996E+00 0.503231209E+00-0.907884187E+00 0.508582177E+00-0.921472748E+00
 0.513962104E+00-0.935049867E+00 0.519376169E+00-0.948613410E+00 0.524831408E+00
-0.962160442E+00 0.530338003E+00-0.975686677E+00 0.535912539E+00-0.989185045E+00
 0.541579279E+00-0.100264495E+01 0.547375008E+00-0.101604978E+01 0.553360136E+00
-0.102937104E+01 0.559641201E+00-0.104255508E+01 0.566419668E+00-0.105548952E+01
 0.574124527E+00-0.106789032E+01 0.583702935E+00-0.107888536E+01 0.596331533E+00
-0.108604520E+01 0.610789096E+00-0.108769771E+01 0.625291218E+00-0.108606249E+01
 0.639566547E+00-0.108299111E+01 0.653677712E+00-0.107923083E+01 0.667683530E+00
-0.107509405E+01 0.681618680E+00-0.107072473E+01 0.695503375E+00-0.106619751E+01
 0.709348461E+00-0.106155051E+01 0.723160157E+00-0.105680516E+01 0.736941056E+00
-0.105197110E+01 0.750691831E+00-0.104705200E+01 0.764411489E+00-0.104204678E+01
 0.778098542E+00-0.103695308E+01 0.791751064E+00-0.103176753E+01 0.805365059E+00
-0.102648169E+01 0.818934026E+00-0.102108133E+01 0.832450389E+00-0.101555066E+01
 0.845906230E+00-0.100987436E+01 0.859293087E+00-0.100403727E+01 0.872602285E+00
-0.998025236E+00 0.885824963E+00-0.991825265E+00 0.898952191E+00-0.985425706E+00
 0.911975171E+00-0.978816614E+00 0.924886152E+00-0.971991328E+00 0.937679547E+00
-0.964948112E+00 0.950349171E+00-0.957684626E+00 0.962884039E+00-0.950191022E+00
 0.975271154E+00-0.942455656E+00 0.987498855E+00-0.934470702E+00 0.999557420E+00
-0.926232559E+00 0.101143897E+01-0.917741111E+00 0.102313931E+01-0.909001648E+00
 0.103465646E+01-0.900022126E+00 0.104598778E+01-0.890809213E+00 0.105712726E+01
-0.881365254E+00 0.106806590E+01-0.871689378E+00 0.107879450E+01-0.861781134E+00
 0.108930571E+01-0.851642556E+00 0.109959493E+01-0.841278759E+00 0.110966117E+01
-0.830698233E+00 0.111950421E+01-0.819909756E+00 0.112911935E+01-0.808917702E+00
 0.113849527E+01-0.797720912E+00 0.114762149E+01-0.786319696E+00 0.115649172E+01
-0.774718208E+00 0.116510335E+01-0.762923489E+00 0.117345457E+01-0.750942975E+00
 0.118154086E+01-0.738782084E+00 0.118935486E+01-0.726444480E+00 0.119689110E+01
-0.713935272E+00 0.120414946E+01-0.701262798E+00 0.121113386E+01-0.688437284E+00
 0.121784762E+01-0.675468040E+00 0.122428848E+01-0.662361131E+00 0.123045603E+01
-0.649123408E+00 0.123635554E+01-0.635764060E+00 0.124199694E+01-0.622293668E+00
 0.124739144E+01-0.608722495E+00 0.125254730E+01-0.595058864E+00 0.125747332E+01
-0.581310688E+00 0.126218166E+01-0.567486430E+00 0.126668772E+01-0.553594903E+00
 0.127100892E+01-0.539644748E+00 0.127516209E+01-0.525643636E+00 0.127916259E+01
-0.511598126E+00 0.128302552E+01-0.497514149E+00 0.128676672E+01-0.483397339E+00
 0.129040278E+01-0.469253072E+00 0.129395010E+01-0.455086284E+00 0.129742594E+01
-0.440901779E+00 0.130084854E+01-0.426704332E+00 0.130423673E+01-0.412498627E+00
 0.130760672E+01-0.398288595E+00 0.131096490E+01-0.384075767E+00 0.131431604E+01
-0.369861275E+00 0.131766625E+01-0.355646566E+00 0.132102337E+01-0.341433487E+00
 0.132439408E+01-0.327223627E+00 0.132777884E+01-0.313017104E+00 0.133117713E+01
-0.298813812E+00 0.133458810E+01-0.284613561E+00 0.133800960E+01-0.270415842E+00
 0.134143436E+01-0.256218911E+00 0.134484833E+01-0.242019379E+00 0.134823552E+01
-0.227813439E+00 0.135157828E+01-0.213596983E+00 0.135485694E+01-0.199365615E+00
 0.135805221E+01-0.185115298E+00 0.136114519E+01-0.170842441E+00 0.136411409E+01
-0.156543273E+00 0.136693355E+01-0.142213911E+00 0.136957482E+01-0.127850661E+00
 0.137201168E+01-0.113451345E+00 0.137421975E+01-0.990152031E-01 0.137617376E+01
-0.845425142E-01 0.137784788E+01-0.700348185E-01 0.137921792E+01-0.554952839E-01
 0.138026897E+01-0.409292320E-01 0.138099027E+01-0.263431474E-01 0.138137272E+01
-0.117442605E-01 0.138140925E+01 0.285957979E-02 0.138109813E+01 0.174601578E-01
 0.138044681E+01 0.320495335E-01 0.137946571E+01 0.466204653E-01 0.137816692E+01
 0.611665408E-01 0.137656403E+01 0.756822729E-01 0.137467763E+01 0.901639269E-01
 0.137253502E+01 0.104609928E+00 0.137016313E+01 0.119020088E+00 0.136758782E+01
 0.133395314E+00 0.136483397E+01 0.147737428E+00 0.136192923E+01 0.162049765E+00
 0.135890035E+01 0.176336362E+00 0.135577017E+01 0.190601120E+00 0.135255828E+01
 0.204847706E+00 0.134928216E+01 0.219079668E+00 0.134596053E+01 0.233301079E+00
 0.134261107E+01 0.247515964E+00 0.133924974E+01 0.261728049E+00 0.133589107E+01
 0.275940762E+00 0.133254601E+01 0.290156683E+00 0.132921676E+01 0.304376316E+00
 0.132590264E+01 0.318599483E+00 0.132260253E+01 0.332825907E+00 0.131931543E+01
 0.347055341E+00 0.131603748E+01 0.361286889E+00 0.131275924E+01 0.375518368E+00
 0.130947221E+01 0.389747820E+00 0.130616945E+01 0.403973629E+00 0.130284501E+01
 0.418194385E+00 0.129948759E+01 0.432407389E+00 0.129607802E+01 0.446607968E+00
 0.129259672E+01 0.460791124E+00 0.128902472E+01 0.474951705E+00 0.128534419E+01
 0.489084451E+00 0.128153793E+01 0.503183847E+00 0.127758928E+01 0.517244018E+00
 0.127348245E+01 0.531258788E+00 0.126920213E+01 0.545221534E+00 0.126473220E+01
 0.559124725E+00 0.126005537E+01 0.572959668E+00 0.125515529E+01 0.586717105E+00
 0.125001868E+01 0.600387971E+00 0.124463611E+01 0.613963871E+00 0.123900118E+01
 0.627436968E+00 0.123310553E+01 0.640798016E+00 0.122693908E+01 0.654036242E+00
 0.122049504E+01 0.667141581E+00 0.121377235E+01 0.680106187E+00 0.120677514E+01
 0.692924716E+00 0.119950562E+01 0.705590792E+00 0.119196223E+01 0.718095699E+00
 0.118414524E+01 0.730431417E+00 0.117605942E+01 0.742592628E+00 0.116771347E+01
 0.754576825E+00 0.115911642E+01 0.766382197E+00 0.115027404E+01 0.778004955E+00
 0.114118971E+01 0.789439603E+00 0.113186733E+01 0.800681021E+00 0.112231401E+01
 0.811726867E+00 0.111253981E+01 0.822577774E+00 0.110255316E+01 0.833233474E+00
 0.109235706E+01 0.843688932E+00 0.108195172E+01 0.853936172E+00 0.107133798E+01
 0.863967394E+00 0.106051873E+01 0.873776588E+00 0.104949963E+01 0.883360758E+00
 0.103828933E+01 0.892720563E+00 0.102689665E+01 0.901857521E+00 0.101532593E+01
 0.910767912E+00 0.100357712E+01 0.919442118E+00 0.991651014E+00 0.927870891E+00
 0.979552494E+00 0.936050257E+00 0.967289473E+00 0.943980877E+00 0.954871906E+00
 0.951667284E+00 0.942312291E+00 0.959119363E+00 0.929623592E+00 0.966349493E+00
 0.916814561E+00 0.973364245E+00 0.903890996E+00 0.980165688E+00 0.890859780E+00
 0.986758551E+00 0.877729359E+00 0.993151582E+00 0.864508502E+00 0.999355462E+00
 0.851206296E+00 0.100538298E+01 0.837831813E+00 0.101124840E+01 0.824394115E+00
 0.101696755E+01 0.810901923E+00 0.102255696E+01 0.797364013E+00 0.102803473E+01
 0.783789134E+00 0.103342027E+01 0.770184258E+00 0.103872959E+01 0.756553521E+00
 0.104397216E+01 0.742900260E+00 0.104915580E+01 0.729228708E+00 0.105429101E+01
 0.715542682E+00 0.105938753E+01 0.701846019E+00 0.106445539E+01 0.688141984E+00
 0.106950329E+01 0.674434003E+00 0.107454047E+01 0.660725311E+00 0.107957571E+01
 0.647018871E+00 0.108461708E+01 0.633317980E+00 0.108967350E+01 0.619625003E+00
 0.109475131E+01 0.605943666E+00 0.109986041E+01 0.592275087E+00 0.110500353E+01
 0.578623151E+00 0.111019066E+01
 0.156441580E+01 0.156423520E+01 0.173298350E+01 0.167901950E+01 0.134847970E+01
 0.206041340E+01 0.108819530E+01 0.205946000E+01 0.902253030E+00 0.187565310E+01
 0.903668760E+00 0.187424170E+01 0.533866470E+00 0.150285580E+01 0.538010660E+00
 0.149874330E+01 0.332797140E+00 0.129708960E+01 0.332797140E+00 0.109400000E+01
 0.334795920E+00 0.109400000E+01 0.303115250E+00 0.847500000E+00 0.305114030E+00
 0.847500000E+00 0.269135950E+00 0.565000000E+00 0.271134730E+00 0.565000000E+00
 0.260841000E+00 0.495257700E+00 0.260841000E+00-0.507257700E+00 0.271134730E+00
-0.576999960E+00 0.269135950E+00-0.576999960E+00 0.305114030E+00-0.859500000E+00
 0.303115250E+00-0.859500000E+00 0.334795920E+00-0.110600010E+01 0.332797140E+00
-0.110600010E+01 0.332797140E+00-0.130908970E+01 0.538598100E+00-0.150990190E+01
 0.534468950E+00-0.151402960E+01 0.905629600E+00-0.188405800E+01 0.904219000E+00
-0.188547470E+01 0.108819530E+01-0.206614000E+01 0.134847970E+01-0.206518650E+01
 0.173017910E+01-0.168098580E+01 0.156441580E+01-0.156883530E+01 0.137999130E+01
-0.157688300E+01 0.137989190E+01-0.157672700E+01 0.119622210E+01-0.158474990E+01
 0.119631650E+01-0.158489800E+01 0.105537410E+01-0.159104840E+01 0.105528350E+01
-0.159090630E+01 0.947502500E+00-0.159561420E+01 0.905686400E+00-0.159556230E+01
 0.899143000E+00-0.159478470E+01 0.883387860E+00-0.159026430E+01 0.867681200E+00
-0.158087360E+01 0.851322350E+00-0.156766880E+01 0.833481900E+00-0.154624210E+01
 0.826062560E+00-0.152875240E+01 0.822677700E+00-0.151516830E+01 0.821022750E+00
-0.149624060E+01 0.820691350E+00-0.147724350E+01 0.822887360E+00-0.144582030E+01
 0.827573000E+00-0.141923050E+01 0.839194600E+00-0.138728100E+01 0.855244300E+00
-0.135284130E+01 0.877566500E+00-0.132209860E+01 0.899473500E+00-0.130017830E+01
 0.118567730E+01-0.101380000E+01 0.127900000E+01-0.842300000E+00 0.129600000E+01
-0.820200000E+00 0.143300000E+01-0.820200000E+00 0.143300000E+01-0.711000000E+00
 0.149000000E+01-0.491000000E+00 0.146000000E+01-0.491000000E+00 0.146000000E+01
-0.233000000E+00 0.166100000E+01-0.233000000E+00 0.166100000E+01 0.226000000E+00
 0.146000000E+01 0.226000000E+00 0.146000000E+01 0.481000000E+00 0.149300000E+01
 0.481000000E+00 0.147400000E+01 0.554000000E+00 0.143300000E+01 0.711000000E+00
 0.143300000E+01 0.815600000E+00 0.129600000E+01 0.815600000E+00 0.127900000E+01
 0.837699950E+00 0.118567730E+01 0.100920000E+01 0.899473500E+00 0.129557820E+01
 0.877566500E+00 0.131749860E+01 0.855244300E+00 0.134824120E+01 0.839194600E+00
 0.138268090E+01 0.827573000E+00 0.141463040E+01 0.822887360E+00 0.144122030E+01
 0.820691350E+00 0.147264350E+01 0.821022750E+00 0.149164060E+01 0.822677700E+00
 0.151056830E+01 0.826062560E+00 0.152415240E+01 0.833481900E+00 0.154164210E+01
 0.851322350E+00 0.156306870E+01 0.867681200E+00 0.157627360E+01 0.883387860E+00
 0.158566430E+01 0.899143000E+00 0.159018470E+01 0.905686400E+00 0.159096230E+01
 0.947502500E+00 0.159101410E+01 0.105528350E+01 0.158630620E+01 0.105537410E+01
 0.158644830E+01 0.119631650E+01 0.158029800E+01 0.119622210E+01 0.158014990E+01
 0.137989190E+01 0.157212700E+01 0.137999130E+01 0.157228290E+01 0.156441580E+01
 0.156423520E+01
    0
