EFIT++      MAST # 46791 # 560ms                   0  65  65
 0.194000000E+01 0.440000000E+01 0.800000000E+00 0.600000000E-01 0.000000000E+00
 0.934692839E+00-0.552039124E-03-0.632208806E-01 0.366949621E-01-0.653863653E+00
 0.747864511E+06-0.632208806E-01 0.000000000E+00 0.934692839E+00 0.000000000E+00
-0.552039124E-03 0.000000000E+00 0.366949621E-01 0.000000000E+00 0.000000000E+00
-0.623349408E+00-0.619569021E+00-0.615869034E+00-0.612249503E+00-0.608710454E+00
-0.605251883E+00-0.601873750E+00-0.598575985E+00-0.595358483E+00-0.592221103E+00
-0.589163669E+00-0.586185969E+00-0.583287753E+00-0.580468734E+00-0.577728587E+00
-0.575066946E+00-0.572483410E+00-0.569977535E+00-0.567548838E+00-0.565196796E+00
-0.562920847E+00-0.560720387E+00-0.558594773E+00-0.556543320E+00-0.554565305E+00
-0.552659965E+00-0.550826496E+00-0.549064056E+00-0.547371764E+00-0.545748701E+00
-0.544193909E+00-0.542706395E+00-0.541285129E+00-0.539929045E+00-0.538637043E+00
-0.537407989E+00-0.536240716E+00-0.535134025E+00-0.534086688E+00-0.533097443E+00
-0.532165005E+00-0.531288056E+00-0.530465256E+00-0.529695236E+00-0.528976607E+00
-0.528307953E+00-0.527687840E+00-0.527114811E+00-0.526587391E+00-0.526104087E+00
-0.525663388E+00-0.525263769E+00-0.524903688E+00-0.524581594E+00-0.524295918E+00
-0.524045084E+00-0.523827505E+00-0.523641583E+00-0.523485714E+00-0.523358286E+00
-0.523257679E+00-0.523182270E+00-0.523130430E+00-0.523100526E+00-0.523090922E+00
 0.142755000E+05 0.139357661E+05 0.135965218E+05 0.132579226E+05 0.129201241E+05
 0.125832818E+05 0.122475513E+05 0.119130881E+05 0.115800477E+05 0.112485857E+05
 0.109188576E+05 0.105910189E+05 0.102652253E+05 0.994163220E+04 0.962039518E+04
 0.930166979E+04 0.898561155E+04 0.867237602E+04 0.836211874E+04 0.805499524E+04
 0.775116107E+04 0.745077176E+04 0.715398286E+04 0.686094991E+04 0.657182845E+04
 0.628677402E+04 0.600594216E+04 0.572948841E+04 0.545756832E+04 0.519033742E+04
 0.492795125E+04 0.467056536E+04 0.441833528E+04 0.417141656E+04 0.392996474E+04
 0.369413536E+04 0.346408395E+04 0.323996607E+04 0.302193725E+04 0.281015303E+04
 0.260476895E+04 0.240594055E+04 0.221382338E+04 0.202857298E+04 0.185034488E+04
 0.167929463E+04 0.151557776E+04 0.135934982E+04 0.121076636E+04 0.106998290E+04
 0.937154993E+03 0.812438178E+03 0.695987995E+03 0.587959986E+03 0.488509691E+03
 0.397792651E+03 0.315964406E+03 0.243180499E+03 0.179596468E+03 0.125367857E+03
 0.806502037E+02 0.455990508E+02 0.203699387E+02 0.511840814E+01 0.000000000E+00
-0.152547212E+01-0.148432852E+01-0.144373439E+01-0.140368972E+01-0.136419451E+01
-0.132524877E+01-0.128685249E+01-0.124900567E+01-0.121170832E+01-0.117496043E+01
-0.113876201E+01-0.110311304E+01-0.106801354E+01-0.103346351E+01-0.999462934E+00
-0.966011825E+00-0.933110179E+00-0.900757996E+00-0.868955276E+00-0.837702020E+00
-0.806998226E+00-0.776843897E+00-0.747239030E+00-0.718183627E+00-0.689677687E+00
-0.661721211E+00-0.634314197E+00-0.607456647E+00-0.581148561E+00-0.555389937E+00
-0.530180777E+00-0.505521081E+00-0.481410847E+00-0.457850077E+00-0.434838770E+00
-0.412376927E+00-0.390464546E+00-0.369101629E+00-0.348288176E+00-0.328024185E+00
-0.308309658E+00-0.289144595E+00-0.270528994E+00-0.252462857E+00-0.234946183E+00
-0.217978973E+00-0.201561226E+00-0.185692942E+00-0.170374121E+00-0.155604764E+00
-0.141384870E+00-0.127714439E+00-0.114593471E+00-0.102021967E+00-0.899999266E-01
-0.785273490E-01-0.676042348E-01-0.572305839E-01-0.474063963E-01-0.381316720E-01
-0.294064110E-01-0.212306133E-01-0.136042789E-01-0.652740780E-02 0.000000000E+00
-0.217736417E+06-0.217472629E+06-0.217109212E+06-0.216646165E+06-0.216083488E+06
-0.215421180E+06-0.214659243E+06-0.213797676E+06-0.212836479E+06-0.211775652E+06
-0.210615195E+06-0.209355108E+06-0.207995390E+06-0.206536043E+06-0.204977066E+06
-0.203318459E+06-0.201560223E+06-0.199702356E+06-0.197744859E+06-0.195687732E+06
-0.193530975E+06-0.191274588E+06-0.188918571E+06-0.186462925E+06-0.183907648E+06
-0.181252741E+06-0.178498205E+06-0.175644038E+06-0.172690241E+06-0.169636815E+06
-0.166483758E+06-0.163231072E+06-0.159878755E+06-0.156426809E+06-0.152875232E+06
-0.149224026E+06-0.145473189E+06-0.141622723E+06-0.137672626E+06-0.133622900E+06
-0.129473544E+06-0.125224557E+06-0.120875941E+06-0.116427695E+06-0.111879819E+06
-0.107232313E+06-0.102485176E+06-0.976384103E+05-0.926920142E+05-0.876459881E+05
-0.825003321E+05-0.772550460E+05-0.719101300E+05-0.664655840E+05-0.609214081E+05
-0.552776022E+05-0.495341663E+05-0.436911004E+05-0.377484045E+05-0.317060787E+05
-0.255641229E+05-0.193225372E+05-0.129813214E+05-0.654047569E+04 0.000000000E+00
 5.833672146e-05 1.318216197e-04 2.343209594e-04 3.652790474e-04 5.240472254e-04
 7.098534967e-04 9.216482499e-04 1.157402216e-03 1.434111430e-03 1.792447771e-03
 2.193291267e-03 2.634071131e-03 3.129200962e-03 3.677226925e-03 4.285550759e-03
 4.962669881e-03 5.697944101e-03 6.505825716e-03 7.370057521e-03 8.293068949e-03
 9.268571031e-03 1.027277750e-02 1.130974701e-02 1.233976340e-02 1.335958834e-02
 1.434792892e-02 1.528467229e-02 1.618682906e-02 1.702627102e-02 1.783154330e-02
 1.859077620e-02 1.930464889e-02 1.999515227e-02 2.063000810e-02 2.124520978e-02
 2.181140037e-02 2.233687997e-02 2.283566875e-02 2.327368747e-02 2.367173016e-02
 2.400317725e-02 2.428126898e-02 2.450447140e-02 2.465244446e-02 2.475420468e-02
 2.477198555e-02 2.472935341e-02 2.461352700e-02 2.441170129e-02 2.415419405e-02
 2.380000286e-02 2.338943309e-02 2.290195294e-02 2.234525898e-02 2.175661029e-02
 2.111203863e-02 2.047994659e-02 1.986163677e-02 1.929495212e-02 1.885225117e-02
 1.852141621e-02 1.837856493e-02 1.839909328e-02 1.856719876e-02 1.889317659e-02
 6.159842526e-05 1.387030582e-04 2.454438043e-04 3.805335617e-04 5.425392512e-04
 7.299492851e-04 9.412506870e-04 1.178350673e-03 1.456158393e-03 1.822293317e-03
 2.231882613e-03 2.685875554e-03 3.191513846e-03 3.747603565e-03 4.414800447e-03
 5.166059949e-03 6.002745062e-03 6.929594193e-03 7.948967114e-03 9.058773027e-03
 1.025149798e-02 1.151216622e-02 1.281327124e-02 1.411567025e-02 1.537352342e-02
 1.654678314e-02 1.761586663e-02 1.858585628e-02 1.947672517e-02 2.030941937e-02
 2.109813888e-02 2.184975871e-02 2.256612191e-02 2.324630278e-02 2.388812224e-02
 2.448889213e-02 2.504570128e-02 2.555530126e-02 2.601387167e-02 2.641735046e-02
 2.676187597e-02 2.704366987e-02 2.725875730e-02 2.740282793e-02 2.747122125e-02
 2.745893207e-02 2.736071348e-02 2.717116945e-02 2.688491819e-02 2.649682212e-02
 2.600227977e-02 2.539774711e-02 2.468147989e-02 2.385479580e-02 2.292408724e-02
 2.190398523e-02 2.082205975e-02 1.972489018e-02 1.868389007e-02 1.779550216e-02
 1.716660017e-02 1.688050906e-02 1.695891820e-02 1.735038700e-02 1.796307883e-02
 6.803258895e-05 1.523628286e-04 2.676928139e-04 4.114792710e-04 5.811373117e-04
 7.745414310e-04 9.906056854e-04 1.232332008e-03 1.519800208e-03 1.843750458e-03
 2.219700938e-03 2.653513310e-03 3.147100197e-03 3.716210540e-03 4.384095780e-03
 5.171667646e-03 6.084163860e-03 7.131746497e-03 8.323729739e-03 9.665691692e-03
 1.115967308e-02 1.280265608e-02 1.457354593e-02 1.640445093e-02 1.813428205e-02
 1.957721785e-02 2.067807198e-02 2.154949879e-02 2.234321582e-02 2.312665893e-02
 2.390849648e-02 2.468021373e-02 2.543095881e-02 2.615134512e-02 2.683402418e-02
 2.747337282e-02 2.806496974e-02 2.860507119e-02 2.909016877e-02 2.951665817e-02
 2.988059551e-02 3.017750229e-02 3.040221099e-02 3.054876411e-02 3.061037142e-02
 3.057941566e-02 3.044748714e-02 3.020542381e-02 2.984333417e-02 2.935058513e-02
 2.871575006e-02 2.792653764e-02 2.696977517e-02 2.583162970e-02 2.449848798e-02
 2.295944021e-02 2.121248605e-02 1.927915418e-02 1.723719531e-02 1.528463587e-02
 1.380919382e-02 1.327195783e-02 1.380279638e-02 1.506447706e-02 1.662234044e-02
 8.109877846e-05 1.800918456e-04 3.127108414e-04 4.735421670e-04 6.568814455e-04
 8.575523316e-04 1.071777912e-03 1.301156154e-03 1.556599053e-03 1.832561360e-03
 2.140921842e-03 2.497368647e-03 2.915141731e-03 3.418117148e-03 4.035790285e-03
 4.799976944e-03 5.740859378e-03 6.883231450e-03 8.243909981e-03 9.832048129e-03
 1.165578885e-02 1.374331568e-02 1.615122307e-02 1.909158916e-02 2.218004251e-02
 2.402312250e-02 2.459622444e-02 2.468151018e-02 2.528269499e-02 2.605947069e-02
 2.689792309e-02 2.774448480e-02 2.857030870e-02 2.935896035e-02 3.010102179e-02
 3.079121681e-02 3.142662218e-02 3.200542675e-02 3.252601861e-02 3.298630372e-02
 3.338320867e-02 3.371234094e-02 3.396778895e-02 3.414204615e-02 3.422603781e-02
 3.420921907e-02 3.407969963e-02 3.382433725e-02 3.342872944e-02 3.287702046e-02
 3.215142437e-02 3.123133861e-02 3.009187086e-02 2.870150254e-02 2.701842145e-02
 2.498469980e-02 2.251684473e-02 1.949007815e-02 1.571116565e-02 1.085947468e-02
 3.607251834e-03 2.100354841e-03 7.328817055e-03 1.208081808e-02 1.563865657e-02
 1.078775780e-04 2.370516291e-04 4.054324998e-04 6.017518705e-04 8.137833539e-04
 1.029730313e-03 1.239672785e-03 1.440251444e-03 1.635815166e-03 1.819714009e-03
 1.998473150e-03 2.192459008e-03 2.421209730e-03 2.720525969e-03 3.143445646e-03
 3.757083162e-03 4.632519511e-03 5.826517336e-03 7.363551697e-03 9.229962813e-03
 1.138406505e-02 1.377191614e-02 1.633117249e-02 1.896054550e-02 2.144390584e-02
 2.353282080e-02 2.517345069e-02 2.653194231e-02 2.776646625e-02 2.893386132e-02
 3.003968999e-02 3.107747444e-02 3.204152890e-02 3.292973814e-02 3.374334097e-02
 3.448588898e-02 3.516204402e-02 3.577643749e-02 3.633267647e-02 3.683253371e-02
 3.727534062e-02 3.765759635e-02 3.797280130e-02 3.821151388e-02 3.836161233e-02
 3.840871857e-02 3.833671189e-02 3.812823159e-02 3.776504371e-02 3.722813043e-02
 3.649734881e-02 3.555048666e-02 3.436149207e-02 3.289752195e-02 3.111415271e-02
 2.894743158e-02 2.629996474e-02 2.301473986e-02 1.882110371e-02 1.320549563e-02
 5.388590490e-03 3.404178545e-03 9.286026108e-03 1.467693784e-02 1.850810673e-02
 1.624137672e-04 3.534860994e-04 5.960337980e-04 8.675532075e-04 1.143479613e-03
 1.399895448e-03 1.615913457e-03 1.776059975e-03 1.890049723e-03 1.933016712e-03
 1.907724646e-03 1.823523677e-03 1.691181237e-03 1.536874013e-03 1.435278514e-03
 1.538683072e-03 2.076667877e-03 3.263225539e-03 5.160118132e-03 7.637562902e-03
 1.046892986e-02 1.345214625e-02 1.644743319e-02 1.935613406e-02 2.209982238e-02
 2.462024697e-02 2.688979243e-02 2.891214135e-02 3.070838512e-02 3.230197462e-02
 3.371261418e-02 3.495713569e-02 3.605201245e-02 3.701482361e-02 3.786432800e-02
 3.861962790e-02 3.929894184e-02 3.991832585e-02 4.049051128e-02 4.102392907e-02
 4.152196129e-02 4.198247130e-02 4.239767984e-02 4.275444996e-02 4.303501005e-02
 4.321808468e-02 4.328032971e-02 4.319789564e-02 4.294788901e-02 4.250948618e-02
 4.186449500e-02 4.099726208e-02 3.989397419e-02 3.854158861e-02 3.692687980e-02
 3.503657292e-02 3.286073088e-02 3.040481261e-02 2.772489198e-02 2.502393903e-02
 2.284924257e-02 2.201015393e-02 2.264859522e-02 2.409967904e-02 2.575470171e-02
 2.717122033e-04 5.876953189e-04 9.812835732e-04 1.408122385e-03 1.819669477e-03
 2.169257607e-03 2.418235272e-03 2.544121847e-03 2.542026002e-03 2.403470302e-03
 2.129251967e-03 1.711152555e-03 1.110381806e-03 2.263374175e-04-1.096593322e-03
-2.852809032e-03-4.146790818e-03-3.136652458e-03 3.210661634e-04 5.129691536e-03
 9.697039517e-03 1.385989485e-02 1.768889213e-02 2.123696612e-02 2.452523346e-02
 2.755326633e-02 3.031011465e-02 3.278285424e-02 3.496256601e-02 3.684843268e-02
 3.845033175e-02 3.978963554e-02 4.089789799e-02 4.181377470e-02 4.257914919e-02
 4.323548700e-02 4.382099331e-02 4.436861169e-02 4.490457735e-02 4.544720655e-02
 4.600577905e-02 4.657961371e-02 4.715761626e-02 4.771861590e-02 4.823271016e-02
 4.866366600e-02 4.897223672e-02 4.912005773e-02 4.907358396e-02 4.880739205e-02
 4.830622433e-02 4.756548377e-02 4.659042887e-02 4.539484995e-02 4.400034283e-02
 4.243739648e-02 4.074943296e-02 3.900048827e-02 3.728533679e-02 3.573514305e-02
 3.450200819e-02 3.370869668e-02 3.339072483e-02 3.349184979e-02 3.389016485e-02
 4.861906054e-04 1.050357291e-03 1.747917650e-03 2.490752044e-03 3.179419376e-03
 3.717936066e-03 4.030283334e-03 4.076955465e-03 3.868299210e-03 3.439036924e-03
 2.871622711e-03 2.242529736e-03 1.564445125e-03 6.814143030e-04-7.318736491e-04
-3.165733793e-03-5.684603823e-03-4.626222184e-03 3.836610106e-05 6.656467197e-03
 1.202961541e-02 1.674800356e-02 2.106500767e-02 2.509772444e-02 2.888796529e-02
 3.242963515e-02 3.568415403e-02 3.859467513e-02 4.110366695e-02 4.317261086e-02
 4.479753820e-02 4.601362169e-02 4.688734733e-02 4.750153153e-02 4.794082812e-02
 4.828248714e-02 4.859273673e-02 4.892655593e-02 4.932820075e-02 4.983064777e-02
 5.045336314e-02 5.119907010e-02 5.205100474e-02 5.297210932e-02 5.390687798e-02
 5.478584458e-02 5.553249210e-02 5.607233210e-02 5.634326716e-02 5.630503387e-02
 5.594470476e-02 5.527624464e-02 5.433476345e-02 5.316847239e-02 5.183173365e-02
 5.038113829e-02 4.887462278e-02 4.737223465e-02 4.593639471e-02 4.462932134e-02
 4.350617157e-02 4.260314049e-02 4.196126650e-02 4.154934162e-02 4.133283978e-02
 8.897513201e-04 1.937298139e-03 3.250041951e-03 4.654319190e-03 5.927782157e-03
 6.843754935e-03 7.236427488e-03 7.033051260e-03 6.241645450e-03 4.917931312e-03
 3.418626506e-03 2.456746166e-03 2.369349267e-03 3.028313514e-03 3.824984666e-03
 4.681713318e-03 5.907602421e-03 7.870568895e-03 1.071135108e-02 1.426185113e-02
 1.821965256e-02 2.236767151e-02 2.660517145e-02 3.088710662e-02 3.517203609e-02
 3.938637273e-02 4.339868953e-02 4.701296531e-02 5.000337405e-02 5.219619446e-02
 5.355296153e-02 5.418833685e-02 5.430896046e-02 5.412863161e-02 5.381809393e-02
 5.349797389e-02 5.325331040e-02 5.315132931e-02 5.325391314e-02 5.362062636e-02
 5.430048418e-02 5.531583760e-02 5.664766522e-02 5.823057833e-02 5.995783727e-02
 6.169031931e-02 6.326615536e-02 6.451653504e-02 6.529487098e-02 6.551408375e-02
 6.517132975e-02 6.434140206e-02 6.314271617e-02 6.169922404e-02 6.011727075e-02
 5.847948698e-02 5.684822222e-02 5.527137832e-02 5.378695518e-02 5.242521096e-02
 5.120871602e-02 5.015196601e-02 4.927689427e-02 4.856664132e-02 4.799346143e-02
 1.565693938e-03 3.488474191e-03 6.044764169e-03 8.985515347e-03 1.174819415e-02
 1.344645632e-02 1.369604279e-02 1.283012485e-02 1.107874272e-02 8.289145957e-03
 4.656418250e-03 2.913057408e-03 3.620269732e-03 6.706537671e-03 9.115970023e-03
 1.117558024e-02 1.324503149e-02 1.554802501e-02 1.820963303e-02 2.127596101e-02
 2.474406858e-02 2.859755653e-02 3.283182343e-02 3.746215704e-02 4.251468310e-02
 4.799122040e-02 5.377141716e-02 5.939482970e-02 6.389220104e-02 6.628770335e-02
 6.639956401e-02 6.500416319e-02 6.308691630e-02 6.122215910e-02 5.959276585e-02
 5.823437541e-02 5.714350490e-02 5.632005224e-02 5.582525863e-02 5.578974402e-02
 5.640714528e-02 5.782022656e-02 6.002327808e-02 6.286835164e-02 6.612920004e-02
 6.956865639e-02 7.289145263e-02 7.567525286e-02 7.743107124e-02 7.783310302e-02
 7.694905282e-02 7.518846283e-02 7.300987795e-02 7.072200547e-02 6.848095121e-02
 6.635544229e-02 6.437204126e-02 6.254018371e-02 6.086301565e-02 5.934055091e-02
 5.797158685e-02 5.675394762e-02 5.569497598e-02 5.477690159e-02 5.399225820e-02
 2.421322851e-03 5.531778863e-03 1.001258938e-02 1.609532099e-02 2.374368412e-02
 2.693662960e-02 2.417939752e-02 2.152241210e-02 1.917865423e-02 1.691823513e-02
 1.496136353e-02 1.384611563e-02 1.385342284e-02 1.482004438e-02 1.623134231e-02
 1.786377691e-02 1.970872722e-02 2.181346310e-02 2.423173652e-02 2.701148483e-02
 3.019712797e-02 3.383975184e-02 3.801269797e-02 4.283407770e-02 4.850515267e-02
 5.539160276e-02 6.423513314e-02 7.688656161e-02 8.917396338e-02 9.231174806e-02
 8.574180790e-02 7.615410687e-02 7.043799657e-02 6.655974610e-02 6.372070778e-02
 6.151042686e-02 5.966752698e-02 5.798399490e-02 5.626641282e-02 5.450676511e-02
 5.410190459e-02 5.606677972e-02 6.030264092e-02 6.585729742e-02 7.169635646e-02
 7.804705140e-02 8.527061490e-02 9.292999364e-02 9.801591538e-02 9.795388362e-02
 9.297879900e-02 8.737791427e-02 8.281935634e-02 7.910042714e-02 7.598203602e-02
 7.330242625e-02 7.095744679e-02 6.887905067e-02 6.702404063e-02 6.536080848e-02
 6.386960553e-02 6.253543920e-02 6.134524380e-02 6.028131462e-02 5.931990318e-02
 3.139029854e-03 7.190389416e-03 1.303796715e-02 2.087102427e-02 3.020838130e-02
 3.411164973e-02 3.106829711e-02 2.833681078e-02 2.625783478e-02 2.461947715e-02
 2.338681982e-02 2.258736311e-02 2.227767838e-02 2.245393079e-02 2.306516452e-02
 2.405379244e-02 2.538354685e-02 2.704351111e-02 2.904159170e-02 3.139832199e-02
 3.414442148e-02 3.732223991e-02 4.099050009e-02 4.523174413e-02 5.016086686e-02
 5.592545442e-02 6.264610481e-02 7.001991107e-02 7.612454708e-02 7.855919929e-02
 7.693698670e-02 7.326573246e-02 6.974909351e-02 6.689209254e-02 6.461760005e-02
 6.276436547e-02 6.116310199e-02 5.962174920e-02 5.787035224e-02 5.553835481e-02
 5.464184751e-02 5.682699581e-02 6.231150357e-02 6.894046667e-02 7.547631194e-02
 8.257082637e-02 9.102963382e-02 1.018258443e-01 1.081123097e-01 1.074635069e-01
 9.991736900e-02 9.318394577e-02 8.822552924e-02 8.434022881e-02 8.114628462e-02
 7.842989696e-02 7.606483703e-02 7.397258409e-02 7.210193897e-02 7.041798112e-02
 6.889572276e-02 6.751620944e-02 6.626399860e-02 6.512579955e-02 6.409471906e-02
 3.589440835e-03 8.181144341e-03 1.471423133e-02 2.326896895e-02 3.323824532e-02
 3.746415248e-02 3.411798384e-02 3.232350614e-02 3.102082673e-02 2.992198971e-02
 2.902950417e-02 2.839604619e-02 2.805642087e-02 2.802969148e-02 2.832064348e-02
 2.892573150e-02 2.983969851e-02 3.106001709e-02 3.258859757e-02 3.443160086e-02
 3.659823709e-02 3.909874835e-02 4.194081787e-02 4.512237675e-02 4.861694203e-02
 5.234574037e-02 5.613374330e-02 5.966944770e-02 6.253535337e-02 6.441513386e-02
 6.522456890e-02 6.516168970e-02 6.459465696e-02 6.384090593e-02 6.309865102e-02
 6.246960727e-02 6.200416005e-02 6.174478570e-02 6.177528085e-02 6.227765141e-02
 6.352994076e-02 6.575285354e-02 6.895091818e-02 7.290846059e-02 7.733562769e-02
 8.197103352e-02 8.649183935e-02 9.036167098e-02 9.288810965e-02 9.362968125e-02
 9.273887555e-02 9.082515069e-02 8.849445897e-02 8.610105530e-02 8.379882907e-02
 8.164189903e-02 7.964246131e-02 7.779650049e-02 7.609435258e-02 7.452489206e-02
 7.307709806e-02 7.174054912e-02 7.050550245e-02 6.936292417e-02 6.830941546e-02
 3.858125600e-03 8.764759307e-03 1.569228312e-02 2.467627998e-02 3.501627746e-02
 3.952904002e-02 3.673954780e-02 3.536619751e-02 3.447223649e-02 3.365932388e-02
 3.297604955e-02 3.245523587e-02 3.212441128e-02 3.200501344e-02 3.211235168e-02
 3.245656360e-02 3.304405230e-02 3.387877509e-02 3.496292903e-02 3.629681487e-02
 3.787778321e-02 3.969814111e-02 4.174180206e-02 4.397945748e-02 4.636241370e-02
 4.881640806e-02 5.123899641e-02 5.350656721e-02 5.549597319e-02 5.711322935e-02
 5.835718925e-02 5.925074893e-02 5.987583952e-02 6.034473063e-02 6.076459886e-02
 6.122988805e-02 6.182305850e-02 6.262112260e-02 6.370234729e-02 6.514619204e-02
 6.702061726e-02 6.935825346e-02 7.213292544e-02 7.525001531e-02 7.855208538e-02
 8.183058217e-02 8.484021985e-02 8.732631753e-02 8.907488337e-02 8.997340910e-02
 9.004633124e-02 8.943606571e-02 8.834064612e-02 8.694990263e-02 8.541113547e-02
 8.382411898e-02 8.225036525e-02 8.072492748e-02 7.926599523e-02 7.788151419e-02
 7.657340831e-02 7.534016151e-02 7.417835403e-02 7.308336306e-02 7.203934398e-02
 4.035935817e-03 9.153873935e-03 1.635350862e-02 2.564976868e-02 3.633986603e-02
 4.123154048e-02 3.866972655e-02 3.764021676e-02 3.698043693e-02 3.636377746e-02
 3.581136110e-02 3.535041908e-02 3.500620941e-02 3.480075324e-02 3.475228803e-02
 3.487517395e-02 3.518006167e-02 3.567409798e-02 3.636096863e-02 3.724063364e-02
 3.830867835e-02 3.955527409e-02 4.096383250e-02 4.250958528e-02 4.415855221e-02
 4.586764651e-02 4.758685090e-02 4.926417803e-02 5.085323957e-02 5.232175728e-02
 5.365732100e-02 5.487140854e-02 5.601022207e-02 5.710669053e-02 5.821349971e-02
 5.938112618e-02 6.068227183e-02 6.217036240e-02 6.389900871e-02 6.590953381e-02
 6.821741606e-02 7.083490739e-02 7.374643365e-02 7.689723510e-02 8.017747163e-02
 8.339815921e-02 8.629460509e-02 8.861417484e-02 9.018837886e-02 9.095359285e-02
 9.096230470e-02 9.038254274e-02 8.943158767e-02 8.827622157e-02 8.701954383e-02
 8.572410578e-02 8.442822125e-02 8.315500500e-02 8.191775026e-02 8.072339233e-02
 7.957481138e-02 7.847236462e-02 7.741489587e-02 7.640061170e-02 7.543712324e-02
 4.175232328e-03 9.461893667e-03 1.688402450e-02 2.644222924e-02 3.742678674e-02
 4.262282249e-02 4.032475353e-02 3.946207816e-02 3.897084252e-02 3.845614007e-02
 3.794708553e-02 3.747296501e-02 3.706085240e-02 3.673443540e-02 3.651368789e-02
 3.641491994e-02 3.645093510e-02 3.663116015e-02 3.696167068e-02 3.744506830e-02
 3.808022086e-02 3.886192886e-02 3.978062143e-02 4.082223760e-02 4.196849717e-02
 4.319777887e-02 4.448675441e-02 4.581275340e-02 4.715662392e-02 4.850558341e-02
 4.985543055e-02 5.121155364e-02 5.258892885e-02 5.401347286e-02 5.551338641e-02
 5.711769491e-02 5.886831427e-02 6.080285779e-02 6.295771897e-02 6.536457372e-02
 6.804747636e-02 7.103534553e-02 7.435915957e-02 7.805605806e-02 8.218805120e-02
 8.692061279e-02 9.121424387e-02 9.427580947e-02 9.595061103e-02 9.614380750e-02
 9.487753700e-02 9.288186537e-02 9.129110562e-02 8.990696795e-02 8.864696120e-02
 8.746902790e-02 8.634927584e-02 8.527372540e-02 8.423390937e-02 8.322443035e-02
 8.224162415e-02 8.128284871e-02 8.034611719e-02 7.942975511e-02 7.852531322e-02
 4.303984291e-03 9.751728627e-03 1.739565730e-02 2.722935682e-02 3.849608727e-02
 4.393319746e-02 4.196872687e-02 4.127707602e-02 4.081997973e-02 4.026776087e-02
 3.967606501e-02 3.908501957e-02 3.852460409e-02 3.801846899e-02 3.758595337e-02
 3.724311898e-02 3.700329414e-02 3.687736641e-02 3.687393894e-02 3.699924285e-02
 3.725692133e-02 3.764788079e-02 3.817024000e-02 3.881943915e-02 3.958859203e-02
 4.046918568e-02 4.145212507e-02 4.252871388e-02 4.369182341e-02 4.493706092e-02
 4.626374967e-02 4.767554813e-02 4.918056939e-02 5.079102180e-02 5.252254458e-02
 5.439366738e-02 5.642536614e-02 5.864051782e-02 6.106390756e-02 6.372335835e-02
 6.665216778e-02 6.989238839e-02 7.349970693e-02 7.755518005e-02 8.218410318e-02
 8.751173565e-02 9.231061159e-02 9.557203533e-02 9.730176520e-02 9.745128631e-02
 9.595774490e-02 9.377997031e-02 9.214140847e-02 9.085802170e-02 8.978477287e-02
 8.883570099e-02 8.795922443e-02 8.712386506e-02 8.631027405e-02 8.550660088e-02
 8.470572344e-02 8.390355426e-02 8.309799701e-02 8.228838766e-02 8.147808721e-02
 4.428544246e-03 1.003891868e-02 1.792239289e-02 2.808974385e-02 3.986333393e-02
 4.605977962e-02 4.476646912e-02 4.366991124e-02 4.280289083e-02 4.195310666e-02
 4.111163855e-02 4.028883615e-02 3.949763019e-02 3.875139900e-02 3.806329434e-02
 3.744593771e-02 3.691127075e-02 3.647050028e-02 3.613492152e-02 3.591524692e-02
 3.582044912e-02 3.585764379e-02 3.603197418e-02 3.634650878e-02 3.680212847e-02
 3.739805449e-02 3.813434559e-02 3.901026435e-02 4.002482425e-02 4.117735250e-02
 4.246817037e-02 4.389931171e-02 4.547430933e-02 4.719808048e-02 4.907680178e-02
 5.111763776e-02 5.332842063e-02 5.571741170e-02 5.829339604e-02 6.106701674e-02
 6.405806953e-02 6.732010854e-02 7.089250916e-02 7.476869729e-02 7.897491697e-02
 8.346985611e-02 8.759238490e-02 9.060617087e-02 9.239495125e-02 9.282635843e-02
 9.239305263e-02 9.186259332e-02 9.129397126e-02 9.077041048e-02 9.027805663e-02
 8.979802420e-02 8.931288220e-02 8.880930392e-02 8.827822751e-02 8.771421999e-02
 8.711468024e-02 8.647909225e-02 8.580838058e-02 8.510451482e-02 8.437816375e-02
 4.533357863e-03 1.028137537e-02 1.836880396e-02 2.882098336e-02 4.094702058e-02
 4.759731894e-02 4.691182370e-02 4.556781210e-02 4.437014402e-02 4.321419627e-02
 4.209591343e-02 4.100887255e-02 3.995375678e-02 3.893586824e-02 3.796325606e-02
 3.704559857e-02 3.619356605e-02 3.542057690e-02 3.474158592e-02 3.417121646e-02
 3.372344433e-02 3.341132287e-02 3.324674341e-02 3.324023830e-02 3.340084793e-02
 3.373609863e-02 3.425205262e-02 3.495303607e-02 3.584131959e-02 3.691659425e-02
 3.817680627e-02 3.962379842e-02 4.125752074e-02 4.307663655e-02 4.507958882e-02
 4.726414242e-02 4.962677690e-02 5.216193219e-02 5.486051188e-02 5.770660275e-02
 6.066606067e-02 6.379263955e-02 6.726331574e-02 7.083928885e-02 7.443047406e-02
 7.789871276e-02 8.107450147e-02 8.380242244e-02 8.598769043e-02 8.762174502e-02
 8.877940453e-02 8.957555949e-02 9.011433125e-02 9.046633735e-02 9.067272591e-02
 9.075622042e-02 9.072954668e-02 9.060067123e-02 9.037572512e-02 9.006047528e-02
 8.966094974e-02 8.918359939e-02 8.863522320e-02 8.802254123e-02 8.733707963e-02
 4.602254128e-03 1.043712727e-02 1.864465483e-02 2.924510840e-02 4.153352918e-02
 4.832942021e-02 4.773495846e-02 4.640318894e-02 4.509968527e-02 4.378808403e-02
 4.247069808e-02 4.115386757e-02 3.984415127e-02 3.854911714e-02 3.727761336e-02
 3.603976095e-02 3.484968267e-02 3.372512588e-02 3.268470899e-02 3.174756847e-02
 3.093299632e-02 3.026007080e-02 2.974728246e-02 2.941216097e-02 2.927090953e-02
 2.933805133e-02 2.962607939e-02 3.014508641e-02 3.090240829e-02 3.190232145e-02
 3.314588487e-02 3.463079340e-02 3.635017454e-02 3.829103592e-02 4.044637671e-02
 4.280740617e-02 4.536238483e-02 4.809765361e-02 5.099686190e-02 5.404067561e-02
 5.720641454e-02 6.046621673e-02 6.373666348e-02 6.725726564e-02 7.080073417e-02
 7.418072060e-02 7.734851970e-02 8.024542148e-02 8.282584932e-02 8.506737990e-02
 8.697158405e-02 8.855775933e-02 8.985372667e-02 9.088819618e-02 9.168678991e-02
 9.227118185e-02 9.265983336e-02 9.286912895e-02 9.291432234e-02 9.281011937e-02
 9.257092653e-02 9.221086411e-02 9.174365241e-02 9.118269101e-02 9.055142611e-02
 4.635406379e-03 1.050960064e-02 1.876665993e-02 2.942000985e-02 4.179438014e-02
 4.869682397e-02 4.796563048e-02 4.660201994e-02 4.522035645e-02 4.377561207e-02
 4.228021241e-02 4.074581073e-02 3.918322367e-02 3.760311214e-02 3.601653766e-02
 3.443828417e-02 3.288847318e-02 3.138888431e-02 2.996275257e-02 2.863447445e-02
 2.742923843e-02 2.637258900e-02 2.548993393e-02 2.480600595e-02 2.434429129e-02
 2.412643876e-02 2.417166291e-02 2.449615610e-02 2.511252821e-02 2.602929170e-02
 2.725040142e-02 2.877483094e-02 3.059614810e-02 3.270224567e-02 3.507546448e-02
 3.769084494e-02 4.052319118e-02 4.355499703e-02 4.676505564e-02 5.013014275e-02
 5.362481612e-02 5.722166442e-02 6.089159816e-02 6.459928410e-02 6.829302916e-02
 7.190951974e-02 7.538760988e-02 7.867375890e-02 8.172349736e-02 8.450266463e-02
 8.698798090e-02 8.916648051e-02 9.103406992e-02 9.259380521e-02 9.385436517e-02
 9.482888153e-02 9.553404034e-02 9.598929271e-02 9.621606239e-02 9.623692525e-02
 9.607479951e-02 9.575221018e-02 9.529067950e-02 9.471016140e-02 9.402495236e-02
 4.641757574e-03 1.052159374e-02 1.878193112e-02 2.943128925e-02 4.174133771e-02
 4.850265351e-02 4.786482081e-02 4.643895595e-02 4.493396283e-02 4.332890147e-02
 4.163623088e-02 3.986739919e-02 3.803370566e-02 3.614661208e-02 3.422054646e-02
 3.227719649e-02 3.034055631e-02 2.843689799e-02 2.659461520e-02 2.484394445e-02
 2.321656615e-02 2.174509226e-02 2.046245055e-02 1.940118085e-02 1.859266258e-02
 1.806629804e-02 1.784867857e-02 1.796276317e-02 1.842709918e-02 1.925511225e-02
 2.045448686e-02 2.202665088e-02 2.396637425e-02 2.626149157e-02 2.889274117e-02
 3.183362666e-02 3.505056049e-02 3.850191755e-02 4.215304246e-02 4.597823143e-02
 4.994960718e-02 5.403631778e-02 5.820357223e-02 6.241154086e-02 6.661478597e-02
 7.076298502e-02 7.480283556e-02 7.868035369e-02 8.234310987e-02 8.574240314e-02
 8.883542782e-02 9.158735772e-02 9.397315994e-02 9.597889032e-02 9.760222540e-02
 9.885206864e-02 9.974722576e-02 1.003143290e-01 1.005853354e-01 1.005949754e-01
 1.003784799e-01 9.996979162e-02 9.940033389e-02 9.869823835e-02 9.788704586e-02
 4.630057291e-03 1.049337647e-02 1.872734142e-02 2.933755503e-02 4.162139109e-02
 4.837687499e-02 4.755224906e-02 4.601722971e-02 4.435271413e-02 4.255652779e-02
 4.063787707e-02 3.860656498e-02 3.647276485e-02 3.424825579e-02 3.195457433e-02
 2.961630904e-02 2.726119318e-02 2.492008219e-02 2.262680134e-02 2.041784659e-02
 1.833193098e-02 1.640937589e-02 1.469135519e-02 1.321900942e-02 1.203245571e-02
 1.116972759e-02 1.066568531e-02 1.055094140e-02 1.085084690e-02 1.158458109e-02
 1.276438066e-02 1.439493505e-02 1.647296195e-02 1.898696446e-02 2.191715427e-02
 2.523551402e-02 2.890597209e-02 3.288461444e-02 3.712004653e-02 4.155575279e-02
 4.616485840e-02 5.091783306e-02 5.578138677e-02 6.071736008e-02 6.568165785e-02
 7.062341101e-02 7.548454995e-02 8.020002999e-02 8.469906056e-02 8.890774905e-02
 9.275341754e-02 9.617040086e-02 9.910649496e-02 1.015286940e-01 1.034267590e-01
 1.048136268e-01 1.057225356e-01 1.062016653e-01 1.063076812e-01 1.060996181e-01
 1.056341079e-01 1.049623248e-01 1.041285156e-01 1.031699225e-01 1.021269683e-01
 4.606666416e-03 1.043917947e-02 1.862770679e-02 2.917572122e-02 4.136979143e-02
 4.800408682e-02 4.707537787e-02 4.540598295e-02 4.355644327e-02 4.154169189e-02
 3.936896433e-02 3.704581980e-02 3.458042189e-02 3.199091603e-02 2.930061978e-02
 2.653679603e-02 2.373079946e-02 2.091809588e-02 1.813812402e-02 1.543397686e-02
 1.285188680e-02 1.044050903e-02 8.250008549e-03 6.330970157e-03 4.733163413e-03
 3.504207820e-03 2.688193651e-03 2.324320994e-03 2.445621914e-03 3.077827651e-03
 4.238434195e-03 5.936006025e-03 8.169740249e-03 1.092929310e-02 1.419485001e-02
 1.793739960e-02 2.211915487e-02 2.669404938e-02 3.160823594e-02 3.680045812e-02
 4.220300972e-02 4.779305639e-02 5.354472861e-02 5.942712405e-02 6.540178569e-02
 7.141954793e-02 7.741686756e-02 8.331216143e-02 8.900340061e-02 9.436910982e-02
 9.927530627e-02 1.035896586e-01 1.072008941e-01 1.100380109e-01 1.120828479e-01
 1.133716889e-01 1.139854417e-01 1.140320019e-01 1.136270129e-01 1.128787268e-01
 1.118794988e-01 1.107031874e-01 1.094062569e-01 1.080302620e-01 1.065892123e-01
 4.576011569e-03 1.036882351e-02 1.850003159e-02 2.897150316e-02 4.104817298e-02
 4.751496559e-02 4.652823471e-02 4.466735473e-02 4.261194507e-02 4.035714609e-02
 3.790714495e-02 3.526665872e-02 3.244726784e-02 2.946925566e-02 2.635744430e-02
 2.314154758e-02 1.985640869e-02 1.654208399e-02 1.324373718e-02 1.001131203e-02
 6.898959707e-03 3.964209065e-03 1.266882895e-03-1.132218994e-03-3.172830558e-03
-4.796866735e-03-5.950134202e-03-6.584021907e-03-6.657082998e-03-6.136422614e-03
-4.998816605e-03-3.231504019e-03-8.326196980e-04 2.188739659e-03 5.812794318e-03
 1.000965683e-02 1.474013126e-02 1.995664281e-02 2.560418456e-02 3.162115322e-02
 3.793992826e-02 4.450129807e-02 5.129627915e-02 5.831354591e-02 6.553591786e-02
 7.293485917e-02 8.046181444e-02 8.803515100e-02 9.552253570e-02 1.027230524e-01
 1.093633181e-01 1.151290263e-01 1.197349367e-01 1.230006105e-01 1.248965649e-01
 1.255486823e-01 1.251988089e-01 1.241319876e-01 1.226058168e-01 1.208153487e-01
 1.188925015e-01 1.169203476e-01 1.149485195e-01 1.130053217e-01 1.111151815e-01
 4.541323346e-03 1.028946013e-02 1.835663712e-02 2.874361177e-02 4.076330795e-02
 4.720481389e-02 4.588539288e-02 4.385611769e-02 4.158223257e-02 3.907341239e-02
 3.633114580e-02 3.335857881e-02 3.017141696e-02 2.679026663e-02 2.324116476e-02
 1.955603928e-02 1.577304870e-02 1.193674897e-02 8.098037990e-03 4.313833493e-03
 6.464503702e-04-2.837342516e-03-6.067586699e-03-8.972697759e-03-1.148128163e-02
-1.352413250e-02-1.503631959e-02-1.595925456e-02-1.624262332e-02-1.584606863e-02
-1.474052251e-02-1.290910945e-02-1.034757188e-02-7.064202875e-03-3.079306470e-03
 1.575762330e-03 6.859899713e-03 1.272380091e-02 1.911164689e-02 2.596281564e-02
 3.321349571e-02 4.079806723e-02 4.869573907e-02 5.693053887e-02 6.553129426e-02
 7.452970297e-02 8.395447975e-02 9.381664930e-02 1.040732863e-01 1.145357259e-01
 1.246674317e-01 1.334678867e-01 1.399759938e-01 1.436866939e-01 1.445425732e-01
 1.429756826e-01 1.398955709e-01 1.362644609e-01 1.326118852e-01 1.291397568e-01
 1.259076078e-01 1.229182222e-01 1.201526658e-01 1.175851032e-01 1.151893370e-01
 4.505227685e-03 1.020695931e-02 1.820780280e-02 2.850715826e-02 4.036877407e-02
 4.657703684e-02 4.525618119e-02 4.302337452e-02 4.052649242e-02 3.775957834e-02
 3.472025035e-02 3.141496203e-02 2.785906349e-02 2.407340719e-02 2.008506951e-02
 1.592797708e-02 1.164338760e-02 7.280168308e-03 2.894813116e-03-1.448856934e-03
-5.680355168e-03-9.723581707e-03-1.349827280e-02-1.692182490e-02-1.991143983e-02
-2.238650553e-02-2.427109847e-02-2.549647177e-02-2.600338237e-02-2.574411153e-02
-2.468404842e-02-2.280273379e-02-2.009429824e-02-1.656727199e-02-1.224378544e-02
-7.158216906e-03-1.355370109e-03 5.111724847e-03 1.218429986e-02 1.980056916e-02
 2.789868128e-02 3.641999685e-02 4.531291894e-02 5.463191719e-02 6.445770015e-02
 7.490225377e-02 8.612217788e-02 9.834065480e-02 1.118876392e-01 1.272942549e-01
 1.456655402e-01 1.616321469e-01 1.719794750e-01 1.760503153e-01 1.736385203e-01
 1.658086195e-01 1.553543755e-01 1.474380491e-01 1.410868127e-01 1.358295428e-01
 1.313735830e-01 1.275199622e-01 1.241277061e-01 1.210942622e-01 1.183384440e-01
 4.470055189e-03 1.012658730e-02 1.806288660e-02 2.827729787e-02 4.004217871e-02
 4.614545836e-02 4.463488108e-02 4.221533425e-02 3.950288913e-02 3.648633701e-02
 3.316071569e-02 2.953523928e-02 2.562447459e-02 2.144918972e-02 1.703719302e-02
 1.242409490e-02 7.653922686e-03 2.779514930e-03-2.137379280e-03-7.026366147e-03
-1.180909727e-02-1.640042414e-02-2.071002997e-02-2.464451793e-02-2.810989591e-02
-3.101435819e-02-3.327122798e-02-3.480189679e-02-3.553858114e-02-3.542671774e-02
-3.442683656e-02-3.251578463e-02-2.968722015e-02-2.595134972e-02-2.133393466e-02
-1.587463863e-02-9.624821905e-03-2.644902537e-03 4.998601273e-03 1.323626181e-02
 2.199913100e-02 3.122236863e-02 4.084925452e-02 5.088647810e-02 6.143039456e-02
 7.261565159e-02 8.463503318e-02 9.777281051e-02 1.124623741e-01 1.293876215e-01
 1.500761169e-01 1.663964169e-01 1.818814975e-01 1.841631340e-01 1.807781781e-01
 1.717097433e-01 1.596731421e-01 1.507907481e-01 1.438452606e-01 1.382297621e-01
 1.335535922e-01 1.295594457e-01 1.260727767e-01 1.229719953e-01 1.201812104e-01
 4.437926784e-03 1.005316454e-02 1.793051246e-02 2.806739265e-02 3.976051373e-02
 4.579337777e-02 4.404597578e-02 4.147678740e-02 3.856734540e-02 3.532146277e-02
 3.173595956e-02 2.781907880e-02 2.358472892e-02 1.905353060e-02 1.425382891e-02
 9.222616218e-03 4.006293882e-03-1.338808970e-03-6.746245654e-03-1.213967471e-02
-1.743356776e-02-2.253445430e-02-2.734272414e-02-3.175496897e-02-3.566679794e-02
-3.897601485e-02-4.158599968e-02-4.340910276e-02-4.436984027e-02-4.440767978e-02
-4.347922566e-02-4.155965539e-02-3.864331463e-02-3.474344456e-02-2.989108151e-02
-2.413322800e-02-1.753043829e-02-1.015398668e-02-2.082789664e-03 6.599765173e-03
 1.580896884e-02 2.546186082e-02 3.548023537e-02 4.579368655e-02 5.644524153e-02
 6.750772920e-02 7.907000348e-02 9.123535201e-02 1.041094127e-01 1.177442820e-01
 1.317261451e-01 1.437616744e-01 1.529825304e-01 1.580603787e-01 1.585188844e-01
 1.550617447e-01 1.496145882e-01 1.444184643e-01 1.397998148e-01 1.357170067e-01
 1.320863369e-01 1.288257358e-01 1.258647412e-01 1.231456298e-01 1.206078479e-01
 4.410734842e-03 9.991011958e-03 1.781844984e-02 2.788944184e-02 3.946042297e-02
 4.530420973e-02 4.358619950e-02 4.085191405e-02 3.777448464e-02 3.433383106e-02
 3.052780725e-02 2.636354164e-02 2.185419331e-02 1.702010038e-02 1.188991951e-02
 6.501682012e-03 9.036841536e-04-4.844880963e-03-1.067364833e-02-1.650125943e-02
-2.223607966e-02-2.777751795e-02-3.301797760e-02-3.784542243e-02-4.214648999e-02
-4.581002774e-02-4.873087684e-02-5.081368672e-02-5.197652042e-02-5.215401016e-02
-5.129984665e-02-4.938843427e-02-4.641561108e-02-4.239841090e-02-3.737392475e-02
-3.139739085e-02-2.453969940e-02-1.688453542e-02-8.525400236e-03 4.372460166e-04
 9.898481917e-03 1.975081503e-02 2.988516943e-02 4.019054007e-02 5.059560354e-02
 6.110149473e-02 7.168989790e-02 8.230600975e-02 9.282927609e-02 1.030306301e-01
 1.125381318e-01 1.208746902e-01 1.275838123e-01 1.323519903e-01 1.351059517e-01
 1.360590256e-01 1.356473803e-01 1.343622429e-01 1.325919067e-01 1.305823575e-01
 1.284731051e-01 1.263391313e-01 1.242191346e-01 1.221321631e-01 1.200942784e-01
 4.390075727e-03 9.943783607e-03 1.773328773e-02 2.775450224e-02 3.930256569e-02
 4.515970253e-02 4.320524113e-02 4.037585320e-02 3.717121877e-02 3.358207818e-02
 2.960785714e-02 2.525478036e-02 2.053535155e-02 1.546960466e-02 1.008634580e-02
 4.424314847e-03-1.466821741e-03-7.525747844e-03-1.367915232e-02-1.984186884e-02
-2.591759725e-02-3.180027932e-02-3.737616479e-02-4.252655512e-02-4.713115385e-02
-5.107189159e-02-5.423703507e-02-5.652534397e-02-5.785001230e-02-5.814213001e-02
-5.735342742e-02-5.545811933e-02-5.245374087e-02-4.836095572e-02-4.322240739e-02
-3.710076612e-02-3.007618819e-02-2.224344586e-02-1.370900427e-02-4.588317586e-03
 4.996401535e-03 1.491771277e-02 2.504358359e-02 3.523697270e-02 4.535426949e-02
 5.534467362e-02 6.515474319e-02 7.470287309e-02 8.387309170e-02 9.251286309e-02
 1.004402761e-01 1.074647955e-01 1.134194665e-01 1.181953614e-01 1.217666927e-01
 1.241969644e-01 1.256223843e-01 1.262187089e-01 1.261659182e-01 1.256237577e-01
 1.247217185e-01 1.235592531e-01 1.222105752e-01 1.207304129e-01 1.191626641e-01
 4.377166409e-03 9.914268225e-03 1.768006118e-02 2.766996608e-02 3.915189959e-02
 4.490816032e-02 4.298158028e-02 4.007855293e-02 3.679396556e-02 3.311184980e-02
 2.903227998e-02 2.456087912e-02 1.970970867e-02 1.449857774e-02 8.956350665e-03
 3.122176627e-03-2.953451075e-03-9.207912386e-03-1.556606872e-02-2.194037653e-02
-2.823160961e-02-3.433026944e-02-4.011872435e-02-4.547406693e-02-5.027161750e-02
-5.438893616e-02-5.771014352e-02-6.013030107e-02-6.155957273e-02-6.192688786e-02
-6.118285458e-02-5.930172989e-02-5.628233416e-02-5.214789203e-02-4.694487811e-02
-4.074103304e-02-3.362278241e-02-2.569233242e-02-1.706472959e-02-7.865157623e-03
 1.773291473e-03 1.171118977e-02 2.180357480e-02 3.189994494e-02 4.184350426e-02
 5.153643123e-02 6.092556979e-02 6.994007004e-02 7.849264473e-02 8.648343494e-02
 9.380727083e-02 1.003642502e-01 1.060722365e-01 1.108786700e-01 1.147686695e-01
 1.177671277e-01 1.199342179e-01 1.213557899e-01 1.221315756e-01 1.223642328e-01
 1.221511733e-01 1.215796744e-01 1.207247510e-01 1.196487073e-01 1.183927519e-01
 4.372770666e-03 9.904217511e-03 1.766193504e-02 2.764114829e-02 3.910067934e-02
 4.481858132e-02 4.291055061e-02 3.997760964e-02 3.666576202e-02 3.295220840e-02
 2.883699107e-02 2.432553915e-02 1.942977013e-02 1.416941883e-02 8.573368921e-03
 2.680906793e-03-3.457196109e-03-9.777879954e-03-1.620538867e-02-2.265137427e-02
-2.901561925e-02-3.518745852e-02-4.104794327e-02-4.647273707e-02-5.133567151e-02
-5.551282200e-02-5.888690084e-02-6.135171385e-02-6.281639696e-02-6.320914781e-02
-6.248019612e-02-6.060381604e-02-5.757926610e-02-5.343063908e-02-4.820570278e-02
-4.197390064e-02-3.482374961e-02-2.685991260e-02-1.820023410e-02-8.973008221e-03
 6.852964926e-04 1.063169970e-02 2.071769341e-02 3.078959621e-02 4.068847455e-02
 5.030198161e-02 5.957918040e-02 6.845469476e-02 7.685110075e-02 8.468325954e-02
 9.186472747e-02 9.831583712e-02 1.039724002e-01 1.087934908e-01 1.127666842e-01
 1.159095801e-01 1.182673247e-01 1.199068437e-01 1.209092280e-01 1.213619082e-01
 1.213519283e-01 1.209610277e-01 1.202626521e-01 1.193208476e-01 1.181998206e-01
 4.377148462e-03 9.914229816e-03 1.767999630e-02 2.766997656e-02 3.919020294e-02
 4.502080879e-02 4.296506532e-02 4.007858611e-02 3.679471659e-02 3.311317557e-02
 2.903428297e-02 2.456369017e-02 1.971347899e-02 1.450347592e-02 8.962559322e-03
 3.129888528e-03-2.944037769e-03-9.196599692e-03-1.555266516e-02-2.192470401e-02
-2.821351044e-02-3.430961310e-02-4.009541331e-02-4.544804085e-02-5.024285502e-02
-5.435745347e-02-5.767598904e-02-6.009354548e-02-6.152029383e-02-6.188514987e-02
-6.113868150e-02-5.925507260e-02-5.623303094e-02-5.209562186e-02-4.688910606e-02
-4.068094671e-02-3.355721813e-02-2.561969052e-02-1.698287840e-02-7.771328876e-03
 1.882609317e-03 1.184034477e-02 2.195780209e-02 3.208532180e-02 4.206671312e-02
 5.180714562e-02 6.125324597e-02 7.033281515e-02 7.895561139e-02 8.701694231e-02
 9.440512909e-02 1.010129630e-01 1.067516813e-01 1.115644361e-01 1.154356111e-01
 1.183931577e-01 1.205032308e-01 1.218589793e-01 1.225671089e-01 1.227358334e-01
 1.224663518e-01 1.218481964e-01 1.209576616e-01 1.198580394e-01 1.185928949e-01
 4.390033466e-03 9.943694537e-03 1.773314286e-02 2.775414370e-02 3.926341392e-02
 4.503621620e-02 4.321849566e-02 4.037673765e-02 3.717254493e-02 3.358439756e-02
 2.961140641e-02 2.525982458e-02 2.054218979e-02 1.547856663e-02 1.009778653e-02
 4.438607497e-03-1.449294914e-03-7.504606338e-03-1.365402978e-02-1.981242657e-02
-2.588353819e-02-3.176136148e-02-3.733221318e-02-4.247747061e-02-4.707691775e-02
-5.101256438e-02-5.417274791e-02-5.645628187e-02-5.777638791e-02-5.806414723e-02
-5.727123441e-02-5.537175014e-02-5.236304512e-02-4.826551498e-02-4.312143652e-02
-3.699299657e-02-2.995972938e-02-2.211561958e-02-1.356614622e-02-4.425540609e-03
 5.185486013e-03 1.514131254e-02 2.531206809e-02 3.556320594e-02 4.575389928e-02
 5.584018500e-02 6.577069073e-02 7.546395971e-02 8.480016868e-02 9.361656585e-02
 1.017134328e-01 1.088767618e-01 1.149161178e-01 1.197064669e-01 1.232192641e-01
 1.255301855e-01 1.267981272e-01 1.272236917e-01 1.270066414e-01 1.263187444e-01
 1.252948147e-01 1.240352956e-01 1.226131354e-01 1.210808914e-01 1.194800272e-01
 4.410648496e-03 9.990828404e-03 1.781814933e-02 2.788914912e-02 3.948226752e-02
 4.538239370e-02 4.357567787e-02 4.085192574e-02 3.777577258e-02 3.433638423e-02
 3.053195452e-02 2.636966775e-02 2.186272998e-02 1.703152112e-02 1.190473196e-02
 6.520417578e-03 9.268848756e-04-4.816678223e-03-1.063992997e-02-1.646155489e-02
-2.218998200e-02-2.772470394e-02-3.295822591e-02-3.777862812e-02-4.207267334e-02
-4.572933577e-02-4.864357554e-02-5.072014264e-02-5.187717045e-02-5.204931859e-02
-5.119024907e-02-4.927426764e-02-4.629702927e-02-4.227528426e-02-3.724572099e-02
-3.126303287e-02-2.439739310e-02-1.673155724e-02-8.357829769e-03 6.248685009e-04
 1.011359977e-02 2.000343523e-02 3.018861581e-02 4.056239898e-02 5.106370349e-02
 6.170241460e-02 7.247115031e-02 8.332764169e-02 9.416193387e-02 1.047424158e-01
 1.146605355e-01 1.233619389e-01 1.303033737e-01 1.351061237e-01 1.376785820e-01
 1.382845603e-01 1.374631683e-01 1.357958637e-01 1.337102556e-01 1.314557249e-01
 1.291621325e-01 1.268928159e-01 1.246762412e-01 1.225232075e-01 1.204405240e-01
 4.437758630e-03 1.005280129e-02 1.792990509e-02 2.806649541e-02 3.974924126e-02
 4.576309831e-02 4.405497742e-02 4.147630222e-02 3.856765633e-02 3.532306833e-02
 3.173928425e-02 2.782460825e-02 2.359300737e-02 1.906515381e-02 1.426943380e-02
 9.242867185e-03 4.031865693e-03-1.307251569e-03-6.708071191e-03-1.209431043e-02
-1.738052624e-02-2.247335982e-02-2.727333722e-02-3.167720702e-02-3.558075009e-02
-3.888194888e-02-4.148435926e-02-4.330049354e-02-4.425500377e-02-4.428745454e-02
-4.335449554e-02-4.143128510e-02-3.851207240e-02-3.460991143e-02-2.975554557e-02
-2.399556001e-02-1.738994218e-02-1.000921419e-02-1.931301587e-03 6.761718850e-03
 1.598689479e-02 2.566366805e-02 3.571720982e-02 4.608206591e-02 5.681190654e-02
 6.799154302e-02 7.972906102e-02 9.215985500e-02 1.054469469e-01 1.197580637e-01
 1.351642553e-01 1.481080828e-01 1.582583881e-01 1.634706026e-01 1.632902028e-01
 1.585364183e-01 1.516843885e-01 1.458202440e-01 1.407897320e-01 1.364397855e-01
 1.326324032e-01 1.292548576e-01 1.262181192e-01 1.234527897e-01 1.208955841e-01
 4.469747255e-03 1.012591378e-02 1.806174169e-02 2.827552940e-02 4.002665018e-02
 4.609220278e-02 4.463476737e-02 4.221278013e-02 3.950088650e-02 3.648540952e-02
 3.316136255e-02 2.953803008e-02 2.563004931e-02 2.145824898e-02 1.705048447e-02
 1.244239603e-02 7.678019929e-03 2.810179241e-03-2.099420060e-03-6.980457440e-03
-1.175468942e-02-1.633710418e-02-2.063755194e-02-2.456282977e-02-2.801916095e-02
-3.091496948e-02-3.316381372e-02-3.468731571e-02-3.541790723e-02-3.530121442e-02
-3.429792085e-02-3.238498256e-02-2.955611499e-02-2.582152459e-02-2.120691086e-02
-1.575181056e-02-9.507388308e-03-2.533792731e-03 5.102809735e-03 1.333344037e-02
 2.208972348e-02 3.130755872e-02 4.093119230e-02 5.096981359e-02 6.152223652e-02
 7.272688097e-02 8.478273391e-02 9.798464177e-02 1.127834309e-01 1.298852869e-01
 1.503123017e-01 1.681219201e-01 1.796826711e-01 1.842787029e-01 1.814099435e-01
 1.721184683e-01 1.601412514e-01 1.510926947e-01 1.440459598e-01 1.383729058e-01
 1.336670587e-01 1.296616522e-01 1.261766242e-01 1.230869989e-01 1.203118845e-01
 4.504697756e-03 1.020579126e-02 1.820579689e-02 2.850432460e-02 4.040934403e-02
 4.670809276e-02 4.523175897e-02 4.301691045e-02 4.052046666e-02 3.775414255e-02
 3.471595165e-02 3.141245151e-02 2.785907500e-02 2.407674242e-02 2.009258117e-02
 1.594054846e-02 1.166190852e-02 7.305507511e-03 2.927787445e-03-1.407515926e-03
-5.630036337e-03-9.663829943e-03-1.342882367e-02-1.684263666e-02-1.982272109e-02
-2.228873708e-02-2.416504787e-02-2.538320009e-02-2.588424290e-02-2.562074121e-02
-2.455835340e-02-2.267687154e-02-1.997065922e-02-1.644846468e-02-1.213262944e-02
-7.057749602e-03-1.268874171e-03 5.180663390e-03 1.223168891e-02 1.982184075e-02
 2.788841776e-02 3.637149617e-02 4.521756189e-02 5.447720028e-02 6.422565942e-02
 7.456589933e-02 8.563911039e-02 9.764115920e-02 1.108518256e-01 1.257173251e-01
 1.438635121e-01 1.604292613e-01 1.716743697e-01 1.737333822e-01 1.710583867e-01
 1.636875026e-01 1.536644628e-01 1.463000171e-01 1.402935414e-01 1.352639567e-01
 1.309680549e-01 1.272339859e-01 1.239363345e-01 1.209818591e-01 1.182951996e-01
 4.540456486e-03 1.028754140e-02 1.835332340e-02 2.873849757e-02 4.071168733e-02
 4.706218916e-02 4.589137314e-02 4.384498032e-02 4.157002313e-02 3.906099316e-02
 3.631914297e-02 3.334774702e-02 3.016259714e-02 2.678437369e-02 2.323916673e-02
 1.955893324e-02 1.578183417e-02 1.195239834e-02 8.121464163e-03 4.345855244e-03
 6.877559765e-04-2.786232350e-03-6.006355455e-03-8.901267913e-03-1.139984633e-02
-1.343318288e-02-1.493666699e-02-1.585204714e-02-1.612935759e-02-1.572859703e-02
-1.462105885e-02-1.279023539e-02-1.023224798e-02-6.955788904e-03-2.981596684e-03
 1.658482121e-03 6.922764469e-03 1.276123602e-02 1.911717692e-02 2.592878715e-02
 3.313067884e-02 4.065506301e-02 4.847678016e-02 5.661471655e-02 6.509035023e-02
 7.392468721e-02 8.313075706e-02 9.269676195e-02 1.025488155e-01 1.124704298e-01
 1.219651099e-01 1.302183469e-01 1.364148765e-01 1.400983774e-01 1.412202336e-01
 1.401645703e-01 1.376965736e-01 1.345943148e-01 1.313454104e-01 1.281761930e-01
 1.251747573e-01 1.223654775e-01 1.197445493e-01 1.172966496e-01 1.150040444e-01
 4.574642810e-03 1.036579060e-02 1.849478494e-02 2.896365305e-02 4.104436260e-02
 4.752860190e-02 4.650414951e-02 4.464766554e-02 4.259060259e-02 4.033455934e-02
 3.788406513e-02 3.524392695e-02 3.242587294e-02 2.945026102e-02 2.634196099e-02
 2.313070845e-02 1.985134045e-02 1.654387766e-02 1.325341671e-02 1.002980104e-02
 6.927046873e-03 4.002512653e-03 1.315815442e-03-1.072484927e-03-3.102394516e-03
-4.716129549e-03-5.859823724e-03-6.485215306e-03-6.551226282e-03-6.025348780e-03
-4.884764602e-03-3.117141450e-03-7.210727737e-04 2.293844898e-03 5.907275443e-03
 1.008869872e-02 1.479818565e-02 1.998729976e-02 2.560001507e-02 3.157351360e-02
 3.783870209e-02 4.433360437e-02 5.104629005e-02 5.796186725e-02 6.505898446e-02
 7.230449906e-02 7.964544643e-02 8.699761458e-02 9.423129794e-02 1.011586701e-01
 1.075341464e-01 1.130824951e-01 1.175559809e-01 1.207971948e-01 1.227790332e-01
 1.236084624e-01 1.234924823e-01 1.226780530e-01 1.213945708e-01 1.198228753e-01
 1.180910362e-01 1.162836935e-01 1.144541362e-01 1.126346455e-01 1.108501389e-01
 4.604539954e-03 1.043447678e-02 1.861959789e-02 2.916363242e-02 4.137772933e-02
 4.805436980e-02 4.705020060e-02 4.537457266e-02 4.352173829e-02 4.150459168e-02
 3.933041232e-02 3.700683738e-02 3.454207889e-02 3.195448052e-02 2.926738646e-02
 2.650805986e-02 2.370783127e-02 2.090211659e-02 1.813027780e-02 1.543530299e-02
 1.286329028e-02 1.046273023e-02 8.283592814e-03 6.376237891e-03 4.790181723e-03
 3.572764233e-03 2.767772246e-03 2.414080747e-03 2.544376373e-03 3.184024343e-03
 4.350131421e-03 6.050844063e-03 8.284903405e-03 1.104145910e-02 1.430012311e-02
 1.803122636e-02 2.219622500e-02 2.674818818e-02 3.163229143e-02 3.678621887e-02
 4.214095975e-02 4.767192055e-02 5.335139466e-02 5.914681730e-02 6.501846775e-02
 7.091667455e-02 7.677868778e-02 8.252575981e-02 8.806156885e-02 9.327376405e-02
 9.804056357e-02 1.022432193e-01 1.057826049e-01 1.085954876e-01 1.106651798e-01
 1.120229279e-01 1.127396533e-01 1.129110806e-01 1.126413483e-01 1.120297402e-01
 1.111627339e-01 1.101110164e-01 1.089298372e-01 1.076608432e-01 1.063234832e-01
 4.626740908e-03 1.048605655e-02 1.871476113e-02 2.931865275e-02 4.156606087e-02
 4.824367603e-02 4.751503923e-02 4.596785153e-02 4.429882760e-02 4.249911997e-02
 4.057814349e-02 3.854578759e-02 3.641222822e-02 3.418945832e-02 3.189900379e-02
 2.956542372e-02 2.721639927e-02 2.488271578e-02 2.259811042e-02 2.039897193e-02
 1.832388523e-02 1.641302141e-02 1.470738126e-02 1.324790992e-02 1.207450810e-02
 1.122497418e-02 1.073391710e-02 1.063168427e-02 1.094334933e-02 1.168780152e-02
 1.287697191e-02 1.451522184e-02 1.659890733e-02 1.911611954e-02 2.204658745e-02
 2.536171184e-02 2.902470516e-02 3.299076152e-02 3.720748135e-02 4.161793675e-02
 4.619363698e-02 5.090337156e-02 5.571247306e-02 6.058197382e-02 6.546780592e-02
 7.032014133e-02 7.508305992e-02 7.969482020e-02 8.408907898e-02 8.819739136e-02
 9.195314259e-02 9.529667971e-02 9.818090637e-02 1.005761963e-01 1.024734187e-01
 1.038842579e-01 1.048387279e-01 1.053805435e-01 1.055615038e-01 1.054360914e-01
 1.050571524e-01 1.044730173e-01 1.037259968e-01 1.028521117e-01 1.018888062e-01
 4.636528691e-03 1.051005126e-02 1.876210180e-02 2.940191277e-02 4.173356302e-02
 4.855990396e-02 4.779367927e-02 4.636372789e-02 4.485318682e-02 4.324339248e-02
 4.154786804e-02 3.977801174e-02 3.794498935e-02 3.606008684e-02 3.413790594e-02
 3.220002347e-02 3.027033404e-02 2.837501360e-02 2.654235929e-02 2.480250516e-02
 2.318701862e-02 2.172838494e-02 2.045939032e-02 1.941241863e-02 1.861868138e-02
 1.810740458e-02 1.790499943e-02 1.803424572e-02 1.851351676e-02 1.935607182e-02
 2.056943658e-02 2.215488407e-02 2.410702351e-02 2.641350739e-02 2.905483606e-02
 3.200417302e-02 3.522748317e-02 3.868222338e-02 4.233402364e-02 4.615536669e-02
 5.011591677e-02 5.418197822e-02 5.831612553e-02 6.247711979e-02 6.662007500e-02
 7.069705672e-02 7.465816968e-02 7.845309856e-02 8.203307196e-02 8.535304727e-02
 8.837385138e-02 9.106407555e-02 9.340157994e-02 9.537447338e-02 9.698143206e-02
 9.823125675e-02 9.914166849e-02 9.973748135e-02 1.000484101e-01 1.001068212e-01
 9.994570211e-02 9.959703270e-02 9.909063142e-02 9.845338816e-02 9.770693924e-02
 4.627148352e-03 1.049129288e-02 1.873506414e-02 2.937273457e-02 4.170221117e-02
 4.853337885e-02 4.787458385e-02 4.649506736e-02 4.510031581e-02 4.365036947e-02
 4.215288367e-02 4.061904821e-02 3.905915152e-02 3.748338410e-02 3.590243849e-02
 3.433132190e-02 3.279002619e-02 3.130024071e-02 2.988512591e-02 2.856900558e-02
 2.737698816e-02 2.633452625e-02 2.546692293e-02 2.479879561e-02 2.435350940e-02
 2.415259328e-02 2.421515248e-02 2.455729022e-02 2.519155777e-02 2.612644988e-02
 2.736595198e-02 2.890911390e-02 3.074962892e-02 3.287556526e-02 3.526952927e-02
 3.790661244e-02 4.076336751e-02 4.382215909e-02 4.706128312e-02 5.045598713e-02
 5.397765395e-02 5.759205404e-02 6.125830564e-02 6.493354387e-02 6.856837931e-02
 7.211108373e-02 7.551027877e-02 7.871646797e-02 8.168696033e-02 8.438934412e-02
 8.680270274e-02 8.891679779e-02 9.073006685e-02 9.224744253e-02 9.347862769e-02
 9.443694710e-02 9.513858941e-02 9.560200280e-02 9.584729114e-02 9.589556330e-02
 9.576826191e-02 9.548652852e-02 9.507065834e-02 9.453961997e-02 9.390931823e-02
 4.589575049e-03 1.040863292e-02 1.859459836e-02 2.916881877e-02 4.142304300e-02
 4.817480537e-02 4.757859598e-02 4.621570770e-02 4.491798476e-02 4.360491437e-02
 4.229071833e-02 4.097998669e-02 3.967802012e-02 3.839168411e-02 3.712946970e-02
 3.590132804e-02 3.472192663e-02 3.360903567e-02 3.258129335e-02 3.165783554e-02
 3.085792807e-02 3.020059722e-02 2.970425930e-02 2.938635369e-02 2.926298645e-02
 2.934858908e-02 2.965558436e-02 3.019403289e-02 3.097129451e-02 3.199174977e-02
 3.325668427e-02 3.476410502e-02 3.650753832e-02 3.847446599e-02 4.066003089e-02
 4.305672728e-02 4.565467875e-02 4.844239906e-02 5.140579758e-02 5.452646382e-02
 5.777619538e-02 6.116076679e-02 6.469224734e-02 6.805085046e-02 7.138333478e-02
 7.465143081e-02 7.773130500e-02 8.054711114e-02 8.304422572e-02 8.519867025e-02
 8.701607215e-02 8.852185428e-02 8.974862795e-02 9.072744202e-02 9.148443316e-02
 9.204078094e-02 9.241394428e-02 9.261907049e-02 9.267009966e-02 9.258044483e-02
 9.236330115e-02 9.203169452e-02 9.159838275e-02 9.107585551e-02 9.048346415e-02
 4.515657697e-03 1.024063649e-02 1.829457474e-02 2.870210986e-02 4.081665158e-02
 4.749564746e-02 4.663293312e-02 4.529001559e-02 4.408849294e-02 4.295187297e-02
 4.185322231e-02 4.078395813e-02 3.974474008e-02 3.874131023e-02 3.778219420e-02
 3.687747386e-02 3.603812427e-02 3.527848653e-02 3.461368151e-02 3.405841424e-02
 3.362667757e-02 3.333149060e-02 3.318466964e-02 3.319664112e-02 3.337631826e-02
 3.373108780e-02 3.426691996e-02 3.498809300e-02 3.589688032e-02 3.699302656e-02
 3.827517585e-02 3.974565096e-02 4.140513414e-02 4.325336251e-02 4.529033470e-02
 4.751588175e-02 4.992943787e-02 5.252996187e-02 5.531599000e-02 5.828648826e-02
 6.144500973e-02 6.483783199e-02 6.816702844e-02 7.158416393e-02 7.508858760e-02
 7.853083581e-02 8.169570109e-02 8.438710087e-02 8.648811604e-02 8.799245456e-02
 8.900515762e-02 8.968041188e-02 9.012790644e-02 9.041208324e-02 9.056974995e-02
 9.062040047e-02 9.057411029e-02 9.043667200e-02 9.021247015e-02 8.990588319e-02
 8.952183907e-02 8.906592214e-02 8.854425879e-02 8.796312000e-02 8.731739957e-02
 4.408151781e-03 9.991319322e-03 1.783344787e-02 2.794022578e-02 3.957935045e-02
 4.552319858e-02 4.402998037e-02 4.318297433e-02 4.242731564e-02 4.163285099e-02
 4.082678936e-02 4.002952468e-02 3.925836180e-02 3.852901855e-02 3.785604783e-02
 3.725296395e-02 3.673229108e-02 3.630560006e-02 3.598514330e-02 3.578166308e-02
 3.570411027e-02 3.575952451e-02 3.595292336e-02 3.628721045e-02 3.676308057e-02
 3.737930947e-02 3.813585351e-02 3.903189574e-02 4.006644652e-02 4.123896186e-02
 4.255008693e-02 4.400233758e-02 4.559993218e-02 4.734869437e-02 4.925594951e-02
 5.133025784e-02 5.358109798e-02 5.601855611e-02 5.865305834e-02 6.149506508e-02
 6.455454340e-02 6.784212982e-02 7.139044157e-02 7.524056294e-02 7.947114296e-02
 8.429045976e-02 8.883631361e-02 9.203208860e-02 9.366230226e-02 9.367421029e-02
 9.273203136e-02 9.195468006e-02 9.130506744e-02 9.072120272e-02 9.019062902e-02
 8.968790709e-02 8.919113626e-02 8.868424119e-02 8.815647667e-02 8.760135128e-02
 8.701557727e-02 8.639819849e-02 8.574991313e-02 8.507270004e-02 8.437588600e-02
 4.285389624e-03 9.709024899e-03 1.731809967e-02 2.710566259e-02 3.833070706e-02
 4.375006397e-02 4.170855462e-02 4.095582694e-02 4.051524404e-02 3.997727773e-02
 3.940046334e-02 3.882311746e-02 3.827528528e-02 3.778116739e-02 3.736067699e-02
 3.703035146e-02 3.680387998e-02 3.669241788e-02 3.670479130e-02 3.684728265e-02
 3.712348985e-02 3.753418188e-02 3.807725512e-02 3.874784643e-02 3.953869268e-02
 4.044084386e-02 4.144477567e-02 4.254140924e-02 4.372333240e-02 4.498602530e-02
 4.632889424e-02 4.775593681e-02 4.927588000e-02 5.090168975e-02 5.264963397e-02
 5.453880216e-02 5.659068507e-02 5.882783759e-02 6.127291272e-02 6.394907987e-02
 6.688278538e-02 7.010954099e-02 7.368253058e-02 7.768618310e-02 8.225977477e-02
 8.759749683e-02 9.244946180e-02 9.572707863e-02 9.744080755e-02 9.754166743e-02
 9.592738342e-02 9.363949585e-02 9.198283254e-02 9.070269027e-02 8.963751603e-02
 8.869756043e-02 8.783054040e-02 8.700526019e-02 8.620286051e-02 8.541192457e-02
 8.462563299e-02 8.384005718e-02 8.305310492e-02 8.226381906e-02 8.147260800e-02
 4.160567035e-03 9.428954870e-03 1.682614915e-02 2.635390080e-02 3.731004309e-02
 4.248191750e-02 4.009829066e-02 3.925552164e-02 3.873766529e-02 3.821136368e-02
 3.769614158e-02 3.721974039e-02 3.680849615e-02 3.648575713e-02 3.627135838e-02
 3.618154137e-02 3.622904794e-02 3.642322833e-02 3.677006251e-02 3.727202290e-02
 3.792780438e-02 3.873196885e-02 3.967460843e-02 4.074118889e-02 4.191279029e-02
 4.316698202e-02 4.447950299e-02 4.582672208e-02 4.718863352e-02 4.855183733e-02
 4.991183276e-02 5.127390857e-02 5.265300984e-02 5.408046679e-02 5.558380555e-02
 5.718435328e-02 5.893520483e-02 6.087401691e-02 6.303696390e-02 6.544996452e-02
 6.812032761e-02 7.107016661e-02 7.432224438e-02 7.789775298e-02 8.181469199e-02
 8.617927262e-02 9.014776416e-02 9.295998247e-02 9.458404726e-02 9.495153401e-02
 9.396220110e-02 9.231426855e-02 9.091928187e-02 8.963881256e-02 8.844135662e-02
 8.730364377e-02 8.621148954e-02 8.515647824e-02 8.413349381e-02 8.313919123e-02
 8.217114072e-02 8.122738308e-02 8.030620961e-02 7.940594359e-02 7.852026196e-02
 4.024357550e-03 9.128221548e-03 1.630914182e-02 2.558284389e-02 3.622766285e-02
 4.103915390e-02 3.855081651e-02 3.745390395e-02 3.677618408e-02 3.613672523e-02
 3.556553280e-02 3.509070336e-02 3.473780123e-02 3.452889220e-02 3.448202967e-02
 3.461121984e-02 3.492667667e-02 3.543511645e-02 3.613986426e-02 3.704061458e-02
 3.813276693e-02 3.940632986e-02 4.084447559e-02 4.242197667e-02 4.410400198e-02
 4.584607017e-02 4.759619014e-02 4.930002123e-02 5.090895627e-02 5.238940593e-02
 5.372768384e-02 5.493242102e-02 5.608326833e-02 5.718171006e-02 5.828436350e-02
 5.944093143e-02 6.073419669e-02 6.221863664e-02 6.394794088e-02 6.595894971e-02
 6.825363698e-02 7.083970379e-02 7.369787098e-02 7.676893398e-02 7.994195537e-02
 8.304181358e-02 8.583674194e-02 8.809285749e-02 8.964682722e-02 9.043625006e-02
 9.051170385e-02 9.002521491e-02 8.916038500e-02 8.806880332e-02 8.685565953e-02
 8.558958928e-02 8.431422765e-02 8.305646730e-02 8.183208483e-02 8.064957921e-02
 7.951277328e-02 7.842255225e-02 7.737801110e-02 7.637739390e-02 7.542681541e-02
 3.847431480e-03 8.741627486e-03 1.565353026e-02 2.462004108e-02 3.498123778e-02
 3.956018237e-02 3.661073364e-02 3.521036821e-02 3.426645345e-02 3.341711326e-02
 3.270254921e-02 3.215732865e-02 3.181035082e-02 3.168342820e-02 3.179129303e-02
 3.214292211e-02 3.274342468e-02 3.359567743e-02 3.470118566e-02 3.605998446e-02
 3.766954548e-02 3.952260311e-02 4.160366780e-02 4.388393227e-02 4.631460078e-02
 4.881988054e-02 5.129342261e-02 5.360509668e-02 5.562453568e-02 5.725217795e-02
 5.850766063e-02 5.940512842e-02 6.002318350e-02 6.048176955e-02 6.089163994e-02
 6.134880080e-02 6.193578472e-02 6.272859879e-02 6.380415560e-02 6.524109987e-02
 6.710756075e-02 6.943688043e-02 7.220331756e-02 7.531268382e-02 7.860926260e-02
 8.188748101e-02 8.490321307e-02 8.739755620e-02 8.914809479e-02 9.003600832e-02
 9.008652536e-02 8.944848649e-02 8.832662393e-02 8.691446911e-02 8.536024666e-02
 8.376325724e-02 8.218413935e-02 8.065711875e-02 7.919972939e-02 7.781942723e-02
 7.651776921e-02 7.529295219e-02 7.414131894e-02 7.305805667e-02 7.202747926e-02
 3.575333965e-03 8.151458782e-03 1.466739015e-02 2.320852431e-02 3.313312576e-02
 3.728164719e-02 3.401672698e-02 3.217719378e-02 3.078728916e-02 2.962379343e-02
 2.867856150e-02 2.800642609e-02 2.764561198e-02 2.761480591e-02 2.791502254e-02
 2.853794292e-02 2.947444793e-02 3.071975757e-02 3.227495849e-02 3.414638991e-02
 3.634415765e-02 3.888009130e-02 4.176435768e-02 4.499857089e-02 4.856115112e-02
 5.237808014e-02 5.627379925e-02 5.992074986e-02 6.286456716e-02 6.477919104e-02
 6.557334403e-02 6.545363338e-02 6.482674110e-02 6.403086340e-02 6.326742877e-02
 6.263329040e-02 6.217125663e-02 6.191484266e-02 6.193899779e-02 6.242469148e-02
 6.366619317e-02 6.590241700e-02 6.914119178e-02 7.315639363e-02 7.765459005e-02
 8.238935145e-02 8.704907679e-02 9.106652381e-02 9.366680844e-02 9.434974431e-02
 9.329109747e-02 9.118584592e-02 8.870158200e-02 8.620220947e-02 8.383109823e-02
 8.163074482e-02 7.960485724e-02 7.774385249e-02 7.603453217e-02 7.446353822e-02
 7.301842351e-02 7.168782873e-02 7.046136471e-02 6.932954135e-02 6.828881294e-02
 3.113858264e-03 7.134565304e-03 1.294331033e-02 2.073939969e-02 3.006670222e-02
 3.403261112e-02 3.109677649e-02 2.820658139e-02 2.599287071e-02 2.420953211e-02
 2.285656556e-02 2.198983213e-02 2.166933470e-02 2.187833750e-02 2.254070609e-02
 2.357973644e-02 2.495212571e-02 2.664720028e-02 2.867534584e-02 3.105946976e-02
 3.383204230e-02 3.703695293e-02 4.073524422e-02 4.501432691e-02 5.000016776e-02
 5.586643338e-02 6.279618486e-02 7.059526960e-02 7.712747882e-02 7.962798092e-02
 7.769597371e-02 7.361531627e-02 6.991825135e-02 6.700808091e-02 6.474086988e-02
 6.292691260e-02 6.138428727e-02 5.991199919e-02 5.821764048e-02 5.575927103e-02
 5.475422748e-02 5.693075259e-02 6.265486770e-02 6.937869197e-02 7.591741889e-02
 8.306550173e-02 9.176552998e-02 1.040833348e-01 1.105683794e-01 1.096568745e-01
 1.007526407e-01 9.352629253e-02 8.837171538e-02 8.438743882e-02 8.113690825e-02
 7.838643382e-02 7.600087767e-02 7.389711156e-02 7.202132407e-02 7.033703358e-02
 6.881829395e-02 6.744552214e-02 6.620275529e-02 6.507616939e-02 6.405682997e-02
 2.382872733e-03 5.439516937e-03 9.832585826e-03 1.577259822e-02 2.322126943e-02
 2.643998957e-02 2.373172519e-02 2.113206045e-02 1.870482285e-02 1.622691893e-02
 1.395248443e-02 1.264872667e-02 1.279847438e-02 1.405211960e-02 1.565136806e-02
 1.737403876e-02 1.926322886e-02 2.139335586e-02 2.383116311e-02 2.662904979e-02
 2.983077248e-02 3.348407075e-02 3.765764964e-02 4.246365182e-02 4.809378872e-02
 5.489281293e-02 6.354063343e-02 7.565697383e-02 8.732556982e-02 9.039654336e-02
 8.444048097e-02 7.551145618e-02 7.008047418e-02 6.637538191e-02 6.367286742e-02
 6.159053844e-02 5.988510182e-02 5.837024815e-02 5.689482709e-02 5.552257654e-02
 5.538432467e-02 5.731897713e-02 6.126860153e-02 6.645383388e-02 7.203255001e-02
 7.813041539e-02 8.498074739e-02 9.200172703e-02 9.660641751e-02 9.662158610e-02
 9.222719584e-02 8.700664988e-02 8.258952848e-02 7.892749281e-02 7.583277162e-02
 7.316371555e-02 7.082436813e-02 6.874966056e-02 6.689945771e-02 6.524136472e-02
 6.375758810e-02 6.243348494e-02 6.125681980e-02 6.020765121e-02 5.926481934e-02
 1.529884627e-03 3.403198562e-03 5.881336673e-03 8.705920053e-03 1.132777747e-02
 1.299713895e-02 1.334821179e-02 1.258712198e-02 1.092950417e-02 8.216919527e-03
 4.579132568e-03 2.831125921e-03 3.445055299e-03 6.590641603e-03 8.895399997e-03
 1.085810729e-02 1.285410167e-02 1.511708343e-02 1.777364208e-02 2.085921889e-02
 2.435338258e-02 2.822335606e-02 3.245250022e-02 3.704653047e-02 4.202070268e-02
 4.736175328e-02 5.293417819e-02 5.829521765e-02 6.258372789e-02 6.496248069e-02
 6.527380631e-02 6.417341668e-02 6.252828322e-02 6.087807722e-02 5.942131891e-02
 5.821117831e-02 5.725623676e-02 5.656595280e-02 5.619918961e-02 5.627320010e-02
 5.695278204e-02 5.835751316e-02 6.048138614e-02 6.319431630e-02 6.629296622e-02
 6.955088558e-02 7.268121623e-02 7.528632894e-02 7.691996009e-02 7.729097608e-02
 7.645695722e-02 7.478025196e-02 7.267939352e-02 7.044919442e-02 6.824753034e-02
 6.614833398e-02 6.418303063e-02 6.236454391e-02 6.069825828e-02 5.918578049e-02
 5.782677714e-02 5.662035353e-02 5.557565398e-02 5.467451536e-02 5.390667466e-02
 8.703419633e-04 1.894426425e-03 3.177677363e-03 4.553293600e-03 5.811808388e-03
 6.742723087e-03 7.191861910e-03 7.093299969e-03 6.478181489e-03 5.426608739e-03
 4.245613422e-03 3.402809008e-03 3.191538753e-03 3.465869752e-03 3.881693819e-03
 4.394413041e-03 5.351908635e-03 7.202979715e-03 1.010200411e-02 1.379556443e-02
 1.787805593e-02 2.209662371e-02 2.635516773e-02 3.061907970e-02 3.485490825e-02
 3.899626627e-02 4.292231297e-02 4.645467734e-02 4.939094621e-02 5.157725638e-02
 5.298012692e-02 5.370220026e-02 5.393040705e-02 5.386210910e-02 5.365898299e-02
 5.343816843e-02 5.328354636e-02 5.326096343e-02 5.342918908e-02 5.384264695e-02
 5.454445583e-02 5.555278788e-02 5.684827608e-02 5.836936133e-02 6.001605590e-02
 6.165758337e-02 6.314168341e-02 6.431025212e-02 6.502676127e-02 6.521007475e-02
 6.485650928e-02 6.403413440e-02 6.285268576e-02 6.142913934e-02 5.986587798e-02
 5.824406773e-02 5.662606931e-02 5.506046530e-02 5.358613623e-02 5.223418645e-02
 5.102785517e-02 4.998056717e-02 4.912308849e-02 4.843190214e-02 4.787860644e-02
 4.808614623e-04 1.040136168e-03 1.734578436e-03 2.480200742e-03 3.182827025e-03
 3.752039649e-03 4.116638371e-03 4.241231361e-03 4.131750826e-03 3.814728690e-03
 3.348352779e-03 2.782073950e-03 2.099311741e-03 1.142855579e-03-4.379548536e-04
-3.370250151e-03-6.583235324e-03-5.634856788e-03-5.847691436e-04 6.587447477e-03
 1.209847991e-02 1.683597563e-02 2.113197113e-02 2.512519189e-02 2.886548947e-02
 3.235177638e-02 3.555079239e-02 3.841211459e-02 4.088493015e-02 4.293594299e-02
 4.456322079e-02 4.580030560e-02 4.670937066e-02 4.736791840e-02 4.785564353e-02
 4.824574776e-02 4.860122553e-02 4.897427982e-02 4.940656612e-02 4.992861934e-02
 5.055790501e-02 5.129604189e-02 5.212645663e-02 5.301372713e-02 5.390528982e-02
 5.473559203e-02 5.543255462e-02 5.592608912e-02 5.615777122e-02 5.608960759e-02
 5.570916861e-02 5.502931026e-02 5.408305818e-02 5.291633039e-02 5.158156265e-02
 5.013405027e-02 4.863108494e-02 4.713262208e-02 4.570140731e-02 4.440023997e-02
 4.328492761e-02 4.239381877e-02 4.176697014e-02 4.137579253e-02 4.118374108e-02
 2.740954225e-04 5.942817644e-04 9.959550566e-04 1.436795248e-03 1.870527868e-03
 2.252592593e-03 2.545567739e-03 2.726035548e-03 2.796734972e-03 2.736791803e-03
 2.546107036e-03 2.216514035e-03 1.717278401e-03 9.774345152e-04-7.580565431e-05
-1.347480752e-03-2.061019388e-03-1.000904616e-03 2.039806624e-03 6.226421019e-03
 1.045368235e-02 1.442784937e-02 1.813746465e-02 2.159908967e-02 2.481644991e-02
 2.778075275e-02 3.047813414e-02 3.289632398e-02 3.502885065e-02 3.687745817e-02
 3.845354829e-02 3.977854820e-02 4.088274324e-02 4.180263773e-02 4.257755839e-02
 4.324636827e-02 4.384482917e-02 4.440369167e-02 4.494729538e-02 4.549241621e-02
 4.604723774e-02 4.661053053e-02 4.717127943e-02 4.770903716e-02 4.819520288e-02
 4.859527576e-02 4.887195899e-02 4.898880316e-02 4.891388816e-02 4.862291743e-02
 4.810115363e-02 4.734393395e-02 4.635599910e-02 4.515036496e-02 4.374779201e-02
 4.217803330e-02 4.048400559e-02 3.872962287e-02 3.701015740e-02 3.545815489e-02
 3.422789992e-02 3.344447201e-02 3.314263049e-02 3.326878063e-02 3.369657293e-02
 1.681097307e-04 3.670101324e-04 6.216477832e-04 9.104867790e-04 1.209994978e-03
 1.497202027e-03 1.752060913e-03 1.962853965e-03 2.132700828e-03 2.243656849e-03
 2.296210128e-03 2.301937724e-03 2.275352359e-03 2.248171489e-03 2.295307535e-03
 2.552297519e-03 3.207239302e-03 4.428759660e-03 6.268033155e-03 8.629239173e-03
 1.133487976e-02 1.421275182e-02 1.712945456e-02 1.997893163e-02 2.266906856e-02
 2.512915013e-02 2.732772451e-02 2.927400539e-02 3.099766890e-02 3.252815329e-02
 3.388745533e-02 3.509223640e-02 3.615758054e-02 3.709917780e-02 3.793375807e-02
 3.867843948e-02 3.934960354e-02 3.996167795e-02 4.052601654e-02 4.104995784e-02
 4.153610696e-02 4.198188902e-02 4.237943320e-02 4.271584174e-02 4.297386759e-02
 4.313297057e-02 4.317065467e-02 4.306392184e-02 4.279062734e-02 4.233050714e-02
 4.166568611e-02 4.078057044e-02 3.966116836e-02 3.829405961e-02 3.666548080e-02
 3.476147100e-02 3.257121034e-02 3.009893848e-02 2.739917665e-02 2.467504115e-02
 2.248382682e-02 2.165083696e-02 2.231508481e-02 2.381483332e-02 2.552086459e-02
 1.145356563e-04 2.524289938e-04 4.335631407e-04 6.471178140e-04 8.813488000e-04
 1.124924568e-03 1.368374060e-03 1.609553978e-03 1.854247283e-03 2.094683108e-03
 2.337727897e-03 2.601537393e-03 2.906361370e-03 3.286134282e-03 3.789310767e-03
 4.475393156e-03 5.406088593e-03 6.630790165e-03 8.172873068e-03 1.002544878e-02
 1.215979062e-02 1.453846096e-02 1.711709666e-02 1.980784322e-02 2.234680400e-02
 2.439827087e-02 2.589723482e-02 2.709746817e-02 2.820670898e-02 2.928115478e-02
 3.031675635e-02 3.130016532e-02 3.222130960e-02 3.307509278e-02 3.386054176e-02
 3.457945225e-02 3.523504136e-02 3.583074346e-02 3.636919080e-02 3.685139420e-02
 3.727613232e-02 3.763955639e-02 3.793501423e-02 3.815308942e-02 3.828183512e-02
 3.830715971e-02 3.821329411e-02 3.798324395e-02 3.759910718e-02 3.704212099e-02
 3.629228872e-02 3.532741621e-02 3.412133284e-02 3.264093875e-02 3.084141733e-02
 2.865829136e-02 2.599353707e-02 2.268953542e-02 1.847579911e-02 1.285565227e-02
 5.272511044e-03 3.358526898e-03 8.865923754e-03 1.436351350e-02 1.825301038e-02
 8.760016159e-05 1.949323502e-04 3.394439941e-04 5.158758228e-04 7.186805346e-04
 9.428302020e-04 1.184515321e-03 1.442601352e-03 1.742221229e-03 2.062993683e-03
 2.420650569e-03 2.830217568e-03 3.302058088e-03 3.858866485e-03 4.527857689e-03
 5.337982468e-03 6.316466862e-03 7.486138611e-03 8.863723456e-03 1.046060782e-02
 1.228937264e-02 1.437840052e-02 1.679299433e-02 1.974376357e-02 2.284244719e-02
 2.466910253e-02 2.519141727e-02 2.517751799e-02 2.569862642e-02 2.640965456e-02
 2.719276796e-02 2.799206780e-02 2.877701485e-02 2.952985271e-02 3.024007462e-02
 3.090148532e-02 3.151038720e-02 3.206433024e-02 3.256119246e-02 3.299848849e-02
 3.337285998e-02 3.367972448e-02 3.391306667e-02 3.406535430e-02 3.412755488e-02
 3.408921954e-02 3.393858920e-02 3.366266653e-02 3.324718521e-02 3.267639575e-02
 3.193257025e-02 3.099510121e-02 2.983901694e-02 2.843263476e-02 2.673388138e-02
 2.468444902e-02 2.220028624e-02 1.915562683e-02 1.535425236e-02 1.044749977e-02
 3.398346981e-03 1.958766759e-03 6.965789736e-03 1.177763867e-02 1.539808313e-02
 7.394587075e-05 1.657708736e-04 2.916201768e-04 4.489097020e-04 6.349378387e-04
 8.473407558e-04 1.084859280e-03 1.353011334e-03 1.668428136e-03 2.032723598e-03
 2.449691853e-03 2.922493345e-03 3.455872083e-03 4.062227861e-03 4.765194596e-03
 5.588731660e-03 6.529544464e-03 7.598481858e-03 8.804718542e-03 1.015324644e-02
 1.164481696e-02 1.327476544e-02 1.501583462e-02 1.679679358e-02 1.847304941e-02
 1.988662621e-02 2.098850948e-02 2.186896135e-02 2.265654401e-02 2.341935869e-02
 2.417319695e-02 2.491411969e-02 2.563351489e-02 2.632295034e-02 2.697539134e-02
 2.758523926e-02 2.814800999e-02 2.865992597e-02 2.911751454e-02 2.951724720e-02
 2.985524127e-02 3.012703803e-02 3.032745786e-02 3.045052254e-02 3.048943167e-02
 3.043657748e-02 3.028357993e-02 3.002132149e-02 2.963996177e-02 2.912891634e-02
 2.847679639e-02 2.767133078e-02 2.669934416e-02 2.554697406e-02 2.420054643e-02
 2.264905219e-02 2.089034558e-02 1.894580920e-02 1.689344459e-02 1.493351788e-02
 1.346062321e-02 1.294195916e-02 1.350715666e-02 1.481698681e-02 1.642937035e-02
 6.686013679e-05 1.506076413e-04 2.666264673e-04 4.135521361e-04 5.897876981e-04
 7.934683401e-04 1.022167008e-03 1.276329629e-03 1.578454883e-03 1.976309528e-03
 2.419922461e-03 2.907172804e-03 3.446042294e-03 4.041296570e-03 4.731094270e-03
 5.503448940e-03 6.358980115e-03 7.301357745e-03 8.331775076e-03 9.447363359e-03
 1.063983664e-02 1.189330696e-02 1.318101050e-02 1.446567707e-02 1.570465235e-02
 1.686111640e-02 1.791651445e-02 1.887419677e-02 1.975139648e-02 2.056736394e-02
 2.133604129e-02 2.206483037e-02 2.275623268e-02 2.340979472e-02 2.402358819e-02
 2.459498349e-02 2.512111793e-02 2.559907751e-02 2.602594331e-02 2.639870890e-02
 2.671401504e-02 2.696816905e-02 2.715710646e-02 2.727639198e-02 2.732127653e-02
 2.728667571e-02 2.716731770e-02 2.695779590e-02 2.665274286e-02 2.624706447e-02
 2.573619965e-02 2.511668337e-02 2.438685428e-02 2.354814928e-02 2.260712636e-02
 2.157866527e-02 2.049075272e-02 1.939063257e-02 1.835080247e-02 1.746930948e-02
 1.685499846e-02 1.659311145e-02 1.670683100e-02 1.714592900e-02 1.781903372e-02
 6.299161840e-05 1.423701701e-04 2.531493805e-04 3.948005097e-04 5.667555943e-04
 7.684696169e-04 9.994722025e-04 1.258404707e-03 1.566226249e-03 1.932172556e-03
 2.359229433e-03 2.817320604e-03 3.342745152e-03 3.913666736e-03 4.540642968e-03
 5.240951689e-03 5.982235283e-03 6.813328900e-03 7.685167750e-03 8.614054528e-03
 9.595258611e-03 1.058685222e-02 1.163089268e-02 1.264900495e-02 1.366208627e-02
 1.464164794e-02 1.555764810e-02 1.645795431e-02 1.727685243e-02 1.807290059e-02
 1.881518064e-02 1.950371805e-02 2.018041922e-02 2.078231729e-02 2.138041101e-02
 2.191637736e-02 2.240618382e-02 2.286977676e-02 2.324824113e-02 2.362685379e-02
 2.392070709e-02 2.416970379e-02 2.437142589e-02 2.447839925e-02 2.457255119e-02
 2.455908018e-02 2.450015138e-02 2.436710778e-02 2.413498544e-02 2.387405514e-02
 2.349295027e-02 2.307697681e-02 2.257674499e-02 2.200222157e-02 2.141526441e-02
 2.075401483e-02 2.012721131e-02 1.950896267e-02 1.894013130e-02 1.851644317e-02
 1.819280901e-02 1.807992703e-02 1.813300926e-02 1.833882725e-02 1.873137515e-02
 0.814245817E+00 0.821621209E+00 0.829874449E+00 0.838953201E+00 0.848292437E+00
 0.858131032E+00 0.868439503E+00 0.879171760E+00 0.890340348E+00 0.902005477E+00
 0.914188194E+00 0.926909265E+00 0.940191175E+00 0.954059669E+00 0.968545761E+00
 0.983685938E+00 0.999517635E+00 0.101608191E+01 0.103342427E+01 0.105158351E+01
 0.107059905E+01 0.109052368E+01 0.111141789E+01 0.113334731E+01 0.115638112E+01
 0.118058861E+01 0.120603631E+01 0.123280647E+01 0.126098974E+01 0.129069280E+01
 0.132203773E+01 0.135515144E+01 0.139014399E+01 0.142715621E+01 0.146635576E+01
 0.150793250E+01 0.155209282E+01 0.159906840E+01 0.164909383E+01 0.170244701E+01
 0.175944151E+01 0.182044566E+01 0.188589124E+01 0.195625806E+01 0.203205095E+01
 0.211388663E+01 0.220250318E+01 0.229877019E+01 0.240369674E+01 0.251843999E+01
 0.264441867E+01 0.278335429E+01 0.293737634E+01 0.310911731E+01 0.330182673E+01
 0.351972900E+01 0.376844342E+01 0.405546887E+01 0.439100715E+01 0.479027060E+01
 0.527754731E+01 0.589517633E+01 0.672988379E+01 0.802479744E+01 0.162976642E+02
  361   98
 0.577360176E+00 0.110907344E+01 0.572147085E+00 0.109548830E+01 0.566928449E+00
 0.108190528E+01 0.561697634E+00 0.106832696E+01 0.556460296E+00 0.105475114E+01
 0.551222737E+00 0.104117541E+01 0.545991281E+00 0.102759733E+01 0.540769752E+00
 0.101401543E+01 0.535558198E+00 0.100042970E+01 0.530356703E+00 0.986840109E+00
 0.525164771E+00 0.973246865E+00 0.519981131E+00 0.959650457E+00 0.514804829E+00
 0.946051254E+00 0.509636599E+00 0.932448981E+00 0.504477282E+00 0.918843325E+00
 0.499326812E+00 0.905234318E+00 0.494184019E+00 0.891622407E+00 0.489048227E+00
 0.878007853E+00 0.483921590E+00 0.864389849E+00 0.478806435E+00 0.850767529E+00
 0.473705198E+00 0.837139990E+00 0.468620109E+00 0.823506419E+00 0.463553824E+00
 0.809865848E+00 0.458510450E+00 0.796216791E+00 0.453493775E+00 0.782557898E+00
 0.448507498E+00 0.768887880E+00 0.443555993E+00 0.755205229E+00 0.438644217E+00
 0.741508268E+00 0.433777388E+00 0.727795272E+00 0.428959821E+00 0.714064894E+00
 0.424195033E+00 0.700316112E+00 0.419486370E+00 0.686548008E+00 0.414838146E+00
 0.672759384E+00 0.410255538E+00 0.658948816E+00 0.405742984E+00 0.645115201E+00
 0.401303820E+00 0.631257862E+00 0.396940477E+00 0.617376463E+00 0.392655230E+00
 0.603470758E+00 0.388451487E+00 0.589540199E+00 0.384333396E+00 0.575584082E+00
 0.380304717E+00 0.561601895E+00 0.376368522E+00 0.547593391E+00 0.372527111E+00
 0.533558601E+00 0.368782024E+00 0.519497802E+00 0.365134361E+00 0.505411415E+00
 0.361585070E+00 0.491299921E+00 0.358135032E+00 0.477163834E+00 0.354785401E+00
 0.463003619E+00 0.351537551E+00 0.448819715E+00 0.348392248E+00 0.434612718E+00
 0.345349705E+00 0.420383360E+00 0.342409901E+00 0.406132422E+00 0.339572970E+00
 0.391860649E+00 0.336839322E+00 0.377568734E+00 0.334209360E+00 0.363257376E+00
 0.331683097E+00 0.348927349E+00 0.329260165E+00 0.334579488E+00 0.326940310E+00
 0.320214602E+00 0.324723803E+00 0.305833407E+00 0.322611525E+00 0.291436534E+00
 0.320604939E+00 0.277024551E+00 0.318705666E+00 0.262598034E+00 0.316914030E+00
 0.248157754E+00 0.315229628E+00 0.233704574E+00 0.313651880E+00 0.219239362E+00
 0.312180114E+00 0.204762982E+00 0.310813343E+00 0.190276312E+00 0.309549800E+00
 0.175780272E+00 0.308387977E+00 0.161275724E+00 0.307326958E+00 0.146763454E+00
 0.306366485E+00 0.132244184E+00 0.305506934E+00 0.117718589E+00 0.304748750E+00
 0.103187351E+00 0.304092006E+00 0.886511745E-01 0.303536430E+00 0.741107801E-01
 0.303081502E+00 0.595668884E-01 0.302726039E+00 0.450202252E-01 0.302469062E+00
 0.304714887E-01 0.302310409E+00 0.159213479E-01 0.302250539E+00 0.137046558E-02
 0.302290087E+00-0.131804860E-01 0.302428875E+00-0.277308296E-01 0.302666548E+00
-0.422798940E-01 0.303002996E+00-0.568270094E-01 0.303438452E+00-0.713714976E-01
 0.303973268E+00-0.859126711E-01 0.304607574E+00-0.100449844E+00 0.305341969E+00
-0.114982305E+00 0.306177653E+00-0.129509292E+00 0.307116363E+00-0.144029984E+00
 0.308159177E+00-0.158543572E+00 0.309305832E+00-0.173049325E+00 0.310555684E+00
-0.187546552E+00 0.311907922E+00-0.202034587E+00 0.313361925E+00-0.216512763E+00
 0.314918530E+00-0.230980267E+00 0.316579738E+00-0.245436133E+00 0.318347829E+00
-0.259879314E+00 0.320224920E+00-0.274308733E+00 0.322212104E+00-0.288723402E+00
 0.324307997E+00-0.303122668E+00 0.326510552E+00-0.317506006E+00 0.328817925E+00
-0.331872902E+00 0.331228704E+00-0.346222809E+00 0.333742167E+00-0.360555087E+00
 0.336358710E+00-0.374868905E+00 0.339079412E+00-0.389163290E+00 0.341905274E+00
-0.403437257E+00 0.344837036E+00-0.417689851E+00 0.347874635E+00-0.431920263E+00
 0.351017033E+00-0.446127902E+00 0.354263009E+00-0.460312235E+00 0.357611463E+00
-0.474472728E+00 0.361061573E+00-0.488608796E+00 0.364613292E+00-0.502719678E+00
 0.368266609E+00-0.516804598E+00 0.372020733E+00-0.530862985E+00 0.375874448E+00
-0.544894400E+00 0.379826145E+00-0.558898537E+00 0.383873762E+00-0.572875252E+00
 0.388014709E+00-0.586824602E+00 0.392245794E+00-0.600746879E+00 0.396563381E+00
-0.614642574E+00 0.400964309E+00-0.628512100E+00 0.405446454E+00-0.642355595E+00
 0.410007705E+00-0.656173228E+00 0.414645119E+00-0.669965487E+00 0.419354737E+00
-0.683733260E+00 0.424131831E+00-0.697477767E+00 0.428972502E+00-0.711200014E+00
 0.433874032E+00-0.724900641E+00 0.438833584E+00-0.738580372E+00 0.443847545E+00
-0.752240255E+00 0.448911337E+00-0.765881746E+00 0.454020532E+00-0.779506298E+00
 0.459171664E+00-0.793115051E+00 0.464362194E+00-0.806708826E+00 0.469589590E+00
-0.820288468E+00 0.474850875E+00-0.833855016E+00 0.480144213E+00-0.847409091E+00
 0.485469109E+00-0.860950798E+00 0.490825789E+00-0.874479965E+00 0.496215324E+00
-0.887996076E+00 0.501639169E+00-0.901498455E+00 0.507101639E+00-0.914985253E+00
 0.512610076E+00-0.928453340E+00 0.518173445E+00-0.941898825E+00 0.523803611E+00
-0.955316472E+00 0.529516698E+00-0.968699013E+00 0.535336562E+00-0.982035446E+00
 0.541299115E+00-0.995308661E+00 0.547457957E+00-0.100849186E+01 0.553897691E+00
-0.102153997E+01 0.560759480E+00-0.103437063E+01 0.568290591E+00-0.104681863E+01
 0.576940950E+00-0.105851082E+01 0.587452512E+00-0.106854204E+01 0.600331088E+00
-0.107520448E+01 0.614646564E+00-0.107760122E+01 0.629172454E+00-0.107697252E+01
 0.643541575E+00-0.107470009E+01 0.657742088E+00-0.107153051E+01 0.671814393E+00
-0.106783050E+01 0.685792613E+00-0.106378870E+01 0.699699946E+00-0.105950904E+01
 0.713550863E+00-0.105505004E+01 0.727354531E+00-0.105044680E+01 0.741115911E+00
-0.104571860E+01 0.754837758E+00-0.104087686E+01 0.768520638E+00-0.103592607E+01
 0.782164179E+00-0.103086788E+01 0.795766407E+00-0.102569962E+01 0.809322501E+00
-0.102041157E+01 0.822825739E+00-0.101498999E+01 0.836268997E+00-0.100942138E+01
 0.849645087E+00-0.100369334E+01 0.862946259E+00-0.997793442E+00 0.876164563E+00
-0.991710183E+00 0.889291892E+00-0.985433043E+00 0.902320522E+00-0.978953553E+00
 0.915243080E+00-0.972265038E+00 0.928053102E+00-0.965363448E+00 0.940744736E+00
-0.958246505E+00 0.953309480E+00-0.950907894E+00 0.965735062E+00-0.943336079E+00
 0.978009357E+00-0.935521431E+00 0.990122542E+00-0.927459321E+00 0.100206673E+01
-0.919148891E+00 0.101383644E+01-0.910593143E+00 0.102543029E+01-0.901800537E+00
 0.103684798E+01-0.892780344E+00 0.104808479E+01-0.883535808E+00 0.105913064E+01
-0.874063939E+00 0.106997544E+01-0.864362534E+00 0.108061223E+01-0.854433492E+00
 0.109103702E+01-0.844282086E+00 0.110124787E+01-0.833915504E+00 0.111124351E+01
-0.823341260E+00 0.112102033E+01-0.812564386E+00 0.113056966E+01-0.801585435E+00
 0.113988108E+01-0.790404017E+00 0.114894727E+01-0.779022863E+00 0.115776466E+01
-0.767447887E+00 0.116633078E+01-0.755685743E+00 0.117464128E+01-0.743741626E+00
 0.118268858E+01-0.731618632E+00 0.119046531E+01-0.719320329E+00 0.119796766E+01
-0.706852743E+00 0.120519638E+01-0.694224530E+00 0.121215449E+01-0.681445208E+00
 0.121884223E+01-0.668522341E+00 0.122525686E+01-0.655461756E+00 0.123139989E+01
-0.642271234E+00 0.123727840E+01-0.628960706E+00 0.124290318E+01-0.615540961E+00
 0.124828424E+01-0.602021637E+00 0.125342854E+01-0.588410446E+00 0.125834504E+01
-0.574715311E+00 0.126304633E+01-0.560944797E+00 0.126754815E+01-0.547107767E+00
 0.127186763E+01-0.533212723E+00 0.127602117E+01-0.519267161E+00 0.128002412E+01
-0.505277618E+00 0.128389190E+01-0.491250091E+00 0.128764067E+01-0.477190278E+00
 0.129128682E+01-0.463103500E+00 0.129484691E+01-0.448994717E+00 0.129833876E+01
-0.434868882E+00 0.130178112E+01-0.420730903E+00 0.130519299E+01-0.406585530E+00
 0.130858677E+01-0.392435806E+00 0.131196725E+01-0.378282899E+00 0.131533975E+01
-0.364128088E+00 0.131871105E+01-0.349972992E+00 0.132208943E+01-0.335819582E+00
 0.132547910E+01-0.321668873E+00 0.132888006E+01-0.307520873E+00 0.133229211E+01
-0.293375543E+00 0.133571440E+01-0.279232688E+00 0.133914394E+01-0.265091590E+00
 0.134257058E+01-0.250949787E+00 0.134597951E+01-0.236803707E+00 0.134935441E+01
-0.222649473E+00 0.135267717E+01-0.208482912E+00 0.135592801E+01-0.194299683E+00
 0.135908861E+01-0.180096081E+00 0.136213952E+01-0.165868524E+00 0.136505811E+01
-0.151613252E+00 0.136781802E+01-0.137326433E+00 0.137039084E+01-0.123004762E+00
 0.137275191E+01-0.108646690E+00 0.137487679E+01-0.942517953E-01 0.137674020E+01
-0.798207554E-01 0.137831651E+01-0.653555760E-01 0.137958426E+01-0.508601161E-01
 0.138053090E+01-0.363401662E-01 0.138114628E+01-0.218024234E-01 0.138142203E+01
-0.725428664E-02 0.138135210E+01 0.729628842E-02 0.138093789E+01 0.218411460E-01
 0.138018818E+01 0.363725891E-01 0.137911387E+01 0.508836632E-01 0.137772739E+01
 0.653682627E-01 0.137604326E+01 0.798213024E-01 0.137408483E+01 0.942397724E-01
 0.137187933E+01 0.108622552E+00 0.136945321E+01 0.122969794E+00 0.136683175E+01
 0.137282656E+00 0.136403995E+01 0.151563290E+00 0.136110565E+01 0.165815349E+00
 0.135805423E+01 0.180042802E+00 0.135490729E+01 0.194249446E+00 0.135168338E+01
 0.208438826E+00 0.134839984E+01 0.222614531E+00 0.134507520E+01 0.236780658E+00
 0.134172649E+01 0.250941114E+00 0.133836908E+01 0.265099511E+00 0.133501693E+01
 0.279259157E+00 0.133167883E+01 0.293422120E+00 0.132835553E+01 0.307588561E+00
 0.132504593E+01 0.321758211E+00 0.132174868E+01 0.335930741E+00 0.131846249E+01
 0.350105838E+00 0.131518184E+01 0.364282218E+00 0.131189714E+01 0.378457660E+00
 0.130860026E+01 0.392630276E+00 0.130528453E+01 0.406798492E+00 0.130194374E+01
 0.420960817E+00 0.129856437E+01 0.435113984E+00 0.129512674E+01 0.449253108E+00
 0.129161128E+01 0.463373074E+00 0.128799922E+01 0.477468628E+00 0.128427299E+01
 0.491534422E+00 0.128041566E+01 0.505564817E+00 0.127641087E+01 0.519553826E+00
 0.127224310E+01 0.533495129E+00 0.126789697E+01 0.547381852E+00 0.126335615E+01
 0.561206116E+00 0.125860360E+01 0.574959011E+00 0.125362395E+01 0.588631293E+00
 0.124840516E+01 0.602214083E+00 0.124293913E+01 0.615699264E+00 0.123722002E+01
 0.629079063E+00 0.123123901E+01 0.642343840E+00 0.122498666E+01 0.655482882E+00
 0.121845738E+01 0.668486519E+00 0.121165136E+01 0.681347481E+00 0.120457307E+01
 0.694060624E+00 0.119722407E+01 0.706619221E+00 0.118960343E+01 0.719014855E+00
 0.118171234E+01 0.731240106E+00 0.117355633E+01 0.743290241E+00 0.116514438E+01
 0.755163136E+00 0.115648585E+01 0.766857443E+00 0.114758683E+01 0.778369802E+00
 0.113845053E+01 0.789694773E+00 0.112908052E+01 0.800827156E+00 0.111948369E+01
 0.811764621E+00 0.110966971E+01 0.822507686E+00 0.109964708E+01 0.833056382E+00
 0.108941974E+01 0.843406715E+00 0.107898854E+01 0.853551552E+00 0.106835393E+01
 0.863482948E+00 0.105751810E+01 0.873194396E+00 0.104648682E+01 0.882683244E+00
 0.103526982E+01 0.891951827E+00 0.102387726E+01 0.901003763E+00 0.101231307E+01
 0.909835359E+00 0.100057634E+01 0.918436304E+00 0.988667565E+00 0.926797417E+00
 0.976591808E+00 0.934915494E+00 0.964356600E+00 0.942791214E+00 0.951971638E+00
 0.950429302E+00 0.939448811E+00 0.957839228E+00 0.926800204E+00 0.965032374E+00
 0.914034565E+00 0.972015732E+00 0.901158402E+00 0.978793152E+00 0.888178647E+00
 0.985370023E+00 0.875102816E+00 0.991753767E+00 0.861938932E+00 0.997953932E+00
 0.848695600E+00 0.100398257E+01 0.835381451E+00 0.100985318E+01 0.822005114E+00
 0.101558071E+01 0.808574912E+00 0.102118080E+01 0.795099501E+00 0.102667124E+01
 0.781587507E+00 0.103207105E+01 0.768045721E+00 0.103739572E+01 0.754478320E+00
 0.104265479E+01 0.740888839E+00 0.104785654E+01 0.727281329E+00 0.105301095E+01
 0.713659305E+00 0.105812689E+01 0.700026490E+00 0.106321400E+01 0.686385997E+00
 0.106828050E+01 0.672741270E+00 0.107333558E+01 0.659095343E+00 0.107838742E+01
 0.645451272E+00 0.108344427E+01 0.631812159E+00 0.108851448E+01 0.618180513E+00
 0.109360473E+01 0.604559999E+00 0.109872469E+01 0.590951787E+00 0.110387725E+01
 0.577360176E+00 0.110907344E+01
 0.156441580E+01 0.156423520E+01 0.173298350E+01 0.167901950E+01 0.134847970E+01
 0.206041340E+01 0.108819530E+01 0.205946000E+01 0.902253030E+00 0.187565310E+01
 0.903668760E+00 0.187424170E+01 0.533866470E+00 0.150285580E+01 0.538010660E+00
 0.149874330E+01 0.332797140E+00 0.129708960E+01 0.332797140E+00 0.109400000E+01
 0.334795920E+00 0.109400000E+01 0.303115250E+00 0.847500000E+00 0.305114030E+00
 0.847500000E+00 0.269135950E+00 0.565000000E+00 0.271134730E+00 0.565000000E+00
 0.260841000E+00 0.495257700E+00 0.260841000E+00-0.507257700E+00 0.271134730E+00
-0.576999960E+00 0.269135950E+00-0.576999960E+00 0.305114030E+00-0.859500000E+00
 0.303115250E+00-0.859500000E+00 0.334795920E+00-0.110600010E+01 0.332797140E+00
-0.110600010E+01 0.332797140E+00-0.130908970E+01 0.538598100E+00-0.150990190E+01
 0.534468950E+00-0.151402960E+01 0.905629600E+00-0.188405800E+01 0.904219000E+00
-0.188547470E+01 0.108819530E+01-0.206614000E+01 0.134847970E+01-0.206518650E+01
 0.173017910E+01-0.168098580E+01 0.156441580E+01-0.156883530E+01 0.137999130E+01
-0.157688300E+01 0.137989190E+01-0.157672700E+01 0.119622210E+01-0.158474990E+01
 0.119631650E+01-0.158489800E+01 0.105537410E+01-0.159104840E+01 0.105528350E+01
-0.159090630E+01 0.947502500E+00-0.159561420E+01 0.905686400E+00-0.159556230E+01
 0.899143000E+00-0.159478470E+01 0.883387860E+00-0.159026430E+01 0.867681200E+00
-0.158087360E+01 0.851322350E+00-0.156766880E+01 0.833481900E+00-0.154624210E+01
 0.826062560E+00-0.152875240E+01 0.822677700E+00-0.151516830E+01 0.821022750E+00
-0.149624060E+01 0.820691350E+00-0.147724350E+01 0.822887360E+00-0.144582030E+01
 0.827573000E+00-0.141923050E+01 0.839194600E+00-0.138728100E+01 0.855244300E+00
-0.135284130E+01 0.877566500E+00-0.132209860E+01 0.899473500E+00-0.130017830E+01
 0.118567730E+01-0.101380000E+01 0.127900000E+01-0.842300000E+00 0.129600000E+01
-0.820200000E+00 0.143300000E+01-0.820200000E+00 0.143300000E+01-0.711000000E+00
 0.149000000E+01-0.491000000E+00 0.146000000E+01-0.491000000E+00 0.146000000E+01
-0.233000000E+00 0.166100000E+01-0.233000000E+00 0.166100000E+01 0.226000000E+00
 0.146000000E+01 0.226000000E+00 0.146000000E+01 0.481000000E+00 0.149300000E+01
 0.481000000E+00 0.147400000E+01 0.554000000E+00 0.143300000E+01 0.711000000E+00
 0.143300000E+01 0.815600000E+00 0.129600000E+01 0.815600000E+00 0.127900000E+01
 0.837699950E+00 0.118567730E+01 0.100920000E+01 0.899473500E+00 0.129557820E+01
 0.877566500E+00 0.131749860E+01 0.855244300E+00 0.134824120E+01 0.839194600E+00
 0.138268090E+01 0.827573000E+00 0.141463040E+01 0.822887360E+00 0.144122030E+01
 0.820691350E+00 0.147264350E+01 0.821022750E+00 0.149164060E+01 0.822677700E+00
 0.151056830E+01 0.826062560E+00 0.152415240E+01 0.833481900E+00 0.154164210E+01
 0.851322350E+00 0.156306870E+01 0.867681200E+00 0.157627360E+01 0.883387860E+00
 0.158566430E+01 0.899143000E+00 0.159018470E+01 0.905686400E+00 0.159096230E+01
 0.947502500E+00 0.159101410E+01 0.105528350E+01 0.158630620E+01 0.105537410E+01
 0.158644830E+01 0.119631650E+01 0.158029800E+01 0.119622210E+01 0.158014990E+01
 0.137989190E+01 0.157212700E+01 0.137999130E+01 0.157228290E+01 0.156441580E+01
 0.156423520E+01
    0
