EFIT++      MAST # 46791 # 540ms                   0  65  65
 0.194000000E+01 0.440000000E+01 0.800000000E+00 0.600000000E-01 0.000000000E+00
 0.935951983E+00 0.942648545E-03-0.653622548E-01 0.345718072E-01-0.654687217E+00
 0.750003882E+06-0.653622548E-01 0.000000000E+00 0.935951983E+00 0.000000000E+00
 0.942648545E-03 0.000000000E+00 0.345718072E-01 0.000000000E+00 0.000000000E+00
-0.624135678E+00-0.620368213E+00-0.616680339E+00-0.613072116E+00-0.609543577E+00
-0.606094720E+00-0.602725515E+00-0.599435898E+00-0.596225772E+00-0.593095004E+00
-0.590043430E+00-0.587070848E+00-0.584177019E+00-0.581361669E+00-0.578624486E+00
-0.575965121E+00-0.573383185E+00-0.570878251E+00-0.568449854E+00-0.566097489E+00
-0.563820612E+00-0.561618639E+00-0.559490948E+00-0.557436875E+00-0.555455719E+00
-0.553546741E+00-0.551709159E+00-0.549942157E+00-0.548244878E+00-0.546616430E+00
-0.545055881E+00-0.543562265E+00-0.542134580E+00-0.540771788E+00-0.539472817E+00
-0.538236564E+00-0.537061890E+00-0.535947627E+00-0.534892576E+00-0.533895508E+00
-0.532955166E+00-0.532070266E+00-0.531239497E+00-0.530461525E+00-0.529734988E+00
-0.529058506E+00-0.528430674E+00-0.527850069E+00-0.527315246E+00-0.526824746E+00
-0.526377088E+00-0.525970779E+00-0.525604312E+00-0.525276162E+00-0.524984796E+00
-0.524728668E+00-0.524506222E+00-0.524315891E+00-0.524156102E+00-0.524025274E+00
-0.523921818E+00-0.523844140E+00-0.523790643E+00-0.523759723E+00-0.523749773E+00
 0.140603797E+05 0.137258717E+05 0.133918392E+05 0.130584356E+05 0.127258142E+05
 0.123941283E+05 0.120635315E+05 0.117341769E+05 0.114062180E+05 0.110798081E+05
 0.107551006E+05 0.104322488E+05 0.101114062E+05 0.979272592E+04 0.947636149E+04
 0.916246623E+04 0.885119349E+04 0.854269663E+04 0.823712900E+04 0.793464398E+04
 0.763539490E+04 0.733953514E+04 0.704721805E+04 0.675859698E+04 0.647382530E+04
 0.619305636E+04 0.591644352E+04 0.564414014E+04 0.537629957E+04 0.511307518E+04
 0.485462032E+04 0.460108834E+04 0.435263261E+04 0.410940649E+04 0.387156333E+04
 0.363925648E+04 0.341263932E+04 0.319186519E+04 0.297708745E+04 0.276845946E+04
 0.256613458E+04 0.237026617E+04 0.218100758E+04 0.199851217E+04 0.182293330E+04
 0.165442433E+04 0.149313861E+04 0.133922950E+04 0.119285036E+04 0.105415456E+04
 0.923295432E+03 0.800426351E+03 0.685700672E+03 0.579271751E+03 0.481292946E+03
 0.391917616E+03 0.311299117E+03 0.239590808E+03 0.176946046E+03 0.123518189E+03
 0.794605951E+02 0.449266214E+02 0.200696258E+02 0.504296606E+01 0.000000000E+00
-0.152179073E+01-0.148099928E+01-0.144074794E+01-0.140103671E+01-0.136186559E+01
-0.132323458E+01-0.128514368E+01-0.124759289E+01-0.121058221E+01-0.117411164E+01
-0.113818118E+01-0.110279083E+01-0.106794059E+01-0.103363046E+01-0.999860441E+00
-0.966630533E+00-0.933940735E+00-0.901791046E+00-0.870181469E+00-0.839112001E+00
-0.808582643E+00-0.778593396E+00-0.749144259E+00-0.720235232E+00-0.691866315E+00
-0.664037508E+00-0.636748812E+00-0.610000226E+00-0.583791750E+00-0.558123384E+00
-0.532995128E+00-0.508406983E+00-0.484358948E+00-0.460851023E+00-0.437883208E+00
-0.415455503E+00-0.393567909E+00-0.372220424E+00-0.351413050E+00-0.331145786E+00
-0.311418633E+00-0.292231589E+00-0.273584656E+00-0.255477833E+00-0.237911120E+00
-0.220884517E+00-0.204398024E+00-0.188451642E+00-0.173045370E+00-0.158179208E+00
-0.143853156E+00-0.130067214E+00-0.116821383E+00-0.104115661E+00-0.919500503E-01
-0.803245494E-01-0.692391587E-01-0.586938782E-01-0.486887079E-01-0.392236478E-01
-0.302986978E-01-0.219138581E-01-0.140691285E-01-0.676450917E-02 0.000000000E+00
-0.214345915E+06-0.214090492E+06-0.213736855E+06-0.213285004E+06-0.212734940E+06
-0.212086662E+06-0.211340171E+06-0.210495465E+06-0.209552546E+06-0.208511413E+06
-0.207372067E+06-0.206134507E+06-0.204798733E+06-0.203364745E+06-0.201832544E+06
-0.200202129E+06-0.198473500E+06-0.196646657E+06-0.194721601E+06-0.192698331E+06
-0.190576848E+06-0.188357151E+06-0.186039240E+06-0.183623115E+06-0.181108776E+06
-0.178496224E+06-0.175785458E+06-0.172976479E+06-0.170069286E+06-0.167063879E+06
-0.163960258E+06-0.160758424E+06-0.157458376E+06-0.154060114E+06-0.150563638E+06
-0.146968949E+06-0.143276046E+06-0.139484930E+06-0.135595599E+06-0.131608055E+06
-0.127522298E+06-0.123338326E+06-0.119056141E+06-0.114675742E+06-0.110197130E+06
-0.105620303E+06-0.100945263E+06-0.961720098E+05-0.913005424E+05-0.863308613E+05
-0.812629665E+05-0.760968580E+05-0.708325358E+05-0.654699999E+05-0.600092502E+05
-0.544502869E+05-0.487931098E+05-0.430377191E+05-0.371841146E+05-0.312322965E+05
-0.251822646E+05-0.190340190E+05-0.127875597E+05-0.644288671E+04 0.000000000E+00
 4.653600326e-05 1.052002982e-04 1.871181054e-04 2.919524111e-04 4.193404959e-04
 5.688761107e-04 7.399923394e-04 9.313967667e-04 1.159406987e-03 1.461975108e-03
 1.803884203e-03 2.183363470e-03 2.614576655e-03 3.097937426e-03 3.642121484e-03
 4.255312585e-03 4.927200019e-03 5.670489209e-03 6.470233382e-03 7.328645907e-03
 8.240031824e-03 9.182715991e-03 1.016028331e-02 1.113638251e-02 1.210779326e-02
 1.305470912e-02 1.395817617e-02 1.483280717e-02 1.565195238e-02 1.644051404e-02
 1.718665328e-02 1.789007574e-02 1.857002907e-02 1.919647721e-02 1.980164845e-02
 2.035834134e-02 2.087366727e-02 2.135987681e-02 2.178553255e-02 2.217130476e-02
 2.249103631e-02 2.275727149e-02 2.296837263e-02 2.310458461e-02 2.319380975e-02
 2.319950711e-02 2.314434952e-02 2.301594876e-02 2.280192391e-02 2.253155904e-02
 2.216536315e-02 2.174241054e-02 2.124317923e-02 2.067556179e-02 2.007621016e-02
 1.942297154e-02 1.878320058e-02 1.815987243e-02 1.759157741e-02 1.715041377e-02
 1.682685549e-02 1.669610695e-02 1.673548530e-02 1.693019685e-02 1.729070017e-02
 4.760759729e-05 1.071480136e-04 1.895071339e-04 2.936589242e-04 4.184971814e-04
 5.628987468e-04 7.257922228e-04 9.094229663e-04 1.128545033e-03 1.429442917e-03
 1.769951660e-03 2.151210405e-03 2.579177050e-03 3.045702246e-03 3.647821797e-03
 4.334112586e-03 5.102272134e-03 5.957194688e-03 6.901902776e-03 7.934896054e-03
 9.049755023e-03 1.023354284e-02 1.146049915e-02 1.269471138e-02 1.389479630e-02
 1.502441587e-02 1.606501250e-02 1.701950317e-02 1.790385868e-02 1.873505361e-02
 1.952436908e-02 2.027688448e-02 2.099345562e-02 2.167266124e-02 2.231209924e-02
 2.290900913e-02 2.346050032e-02 2.396343693e-02 2.441421839e-02 2.480902829e-02
 2.514417245e-02 2.541596813e-02 2.562050111e-02 2.575350635e-02 2.581036027e-02
 2.578609001e-02 2.567547702e-02 2.547315185e-02 2.517375945e-02 2.477219207e-02
 2.426388724e-02 2.364535633e-02 2.291494141e-02 2.207409856e-02 2.112944478e-02
 2.009597450e-02 1.900183568e-02 1.789450051e-02 1.684668631e-02 1.595657001e-02
 1.533300766e-02 1.506111104e-02 1.516370370e-02 1.558981319e-02 1.624655746e-02
 5.132111757e-05 1.146877403e-04 2.009428893e-04 3.078684005e-04 4.332657027e-04
 5.754274546e-04 7.336736129e-04 9.112233402e-04 1.127494597e-03 1.373226469e-03
 1.671279112e-03 2.027823292e-03 2.439105171e-03 2.922580483e-03 3.507073882e-03
 4.216959385e-03 5.050498381e-03 6.015746976e-03 7.121435017e-03 8.372355453e-03
 9.769896798e-03 1.131103294e-02 1.297412032e-02 1.469695198e-02 1.633691703e-02
 1.773056700e-02 1.882804576e-02 1.972442752e-02 2.054989920e-02 2.136154581e-02
 2.216576818e-02 2.295429632e-02 2.371704498e-02 2.444538868e-02 2.513262331e-02
 2.577365258e-02 2.636448957e-02 2.690175755e-02 2.738226361e-02 2.780267181e-02
 2.815925845e-02 2.844771865e-02 2.866301778e-02 2.879929780e-02 2.884984077e-02
 2.880707907e-02 2.866263278e-02 2.840735153e-02 2.803133798e-02 2.752393581e-02
 2.687367758e-02 2.606821378e-02 2.509429808e-02 2.393801518e-02 2.258567869e-02
 2.102635901e-02 1.925819181e-02 1.730322838e-02 1.524062041e-02 1.327158568e-02
 1.178975148e-02 1.126328141e-02 1.182418781e-02 1.312991588e-02 1.473888831e-02
 6.096746542e-05 1.347499908e-04 2.324830149e-04 3.492182337e-04 4.798074676e-04
 6.196916043e-04 7.657391593e-04 9.200637021e-04 1.093854686e-03 1.282957639e-03
 1.502869456e-03 1.772011731e-03 2.100883134e-03 2.514008674e-03 3.041868158e-03
 3.716723809e-03 4.568316014e-03 5.620266908e-03 6.887554473e-03 8.376451087e-03
 1.009128576e-02 1.205930501e-02 1.431856398e-02 1.704591817e-02 1.990127681e-02
 2.168275504e-02 2.236799283e-02 2.261978643e-02 2.330841467e-02 2.414144827e-02
 2.501844144e-02 2.589209869e-02 2.673697238e-02 2.753868216e-02 2.828915305e-02
 2.898404201e-02 2.962110663e-02 3.019905218e-02 3.071666969e-02 3.117218465e-02
 3.156277796e-02 3.188425783e-02 3.213086812e-02 3.229521860e-02 3.236831647e-02
 3.233966759e-02 3.219740292e-02 3.192837196e-02 3.151813247e-02 3.095075285e-02
 3.020832714e-02 2.927007551e-02 2.811085065e-02 2.669876912e-02 2.499149281e-02
 2.293032388e-02 2.043061766e-02 1.736583600e-02 1.354003879e-02 8.629289160e-03
 1.269078639e-03-2.453491579e-04 5.099954045e-03 9.948455181e-03 1.358677836e-02
 8.332234642e-05 1.818264317e-04 3.079156536e-04 4.510292144e-04 5.997914863e-04
 7.433647663e-04 8.728604423e-04 9.858517851e-04 1.087502201e-03 1.172690229e-03
 1.249555067e-03 1.343810590e-03 1.472975787e-03 1.673061072e-03 1.998317725e-03
 2.516864490e-03 3.300310848e-03 4.405201258e-03 5.854852132e-03 7.633568549e-03
 9.697295203e-03 1.198966155e-02 1.444624987e-02 1.697034724e-02 1.936766630e-02
 2.141803973e-02 2.307151818e-02 2.446822111e-02 2.574402404e-02 2.694688252e-02
 2.808087827e-02 2.914017278e-02 3.012009372e-02 3.101946542e-02 3.184030908e-02
 3.258681083e-02 3.326414617e-02 3.387736416e-02 3.443041296e-02 3.492534384e-02
 3.536171413e-02 3.573620340e-02 3.604245224e-02 3.627112283e-02 3.641016375e-02
 3.644523582e-02 3.636022679e-02 3.613775362e-02 3.575952684e-02 3.520643456e-02
 3.445819171e-02 3.349238001e-02 3.228265230e-02 3.079574085e-02 2.898660260e-02
 2.679035857e-02 2.410817923e-02 2.078071038e-02 1.653318772e-02 1.084328683e-02
 2.907431563e-03 9.077393795e-04 6.925674469e-03 1.242186597e-02 1.633785951e-02
 1.319079194e-04 2.850110493e-04 4.754432268e-04 6.817915247e-04 8.807844881e-04
 1.049936828e-03 1.169880211e-03 1.226674038e-03 1.230728258e-03 1.159485612e-03
 1.016727247e-03 8.165281226e-04 5.704469477e-04 3.035486660e-04 9.333111651e-05
 9.534735851e-05 5.417541659e-04 1.648617472e-03 3.477479939e-03 5.895140829e-03
 8.670822410e-03 1.159992061e-02 1.454282221e-02 1.740374686e-02 2.010885947e-02
 2.260390665e-02 2.486217054e-02 2.688465632e-02 2.868804952e-02 3.029176352e-02
 3.171274405e-02 3.296627358e-02 3.406810051e-02 3.503556123e-02 3.588742879e-02
 3.664294526e-02 3.732052152e-02 3.793641914e-02 3.850356717e-02 3.903057555e-02
 3.952098109e-02 3.997277489e-02 4.037827732e-02 4.072442273e-02 4.099348306e-02
 4.116419996e-02 4.121322185e-02 4.111666944e-02 4.085159869e-02 4.039711459e-02
 3.973493028e-02 3.884926878e-02 3.772615653e-02 3.635234597e-02 3.471436105e-02
 3.279865070e-02 3.059505343e-02 2.810908171e-02 2.539774276e-02 2.266731458e-02
 2.047360169e-02 1.963889349e-02 2.030946128e-02 2.181174672e-02 2.353015293e-02
 2.328532299e-04 5.006968126e-04 8.286201444e-04 1.174004756e-03 1.490310992e-03
 1.733003035e-03 1.865582098e-03 1.867552546e-03 1.735855895e-03 1.464422916e-03
 1.055916812e-03 5.045157242e-04-2.268557732e-04-1.246726590e-03-2.719016659e-03
-4.576333639e-03-5.974549075e-03-5.040018949e-03-1.595287466e-03 3.212973198e-03
 7.774851055e-03 1.192418858e-02 1.573525644e-02 1.926411321e-02 2.253445387e-02
 2.554768074e-02 2.829370627e-02 3.075949632e-02 3.293531802e-02 3.481923533e-02
 3.642004170e-02 3.775824735e-02 3.886481613e-02 3.977805576e-02 4.053968522e-02
 4.119112945e-02 4.177062886e-02 4.231120324e-02 4.283918168e-02 4.337297672e-02
 4.392195697e-02 4.448551594e-02 4.505261454e-02 4.560211378e-02 4.610411728e-02
 4.652237307e-02 4.681759525e-02 4.695136870e-02 4.689009800e-02 4.660832097e-02
 4.609076036e-02 4.533282163e-02 4.433978744e-02 4.312549594e-02 4.171162730e-02
 4.012882610e-02 3.842080867e-02 3.665214780e-02 3.491850696e-02 3.335227334e-02
 3.210663599e-02 3.130573083e-02 3.099280728e-02 3.113994635e-02 3.160924158e-02
 4.350588984e-04 9.362513401e-04 1.548640635e-03 2.187085587e-03 2.755493167e-03
 3.161148002e-03 3.330854360e-03 3.227377511e-03 2.863179142e-03 2.277130956e-03
 1.556752300e-03 7.829972730e-04-2.146680436e-05-1.028725842e-03-2.577588797e-03
-5.104551335e-03-7.759136692e-03-6.754519549e-03-2.054232678e-03 4.624176012e-03
 1.001956753e-02 1.474596328e-02 1.906313904e-02 2.309152526e-02 2.687506499e-02
 3.040902493e-02 3.365559741e-02 3.655825651e-02 3.905949153e-02 4.112064901e-02
 4.273757544e-02 4.394527718e-02 4.481013089e-02 4.541490871e-02 4.584427177e-02
 4.617550908e-02 4.647490319e-02 4.679749258e-02 4.718759215e-02 4.767823437e-02
 4.828893673e-02 4.902246643e-02 4.986208922e-02 5.077075150e-02 5.169291289e-02
 5.255902595e-02 5.329245071e-02 5.381855838e-02 5.407513450e-02 5.402186653e-02
 5.364587539e-02 5.296127377e-02 5.200339502e-02 5.082071455e-02 4.946787042e-02
 4.800172565e-02 4.648047748e-02 4.496440734e-02 4.351609267e-02 4.219772323e-02
 4.106402589e-02 4.014574663e-02 3.954234300e-02 3.918193665e-02 3.901935990e-02
 8.198860711e-04 1.781624768e-03 2.979185395e-03 4.244606941e-03 5.362609652e-03
 6.113086717e-03 6.333641637e-03 5.950539705e-03 4.967715720e-03 3.440245891e-03
 1.742073644e-03 6.233778969e-04 4.486573888e-04 1.069706907e-03 1.841685432e-03
 2.673540353e-03 3.876871640e-03 5.825654193e-03 8.663235724e-03 1.221778904e-02
 1.618175670e-02 2.033464229e-02 2.457453151e-02 2.885636881e-02 3.313902868e-02
 3.734915458e-02 4.135529839e-02 4.496121948e-02 4.794102413e-02 5.012136549e-02
 5.146417073e-02 5.208441452e-02 5.218911447e-02 5.199246923e-02 5.166552924e-02
 5.132912822e-02 5.106842696e-02 5.095071503e-02 5.103790852e-02 5.138958454e-02
 5.205477972e-02 5.305588873e-02 5.437395672e-02 5.594365472e-02 5.765822923e-02
 5.937840185e-02 6.094196398e-02 6.217962715e-02 6.294433819e-02 6.314877298e-02
 6.279021514e-02 6.194393488e-02 6.072900736e-02 5.927003662e-02 5.767389754e-02
 5.602359824e-02 5.438172203e-02 5.279627104e-02 5.130519997e-02 4.993854334e-02
 4.871845210e-02 4.766032057e-02 4.682388542e-02 4.616757921e-02 4.564985770e-02
 1.467992687e-03 3.269053540e-03 5.659305962e-03 8.398329411e-03 1.094342895e-02
 1.243913525e-02 1.251091691e-02 1.147038684e-02 9.521909414e-03 6.483809213e-03
 2.550415623e-03 6.282831537e-04 1.313444017e-03 4.522883390e-03 6.998720155e-03
 9.090170551e-03 1.117478946e-02 1.348535615e-02 1.615163691e-02 1.922175264e-02
 2.269324204e-02 2.654955441e-02 3.078585852e-02 3.541733080e-02 4.047006464e-02
 4.594572673e-02 5.172324552e-02 5.733990175e-02 6.181992170e-02 6.419779689e-02
 6.428234362e-02 6.286925183e-02 6.092084648e-02 5.903546242e-02 5.738177562e-02
 5.599853463e-02 5.488944087e-02 5.404239531e-02 5.353094028e-02 5.347642576e-02
 5.407576796e-02 5.547360199e-02 5.765937537e-02 6.049177727e-02 6.373997441e-02
 6.716952140e-02 7.048444815e-02 7.325876664e-02 7.500406709e-02 7.539028396e-02
 7.448726723e-02 7.270632138e-02 7.050774345e-02 6.820304186e-02 6.594776113e-02
 6.381190763e-02 6.182171722e-02 5.998651473e-02 5.830991091e-02 5.679116596e-02
 5.542919604e-02 5.422391508e-02 5.321043616e-02 5.234989493e-02 5.161836217e-02
 2.289951863e-03 5.232370754e-03 9.473023039e-03 1.523497304e-02 2.248391345e-02
 2.542649157e-02 2.262609102e-02 1.990545019e-02 1.744997591e-02 1.505876936e-02
 1.296977863e-02 1.175707314e-02 1.172462121e-02 1.269535413e-02 1.412438992e-02
 1.577278777e-02 1.762930490e-02 1.974186759e-02 2.216540277e-02 2.494881137e-02
 2.813714727e-02 3.178188806e-02 3.595666419e-02 4.077990800e-02 4.645337326e-02
 5.334362586e-02 6.219424146e-02 7.485600702e-02 8.713278328e-02 9.025564049e-02
 8.366655119e-02 7.403959135e-02 6.828391117e-02 6.437177468e-02 6.150215561e-02
 5.926361309e-02 5.739446225e-02 5.568665323e-02 5.394715225e-02 5.216770410e-02
 5.174231318e-02 5.368687615e-02 5.790237602e-02 6.343843421e-02 6.926479220e-02
 7.561045093e-02 8.283830221e-02 9.050865645e-02 9.559889626e-02 9.551407169e-02
 9.049831556e-02 8.485720800e-02 8.026755585e-02 7.652650563e-02 7.339237998e-02
 7.070327783e-02 6.835462536e-02 6.627669684e-02 6.442906151e-02 6.277743845e-02
 6.130635806e-02 6.000437237e-02 5.886005574e-02 5.784482641e-02 5.693433573e-02
 2.979397111e-03 6.825712347e-03 1.237942988e-02 1.982289120e-02 2.869375495e-02
 3.231711449e-02 2.925362163e-02 2.653163857e-02 2.443157409e-02 2.273931797e-02
 2.144493507e-02 2.059518204e-02 2.024969856e-02 2.040424912e-02 2.100440805e-02
 2.198839787e-02 2.331675217e-02 2.497665840e-02 2.697507793e-02 2.933214960e-02
 3.207848283e-02 3.525646432e-02 3.892494863e-02 4.316669999e-02 4.809694239e-02
 5.386369847e-02 6.058790053e-02 6.796544557e-02 7.406722265e-02 7.648704485e-02
 7.484061346e-02 7.113527592e-02 6.758444125e-02 6.469431500e-02 6.238805485e-02
 6.050433143e-02 5.887385478e-02 5.730479615e-02 5.552787755e-02 5.317218347e-02
 5.225001710e-02 5.440983011e-02 5.986981817e-02 6.647494398e-02 7.299436694e-02
 8.008236059e-02 8.854787126e-02 9.937140233e-02 1.056681725e-01 1.049958603e-01
 9.739476531e-02 9.061951887e-02 8.563372682e-02 8.173156126e-02 7.852890182e-02
 7.581051033e-02 7.344928661e-02 7.136623364e-02 6.950999093e-02 6.784573077e-02
 6.634869638e-02 6.499999505e-02 6.378362182e-02 6.268508727e-02 6.169542741e-02
 3.411872371e-03 7.776683763e-03 1.398736495e-02 2.212036167e-02 3.158996640e-02
 3.550481973e-02 3.212569948e-02 3.037127712e-02 2.907937694e-02 2.796401202e-02
 2.705077499e-02 2.639619211e-02 2.603792041e-02 2.599621790e-02 2.627595103e-02
 2.687298698e-02 2.778123108e-02 2.899735976e-02 3.052266169e-02 3.236287196e-02
 3.452694050e-02 3.702497256e-02 3.986459909e-02 4.304374856e-02 4.653594556e-02
 5.026238110e-02 5.404790481e-02 5.758099463e-02 6.044625734e-02 6.231126615e-02
 6.309308040e-02 6.300228591e-02 6.240573377e-02 6.162126793e-02 6.084747642e-02
 6.018624247e-02 5.968799319e-02 5.939522599e-02 5.939178365e-02 5.985970805e-02
 6.107711084e-02 6.326518140e-02 6.642937760e-02 7.035541276e-02 7.475510387e-02
 7.936831039e-02 8.387240926e-02 8.772957786e-02 9.024458891e-02 9.097384510e-02
 9.007050652e-02 8.814665520e-02 8.581046977e-02 8.341703445e-02 8.112009683e-02
 7.897328268e-02 7.698828440e-02 7.516069986e-02 7.348061399e-02 7.193674892e-02
 7.051796217e-02 6.921366216e-02 6.801383094e-02 6.690904152e-02 6.589458835e-02
 3.670554745e-03 8.338441236e-03 1.492847209e-02 2.347397199e-02 3.329959810e-02
 3.749077542e-02 3.465138400e-02 3.331160843e-02 3.243126391e-02 3.162684892e-02
 3.094563076e-02 3.042265194e-02 3.008734372e-02 2.996248387e-02 3.006419108e-02
 3.040299394e-02 3.098540280e-02 3.181532135e-02 3.289482442e-02 3.422407939e-02
 3.580032091e-02 3.761576608e-02 3.965426114e-02 4.188644337e-02 4.426356600e-02
 4.671130394e-02 4.912713226e-02 5.138730211e-02 5.336838723e-02 5.497800976e-02
 5.620036576e-02 5.706682588e-02 5.766354717e-02 5.810219693e-02 5.849025542e-02
 5.892182866e-02 5.947869111e-02 6.023729561e-02 6.127577101e-02 6.267397965e-02
 6.450069542e-02 6.678942912e-02 6.951495602e-02 7.258391366e-02 7.584058045e-02
 7.907849602e-02 8.205446078e-02 8.451536452e-02 8.624798688e-02 8.713982137e-02
 8.721467526e-02 8.661380884e-02 8.553375389e-02 8.416283224e-02 8.264712610e-02
 8.108557602e-02 7.953919613e-02 7.804278639e-02 7.661444169e-02 7.526210170e-02
 7.398771869e-02 7.278979946e-02 7.166491737e-02 7.060843756e-02 6.960629753e-02
 3.843422174e-03 8.716817258e-03 1.557166040e-02 2.442138036e-02 3.458848550e-02
 3.914994509e-02 3.653445491e-02 3.553247452e-02 3.489348810e-02 3.429108626e-02
 3.374843150e-02 3.329337805e-02 3.295192900e-02 3.274683800e-02 3.269696001e-02
 3.281712081e-02 3.311829036e-02 3.360781503e-02 3.428949305e-02 3.516333951e-02
 3.622495942e-02 3.746452197e-02 3.886542153e-02 4.040285856e-02 4.204280518e-02
 4.374210574e-02 4.545064634e-02 4.711630627e-02 4.869250808e-02 5.014671623e-02
 5.146667512e-02 5.266358567e-02 5.377600343e-02 5.484361200e-02 5.591968862e-02
 5.705778142e-02 5.832185383e-02 5.976538737e-02 6.143989275e-02 6.338728151e-02
 6.563057617e-02 6.818109686e-02 7.102237385e-02 7.409975430e-02 7.730529683e-02
 8.045523686e-02 8.329323971e-02 8.557249681e-02 8.712785602e-02 8.789636150e-02
 8.792847842e-02 8.738729644e-02 8.648167968e-02 8.537266781e-02 8.416107912e-02
 8.290887574e-02 8.165446934e-02 8.042132501e-02 7.922315808e-02 7.806732277e-02
 7.695708561e-02 7.589314838e-02 7.487465470e-02 7.390002187e-02 7.297532527e-02
 3.981108877e-03 9.021419484e-03 1.609661282e-02 2.520609178e-02 3.566526215e-02
 4.052869720e-02 3.817860220e-02 3.734395084e-02 3.687163971e-02 3.637226675e-02
 3.587477446e-02 3.540871020e-02 3.500155194e-02 3.467742516e-02 3.445671778e-02
 3.435609846e-02 3.438866108e-02 3.456405466e-02 3.488851760e-02 3.536476899e-02
 3.599175868e-02 3.676434037e-02 3.767297152e-02 3.870359596e-02 3.983791406e-02
 4.105425907e-02 4.232923026e-02 4.364005673e-02 4.496745934e-02 4.629850685e-02
 4.762883329e-02 4.896367320e-02 5.031771093e-02 5.171500764e-02 5.318378720e-02
 5.475464752e-02 5.646542359e-02 5.835212007e-02 6.044975872e-02 6.279015071e-02
 6.540010959e-02 6.830748023e-02 7.154068536e-02 7.513345136e-02 7.914222102e-02
 8.373579051e-02 8.791216421e-02 9.090070902e-02 9.255234949e-02 9.277482207e-02
 9.158795707e-02 8.970036472e-02 8.820635745e-02 8.690137786e-02 8.570902826e-02
 8.459043159e-02 8.352386686e-02 8.249693766e-02 8.150237488e-02 8.053571649e-02
 7.959405601e-02 7.867540028e-02 7.777836722e-02 7.690192461e-02 7.603947795e-02
 4.110683654e-03 9.313291415e-03 1.661226942e-02 2.600016917e-02 3.674649271e-02
 4.185786820e-02 3.983950615e-02 3.917738067e-02 3.873774489e-02 3.819873911e-02
 3.761654066e-02 3.703182180e-02 3.647497093e-02 3.596996777e-02 3.553643076e-02
 3.519065910e-02 3.494617696e-02 3.481402478e-02 3.480291169e-02 3.491917687e-02
 3.516655990e-02 3.554604681e-02 3.605581710e-02 3.669135091e-02 3.744577688e-02
 3.831056123e-02 3.927656760e-02 4.033503082e-02 4.147871830e-02 4.270308765e-02
 4.400725314e-02 4.539459252e-02 4.687284533e-02 4.845376829e-02 5.015250719e-02
 5.198697596e-02 5.397732440e-02 5.614550397e-02 5.851536622e-02 6.111369490e-02
 6.397230732e-02 6.713094824e-02 7.064206829e-02 7.458235383e-02 7.907184389e-02
 8.423982624e-02 8.890432484e-02 9.208882722e-02 9.379807092e-02 9.398470108e-02
 9.258767137e-02 9.053504315e-02 8.900575648e-02 8.781181662e-02 8.681348638e-02
 8.592884498e-02 8.510907051e-02 8.432462257e-02 8.355755302e-02 8.279705162e-02
 8.203678979e-02 8.127330713e-02 8.050504391e-02 7.973194750e-02 7.895862938e-02
 4.237813142e-03 9.606557102e-03 1.715051705e-02 2.688006306e-02 3.814316608e-02
 4.402732175e-02 4.270767532e-02 4.162602503e-02 4.076701898e-02 3.992218829e-02
 3.908389719e-02 3.826242553e-02 3.747072379e-02 3.672223948e-02 3.603020847e-02
 3.540733615e-02 3.486564229e-02 3.441640533e-02 3.407070459e-02 3.383940750e-02
 3.373161277e-02 3.375454326e-02 3.391343756e-02 3.421145448e-02 3.464957014e-02
 3.522693085e-02 3.594361219e-02 3.679887077e-02 3.779168052e-02 3.892127066e-02
 4.018775042e-02 4.159295246e-02 4.314017606e-02 4.483405237e-02 4.668041393e-02
 4.868604525e-02 5.085837625e-02 5.320526382e-02 5.573509713e-02 5.845806651e-02
 6.139268847e-02 6.458804748e-02 6.807670900e-02 7.185460977e-02 7.594008265e-02
 8.031039097e-02 8.432998525e-02 8.728215069e-02 8.905661258e-02 8.952493725e-02
 8.915817457e-02 8.870208954e-02 8.821413840e-02 8.776053571e-02 8.733028204e-02
 8.690588240e-02 8.647105453e-02 8.601342124e-02 8.552468731e-02 8.500002252e-02
 8.443727813e-02 8.383623915e-02 8.319795046e-02 8.252425040e-02 8.182545888e-02
 4.346055387e-03 9.857007789e-03 1.761177781e-02 2.763581052e-02 3.926598659e-02
 4.562443403e-02 4.492497342e-02 4.359592759e-02 4.239213779e-02 4.123282409e-02
 4.011059219e-02 3.901880737e-02 3.795804254e-02 3.693350674e-02 3.595316864e-02
 3.502663842e-02 3.416452842e-02 3.337984940e-02 3.268763861e-02 3.210260759e-02
 3.163882162e-02 3.130942308e-02 3.112639137e-02 3.110034544e-02 3.124040901e-02
 3.155418250e-02 3.204781434e-02 3.272573704e-02 3.359036586e-02 3.464161435e-02
 3.587659105e-02 3.729723185e-02 3.890348442e-02 4.069390291e-02 4.266663942e-02
 4.481927037e-02 4.714814758e-02 4.964769324e-02 5.230897960e-02 5.511661836e-02
 5.804006409e-02 6.110745327e-02 6.451785871e-02 6.803099325e-02 7.154943923e-02
 7.494656023e-02 7.806508563e-02 8.075448860e-02 8.292238518e-02 8.455965486e-02
 8.573775495e-02 8.656669319e-02 8.714484287e-02 8.753850041e-02 8.778645852e-02
 8.791029042e-02 8.792221697e-02 8.783003276e-02 8.763986038e-02 8.735752673e-02
 8.698913246e-02 8.654118015e-02 8.602048154e-02 8.543372883e-02 8.477225672e-02
 4.418439759e-03 1.002077807e-02 1.790220189e-02 2.808321629e-02 3.988665214e-02
 4.640338381e-02 4.580737439e-02 4.449174924e-02 4.318068284e-02 4.185818636e-02
 4.053010850e-02 3.920279298e-02 3.788254461e-02 3.657666780e-02 3.529377397e-02
 3.404377657e-02 3.284014268e-02 3.170062315e-02 3.064386102e-02 2.968903504e-02
 2.885549342e-02 2.816238209e-02 2.762826941e-02 2.727077220e-02 2.710618970e-02
 2.714914994e-02 2.741226116e-02 2.790574060e-02 2.863705277e-02 2.961059202e-02
 3.082748811e-02 3.228560495e-02 3.397834321e-02 3.589314574e-02 3.802134122e-02
 4.035437215e-02 4.288042112e-02 4.558588797e-02 4.845457450e-02 5.146748255e-02
 5.460269609e-02 5.782831565e-02 6.106143155e-02 6.453958726e-02 6.803253745e-02
 7.136663980e-02 7.449782775e-02 7.736825527e-02 7.993305158e-02 8.216966341e-02
 8.407864317e-02 8.567760008e-02 8.699236069e-02 8.804971381e-02 8.887368538e-02
 8.948475221e-02 8.990053545e-02 9.013685491e-02 9.020859539e-02 9.013022531e-02
 8.991599793e-02 8.957993217e-02 8.913567957e-02 8.859659769e-02 8.798622491e-02
 4.454690249e-03 1.010033195e-02 1.803699735e-02 2.827849181e-02 4.017612515e-02
 4.680901134e-02 4.609946071e-02 4.475280586e-02 4.335160572e-02 4.188955596e-02
 4.037872452e-02 3.882998983e-02 3.725358478e-02 3.565973792e-02 3.405916522e-02
 3.246573785e-02 3.089950938e-02 2.938222541e-02 2.793711439e-02 2.658858837e-02
 2.536187042e-02 2.428255698e-02 2.337612471e-02 2.266739237e-02 2.217994998e-02
 2.193556872e-02 2.195360438e-02 2.225040918e-02 2.283877004e-02 2.372739178e-02
 2.492043691e-02 2.641711348e-02 2.821124768e-02 3.029099838e-02 3.263893532e-02
 3.523064347e-02 3.803863165e-02 4.104575561e-02 4.423072002e-02 4.757027049e-02
 5.103889319e-02 5.460903429e-02 5.825125935e-02 6.192975555e-02 6.559415056e-02
 6.918351581e-02 7.263853133e-02 7.590683298e-02 7.894457875e-02 8.171775526e-02
 8.420281220e-02 8.638618728e-02 8.826298491e-02 8.983538012e-02 9.111119736e-02
 9.210280929e-02 9.282626939e-02 9.330052565e-02 9.354661513e-02 9.358682344e-02
 9.344385473e-02 9.314007825e-02 9.269690509e-02 9.213421185e-02 9.146620671e-02
 4.463527710e-03 1.011796370e-02 1.806233415e-02 2.830552104e-02 4.014744461e-02
 4.665073411e-02 4.603485727e-02 4.461315147e-02 4.309145568e-02 4.147067991e-02
 3.976284018e-02 3.797922927e-02 3.613093222e-02 3.422915973e-02 3.228729124e-02
 3.032694772e-02 2.837207842e-02 2.644893105e-02 2.458589233e-02 2.281320764e-02
 2.116258188e-02 1.966666794e-02 1.835845303e-02 1.727055739e-02 1.643446481e-02
 1.587970858e-02 1.563303979e-02 1.571760705e-02 1.615217694e-02 1.695042245e-02
 1.812030074e-02 1.966353345e-02 2.157519797e-02 2.384343899e-02 2.644929438e-02
 2.936654919e-02 3.256180643e-02 3.599398415e-02 3.962546643e-02 4.343069357e-02
 4.738192420e-02 5.144841936e-02 5.559556257e-02 5.978385316e-02 6.396839993e-02
 6.809958549e-02 7.212481797e-02 7.599069395e-02 7.964516260e-02 8.303967980e-02
 8.613138814e-02 8.888523618e-02 9.127584059e-02 9.328883453e-02 9.492144854e-02
 9.618215568e-02 9.708937273e-02 9.766939775e-02 9.795391148e-02 9.797742273e-02
 9.777498785e-02 9.738041455e-02 9.682502312e-02 9.613686732e-02 9.533942036e-02
 4.453668769e-03 1.009389450e-02 1.801508099e-02 2.822312793e-02 4.004246437e-02
 4.654264770e-02 4.573980111e-02 4.420142168e-02 4.252493455e-02 4.071596890e-02
 3.878416646e-02 3.673943616e-02 3.459198908e-02 3.235257397e-02 3.004265208e-02
 2.768681991e-02 2.531281806e-02 2.295150866e-02 2.063672430e-02 1.840497116e-02
 1.629497851e-02 1.434709428e-02 1.260253459e-02 1.110250383e-02 9.887210835e-03
 8.994814687e-03 8.460339922e-03 8.314605412e-03 8.583211747e-03 9.285629467e-03
 1.043442404e-02 1.203464414e-02 1.408338758e-02 1.656954723e-02 1.947372306e-02
 2.276827593e-02 2.641749943e-02 3.037785602e-02 3.459831267e-02 3.901901068e-02
 4.361344031e-02 4.835208615e-02 5.320181462e-02 5.812471129e-02 6.307698326e-02
 6.800808725e-02 7.286026092e-02 7.756870657e-02 8.206278925e-02 8.626866608e-02
 9.011360572e-02 9.353180298e-02 9.647085248e-02 9.889751398e-02 1.008013076e-01
 1.021949435e-01 1.031114617e-01 1.035988779e-01 1.037137253e-01 1.035149337e-01
 1.030590498e-01 1.023971768e-01 1.015735005e-01 1.006252123e-01 9.959279272e-02
 4.431553013e-03 1.004255244e-02 1.792045596e-02 2.806898025e-02 3.980203537e-02
 4.618602542e-02 4.528193138e-02 4.359862132e-02 4.173947098e-02 3.971429385e-02
 3.753040421e-02 3.519544350e-02 3.271756375e-02 3.011390973e-02 2.740793075e-02
 2.462697794e-02 2.180246276e-02 1.896988419e-02 1.616869616e-02 1.344199432e-02
 1.083600755e-02 8.399388750e-03 6.182310779e-03 4.235386381e-03 2.608443676e-03
 1.349201556e-03 5.018995109e-04 1.059434303e-04 1.946313481e-04 7.940203078e-04
 1.921987285e-03 3.587523860e-03 5.790287312e-03 8.520410783e-03 1.175855471e-02
 1.547616069e-02 1.963585101e-02 2.419189831e-02 2.909068372e-02 3.427101164e-02
 3.966439030e-02 4.524530049e-02 5.098827283e-02 5.686270751e-02 6.283039600e-02
 6.884237565e-02 7.483525197e-02 8.072752026e-02 8.641714583e-02 9.178256042e-02
 9.668961569e-02 1.010057730e-01 1.046195460e-01 1.074597421e-01 1.095080526e-01
 1.108006699e-01 1.114184732e-01 1.114693830e-01 1.110690974e-01 1.103259240e-01
 1.093322558e-01 1.081619650e-01 1.068715068e-01 1.055024083e-01 1.040684782e-01
 4.401731232e-03 9.974042110e-03 1.779596148e-02 2.786949701e-02 3.948745329e-02
 4.570552897e-02 4.473059550e-02 4.286841299e-02 4.080497245e-02 3.854137548e-02
 3.608198741e-02 3.343152078e-02 3.060050160e-02 2.760930979e-02 2.448285901e-02
 2.125093707e-02 1.794843686e-02 1.461543727e-02 1.129709769e-02 8.043333802e-03
 4.908251072e-03 1.949324044e-03-7.736755707e-04-3.199981772e-03-5.269329623e-03
-6.923586834e-03-8.108450126e-03-8.775124128e-03-8.881895887e-03-8.395520632e-03
-7.292344614e-03-5.559108012e-03-3.193393774e-03-2.037146394e-04 3.390741712e-03
 7.560663088e-03 1.226738883e-02 1.746382163e-02 2.309536688e-02 2.910078109e-02
 3.541281551e-02 4.196823732e-02 4.875815265e-02 5.577137352e-02 6.299086568e-02
 7.038822168e-02 7.791496681e-02 8.548946281e-02 9.297923560e-02 1.001830485e-01
 1.068270367e-01 1.125963901e-01 1.172054995e-01 1.204737008e-01 1.223713859e-01
 1.230244278e-01 1.226748555e-01 1.216081005e-01 1.200821932e-01 1.182925034e-01
 1.163711237e-01 1.144011949e-01 1.124323530e-01 1.104928717e-01 1.086072265e-01
 4.367581049e-03 9.895867444e-03 1.765460941e-02 2.764463851e-02 3.920484074e-02
 4.539616865e-02 4.410648760e-02 4.206495844e-02 3.978407780e-02 3.726802023e-02
 3.451824031e-02 3.153663202e-02 2.833897204e-02 2.494595316e-02 2.138369589e-02
 1.768419329e-02 1.388563962e-02 1.003259048e-02 6.175904465e-03 2.372422549e-03
-1.315648668e-03-4.821669627e-03-8.075817257e-03-1.100662997e-02-1.354280268e-02
-1.561516245e-02-1.715873401e-02-1.811478907e-02-1.843276540e-02-1.807194390e-02
-1.700278368e-02-1.520783690e-02-1.268219406e-02-9.433443460e-03-5.481163209e-03
-8.559951133e-04 4.401623961e-03 1.024297924e-02 1.661273844e-02 2.345064146e-02
 3.069308977e-02 3.827449502e-02 4.617013339e-02 5.440414974e-02 6.300554785e-02
 7.200622018e-02 8.143507494e-02 9.130330602e-02 1.015680604e-01 1.120403412e-01
 1.221820700e-01 1.309894224e-01 1.375024637e-01 1.412157324e-01 1.420716655e-01
 1.405023637e-01 1.374158160e-01 1.337778243e-01 1.301195163e-01 1.266431362e-01
 1.234081901e-01 1.204173533e-01 1.176515670e-01 1.150848732e-01 1.126909611e-01
 4.331841387e-03 9.814159262e-03 1.750715383e-02 2.741028260e-02 3.881501112e-02
 4.477689617e-02 4.347342552e-02 4.123795295e-02 3.873542998e-02 3.596254639e-02
 3.291696282e-02 2.960391784e-02 2.603893104e-02 2.224299856e-02 1.824331025e-02
 1.407386837e-02 9.775960132e-03 5.398429319e-03 9.976898177e-04-3.362573011e-03
-7.612057510e-03-1.167488577e-02-1.547103451e-02-1.891813525e-02-2.193359138e-02
-2.443692891e-02-2.635226921e-02-2.761079127e-02-2.815303935e-02-2.793093320e-02
-2.690935227e-02-2.506719184e-02-2.239782489e-02-1.890894520e-02-1.462180819e-02
-9.569922741e-03-3.797272822e-03 2.643840030e-03 9.695248688e-03 1.729560980e-02
 2.538332933e-02 3.389981141e-02 4.279325496e-02 5.211397208e-02 6.194307291e-02
 7.239289451e-02 8.362041358e-02 9.584928087e-02 1.094100884e-01 1.248341289e-01
 1.432192680e-01 1.591944786e-01 1.695477391e-01 1.736212886e-01 1.712088296e-01
 1.633756262e-01 1.529110944e-01 1.449799464e-01 1.386171555e-01 1.333512613e-01
 1.288890189e-01 1.250310493e-01 1.216360805e-01 1.186013306e-01 1.158453776e-01
 4.296900472e-03 9.734308552e-03 1.736315719e-02 2.718184091e-02 3.849004945e-02
 4.434647553e-02 4.285418290e-02 4.043435063e-02 3.771742761e-02 3.469625579e-02
 3.136514530e-02 2.773295050e-02 2.381439867e-02 1.963040748e-02 1.520890652e-02
 1.058558335e-02 5.804484672e-03 9.183999896e-04-4.011045446e-03-8.913657184e-03
-1.371135549e-02-1.831931586e-02-2.264757888e-02-2.660310902e-02-3.009224405e-02
-3.302343804e-02-3.531016511e-02-3.687382384e-02-3.764646678e-02-3.757317978e-02
-3.661395293e-02-3.474491724e-02-3.195886634e-02-2.826503376e-02-2.368814842e-02
-1.826683628e-02-1.205146851e-02-5.101571710e-03 2.517089928e-03 1.073567907e-02
 1.948566653e-02 2.870247841e-02 3.832956858e-02 4.836913959e-02 5.891748392e-02
 7.010938465e-02 8.213789991e-02 9.528770697e-02 1.099927433e-01 1.269381554e-01
 1.476404267e-01 1.639686322e-01 1.794624055e-01 1.817455989e-01 1.783595787e-01
 1.692880594e-01 1.572411319e-01 1.483417155e-01 1.413832126e-01 1.357576264e-01
 1.310737837e-01 1.270739766e-01 1.235833538e-01 1.204800962e-01 1.176882474e-01
 4.264900033e-03 9.661176991e-03 1.723130316e-02 2.697274888e-02 3.820861495e-02
 4.399440297e-02 4.228010506e-02 3.969883515e-02 3.678543407e-02 3.353584268e-02
 2.994546190e-02 2.602270100e-02 2.178164778e-02 1.724309048e-02 1.243550895e-02
 7.395978071e-03 2.170912045e-03-3.183430941e-03-8.600768109e-03-1.400501740e-02
-1.931099962e-02-2.442566791e-02-2.924988502e-02-3.368073006e-02-3.761427165e-02
-4.094869766e-02-4.358764870e-02-4.544356803e-02-4.644086192e-02-4.651866333e-02
-4.563301226e-02-4.375830548e-02-4.088792287e-02-3.703400188e-02-3.222639577e-02
-2.651090940e-02-1.994695009e-02-1.260475626e-02-4.562370526e-03 4.097492171e-03
 1.329056671e-02 2.293408664e-02 3.294976313e-02 4.326676357e-02 5.392344117e-02
 6.499285044e-02 7.656403781e-02 8.874053512e-02 1.016283957e-01 1.152805383e-01
 1.292794513e-01 1.413211400e-01 1.505501186e-01 1.556311014e-01 1.560877549e-01
 1.526299360e-01 1.471688587e-01 1.419590849e-01 1.373296482e-01 1.332382055e-01
 1.296006705e-01 1.263347491e-01 1.233698241e-01 1.206480516e-01 1.181086313e-01
 4.237735292e-03 9.599088609e-03 1.711935960e-02 2.679499947e-02 3.791028401e-02
 4.350891217e-02 4.180615975e-02 3.907447001e-02 3.599367565e-02 3.254963711e-02
 2.873912823e-02 2.456950404e-02 2.005414314e-02 1.521358152e-02 1.007663232e-02
 4.681421449e-03-9.237415412e-04-6.679748085e-03-1.251642696e-02-1.835272684e-02
-2.409742846e-02-2.965044809e-02-3.490476037e-02-3.974892520e-02-4.407015210e-02
-4.775778138e-02-5.070701134e-02-5.282266039e-02-5.402272984e-02-5.424153228e-02
-5.343217319e-02-5.156821986e-02-4.864445645e-02-4.467669954e-02-3.970072680e-02
-3.377044157e-02-2.695545280e-02-1.933828694e-02-1.101146668e-02-2.074694356e-03
 7.367624446e-03 1.720827365e-02 2.733824728e-02 3.764648544e-02 4.805642017e-02
 5.856876889e-02 6.916496152e-02 7.978996494e-02 9.032289688e-02 1.005341061e-01
 1.100507038e-01 1.183946308e-01 1.251089637e-01 1.298800195e-01 1.326343961e-01
 1.335853725e-01 1.331694165e-01 1.318787160e-01 1.301025384e-01 1.280874577e-01
 1.259732943e-01 1.238352001e-01 1.217119759e-01 1.196227373e-01 1.175836620e-01
 4.216998421e-03 9.551685997e-03 1.703389092e-02 2.665958415e-02 3.775028917e-02
 4.335987804e-02 4.143348742e-02 3.859744362e-02 3.538901813e-02 3.179632311e-02
 2.781751253e-02 2.345904749e-02 1.873366990e-02 1.366163083e-02 8.271909871e-03
 2.603353742e-03-3.294352712e-03-9.359982186e-03-1.552043295e-02-2.169087422e-02
-2.777546295e-02-3.366870278e-02-3.925748037e-02-4.442376657e-02-4.904791343e-02
-5.301241842e-02-5.620597073e-02-5.852754945e-02-5.989031695e-02-6.022504946e-02
-5.948287192e-02-5.763711646e-02-5.468419631e-02-5.064347280e-02-4.555618073e-02
-3.948355772e-02-3.250438674e-02-2.471220297e-02-1.621243509e-02-7.119749931e-03
 2.444147131e-03 1.235202732e-02 2.247176713e-02 3.266591908e-02 4.279010268e-02
 5.278787878e-02 6.260574322e-02 7.216191775e-02 8.134016788e-02 8.998761945e-02
 9.792198172e-02 1.049523592e-01 1.109115155e-01 1.156903476e-01 1.192630070e-01
 1.216930604e-01 1.231169117e-01 1.237106279e-01 1.236545551e-01 1.231087971e-01
 1.222031653e-01 1.210373937e-01 1.196859502e-01 1.182037927e-01 1.166350468e-01
 4.203903415e-03 9.521747340e-03 1.697990371e-02 2.657385340e-02 3.759890504e-02
 4.310866295e-02 4.120320908e-02 3.829660773e-02 3.500773410e-02 3.132144200e-02
 2.723663107e-02 2.275916180e-02 1.790134137e-02 1.268320738e-02 7.133810081e-03
 1.292417250e-03-4.790449838e-03-1.105225379e-02-1.741806380e-02-2.380067559e-02
-3.010132955e-02-3.621110420e-02-4.201302491e-02-4.738487717e-02-5.220265459e-02
-5.634450749e-02-5.969499785e-02-6.214941808e-02-6.361790214e-02-6.402905584e-02
-6.333286010e-02-6.150265625e-02-5.853610070e-02-5.445506777e-02-4.930457350e-02
-4.315087835e-02-3.607899335e-02-2.818985583e-02-1.959745555e-02-1.042617980e-02
-8.086121854e-04 9.116033554e-03 1.920272964e-02 2.930066608e-02 3.925255836e-02
 4.895408821e-02 5.835189935e-02 6.737493330e-02 7.593567886e-02 8.393404237e-02
 9.126462185e-02 9.782730480e-02 1.035397862e-01 1.083493960e-01 1.122412112e-01
 1.152401553e-01 1.174065032e-01 1.188262663e-01 1.195993827e-01 1.198287462e-01
 1.196120267e-01 1.190367908e-01 1.181784038e-01 1.170996291e-01 1.158421502e-01
 4.199225791e-03 9.511047278e-03 1.696059080e-02 2.654311476e-02 3.754510384e-02
 4.301533937e-02 4.112199403e-02 3.818956021e-02 3.487292391e-02 3.115419783e-02
 2.703255811e-02 2.251368746e-02 1.760975849e-02 1.234074306e-02 6.735720293e-03
 8.341065958e-04-5.313284660e-03-1.164345941e-02-1.808084930e-02-2.453742229e-02
-3.091340099e-02-3.709866792e-02-4.297489935e-02-4.841841779e-02-5.330369276e-02
-5.750735392e-02-6.091251931e-02-6.341319121e-02-6.491844346e-02-6.535612141e-02
-6.467580330e-02-6.285082889e-02-5.987928047e-02-5.578389546e-02-5.061098556e-02
-4.442852421e-02-3.732363127e-02-2.939972468e-02-2.077362108e-02-1.157285004e-02
-1.933403463e-03 8.001924770e-03 1.808454262e-02 2.816045437e-02 3.807023986e-02
 4.769460681e-02 5.698241377e-02 6.586808226e-02 7.427398281e-02 8.211477106e-02
 8.930380782e-02 9.576125315e-02 1.014227821e-01 1.062473775e-01 1.102225753e-01
 1.133659903e-01 1.157228367e-01 1.173601547e-01 1.183591843e-01 1.188075242e-01
 1.187923894e-01 1.183956805e-01 1.176909851e-01 1.167424851e-01 1.156154399e-01
 4.203260250e-03 9.520270229e-03 1.697721586e-02 2.656962853e-02 3.762942367e-02
 4.320867886e-02 4.118489629e-02 3.828350288e-02 3.499335405e-02 3.130521315e-02
 2.721818538e-02 2.273817858e-02 1.787753280e-02 1.265631336e-02 7.103598185e-03
 1.258685907e-03-4.827866011e-03-1.109347715e-02-1.746316587e-02-2.384966884e-02
-3.015415914e-02-3.626764030e-02-4.207305600e-02-4.744810482e-02-5.226868990e-02
-5.641286936e-02-5.976511301e-02-6.222062226e-02-6.368944173e-02-6.410008886e-02
-6.340245491e-02-6.156978633e-02-5.859963337e-02-5.451374455e-02-4.935697985e-02
-4.319540048e-02-3.611376001e-02-2.821266381e-02-1.960567886e-02-1.041666543e-02
-7.775699766e-04 9.173130609e-03 1.929120460e-02 2.942660419e-02 3.942258802e-02
 4.917715164e-02 5.863678984e-02 6.772913825e-02 7.636374972e-02 8.443569882e-02
 9.183307340e-02 9.844846264e-02 1.041929535e-01 1.090096018e-01 1.128827443e-01
 1.158403392e-01 1.179486123e-01 1.193008506e-01 1.200039436e-01 1.201662959e-01
 1.198892598e-01 1.192624434e-01 1.183620952e-01 1.172512561e-01 1.159712974e-01
 4.215775355e-03 9.548891206e-03 1.702884732e-02 2.665141548e-02 3.770104819e-02
 4.322380958e-02 4.141719804e-02 3.857370260e-02 3.536179500e-02 3.176508499e-02
 2.778171181e-02 2.341815444e-02 1.868718285e-02 1.360908343e-02 8.212879606e-03
 2.537472413e-03-3.367386610e-03-9.440389434e-03-1.560833848e-02-2.178629161e-02
-2.787827928e-02-3.377866483e-02-3.937418301e-02-4.454664405e-02-4.917623419e-02
-5.314528361e-02-5.634231616e-02-5.866615013e-02-6.002979283e-02-6.036387014e-02
-5.961935771e-02-5.776943230e-02-5.481033479e-02-5.076122166e-02-4.566307027e-02
-3.957678263e-02-3.258069692e-02-2.476775723e-02-1.624261237e-02-7.118913047e-03
 2.482936396e-03 1.243733649e-02 2.261414489e-02 3.287822716e-02 4.308777042e-02
 5.319203428e-02 6.313976165e-02 7.284941369e-02 8.220090192e-02 9.103104695e-02
 9.913964352e-02 1.063123264e-01 1.123585349e-01 1.171532242e-01 1.206677805e-01
 1.229777568e-01 1.242420638e-01 1.246616026e-01 1.244366176e-01 1.237393333e-01
 1.227048800e-01 1.214338649e-01 1.199992809e-01 1.184536625e-01 1.168392093e-01
 4.236009633e-03 9.595159475e-03 1.711230593e-02 2.678398867e-02 3.791561420e-02
 4.356332672e-02 4.177394564e-02 3.904109566e-02 3.595511262e-02 3.250494220e-02
 2.868760309e-02 2.451046739e-02 1.998694227e-02 1.513760585e-02 9.991328168e-03
 4.586308518e-03-1.029051904e-03-6.795533179e-03-1.264283217e-02-1.848974513e-02
-2.424488102e-02-2.980796726e-02-3.507177613e-02-3.992465622e-02-4.425360207e-02
-4.794774102e-02-5.090206569e-02-5.302120032e-02-5.422296602e-02-5.444150881e-02
-5.362977742e-02-5.176118406e-02-4.883034632e-02-4.485288379e-02-3.986432109e-02
-3.391821915e-02-2.708371257e-02-1.944266732e-02-1.108669036e-02-2.114224224e-03
 7.372044366e-03 1.726722627e-02 2.746544088e-02 3.785977375e-02 4.838197472e-02
 5.904169933e-02 6.983152736e-02 8.070917461e-02 9.156444771e-02 1.021647576e-01
 1.120992350e-01 1.208115499e-01 1.277600621e-01 1.325677038e-01 1.351428137e-01
 1.357472397e-01 1.349180417e-01 1.332387736e-01 1.311396102e-01 1.288710083e-01
 1.265631209e-01 1.242792979e-01 1.220479328e-01 1.198797497e-01 1.177825189e-01
 4.262732762e-03 9.656253661e-03 1.722249224e-02 2.695887363e-02 3.817876650e-02
 4.393855349e-02 4.224822834e-02 3.965737998e-02 3.673688749e-02 3.347926412e-02
 2.988002419e-02 2.594761401e-02 2.169616509e-02 1.714652161e-02 1.232723553e-02
 7.275472979e-03 2.037760578e-03-3.329508430e-03-8.759893154e-03-1.417713107e-02
-1.949584220e-02-2.462276211e-02-2.945852409e-02-3.389997209e-02-3.784294102e-02
-4.118539401e-02-4.383076309e-02-4.569130543e-02-4.669126786e-02-4.676965219e-02
-4.588239346e-02-4.400380338e-02-4.112718541e-02-3.726459242e-02-3.244576180e-02
-2.671632084e-02-2.013539793e-02-1.277279936e-02-4.705913151e-03 3.983518495e-03
 1.321265806e-02 2.290082585e-02 3.297279756e-02 4.336234406e-02 5.411630085e-02
 6.532005609e-02 7.708224947e-02 8.953903790e-02 1.028550526e-01 1.172055580e-01
 1.326197398e-01 1.455506078e-01 1.556983037e-01 1.609147337e-01 1.607469029e-01
 1.560212028e-01 1.491653598e-01 1.432707132e-01 1.382183040e-01 1.338492264e-01
 1.300240703e-01 1.266294997e-01 1.235761300e-01 1.207942796e-01 1.182183475e-01
 4.294328283e-03 9.728475745e-03 1.735274308e-02 2.716543453e-02 3.845367883e-02
 4.426539296e-02 4.281411697e-02 4.038555157e-02 3.766006195e-02 3.462933403e-02
 3.128757366e-02 2.764392810e-02 2.371316896e-02 1.951627864e-02 1.508127167e-02
 1.044394192e-02 5.648464979e-03 7.477823090e-04-4.196306078e-03-9.113409768e-03
-1.392523491e-02-1.854672941e-02-2.288769903e-02-2.685487386e-02-3.035436646e-02
-3.329442410e-02-3.558834163e-02-3.715737422e-02-3.793347345e-02-3.786167099e-02
-3.690195081e-02-3.503048396e-02-3.224014456e-02-2.854027794e-02-2.395574348e-02
-1.852530025e-02-1.229943610e-02-5.337755298e-03 2.293966374e-03 1.052698026e-02
 1.929299381e-02 2.852788806e-02 3.817589428e-02 4.823887898e-02 5.881566576e-02
 7.004491431e-02 8.212594652e-02 9.535389302e-02 1.101794400e-01 1.273054394e-01
 1.477120690e-01 1.654879720e-01 1.770337065e-01 1.816348895e-01 1.787930700e-01
 1.695479709e-01 1.575970834e-01 1.485297385e-01 1.414622528e-01 1.357693036e-01
 1.310446444e-01 1.270213234e-01 1.235190178e-01 1.204125532e-01 1.176226677e-01
 4.328871749e-03 9.807436759e-03 1.749517855e-02 2.739171500e-02 3.883103260e-02
 4.487228114e-02 4.341966132e-02 4.118211293e-02 3.866989305e-02 3.588612735e-02
 3.282853380e-02 2.950268918e-02 2.592418664e-02 2.211410927e-02 1.809975135e-02
 1.391523839e-02 9.602000822e-03 5.209046089e-03 7.929714700e-04-3.582336694e-03
-7.846361991e-03-1.192300354e-02-1.573201415e-02-1.919080922e-02-2.221659377e-02
-2.472872375e-02-2.665118946e-02-2.791508788e-02-2.846093925e-02-2.824070452e-02
-2.721937475e-02-2.537603027e-02-2.270430387e-02-1.921222378e-02-1.492145457e-02
-9.865990589e-03-4.090383810e-03 2.352398970e-03 9.403398717e-03 1.700029925e-02
 2.508025486e-02 3.358298033e-02 4.245432661e-02 5.173793167e-02 6.150969852e-02
 7.187313706e-02 8.297000618e-02 9.499690515e-02 1.082348470e-01 1.231322109e-01
 1.412680221e-01 1.578062766e-01 1.690385159e-01 1.711088321e-01 1.684556937e-01
 1.611199149e-01 1.511103093e-01 1.437176718e-01 1.376888134e-01 1.326394931e-01
 1.283253925e-01 1.245741020e-01 1.212598541e-01 1.182891279e-01 1.155852153e-01
 4.364181895e-03 9.888188008e-03 1.764096574e-02 2.762325054e-02 3.913122566e-02
 4.522492091e-02 4.405966297e-02 4.200247658e-02 3.971053129e-02 3.718251371e-02
 3.441970889e-02 3.142436644e-02 2.821236544e-02 2.480451599e-02 2.122706444e-02
 1.751214182e-02 1.369809525e-02 9.829649128e-03 5.957846216e-03 2.139724782e-03
-1.562302404e-03-5.081386768e-03-8.347501207e-03-1.128899443e-02-1.383439656e-02
-1.591440600e-02-1.746396659e-02-1.842432816e-02-1.874497623e-02-1.838531854e-02
-1.731602839e-02-1.551996667e-02-1.299263333e-02-9.742133197e-03-5.788675378e-03
-1.163657576e-03 4.091586427e-03 9.927277784e-03 1.628680892e-02 2.310836057e-02
 3.032637920e-02 3.787270162e-02 4.571535271e-02 5.387333938e-02 6.236836618e-02
 7.122171886e-02 8.044673618e-02 9.003192575e-02 9.990353067e-02 1.098442914e-01
 1.193543813e-01 1.276147849e-01 1.338154488e-01 1.375023086e-01 1.386265284e-01
 1.375693359e-01 1.350900949e-01 1.319722556e-01 1.287072858e-01 1.255224267e-01
 1.225058153e-01 1.196816957e-01 1.170461236e-01 1.145836498e-01 1.122767071e-01
 4.397811083e-03 9.965208738e-03 1.778032188e-02 2.784528671e-02 3.945966093e-02
 4.568631616e-02 4.466900142e-02 4.279800667e-02 4.072271845e-02 3.844637349e-02
 3.597342608e-02 3.330857148e-02 3.046279385e-02 2.745660385e-02 2.431504645e-02
 2.106804879e-02 1.775065417e-02 1.440310487e-02 1.107073621e-02 7.803649832e-03
 4.656142802e-03 1.685880582e-03-1.047182825e-03-3.482117162e-03-5.558521764e-03
-7.218168405e-03-8.406709274e-03-9.075367484e-03-9.182522889e-03-8.695108656e-03
-7.589744325e-03-5.853548452e-03-3.484596816e-03-4.920187361e-04 3.104248494e-03
 7.274000467e-03 1.197753197e-02 1.716653958e-02 2.278505835e-02 2.877031591e-02
 3.505337001e-02 4.156514911e-02 4.829366832e-02 5.522407822e-02 6.233513020e-02
 6.959379870e-02 7.694720126e-02 8.431110951e-02 9.155562604e-02 9.849251133e-02
 1.048756511e-01 1.104294743e-01 1.149062706e-01 1.181487554e-01 1.201297223e-01
 1.209558331e-01 1.208339655e-01 1.200114436e-01 1.187183123e-01 1.171359840e-01
 1.153928931e-01 1.135738702e-01 1.117322858e-01 1.099004703e-01 1.081047401e-01
 4.426922515e-03 1.003215584e-02 1.790213975e-02 2.804081001e-02 3.978570220e-02
 4.620155478e-02 4.521454976e-02 4.351830022e-02 4.164627002e-02 3.960774009e-02
 3.741004046e-02 3.506081229e-02 3.256817732e-02 2.994990404e-02 2.722954252e-02
 2.443455789e-02 2.159649211e-02 1.875098970e-02 1.593766363e-02 1.319977882e-02
 1.058373874e-02 8.138369742e-03 5.914009282e-03 3.961416909e-03 2.330540069e-03
 1.069179215e-03 2.216070101e-04-1.727966604e-04-8.082982835e-05 5.233874041e-04
 1.657462491e-03 3.330013415e-03 5.540207200e-03 8.277556821e-03 1.152195843e-02
 1.524393205e-02 1.940501137e-02 2.395821136e-02 2.884848166e-02 3.401302746e-02
 3.938179730e-02 4.492475170e-02 5.061454730e-02 5.641886040e-02 6.229817175e-02
 6.820299700e-02 7.407074896e-02 7.982279307e-02 8.536284930e-02 9.057853483e-02
 9.534798545e-02 9.955235668e-02 1.030924346e-01 1.059049047e-01 1.079729968e-01
 1.093278903e-01 1.100404922e-01 1.102065904e-01 1.099304504e-01 1.093115063e-01
 1.084363705e-01 1.073758301e-01 1.061851974e-01 1.049061080e-01 1.035555093e-01
 4.447968679e-03 1.008114936e-02 1.799276087e-02 2.818885744e-02 3.996586369e-02
 4.638210178e-02 4.566136398e-02 4.410662985e-02 4.241647722e-02 4.059378514e-02
 3.864826451e-02 3.658980364e-02 3.442851372e-02 3.217565782e-02 2.985286014e-02
 2.748481276e-02 2.509936317e-02 2.272749743e-02 2.040318806e-02 1.816309382e-02
 1.604610399e-02 1.409272749e-02 1.234433516e-02 1.084227213e-02 9.626866047e-03
 8.736364754e-03 8.205843418e-03 8.066125105e-03 8.342759553e-03 9.055102068e-03
 1.021552790e-02 1.182880743e-02 1.389165641e-02 1.639246186e-02 1.931117148e-02
 2.261931953e-02 2.628016707e-02 3.024890416e-02 3.447303200e-02 3.889074985e-02
 4.347282708e-02 4.818754930e-02 5.300000170e-02 5.787118604e-02 6.275720726e-02
 6.760856745e-02 7.236975007e-02 7.697939964e-02 8.137147453e-02 8.547771624e-02
 8.923158131e-02 9.257339194e-02 9.545595723e-02 9.784951346e-02 9.974477438e-02
 1.011532728e-01 1.021048929e-01 1.026432516e-01 1.028200832e-01 1.026898325e-01
 1.023053252e-01 1.017148803e-01 1.009608012e-01 1.000791401e-01 9.910903530e-02
 4.456126158e-03 1.010146735e-02 1.803358928e-02 2.826202912e-02 4.011787226e-02
 4.667566785e-02 4.593311800e-02 4.449660872e-02 4.296071887e-02 4.132620880e-02
 3.960548023e-02 3.780968938e-02 3.594971682e-02 3.403655193e-02 3.208418671e-02
 3.011426546e-02 2.815080380e-02 2.622014667e-02 2.435080419e-02 2.257316371e-02
 2.091908289e-02 1.942137094e-02 1.811316823e-02 1.702723921e-02 1.619519785e-02
 1.564668945e-02 1.540855520e-02 1.550400869e-02 1.595185291e-02 1.676576438e-02
 1.795366510e-02 1.951719531e-02 2.145128912e-02 2.374386347e-02 2.637560157e-02
 2.931975161e-02 3.254214321e-02 3.600054239e-02 3.965565187e-02 4.347963461e-02
 4.744151881e-02 5.150681805e-02 5.563738268e-02 5.979167656e-02 6.392525057e-02
 6.799122189e-02 7.194091095e-02 7.572501796e-02 7.929545132e-02 8.260751998e-02
 8.562213367e-02 8.830776771e-02 9.064203428e-02 9.261272125e-02 9.421815909e-02
 9.546681373e-02 9.637610527e-02 9.697059220e-02 9.727978166e-02 9.733587691e-02
 9.717174028e-02 9.681925746e-02 9.630817675e-02 9.566532176e-02 9.491182536e-02
 4.444591144e-03 1.007780756e-02 1.799776161e-02 2.821901554e-02 4.006699091e-02
 4.662341330e-02 4.597239835e-02 4.460454624e-02 4.318654952e-02 4.171205303e-02
 4.019086748e-02 3.863331079e-02 3.704908840e-02 3.544799008e-02 3.384040528e-02
 3.224093899e-02 3.066968814e-02 2.914850088e-02 2.770074128e-02 2.635097535e-02
 2.512458728e-02 2.404733440e-02 2.314484915e-02 2.244209845e-02 2.196281245e-02
 2.172889594e-02 2.175983606e-02 2.207211848e-02 2.267867047e-02 2.358834924e-02
 2.480548816e-02 2.632948921e-02 2.815439661e-02 3.026859828e-02 3.265491018e-02
 3.528906716e-02 3.814401061e-02 4.120250148e-02 4.444240664e-02 4.783834251e-02
 5.136053802e-02 5.497285118e-02 5.863113536e-02 6.228811589e-02 6.589661621e-02
 6.941097394e-02 7.278368306e-02 7.596710811e-02 7.891928767e-02 8.160790721e-02
 8.401174210e-02 8.611998011e-02 8.793033914e-02 8.944699274e-02 9.067892657e-02
 9.163883857e-02 9.234239918e-02 9.280764449e-02 9.305435883e-02 9.310340685e-02
 9.297604565e-02 9.269327634e-02 9.227528871e-02 9.174096187e-02 9.110580768e-02
 4.404420896e-03 9.989193443e-03 1.784648801e-02 2.799776620e-02 3.976259478e-02
 4.622980081e-02 4.562367398e-02 4.427379792e-02 4.296094484e-02 4.163178326e-02
 4.030019797e-02 3.897104864e-02 3.764956519e-02 3.634247241e-02 3.505812248e-02
 3.380634735e-02 3.260169474e-02 3.146212242e-02 3.040648723e-02 2.945417009e-02
 2.862470439e-02 2.793740278e-02 2.741098281e-02 2.706319575e-02 2.691046564e-02
 2.696754435e-02 2.724717855e-02 2.775975693e-02 2.851295961e-02 2.951144804e-02
 3.075667143e-02 3.224698312e-02 3.397641750e-02 3.593320306e-02 3.810997417e-02
 4.049983031e-02 4.309306019e-02 4.587857157e-02 4.884282630e-02 5.196823207e-02
 5.522873048e-02 5.861749486e-02 6.214790132e-02 6.547173136e-02 6.873246414e-02
 7.193901934e-02 7.497095596e-02 7.774990310e-02 8.022044364e-02 8.235769039e-02
 8.416593974e-02 8.566893605e-02 8.689750266e-02 8.788105687e-02 8.864442428e-02
 8.920781700e-02 8.958801336e-02 8.979969191e-02 8.985646961e-02 8.977153145e-02
 8.955790360e-02 8.922847860e-02 8.879590502e-02 8.827262203e-02 8.767958541e-02
 4.327718718e-03 9.814778212e-03 1.753475598e-02 2.751227121e-02 3.912670888e-02
 4.550711670e-02 4.463110107e-02 4.329461102e-02 4.208617852e-02 4.094052359e-02
 3.983134906e-02 3.874994603e-02 3.769694718e-02 3.667809996e-02 3.570194709e-02
 3.477859532e-02 3.391905192e-02 3.313775992e-02 3.245008667e-02 3.187099207e-02
 3.141473072e-02 3.109458946e-02 3.092265668e-02 3.090963131e-02 3.106468991e-02
 3.139544928e-02 3.190811435e-02 3.260727241e-02 3.349559509e-02 3.457338112e-02
 3.583774278e-02 3.729144271e-02 3.893544609e-02 4.076963043e-02 4.279391123e-02
 4.500828188e-02 4.741256278e-02 5.000648133e-02 5.279001889e-02 5.576498780e-02
 5.894169197e-02 6.231188552e-02 6.559048717e-02 6.895195987e-02 7.237986679e-02
 7.574202425e-02 7.884148101e-02 8.148499821e-02 8.355648683e-02 8.504837868e-02
 8.606235749e-02 8.674850579e-02 8.721165985e-02 8.751293091e-02 8.768744060e-02
 8.775386852e-02 8.772191179e-02 8.759720016e-02 8.738405570e-02 8.708682970e-02
 8.671041848e-02 8.626034418e-02 8.574262521e-02 8.516334125e-02 8.451469220e-02
 4.217661196e-03 9.559494486e-03 1.706249472e-02 2.673188239e-02 3.786238480e-02
 4.349663519e-02 4.196639922e-02 4.113544530e-02 4.038271327e-02 3.958700222e-02
 3.877716214e-02 3.797376117e-02 3.719426094e-02 3.645454640e-02 3.576933906e-02
 3.515231681e-02 3.461615952e-02 3.417258527e-02 3.383407645e-02 3.361163003e-02
 3.351443901e-02 3.354978210e-02 3.372292043e-02 3.403701938e-02 3.449308016e-02
 3.508980948e-02 3.582694448e-02 3.670387398e-02 3.771974261e-02 3.887404724e-02
 4.016729953e-02 4.160196649e-02 4.318223203e-02 4.491386836e-02 4.680412913e-02
 4.886152762e-02 5.109554310e-02 5.351633040e-02 5.613441795e-02 5.896003308e-02
 6.200029249e-02 6.525385305e-02 6.874273715e-02 7.251468663e-02 7.664273617e-02
 8.135104755e-02 8.579932849e-02 8.893198797e-02 9.053908003e-02 9.056837204e-02
 8.966605581e-02 8.892840920e-02 8.832212207e-02 8.777422947e-02 8.727402383e-02
 8.679709849e-02 8.632236223e-02 8.583436891e-02 8.532285246e-02 8.478167211e-02
 8.420777077e-02 8.360029057e-02 8.295984648e-02 8.228807403e-02 8.159502009e-02
 4.093231683e-03 9.273238024e-03 1.653960346e-02 2.588450545e-02 3.659293287e-02
 4.169113899e-02 3.960523420e-02 3.887650696e-02 3.844160815e-02 3.790843491e-02
 3.733297656e-02 3.675394337e-02 3.620177262e-02 3.570102099e-02 3.527192669e-02
 3.493132045e-02 3.469315274e-02 3.456881207e-02 3.456734111e-02 3.469523851e-02
 3.495625734e-02 3.535132272e-02 3.587846434e-02 3.653292624e-02 3.730751546e-02
 3.819328800e-02 3.918068800e-02 4.026061636e-02 4.142562745e-02 4.267113878e-02
 4.399645289e-02 4.540542756e-02 4.690659348e-02 4.851267398e-02 5.023968188e-02
 5.210634767e-02 5.413357936e-02 5.634318189e-02 5.875688618e-02 6.139656435e-02
 6.428664639e-02 6.745983741e-02 7.096630559e-02 7.488753147e-02 7.935993272e-02
 8.458150051e-02 8.933266252e-02 9.254685663e-02 9.423415053e-02 9.434648071e-02
 9.278373981e-02 9.056704700e-02 8.897134788e-02 8.773899108e-02 8.671204362e-02
 8.580343485e-02 8.496267178e-02 8.415979543e-02 8.337683238e-02 8.260302396e-02
 8.183206047e-02 8.106043439e-02 8.028645647e-02 7.950975997e-02 7.873267776e-02
 3.968286008e-03 8.992745408e-03 1.604657762e-02 2.513052725e-02 3.556762166e-02
 4.041502572e-02 3.798699265e-02 3.716419085e-02 3.665820322e-02 3.613827861e-02
 3.562592585e-02 3.514926296e-02 3.473507739e-02 3.440720076e-02 3.418592221e-02
 3.408787448e-02 3.412611660e-02 3.431024546e-02 3.464642812e-02 3.513727600e-02
 3.578158067e-02 3.657396770e-02 3.750456178e-02 3.855882923e-02 3.971781613e-02
 4.095902179e-02 4.225808486e-02 4.359125458e-02 4.493839566e-02 4.628598190e-02
 4.762940250e-02 4.897389063e-02 5.033433840e-02 5.174039137e-02 5.321975746e-02
 5.479580851e-02 5.651769660e-02 5.842201695e-02 6.054372222e-02 6.290880090e-02
 6.552737964e-02 6.842057888e-02 7.160928727e-02 7.511262270e-02 7.894523929e-02
 8.321936007e-02 8.711150409e-02 8.987275400e-02 9.147321103e-02 9.184524055e-02
 9.088945695e-02 8.929389812e-02 8.794854627e-02 8.670770414e-02 8.554321130e-02
 8.443348385e-02 8.336553650e-02 8.233186514e-02 8.132807439e-02 8.035141409e-02
 7.939997594e-02 7.847229953e-02 7.756720752e-02 7.668364311e-02 7.581626322e-02
 3.834072454e-03 8.696297622e-03 1.553665988e-02 2.436955088e-02 3.449955464e-02
 3.899218939e-02 3.645734904e-02 3.538269505e-02 3.471414749e-02 3.407961133e-02
 3.350921127e-02 3.303182293e-02 3.267393029e-02 3.245843906e-02 3.240406517e-02
 3.252527916e-02 3.283258458e-02 3.333285459e-02 3.402948156e-02 3.492217196e-02
 3.600630393e-02 3.727184143e-02 3.870188948e-02 4.027112484e-02 4.194458339e-02
 4.367760647e-02 4.541797954e-02 4.711109805e-02 4.870805433e-02 5.017491369e-02
 5.149807096e-02 5.268668825e-02 5.381129239e-02 5.488245790e-02 5.595659784e-02
 5.708493961e-02 5.834506145e-02 5.979119656e-02 6.147606383e-02 6.343733303e-02
 6.568204326e-02 6.821778528e-02 7.102478622e-02 7.404388691e-02 7.716522960e-02
 8.021647386e-02 8.296999890e-02 8.519522371e-02 8.673069578e-02 8.751438336e-02
 8.759564340e-02 8.712357128e-02 8.627749026e-02 8.520575747e-02 8.401201927e-02
 8.276437296e-02 8.150639359e-02 8.026512566e-02 7.905658724e-02 7.788955411e-02
 7.676813891e-02 7.569352088e-02 7.466508677e-02 7.368134375e-02 7.274807810e-02
 3.662177489e-03 8.320620524e-03 1.489935489e-02 2.343315782e-02 3.328592307e-02
 3.754935046e-02 3.456366837e-02 3.318751577e-02 3.225032687e-02 3.139913209e-02
 3.067662800e-02 3.012029175e-02 2.976122779e-02 2.962267043e-02 2.972010311e-02
 3.006275623e-02 3.065568038e-02 3.150154117e-02 3.260159236e-02 3.395563886e-02
 3.556096549e-02 3.741015886e-02 3.948759998e-02 4.176433982e-02 4.419139216e-02
 4.669269036e-02 4.916150649e-02 5.146720650e-02 5.347871184e-02 5.509656485e-02
 5.633033479e-02 5.719987696e-02 5.778757518e-02 5.821315813e-02 5.858781333e-02
 5.900758281e-02 5.955485227e-02 6.030570764e-02 6.133765404e-02 6.273050367e-02
 6.455383772e-02 6.684219194e-02 6.957050971e-02 7.264489797e-02 7.590984969e-02
 7.916017947e-02 8.215232035e-02 8.462786302e-02 8.636460865e-02 8.724364809e-02
 8.728987915e-02 8.665157770e-02 8.553270913e-02 8.412598989e-02 8.257895055e-02
 8.099039652e-02 7.942066495e-02 7.790383446e-02 7.645740145e-02 7.508885606e-02
 7.379983134e-02 7.258861908e-02 7.145165792e-02 7.038422983e-02 6.937139582e-02
 3.399957057e-03 7.751974595e-03 1.394943388e-02 2.207397039e-02 3.150692498e-02
 3.535563523e-02 3.206037586e-02 3.025465628e-02 2.886508430e-02 2.767064329e-02
 2.669185762e-02 2.598876852e-02 2.560241552e-02 2.555236580e-02 2.583924455e-02
 2.645360032e-02 2.738499577e-02 2.862751447e-02 3.018142332e-02 3.205254649e-02
 3.425071138e-02 3.678763158e-02 3.967345439e-02 4.290980582e-02 4.647506361e-02
 5.029497505e-02 5.419336032e-02 5.784159775e-02 6.078489064e-02 6.268483431e-02
 6.345050716e-02 6.329783275e-02 6.263397983e-02 6.179825966e-02 6.099271941e-02
 6.031435378e-02 5.980591835e-02 5.950106767e-02 5.947568566e-02 5.991330085e-02
 6.111233709e-02 6.331437705e-02 6.652799899e-02 7.052558191e-02 7.501057569e-02
 7.973485910e-02 8.438615820e-02 8.839638310e-02 9.098904779e-02 9.166203721e-02
 9.059230569e-02 8.847702762e-02 8.598499420e-02 8.348054674e-02 8.110698886e-02
 7.890657374e-02 7.688276203e-02 7.502578416e-02 7.332232698e-02 7.175897612e-02
 7.032326247e-02 6.900381187e-02 6.779020514e-02 6.667289161e-02 6.564790177e-02
 2.956255440e-03 6.774453224e-03 1.229277403e-02 1.970331659e-02 2.856812856e-02
 3.225724670e-02 2.930152334e-02 2.640787944e-02 2.414892467e-02 2.229917553e-02
 2.087401828e-02 1.994804410e-02 1.958810090e-02 1.977683846e-02 2.043260228e-02
 2.147255767e-02 2.284919181e-02 2.454962802e-02 2.658333539e-02 2.897298345e-02
 3.175113381e-02 3.496193672e-02 3.866681730e-02 4.295370459e-02 4.794926446e-02
 5.382807367e-02 6.077408880e-02 6.859192599e-02 7.513415097e-02 7.762196853e-02
 7.565390824e-02 7.152304309e-02 6.777529682e-02 6.481572365e-02 6.249948641e-02
 6.063551331e-02 5.904030420e-02 5.751075284e-02 5.575050303e-02 5.322041917e-02
 5.216786553e-02 5.431379955e-02 6.002647710e-02 6.676724742e-02 7.331628640e-02
 8.047141630e-02 8.917939724e-02 1.015338585e-01 1.080371785e-01 1.071038307e-01
 9.813933490e-02 9.089041889e-02 8.571679092e-02 8.171843004e-02 7.845770131e-02
 7.570026733e-02 7.331061565e-02 7.120541296e-02 6.933076031e-02 6.765017205e-02
 6.613774509e-02 6.477391551e-02 6.354261153e-02 6.242975950e-02 6.142593885e-02
 2.253428486e-03 5.144557741e-03 9.301221749e-03 1.492586809e-02 2.198156640e-02
 2.494541782e-02 2.218361778e-02 1.949964418e-02 1.694255080e-02 1.430257386e-02
 1.185923257e-02 1.043896917e-02 1.055627190e-02 1.184143001e-02 1.348053243e-02
 1.523423928e-02 1.714595982e-02 1.929255879e-02 2.174300517e-02 2.455131484e-02
 2.776233065e-02 3.142455467e-02 3.560735105e-02 4.042362096e-02 4.606615641e-02
 5.288148513e-02 6.155291018e-02 7.370743935e-02 8.540469505e-02 8.846562166e-02
 8.245829637e-02 7.345904149e-02 6.797042500e-02 6.421403175e-02 6.146274173e-02
 5.933191266e-02 5.757657776e-02 5.600881014e-02 5.447592137e-02 5.304366979e-02
 5.286066209e-02 5.476710514e-02 5.870905896e-02 6.390133092e-02 6.948587992e-02
 7.558794826e-02 8.244259199e-02 8.946692860e-02 9.407929489e-02 9.407082254e-02
 8.965517168e-02 8.440964804e-02 7.997110762e-02 7.629126184e-02 7.318168052e-02
 7.050074061e-02 6.815240619e-02 6.607118554e-02 6.421782043e-02 6.255909831e-02
 6.107838671e-02 5.976164284e-02 5.859710740e-02 5.756252983e-02 5.663683022e-02
 1.433763175e-03 3.187407176e-03 5.502496333e-03 8.129375876e-03 1.053783949e-02
 1.200337253e-02 1.216868479e-02 1.122217480e-02 9.352488594e-03 6.372788687e-03
 2.414085358e-03 4.773583225e-04 1.063181503e-03 4.350710769e-03 6.733940004e-03
 8.737959585e-03 1.075687852e-02 1.303425922e-02 1.570186340e-02 1.879739382e-02
 2.230103207e-02 2.617999229e-02 3.041761215e-02 3.501975702e-02 4.000193214e-02
 4.535097258e-02 5.093079050e-02 5.629636398e-02 6.058178013e-02 6.294766080e-02
 6.323458014e-02 6.210282079e-02 6.042096856e-02 5.873343864e-02 5.723816897e-02
 5.598884764e-02 5.499476912e-02 5.426453199e-02 5.385909941e-02 5.389658411e-02
 5.454438819e-02 5.592376193e-02 5.802842265e-02 6.072770123e-02 6.381569748e-02
 6.706443841e-02 7.018575986e-02 7.278070135e-02 7.440205976e-02 7.475753376e-02
 7.390529562e-02 7.220899557e-02 7.008840031e-02 6.783938101e-02 6.562030265e-02
 6.350562294e-02 6.152706795e-02 5.969785983e-02 5.802371184e-02 5.650640136e-02
 5.514578076e-02 5.394159006e-02 5.290745880e-02 5.202193977e-02 5.127141949e-02
 8.015551855e-04 1.741123979e-03 2.910827665e-03 4.149287626e-03 5.253651194e-03
 6.019549685e-03 6.296278347e-03 6.017632374e-03 5.209856422e-03 3.958317467e-03
 2.585778606e-03 1.588336444e-03 1.283345639e-03 1.507157105e-03 1.890419392e-03
 2.375699922e-03 3.310931843e-03 5.150303329e-03 8.050483401e-03 1.175328906e-02
 1.584683483e-02 2.007461231e-02 2.433962455e-02 2.860751602e-02 3.284528825e-02
 3.698678600e-02 4.091098576e-02 4.443889832e-02 4.736727004e-02 4.954156540e-02
 5.092809892e-02 5.162986685e-02 5.183453563e-02 5.174027893e-02 5.150946426e-02
 5.125978325e-02 5.107560770e-02 5.102330955e-02 5.116227782e-02 5.154763002e-02
 5.222313718e-02 5.320740908e-02 5.448116782e-02 5.598257086e-02 5.761106668e-02
 5.923518608e-02 6.070197345e-02 6.185270671e-02 6.255038477e-02 6.271362576e-02
 6.233878468e-02 6.149422518e-02 6.029013721e-02 5.884402046e-02 5.725880482e-02
 5.561621942e-02 5.397921103e-02 5.239696923e-02 5.090897684e-02 4.954688181e-02
 4.833432743e-02 4.728468126e-02 4.643689490e-02 4.576164721e-02 4.522847727e-02
 4.305173016e-04 9.277621983e-04 1.538261208e-03 2.180917032e-03 2.764826007e-03
 3.202832305e-03 3.426656908e-03 3.402835096e-03 3.138900364e-03 2.666585843e-03
 2.049128794e-03 1.341247385e-03 5.305449367e-04-5.501073192e-04-2.260480434e-03
-5.296054503e-03-8.640613034e-03-7.741146953e-03-2.659109291e-03 4.574157244e-03
 1.010752849e-02 1.485323056e-02 1.914971129e-02 2.313909277e-02 2.687327702e-02
 3.035237637e-02 3.354367315e-02 3.639677068e-02 3.886054069e-02 4.090123322e-02
 4.251650544e-02 4.373964545e-02 4.463276030e-02 4.527344558e-02 4.574159922e-02
 4.611069512e-02 4.644404435e-02 4.679419634e-02 4.720316592e-02 4.770183210e-02
 4.830794894e-02 4.902332464e-02 4.983144424e-02 5.069680507e-02 5.156664294e-02
 5.237512312e-02 5.304984980e-02 5.352042953e-02 5.372818585e-02 5.363495948e-02
 5.322826266e-02 5.252100961e-02 5.154640112e-02 5.035065045e-02 4.898662414e-02
 4.751021426e-02 4.597951236e-02 4.445549874e-02 4.300213880e-02 4.168352065e-02
 4.055656700e-02 3.966014045e-02 3.904254225e-02 3.866972598e-02 3.850181377e-02
 2.359209011e-04 5.088169563e-04 8.459910689e-04 1.206845970e-03 1.547112408e-03
 1.824393317e-03 2.003508611e-03 2.062875358e-03 2.004931368e-03 1.813724308e-03
 1.490919748e-03 1.031080117e-03 4.053303868e-04-4.630138515e-04-1.643996648e-03
-3.019123507e-03-3.827053403e-03-2.833272909e-03 1.773601616e-04 4.349546338e-03
 8.562676619e-03 1.251843602e-02 1.620684463e-02 1.964673521e-02 2.284397272e-02
 2.579130370e-02 2.847547292e-02 3.088384777e-02 3.300890638e-02 3.485108817e-02
 3.642059868e-02 3.773796733e-02 3.883291827e-02 3.974168547e-02 4.050354221e-02
 4.115744390e-02 4.173933324e-02 4.228018672e-02 4.280458158e-02 4.332951572e-02
 4.386335592e-02 4.440499864e-02 4.494348523e-02 4.545835174e-02 4.592091235e-02
 4.629652496e-02 4.654771195e-02 4.663782182e-02 4.653472855e-02 4.621394099e-02
 4.566055126e-02 4.486976255e-02 4.384623548e-02 4.260299111e-02 4.116093939e-02
 3.955023195e-02 3.781460415e-02 3.601945049e-02 3.426244382e-02 3.267952217e-02
 3.142884161e-02 3.063868671e-02 3.034500132e-02 3.049737495e-02 3.096357197e-02
 1.382530864e-04 3.000051938e-04 5.036809702e-04 7.288417382e-04 9.532632409e-04
 1.155433287e-03 1.316860566e-03 1.426861540e-03 1.488134940e-03 1.486459738e-03
 1.423588190e-03 1.316114203e-03 1.179063656e-03 1.043209737e-03 9.858673111e-04
 1.145050535e-03 1.710831143e-03 2.853047346e-03 4.622397433e-03 6.920543526e-03
 9.566814779e-03 1.238694116e-02 1.524766614e-02 1.804568455e-02 2.069352932e-02
 2.312459495e-02 2.530820140e-02 2.725048885e-02 2.897632340e-02 3.051093599e-02
 3.187360269e-02 3.307955238e-02 3.414326417e-02 3.508028714e-02 3.590745061e-02
 3.664208668e-02 3.730083586e-02 3.789839061e-02 3.844635178e-02 3.895227206e-02
 3.941892736e-02 3.984386299e-02 4.021927340e-02 4.053226959e-02 4.076555777e-02
 4.089849856e-02 4.090844810e-02 4.077221539e-02 4.046741933e-02 3.997351500e-02
 3.927229700e-02 3.834778355e-02 3.718552696e-02 3.577157581e-02 3.409156858e-02
 3.213093490e-02 2.987841696e-02 2.733849358e-02 2.456783739e-02 2.177615577e-02
 1.953535728e-02 1.869213590e-02 1.939155764e-02 2.094783144e-02 2.272072690e-02
 9.059899125e-05 1.986110224e-04 3.385718742e-04 5.003800206e-04 6.731549666e-04
 8.465363557e-04 1.012076394e-03 1.168006446e-03 1.319890502e-03 1.462690884e-03
 1.605634784e-03 1.770914704e-03 1.977590883e-03 2.259812357e-03 2.667068987e-03
 3.259673068e-03 4.099654429e-03 5.236038264e-03 6.691004761e-03 8.455683582e-03
 1.049915153e-02 1.278166033e-02 1.525544664e-02 1.783520473e-02 2.028090254e-02
 2.228956511e-02 2.379943252e-02 2.503540781e-02 2.617980068e-02 2.728140736e-02
 2.833582653e-02 2.933087399e-02 3.025770076e-02 3.111222237e-02 3.189426511e-02
 3.260625500e-02 3.325191021e-02 3.383506544e-02 3.435867154e-02 3.482398827e-02
 3.522998097e-02 3.557292968e-02 3.584625586e-02 3.604056308e-02 3.614387163e-02
 3.614200387e-02 3.601904994e-02 3.575781597e-02 3.534013390e-02 3.474689510e-02
 3.395765549e-02 3.294963742e-02 3.169589617e-02 3.016227968e-02 2.830249618e-02
 2.604991850e-02 2.330323258e-02 1.989945802e-02 1.555853819e-02 9.759287683e-03
 1.830142515e-03-1.624075996e-04 5.714709032e-03 1.137710157e-02 1.539737678e-02
 6.803453076e-05 1.508835760e-04 2.615520809e-04 3.952670022e-04 5.470594756e-04
 7.125329944e-04 8.885380589e-04 1.074476630e-03 1.292273661e-03 1.526210296e-03
 1.795586366e-03 2.118576081e-03 2.501669006e-03 2.968817021e-03 3.548438703e-03
 4.269996111e-03 5.160166044e-03 6.240568064e-03 7.526263362e-03 9.026266174e-03
 1.075037990e-02 1.272386875e-02 1.499862842e-02 1.775836642e-02 2.065721245e-02
 2.242049111e-02 2.301643927e-02 2.313333830e-02 2.372341291e-02 2.447535350e-02
 2.528343266e-02 2.609726587e-02 2.688929586e-02 2.764356595e-02 2.835074282e-02
 2.900544085e-02 2.960454430e-02 3.014603253e-02 3.062810427e-02 3.104851277e-02
 3.140407258e-02 3.169031843e-02 3.190130226e-02 3.202951227e-02 3.206589043e-02
 3.199991555e-02 3.181970668e-02 3.151208994e-02 3.106255932e-02 3.045504921e-02
 2.967141897e-02 2.869052109e-02 2.748666982e-02 2.602722240e-02 2.426878600e-02
 2.215119235e-02 1.958769750e-02 1.644857806e-02 1.253208367e-02 7.489527227e-03
 1.232855491e-04-1.379518556e-03 3.912329111e-03 8.883772239e-03 1.262348505e-02
 5.770431819e-05 1.291765778e-04 2.268422072e-04 3.484839296e-04 4.918522001e-04
 6.550989923e-04 8.374723016e-04 1.044120877e-03 1.289726086e-03 1.576834494e-03
 1.914458408e-03 2.306963212e-03 2.756022442e-03 3.274076750e-03 3.891758764e-03
 4.639876158e-03 5.502542016e-03 6.489767232e-03 7.610749160e-03 8.869996308e-03
 1.026789645e-02 1.180116294e-02 1.344194963e-02 1.512433453e-02 1.671767598e-02
 1.807926591e-02 1.916356230e-02 2.004953513e-02 2.085012403e-02 2.162472640e-02
 2.238638841e-02 2.313080431e-02 2.384970175e-02 2.453512924e-02 2.518050493e-02
 2.578061338e-02 2.633128070e-02 2.682897352e-02 2.727040676e-02 2.765219305e-02
 2.797055317e-02 2.822109957e-02 2.839869353e-02 2.849736783e-02 2.851030253e-02
 2.842983893e-02 2.824751310e-02 2.795408876e-02 2.753956902e-02 2.699317197e-02
 2.630326659e-02 2.545729210e-02 2.444173703e-02 2.324236749e-02 2.184513910e-02
 2.023876791e-02 1.842115202e-02 1.641452783e-02 1.429953202e-02 1.228241977e-02
 1.076845965e-02 1.023832752e-02 1.082618410e-02 1.218176474e-02 1.385071954e-02
 5.318767937e-05 1.197832426e-04 2.120200029e-04 3.288249684e-04 4.689885733e-04
 6.311661139e-04 8.136940922e-04 1.017666043e-03 1.263411124e-03 1.592650092e-03
 1.964081111e-03 2.376503592e-03 2.836671942e-03 3.346538361e-03 3.966387137e-03
 4.670211148e-03 5.454821993e-03 6.323834991e-03 7.278821019e-03 8.317442977e-03
 9.432385021e-03 1.060932600e-02 1.182318038e-02 1.303928825e-02 1.421836232e-02
 1.532632822e-02 1.634540197e-02 1.727737190e-02 1.813647082e-02 1.893883813e-02
 1.969600296e-02 2.041379479e-02 2.109379869e-02 2.173506989e-02 2.233544380e-02
 2.289219496e-02 2.340243761e-02 2.386325698e-02 2.427171962e-02 2.462480187e-02
 2.491914797e-02 2.515108070e-02 2.531654704e-02 2.541111214e-02 2.543001497e-02
 2.536814448e-02 2.522019020e-02 2.498069501e-02 2.464423273e-02 2.420564828e-02
 2.366032483e-02 2.300476405e-02 2.223731676e-02 2.135951939e-02 2.037818180e-02
 1.930868846e-02 1.817992841e-02 1.704062186e-02 1.596547479e-02 1.505546489e-02
 1.442268251e-02 1.415500007e-02 1.427654428e-02 1.473604472e-02 1.543939466e-02
 5.132693531e-05 1.160495725e-04 2.064613268e-04 3.222262264e-04 4.630080798e-04
 6.285026625e-04 8.183934950e-04 1.031075161e-03 1.287787230e-03 1.597684520e-03
 1.965026717e-03 2.359414251e-03 2.819816525e-03 3.324132577e-03 3.884288813e-03
 4.518587277e-03 5.192640729e-03 5.957628592e-03 6.762175033e-03 7.624078089e-03
 8.539441167e-03 9.465663247e-03 1.044883659e-02 1.140862498e-02 1.236905670e-02
 1.330178919e-02 1.417606975e-02 1.504218729e-02 1.583024054e-02 1.660062866e-02
 1.731958538e-02 1.798604861e-02 1.864325520e-02 1.922440038e-02 1.980378985e-02
 2.031989227e-02 2.078945210e-02 2.123357047e-02 2.159070017e-02 2.194836974e-02
 2.221945526e-02 2.244509765e-02 2.262289514e-02 2.270410381e-02 2.277305950e-02
 2.273234160e-02 2.264595790e-02 2.248450806e-02 2.222238607e-02 2.193192495e-02
 2.151921958e-02 2.107205877e-02 2.053970336e-02 1.993245948e-02 1.931400334e-02
 1.862078227e-02 1.796470050e-02 1.731921303e-02 1.672643750e-02 1.628493060e-02
 1.594845674e-02 1.583105211e-02 1.588695036e-02 1.610305611e-02 1.651540528e-02
 0.818385355E+00 0.825716533E+00 0.833994785E+00 0.843087833E+00 0.852448501E+00
 0.862310317E+00 0.872634014E+00 0.883382881E+00 0.894567837E+00 0.906246890E+00
 0.918442914E+00 0.931176170E+00 0.944467774E+00 0.958343560E+00 0.972834910E+00
 0.987978788E+00 0.100381207E+01 0.102037520E+01 0.103771282E+01 0.105586299E+01
 0.107486588E+01 0.109477386E+01 0.111564711E+01 0.113755178E+01 0.116055624E+01
 0.118472548E+01 0.121012690E+01 0.123684396E+01 0.126496690E+01 0.129460123E+01
 0.132586813E+01 0.135888970E+01 0.139377580E+01 0.143066692E+01 0.146972906E+01
 0.151115157E+01 0.155514013E+01 0.160191783E+01 0.165171471E+01 0.170480872E+01
 0.176151195E+01 0.182218728E+01 0.188726053E+01 0.195719755E+01 0.203249954E+01
 0.211377406E+01 0.220174820E+01 0.229728196E+01 0.240135995E+01 0.251511371E+01
 0.263994042E+01 0.277753830E+01 0.292999525E+01 0.309987400E+01 0.329036454E+01
 0.350560456E+01 0.375109019E+01 0.403414958E+01 0.436478353E+01 0.475787454E+01
 0.523700231E+01 0.584333181E+01 0.666139690E+01 0.792847374E+01 0.157841744E+02
  361   98
 0.578179881E+00 0.111109691E+01 0.573005610E+00 0.109749829E+01 0.567832318E+00
 0.108389930E+01 0.562649858E+00 0.107030380E+01 0.557462700E+00 0.105671009E+01
 0.552276786E+00 0.104311591E+01 0.547098199E+00 0.102951893E+01 0.541931160E+00
 0.101591757E+01 0.536775594E+00 0.100231185E+01 0.531631413E+00 0.988701816E+00
 0.526498122E+00 0.975087676E+00 0.521374460E+00 0.961469908E+00 0.516259123E+00
 0.947849012E+00 0.511152377E+00 0.934224892E+00 0.506054774E+00 0.920597348E+00
 0.500966239E+00 0.906966416E+00 0.495885668E+00 0.893332513E+00 0.490812015E+00
 0.879696035E+00 0.485747056E+00 0.866056325E+00 0.480692765E+00 0.852412658E+00
 0.475651172E+00 0.838764295E+00 0.470624319E+00 0.825110495E+00 0.465614589E+00
 0.811450404E+00 0.460625976E+00 0.797782588E+00 0.455662182E+00 0.784105739E+00
 0.450726497E+00 0.770418721E+00 0.445822780E+00 0.756720218E+00 0.440955808E+00
 0.743008619E+00 0.436130995E+00 0.729282129E+00 0.431352893E+00 0.715539310E+00
 0.426625044E+00 0.701779123E+00 0.421950510E+00 0.688000733E+00 0.417333052E+00
 0.674203113E+00 0.412778041E+00 0.660384753E+00 0.408290564E+00 0.646544317E+00
 0.403874699E+00 0.632680867E+00 0.399533532E+00 0.618793846E+00 0.395269598E+00
 0.604882918E+00 0.391085801E+00 0.590947680E+00 0.386985704E+00 0.576987588E+00
 0.382973081E+00 0.563002103E+00 0.379051286E+00 0.548990879E+00 0.375223050E+00
 0.534953804E+00 0.371490213E+00 0.520891061E+00 0.367853923E+00 0.506803044E+00
 0.364314931E+00 0.492690271E+00 0.360873866E+00 0.478553303E+00 0.357531694E+00
 0.464392629E+00 0.354290093E+00 0.450208596E+00 0.351150439E+00 0.436001649E+00
 0.348113609E+00 0.421772369E+00 0.345180100E+00 0.407521430E+00 0.342350070E+00
 0.393249581E+00 0.339623447E+00 0.378957615E+00 0.337000177E+00 0.364646319E+00
 0.334480035E+00 0.350316502E+00 0.332062415E+00 0.335969033E+00 0.329746935E+00
 0.321604726E+00 0.327534024E+00 0.307224260E+00 0.325424492E+00 0.292828267E+00
 0.323419556E+00 0.278417335E+00 0.321520644E+00 0.263992050E+00 0.319728220E+00
 0.249553146E+00 0.318042100E+00 0.235101443E+00 0.316461980E+00 0.220637766E+00
 0.314987501E+00 0.206162938E+00 0.313618083E+00 0.191677793E+00 0.312352349E+00
 0.177183218E+00 0.311188943E+00 0.162680071E+00 0.310126878E+00 0.148169151E+00
 0.309165607E+00 0.133651204E+00 0.308305106E+00 0.119126937E+00 0.307545712E+00
 0.104597033E+00 0.306887770E+00 0.900621815E-01 0.306331596E+00 0.755230804E-01
 0.305877478E+00 0.609804340E-01 0.305524702E+00 0.464349757E-01 0.305271987E+00
 0.318874344E-01 0.305118607E+00 0.173385065E-01 0.305064326E+00 0.278887133E-02
 0.305109192E+00-0.117607959E-01 0.305252995E+00-0.263098218E-01 0.305495537E+00
-0.408575366E-01 0.305836902E+00-0.554032680E-01 0.306277507E+00-0.699463313E-01
 0.306817924E+00-0.844860275E-01 0.307458436E+00-0.990216581E-01 0.308199642E+00
-0.113552502E+00 0.309042591E+00-0.128077797E+00 0.309988736E+00-0.142596736E+00
 0.311038924E+00-0.157108519E+00 0.312192697E+00-0.171612435E+00 0.313449470E+00
-0.186107789E+00 0.314808758E+00-0.200593890E+00 0.316270394E+00-0.215070022E+00
 0.317835185E+00-0.229535366E+00 0.319504646E+00-0.243989004E+00 0.321280342E+00
-0.258429974E+00 0.323163580E+00-0.272857312E+00 0.325154942E+00-0.287270125E+00
 0.327253284E+00-0.301667753E+00 0.329456934E+00-0.316049639E+00 0.331764396E+00
-0.330415236E+00 0.334174498E+00-0.344763971E+00 0.336687033E+00-0.359095123E+00
 0.339302920E+00-0.373407771E+00 0.342023259E+00-0.387700933E+00 0.344849066E+00
-0.401973617E+00 0.347781115E+00-0.416224855E+00 0.350819376E+00-0.430453829E+00
 0.353962639E+00-0.444659976E+00 0.357209467E+00-0.458842813E+00 0.360558490E+00
-0.473001867E+00 0.364008563E+00-0.487136638E+00 0.367559245E+00-0.501246473E+00
 0.371210463E+00-0.515330626E+00 0.374961737E+00-0.529388462E+00 0.378812044E+00
-0.543419496E+00 0.382759723E+00-0.557423448E+00 0.386802426E+00-0.571400265E+00
 0.390937332E+00-0.585350084E+00 0.395161328E+00-0.599273187E+00 0.399471483E+00
-0.613169861E+00 0.403865346E+00-0.627040296E+00 0.408340621E+00-0.640884679E+00
 0.412894585E+00-0.654703379E+00 0.417523590E+00-0.668497125E+00 0.422223066E+00
-0.682267022E+00 0.426988017E+00-0.696014402E+00 0.431815015E+00-0.709740119E+00
 0.436701875E+00-0.723444639E+00 0.441645977E+00-0.737128612E+00 0.446643681E+00
-0.750793101E+00 0.451690246E+00-0.764439621E+00 0.456781355E+00-0.778069587E+00
 0.461914477E+00-0.791683787E+00 0.467087924E+00-0.805282715E+00 0.472299703E+00
-0.818866998E+00 0.477547130E+00-0.832437552E+00 0.482828613E+00-0.845994888E+00
 0.488144588E+00-0.859538736E+00 0.493496847E+00-0.873068285E+00 0.498887910E+00
-0.886582420E+00 0.504320482E+00-0.900079920E+00 0.509799872E+00-0.913558481E+00
 0.515335267E+00-0.927014134E+00 0.520938581E+00-0.940441641E+00 0.526625678E+00
-0.953833868E+00 0.532417364E+00-0.967181183E+00 0.538343173E+00-0.980469465E+00
 0.544447201E+00-0.993676772E+00 0.550795327E+00-0.100676838E+01 0.557490250E+00
-0.101968579E+01 0.564698095E+00-0.103232340E+01 0.572696670E+00-0.104447379E+01
 0.581947678E+00-0.105569313E+01 0.593073170E+00-0.106503539E+01 0.606254427E+00
-0.107109943E+01 0.620588196E+00-0.107343444E+01 0.635123658E+00-0.107307916E+01
 0.649540640E+00-0.107114282E+01 0.663805657E+00-0.106828460E+01 0.677944694E+00
-0.106485413E+01 0.691986460E+00-0.106104399E+01 0.705952049E+00-0.105696308E+01
 0.719855984E+00-0.105267663E+01 0.733707500E+00-0.104822362E+01 0.747512200E+00
-0.104362749E+01 0.761273109E+00-0.103890185E+01 0.774991363E+00-0.103405376E+01
 0.788667076E+00-0.102908694E+01 0.802297901E+00-0.102399824E+01 0.815878520E+00
-0.101877705E+01 0.829402354E+00-0.101341052E+01 0.842862719E+00-0.100788675E+01
 0.856252394E+00-0.100219380E+01 0.869563673E+00-0.996319904E+00 0.882788588E+00
-0.990254096E+00 0.895919020E+00-0.983986414E+00 0.908947006E+00-0.977508502E+00
 0.921865143E+00-0.970814227E+00 0.934668007E+00-0.963902049E+00 0.947349916E+00
-0.956770394E+00 0.959900336E+00-0.949409844E+00 0.972306083E+00-0.941808025E+00
 0.984555330E+00-0.933956541E+00 0.996638772E+00-0.925852215E+00 0.100854869E+01
-0.917494973E+00 0.102028079E+01-0.908889869E+00 0.103183357E+01-0.900045471E+00
 0.104320511E+01-0.890969215E+00 0.105438915E+01-0.881662897E+00 0.106537620E+01
-0.872124834E+00 0.107615714E+01-0.862354405E+00 0.108672501E+01-0.852353901E+00
 0.109707541E+01-0.842128479E+00 0.110720692E+01-0.831686114E+00 0.111711917E+01
-0.821035402E+00 0.112680820E+01-0.810181233E+00 0.113626353E+01-0.799122908E+00
 0.114547436E+01-0.787860144E+00 0.115443377E+01-0.776396359E+00 0.116313848E+01
-0.764737999E+00 0.117158634E+01-0.752892201E+00 0.117977292E+01-0.740864355E+00
 0.118769044E+01-0.728657729E+00 0.119533209E+01-0.716276536E+00 0.120269621E+01
-0.703728277E+00 0.120978578E+01-0.691022879E+00 0.121660449E+01-0.678170068E+00
 0.122315026E+01-0.665176140E+00 0.122942101E+01-0.652047272E+00 0.123542024E+01
-0.638792120E+00 0.124115668E+01-0.625421123E+00 0.124664130E+01-0.611944859E+00
 0.125188261E+01-0.598372100E+00 0.125688884E+01-0.584710870E+00 0.126167149E+01
-0.570969757E+00 0.126624560E+01-0.557157803E+00 0.127062856E+01-0.543283990E+00
 0.127483757E+01-0.529356401E+00 0.127888790E+01-0.515381832E+00 0.128279448E+01
-0.501366382E+00 0.128657302E+01-0.487315862E+00 0.129024029E+01-0.473235881E+00
 0.129381313E+01-0.459131635E+00 0.129730870E+01-0.445008032E+00 0.130074506E+01
-0.430869900E+00 0.130414080E+01-0.416721954E+00 0.130751358E+01-0.402568515E+00
 0.131087248E+01-0.388411776E+00 0.131422247E+01-0.374252922E+00 0.131756973E+01
-0.360093426E+00 0.132092212E+01-0.345935143E+00 0.132428813E+01-0.331780092E+00
 0.132766993E+01-0.317628806E+00 0.133106695E+01-0.303481166E+00 0.133447829E+01
-0.289336970E+00 0.133790193E+01-0.275195747E+00 0.134133284E+01-0.261056285E+00
 0.134475888E+01-0.246915643E+00 0.134816514E+01-0.232770227E+00 0.135153526E+01
-0.218616157E+00 0.135485089E+01-0.204449232E+00 0.135809257E+01-0.190265207E+00
 0.136124170E+01-0.176060358E+00 0.136427732E+01-0.161830832E+00 0.136717491E+01
-0.147572578E+00 0.136990619E+01-0.133281557E+00 0.137244302E+01-0.118954764E+00
 0.137476126E+01-0.104591007E+00 0.137683622E+01-0.901901218E-01 0.137864247E+01
-0.757531064E-01 0.138015465E+01-0.612823659E-01 0.138135394E+01-0.467823607E-01
 0.138222862E+01-0.322591751E-01 0.138276876E+01-0.177197172E-01 0.138296634E+01
-0.317158230E-02 0.138281643E+01 0.113771193E-01 0.138232322E+01 0.259182450E-01
 0.138149632E+01 0.404442322E-01 0.138034721E+01 0.549483049E-01 0.137888881E+01
 0.694245694E-01 0.137713760E+01 0.838683660E-01 0.137511905E+01 0.982772684E-01
 0.137286012E+01 0.112650477E+00 0.137038686E+01 0.126988385E+00 0.136772405E+01
 0.141292325E+00 0.136489777E+01 0.155564890E+00 0.136193686E+01 0.169810150E+00
 0.135886678E+01 0.184032297E+00 0.135570923E+01 0.198235287E+00 0.135248278E+01
 0.212422792E+00 0.134920537E+01 0.226598615E+00 0.134589488E+01 0.240766753E+00
 0.134256731E+01 0.254930889E+00 0.133923713E+01 0.269094413E+00 0.133591731E+01
 0.283260368E+00 0.133261434E+01 0.297430262E+00 0.132932928E+01 0.311604317E+00
 0.132606191E+01 0.325782461E+00 0.132281168E+01 0.339964546E+00 0.131957741E+01
 0.354150277E+00 0.131635117E+01 0.368337838E+00 0.131312268E+01 0.382524887E+00
 0.130988333E+01 0.396709460E+00 0.130662594E+01 0.410889900E+00 0.130334292E+01
 0.425064426E+00 0.130001862E+01 0.439229325E+00 0.129663401E+01 0.453379927E+00
 0.129316997E+01 0.467511289E+00 0.128960782E+01 0.481618230E+00 0.128592949E+01
 0.495695311E+00 0.128211718E+01 0.509736691E+00 0.127815423E+01 0.523736288E+00
 0.127402528E+01 0.537687812E+00 0.126971582E+01 0.551584626E+00 0.126521013E+01
 0.565419044E+00 0.126049038E+01 0.579181883E+00 0.125553996E+01 0.592863426E+00
 0.125034546E+01 0.606454152E+00 0.124489738E+01 0.619945219E+00 0.123918900E+01
 0.633328208E+00 0.123321218E+01 0.646593472E+00 0.122695869E+01 0.659730561E+00
 0.122042444E+01 0.672730275E+00 0.121361118E+01 0.685585960E+00 0.120652451E+01
 0.698292985E+00 0.119916543E+01 0.710844198E+00 0.119153232E+01 0.723230664E+00
 0.118362684E+01 0.735445099E+00 0.117545607E+01 0.747483695E+00 0.116703008E+01
 0.759345081E+00 0.115835700E+01 0.771027011E+00 0.114944108E+01 0.782524670E+00
 0.114028566E+01 0.793832556E+00 0.113089634E+01 0.804947000E+00 0.112128231E+01
 0.815867672E+00 0.111145468E+01 0.826596533E+00 0.110142002E+01 0.837132027E+00
 0.109117894E+01 0.847466977E+00 0.108073091E+01 0.857592654E+00 0.107007760E+01
 0.867502110E+00 0.105922326E+01 0.877190961E+00 0.104817473E+01 0.886657775E+00
 0.103694045E+01 0.895903402E+00 0.102552756E+01 0.904927629E+00 0.101393865E+01
 0.913724646E+00 0.100217384E+01 0.922284978E+00 0.990234876E+00 0.930600692E+00
 0.978127540E+00 0.938669300E+00 0.965860116E+00 0.946492379E+00 0.953443055E+00
 0.954075737E+00 0.940889335E+00 0.961430695E+00 0.928211653E+00 0.968569890E+00
 0.915417253E+00 0.975497739E+00 0.902511084E+00 0.982215083E+00 0.889499942E+00
 0.988726794E+00 0.876392419E+00 0.995042284E+00 0.863197347E+00 0.100117278E+01
 0.849923685E+00 0.100713124E+01 0.836580355E+00 0.101293204E+01 0.823176344E+00
 0.101859125E+01 0.809720315E+00 0.102412566E+01 0.796220845E+00 0.102955328E+01
 0.782686137E+00 0.103489245E+01 0.769122455E+00 0.104015759E+01 0.755533660E+00
 0.104535758E+01 0.741923056E+00 0.105050022E+01 0.728294774E+00 0.105559583E+01
 0.714652470E+00 0.106065379E+01 0.700999899E+00 0.106568398E+01 0.687340207E+00
 0.107069480E+01 0.673676801E+00 0.107569548E+01 0.660012791E+00 0.108069452E+01
 0.646351157E+00 0.108570004E+01 0.632695128E+00 0.109072083E+01 0.619047145E+00
 0.109576345E+01 0.605410808E+00 0.110083747E+01 0.591787043E+00 0.110594516E+01
 0.578179881E+00 0.111109691E+01
 0.156441580E+01 0.156423520E+01 0.173298350E+01 0.167901950E+01 0.134847970E+01
 0.206041340E+01 0.108819530E+01 0.205946000E+01 0.902253030E+00 0.187565310E+01
 0.903668760E+00 0.187424170E+01 0.533866470E+00 0.150285580E+01 0.538010660E+00
 0.149874330E+01 0.332797140E+00 0.129708960E+01 0.332797140E+00 0.109400000E+01
 0.334795920E+00 0.109400000E+01 0.303115250E+00 0.847500000E+00 0.305114030E+00
 0.847500000E+00 0.269135950E+00 0.565000000E+00 0.271134730E+00 0.565000000E+00
 0.260841000E+00 0.495257700E+00 0.260841000E+00-0.507257700E+00 0.271134730E+00
-0.576999960E+00 0.269135950E+00-0.576999960E+00 0.305114030E+00-0.859500000E+00
 0.303115250E+00-0.859500000E+00 0.334795920E+00-0.110600010E+01 0.332797140E+00
-0.110600010E+01 0.332797140E+00-0.130908970E+01 0.538598100E+00-0.150990190E+01
 0.534468950E+00-0.151402960E+01 0.905629600E+00-0.188405800E+01 0.904219000E+00
-0.188547470E+01 0.108819530E+01-0.206614000E+01 0.134847970E+01-0.206518650E+01
 0.173017910E+01-0.168098580E+01 0.156441580E+01-0.156883530E+01 0.137999130E+01
-0.157688300E+01 0.137989190E+01-0.157672700E+01 0.119622210E+01-0.158474990E+01
 0.119631650E+01-0.158489800E+01 0.105537410E+01-0.159104840E+01 0.105528350E+01
-0.159090630E+01 0.947502500E+00-0.159561420E+01 0.905686400E+00-0.159556230E+01
 0.899143000E+00-0.159478470E+01 0.883387860E+00-0.159026430E+01 0.867681200E+00
-0.158087360E+01 0.851322350E+00-0.156766880E+01 0.833481900E+00-0.154624210E+01
 0.826062560E+00-0.152875240E+01 0.822677700E+00-0.151516830E+01 0.821022750E+00
-0.149624060E+01 0.820691350E+00-0.147724350E+01 0.822887360E+00-0.144582030E+01
 0.827573000E+00-0.141923050E+01 0.839194600E+00-0.138728100E+01 0.855244300E+00
-0.135284130E+01 0.877566500E+00-0.132209860E+01 0.899473500E+00-0.130017830E+01
 0.118567730E+01-0.101380000E+01 0.127900000E+01-0.842300000E+00 0.129600000E+01
-0.820200000E+00 0.143300000E+01-0.820200000E+00 0.143300000E+01-0.711000000E+00
 0.149000000E+01-0.491000000E+00 0.146000000E+01-0.491000000E+00 0.146000000E+01
-0.233000000E+00 0.166100000E+01-0.233000000E+00 0.166100000E+01 0.226000000E+00
 0.146000000E+01 0.226000000E+00 0.146000000E+01 0.481000000E+00 0.149300000E+01
 0.481000000E+00 0.147400000E+01 0.554000000E+00 0.143300000E+01 0.711000000E+00
 0.143300000E+01 0.815600000E+00 0.129600000E+01 0.815600000E+00 0.127900000E+01
 0.837699950E+00 0.118567730E+01 0.100920000E+01 0.899473500E+00 0.129557820E+01
 0.877566500E+00 0.131749860E+01 0.855244300E+00 0.134824120E+01 0.839194600E+00
 0.138268090E+01 0.827573000E+00 0.141463040E+01 0.822887360E+00 0.144122030E+01
 0.820691350E+00 0.147264350E+01 0.821022750E+00 0.149164060E+01 0.822677700E+00
 0.151056830E+01 0.826062560E+00 0.152415240E+01 0.833481900E+00 0.154164210E+01
 0.851322350E+00 0.156306870E+01 0.867681200E+00 0.157627360E+01 0.883387860E+00
 0.158566430E+01 0.899143000E+00 0.159018470E+01 0.905686400E+00 0.159096230E+01
 0.947502500E+00 0.159101410E+01 0.105528350E+01 0.158630620E+01 0.105537410E+01
 0.158644830E+01 0.119631650E+01 0.158029800E+01 0.119622210E+01 0.158014990E+01
 0.137989190E+01 0.157212700E+01 0.137999130E+01 0.157228290E+01 0.156441580E+01
 0.156423520E+01
    0
