EFIT++      MAST # 46791 # 460ms                   0  65  65
 0.194000000E+01 0.440000000E+01 0.800000000E+00 0.600000000E-01 0.000000000E+00
 0.935571307E+00-0.999481062E-04-0.738776263E-01 0.247610374E-01-0.654464079E+00
 0.746003201E+06-0.738776263E-01 0.000000000E+00 0.935571307E+00 0.000000000E+00
-0.999481062E-04 0.000000000E+00 0.247610374E-01 0.000000000E+00 0.000000000E+00
-0.624726471E+00-0.621030587E+00-0.617409660E+00-0.613863781E+00-0.610393018E+00
-0.606997411E+00-0.603676971E+00-0.600431684E+00-0.597261506E+00-0.594166364E+00
-0.591146154E+00-0.588200742E+00-0.585329963E+00-0.582533619E+00-0.579811480E+00
-0.577163282E+00-0.574588730E+00-0.572087492E+00-0.569659205E+00-0.567303468E+00
-0.565019848E+00-0.562807877E+00-0.560667051E+00-0.558596830E+00-0.556596642E+00
-0.554665877E+00-0.552803892E+00-0.551010008E+00-0.549283514E+00-0.547623663E+00
-0.546029675E+00-0.544500736E+00-0.543036000E+00-0.541634588E+00-0.540295592E+00
-0.539018069E+00-0.537801049E+00-0.536643531E+00-0.535544487E+00-0.534502858E+00
-0.533517560E+00-0.532587484E+00-0.531711494E+00-0.530888430E+00-0.530117108E+00
-0.529396324E+00-0.528724850E+00-0.528101441E+00-0.527524828E+00-0.526993729E+00
-0.526506842E+00-0.526062848E+00-0.525660414E+00-0.525298194E+00-0.524974826E+00
-0.524688939E+00-0.524439149E+00-0.524224061E+00-0.524042272E+00-0.523892370E+00
-0.523772936E+00-0.523682543E+00-0.523619759E+00-0.523583147E+00-0.523571264E+00
 0.108213313E+05 0.105629416E+05 0.103049772E+05 0.100475546E+05 0.979079054E+04
 0.953480154E+04 0.927970422E+04 0.902561520E+04 0.877265107E+04 0.852092846E+04
 0.827056395E+04 0.802167416E+04 0.777437570E+04 0.752878516E+04 0.728501917E+04
 0.704319431E+04 0.680342721E+04 0.656583446E+04 0.633053267E+04 0.609763845E+04
 0.586726840E+04 0.563953914E+04 0.541456725E+04 0.519246936E+04 0.497336207E+04
 0.475736199E+04 0.454458571E+04 0.433514985E+04 0.412917102E+04 0.392676581E+04
 0.372805084E+04 0.353314271E+04 0.334215803E+04 0.315521340E+04 0.297242543E+04
 0.279391073E+04 0.261978590E+04 0.245016755E+04 0.228517229E+04 0.212491671E+04
 0.196951743E+04 0.181909106E+04 0.167375420E+04 0.153362345E+04 0.139881542E+04
 0.126944672E+04 0.114563396E+04 0.102749373E+04 0.915142657E+03 0.808697333E+03
 0.708274367E+03 0.613990367E+03 0.525961938E+03 0.444305686E+03 0.369138218E+03
 0.300576140E+03 0.238736058E+03 0.183734578E+03 0.135688307E+03 0.947138499E+02
 0.609278138E+02 0.344468045E+02 0.153874283E+02 0.386629145E+01 0.000000000E+00
-0.151327754E+01-0.147414328E+01-0.143550073E+01-0.139734991E+01-0.135969082E+01
-0.132252345E+01-0.128584780E+01-0.124966388E+01-0.121397168E+01-0.117877120E+01
-0.114406245E+01-0.110984542E+01-0.107612012E+01-0.104288654E+01-0.101014468E+01
-0.977894552E+00-0.946136145E+00-0.914869461E+00-0.884094502E+00-0.853811266E+00
-0.824019755E+00-0.794719967E+00-0.765911904E+00-0.737595564E+00-0.709770949E+00
-0.682438057E+00-0.655596890E+00-0.629247446E+00-0.603389727E+00-0.578023731E+00
-0.553149459E+00-0.528766912E+00-0.504876088E+00-0.481476989E+00-0.458569613E+00
-0.436153961E+00-0.414230034E+00-0.392797830E+00-0.371857350E+00-0.351408595E+00
-0.331451563E+00-0.311986255E+00-0.293012672E+00-0.274530812E+00-0.256540676E+00
-0.239042264E+00-0.222035577E+00-0.205520613E+00-0.189497373E+00-0.173965857E+00
-0.158926066E+00-0.144377998E+00-0.130321654E+00-0.116757034E+00-0.103684138E+00
-0.911029667E-01-0.790135188E-01-0.674157950E-01-0.563097952E-01-0.456955193E-01
-0.355729675E-01-0.259421396E-01-0.168030358E-01-0.815565588E-02 0.000000000E+00
-0.167764448E+06-0.167526353E+06-0.167212600E+06-0.166823188E+06-0.166358119E+06
-0.165817393E+06-0.165201008E+06-0.164508965E+06-0.163741264E+06-0.162897906E+06
-0.161978889E+06-0.160984215E+06-0.159913883E+06-0.158767892E+06-0.157546244E+06
-0.156248938E+06-0.154875974E+06-0.153427352E+06-0.151903073E+06-0.150303135E+06
-0.148627539E+06-0.146876286E+06-0.145049374E+06-0.143146805E+06-0.141168578E+06
-0.139114693E+06-0.136985150E+06-0.134779949E+06-0.132499090E+06-0.130142573E+06
-0.127710398E+06-0.125202566E+06-0.122619075E+06-0.119959927E+06-0.117225120E+06
-0.114414656E+06-0.111528534E+06-0.108566754E+06-0.105529316E+06-0.102416220E+06
-0.992274658E+05-0.959630540E+05-0.926229844E+05-0.892072568E+05-0.857158713E+05
-0.821488279E+05-0.785061266E+05-0.747877674E+05-0.709937502E+05-0.671240752E+05
-0.631787422E+05-0.591577514E+05-0.550611026E+05-0.508887959E+05-0.466408313E+05
-0.423172087E+05-0.379179283E+05-0.334429900E+05-0.288923937E+05-0.242661395E+05
-0.195642274E+05-0.147866575E+05-0.993342955E+04-0.500454373E+04 0.000000000E+00
-1.733984281e-05-3.909153280e-05-6.924381059e-05-1.074174531e-04-1.531659544e-04
-2.061122725e-04-2.662747136e-04-3.352107550e-04-3.857658411e-04-3.551293869e-04
-3.017619301e-04-2.289435502e-04-1.141038931e-04 4.194292989e-05 2.521083509e-04
 5.295523143e-04 8.578825530e-04 1.260101336e-03 1.714763908e-03 2.231286584e-03
 2.808964492e-03 3.424109080e-03 4.098704135e-03 4.790816082e-03 5.513706295e-03
 6.249632641e-03 6.975845188e-03 7.717988674e-03 8.426975989e-03 9.136329542e-03
 9.818004591e-03 1.046447637e-02 1.110267228e-02 1.167935071e-02 1.224640549e-02
 1.275797435e-02 1.322625320e-02 1.367312935e-02 1.404770621e-02 1.437427232e-02
 1.461968975e-02 1.480205365e-02 1.492002620e-02 1.494772146e-02 1.492358106e-02
 1.479901049e-02 1.460534495e-02 1.432651965e-02 1.394638423e-02 1.350490220e-02
 1.294895146e-02 1.233119475e-02 1.162475129e-02 1.083919438e-02 1.002218921e-02
 9.141052410e-03 8.282840265e-03 7.446465434e-03 6.677873204e-03 6.067734986e-03
 5.596972269e-03 5.362644996e-03 5.332394489e-03 5.487585023e-03 5.846187925e-03
-2.704973768e-05-6.139973445e-05-1.097064930e-04-1.719847812e-04-2.481798844e-04
-3.382388841e-04-4.421756858e-04-5.550300796e-04-6.523973743e-04-6.604805036e-04
-6.470402369e-04-6.115714269e-04-5.462104313e-04-4.641020859e-04-2.271007311e-04
 8.860313303e-05 4.778464955e-04 9.464703751e-04 1.498872392e-03 2.135166130e-03
 2.852208727e-03 3.643801118e-03 4.494765298e-03 5.386545639e-03 6.299641948e-03
 7.215646078e-03 8.120656616e-03 9.006509528e-03 9.868905515e-03 1.070464234e-02
 1.151002722e-02 1.228076791e-02 1.301240829e-02 1.370068659e-02 1.434175608e-02
 1.493211268e-02 1.546837763e-02 1.594675963e-02 1.636251732e-02 1.671056412e-02
 1.698634811e-02 1.718567702e-02 1.730424675e-02 1.733740424e-02 1.728010400e-02
 1.712689841e-02 1.687205285e-02 1.650964228e-02 1.603373509e-02 1.543865818e-02
 1.471933557e-02 1.387191369e-02 1.289465269e-02 1.178945619e-02 1.056431390e-02
 9.237143195e-03 7.841495191e-03 6.433912905e-03 5.100989926e-03 3.959610019e-03
 3.139295676e-03 2.741122922e-03 2.791646884e-03 3.229028812e-03 3.941926851e-03
-3.636781800e-05-8.306374110e-05-1.495598655e-04-2.364313132e-04-3.438479445e-04
-4.711299061e-04-6.162177198e-04-7.714220493e-04-9.041405850e-04-1.028369786e-03
-1.111309365e-03-1.145782983e-03-1.139983257e-03-1.072665023e-03-9.072772447e-04
-6.145516496e-04-2.034349893e-04 3.310036528e-04 9.945814236e-04 1.787400599e-03
 2.704990139e-03 3.739341648e-03 4.869111345e-03 6.062472633e-03 7.269463499e-03
 8.435398981e-03 9.534290075e-03 1.057780443e-02 1.158672333e-02 1.256602779e-02
 1.350996580e-02 1.441071789e-02 1.526133917e-02 1.605632275e-02 1.679144778e-02
 1.746341117e-02 1.806939992e-02 1.860668262e-02 1.907228804e-02 1.946280427e-02
 1.977425238e-02 2.000196567e-02 2.014046514e-02 2.018336280e-02 2.012331304e-02
 1.995200771e-02 1.966019604e-02 1.923770480e-02 1.867343506e-02 1.795531795e-02
 1.707022677e-02 1.600387312e-02 1.474077772e-02 1.326453922e-02 1.155891165e-02
 9.610837668e-03 7.418007038e-03 5.006621593e-03 2.471014946e-03 5.103252466e-05
-1.784373341e-03-2.476964638e-03-1.869157837e-03-3.704382690e-04 1.492781965e-03
-4.317708406e-05-9.981519469e-05-1.825334610e-04-2.937938149e-04-4.356755351e-04
-6.091608001e-04-8.133650145e-04-1.040023753e-03-1.267946698e-03-1.502429486e-03
-1.720938380e-03-1.898897836e-03-2.025662188e-03-2.072976630e-03-2.006493206e-03
-1.791274809e-03-1.397126380e-03-8.028981522e-04 1.604624941e-08 1.005941132e-03
 2.199727873e-03 3.580941887e-03 5.115912774e-03 6.821023765e-03 8.592392422e-03
 1.010504427e-02 1.133264206e-02 1.243490142e-02 1.360888828e-02 1.476926052e-02
 1.588505504e-02 1.694000329e-02 1.792498628e-02 1.883509484e-02 1.966807054e-02
 2.042324048e-02 2.110067330e-02 2.170047384e-02 2.222219722e-02 2.266438035e-02
 2.302418855e-02 2.329717204e-02 2.347712657e-02 2.355605024e-02 2.352418152e-02
 2.337009005e-02 2.308077646e-02 2.264172113e-02 2.203680652e-02 2.124802112e-02
 2.025483206e-02 1.903307827e-02 1.755317111e-02 1.577726534e-02 1.365482991e-02
 1.111561513e-02 8.058229160e-03 4.331149910e-03-2.998179646e-04-6.216826321e-03
-1.511220793e-02-1.698525117e-02-1.059230833e-02-4.848771422e-03-5.510997151e-04
-4.244065874e-05-1.010378866e-04-1.916033601e-04-3.210625500e-04-4.963776442e-04
-7.233606698e-04-1.005383667e-03-1.337063538e-03-1.703195689e-03-2.107805335e-03
-2.537469975e-03-2.956534147e-03-3.345328704e-03-3.662771930e-03-3.847586225e-03
-3.824125883e-03-3.514234204e-03-2.858334414e-03-1.836079687e-03-4.729509360e-04
 1.172148374e-03 3.026364442e-03 5.014574951e-03 7.063262938e-03 9.087206923e-03
 1.100372021e-02 1.277817375e-02 1.442920866e-02 1.597665329e-02 1.742348801e-02
 1.876547249e-02 1.999912170e-02 2.112397839e-02 2.214263158e-02 2.305998192e-02
 2.388225753e-02 2.461598263e-02 2.526700359e-02 2.583963378e-02 2.633595404e-02
 2.675529174e-02 2.709389438e-02 2.734480762e-02 2.749795797e-02 2.754042281e-02
 2.745684534e-02 2.722992173e-02 2.684085676e-02 2.626965657e-02 2.549510634e-02
 2.449426138e-02 2.324125124e-02 2.170512605e-02 1.984630837e-02 1.761084177e-02
 1.492081682e-02 1.165755152e-02 7.629838934e-03 2.508192967e-03-4.336455751e-03
-1.391206164e-02-1.635208899e-02-9.110226859e-03-2.590088299e-03 2.052629425e-03
-2.319279471e-05-6.324078678e-05-1.381032180e-04-2.637861535e-04-4.571175678e-04
-7.334106095e-04-1.104511814e-03-1.576484102e-03-2.120271271e-03-2.762948321e-03
-3.493070728e-03-4.287547920e-03-5.130778611e-03-5.995021695e-03-6.791905678e-03
-7.345964290e-03-7.396779099e-03-6.702784686e-03-5.197158788e-03-3.032763312e-03
-4.706650003e-04 2.262967501e-03 5.024112015e-03 7.728953225e-03 1.032564387e-02
 1.277954009e-02 1.506842837e-02 1.718013709e-02 1.910929525e-02 2.085479511e-02
 2.241923451e-02 2.380941457e-02 2.503656429e-02 2.611575934e-02 2.706465334e-02
 2.790186484e-02 2.864533135e-02 2.931082097e-02 2.991068013e-02 3.045283422e-02
 3.094004946e-02 3.136948563e-02 3.173259234e-02 3.201540393e-02 3.219926006e-02
 3.226192426e-02 3.217900082e-02 3.192547606e-02 3.147715150e-02 3.081171710e-02
 2.990925221e-02 2.875204757e-02 2.732380231e-02 2.560845586e-02 2.358921217e-02
 2.124890057e-02 1.857428440e-02 1.557088961e-02 1.230588691e-02 9.024557637e-03
 6.387922933e-03 5.373968923e-03 6.155488564e-03 7.923805842e-03 9.946383517e-03
 3.660895718e-05 6.108628073e-05 5.659410315e-05-1.108238514e-05-1.787299454e-04
-4.804135556e-04-9.418500242e-04-1.570618041e-03-2.354887438e-03-3.294585778e-03
-4.378795622e-03-5.607201052e-03-7.017917546e-03-8.739962958e-03-1.096762827e-02
-1.358083512e-02-1.567862397e-02-1.511688171e-02-1.171024497e-02-6.749330312e-03
-2.069791861e-03 2.145616573e-03 5.990303492e-03 9.539897519e-03 1.283417086e-02
 1.588592456e-02 1.869090566e-02 2.123647109e-02 2.350925195e-02 2.550170247e-02
 2.721679806e-02 2.867002727e-02 2.988843029e-02 3.090737291e-02 3.176633705e-02
 3.250493182e-02 3.315978120e-02 3.376234860e-02 3.433740821e-02 3.490182712e-02
 3.546348790e-02 3.602041824e-02 3.656037411e-02 3.706117453e-02 3.749201007e-02
 3.781579676e-02 3.799246553e-02 3.798287256e-02 3.775279390e-02 3.727630968e-02
 3.653793020e-02 3.553316427e-02 3.426780097e-02 3.275674995e-02 3.102366150e-02
 2.910269011e-02 2.704371653e-02 2.492184130e-02 2.284970189e-02 2.098426015e-02
 1.950798610e-02 1.856824491e-02 1.820866749e-02 1.836677853e-02 1.889119222e-02
 1.788521878e-04 3.639944559e-04 5.480085209e-04 6.598988061e-04 6.195659199e-04
 3.500656324e-04-2.079307692e-04-1.077840063e-03-2.227893257e-03-3.606346020e-03
-5.099054227e-03-6.600118951e-03-8.071526672e-03-9.725003817e-03-1.196613034e-02
-1.525928177e-02-1.869209857e-02-1.797434628e-02-1.307065903e-02-5.920032440e-03
-2.316479243e-04 4.691475378e-03 9.150657348e-03 1.329083949e-02 1.717153871e-02
 2.079811880e-02 2.413888898e-02 2.714032244e-02 2.974556785e-02 3.191511163e-02
 3.364318304e-02 3.496296315e-02 3.593906402e-02 3.665259223e-02 3.718654995e-02
 3.761643735e-02 3.800649644e-02 3.840941065e-02 3.886686273e-02 3.940913990e-02
 4.005317224e-02 4.079958692e-02 4.163013481e-02 4.250684411e-02 4.337363242e-02
 4.416050070e-02 4.479026389e-02 4.518768549e-02 4.529012501e-02 4.505737193e-02
 4.447746867e-02 4.356639755e-02 4.236228317e-02 4.091724055e-02 3.929040625e-02
 3.754416513e-02 3.574354749e-02 3.395724594e-02 3.225781060e-02 3.071832557e-02
 2.940388714e-02 2.835608037e-02 2.763640010e-02 2.719806460e-02 2.699677858e-02
 4.732425767e-04 1.008417068e-03 1.631756302e-03 2.201983768e-03 2.537039221e-03
 2.447913883e-03 1.788650496e-03 4.829536767e-04-1.474121482e-03-4.040177459e-03
-6.755107397e-03-8.660798074e-03-9.308048527e-03-8.892016494e-03-8.271930441e-03
-7.600317882e-03-6.532952737e-03-4.646133961e-03-1.776033458e-03 1.883707415e-03
 5.984856752e-03 1.027875332e-02 1.465264240e-02 1.906020278e-02 2.346267196e-02
 2.778974371e-02 3.191238208e-02 3.563557854e-02 3.873343736e-02 4.103187995e-02
 4.249241756e-02 4.323029710e-02 4.345311798e-02 4.337543215e-02 4.316805562e-02
 4.295077057e-02 4.280667857e-02 4.279978746e-02 4.298741156e-02 4.342355194e-02
 4.415170813e-02 4.519022558e-02 4.651861501e-02 4.807236674e-02 4.974657510e-02
 5.140315439e-02 5.287938216e-02 5.400385993e-02 5.462705908e-02 5.466055203e-02
 5.410315106e-02 5.303435872e-02 5.157918627e-02 4.986864583e-02 4.801576099e-02
 4.610929601e-02 4.421737212e-02 4.239348932e-02 4.068106743e-02 3.911534422e-02
 3.772296354e-02 3.652153159e-02 3.554580659e-02 3.477041325e-02 3.415963660e-02
 9.886639237e-04 2.191715977e-03 3.764385081e-03 5.506017867e-03 6.966264255e-03
 7.434270148e-03 6.582835809e-03 4.629046131e-03 1.663404105e-03-2.635535624e-03
-8.051574239e-03-1.085968283e-02-1.030861503e-02-6.513920726e-03-3.693837146e-03
-1.424484377e-03 7.612521567e-04 3.146681883e-03 5.888462980e-03 9.045499770e-03
 1.261621348e-02 1.658088722e-02 2.093142710e-02 2.568123165e-02 3.085614694e-02
 3.645851283e-02 4.236789066e-02 4.812079998e-02 5.273968018e-02 5.524638009e-02
 5.545594725e-02 5.415621348e-02 5.233373468e-02 5.057516615e-02 4.906096576e-02
 4.782825829e-02 4.687505904e-02 4.619457023e-02 4.584444464e-02 4.593815635e-02
 4.665141743e-02 4.811398998e-02 5.031868260e-02 5.313244093e-02 5.634401872e-02
 5.972643344e-02 6.298223205e-02 6.567498910e-02 6.729765072e-02 6.751107900e-02
 6.638646294e-02 6.435065103e-02 6.188228274e-02 5.930464062e-02 5.678140742e-02
 5.438610570e-02 5.214813755e-02 5.007930340e-02 4.818506092e-02 4.646712070e-02
 4.492586662e-02 4.356075991e-02 4.238806876e-02 4.138302858e-02 4.053358940e-02
 1.652158642e-03 3.778257514e-03 6.851349311e-03 1.105280427e-02 1.635474073e-02
 1.802482427e-02 1.489235315e-02 1.171839350e-02 8.702065433e-03 5.645321395e-03
 2.896493223e-03 1.217011022e-03 1.001295044e-03 2.026511899e-03 3.580459297e-03
 5.347457105e-03 7.304878195e-03 9.506118613e-03 1.201370567e-02 1.488231227e-02
 1.816034580e-02 2.190084263e-02 2.617812941e-02 3.111129348e-02 3.690333665e-02
 4.392330873e-02 5.291974211e-02 6.575367245e-02 7.820283554e-02 8.145906878e-02
 7.496224489e-02 6.541689770e-02 5.977308930e-02 5.599639145e-02 5.328403165e-02
 5.122645046e-02 4.956676576e-02 4.810529565e-02 4.666091303e-02 4.522259658e-02
 4.505303036e-02 4.708064124e-02 5.121975417e-02 5.661720570e-02 6.235910373e-02
 6.868188582e-02 7.594842753e-02 8.369093960e-02 8.874390303e-02 8.849008230e-02
 8.308621835e-02 7.704656284e-02 7.210044315e-02 6.803774103e-02 6.460905742e-02
 6.164668418e-02 5.904305045e-02 5.672793103e-02 5.465828994e-02 5.280148688e-02
 5.113908463e-02 4.965713078e-02 4.834281642e-02 4.717449279e-02 4.612558394e-02
 2.211315929e-03 5.070613017e-03 9.208856725e-03 1.477375416e-02 2.138714187e-02
 2.359890801e-02 2.028784837e-02 1.737452034e-02 1.505452044e-02 1.314038467e-02
 1.163009326e-02 1.059066194e-02 1.011450177e-02 1.020409372e-02 1.079203147e-02
 1.179801785e-02 1.316831456e-02 1.488200856e-02 1.694239420e-02 1.936833342e-02
 2.219020196e-02 2.545052889e-02 2.920846225e-02 3.354721592e-02 3.858271399e-02
 4.446400609e-02 5.131315306e-02 5.882522998e-02 6.506185070e-02 6.760624807e-02
 6.607411797e-02 6.248247822e-02 5.905872222e-02 5.631375630e-02 5.417366412e-02
 5.248126572e-02 5.107417625e-02 4.977245754e-02 4.832864013e-02 4.640228867e-02
 4.581758804e-02 4.808214605e-02 5.340059363e-02 5.982034929e-02 6.625357659e-02
 7.333725326e-02 8.188687862e-02 9.287584532e-02 9.917737145e-02 9.830230080e-02
 9.026217286e-02 8.304409031e-02 7.768702115e-02 7.345748747e-02 6.995734364e-02
 6.696407816e-02 6.434669082e-02 6.202403555e-02 5.994349692e-02 5.806941416e-02
 5.637639046e-02 5.484510457e-02 5.345952707e-02 5.220549860e-02 5.107568870e-02
 2.564623708e-03 5.846847792e-03 1.051920618e-02 1.663987364e-02 2.372280026e-02
 2.612288147e-02 2.249359192e-02 2.066599204e-02 1.932841728e-02 1.816985147e-02
 1.719433518e-02 1.647478044e-02 1.606155176e-02 1.598295048e-02 1.624644371e-02
 1.684663986e-02 1.777447956e-02 1.902354887e-02 2.059265791e-02 2.248581248e-02
 2.471084491e-02 2.727715353e-02 3.019189457e-02 3.345260207e-02 3.703231984e-02
 4.085141827e-02 4.473314195e-02 4.836269470e-02 5.131563888e-02 5.329346744e-02
 5.421031250e-02 5.425133580e-02 5.379181394e-02 5.315382179e-02 5.253900775e-02
 5.205156982e-02 5.174322868e-02 5.165541462e-02 5.186542240e-02 5.253872818e-02
 5.392753621e-02 5.623249313e-02 5.945803722e-02 6.340806716e-02 6.781645274e-02
 7.243365108e-02 7.693301680e-02 8.075847517e-02 8.318903016e-02 8.376568743e-02
 8.264652765e-02 8.046635476e-02 7.785765463e-02 7.519049372e-02 7.262598618e-02
 7.022121705e-02 6.798955898e-02 6.592746052e-02 6.402543352e-02 6.227238867e-02
 6.065723529e-02 5.916936413e-02 5.779870740e-02 5.653577411e-02 5.537717146e-02
 2.781920670e-03 6.319351676e-03 1.131264317e-02 1.778591318e-02 2.518350894e-02
 2.785088520e-02 2.474053354e-02 2.337323977e-02 2.251479534e-02 2.171240789e-02
 2.102400309e-02 2.048937800e-02 2.014279323e-02 2.001114314e-02 2.011337365e-02
 2.046148550e-02 2.106239419e-02 2.191974694e-02 2.303505182e-02 2.440782777e-02
 2.603469006e-02 2.790729263e-02 3.000895199e-02 3.230975810e-02 3.476033271e-02
 3.728556781e-02 3.978198162e-02 4.212485579e-02 4.419021717e-02 4.588126224e-02
 4.721580553e-02 4.820653654e-02 4.893118550e-02 4.950413178e-02 5.003308776e-02
 5.061304869e-02 5.132626039e-02 5.224772630e-02 5.345125678e-02 5.500956147e-02
 5.698308811e-02 5.939880554e-02 6.222838522e-02 6.537807450e-02 6.869201364e-02
 7.196129837e-02 7.493702892e-02 7.735846112e-02 7.900583865e-02 7.976449955e-02
 7.966224749e-02 7.884967667e-02 7.753508388e-02 7.591788792e-02 7.415288868e-02
 7.234511637e-02 7.055953160e-02 6.883336193e-02 6.718612680e-02 6.562655116e-02
 6.415697169e-02 6.277602792e-02 6.148026107e-02 6.026482700e-02 5.911227553e-02
 2.935132924e-03 6.655812114e-03 1.188743554e-02 1.863853906e-02 2.635283186e-02
 2.937020457e-02 2.649356883e-02 2.548761324e-02 2.487939396e-02 2.430274596e-02
 2.377879524e-02 2.333763556e-02 2.300779030e-02 2.281440040e-02 2.277833874e-02
 2.291596039e-02 2.323926874e-02 2.375621691e-02 2.447088400e-02 2.538333809e-02
 2.648908603e-02 2.777809892e-02 2.923350257e-02 3.083017422e-02 3.253372005e-02
 3.430059502e-02 3.608031120e-02 3.782046006e-02 3.947437932e-02 4.100975464e-02
 4.241379882e-02 4.369834180e-02 4.491954989e-02 4.610159694e-02 4.729611681e-02
 4.854886197e-02 4.994247476e-02 5.152824421e-02 5.335979858e-02 5.547461745e-02
 5.787539331e-02 6.057312598e-02 6.355187648e-02 6.675628207e-02 7.007475356e-02
 7.331390853e-02 7.620091713e-02 7.847210075e-02 7.995283555e-02 8.057947836e-02
 8.041145230e-02 7.963049801e-02 7.846602606e-02 7.709355038e-02 7.562205602e-02
 7.411789610e-02 7.262184215e-02 7.115859989e-02 6.974248502e-02 6.838107620e-02
 6.707764061e-02 6.583274597e-02 6.464531887e-02 6.351356785e-02 6.244613600e-02
 3.065094546e-03 6.944199656e-03 1.238648475e-02 1.938823212e-02 2.738565884e-02
 3.069751005e-02 2.809460132e-02 2.725269838e-02 2.682211583e-02 2.635707729e-02
 2.588793261e-02 2.544575551e-02 2.505967668e-02 2.475543901e-02 2.455489196e-02
 2.447594278e-02 2.453267496e-02 2.473548180e-02 2.509112314e-02 2.560264682e-02
 2.626917116e-02 2.708559015e-02 2.804230425e-02 2.912513398e-02 3.031562264e-02
 3.159194523e-02 3.293056171e-02 3.430861118e-02 3.570680044e-02 3.711227008e-02
 3.852080427e-02 3.993778519e-02 4.137833814e-02 4.287045892e-02 4.444181501e-02
 4.611861528e-02 4.794690155e-02 4.996476092e-02 5.220826214e-02 5.470636000e-02
 5.747673931e-02 6.054702433e-02 6.394934666e-02 6.772373647e-02 7.193679849e-02
 7.678706535e-02 8.116983883e-02 8.423422409e-02 8.582119210e-02 8.583301361e-02
 8.429452074e-02 8.199651591e-02 8.015483319e-02 7.853601260e-02 7.705585790e-02
 7.567087180e-02 7.435637006e-02 7.309797105e-02 7.188701409e-02 7.071801168e-02
 6.958726410e-02 6.849214157e-02 6.743074304e-02 6.640157079e-02 6.539559319e-02
 3.193880228e-03 7.235053108e-03 1.290210032e-02 2.018538629e-02 2.848110597e-02
 3.206116963e-02 2.977514695e-02 2.910899345e-02 2.870940735e-02 2.820195330e-02
 2.764596101e-02 2.708400709e-02 2.654790177e-02 2.606280287e-02 2.564934846e-02
 2.532472646e-02 2.510322522e-02 2.499652615e-02 2.501385555e-02 2.516193019e-02
 2.544472638e-02 2.586333544e-02 2.641593065e-02 2.709790760e-02 2.790228906e-02
 2.882052046e-02 2.984339435e-02 3.096209352e-02 3.216940547e-02 3.346092831e-02
 3.483608034e-02 3.629872732e-02 3.785731449e-02 3.952446433e-02 4.131622913e-02
 4.325160199e-02 4.535209704e-02 4.764089114e-02 5.014238229e-02 5.288287542e-02
 5.589287077e-02 5.921140308e-02 6.289379713e-02 6.702577752e-02 7.174505166e-02
 7.720656193e-02 8.210648749e-02 8.536535507e-02 8.699314930e-02 8.694102800e-02
 8.514405186e-02 8.263631680e-02 8.072771947e-02 7.920550412e-02 7.791486820e-02
 7.676520627e-02 7.570236566e-02 7.469337163e-02 7.371795629e-02 7.276366362e-02
 7.182293685e-02 7.089135432e-02 6.996658100e-02 6.904798604e-02 6.814086818e-02
 3.324144506e-03 7.536207520e-03 1.345647222e-02 2.109492399e-02 2.992115822e-02
 3.429120746e-02 3.277822587e-02 3.166566112e-02 3.081361894e-02 2.998123771e-02
 2.915588184e-02 2.834757437e-02 2.756941425e-02 2.683515478e-02 2.615842733e-02
 2.555238197e-02 2.502950641e-02 2.460155534e-02 2.428014195e-02 2.407652581e-02
 2.400002479e-02 2.405790390e-02 2.425526042e-02 2.459491150e-02 2.507724523e-02
 2.570220863e-02 2.646953185e-02 2.737819841e-02 2.842701899e-02 2.961525770e-02
 3.094343450e-02 3.241381418e-02 3.403027990e-02 3.579826831e-02 3.772468251e-02
 3.981764456e-02 4.208623512e-02 4.454035380e-02 4.719098305e-02 5.005151602e-02
 5.314045925e-02 5.649125452e-02 6.010411219e-02 6.400865622e-02 6.820109379e-02
 7.271135699e-02 7.684181462e-02 7.979672295e-02 8.145681318e-02 8.168138040e-02
 8.099360472e-02 8.022578473e-02 7.944339558e-02 7.871454814e-02 7.802876640e-02
 7.736724519e-02 7.671211205e-02 7.604952423e-02 7.536992307e-02 7.466739524e-02
 7.393884219e-02 7.318318182e-02 7.240062135e-02 7.159217927e-02 7.076996655e-02
 3.436658829e-03 7.796910459e-03 1.393753378e-02 2.188497896e-02 3.110657756e-02
 3.599584300e-02 3.511178331e-02 3.372580252e-02 3.251730193e-02 3.135313130e-02
 3.023012539e-02 2.914049928e-02 2.808414658e-02 2.706597944e-02 2.609391637e-02
 2.517767851e-02 2.432809724e-02 2.355878710e-02 2.288532410e-02 2.232280334e-02
 2.188550005e-02 2.158658717e-02 2.143790157e-02 2.144976892e-02 2.163091662e-02
 2.198854220e-02 2.252824179e-02 2.325378611e-02 2.416682222e-02 2.526633010e-02
 2.655172581e-02 2.802469841e-02 2.968535232e-02 3.153284748e-02 3.356655125e-02
 3.578540098e-02 3.818748387e-02 4.076951779e-02 4.352572676e-02 4.644536409e-02
 4.952207741e-02 5.260583144e-02 5.609229284e-02 5.968594689e-02 6.320844155e-02
 6.656983525e-02 6.963881201e-02 7.224856651e-02 7.429666949e-02 7.577386412e-02
 7.676079308e-02 7.738091295e-02 7.774403297e-02 7.792416060e-02 7.796481129e-02
 7.789022250e-02 7.771396808e-02 7.744439573e-02 7.708769984e-02 7.664948713e-02
 7.613545700e-02 7.555159509e-02 7.490411985e-02 7.419899850e-02 7.342186529e-02
 3.512445810e-03 7.968498378e-03 1.424209639e-02 2.235463942e-02 3.175887339e-02
 3.681562788e-02 3.604081019e-02 3.467922254e-02 3.335259020e-02 3.201995962e-02
 3.068437211e-02 2.935191182e-02 2.802866684e-02 2.672180081e-02 2.543988076e-02
 2.419287004e-02 2.299484330e-02 2.186426974e-02 2.082036497e-02 1.988270191e-02
 1.907082387e-02 1.840386274e-02 1.790016541e-02 1.757693359e-02 1.744988322e-02
 1.753292365e-02 1.783783501e-02 1.837394709e-02 1.914785014e-02 2.016318663e-02
 2.142064163e-02 2.291759979e-02 2.464703785e-02 2.659602736e-02 2.875972980e-02
 3.112993278e-02 3.369587239e-02 3.644508436e-02 3.936269542e-02 4.243155666e-02
 4.563357460e-02 4.890308119e-02 5.214597408e-02 5.562455643e-02 5.904183224e-02
 6.227890361e-02 6.531015087e-02 6.806856317e-02 7.050564948e-02 7.259852153e-02
 7.435010102e-02 7.578208971e-02 7.692496302e-02 7.780981633e-02 7.846418524e-02
 7.891114916e-02 7.917009863e-02 7.925793338e-02 7.919008135e-02 7.898115341e-02
 7.864525696e-02 7.819606629e-02 7.764676150e-02 7.701023785e-02 7.631306020e-02
 3.550730990e-03 8.052555936e-03 1.438461422e-02 2.256122873e-02 3.205597935e-02
 3.721679498e-02 3.634943763e-02 3.496457333e-02 3.354983552e-02 3.207535375e-02
 3.055315044e-02 2.899426258e-02 2.740901932e-02 2.580771025e-02 2.420111802e-02
 2.260374094e-02 2.103661681e-02 1.952232444e-02 1.808473413e-02 1.674867694e-02
 1.553954841e-02 1.448285757e-02 1.360373223e-02 1.292639178e-02 1.247359985e-02
 1.226610926e-02 1.232211141e-02 1.265670548e-02 1.328140455e-02 1.420369317e-02
 1.542663809e-02 1.694851370e-02 1.876245079e-02 2.085625427e-02 2.321264738e-02
 2.580731641e-02 2.861631743e-02 3.162223906e-02 3.480346823e-02 3.813559377e-02
 4.159063588e-02 4.513714134e-02 4.873943098e-02 5.235285208e-02 5.592839675e-02
 5.941245404e-02 6.274990621e-02 6.589041066e-02 6.879147591e-02 7.142066327e-02
 7.375651908e-02 7.578802128e-02 7.751299788e-02 7.893623505e-02 8.006781781e-02
 8.092188712e-02 8.151572465e-02 8.186899037e-02 8.200298581e-02 8.193990388e-02
 8.170209309e-02 8.131139118e-02 8.078857491e-02 8.015280372e-02 7.941628805e-02
 3.560551898e-03 8.072296039e-03 1.441340702e-02 2.259307476e-02 3.204148187e-02
 3.709157576e-02 3.629156173e-02 3.484199128e-02 3.330526366e-02 3.166921973e-02
 2.994634452e-02 2.814808721e-02 2.628564503e-02 2.437031782e-02 2.241605244e-02
 2.044576098e-02 1.848454093e-02 1.655959298e-02 1.470001757e-02 1.293649633e-02
 1.130086426e-02 9.825581073e-03 8.543114123e-03 7.485248501e-03 6.682344225e-03
 6.162563666e-03 5.951094922e-03 6.069398340e-03 6.534502830e-03 7.358375339e-03
 8.547380823e-03 1.010184320e-02 1.201571704e-02 1.427637799e-02 1.686451548e-02
 1.975402443e-02 2.291219944e-02 2.629879524e-02 2.987787288e-02 3.362295705e-02
 3.750480486e-02 4.149092760e-02 4.554502369e-02 4.962658550e-02 5.369098363e-02
 5.769009614e-02 6.157352080e-02 6.529031035e-02 6.879099640e-02 7.202973106e-02
 7.496643328e-02 7.756880035e-02 7.981400338e-02 8.168985415e-02 8.319523699e-02
 8.433967030e-02 8.514200177e-02 8.562840952e-02 8.583001509e-02 8.578046159e-02
 8.551376291e-02 8.506261782e-02 8.445725363e-02 8.372468087e-02 8.288707852e-02
 3.551044743e-03 8.048937432e-03 1.436720848e-02 2.251188210e-02 3.193228364e-02
 3.696600216e-02 3.600104836e-02 3.444051771e-02 3.274605719e-02 3.091878905e-02
 2.896829226e-02 2.690454803e-02 2.473783928e-02 2.247913021e-02 2.015151440e-02
 1.778104494e-02 1.539675176e-02 1.303055481e-02 1.071705494e-02 8.493188512e-03
 6.397740503e-03 4.470718413e-03 2.752597155e-03 1.283453075e-03 1.020130983e-04
-7.553481992e-04-1.255625443e-03-1.370172140e-03-1.075621999e-03-3.547038930e-04
 8.030812050e-04 2.400944010e-03 4.434463527e-03 6.891416263e-03 9.751763007e-03
 1.298776727e-02 1.656422473e-02 2.043873401e-02 2.456215593e-02 2.887699149e-02
 3.335490345e-02 3.796557643e-02 4.267546929e-02 4.744676967e-02 5.223643643e-02
 5.699540694e-02 6.166813032e-02 6.619269733e-02 7.050194164e-02 7.452591297e-02
 7.819595552e-02 8.145019523e-02 8.423963893e-02 8.653359215e-02 8.832301462e-02
 8.962087619e-02 9.045940049e-02 9.088495585e-02 9.095191434e-02 9.071684196e-02
 9.023396858e-02 8.955229200e-02 8.871418882e-02 8.775543091e-02 8.671863358e-02
 3.528959413e-03 7.997613383e-03 1.427249154e-02 2.235734482e-02 3.169227853e-02
 3.661108160e-02 3.553898099e-02 3.384017223e-02 3.196105589e-02 2.991476748e-02
 2.770869349e-02 2.535049318e-02 2.284834063e-02 2.022090484e-02 1.749340044e-02
 1.469481884e-02 1.185800804e-02 9.019622852e-03 6.219922759e-03 3.502399769e-03
 9.132256425e-04-1.499483255e-03-3.686574475e-03-5.598920765e-03-7.188601738e-03
-8.410162790e-03-9.221899451e-03-9.587109862e-03-9.475256746e-03-8.862983515e-03
-7.734937220e-03-6.084363336e-03-3.913453135e-03-1.233442466e-03 1.935520399e-03
 5.564701502e-03 9.617249639e-03 1.404873584e-02 1.880768227e-02 2.383594216e-02
 2.906914425e-02 3.447605111e-02 4.003128205e-02 4.570462413e-02 5.145877898e-02
 5.724644167e-02 6.300684603e-02 6.866228951e-02 7.411583625e-02 7.925224365e-02
 8.394451944e-02 8.806732978e-02 9.151539649e-02 9.422172110e-02 9.616950579e-02
 9.739365479e-02 9.797142256e-02 9.800565053e-02 9.760649955e-02 9.687708846e-02
 9.590542973e-02 9.476196529e-02 9.350060923e-02 9.216099693e-02 9.075039424e-02
 3.499029014e-03 7.928835933e-03 1.414747578e-02 2.215699521e-02 3.137993979e-02
 3.614211660e-02 3.499315325e-02 3.310733364e-02 3.102209091e-02 2.873492473e-02
 2.625012877e-02 2.357239658e-02 2.071329484e-02 1.769523623e-02 1.454511032e-02
 1.129452990e-02 7.979967174e-03 4.642743595e-03 1.328840856e-03-1.911494054e-03
-5.024368197e-03-7.953093335e-03-1.063926085e-02-1.302401805e-02-1.504950687e-02
-1.666041023e-02-1.780553884e-02-1.843938214e-02-1.852354420e-02-1.802798813e-02
-1.693202280e-02-1.522498088e-02-1.290655819e-02-9.986807594e-03-6.485805628e-03
-2.433032958e-03 2.133468899e-03 7.168085343e-03 1.261866825e-02 1.842752670e-02
 2.453227432e-02 3.086635479e-02 3.741793763e-02 4.417535833e-02 5.112154669e-02
 5.822881741e-02 6.545064638e-02 7.270928073e-02 7.987902384e-02 8.676926981e-02
 9.312077019e-02 9.863542957e-02 1.030426455e-01 1.061713095e-01 1.079937521e-01
 1.086299090e-01 1.083097429e-01 1.073040226e-01 1.058573584e-01 1.041550321e-01
 1.023224726e-01 1.004387940e-01 9.855139046e-02 9.668749426e-02 9.487433165e-02
 3.464711248e-03 7.850271319e-03 1.400540468e-02 2.193093537e-02 3.108672249e-02
 3.580142560e-02 3.435784870e-02 3.229883092e-02 2.999453271e-02 2.745256642e-02
 2.467444109e-02 2.166224675e-02 1.843396544e-02 1.501254458e-02 1.142629312e-02
 7.709213671e-03 3.901218842e-03 4.818279131e-05-3.798216676e-03-7.580902930e-03
-1.123807954e-02-1.470419673e-02-1.791120082e-02-2.079004214e-02-2.327239517e-02
-2.529252404e-02-2.678920848e-02-2.770763271e-02-2.800113394e-02-2.763270991e-02
-2.657619620e-02-2.481704350e-02-2.235265052e-02-1.919223791e-02-1.535627854e-02
-1.087552761e-02-5.789719431e-03-1.460148690e-04 6.002704861e-03 1.259959319e-02
 1.958552211e-02 2.690054633e-02 3.450877796e-02 4.243180392e-02 5.069623652e-02
 5.933163335e-02 6.836484387e-02 7.780600871e-02 8.761415480e-02 9.761030761e-02
 1.072863443e-01 1.156953151e-01 1.219217788e-01 1.254861073e-01 1.263340533e-01
 1.248765904e-01 1.219809586e-01 1.185575888e-01 1.151081044e-01 1.118242714e-01
 1.087629336e-01 1.059270782e-01 1.032990551e-01 1.008546269e-01 9.856924157e-02
 3.428784363e-03 7.768130642e-03 1.385715499e-02 2.169531773e-02 3.070342472e-02
 3.520594202e-02 3.372625367e-02 3.146664428e-02 2.893884384e-02 2.613785447e-02
 2.306120180e-02 1.971550646e-02 1.611878097e-02 1.229453589e-02 8.272382521e-03
 4.088527277e-03-2.138837415e-04-4.584618906e-03-8.966463897e-03-1.329561900e-02
-1.750242655e-02-2.151244835e-02-2.524789231e-02-2.862936216e-02-3.157787745e-02
-3.401708375e-02-3.587554985e-02-3.708903072e-02-3.760256703e-02-3.737229341e-02
-3.636684120e-02-3.456824462e-02-3.197229098e-02-2.858829141e-02-2.443828514e-02
-1.955572234e-02-1.398369424e-02-7.772790918e-03-9.786636929e-04 6.340652284e-03
 1.412764266e-02 2.232850294e-02 3.089678875e-02 3.986180374e-02 4.930068211e-02
 5.931977834e-02 7.006760164e-02 8.175577304e-02 9.469720832e-02 1.093967738e-01
 1.269150122e-01 1.421480916e-01 1.520356058e-01 1.559534095e-01 1.537057899e-01
 1.463042508e-01 1.364116099e-01 1.289339510e-01 1.229358243e-01 1.179698376e-01
 1.137586598e-01 1.101138095e-01 1.069018084e-01 1.040255647e-01 1.014062139e-01
 3.393669736e-03 7.687880058e-03 1.371242544e-02 2.146567783e-02 3.037488446e-02
 3.476688529e-02 3.310438888e-02 3.065835344e-02 2.791467586e-02 2.486368595e-02
 2.149955701e-02 1.783370318e-02 1.388356249e-02 9.672798995e-03 5.231984353e-03
 5.991983481e-04-4.179518625e-03-9.049927930e-03-1.394963494e-02-1.880847009e-02
-2.354925586e-02-2.808898839e-02-3.234043780e-02-3.621414125e-02-3.962072976e-02
-4.247349614e-02-4.469108202e-02-4.620013909e-02-4.693780785e-02-4.685385877e-02
-4.591235552e-02-4.409272874e-02-4.139018713e-02-3.781543732e-02-3.339372857e-02
-2.816327842e-02-2.217316382e-02-1.548077578e-02-8.148929670e-03-2.426941997e-04
 8.174054230e-03 1.704243836e-02 2.631298007e-02 3.596873742e-02 4.609952283e-02
 5.683232835e-02 6.834969215e-02 8.092118531e-02 9.495810804e-02 1.111091100e-01
 1.308417780e-01 1.464226110e-01 1.612025196e-01 1.634303142e-01 1.602674427e-01
 1.516971775e-01 1.403089029e-01 1.319243114e-01 1.253715599e-01 1.200751191e-01
 1.156643590e-01 1.118953218e-01 1.086026232e-01 1.056712383e-01 1.030337852e-01
 3.361539067e-03 7.614449311e-03 1.358002238e-02 2.125567844e-02 3.008752657e-02
 3.439863114e-02 3.251983157e-02 2.991909448e-02 2.697794255e-02 2.369711610e-02
 2.007293316e-02 1.611663275e-02 1.184528089e-02 7.282662308e-03 2.460124106e-03
-2.582680174e-03-7.797212102e-03-1.312570834e-02-1.850115351e-02-2.384763564e-02
-2.908114219e-02-3.411083420e-02-3.884080831e-02-4.317232161e-02-4.700641510e-02
-5.024683192e-02-5.280309044e-02-5.459354441e-02-5.554824760e-02-5.561144083e-02
-5.474349727e-02-5.292219536e-02-5.014323609e-02-4.641997514e-02-4.178239700e-02
-3.627540852e-02-2.995656946e-02-2.289340191e-02-1.516042793e-02-6.836074735e-03
 2.000436128e-03 1.127212959e-02 2.090718652e-02 3.084165498e-02 4.108804598e-02
 5.171627069e-02 6.281087955e-02 7.446984816e-02 8.679309099e-02 9.982905691e-02
 1.131892190e-01 1.247070692e-01 1.335396343e-01 1.384331501e-01 1.389347582e-01
 1.357055273e-01 1.305962388e-01 1.257200957e-01 1.213842436e-01 1.175502451e-01
 1.141392225e-01 1.110736415e-01 1.082869118e-01 1.057244004e-01 1.033231413e-01
 3.334312276e-03 7.552218485e-03 1.346781394e-02 2.107752125e-02 2.979552547e-02
 3.393609158e-02 3.205360810e-02 2.929301909e-02 2.618365005e-02 2.270762659e-02
 1.886327269e-02 1.466098032e-02 1.011732781e-02 5.256065221e-03 1.090723922e-04
-5.282780208e-03-1.086894337e-02-1.658875617e-02-2.237135287e-02-2.813599043e-02
-3.379286473e-02-3.924446197e-02-4.438746095e-02-4.911516245e-02-5.332037797e-02
-5.689866423e-02-5.975174789e-02-6.179095280e-02-6.294042368e-02-6.313994063e-02
-6.234713898e-02-6.053898816e-02-5.771243835e-02-5.388420770e-02-4.908975033e-02
-4.338150732e-02-3.682659395e-02-2.950411244e-02-2.150229895e-02-1.291571919e-02
-3.842725471e-03 5.616610629e-03 1.536185478e-02 2.529255682e-02 3.531305720e-02
 4.542255205e-02 5.560285439e-02 6.580166263e-02 7.590457600e-02 8.569449376e-02
 9.481901506e-02 1.028258165e-01 1.092814701e-01 1.138882051e-01 1.165766675e-01
 1.175499652e-01 1.172226676e-01 1.160608297e-01 1.144326137e-01 1.125713825e-01
 1.106096274e-01 1.086186726e-01 1.066354329e-01 1.046782396e-01 1.027655319e-01
 3.313600211e-03 7.504872480e-03 1.338244029e-02 2.094220726e-02 2.962861627e-02
 3.376317005e-02 3.167528681e-02 2.881587207e-02 2.557891245e-02 2.195410551e-02
 1.794193984e-02 1.355209219e-02 8.800683166e-03 3.711351856e-03-1.683696754e-03
-7.342740107e-03-1.321376362e-02-1.923395325e-02-2.532954835e-02-3.141614429e-02
-3.739952171e-02-4.317705642e-02-4.863973053e-02-5.367472305e-02-5.816850946e-02
-6.201034943e-02-6.509599503e-02-6.733141579e-02-6.863631599e-02-6.894721976e-02
-6.821992150e-02-6.643114294e-02-6.357929935e-02-5.968434987e-02-5.478678265e-02
-4.894585575e-02-4.223727343e-02-3.475051835e-02-2.658608352e-02-1.785285354e-02
-8.665879624e-03 8.552160171e-04 1.058697352e-02 2.040171981e-02 3.016580417e-02
 3.979863553e-02 4.925066606e-02 5.844515829e-02 6.727255409e-02 7.558850512e-02
 8.322073044e-02 8.998870103e-02 9.573420163e-02 1.003540590e-01 1.038240185e-01
 1.062045834e-01 1.076252291e-01 1.082529011e-01 1.082585037e-01 1.077937271e-01
 1.069815637e-01 1.059165158e-01 1.046691450e-01 1.032915426e-01 1.018269442e-01
 3.300627005e-03 7.475214470e-03 1.332895927e-02 2.085728831e-02 2.948311720e-02
 3.352784184e-02 3.144916093e-02 2.851721486e-02 2.520002778e-02 2.148193257e-02
 1.736453692e-02 1.285704081e-02 7.975249506e-03 2.742701427e-03-2.808226310e-03
-8.635307407e-03-1.468563597e-02-2.089507059e-02-2.718805146e-02-3.347788591e-02
-3.966758478e-02-4.565130880e-02-5.131644887e-02-5.654631996e-02-6.122339665e-02
-6.523296470e-02-6.846701364e-02-7.082815607e-02-7.223333727e-02-7.261709835e-02
-7.193417930e-02-7.016129505e-02-6.729798271e-02-6.336649571e-02-5.841080094e-02
-5.249480987e-02-4.570003542e-02-3.812290752e-02-2.987199872e-02-2.106540713e-02
-1.182851837e-02-2.292324902e-03 7.407579548e-03 1.713129388e-02 2.673426563e-02
 3.608983580e-02 4.514782539e-02 5.384132098e-02 6.208781796e-02 6.979287192e-02
 7.685698186e-02 8.318562549e-02 8.870111955e-02 9.335383141e-02 9.712987119e-02
 1.000530809e-01 1.021807681e-01 1.035945899e-01 1.043893617e-01 1.046626639e-01
 1.045070887e-01 1.040055976e-01 1.032294872e-01 1.022378669e-01 1.010660907e-01
 3.296159880e-03 7.465002424e-03 1.331054467e-02 2.082802874e-02 2.943317594e-02
 3.344395434e-02 3.137517165e-02 2.841469215e-02 2.506993160e-02 2.131991245e-02
 1.716651299e-02 1.261877225e-02 7.692390054e-03 2.410871506e-03-3.193347087e-03
-9.077867156e-03-1.518947802e-02-2.146358414e-02-2.782400981e-02-3.418327867e-02
-4.044345245e-02-4.649758975e-02-5.223185010e-02-5.752822336e-02-6.226781206e-02
-6.633453946e-02-6.961910556e-02-7.202297329e-02-7.346214419e-02-7.387048245e-02
-7.320236998e-02-7.143452228e-02-6.856686208e-02-6.462242611e-02-5.964636287e-02
-5.370415509e-02-4.687926178e-02-3.927041554e-02-3.098882654e-02-2.215553552e-02
-1.289912492e-02-3.353940887e-03 6.341099004e-03 1.604313883e-02 2.560561356e-02
 3.488807681e-02 4.384226902e-02 5.240633606e-02 6.050704779e-02 6.806387954e-02
 7.499507822e-02 8.122532076e-02 8.669396541e-02 9.136243150e-02 9.521916731e-02
 9.828109631e-02 1.005912697e-01 1.022134005e-01 1.032246426e-01 1.037081677e-01
 1.037467826e-01 1.034182618e-01 1.027925124e-01 1.019306238e-01 1.008979889e-01
 3.300461135e-03 7.474838908e-03 1.332828903e-02 2.085632091e-02 2.951182722e-02
 3.361454029e-02 3.143420058e-02 2.851396333e-02 2.519651295e-02 2.147793294e-02
 1.736003588e-02 1.285204504e-02 7.969784617e-03 2.736811765e-03-2.814477535e-03
-8.641837970e-03-1.469234466e-02-2.090183752e-02-2.719473874e-02-3.348433863e-02
-3.967363247e-02-4.565676698e-02-5.132112082e-02-5.654999823e-02-6.122586409e-02
-6.523399452e-02-6.846636796e-02-7.082558233e-02-7.222856185e-02-7.260981649e-02
-7.192404064e-02-7.014788357e-02-6.728079021e-02-6.334488744e-02-5.838397212e-02
-5.246173157e-02-4.565938844e-02-3.807300317e-02-2.981068664e-02-2.098997238e-02
-1.173557459e-02-2.177718231e-03 7.548827807e-03 1.730495636e-02 2.694670920e-02
 3.635008675e-02 4.546471538e-02 5.422239591e-02 6.253780229e-02 7.031188595e-02
 7.743897053e-02 8.381763239e-02 8.936395425e-02 9.402427908e-02 9.778402637e-02
 1.006699107e-01 1.027448799e-01 1.040975127e-01 1.048292840e-01 1.050431288e-01
 1.048353445e-01 1.042911728e-01 1.034833161e-01 1.024721033e-01 1.012954253e-01
 3.313267251e-03 7.504120703e-03 1.338110489e-02 2.094000245e-02 2.959502936e-02
 3.366214237e-02 3.168015933e-02 2.881009999e-02 2.557189442e-02 2.194603758e-02
 1.793282217e-02 1.354195033e-02 8.789575782e-03 3.699372417e-03-1.696418968e-03
-7.356039519e-03-1.322743851e-02-1.924776664e-02-2.534322972e-02-3.142939210e-02
-3.741200673e-02-4.318842564e-02-4.864961141e-02-5.368272755e-02-5.817423729e-02
-6.201338964e-02-6.509592503e-02-6.732779658e-02-6.862868237e-02-6.893506408e-02
-6.820266935e-02-6.640811896e-02-6.354968111e-02-5.964710739e-02-5.474060046e-02
-4.888903407e-02-4.216760388e-02-3.466512932e-02-2.648124955e-02-1.772376365e-02
-8.506361579e-03 1.053013059e-03 1.083292372e-02 2.070805669e-02 3.054737044e-02
 4.027655482e-02 4.984805700e-02 5.918525515e-02 6.817483485e-02 7.666259004e-02
 8.445922379e-02 9.136203736e-02 9.719088644e-02 1.018276486e-01 1.052454648e-01
 1.075160636e-01 1.087900959e-01 1.092580064e-01 1.091096636e-01 1.085084403e-01
 1.075826161e-01 1.064278140e-01 1.051135423e-01 1.036899716e-01 1.021983963e-01
 3.333803053e-03 7.551071147e-03 1.346578233e-02 2.107446847e-02 2.980861714e-02
 3.399203553e-02 3.203832749e-02 2.928362085e-02 2.617291660e-02 2.269524394e-02
 1.884924014e-02 1.464534752e-02 1.010019290e-02 5.237576760e-03 8.943042384e-05
-5.303324055e-03-1.089008685e-02-1.661014857e-02-2.239259856e-02-2.815665373e-02
-3.381247610e-02-3.926252537e-02-4.440346186e-02-4.912857598e-02-5.333067632e-02
-5.690532231e-02-5.975424596e-02-6.178877465e-02-6.293304871e-02-6.312682813e-02
-6.232770262e-02-6.051255862e-02-5.767821128e-02-5.384117414e-02-4.903660536e-02
-4.331653147e-02-3.674750017e-02-2.940784831e-02-2.138479021e-02-1.277153559e-02
-3.664643307e-03 5.838182007e-03 1.563962127e-02 2.564329815e-02 3.576296871e-02
 4.600625534e-02 5.636548219e-02 6.680037118e-02 7.720653378e-02 8.736374674e-02
 9.688294415e-02 1.052374768e-01 1.119150900e-01 1.165593095e-01 1.190835706e-01
 1.197356441e-01 1.190237711e-01 1.175007519e-01 1.155743111e-01 1.134819153e-01
 1.113470925e-01 1.092301261e-01 1.071582135e-01 1.051418457e-01 1.031899126e-01
 3.360830803e-03 7.612855994e-03 1.357720737e-02 2.125130423e-02 3.007335337e-02
 3.436752874e-02 3.251699714e-02 2.990657770e-02 2.696310004e-02 2.367994705e-02
 2.005345235e-02 1.609492042e-02 1.182148401e-02 7.256994557e-03 2.432865389e-03
-2.611185113e-03-7.826556426e-03-1.315542749e-02-1.853073140e-02-2.387651283e-02
-2.910872595e-02-3.413651031e-02-3.886395422e-02-4.319232019e-02-4.702266827e-02
-5.025877292e-02-5.281019344e-02-5.459533009e-02-5.554428301e-02-5.560133194e-02
-5.472687242e-02-5.289867793e-02-5.011240403e-02-4.638130512e-02-4.173518959e-02
-3.621868980e-02-2.988896203e-02-2.281295469e-02-1.506438822e-02-6.720576533e-03
 2.140809789e-03 1.144498039e-02 2.112324983e-02 3.111627543e-02 4.144648269e-02
 5.219527909e-02 6.346568290e-02 7.538664899e-02 8.811416310e-02 1.018150567e-01
 1.165115482e-01 1.288481799e-01 1.385453064e-01 1.435696438e-01 1.434928319e-01
 1.390980785e-01 1.326770532e-01 1.271563039e-01 1.224280768e-01 1.183415050e-01
 1.147647598e-01 1.115908005e-01 1.087352884e-01 1.061324957e-01 1.037180902e-01
 3.392721245e-03 7.685749375e-03 1.370866877e-02 2.145981453e-02 3.035621923e-02
 3.471618197e-02 3.309268416e-02 3.064175344e-02 2.789504119e-02 2.484101218e-02
 2.147380444e-02 1.780501420e-02 1.385215752e-02 9.638977679e-03 5.196124508e-03
 5.617529585e-04-4.218026399e-03-9.088911922e-03-1.398845551e-02-1.884644617e-02
-2.358567948e-02-2.812314157e-02-3.237161149e-02-3.624165567e-02-3.964395530e-02
-4.249187391e-02-4.470414278e-02-4.620751932e-02-4.693926178e-02-4.684926513e-02
-4.590171805e-02-4.407616963e-02-4.136793273e-02-3.778779564e-02-3.336105816e-02
-2.812594800e-02-2.213150170e-02-1.543500750e-02-8.099100766e-03-1.885729397e-04
 8.233103443e-03 1.710762632e-02 2.638633776e-02 3.605435118e-02 4.620382286e-02
 5.696526476e-02 6.852690259e-02 8.116778153e-02 9.531420570e-02 1.116307878e-01
 1.310396694e-01 1.479503832e-01 1.589606128e-01 1.633945465e-01 1.607807947e-01
 1.521032170e-01 1.408562060e-01 1.323264822e-01 1.256835779e-01 1.203363341e-01
 1.159006023e-01 1.121240154e-01 1.088361850e-01 1.059189641e-01 1.032997553e-01
 3.427528682e-03 7.765314138e-03 1.385219994e-02 2.168781696e-02 3.072775924e-02
 3.529879666e-02 3.369433293e-02 3.144467266e-02 2.891329107e-02 2.610842285e-02
 2.302787137e-02 1.967849224e-02 1.607839695e-02 1.225119150e-02 8.226578000e-03
 4.040847106e-03-2.627794480e-04-4.634005203e-03-9.015564317e-03-1.334362160e-02
-1.754850284e-02-2.155577506e-02-2.528767575e-02-2.866486474e-02-3.160844567e-02
-3.404217683e-02-3.589476808e-02-3.710214267e-02-3.760953478e-02-3.737329532e-02
-3.636229204e-02-3.455881344e-02-3.195891776e-02-2.857220416e-02-2.442102043e-02
-1.953915318e-02-1.397007166e-02-7.764808159e-03-9.795568983e-04 6.326944838e-03
 1.409622626e-02 2.227311909e-02 3.080914945e-02 3.972983049e-02 4.910712591e-02
 5.903884073e-02 6.965890255e-02 8.115316768e-02 9.378749100e-02 1.079863048e-01
 1.252378085e-01 1.409684195e-01 1.516725869e-01 1.537024046e-01 1.512568017e-01
 1.443749418e-01 1.349536713e-01 1.279978672e-01 1.223279476e-01 1.175801696e-01
 1.135234898e-01 1.099949951e-01 1.068759397e-01 1.040780705e-01 1.015277179e-01
 3.463042936e-03 7.846535950e-03 1.399884951e-02 2.192077411e-02 3.103734064e-02
 3.567732401e-02 3.434660312e-02 3.227083786e-02 2.996142574e-02 2.741459974e-02
 2.463167633e-02 2.161500725e-02 1.838269652e-02 1.495780555e-02 1.136874543e-02
 7.649608610e-03 3.840384458e-03-1.299071070e-05-3.858793611e-03-7.639921394e-03
-1.129457360e-02-1.475722165e-02-1.795986130e-02-2.083352320e-02-2.330999521e-02
-2.532368942e-02-2.681356906e-02-2.772503767e-02-2.801168756e-02-2.763680733e-02
-2.657455963e-02-2.481075997e-02-2.234321322e-02-1.918159388e-02-1.534688694e-02
-1.087043425e-02-5.792655509e-03-1.615311856e-04 5.969051939e-03 1.254098069e-02
 1.949349220e-02 2.676446941e-02 3.431362214e-02 4.215766333e-02 5.031623875e-02
 5.880879879e-02 6.764740637e-02 7.682073270e-02 8.625860385e-02 9.575502338e-02
 1.048363470e-01 1.127268003e-01 1.186604444e-01 1.222079519e-01 1.233232585e-01
 1.223670289e-01 1.200574671e-01 1.171370615e-01 1.140717980e-01 1.110772342e-01
 1.082371736e-01 1.055749279e-01 1.030871217e-01 1.007594785e-01 9.857602603e-02
 3.496781493e-03 7.923816121e-03 1.413869588e-02 2.214362553e-02 3.136672075e-02
 3.613919044e-02 3.495689802e-02 3.307004142e-02 3.097889549e-02 2.868581758e-02
 2.619536648e-02 2.351230227e-02 2.064852635e-02 1.762657333e-02 1.447343415e-02
 1.122080602e-02 7.905229380e-03 4.568077504e-03 1.255365963e-03-1.982644585e-03
-5.092070580e-03-8.016259344e-03-1.069686712e-02-1.307513837e-02-1.509334689e-02
-1.669634433e-02-1.783314850e-02-1.845849557e-02-1.853427703e-02-1.803078567e-02
-1.692770447e-02-1.521478838e-02-1.289220933e-02-9.970558678e-03-6.470525509e-03
-2.422293105e-03 2.135283590e-03 7.155639272e-03 1.258550552e-02 1.836586053e-02
 2.443271821e-02 3.071762106e-02 3.720496428e-02 4.387972757e-02 5.072085948e-02
 5.769623839e-02 6.475505042e-02 7.181692904e-02 7.875840460e-02 8.540091374e-02
 9.151125749e-02 9.682853137e-02 1.011183818e-01 1.042321671e-01 1.061444225e-01
 1.069564289e-01 1.068643921e-01 1.061028971e-01 1.048902323e-01 1.033986552e-01
 1.017502510e-01 1.000257990e-01 9.827626799e-02 9.653271341e-02 9.482208649e-02
 3.525859336e-03 7.990713900e-03 1.426048676e-02 2.233918908e-02 3.168632926e-02
 3.663444521e-02 3.549860133e-02 3.379032277e-02 3.190370791e-02 2.985040777e-02
 2.763786664e-02 2.527381053e-02 2.276645186e-02 2.013491074e-02 1.740446878e-02
 1.460417336e-02 1.176691684e-02 8.929385169e-03 6.131853915e-03 3.417813577e-03
 8.334137509e-04-1.573275324e-03-3.753174536e-03-5.657260118e-03-7.237747779e-03
-8.449353558e-03-9.250579649e-03-9.604968096e-03-9.482264054e-03-8.859433705e-03
-7.721490031e-03-6.062092015e-03-3.883898511e-03-1.198675889e-03 1.972822665e-03
 5.601170879e-03 9.648724704e-03 1.407015067e-02 1.881294725e-02 2.381782325e-02
 2.901922218e-02 3.438412029e-02 3.988533396e-02 4.549097451e-02 5.116239166e-02
 5.685159348e-02 6.249831827e-02 6.802728606e-02 7.334671723e-02 7.834981363e-02
 8.292103404e-02 8.694792001e-02 9.033679560e-02 9.302813040e-02 9.500657362e-02
 9.630224658e-02 9.698292896e-02 9.713997945e-02 9.687278383e-02 9.627613488e-02
 9.543265235e-02 9.440992937e-02 9.326085825e-02 9.202528164e-02 9.071672331e-02
 3.546625417e-03 8.039132612e-03 1.435023064e-02 2.248619758e-02 3.187363577e-02
 3.684133744e-02 3.594679894e-02 3.437174566e-02 3.266846637e-02 3.083314575e-02
 2.887554076e-02 2.680568138e-02 2.463380362e-02 2.237132633e-02 2.004138731e-02
 1.767006719e-02 1.528641077e-02 1.292234417e-02 1.061246504e-02 8.393694477e-03
 6.304786534e-03 4.385698373e-03 2.676831754e-03 1.218164391e-03 4.829726727e-05
-7.965492647e-04-1.283552651e-03-1.384277774e-03-1.075598309e-03-3.405123847e-04
 8.311784180e-04 2.442348721e-03 4.488199085e-03 6.956074817e-03 9.825439304e-03
 1.306797512e-02 1.664779434e-02 2.052168716e-02 2.463962482e-02 2.894295158e-02
 3.340261547e-02 3.798680246e-02 4.266066995e-02 4.738551438e-02 5.211803331e-02
 5.680972092e-02 6.140655683e-02 6.584926144e-02 7.007445873e-02 7.401705771e-02
 7.761398276e-02 8.080902147e-02 8.355808837e-02 8.583382604e-02 8.762841216e-02
 8.895380862e-02 8.983936398e-02 9.032739577e-02 9.046784324e-02 9.031313049e-02
 8.991405900e-02 8.931707238e-02 8.856283228e-02 8.768604549e-02 8.672621637e-02
 3.554040308e-03 8.057863148e-03 1.438846361e-02 2.255575331e-02 3.201561630e-02
 3.711091554e-02 3.620423680e-02 3.474536017e-02 3.319861912e-02 3.155361435e-02
 2.982359578e-02 2.801989042e-02 2.615349861e-02 2.423549981e-02 2.228029423e-02
 2.031073937e-02 1.835189746e-02 1.643094590e-02 1.457696700e-02 1.282062172e-02
 1.119371481e-02 9.728660753e-03 8.457862809e-03 7.413021159e-03 6.624389768e-03
 6.120005003e-03 5.924911396e-03 6.060411275e-03 6.543364290e-03 7.385559542e-03
 8.593176894e-03 1.016634668e-02 1.209881659e-02 1.437773221e-02 1.698350703e-02
 1.988968501e-02 2.306313217e-02 2.646279161e-02 3.005299643e-02 3.380584576e-02
 3.769031252e-02 4.167177351e-02 4.571189346e-02 4.976891050e-02 5.379815679e-02
 5.775266368e-02 6.158398157e-02 6.524352174e-02 6.868447568e-02 7.186400009e-02
 7.474530710e-02 7.729943265e-02 7.950656145e-02 8.135681945e-02 8.285044097e-02
 8.399723957e-02 8.481539141e-02 8.532966048e-02 8.556930288e-02 8.556593405e-02
 8.535161336e-02 8.495731511e-02 8.441185079e-02 8.374112652e-02 8.296502994e-02
 3.540958138e-03 8.030820482e-03 1.434691828e-02 2.250445942e-02 3.195623956e-02
 3.705283261e-02 3.623423349e-02 3.482991462e-02 3.339946313e-02 3.191649578e-02
 3.038896978e-02 2.882726929e-02 2.724113513e-02 2.564037282e-02 2.403540126e-02
 2.244129810e-02 2.087904906e-02 1.937122055e-02 1.794168593e-02 1.661527853e-02
 1.541738436e-02 1.437348474e-02 1.350865872e-02 1.284705604e-02 1.241135260e-02
 1.222220067e-02 1.229768577e-02 1.265280398e-02 1.329897718e-02 1.424361995e-02
 1.548975834e-02 1.703565877e-02 1.887448359e-02 2.099412033e-02 2.337740845e-02
 2.599997734e-02 2.883929684e-02 3.187784754e-02 3.509370821e-02 3.846154531e-02
 4.195145872e-02 4.552701955e-02 4.914366736e-02 5.275335698e-02 5.630713951e-02
 5.975697371e-02 6.305338091e-02 6.614762085e-02 6.899771626e-02 7.157253500e-02
 7.385313536e-02 7.583177257e-02 7.750957823e-02 7.889405764e-02 7.999712590e-02
 8.083382795e-02 8.142154297e-02 8.177940924e-02 8.192778899e-02 8.188770414e-02
 8.168025418e-02 8.132606392e-02 8.084480874e-02 8.025476757e-02 7.957053712e-02
 3.498011985e-03 7.936000915e-03 1.418483794e-02 2.226698480e-02 3.163304855e-02
 3.664299143e-02 3.585400945e-02 3.445058022e-02 3.313379338e-02 3.179877515e-02
 3.046465916e-02 2.913612735e-02 2.781812938e-02 2.651720521e-02 2.524163252e-02
 2.400126840e-02 2.281115156e-02 2.168986491e-02 2.065672381e-02 1.973136997e-02
 1.893337902e-02 1.828187824e-02 1.779517534e-02 1.749040317e-02 1.738318633e-02
 1.748733117e-02 1.781452091e-02 1.837400845e-02 1.917234183e-02 2.021317596e-02
 2.149729707e-02 2.302225005e-02 2.478122718e-02 2.676183432e-02 2.896070606e-02
 3.137063329e-02 3.398231790e-02 3.678498244e-02 3.976532750e-02 4.290585022e-02
 4.618034828e-02 4.958153230e-02 5.311940554e-02 5.645700006e-02 5.972647342e-02
 6.292494807e-02 6.592770533e-02 6.865203224e-02 7.104035328e-02 7.306892487e-02
 7.474635409e-02 7.610267404e-02 7.717542274e-02 7.799999910e-02 7.860596397e-02
 7.901697289e-02 7.925213030e-02 7.932755803e-02 7.925765393e-02 7.905590325e-02
 7.873529324e-02 7.830844570e-02 7.778758814e-02 7.718468118e-02 7.652158187e-02
 3.417078836e-03 7.751820239e-03 1.385530531e-02 2.175308229e-02 3.094733016e-02
 3.583884045e-02 3.479886844e-02 3.341353620e-02 3.219578215e-02 3.105032501e-02
 2.994599728e-02 2.887270186e-02 2.783041643e-02 2.682463795e-02 2.586389501e-02
 2.495842282e-02 2.411944824e-02 2.336194755e-02 2.270173893e-02 2.215405389e-02
 2.173322488e-02 2.145241817e-02 2.132341053e-02 2.135642213e-02 2.156003466e-02
 2.194125934e-02 2.250555116e-02 2.325657314e-02 2.419589870e-02 2.532246685e-02
 2.663611752e-02 2.813888629e-02 2.983142046e-02 3.171370633e-02 3.378631510e-02
 3.604981936e-02 3.850467556e-02 4.115127897e-02 4.399026078e-02 4.702389432e-02
 5.026217945e-02 5.370156285e-02 5.706605299e-02 6.051858384e-02 6.403671177e-02
 6.747562347e-02 7.061871313e-02 7.325333115e-02 7.525311277e-02 7.661293440e-02
 7.744953424e-02 7.793333119e-02 7.818535606e-02 7.827693971e-02 7.824907471e-02
 7.812355497e-02 7.791155464e-02 7.761924265e-02 7.725094901e-02 7.681073034e-02
 7.630301295e-02 7.573274520e-02 7.510530964e-02 7.442608001e-02 7.368435695e-02
 3.302077373e-03 7.484694795e-03 1.336020159e-02 2.093310535e-02 2.962655727e-02
 3.375008434e-02 3.197781806e-02 3.113163956e-02 3.039718605e-02 2.962101338e-02
 2.883015561e-02 2.804568018e-02 2.728552931e-02 2.656607768e-02 2.590254850e-02
 2.530912020e-02 2.479895835e-02 2.438424774e-02 2.407795887e-02 2.389138225e-02
 2.383381885e-02 2.391246103e-02 2.413228081e-02 2.449592926e-02 2.500361019e-02
 2.565457993e-02 2.644846128e-02 2.738411559e-02 2.846027425e-02 2.967621777e-02
 3.103263411e-02 3.253209992e-02 3.417898294e-02 3.597939590e-02 3.794112675e-02
 4.007339952e-02 4.238661317e-02 4.489210664e-02 4.760195517e-02 5.052849746e-02
 5.368204041e-02 5.706654566e-02 6.070989007e-02 6.466561481e-02 6.901642245e-02
 7.400957065e-02 7.870698172e-02 8.193310741e-02 8.345494787e-02 8.321698277e-02
 8.194709537e-02 8.087166885e-02 7.995233892e-02 7.911925067e-02 7.835990594e-02
 7.764702494e-02 7.695686976e-02 7.627180467e-02 7.557979324e-02 7.487324932e-02
 7.414790358e-02 7.340184181e-02 7.263471132e-02 7.184722727e-02 7.104974439e-02
 3.174203240e-03 7.189879804e-03 1.282011298e-02 2.005476775e-02 2.830287751e-02
 3.185405433e-02 2.950468793e-02 2.876163569e-02 2.837591618e-02 2.787788131e-02
 2.733243981e-02 2.678025336e-02 2.625326011e-02 2.577727839e-02 2.537362504e-02
 2.506004681e-02 2.485125535e-02 2.475924982e-02 2.479353366e-02 2.496089542e-02
 2.526526345e-02 2.570757849e-02 2.628577210e-02 2.699491102e-02 2.782760463e-02
 2.877480261e-02 2.982682130e-02 3.097440818e-02 3.221000055e-02 3.352898177e-02
 3.493073350e-02 3.641928764e-02 3.800346318e-02 3.969639017e-02 4.151459976e-02
 4.347752839e-02 4.560708734e-02 4.792640485e-02 5.045894060e-02 5.322895161e-02
 5.626438481e-02 5.960329757e-02 6.330397029e-02 6.746028595e-02 7.222775865e-02
 7.782501303e-02 8.288977360e-02 8.623471138e-02 8.787480251e-02 8.775943715e-02
 8.577913001e-02 8.307577753e-02 8.107781930e-02 7.950522343e-02 7.818166112e-02
 7.700921673e-02 7.593072733e-02 7.491192428e-02 7.393191166e-02 7.297785166e-02
 7.204188331e-02 7.111928862e-02 7.020740203e-02 6.930508986e-02 6.841449571e-02
 3.050028078e-03 6.910381990e-03 1.232714752e-02 1.929791200e-02 2.726558956e-02
 3.055184485e-02 2.786348070e-02 2.703640452e-02 2.656689068e-02 2.608150456e-02
 2.559856798e-02 2.514761166e-02 2.475711866e-02 2.445257118e-02 2.425572595e-02
 2.418442723e-02 2.425266598e-02 2.447070398e-02 2.484513904e-02 2.537882090e-02
 2.607063206e-02 2.691517693e-02 2.790248188e-02 2.901786950e-02 3.024222680e-02
 3.155290534e-02 3.292541536e-02 3.433591089e-02 3.576421334e-02 3.719681794e-02
 3.862920213e-02 4.006672468e-02 4.152445268e-02 4.303322825e-02 4.462080377e-02
 4.630942405e-02 4.815075463e-02 5.018215757e-02 5.243957466e-02 5.494949745e-02
 5.772143773e-02 6.077912217e-02 6.414780525e-02 6.785258311e-02 7.191620381e-02
 7.646187303e-02 8.057240250e-02 8.342012669e-02 8.497527829e-02 8.516665851e-02
 8.388696596e-02 8.190293966e-02 8.021203101e-02 7.866008944e-02 7.721280962e-02
 7.584432162e-02 7.453858600e-02 7.328588971e-02 7.208019682e-02 7.091749555e-02
 6.979487092e-02 6.871003300e-02 6.766110657e-02 6.664642912e-02 6.565960944e-02
 2.923769789e-03 6.630599725e-03 1.184375533e-02 1.857257388e-02 2.624617875e-02
 2.919525479e-02 2.637779935e-02 2.528603103e-02 2.464984352e-02 2.403863429e-02
 2.348530013e-02 2.302132777e-02 2.267586344e-02 2.247426165e-02 2.243722963e-02
 2.258065716e-02 2.291591275e-02 2.345028394e-02 2.418726057e-02 2.512645195e-02
 2.626303595e-02 2.758673172e-02 2.908038720e-02 3.071842546e-02 3.246563964e-02
 3.427714649e-02 3.610053902e-02 3.788107904e-02 3.956982829e-02 4.113297843e-02
 4.255694681e-02 4.385078518e-02 4.509090117e-02 4.628256095e-02 4.748239538e-02
 4.874048389e-02 5.013695209e-02 5.172505225e-02 5.355652236e-02 5.566669669e-02
 5.805774141e-02 6.073585684e-02 6.368032323e-02 6.683010230e-02 7.007045948e-02
 7.321846295e-02 7.603004510e-02 7.825823933e-02 7.973182482e-02 8.038780652e-02
 8.028421072e-02 7.958759392e-02 7.849705851e-02 7.717588454e-02 7.573665953e-02
 7.425240005e-02 7.276929874e-02 7.131572805e-02 6.990830178e-02 6.855596873e-02
 6.726276611e-02 6.602964848e-02 6.485568459e-02 6.373902052e-02 6.268593701e-02
 2.772262107e-03 6.298356537e-03 1.127717971e-02 1.773375289e-02 2.514392076e-02
 2.785738051e-02 2.460997080e-02 2.320018162e-02 2.227050809e-02 2.141481008e-02
 2.068035173e-02 2.010939131e-02 1.973822955e-02 1.959442067e-02 1.969616379e-02
 2.005379036e-02 2.067226720e-02 2.155352875e-02 2.269788099e-02 2.410422182e-02
 2.576907942e-02 2.768445059e-02 2.983426351e-02 3.218920493e-02 3.469995968e-02
 3.729011815e-02 3.985256973e-02 4.225630670e-02 4.437008504e-02 4.609409126e-02
 4.744426762e-02 4.843769745e-02 4.915551120e-02 4.971865493e-02 5.023881492e-02
 5.081210784e-02 5.152003762e-02 5.243612620e-02 5.363306328e-02 5.518370734e-02
 5.714995081e-02 5.956030796e-02 6.238704265e-02 6.553647193e-02 6.885376841e-02
 7.213220163e-02 7.512338789e-02 7.756206565e-02 7.922003365e-02 7.997636264e-02
 7.985961240e-02 7.902667631e-02 7.769243683e-02 7.605999016e-02 7.428511951e-02
 7.247248726e-02 7.068630105e-02 6.896307612e-02 6.732177707e-02 6.577072495e-02
 6.431196404e-02 6.294391491e-02 6.166294656e-02 6.046410368e-02 5.933097159e-02
 2.553142601e-03 5.822744613e-03 1.048134306e-02 1.659141902e-02 2.363976169e-02
 2.597801159e-02 2.239196657e-02 2.048855418e-02 1.902965216e-02 1.778073921e-02
 1.672983509e-02 1.595425838e-02 1.551013778e-02 1.542579403e-02 1.570348997e-02
 1.633086008e-02 1.729296337e-02 1.857972466e-02 2.018833643e-02 2.212263556e-02
 2.439127859e-02 2.700533845e-02 2.997463707e-02 3.330064288e-02 3.696162102e-02
 4.088309580e-02 4.488831528e-02 4.864743128e-02 5.170338249e-02 5.372351782e-02
 5.461693209e-02 5.459637776e-02 5.407259766e-02 5.338790296e-02 5.274687097e-02
 5.224858290e-02 5.193706936e-02 5.184503679e-02 5.204161828e-02 5.269189565e-02
 5.406397624e-02 5.637658299e-02 5.963712747e-02 6.363880192e-02 6.811198196e-02
 7.282175525e-02 7.745364149e-02 8.142357384e-02 8.393144620e-02 8.446093716e-02
 8.319319918e-02 8.084594074e-02 7.810940274e-02 7.536058798e-02 7.274893456e-02
 7.031971758e-02 6.807806151e-02 6.601522064e-02 6.411854939e-02 6.237506169e-02
 6.077253039e-02 5.929966434e-02 5.794598448e-02 5.670175675e-02 5.556326799e-02
 2.191601680e-03 5.026973055e-03 9.135178788e-03 1.467243834e-02 2.128216880e-02
 2.355624211e-02 2.034370923e-02 1.721857580e-02 1.471181166e-02 1.258881699e-02
 1.090214163e-02 9.761465213e-03 9.267295356e-03 9.404911116e-03 1.007061851e-02
 1.115550817e-02 1.259436390e-02 1.436549828e-02 1.647505698e-02 1.894498514e-02
 2.180807571e-02 2.510894100e-02 2.890949521e-02 3.329822134e-02 3.840252376e-02
 4.439801531e-02 5.146989243e-02 5.942235799e-02 6.609972592e-02 6.871442577e-02
 6.686951518e-02 6.286058784e-02 5.924861045e-02 5.644215614e-02 5.429965649e-02
 5.263468298e-02 5.127143958e-02 5.002037276e-02 4.861212926e-02 4.654223849e-02
 4.582717193e-02 4.807328995e-02 5.362300065e-02 6.012698496e-02 6.654979050e-02
 7.366181003e-02 8.241035398e-02 9.490499287e-02 1.013935526e-01 1.002655753e-01
 9.090199873e-02 8.326134522e-02 7.776554880e-02 7.348278995e-02 6.996316791e-02
 6.696645818e-02 6.435428261e-02 6.204197447e-02 5.997508203e-02 5.811693531e-02
 5.644157818e-02 5.492939824e-02 5.356422584e-02 5.233179733e-02 5.122269958e-02
 1.622299951e-03 3.706330472e-03 6.710217809e-03 1.079784337e-02 1.593767075e-02
 1.761495171e-02 1.449172673e-02 1.131019044e-02 8.114494981e-03 4.700622872e-03
 1.459468206e-03-4.927488742e-04-5.269696660e-04 9.218150106e-04 2.762311191e-03
 4.678868302e-03 6.718446914e-03 8.971461014e-03 1.151859160e-02 1.442161790e-02
 1.772958265e-02 2.149281493e-02 2.578137689e-02 3.070867512e-02 3.646840887e-02
 4.340886463e-02 5.221678058e-02 6.452422446e-02 7.636048691e-02 7.955165922e-02
 7.366394211e-02 6.477385855e-02 5.941036541e-02 5.579884625e-02 5.321219095e-02
 5.126826456e-02 4.972703267e-02 4.840829881e-02 4.716866422e-02 4.606232976e-02
 4.611459948e-02 4.810096248e-02 5.196897982e-02 5.701449016e-02 6.249097965e-02
 6.853539693e-02 7.537965715e-02 8.241578071e-02 8.696355560e-02 8.678991103e-02
 8.206429481e-02 7.649166551e-02 7.175251237e-02 6.779770466e-02 6.443407372e-02
 6.151671101e-02 5.894796540e-02 5.666194190e-02 5.461911636e-02 5.278694392e-02
 5.114875787e-02 4.969056071e-02 4.840043453e-02 4.725669710e-02 4.623695203e-02
 9.618779688e-04 2.127592638e-03 3.640607907e-03 5.292414083e-03 6.642339362e-03
 7.085764884e-03 6.308502767e-03 4.425912477e-03 1.517756180e-03-2.746893836e-03
-8.221458024e-03-1.106213563e-02-1.064432713e-02-6.736547639e-03-4.010240072e-03
-1.831262467e-03 2.866570394e-04 2.638954639e-03 5.384631626e-03 8.571187900e-03
 1.217804963e-02 1.616793197e-02 2.052026223e-02 2.523898058e-02 3.033938100e-02
 3.580899357e-02 4.151237718e-02 4.700401320e-02 5.141587231e-02 5.390612643e-02
 5.431601044e-02 5.330758255e-02 5.175442394e-02 5.020265010e-02 4.885191107e-02
 4.775594511e-02 4.692276469e-02 4.635805586e-02 4.611456807e-02 4.629666933e-02
 4.705368485e-02 4.849413789e-02 5.061134986e-02 5.328549817e-02 5.632612307e-02
 5.951497430e-02 6.256461753e-02 6.506860460e-02 6.656826369e-02 6.676389773e-02
 6.571554659e-02 6.379775664e-02 6.144340860e-02 5.895811046e-02 5.650633634e-02
 5.416635790e-02 5.197277328e-02 4.994127613e-02 4.807983533e-02 4.639229919e-02
 4.488018907e-02 4.354417241e-02 4.239664594e-02 4.141713116e-02 4.059302868e-02
 4.609196117e-04 9.814626783e-04 1.587203342e-03 2.142645075e-03 2.476660548e-03
 2.414643128e-03 1.823255591e-03 6.380637064e-04-1.110960210e-03-3.340633628e-03
-5.651210951e-03-7.410305264e-03-8.219851536e-03-8.298779306e-03-8.148314557e-03
-7.882193307e-03-7.124282110e-03-5.366494247e-03-2.432639732e-03 1.386063749e-03
 5.624655621e-03 9.995065506e-03 1.439099376e-02 1.877881404e-02 2.312930709e-02
 2.738028072e-02 3.141376125e-02 3.505257003e-02 3.809415145e-02 4.038397946e-02
 4.188817363e-02 4.270959272e-02 4.303578146e-02 4.306457675e-02 4.295755206e-02
 4.283093693e-02 4.276674735e-02 4.282787454e-02 4.306902035e-02 4.353976397e-02
 4.427847771e-02 4.529987335e-02 4.658324147e-02 4.806767924e-02 4.965479540e-02
 5.121498973e-02 5.259588272e-02 5.363801102e-02 5.420319896e-02 5.420974379e-02
 5.365549429e-02 5.261224290e-02 5.119490094e-02 4.952614884e-02 4.771404431e-02
 4.584528707e-02 4.398774440e-02 4.219557264e-02 4.051320984e-02 3.897698058e-02
 3.761448448e-02 3.644191969e-02 3.549625926e-02 3.474968622e-02 3.416963193e-02
 1.788710559e-04 3.657081198e-04 5.554919838e-04 6.810226809e-04 6.671881763e-04
 4.426565629e-04-4.638388412e-05-8.178755958e-04-1.846109188e-03-3.086400245e-03
-4.454627405e-03-5.876079979e-03-7.357038776e-03-9.098847329e-03-1.152274570e-02
-1.538220508e-02-1.958369563e-02-1.899111115e-02-1.367635522e-02-5.929195189e-03
-1.086976000e-04 4.816849893e-03 9.237267092e-03 1.332177178e-02 1.713881990e-02
 2.069908465e-02 2.397614052e-02 2.692254054e-02 2.948759503e-02 3.163635186e-02
 3.336442350e-02 3.470279655e-02 3.571133643e-02 3.646554226e-02 3.704329864e-02
 3.751602402e-02 3.794480874e-02 3.837974777e-02 3.886019918e-02 3.941433990e-02
 4.005743821e-02 4.078931385e-02 4.159213886e-02 4.242975925e-02 4.324922299e-02
 4.398469690e-02 4.456377240e-02 4.491599736e-02 4.498273888e-02 4.472622910e-02
 4.413494511e-02 4.322346287e-02 4.202736488e-02 4.059596502e-02 3.898601748e-02
 3.725827734e-02 3.547695417e-02 3.371064301e-02 3.203238016e-02 3.051613650e-02
 2.922807580e-02 2.821370013e-02 2.752042571e-02 2.711350119e-02 2.694799749e-02
 4.323462274e-05 7.719806307e-05 8.805798704e-05 4.352792867e-05-9.098532967e-05
-3.474541971e-04-7.504310806e-04-1.309439845e-03-2.002877514e-03-2.846080533e-03
-3.828699928e-03-4.949742614e-03-6.237647154e-03-7.784734269e-03-9.668974135e-03
-1.173680709e-02-1.315924773e-02-1.254156223e-02-9.644973210e-03-5.434147447e-03
-1.177974614e-03 2.792247487e-03 6.475182308e-03 9.905322893e-03 1.310356626e-02
 1.607387386e-02 1.880839896e-02 2.129384430e-02 2.351755842e-02 2.547285845e-02
 2.716290669e-02 2.860236021e-02 2.981648833e-02 3.083827603e-02 3.170459633e-02
 3.245251690e-02 3.311635349e-02 3.372556191e-02 3.430323900e-02 3.486494703e-02
 3.541771044e-02 3.595923698e-02 3.647757445e-02 3.695146361e-02 3.735158656e-02
 3.764277754e-02 3.778709606e-02 3.774746923e-02 3.749140648e-02 3.699415029e-02
 3.624067815e-02 3.522629229e-02 3.395605483e-02 3.244385592e-02 3.071226851e-02
 2.879451326e-02 2.673985770e-02 2.462332255e-02 2.255832021e-02 2.070379421e-02
 1.924532251e-02 1.833332467e-02 1.800891734e-02 1.820604646e-02 1.877028961e-02
-1.402272020e-05-4.189162624e-05-9.863761257e-05-1.993647533e-04-3.599371341e-04
-5.947877731e-04-9.149239698e-04-1.321492884e-03-1.797488058e-03-2.357589858e-03
-2.994253055e-03-3.680564666e-03-4.397598005e-03-5.111815130e-03-5.735437743e-03
-6.113868557e-03-6.035619149e-03-5.312828350e-03-3.891821355e-03-1.886020137e-03
 5.008934126e-04 3.078042178e-03 5.710537196e-03 8.310531490e-03 1.081807888e-02
 1.319122823e-02 1.540437630e-02 1.744603130e-02 1.931295137e-02 2.100554070e-02
 2.252674206e-02 2.388275677e-02 2.508361926e-02 2.614288459e-02 2.707655115e-02
 2.790158748e-02 2.863438729e-02 2.928935222e-02 2.987769043e-02 3.040645692e-02
 3.087784795e-02 3.128877720e-02 3.163077963e-02 3.189029001e-02 3.204931739e-02
 3.208648700e-02 3.197835522e-02 3.170083468e-02 3.123051342e-02 3.054563406e-02
 2.962653626e-02 2.845546293e-02 2.701577967e-02 2.529085215e-02 2.326311531e-02
 2.091445057e-02 1.823044492e-02 1.521507850e-02 1.193368416e-02 8.632046708e-03
 5.984206765e-03 4.988750300e-03 5.814790363e-03 7.655387713e-03 9.752851824e-03
-3.289898022e-05-7.916327265e-05-1.519703491e-04-2.578613372e-04-4.033952866e-04
-5.940123105e-04-8.327386558e-04-1.113283251e-03-1.419741480e-03-1.756625987e-03
-2.109001197e-03-2.445662465e-03-2.745464033e-03-2.969963888e-03-3.063759918e-03
-2.960646857e-03-2.594085869e-03-1.913943155e-03-9.022878997e-04 4.215902797e-04
 2.011404462e-03 3.809039131e-03 5.749501316e-03 7.764957119e-03 9.756490199e-03
 1.161363513e-02 1.329144341e-02 1.484832702e-02 1.631411311e-02 1.769375120e-02
 1.898025151e-02 2.016772034e-02 2.125380997e-02 2.223953448e-02 2.312841897e-02
 2.392547111e-02 2.463614306e-02 2.526536645e-02 2.581670987e-02 2.629168985e-02
 2.668925591e-02 2.700546392e-02 2.723334618e-02 2.736297641e-02 2.738171097e-02
 2.727456392e-02 2.702464546e-02 2.661356388e-02 2.602166574e-02 2.522796722e-02
 2.420960998e-02 2.294064231e-02 2.138985311e-02 1.951721659e-02 1.726813260e-02
 1.456383999e-02 1.128459442e-02 7.238006794e-03 2.094055255e-03-4.757453177e-03
-1.406003624e-02-1.640904537e-02-9.590332752e-03-2.919530825e-03 1.811340496e-03
-3.424920944e-05-7.951007821e-05-1.461354374e-04-2.364999708e-04-3.526174825e-04
-4.954429636e-04-6.643522200e-04-8.555798000e-04-1.030080367e-03-1.212521919e-03
-1.373371282e-03-1.487751773e-03-1.552050015e-03-1.538366808e-03-1.414635080e-03
-1.149291092e-03-7.161872526e-04-9.710270249e-05 7.160770146e-04 1.720286394e-03
 2.906401412e-03 4.269232334e-03 5.792246860e-03 7.506266050e-03 9.323240829e-03
 1.080296225e-02 1.191508766e-02 1.289514682e-02 1.399398281e-02 1.509130829e-02
 1.615278847e-02 1.716015405e-02 1.810286692e-02 1.897490772e-02 1.977309810e-02
 2.049599108e-02 2.114301565e-02 2.171377004e-02 2.220743137e-02 2.262227521e-02
 2.295530568e-02 2.320199633e-02 2.335613883e-02 2.340979018e-02 2.335329974e-02
 2.317538524e-02 2.286321328e-02 2.240242539e-02 2.177703624e-02 2.096911442e-02
 1.995813442e-02 1.871985215e-02 1.722448990e-02 1.543389096e-02 1.329706808e-02
 1.074313135e-02 7.669771375e-03 3.923934047e-03-7.326596114e-04-6.716502436e-03
-1.537537820e-02-1.716084792e-02-1.101004705e-02-5.173417737e-03-7.818630774e-04
-2.836674676e-05-6.495027768e-05-1.173026841e-04-1.860962015e-04-2.717033737e-04
-3.738138123e-04-4.906483860e-04-6.114421416e-04-7.108039869e-04-7.844692281e-04
-8.196312542e-04-8.120921462e-04-7.631453172e-04-6.586127997e-04-4.570421772e-04
-1.175589209e-04 3.271993852e-04 8.852083454e-04 1.563598636e-03 2.362959878e-03
 3.279242022e-03 4.308280306e-03 5.425886804e-03 6.599602648e-03 7.780896012e-03
 8.916402905e-03 9.980453921e-03 1.098576117e-02 1.195250360e-02 1.288827937e-02
 1.378944497e-02 1.464901941e-02 1.546020243e-02 1.621731339e-02 1.691583696e-02
 1.755217512e-02 1.812330793e-02 1.862644255e-02 1.905869257e-02 1.941681051e-02
 1.969697432e-02 1.989462005e-02 2.000432066e-02 2.001971426e-02 1.993347792e-02
 1.973733458e-02 1.942207465e-02 1.897757124e-02 1.839276830e-02 1.765562695e-02
 1.675302868e-02 1.567066448e-02 1.439300071e-02 1.290354474e-02 1.118592055e-02
 9.226900201e-03 7.023968981e-03 4.603179851e-03 2.059325800e-03-3.646270559e-04
-2.190617817e-03-2.852048994e-03-2.191355350e-03-6.212786972e-04 1.321549785e-03
-1.995179851e-05-4.534289243e-05-8.113552671e-05-1.274346382e-04-1.843651387e-04
-2.522518548e-04-3.321399374e-04-4.210807484e-04-4.855899912e-04-4.577300840e-04
-4.054477299e-04-3.318992105e-04-2.280435098e-04-9.303505347e-05 1.649237973e-04
 5.024625906e-04 9.123319675e-04 1.398888635e-03 1.965021517e-03 2.610374313e-03
 3.331426260e-03 4.120864647e-03 4.964571644e-03 5.844479591e-03 6.741255507e-03
 7.636827810e-03 8.517724616e-03 9.376278706e-03 1.020874066e-02 1.101257478e-02
 1.178471186e-02 1.252131384e-02 1.321814406e-02 1.387091851e-02 1.447562362e-02
 1.502849041e-02 1.552599644e-02 1.596466888e-02 1.634084658e-02 1.665075583e-02
 1.689050778e-02 1.705605332e-02 1.714299969e-02 1.714655140e-02 1.706155994e-02
 1.688247962e-02 1.660354085e-02 1.621879570e-02 1.572231600e-02 1.510846509e-02
 1.437219615e-02 1.350973308e-02 1.251941928e-02 1.140329230e-02 1.016954370e-02
 8.836413823e-03 7.438014377e-03 6.031796634e-03 4.705835571e-03 3.579196277e-03
 2.784073212e-03 2.424137387e-03 2.527943763e-03 3.035199055e-03 3.834656324e-03
-1.107025291e-05-2.487925338e-05-4.386141763e-05-6.758359535e-05-9.545992506e-05
-1.267626417e-04-1.606992436e-04-1.981560694e-04-2.064890200e-04-1.709953406e-04
-8.554163922e-05 5.366681064e-06 1.583826839e-04 3.415817574e-04 5.726327772e-04
 8.785631458e-04 1.210206844e-03 1.643696557e-03 2.107488071e-03 2.632479219e-03
 3.220420023e-03 3.819540618e-03 4.509649197e-03 5.188513519e-03 5.905392434e-03
 6.630569444e-03 7.325698465e-03 8.064320334e-03 8.740395874e-03 9.434603939e-03
 1.009024018e-02 1.069908426e-02 1.131885789e-02 1.184890079e-02 1.239501896e-02
 1.286664469e-02 1.328793310e-02 1.369064362e-02 1.398875226e-02 1.429089942e-02
 1.448877991e-02 1.463492047e-02 1.472680547e-02 1.470347950e-02 1.467173986e-02
 1.450928802e-02 1.429730240e-02 1.399919847e-02 1.358312694e-02 1.314061096e-02
 1.255351147e-02 1.193254498e-02 1.121358158e-02 1.040912807e-02 9.598558818e-03
 8.700366989e-03 7.853606543e-03 7.022177167e-03 6.255979504e-03 5.675809990e-03
 5.220259361e-03 5.030951398e-03 5.049717333e-03 5.261528768e-03 5.715450480e-03
 0.846691849E+00 0.854385589E+00 0.862916900E+00 0.872279356E+00 0.881914286E+00
 0.892058504E+00 0.902662477E+00 0.913688071E+00 0.925155036E+00 0.937120951E+00
 0.949603809E+00 0.962624070E+00 0.976202858E+00 0.990366157E+00 0.100514712E+01
 0.102058113E+01 0.103670577E+01 0.105356065E+01 0.107118912E+01 0.108962745E+01
 0.110891790E+01 0.112911353E+01 0.115027399E+01 0.117246312E+01 0.119574953E+01
 0.122019471E+01 0.124586796E+01 0.127285072E+01 0.130123346E+01 0.133112269E+01
 0.136263866E+01 0.139589303E+01 0.143099741E+01 0.146809352E+01 0.150734676E+01
 0.154894172E+01 0.159308043E+01 0.163997908E+01 0.168986642E+01 0.174301494E+01
 0.179973039E+01 0.186037286E+01 0.192536105E+01 0.199514243E+01 0.207020902E+01
 0.215116054E+01 0.223871080E+01 0.233369595E+01 0.243707650E+01 0.254996076E+01
 0.267371528E+01 0.280999178E+01 0.296083356E+01 0.312874342E+01 0.331682903E+01
 0.352912506E+01 0.377099491E+01 0.404958757E+01 0.437468124E+01 0.476087256E+01
 0.523136801E+01 0.582658987E+01 0.662974486E+01 0.787622344E+01 0.158718666E+02
  361   98
 0.575919947E+00 0.110582925E+01 0.570751307E+00 0.109225308E+01 0.565577346E+00
 0.107867894E+01 0.560397604E+00 0.106510700E+01 0.555218565E+00 0.105153479E+01
 0.550046658E+00 0.103795986E+01 0.544888048E+00 0.102437987E+01 0.539744851E+00
 0.101079404E+01 0.534616328E+00 0.997202666E+00 0.529501806E+00 0.983606013E+00
 0.524399903E+00 0.970004621E+00 0.519308480E+00 0.956399302E+00 0.514226354E+00
 0.942790508E+00 0.509153801E+00 0.929178142E+00 0.504090972E+00 0.915562157E+00
 0.499037039E+00 0.901942867E+00 0.493990135E+00 0.888320971E+00 0.488949913E+00
 0.874696601E+00 0.483918379E+00 0.861069020E+00 0.478897326E+00 0.847437574E+00
 0.473888748E+00 0.833801540E+00 0.468894546E+00 0.820160234E+00 0.463917665E+00
 0.806512600E+00 0.458962186E+00 0.792857180E+00 0.454031510E+00 0.779192785E+00
 0.449128913E+00 0.765518292E+00 0.444258581E+00 0.751832274E+00 0.439425728E+00
 0.738132978E+00 0.434635677E+00 0.724418659E+00 0.429892530E+00 0.710688048E+00
 0.425199426E+00 0.696940253E+00 0.420559276E+00 0.683174495E+00 0.415976493E+00
 0.669389535E+00 0.411456786E+00 0.655583767E+00 0.407005115E+00 0.641755912E+00
 0.402625294E+00 0.627905134E+00 0.398320111E+00 0.614030975E+00 0.394092069E+00
 0.600133115E+00 0.389944217E+00 0.586211114E+00 0.385880309E+00 0.572264379E+00
 0.381904116E+00 0.558292386E+00 0.378018954E+00 0.544294808E+00 0.374227340E+00
 0.530271601E+00 0.370530779E+00 0.516223040E+00 0.366930127E+00 0.502149592E+00
 0.363425917E+00 0.488051821E+00 0.360018711E+00 0.473930293E+00 0.356709944E+00
 0.459785377E+00 0.353501589E+00 0.445617349E+00 0.350395144E+00 0.431426628E+00
 0.347391570E+00 0.417213779E+00 0.344491418E+00 0.402979466E+00 0.341694698E+00
 0.388724471E+00 0.339001232E+00 0.374449605E+00 0.336410824E+00 0.360155679E+00
 0.333923048E+00 0.345843532E+00 0.331537145E+00 0.331514051E+00 0.329252952E+00
 0.317168005E+00 0.327070996E+00 0.302806054E+00 0.324992198E+00 0.288428810E+00
 0.323017893E+00 0.274036846E+00 0.321149352E+00 0.259630768E+00 0.319386691E+00
 0.245211352E+00 0.317729663E+00 0.230779416E+00 0.316177937E+00 0.216335778E+00
 0.314731145E+00 0.201881252E+00 0.313388479E+00 0.187416681E+00 0.312148465E+00
 0.172942948E+00 0.311009832E+00 0.158460886E+00 0.309971700E+00 0.143971273E+00
 0.309033644E+00 0.129474837E+00 0.308195790E+00 0.114972265E+00 0.307458509E+00
 0.100464232E+00 0.306822145E+00 0.859514228E-01 0.306287014E+00 0.714345283E-01
 0.305853273E+00 0.569142506E-01 0.305519850E+00 0.423913224E-01 0.305285615E+00
 0.278664554E-01 0.305150010E+00 0.133403326E-01 0.305112929E+00-0.118637570E-02
 0.305174428E+00-0.157130012E-01 0.305334322E+00-0.302388770E-01 0.305592565E+00
-0.447633372E-01 0.305949403E+00-0.592857094E-01 0.306405417E+00-0.738053053E-01
 0.306961127E+00-0.883214274E-01 0.307616801E+00-0.102833378E+00 0.308373095E+00
-0.117340432E+00 0.309231100E+00-0.131841825E+00 0.310192213E+00-0.146336749E+00
 0.311256805E+00-0.160824440E+00 0.312424296E+00-0.175304203E+00 0.313694098E+00
-0.189775353E+00 0.315065766E+00-0.204237203E+00 0.316539311E+00-0.218689028E+00
 0.318115854E+00-0.233129979E+00 0.319797031E+00-0.247559122E+00 0.321584447E+00
-0.261975489E+00 0.323479381E+00-0.276378118E+00 0.325482065E+00-0.290766160E+00
 0.327590940E+00-0.305139022E+00 0.329804253E+00-0.319496173E+00 0.332120529E+00
-0.333837074E+00 0.334538737E+00-0.348161139E+00 0.337059031E+00-0.362467595E+00
 0.339682564E+00-0.376755478E+00 0.342410552E+00-0.391023786E+00 0.345244084E+00
-0.405271508E+00 0.348183944E+00-0.419497671E+00 0.351229785E+00-0.433701521E+00
 0.354380152E+00-0.447882555E+00 0.357633415E+00-0.462040339E+00 0.360987991E+00
-0.476174460E+00 0.364442557E+00-0.490284476E+00 0.367996773E+00-0.504369722E+00
 0.371650586E+00-0.518429460E+00 0.375403536E+00-0.532463060E+00 0.379254618E+00
-0.546470051E+00 0.383202145E+00-0.560450168E+00 0.387243639E+00-0.574403411E+00
 0.391376112E+00-0.588329982E+00 0.395596282E+00-0.602230231E+00 0.399901177E+00
-0.616104475E+00 0.404288390E+00-0.629952911E+00 0.408755757E+00-0.643775699E+00
 0.413300510E+00-0.657573238E+00 0.417918800E+00-0.671346340E+00 0.422605746E+00
-0.685096231E+00 0.427356193E+00-0.698824314E+00 0.432167095E+00-0.712531329E+00
 0.437036469E+00-0.726217681E+00 0.441961756E+00-0.739884013E+00 0.446939224E+00
-0.753531428E+00 0.451964017E+00-0.767161490E+00 0.457032018E+00-0.780775547E+00
 0.462140847E+00-0.794374335E+00 0.467288893E+00-0.807958326E+00 0.472474157E+00
-0.821528154E+00 0.477694018E+00-0.835084712E+00 0.482947474E+00-0.848628287E+00
 0.488235284E+00-0.862158485E+00 0.493559549E+00-0.875674379E+00 0.498923105E+00
-0.889174729E+00 0.504329195E+00-0.902658101E+00 0.509784654E+00-0.916121572E+00
 0.515299959E+00-0.929560633E+00 0.520888476E+00-0.942969409E+00 0.526568025E+00
-0.956339869E+00 0.532362322E+00-0.969660985E+00 0.538306002E+00-0.982916083E+00
 0.544450842E+00-0.996079056E+00 0.550875045E+00-0.100910779E+01 0.557702553E+00
-0.102192937E+01 0.565137731E+00-0.103440724E+01 0.573526520E+00-0.104626154E+01
 0.583424823E+00-0.105687666E+01 0.595410391E+00-0.106502788E+01 0.609207594E+00
-0.106944575E+01 0.623682738E+00-0.107042044E+01 0.638152784E+00-0.106921063E+01
 0.652467211E+00-0.106674840E+01 0.666635057E+00-0.106354287E+01 0.680687621E+00
-0.105986290E+01 0.694651691E+00-0.105585957E+01 0.708545673E+00-0.105161912E+01
 0.722382055E+00-0.104719422E+01 0.736168482E+00-0.104261598E+01 0.749910063E+00
-0.103790482E+01 0.763609640E+00-0.103307286E+01 0.777267456E+00-0.102812409E+01
 0.790881404E+00-0.102305589E+01 0.804447546E+00-0.101786111E+01 0.817960684E+00
-0.101252999E+01 0.831414785E+00-0.100705161E+01 0.844803630E+00-0.100141565E+01
 0.858120524E+00-0.995611746E+00 0.871358530E+00-0.989630118E+00 0.884510570E+00
-0.983461795E+00 0.897570045E+00-0.977099853E+00 0.910531159E+00-0.970539857E+00
 0.923388008E+00-0.963777809E+00 0.936133896E+00-0.956808883E+00 0.948760227E+00
-0.949625639E+00 0.961256341E+00-0.942218216E+00 0.973611508E+00-0.934578042E+00
 0.985816574E+00-0.926700315E+00 0.997864397E+00-0.918584151E+00 0.100974966E+01
-0.910231741E+00 0.102147119E+01-0.901651038E+00 0.103302985E+01-0.892852166E+00
 0.104442279E+01-0.883839742E+00 0.105563986E+01-0.874609368E+00 0.106667057E+01
-0.865157086E+00 0.107750799E+01-0.855483784E+00 0.108814884E+01-0.845594653E+00
 0.109859163E+01-0.835496591E+00 0.110883525E+01-0.825196532E+00 0.111887665E+01
-0.814699245E+00 0.112870802E+01-0.804005011E+00 0.113831882E+01-0.793112140E+00
 0.114770025E+01-0.782021118E+00 0.115684676E+01-0.770735591E+00 0.116575457E+01
-0.759260722E+00 0.117441887E+01-0.747600898E+00 0.118283113E+01-0.735757963E+00
 0.119098102E+01-0.723732981E+00 0.119886097E+01-0.711529411E+00 0.120646866E+01
-0.699154282E+00 0.121380516E+01-0.686616465E+00 0.122086919E+01-0.673923142E+00
 0.122765460E+01-0.661078728E+00 0.123415858E+01-0.648089536E+00 0.124038394E+01
-0.634964520E+00 0.124633752E+01-0.621713991E+00 0.125202606E+01-0.608347523E+00
 0.125745594E+01-0.594873895E+00 0.126263681E+01-0.581302549E+00 0.126758247E+01
-0.567643713E+00 0.127230980E+01-0.553907760E+00 0.127683628E+01-0.540104302E+00
 0.128117645E+01-0.526241118E+00 0.128534444E+01-0.512325187E+00 0.128935637E+01
-0.498363450E+00 0.129323050E+01-0.484362834E+00 0.129698656E+01-0.470330071E+00
 0.130064298E+01-0.456271005E+00 0.130421732E+01-0.442190843E+00 0.130772691E+01
-0.428094394E+00 0.131118887E+01-0.413986167E+00 0.131461943E+01-0.399870271E+00
 0.131802857E+01-0.385749187E+00 0.132142523E+01-0.371625094E+00 0.132481991E+01
-0.357500526E+00 0.132822467E+01-0.343378385E+00 0.133165006E+01-0.329261233E+00
 0.133509639E+01-0.315149179E+00 0.133856057E+01-0.301041496E+00 0.134203854E+01
-0.286937205E+00 0.134552566E+01-0.272835171E+00 0.134901541E+01-0.258733791E+00
 0.135249740E+01-0.244630492E+00 0.135595962E+01-0.230522330E+00 0.135938828E+01
-0.216405974E+00 0.136276675E+01-0.202277530E+00 0.136607541E+01-0.188132579E+00
 0.136929191E+01-0.173966398E+00 0.137239051E+01-0.159773980E+00 0.137534231E+01
-0.145550329E+00 0.137811557E+01-0.131290817E+00 0.138068174E+01-0.116992612E+00
 0.138301759E+01-0.102655004E+00 0.138509897E+01-0.882782810E-01 0.138690081E+01
-0.738638874E-01 0.138839808E+01-0.594147156E-01 0.138957264E+01-0.449357588E-01
 0.139041214E+01-0.304335335E-01 0.139090616E+01-0.159154479E-01 0.139104656E+01
-0.138964953E-02 0.139082917E+01 0.131352010E-01 0.139025962E+01 0.276505238E-01
 0.138934841E+01 0.421484275E-01 0.138810814E+01 0.566219151E-01 0.138655305E+01
 0.710649909E-01 0.138470154E+01 0.854730990E-01 0.138257980E+01 0.998439336E-01
 0.138021442E+01 0.114176713E+00 0.137763077E+01 0.128471783E+00 0.137485273E+01
 0.142730375E+00 0.137190742E+01 0.156955382E+00 0.136882635E+01 0.171151623E+00
 0.136563819E+01 0.185324212E+00 0.136236824E+01 0.199478165E+00 0.135903819E+01
 0.213618106E+00 0.135566662E+01 0.227748204E+00 0.135226927E+01 0.241872131E+00
 0.134885927E+01 0.255993009E+00 0.134544799E+01 0.270113579E+00 0.134204550E+01
 0.284236267E+00 0.133865736E+01 0.298362406E+00 0.133528621E+01 0.312492608E+00
 0.133193431E+01 0.326627389E+00 0.132860327E+01 0.340767101E+00 0.132529263E+01
 0.354911604E+00 0.132199207E+01 0.369058462E+00 0.131868792E+01 0.383204482E+00
 0.131536800E+01 0.397346809E+00 0.131202167E+01 0.411482908E+00 0.130863835E+01
 0.425610196E+00 0.130520174E+01 0.439724613E+00 0.130169395E+01 0.453821501E+00
 0.129809702E+01 0.467895900E+00 0.129439262E+01 0.481942382E+00 0.129056191E+01
 0.495954935E+00 0.128658490E+01 0.509926655E+00 0.128244275E+01 0.523850291E+00
 0.127811868E+01 0.537718493E+00 0.127359804E+01 0.551523855E+00 0.126886686E+01
 0.565258470E+00 0.126390871E+01 0.578912768E+00 0.125870726E+01 0.592476226E+00
 0.125324902E+01 0.605938380E+00 0.124752468E+01 0.619289542E+00 0.124152870E+01
 0.632520928E+00 0.123525601E+01 0.645623386E+00 0.122870102E+01 0.658586902E+00
 0.122186171E+01 0.671402693E+00 0.121474178E+01 0.684064737E+00 0.120734920E+01
 0.696569571E+00 0.119968799E+01 0.708911643E+00 0.119175838E+01 0.721083011E+00
 0.118356313E+01 0.733077132E+00 0.117510993E+01 0.744890883E+00 0.116641001E+01
 0.756524162E+00 0.115747388E+01 0.767977010E+00 0.114830812E+01 0.779246924E+00
 0.113891690E+01 0.790329672E+00 0.112930500E+01 0.801221584E+00 0.111948003E+01
 0.811921710E+00 0.110945181E+01 0.822431611E+00 0.109922886E+01 0.832752200E+00
 0.108881527E+01 0.842880400E+00 0.107821196E+01 0.852809787E+00 0.106741902E+01
 0.862532706E+00 0.105643794E+01 0.872042627E+00 0.104527406E+01 0.881337270E+00
 0.103393714E+01 0.890420080E+00 0.102243773E+01 0.899296272E+00 0.101077966E+01
 0.907963012E+00 0.998961559E+00 0.916410207E+00 0.986983520E+00 0.924629030E+00
 0.974849938E+00 0.932616437E+00 0.962567360E+00 0.940372785E+00 0.950144380E+00
 0.947902230E+00 0.937591399E+00 0.955212911E+00 0.924919277E+00 0.962315104E+00
 0.912137423E+00 0.969217878E+00 0.899253296E+00 0.975927842E+00 0.886273183E+00
 0.982450200E+00 0.873203074E+00 0.988790309E+00 0.860049809E+00 0.994956070E+00
 0.846821059E+00 0.100095819E+01 0.833524577E+00 0.100680877E+01 0.820168183E+00
 0.101252127E+01 0.806759524E+00 0.101811002E+01 0.793306577E+00 0.102359133E+01
 0.779817145E+00 0.102898225E+01 0.766297945E+00 0.103429809E+01 0.752754071E+00
 0.103955076E+01 0.739189534E+00 0.104474984E+01 0.725607701E+00 0.104990357E+01
 0.712011402E+00 0.105501903E+01 0.698404058E+00 0.106010503E+01 0.684788509E+00
 0.106516903E+01 0.671168014E+00 0.107021972E+01 0.657545229E+00 0.107526422E+01
 0.643923140E+00 0.108031061E+01 0.630304521E+00 0.108536635E+01 0.616691946E+00
 0.109043833E+01 0.603088851E+00 0.109553569E+01 0.589496653E+00 0.110066203E+01
 0.575919947E+00 0.110582925E+01
 0.156441580E+01 0.156423520E+01 0.173298350E+01 0.167901950E+01 0.134847970E+01
 0.206041340E+01 0.108819530E+01 0.205946000E+01 0.902253030E+00 0.187565310E+01
 0.903668760E+00 0.187424170E+01 0.533866470E+00 0.150285580E+01 0.538010660E+00
 0.149874330E+01 0.332797140E+00 0.129708960E+01 0.332797140E+00 0.109400000E+01
 0.334795920E+00 0.109400000E+01 0.303115250E+00 0.847500000E+00 0.305114030E+00
 0.847500000E+00 0.269135950E+00 0.565000000E+00 0.271134730E+00 0.565000000E+00
 0.260841000E+00 0.495257700E+00 0.260841000E+00-0.507257700E+00 0.271134730E+00
-0.576999960E+00 0.269135950E+00-0.576999960E+00 0.305114030E+00-0.859500000E+00
 0.303115250E+00-0.859500000E+00 0.334795920E+00-0.110600010E+01 0.332797140E+00
-0.110600010E+01 0.332797140E+00-0.130908970E+01 0.538598100E+00-0.150990190E+01
 0.534468950E+00-0.151402960E+01 0.905629600E+00-0.188405800E+01 0.904219000E+00
-0.188547470E+01 0.108819530E+01-0.206614000E+01 0.134847970E+01-0.206518650E+01
 0.173017910E+01-0.168098580E+01 0.156441580E+01-0.156883530E+01 0.137999130E+01
-0.157688300E+01 0.137989190E+01-0.157672700E+01 0.119622210E+01-0.158474990E+01
 0.119631650E+01-0.158489800E+01 0.105537410E+01-0.159104840E+01 0.105528350E+01
-0.159090630E+01 0.947502500E+00-0.159561420E+01 0.905686400E+00-0.159556230E+01
 0.899143000E+00-0.159478470E+01 0.883387860E+00-0.159026430E+01 0.867681200E+00
-0.158087360E+01 0.851322350E+00-0.156766880E+01 0.833481900E+00-0.154624210E+01
 0.826062560E+00-0.152875240E+01 0.822677700E+00-0.151516830E+01 0.821022750E+00
-0.149624060E+01 0.820691350E+00-0.147724350E+01 0.822887360E+00-0.144582030E+01
 0.827573000E+00-0.141923050E+01 0.839194600E+00-0.138728100E+01 0.855244300E+00
-0.135284130E+01 0.877566500E+00-0.132209860E+01 0.899473500E+00-0.130017830E+01
 0.118567730E+01-0.101380000E+01 0.127900000E+01-0.842300000E+00 0.129600000E+01
-0.820200000E+00 0.143300000E+01-0.820200000E+00 0.143300000E+01-0.711000000E+00
 0.149000000E+01-0.491000000E+00 0.146000000E+01-0.491000000E+00 0.146000000E+01
-0.233000000E+00 0.166100000E+01-0.233000000E+00 0.166100000E+01 0.226000000E+00
 0.146000000E+01 0.226000000E+00 0.146000000E+01 0.481000000E+00 0.149300000E+01
 0.481000000E+00 0.147400000E+01 0.554000000E+00 0.143300000E+01 0.711000000E+00
 0.143300000E+01 0.815600000E+00 0.129600000E+01 0.815600000E+00 0.127900000E+01
 0.837699950E+00 0.118567730E+01 0.100920000E+01 0.899473500E+00 0.129557820E+01
 0.877566500E+00 0.131749860E+01 0.855244300E+00 0.134824120E+01 0.839194600E+00
 0.138268090E+01 0.827573000E+00 0.141463040E+01 0.822887360E+00 0.144122030E+01
 0.820691350E+00 0.147264350E+01 0.821022750E+00 0.149164060E+01 0.822677700E+00
 0.151056830E+01 0.826062560E+00 0.152415240E+01 0.833481900E+00 0.154164210E+01
 0.851322350E+00 0.156306870E+01 0.867681200E+00 0.157627360E+01 0.883387860E+00
 0.158566430E+01 0.899143000E+00 0.159018470E+01 0.905686400E+00 0.159096230E+01
 0.947502500E+00 0.159101410E+01 0.105528350E+01 0.158630620E+01 0.105537410E+01
 0.158644830E+01 0.119631650E+01 0.158029800E+01 0.119622210E+01 0.158014990E+01
 0.137989190E+01 0.157212700E+01 0.137999130E+01 0.157228290E+01 0.156441580E+01
 0.156423520E+01
    0
