EFIT++      MAST # 46791 # 520ms                   0  65  65
 0.194000000E+01 0.440000000E+01 0.800000000E+00 0.600000000E-01 0.000000000E+00
 0.935468329E+00-0.545554381E-03-0.674471933E-01 0.324552562E-01-0.654191365E+00
 0.749345755E+06-0.674471933E-01 0.000000000E+00 0.935468329E+00 0.000000000E+00
-0.545554381E-03 0.000000000E+00 0.324552562E-01 0.000000000E+00 0.000000000E+00
-0.624766229E+00-0.620980352E+00-0.617273745E+00-0.613646485E+00-0.610098614E+00
-0.606630148E+00-0.603241071E+00-0.599931335E+00-0.596700858E+00-0.593549527E+00
-0.590477192E+00-0.587483670E+00-0.584568741E+00-0.581732150E+00-0.578973604E+00
-0.576292773E+00-0.573689289E+00-0.571162746E+00-0.568712700E+00-0.566338667E+00
-0.564040124E+00-0.561816511E+00-0.559667225E+00-0.557591628E+00-0.555589041E+00
-0.553658745E+00-0.551799985E+00-0.550011965E+00-0.548293852E+00-0.546644777E+00
-0.545063832E+00-0.543550074E+00-0.542102522E+00-0.540720163E+00-0.539401948E+00
-0.538146795E+00-0.536953589E+00-0.535821183E+00-0.534748400E+00-0.533734034E+00
-0.532776848E+00-0.531875580E+00-0.531028940E+00-0.530235612E+00-0.529494258E+00
-0.528803516E+00-0.528161999E+00-0.527568305E+00-0.527021007E+00-0.526518663E+00
-0.526059811E+00-0.525642977E+00-0.525266667E+00-0.524929376E+00-0.524629586E+00
-0.524365768E+00-0.524136379E+00-0.523939870E+00-0.523774681E+00-0.523639246E+00
-0.523531990E+00-0.523451334E+00-0.523395692E+00-0.523363476E+00-0.523353092E+00
 0.131136607E+05 0.128014068E+05 0.124896134E+05 0.121784231E+05 0.118679784E+05
 0.115584221E+05 0.112498967E+05 0.109425449E+05 0.106365093E+05 0.103319325E+05
 0.100289572E+05 0.972772589E+04 0.942838131E+04 0.913106604E+04 0.883592272E+04
 0.854309397E+04 0.825272242E+04 0.796495068E+04 0.767992139E+04 0.739777717E+04
 0.711866065E+04 0.684271444E+04 0.657008118E+04 0.630090349E+04 0.603532400E+04
 0.577348533E+04 0.551553010E+04 0.526160094E+04 0.501184048E+04 0.476639134E+04
 0.452539614E+04 0.428899752E+04 0.405733809E+04 0.383056048E+04 0.360880732E+04
 0.339222123E+04 0.318094483E+04 0.297512076E+04 0.277489163E+04 0.258040007E+04
 0.239178871E+04 0.220920017E+04 0.203277708E+04 0.186266205E+04 0.169899773E+04
 0.154192672E+04 0.139159167E+04 0.124813518E+04 0.111169989E+04 0.982428419E+03
 0.860463396E+03 0.745947445E+03 0.639023191E+03 0.539833259E+03 0.448520273E+03
 0.365226859E+03 0.290095643E+03 0.223269248E+03 0.164890300E+03 0.115101423E+03
 0.740452445E+02 0.418643876E+02 0.187014778E+02 0.469914030E+01 0.000000000E+00
-0.153111382E+01-0.149031892E+01-0.145005961E+01-0.141033589E+01-0.137114777E+01
-0.133249525E+01-0.129437832E+01-0.125679698E+01-0.121975124E+01-0.118324110E+01
-0.114726655E+01-0.111182760E+01-0.107692424E+01-0.104255648E+01-0.100872431E+01
-0.975427741E+00-0.942666765E+00-0.910441384E+00-0.878751598E+00-0.847597408E+00
-0.816978813E+00-0.786895813E+00-0.757348409E+00-0.728336600E+00-0.699860386E+00
-0.671919768E+00-0.644514744E+00-0.617645317E+00-0.591311484E+00-0.565513247E+00
-0.540250605E+00-0.515523559E+00-0.491332108E+00-0.467676252E+00-0.444555991E+00
-0.421971326E+00-0.399922256E+00-0.378408782E+00-0.357430903E+00-0.336988619E+00
-0.317081930E+00-0.297710837E+00-0.278875339E+00-0.260575436E+00-0.242811129E+00
-0.225582417E+00-0.208889300E+00-0.192731779E+00-0.177109853E+00-0.162023522E+00
-0.147472787E+00-0.133457647E+00-0.119978102E+00-0.107034153E+00-0.946257984E-01
-0.827530396E-01-0.714158762E-01-0.606143080E-01-0.503483352E-01-0.406179577E-01
-0.314231755E-01-0.227639887E-01-0.146403971E-01-0.705240090E-02 0.000000000E+00
-0.200154632E+06-0.199905344E+06-0.199564687E+06-0.199132661E+06-0.198609266E+06
-0.197994502E+06-0.197288369E+06-0.196490866E+06-0.195601995E+06-0.194621754E+06
-0.193550144E+06-0.192387165E+06-0.191132816E+06-0.189787099E+06-0.188350012E+06
-0.186821556E+06-0.185201731E+06-0.183490537E+06-0.181687974E+06-0.179794042E+06
-0.177808740E+06-0.175732069E+06-0.173564029E+06-0.171304620E+06-0.168953842E+06
-0.166511695E+06-0.163978178E+06-0.161353292E+06-0.158637037E+06-0.155829413E+06
-0.152930420E+06-0.149940058E+06-0.146858326E+06-0.143685225E+06-0.140420756E+06
-0.137064917E+06-0.133617708E+06-0.130079131E+06-0.126449185E+06-0.122727869E+06
-0.118915184E+06-0.115011130E+06-0.111015707E+06-0.106928915E+06-0.102750753E+06
-0.984812225E+05-0.941203227E+05-0.896680538E+05-0.851244157E+05-0.804894084E+05
-0.757630320E+05-0.709452864E+05-0.660361716E+05-0.610356877E+05-0.559438346E+05
-0.507606124E+05-0.454860210E+05-0.401200604E+05-0.346627307E+05-0.291140318E+05
-0.234739638E+05-0.177425266E+05-0.119197202E+05-0.600554469E+04 0.000000000E+00
 3.251457871e-05 7.349643194e-05 1.307072745e-04 2.038833957e-04 2.926904352e-04
 3.966066722e-04 5.145356747e-04 6.432645022e-04 8.039239143e-04 1.049928362e-03
 1.329655541e-03 1.640804030e-03 2.002693422e-03 2.412297970e-03 2.878668267e-03
 3.412980686e-03 4.000876944e-03 4.663014731e-03 5.378787873e-03 6.154453340e-03
 6.985927693e-03 7.847038178e-03 8.751715179e-03 9.655210472e-03 1.056288220e-02
 1.145363112e-02 1.230471920e-02 1.314052466e-02 1.392044629e-02 1.468000183e-02
 1.539908092e-02 1.607545431e-02 1.673710581e-02 1.733854470e-02 1.792871293e-02
 1.846759722e-02 1.896752918e-02 1.944991394e-02 1.986972185e-02 2.023925952e-02
 2.053700020e-02 2.077574682e-02 2.095428703e-02 2.105408857e-02 2.110129386e-02
 2.106137863e-02 2.095547142e-02 2.077173929e-02 2.049839775e-02 2.016292297e-02
 1.972825492e-02 1.923141349e-02 1.865461509e-02 1.800627042e-02 1.732239856e-02
 1.658445707e-02 1.585895672e-02 1.515282660e-02 1.450730569e-02 1.399548783e-02
 1.361318922e-02 1.343425193e-02 1.343782999e-02 1.360736699e-02 1.394670009e-02
 3.157385353e-05 7.095032871e-05 1.252495094e-04 1.936684740e-04 2.753710035e-04
 3.695554594e-04 4.755883470e-04 5.966250799e-04 7.493876567e-04 9.830754319e-04
 1.253524976e-03 1.562160517e-03 1.916675288e-03 2.315158862e-03 2.826541888e-03
 3.419198794e-03 4.094112861e-03 4.856335148e-03 5.708615025e-03 6.649395865e-03
 7.672310711e-03 8.764809617e-03 9.903583556e-03 1.105630343e-02 1.218571892e-02
 1.325894761e-02 1.425829518e-02 1.518443577e-02 1.604945612e-02 1.686660280e-02
 1.764446781e-02 1.838651450e-02 1.909274742e-02 1.976135119e-02 2.038979266e-02
 2.097527662e-02 2.151479963e-02 2.200471870e-02 2.244024993e-02 2.281621318e-02
 2.312808921e-02 2.337183185e-02 2.354334918e-02 2.363823849e-02 2.365172440e-02
 2.357865394e-02 2.341359629e-02 2.315094189e-02 2.278507415e-02 2.231061306e-02
 2.172273400e-02 2.101772694e-02 2.019381048e-02 1.925250696e-02 1.820084075e-02
 1.705479334e-02 1.584443105e-02 1.462053648e-02 1.346096198e-02 1.247085205e-02
 1.176676034e-02 1.143965438e-02 1.151348538e-02 1.193279578e-02 1.259771740e-02
 3.279090010e-05 7.292991909e-05 1.270111816e-04 1.932378163e-04 2.699550334e-04
 3.561352773e-04 4.519409271e-04 5.617349113e-04 7.069671753e-04 8.796169680e-04
 1.097962363e-03 1.369016265e-03 1.694494050e-03 2.091365592e-03 2.584724076e-03
 3.196605558e-03 3.930806734e-03 4.796579173e-03 5.802054746e-03 6.950945524e-03
 8.242921650e-03 9.672835682e-03 1.121983551e-02 1.282752012e-02 1.436907649e-02
 1.570417180e-02 1.679031306e-02 1.769993837e-02 1.854528188e-02 1.937368729e-02
 2.018967912e-02 2.098530391e-02 2.175112349e-02 2.247907728e-02 2.316285789e-02
 2.379757811e-02 2.437926023e-02 2.490433334e-02 2.536923900e-02 2.577018441e-02
 2.610298759e-02 2.636293215e-02 2.654461840e-02 2.664184601e-02 2.664755123e-02
 2.655379533e-02 2.635178472e-02 2.603189777e-02 2.558369388e-02 2.499588644e-02
 2.425627520e-02 2.335166139e-02 2.226782640e-02 2.098977412e-02 1.950269626e-02
 1.779469182e-02 1.586355190e-02 1.373272447e-02 1.148697041e-02 9.342123879e-03
 7.720589758e-03 7.124946374e-03 7.696876110e-03 9.068269704e-03 1.076514107e-02
 3.911054237e-05 8.556624486e-05 1.455772458e-04 2.148090972e-04 2.888819170e-04
 3.641455355e-04 4.385011596e-04 5.153196910e-04 6.073293143e-04 7.108631293e-04
 8.401656277e-04 1.013024264e-03 1.243528805e-03 1.556985004e-03 1.984189727e-03
 2.557807733e-03 3.308108088e-03 4.258914218e-03 5.424621656e-03 6.809902274e-03
 8.415469188e-03 1.025777067e-02 1.236625071e-02 1.486748913e-02 1.743804100e-02
 1.915120573e-02 2.000487669e-02 2.043101590e-02 2.118715266e-02 2.206483556e-02
 2.297174786e-02 2.386548257e-02 2.472327709e-02 2.553229501e-02 2.628536018e-02
 2.697862461e-02 2.761006427e-02 2.817840175e-02 2.868229817e-02 2.911974620e-02
 2.948762718e-02 2.978140808e-02 2.999496218e-02 3.012050030e-02 3.014859526e-02
 3.006827037e-02 2.986710849e-02 2.953132290e-02 2.904571717e-02 2.839344701e-02
 2.755547874e-02 2.650960896e-02 2.522885266e-02 2.367889725e-02 2.181411057e-02
 1.957120263e-02 1.685893349e-02 1.354099637e-02 9.406539188e-03 4.108291816e-03
-3.834329202e-03-5.487977823e-03 2.439889902e-04 5.428331114e-03 9.311177091e-03
 5.689393301e-05 1.224314970e-04 2.031491447e-04 2.893422654e-04 3.706810255e-04
 4.375240819e-04 4.822869508e-04 5.040432982e-04 5.095952897e-04 4.947174122e-04
 4.683274901e-04 4.538615321e-04 4.723234136e-04 5.615045370e-04 7.768199117e-04
 1.187844388e-03 1.867728720e-03 2.874059104e-03 4.230030145e-03 5.918298286e-03
 7.891649742e-03 1.009004876e-02 1.244740986e-02 1.487137164e-02 1.718602805e-02
 1.919992605e-02 2.087065116e-02 2.230257091e-02 2.361655688e-02 2.485231665e-02
 2.601271267e-02 2.709237352e-02 2.808730052e-02 2.899687472e-02 2.982349944e-02
 3.057157759e-02 3.124635933e-02 3.185285027e-02 3.239485853e-02 3.287421779e-02
 3.329020606e-02 3.363917374e-02 3.391438920e-02 3.410610128e-02 3.420180067e-02
 3.418663741e-02 3.404392185e-02 3.375560662e-02 3.330262181e-02 3.266491709e-02
 3.182104970e-02 3.074713399e-02 2.941490874e-02 2.778853244e-02 2.581938442e-02
 2.343742276e-02 2.053603068e-02 1.694345811e-02 1.236379507e-02 6.234183844e-03
-2.320274501e-03-4.487918202e-03 1.980754953e-03 7.864268812e-03 1.205086716e-02
 9.911236038e-05 2.114166534e-04 3.458950469e-04 4.823654242e-04 5.990371061e-04
 6.750931729e-04 6.929534943e-04 6.405449571e-04 5.309377721e-04 3.424814404e-04
 8.073422357e-05-2.418919601e-04-6.128566718e-04-1.004610082e-03-1.339090533e-03
-1.457631110e-03-1.121238551e-03-1.074167092e-04 1.647158053e-03 4.005801328e-03
 6.731482659e-03 9.614884551e-03 1.251511631e-02 1.533837982e-02 1.801486768e-02
 2.049403753e-02 2.274986513e-02 2.478054944e-02 2.659854061e-02 2.821949237e-02
 2.965774982e-02 3.092703744e-02 3.204223113e-02 3.302017651e-02 3.387934271e-02
 3.463874279e-02 3.531657291e-02 3.592886344e-02 3.648828228e-02 3.700314444e-02
 3.747665900e-02 3.790645935e-02 3.828448028e-02 3.859724308e-02 3.882657739e-02
 3.895074959e-02 3.894589434e-02 3.878757253e-02 3.845222371e-02 3.791826462e-02
 3.716662684e-02 3.618063005e-02 3.494524212e-02 3.344597153e-02 3.166790841e-02
 2.959595786e-02 2.721862029e-02 2.454122682e-02 2.162441652e-02 1.868902310e-02
 1.633067839e-02 1.543038898e-02 1.614254699e-02 1.774032106e-02 1.956307517e-02
 1.910410890e-04 4.070551738e-04 6.642333826e-04 9.218084696e-04 1.135415306e-03
 1.262896524e-03 1.270259893e-03 1.139776711e-03 8.714284100e-04 4.616479939e-04
-8.436934940e-05-7.717998884e-04-1.639353115e-03-2.793493068e-03-4.399770892e-03
-6.445690914e-03-8.006155611e-03-7.150692111e-03-3.733174403e-03 1.099746415e-03
 5.679513648e-03 9.837220585e-03 1.365011563e-02 1.717799296e-02 2.044767473e-02
 2.346276923e-02 2.621429607e-02 2.868926369e-02 3.087720794e-02 3.277508933e-02
 3.439055817e-02 3.574312668e-02 3.686296051e-02 3.778774759e-02 3.855871519e-02
 3.921687299e-02 3.980008156e-02 4.034098876e-02 4.086554496e-02 4.139177286e-02
 4.192864244e-02 4.247514453e-02 4.301983661e-02 4.354117525e-02 4.400885584e-02
 4.438621241e-02 4.463354234e-02 4.471202159e-02 4.458767127e-02 4.423469333e-02
 4.363754705e-02 4.279147635e-02 4.170174847e-02 4.038241149e-02 3.885572884e-02
 3.715356780e-02 3.532195479e-02 3.342954045e-02 3.157867426e-02 2.991156856e-02
 2.859347168e-02 2.775764913e-02 2.744095435e-02 2.757622707e-02 2.803196472e-02
 3.801439450e-04 8.135713076e-04 1.334073629e-03 1.859521045e-03 2.297250393e-03
 2.557978758e-03 2.571626158e-03 2.303975401e-03 1.771318886e-03 1.017083716e-03
 1.358840109e-04-7.839811569e-04-1.724000336e-03-2.852244663e-03-4.518424769e-03
-7.235684940e-03-1.003869351e-02-9.096903711e-03-4.382496375e-03 2.375556180e-03
 7.826853324e-03 1.258998369e-02 1.693247874e-02 2.097983142e-02 2.477920731e-02
 2.832795787e-02 3.158952718e-02 3.450796620e-02 3.702580921e-02 3.910409486e-02
 4.073820372e-02 4.196266116e-02 4.284340671e-02 4.346281936e-02 4.390518810e-02
 4.424742466e-02 4.455540757e-02 4.488373155e-02 4.527622763e-02 4.576541955e-02
 4.637032004e-02 4.709322720e-02 4.791699139e-02 4.880418995e-02 4.969893173e-02
 5.053130853e-02 5.122430549e-02 5.170293842e-02 5.190472426e-02 5.178924906e-02
 5.134376861e-02 5.058281038e-02 4.954242658e-02 4.827214294e-02 4.682803837e-02
 4.526891325e-02 4.365554111e-02 4.205155044e-02 4.052366609e-02 3.913882343e-02
 3.795662099e-02 3.701710237e-02 3.635382119e-02 3.594004580e-02 3.573953699e-02
 7.454289930e-04 1.615453002e-03 2.689372022e-03 3.804779243e-03 4.753318014e-03
 5.321358251e-03 5.349898956e-03 4.764412701e-03 3.565854861e-03 1.808095765e-03
-1.140261779e-04-1.401344556e-03-1.672320596e-03-1.084006177e-03-3.341634291e-04
 4.697008121e-04 1.646667016e-03 3.581958461e-03 6.423876060e-03 9.997451575e-03
 1.398693329e-02 1.816605138e-02 2.243067270e-02 2.673552144e-02 3.104006890e-02
 3.527176667e-02 3.929988373e-02 4.292857276e-02 4.593170998e-02 4.813510040e-02
 4.950006760e-02 5.014147724e-02 5.026640140e-02 5.008903607e-02 4.978033500e-02
 4.946090895e-02 4.921556529e-02 4.911108956e-02 4.920872290e-02 4.956724049e-02
 5.023485525e-02 5.123330172e-02 5.254326044e-02 5.409928567e-02 5.579455275e-02
 5.748953447e-02 5.902150039e-02 6.022045322e-02 6.093870669e-02 6.108869460e-02
 6.066805156e-02 5.975301535e-02 5.846408727e-02 5.692753321e-02 5.525198908e-02
 5.352230842e-02 5.180305502e-02 5.014438797e-02 4.858658272e-02 4.716206510e-02
 4.589524983e-02 4.480169218e-02 4.389829307e-02 4.317135175e-02 4.259432786e-02
 1.365244528e-03 3.037987902e-03 5.252536054e-03 7.776647757e-03 1.008681812e-02
 1.135774532e-02 1.122464238e-02 9.978708970e-03 7.798845136e-03 4.471592834e-03
 1.966083326e-04-1.925139915e-03-1.261163458e-03 2.097288618e-03 4.663316461e-03
 6.803433852e-03 8.916171184e-03 1.124621055e-02 1.392985207e-02 1.701814470e-02
 2.050929712e-02 2.438643346e-02 2.864428491e-02 3.329786607e-02 3.837345590e-02
 4.387322149e-02 4.967691982e-02 5.532323012e-02 5.984075346e-02 6.224880010e-02
 6.236646537e-02 6.097038025e-02 5.905290918e-02 5.718700326e-02 5.555829306e-02
 5.420208947e-02 5.311372749e-02 5.229439515e-02 5.180257125e-02 5.176834408e-02
 5.238231585e-02 5.378490580e-02 5.597147379e-02 5.879552591e-02 6.203366525e-02
 6.544894322e-02 6.874427806e-02 7.149308955e-02 7.320046162e-02 7.353801727e-02
 7.257405568e-02 7.072315680e-02 6.845026616e-02 6.606844988e-02 6.373665647e-02
 6.152507229e-02 5.946147589e-02 5.755631773e-02 5.581359924e-02 5.423427005e-02
 5.281777205e-02 5.156204260e-02 5.047052839e-02 4.952825818e-02 4.872914534e-02
 2.153829328e-03 4.921916854e-03 8.913026672e-03 1.434113190e-02 2.117278062e-02
 2.383698301e-02 2.095196672e-02 1.811695691e-02 1.553355544e-02 1.298910899e-02
 1.074934444e-02 9.432234515e-03 9.362594382e-03 1.035200393e-02 1.181546644e-02
 1.349555989e-02 1.537818443e-02 1.751250058e-02 1.995526012e-02 2.275682496e-02
 2.596317811e-02 2.962630928e-02 3.382013624e-02 3.866332661e-02 4.435794382e-02
 5.127103915e-02 6.014694594e-02 7.284412090e-02 8.518137110e-02 8.833374227e-02
 8.174121940e-02 7.212523430e-02 6.639709335e-02 6.251359824e-02 5.967412418e-02
 5.746763994e-02 5.563299871e-02 5.396310901e-02 5.226591572e-02 5.053605824e-02
 5.015615725e-02 5.211123648e-02 5.631396360e-02 6.183710424e-02 6.765780025e-02
 7.400506769e-02 8.124316777e-02 8.892588915e-02 9.397867274e-02 9.388138901e-02
 8.876663362e-02 8.303141934e-02 7.835392973e-02 7.452999749e-02 7.131770469e-02
 6.855338451e-02 6.613188792e-02 6.398489436e-02 6.206861355e-02 6.035179320e-02
 5.881409085e-02 5.743999434e-02 5.621610413e-02 5.512607321e-02 5.414637318e-02
 2.816290866e-03 6.452938121e-03 1.170583054e-02 1.874976454e-02 2.713964817e-02
 3.045721590e-02 2.732679169e-02 2.453826150e-02 2.237506161e-02 2.063345580e-02
 1.929530801e-02 1.840548908e-02 1.803255934e-02 1.817430584e-02 1.877333737e-02
 1.976347888e-02 2.110183853e-02 2.277364360e-02 2.478496274e-02 2.715562626e-02
 2.991619288e-02 3.310908604e-02 3.679321629e-02 4.105140830e-02 4.599895758e-02
 5.178398017e-02 5.852757609e-02 6.592619055e-02 7.205218300e-02 7.449722365e-02
 7.287242154e-02 6.919378298e-02 6.567107132e-02 6.281133658e-02 6.053764998e-02
 5.868905645e-02 5.709704183e-02 5.557109093e-02 5.384362065e-02 5.155939645e-02
 5.071174521e-02 5.289001166e-02 5.831207166e-02 6.489877318e-02 7.141628236e-02
 7.851200705e-02 8.700020901e-02 9.783130385e-02 1.040958383e-01 1.033918154e-01
 9.572654250e-02 8.884584786e-02 8.376863622e-02 7.978228639e-02 7.649982048e-02
 7.370469444e-02 7.126912928e-02 6.911370628e-02 6.718669426e-02 6.545284064e-02
 6.388693017e-02 6.246985415e-02 6.118610288e-02 6.002237079e-02 5.897160072e-02
 3.232871628e-03 7.368975965e-03 1.325470519e-02 2.096269766e-02 2.992829181e-02
 3.352237076e-02 3.008472092e-02 2.828481765e-02 2.696786062e-02 2.584064450e-02
 2.491180988e-02 2.424121042e-02 2.386911028e-02 2.381760311e-02 2.409213843e-02
 2.468823433e-02 2.559903001e-02 2.682040341e-02 2.835299323e-02 3.020206664e-02
 3.237625214e-02 3.488542630e-02 3.773703390e-02 4.092881485e-02 4.443405387e-02
 4.817357635e-02 5.197158026e-02 5.551509458e-02 5.838334093e-02 6.026875885e-02
 6.108604571e-02 6.102638216e-02 6.046070148e-02 5.970791596e-02 5.896717674e-02
 5.834078647e-02 5.787945011e-02 5.762559351e-02 5.766223551e-02 5.816931234e-02
 5.942148593e-02 6.163604919e-02 6.481815926e-02 6.875636774e-02 7.316442284e-02
 7.778253083e-02 8.228632443e-02 8.613382719e-02 8.862488229e-02 8.931441765e-02
 8.835586089e-02 8.636525691e-02 8.395634950e-02 8.148778480e-02 7.911517601e-02
 7.689312362e-02 7.483385768e-02 7.293327984e-02 7.118164286e-02 6.956776792e-02
 6.808061051e-02 6.670974550e-02 6.544543249e-02 6.427862510e-02 6.320577457e-02
 3.483593141e-03 7.913735438e-03 1.416814880e-02 2.227844107e-02 3.159476345e-02
 3.546795331e-02 3.257190407e-02 3.120381295e-02 3.031772995e-02 2.950372564e-02
 2.881295942e-02 2.828093809e-02 2.793769188e-02 2.780659867e-02 2.790418964e-02
 2.824115579e-02 2.882395918e-02 2.965632474e-02 3.074009232e-02 3.207518620e-02
 3.365861071e-02 3.548236638e-02 3.753008518e-02 3.977217318e-02 4.215961115e-02
 4.461773406e-02 4.704360060e-02 4.931305630e-02 5.130251550e-02 5.291650809e-02
 5.416310680e-02 5.505991889e-02 5.568651420e-02 5.615593303e-02 5.657543025e-02
 5.703972673e-02 5.763151261e-02 5.842764438e-02 5.950565827e-02 6.094372533e-02
 6.280831003e-02 6.513099486e-02 6.788540625e-02 7.097750199e-02 7.425077991e-02
 7.749747642e-02 8.047252902e-02 8.292080877e-02 8.462760956e-02 8.548010244e-02
 8.550320090e-02 8.484050208e-02 8.369147942e-02 8.224726523e-02 8.065618079e-02
 7.901875604e-02 7.739705833e-02 7.582656063e-02 7.432578535e-02 7.290295554e-02
 7.156023456e-02 7.029631470e-02 6.910795172e-02 6.799066015e-02 6.692889266e-02
 3.652737333e-03 8.284273478e-03 1.479880947e-02 2.320903282e-02 3.286331659e-02
 3.710463932e-02 3.443744465e-02 3.341698354e-02 3.277165880e-02 3.216411725e-02
 3.161601078e-02 3.115560186e-02 3.080931016e-02 3.060025174e-02 3.054756710e-02
 3.066627504e-02 3.096744596e-02 3.145844778e-02 3.214304139e-02 3.302116464e-02
 3.408831959e-02 3.533455550e-02 3.674313385e-02 3.828911089e-02 3.993830565e-02
 4.164740799e-02 4.336616610e-02 4.504237069e-02 4.662946464e-02 4.809509241e-02
 4.942656916e-02 5.063543435e-02 5.177269695e-02 5.286683516e-02 5.396992985e-02
 5.513009608e-02 5.642501653e-02 5.790721189e-02 5.963052331e-02 6.163460250e-02
 6.392876094e-02 6.652468645e-02 6.940668773e-02 7.252019517e-02 7.575636633e-02
 7.892880233e-02 8.177662234e-02 8.404854554e-02 8.557701814e-02 8.629907855e-02
 8.626777688e-02 8.565139847e-02 8.466461832e-02 8.347253062e-02 8.217817344e-02
 8.084466171e-02 7.951100948e-02 7.820099970e-02 7.692852007e-02 7.570102896e-02
 7.452187451e-02 7.339184383e-02 7.231018090e-02 7.127544810e-02 7.029533776e-02
 3.788697906e-03 8.585255125e-03 1.531798875e-02 2.398597381e-02 3.393045014e-02
 3.847230673e-02 3.607196122e-02 3.521760518e-02 3.474301660e-02 3.424051100e-02
 3.373953354e-02 3.326995753e-02 3.285955280e-02 3.253270606e-02 3.231002642e-02
 3.220835859e-02 3.224092655e-02 3.241746674e-02 3.274426688e-02 3.322406122e-02
 3.385578704e-02 3.463426434e-02 3.554990242e-02 3.658858971e-02 3.773197245e-02
 3.895834150e-02 4.024427693e-02 4.156702399e-02 4.290736099e-02 4.425245190e-02
 4.559805369e-02 4.694949829e-02 4.832176163e-02 4.974169096e-02 5.123709010e-02
 5.283540203e-02 5.458030179e-02 5.650919641e-02 5.865763260e-02 6.105491198e-02
 6.372049319e-02 6.668076743e-02 6.996493292e-02 7.360857895e-02 7.767147052e-02
 8.233067891e-02 8.655615071e-02 8.955577312e-02 9.117811973e-02 9.132973811e-02
 9.003211391e-02 8.801659926e-02 8.641141598e-02 8.500474013e-02 8.371779026e-02
 8.251027859e-02 8.135956386e-02 8.025262976e-02 7.918178418e-02 7.814228110e-02
 7.713103982e-02 7.614599479e-02 7.518580219e-02 7.424956819e-02 7.332985612e-02
 3.917424760e-03 8.875352190e-03 1.583082192e-02 2.477626268e-02 3.500833478e-02
 3.980049680e-02 3.772770178e-02 3.704582913e-02 3.660410604e-02 3.606222177e-02
 3.547694807e-02 3.488921488e-02 3.432961325e-02 3.382230219e-02 3.338706050e-02
 3.304033012e-02 3.279576178e-02 3.266450835e-02 3.265538449e-02 3.277480095e-02
 3.302654003e-02 3.341160771e-02 3.392818723e-02 3.457175381e-02 3.533543129e-02
 3.621069228e-02 3.718843823e-02 3.825997866e-02 3.941820474e-02 4.065876279e-02
 4.198104169e-02 4.338880454e-02 4.489031260e-02 4.649793220e-02 4.822741127e-02
 5.009733231e-02 5.212861912e-02 5.434372241e-02 5.676619948e-02 5.942128950e-02
 6.233789884e-02 6.555241996e-02 6.911575929e-02 7.310640893e-02 7.765032821e-02
 8.288580354e-02 8.759898857e-02 9.078626104e-02 9.245456137e-02 9.255642455e-02
 9.102979419e-02 8.883205531e-02 8.717863692e-02 8.587514719e-02 8.477751899e-02
 8.380124234e-02 8.289586114e-02 8.203075459e-02 8.118723102e-02 8.035395103e-02
 7.952420101e-02 7.869424277e-02 7.786234319e-02 7.702848691e-02 7.619870969e-02
 4.044017655e-03 9.167497007e-03 1.636730799e-02 2.565387786e-02 3.640090761e-02
 4.196269975e-02 4.059590988e-02 3.949453171e-02 3.862906308e-02 3.778016550e-02
 3.693817532e-02 3.611335532e-02 3.531870992e-02 3.456775919e-02 3.387382671e-02
 3.324971600e-02 3.270754972e-02 3.225871233e-02 3.191457788e-02 3.168609861e-02
 3.158243449e-02 3.161084571e-02 3.177658726e-02 3.208281933e-02 3.253051276e-02
 3.311879268e-02 3.384779079e-02 3.471684459e-02 3.572505531e-02 3.687185137e-02
 3.815764926e-02 3.958467599e-02 4.115673137e-02 4.287907414e-02 4.475830695e-02
 4.680214765e-02 4.901915712e-02 5.141857238e-02 5.401050672e-02 5.680715422e-02
 5.982545954e-02 6.309690660e-02 6.662193799e-02 7.042566634e-02 7.450418732e-02
 7.887798102e-02 8.289636532e-02 8.582055836e-02 8.753686829e-02 8.791281143e-02
 8.743367470e-02 8.686857966e-02 8.627681172e-02 8.572565006e-02 8.520384396e-02
 8.469327819e-02 8.417701918e-02 8.364210450e-02 8.307973213e-02 8.248462831e-02
 8.185423819e-02 8.118794276e-02 8.048633055e-02 7.975068711e-02 7.899284561e-02
 4.151687495e-03 9.416698582e-03 1.682646662e-02 2.640661737e-02 3.752137349e-02
 4.355999654e-02 4.280854027e-02 4.145253792e-02 4.024613582e-02 3.908193631e-02
 3.795548374e-02 3.685999495e-02 3.579595581e-02 3.476857214e-02 3.378586274e-02
 3.285752034e-02 3.199426317e-02 3.120948836e-02 3.051839560e-02 2.993582164e-02
 2.947592068e-02 2.915188835e-02 2.897572445e-02 2.895804073e-02 2.910793398e-02
 2.943296819e-02 2.993925875e-02 3.063122070e-02 3.151127833e-02 3.257939013e-02
 3.383317394e-02 3.527482687e-02 3.690470226e-02 3.872193629e-02 4.072551568e-02
 4.291405642e-02 4.528528307e-02 4.783550979e-02 5.055855080e-02 5.344333124e-02
 5.648194942e-02 5.953922384e-02 6.298008130e-02 6.652614668e-02 7.001122116e-02
 7.334795281e-02 7.641074347e-02 7.904255332e-02 8.114625830e-02 8.271130922e-02
 8.381074121e-02 8.455761377e-02 8.505305263e-02 8.536518285e-02 8.553382954e-02
 8.558105909e-02 8.551925299e-02 8.535617079e-02 8.509778586e-02 8.474970651e-02
 8.431776793e-02 8.380817022e-02 8.322738996e-02 8.258169074e-02 8.185780378e-02
 4.223297351e-03 9.578695754e-03 1.711367123e-02 2.684883835e-02 3.813425524e-02
 4.432777365e-02 4.367569525e-02 4.233575085e-02 4.101902682e-02 3.969315233e-02
 3.836167232e-02 3.703089359e-02 3.570720165e-02 3.439800414e-02 3.311202899e-02
 3.185931958e-02 3.065382687e-02 2.951354331e-02 2.845731284e-02 2.750447110e-02
 2.667447531e-02 2.598653130e-02 2.545921919e-02 2.511012305e-02 2.495547128e-02
 2.500979263e-02 2.528558134e-02 2.579294132e-02 2.653924513e-02 2.752884375e-02
 2.876290862e-02 3.023939436e-02 3.195188318e-02 3.388811446e-02 3.604057415e-02
 3.840125909e-02 4.095917712e-02 4.370170403e-02 4.661381135e-02 4.967818290e-02
 5.287642848e-02 5.614666941e-02 5.939903807e-02 6.287943373e-02 6.630824951e-02
 6.956913628e-02 7.263559421e-02 7.544303164e-02 7.794393793e-02 8.011465319e-02
 8.195566986e-02 8.348520208e-02 8.472996460e-02 8.571762811e-02 8.647293893e-02
 8.701688389e-02 8.736739339e-02 8.754042846e-02 8.755088395e-02 8.741314041e-02
 8.714129293e-02 8.674915486e-02 8.625014611e-02 8.565745371e-02 8.499742320e-02
 4.258625795e-03 9.656112474e-03 1.724451980e-02 2.703761548e-02 3.841219473e-02
 4.471378099e-02 4.394442656e-02 4.257516807e-02 4.117340357e-02 3.970957394e-02
 3.819586999e-02 3.664354158e-02 3.506310549e-02 3.346500794e-02 3.186015157e-02
 3.026299289e-02 2.869392094e-02 2.717496970e-02 2.572960635e-02 2.438242544e-02
 2.315877141e-02 2.208429772e-02 2.118447271e-02 2.048404321e-02 2.000646861e-02
 1.977333886e-02 1.980378939e-02 2.011392794e-02 2.071629095e-02 2.161934720e-02
 2.282705936e-02 2.433849329e-02 2.614741382e-02 2.824202817e-02 3.060507721e-02
 3.321233983e-02 3.603731940e-02 3.906271579e-02 4.226683430e-02 4.562533806e-02
 4.911046178e-02 5.269110516e-02 5.633212867e-02 5.998985462e-02 6.361586632e-02
 6.715695183e-02 7.055843090e-02 7.377007228e-02 7.674897468e-02 7.946168169e-02
 8.188515997e-02 8.400641577e-02 8.582115195e-02 8.733211271e-02 8.854760597e-02
 8.948036627e-02 9.014667449e-02 9.056557710e-02 9.075809786e-02 9.074642053e-02
 9.055308319e-02 9.020024805e-02 8.970909799e-02 8.909924519e-02 8.838356446e-02
 4.266552923e-03 9.671651522e-03 1.726604917e-02 2.705854999e-02 3.837627451e-02
 4.454873333e-02 4.386466216e-02 4.242842191e-02 4.090414883e-02 3.927970118e-02
 3.756741693e-02 3.577870237e-02 3.392477347e-02 3.201698240e-02 3.006932258e-02
 2.810382160e-02 2.614479461e-02 2.421880988e-02 2.235451836e-02 2.058236424e-02
 1.893417779e-02 1.744265779e-02 1.614075432e-02 1.506096703e-02 1.423457860e-02
 1.369084745e-02 1.345618660e-02 1.355335758e-02 1.400070849e-02 1.481148292e-02
 1.599322005e-02 1.754725767e-02 1.946834745e-02 2.174438796e-02 2.435627163e-02
 2.727774556e-02 3.047548903e-02 3.390846889e-02 3.753906968e-02 4.134072478e-02
 4.528434271e-02 4.933755786e-02 5.346416397e-02 5.762366278e-02 6.177127733e-02
 6.585851839e-02 6.983434744e-02 7.364686615e-02 7.724531741e-02 8.058225245e-02
 8.361576190e-02 8.631162455e-02 8.864516887e-02 9.060260275e-02 9.218157362e-02
 9.339080267e-02 9.424879056e-02 9.478177467e-02 9.502126073e-02 9.500150324e-02
 9.475725890e-02 9.432201940e-02 9.372679458e-02 9.299933073e-02 9.216252606e-02
 4.255906815e-03 9.645787504e-03 1.721556770e-02 2.697104900e-02 3.826276064e-02
 4.442668130e-02 4.356197167e-02 4.201354877e-02 4.033124790e-02 3.851608240e-02
 3.657749194e-02 3.452536652e-02 3.236993181e-02 3.012240490e-02 2.780475935e-02
 2.544200128e-02 2.306225496e-02 2.069672230e-02 1.837951682e-02 1.614735300e-02
 1.403908396e-02 1.209508766e-02 1.035651013e-02 8.864382800e-03 7.658640070e-03
 6.777070688e-03 6.254243164e-03 6.120449168e-03 6.400709557e-03 7.113884816e-03
 8.271925211e-03 9.879286567e-03 1.193252474e-02 1.442007074e-02 1.732217021e-02
 2.061096464e-02 2.425069205e-02 2.819795232e-02 3.240206843e-02 3.680346145e-02
 4.137458025e-02 4.608515491e-02 5.090148707e-02 5.578539727e-02 6.069320327e-02
 6.557485578e-02 7.037340500e-02 7.502508855e-02 7.946044028e-02 8.360684508e-02
 8.739278741e-02 9.075358804e-02 9.363779391e-02 9.601286739e-02 9.786873089e-02
 9.921818549e-02 1.000940818e-01 1.005440302e-01 1.006240245e-01 1.003923994e-01
 9.990511421e-02 9.921273454e-02 9.835898177e-02 9.738072331e-02 9.632093612e-02
 4.233170530e-03 9.593040578e-03 1.711843905e-02 2.681298275e-02 3.801695485e-02
 4.406269644e-02 4.309347261e-02 4.140617529e-02 3.953925042e-02 3.750563930e-02
 3.531264132e-02 3.296786852e-02 3.047949252e-02 2.786546935e-02 2.514967515e-02
 2.235989011e-02 1.952793148e-02 1.668966015e-02 1.388482878e-02 1.115675118e-02
 8.551778616e-03 6.118578323e-03 3.907220724e-03 1.968094709e-03 3.506832739e-04
-8.977558869e-04-1.733550081e-03-2.117950157e-03-2.018384139e-03-1.409565248e-03
-2.744019065e-04 1.395329320e-03 3.598570083e-03 6.324827983e-03 9.554268058e-03
 1.325800861e-02 1.739856464e-02 2.193036353e-02 2.680025884e-02 3.194789759e-02
 3.730603591e-02 4.284680207e-02 4.854457531e-02 5.436870110e-02 6.028111424e-02
 6.623325545e-02 7.216243715e-02 7.798819382e-02 8.360986945e-02 8.890757835e-02
 9.374904971e-02 9.800361979e-02 1.015614151e-01 1.043523418e-01 1.063585113e-01
 1.076158318e-01 1.082043120e-01 1.082306381e-01 1.078091560e-01 1.070469023e-01
 1.060351924e-01 1.048470500e-01 1.035382972e-01 1.021499308e-01 1.006909641e-01
 4.202889795e-03 9.523502039e-03 1.699214485e-02 2.661077143e-02 3.769940154e-02
 4.358109715e-02 4.254429609e-02 4.067009198e-02 3.859729903e-02 3.632344037e-02
 3.385277846e-02 3.119001703e-02 2.834637526e-02 2.534272577e-02 2.220447706e-02
 1.896189758e-02 1.565032867e-02 1.231024556e-02 8.987131856e-03 5.731136272e-03
 2.596488927e-03-3.593336985e-04-3.076691164e-03-5.495087794e-03-7.554668527e-03
-9.197845190e-03-1.037098155e-02-1.102605496e-02-1.112220786e-02-1.062710551e-02
-9.518025926e-03-7.782625950e-03-5.419349484e-03-2.437470453e-03 1.143209614e-03
 5.292963837e-03 9.972973317e-03 1.513630377e-02 2.072891873e-02 2.669061880e-02
 3.295582345e-02 3.945952865e-02 4.619236980e-02 5.314286453e-02 6.029385975e-02
 6.761707109e-02 7.506449244e-02 8.255545982e-02 8.995919972e-02 9.707712576e-02
 1.036390029e-01 1.093341805e-01 1.138808088e-01 1.171006375e-01 1.189645665e-01
 1.195970090e-01 1.192370251e-01 1.181664632e-01 1.166400890e-01 1.148508173e-01
 1.129291133e-01 1.109571283e-01 1.089839434e-01 1.070376115e-01 1.051451743e-01
 4.168402399e-03 9.444572330e-03 1.684947045e-02 2.638388681e-02 3.741209171e-02
 4.326122438e-02 4.190795593e-02 3.986052423e-02 3.756902901e-02 3.504095723e-02
 3.227778052e-02 2.928192163e-02 2.606969099e-02 2.266232729e-02 1.908649792e-02
 1.537472557e-02 1.156569654e-02 7.704399407e-03 3.842044876e-03 3.572416682e-05
-3.652226897e-03-7.155176571e-03-1.040345847e-02-1.332592319e-02-1.585173393e-02
-1.791233630e-02-1.944351127e-02-2.038740540e-02-2.069442472e-02-2.032488096e-02
-1.925029104e-02-1.745425209e-02-1.493284321e-02-1.169453825e-02-7.759647666e-03
-3.159339146e-03 2.065688037e-03 7.866781102e-03 1.418905970e-02 2.097317453e-02
 2.815696171e-02 3.567687174e-02 4.350470593e-02 5.166386004e-02 6.018268065e-02
 6.909245247e-02 7.842157171e-02 8.818099061e-02 9.832835015e-02 1.086771226e-01
 1.186964588e-01 1.273961553e-01 1.338278173e-01 1.374924436e-01 1.383333003e-01
 1.367771863e-01 1.337214516e-01 1.301187630e-01 1.264931786e-01 1.230443792e-01
 1.198311958e-01 1.168563588e-01 1.141011377e-01 1.115399747e-01 1.091469974e-01
 4.132412801e-03 9.362299857e-03 1.670101356e-02 2.614797822e-02 3.702181477e-02
 4.264491394e-02 4.127612156e-02 3.902849938e-02 3.651394052e-02 3.372749453e-02
 3.066671855e-02 2.733767119e-02 2.375642630e-02 1.994456134e-02 1.592985321e-02
 1.174687478e-02 7.437444056e-03 3.050871490e-03-1.356050863e-03-5.719371340e-03
-9.968654980e-03-1.402804118e-02-1.781768743e-02-2.125557643e-02-2.425963355e-02
-2.675007060e-02-2.865184452e-02-2.989709848e-02-3.042744207e-02-3.019592848e-02
-2.916860089e-02-2.732550698e-02-2.466111602e-02-2.118411433e-02-1.691659607e-02
-1.189270242e-02-6.156788277e-03 2.387925571e-04 7.236197751e-03 1.477484344e-02
 2.279438318e-02 3.123798937e-02 4.005613417e-02 4.929262470e-02 5.902764216e-02
 6.937207913e-02 8.048085500e-02 9.257469351e-02 1.059798800e-01 1.212210859e-01
 1.393850893e-01 1.551679775e-01 1.653966443e-01 1.694217047e-01 1.670395099e-01
 1.593019224e-01 1.489653662e-01 1.411297965e-01 1.348394727e-01 1.296289227e-01
 1.252087687e-01 1.213822737e-01 1.180100504e-01 1.149906628e-01 1.122422490e-01
 4.097298440e-03 9.282053651e-03 1.655630575e-02 2.591840896e-02 3.669483198e-02
 4.221103983e-02 4.065470724e-02 3.822093989e-02 3.549085945e-02 3.245485659e-02
 2.910714411e-02 2.545760420e-02 2.152154084e-02 1.732048510e-02 1.288299065e-02
 8.245353585e-03 3.452186931e-03-1.443222872e-03-6.378849873e-03-1.128422071e-02
-1.608112145e-02-2.068475692e-02-2.500537409e-02-2.895032769e-02-3.242652909e-02
-3.534318087e-02-3.761466448e-02-3.916342113e-02-3.992265143e-02-3.983865939e-02
-3.887268375e-02-3.700209163e-02-3.422085455e-02-3.053927772e-02-2.598300525e-02
-2.059136890e-02-1.441518026e-02-7.514080850e-03 4.644127417e-05 8.198289762e-03
 1.687422823e-02 2.601164166e-02 3.555677960e-02 4.550644832e-02 5.595528495e-02
 6.703615906e-02 7.893956390e-02 9.194648455e-02 1.064852955e-01 1.232322414e-01
 1.436888845e-01 1.598248204e-01 1.751335821e-01 1.773950283e-01 1.740556175e-01
 1.650990831e-01 1.532037890e-01 1.444166711e-01 1.375423810e-01 1.319808319e-01
 1.273458773e-01 1.233831453e-01 1.199200650e-01 1.168364972e-01 1.140607681e-01
 4.065206972e-03 9.208710993e-03 1.642406405e-02 2.570868412e-02 3.641147497e-02
 4.185401151e-02 4.007110526e-02 3.748271488e-02 3.455544186e-02 3.128990807e-02
 2.768221812e-02 2.374139450e-02 1.948217320e-02 1.492601229e-02 1.010206321e-02
 5.048050233e-03-1.890118742e-04-5.552341354e-03-1.097523719e-02-1.638133147e-02
-2.168531568e-02-2.679418986e-02-3.160905335e-02-3.602741779e-02-3.994597828e-02
-4.326373263e-02-4.588529607e-02-4.772422500e-02-4.870614456e-02-4.877147470e-02
-4.787756894e-02-4.600011983e-02-4.313373898e-02-3.929168336e-02-3.450476337e-02
-2.881952608e-02-2.229585046e-02-1.500411664e-02-7.022116184e-03 1.568145647e-03
 1.068363737e-02 2.024340636e-02 3.017158362e-02 4.040029430e-02 5.096036638e-02
 6.192421602e-02 7.337987651e-02 8.542959646e-02 9.817802623e-02 1.116771870e-01
 1.255160523e-01 1.374228787e-01 1.465483551e-01 1.515761594e-01 1.520358755e-01
 1.486264530e-01 1.432404341e-01 1.380997857e-01 1.335285559e-01 1.294851469e-01
 1.258866132e-01 1.226517202e-01 1.197107412e-01 1.170064850e-01 1.144746679e-01
 4.038047929e-03 9.146630367e-03 1.631212157e-02 2.553091704e-02 3.611455016e-02
 4.137415067e-02 3.960570834e-02 3.685793651e-02 3.376273514e-02 3.030231659e-02
 2.647416382e-02 2.228624996e-02 1.775262657e-02 1.289453116e-02 7.741481153e-03
 2.332282017e-03-3.284131069e-03-9.048108154e-03-1.488905105e-02-2.072562446e-02
-2.646649341e-02-3.201164677e-02-3.725433331e-02-4.208359372e-02-4.638732097e-02
-5.005572842e-02-5.298505514e-02-5.508129849e-02-5.626374114e-02-5.646803899e-02
-5.564865917e-02-5.378050334e-02-5.085961577e-02-4.690295055e-02-4.194725016e-02
-3.604715719e-02-2.927273762e-02-2.170663099e-02-1.344106075e-02-4.574941200e-03
 4.788686759e-03 1.454465386e-02 2.458682102e-02 3.480802467e-02 4.512678261e-02
 5.554344374e-02 6.603958758e-02 7.656090352e-02 8.698813502e-02 9.709471210e-02
 1.065127319e-01 1.147704283e-01 1.214167187e-01 1.261418916e-01 1.288735171e-01
 1.298222578e-01 1.294190673e-01 1.281496835e-01 1.263981732e-01 1.244077871e-01
 1.223164165e-01 1.201981126e-01 1.180910391e-01 1.160139796e-01 1.139850394e-01
 4.017430690e-03 9.099495369e-03 1.622711976e-02 2.539620083e-02 3.595402263e-02
 4.122067410e-02 3.922886682e-02 3.638239901e-02 3.315986447e-02 2.955090377e-02
 2.555465515e-02 2.117823729e-02 1.643509855e-02 1.134622162e-02 5.941316665e-03
 2.599313505e-04-5.647608728e-03-1.171952752e-02-1.788229825e-02-2.405081864e-02
-3.012915366e-02-3.601191478e-02-4.158630888e-02-4.673484298e-02-5.133861500e-02
-5.528106191e-02-5.845198069e-02-6.075159330e-02-6.209440087e-02-6.241257086e-02
-6.165862607e-02-5.980725613e-02-5.685614387e-02-5.282578408e-02-4.775835939e-02
-4.171581754e-02-3.477735813e-02-2.703657873e-02-1.859855007e-02-9.577089250e-03
-9.248566415e-05 9.730086958e-03 1.976125908e-02 2.986705777e-02 3.990722419e-02
 4.981865227e-02 5.954892768e-02 6.901758481e-02 7.811007321e-02 8.667563488e-02
 9.453444570e-02 1.014981587e-01 1.074017530e-01 1.121375742e-01 1.156801412e-01
 1.180922263e-01 1.195084739e-01 1.201026377e-01 1.200526465e-01 1.195163963e-01
 1.186218208e-01 1.174670926e-01 1.161253676e-01 1.146505074e-01 1.130867665e-01
 4.004580830e-03 9.070116286e-03 1.617413777e-02 2.531205235e-02 3.580589948e-02
 4.097565496e-02 3.900450458e-02 3.608585870e-02 3.278335418e-02 2.908134228e-02
 2.497977170e-02 2.048520266e-02 1.561067697e-02 1.037698396e-02 4.813918956e-03
-1.038540218e-03-7.129228727e-03-1.339506517e-02-1.976070725e-02-2.613870257e-02
-3.243023335e-02-3.852653007e-02-4.431099187e-02-4.966200179e-02-5.445636607e-02
-5.857324342e-02-6.189837123e-02-6.432834731e-02-6.577469838e-02-6.616746389e-02
-6.545805121e-02-6.362117254e-02-6.065575164e-02-5.658477884e-02-5.145418628e-02
-4.533089989e-02-3.830029113e-02-3.046329316e-02-2.193346142e-02-1.283424723e-02
-3.296719805e-03 6.542079750e-03 1.654003516e-02 2.655006686e-02 3.641952455e-02
 4.603866025e-02 5.535493809e-02 6.429834574e-02 7.278261696e-02 8.070904956e-02
 8.797368650e-02 9.447777885e-02 1.001401453e-01 1.049088501e-01 1.087692117e-01
 1.117458740e-01 1.138983615e-01 1.153115800e-01 1.160841447e-01 1.163175293e-01
 1.161079567e-01 1.155415156e-01 1.146919693e-01 1.136201348e-01 1.123628305e-01
 4.000258659e-03 9.060238938e-03 1.615633860e-02 2.528379194e-02 3.575624031e-02
 4.088958862e-02 3.893342284e-02 3.598628791e-02 3.265630548e-02 2.892259567e-02
 2.478522377e-02 2.025054130e-02 1.533144292e-02 1.004864641e-02 4.431971415e-03
-1.478462198e-03-7.631208481e-03-1.396274653e-02-2.039712117e-02-2.684608533e-02
-3.320984524e-02-3.937848564e-02-4.523411434e-02-5.065371496e-02-5.551263664e-02
-5.968858505e-02-6.306591837e-02-6.554000299e-02-6.702135479e-02-6.743928984e-02
-6.674483573e-02-6.491271056e-02-6.194225578e-02-5.785730165e-02-5.270503934e-02
-4.655405968e-02-3.949178569e-02-3.162156714e-02-2.305971768e-02-1.393275935e-02
-4.375096559e-03 5.472722636e-03 1.546508774e-02 2.545178925e-02 3.527804661e-02
 4.482002027e-02 5.402726845e-02 6.283511270e-02 7.116698139e-02 7.893868286e-02
 8.606474011e-02 9.246638298e-02 9.808015853e-02 1.028656324e-01 1.068105730e-01
 1.099324591e-01 1.122760264e-01 1.139075605e-01 1.149073618e-01 1.153620011e-01
 1.153576647e-01 1.149752888e-01 1.142876057e-01 1.133580966e-01 1.122519117e-01
 4.004703849e-03 9.070409232e-03 1.617469660e-02 2.531310647e-02 3.584301409e-02
 4.108273386e-02 3.899591794e-02 3.608854827e-02 3.278610808e-02 2.908421781e-02
 2.498295309e-02 2.048887410e-02 1.561502719e-02 1.038220985e-02 4.820226094e-03
-1.030939198e-03-7.120117575e-03-1.338422882e-02-1.974793774e-02-2.612380569e-02
-3.241303552e-02-3.850688492e-02-4.428878578e-02-4.963715764e-02-5.442884424e-02
-5.854303939e-02-6.186550887e-02-6.429286736e-02-6.573664149e-02-6.612684806e-02
-6.541484330e-02-6.357525382e-02-6.060687702e-02-5.653252951e-02-5.139791498e-02
-4.526966797e-02-3.823279615e-02-3.038778623e-02-2.184765408e-02-1.273521027e-02
-3.180780599e-03 6.679426131e-03 1.670417199e-02 2.674720568e-02 3.665646001e-02
 4.632537006e-02 5.570114919e-02 6.471240612e-02 7.326989614e-02 8.127006657e-02
 8.860244063e-02 9.516095789e-02 1.008578149e-01 1.056368085e-01 1.094825680e-01
 1.124228710e-01 1.145233286e-01 1.158762849e-01 1.165875175e-01 1.167643251e-01
 1.165071182e-01 1.159048637e-01 1.150336129e-01 1.139568574e-01 1.127193482e-01
 4.017631161e-03 9.099969843e-03 1.622801449e-02 2.539755265e-02 3.592034314e-02
 4.110974013e-02 3.924308094e-02 3.638703293e-02 3.316431836e-02 2.955570704e-02
 2.556008994e-02 2.118461026e-02 1.644274444e-02 1.135550117e-02 5.952612708e-03
 2.736428706e-04-5.631074778e-03-1.169976651e-02-1.785891994e-02-2.402346047e-02
-3.009749449e-02-3.597568799e-02-4.154531353e-02-4.668895165e-02-5.128777673e-02
-5.522529873e-02-5.839137639e-02-6.068627334e-02-6.202450258e-02-6.233820335e-02
-6.157981964e-02-5.972390078e-02-5.676791655e-02-5.273206373e-02-4.765812795e-02
-4.160754442e-02-3.465886407e-02-2.690487401e-02-1.844964128e-02-9.405748867e-03
 1.080190540e-04 9.968303630e-03 2.004788448e-02 3.021526662e-02 4.033297223e-02
 5.034502538e-02 6.020099971e-02 6.982050315e-02 7.908507746e-02 8.783372343e-02
 9.586880565e-02 1.029784849e-01 1.089742129e-01 1.137322101e-01 1.172243143e-01
 1.195256439e-01 1.207937443e-01 1.212274226e-01 1.210246224e-01 1.203555808e-01
 1.193539897e-01 1.181195668e-01 1.167248630e-01 1.152222688e-01 1.136529446e-01
 4.038259232e-03 9.147131769e-03 1.631306842e-02 2.553261843e-02 3.613770908e-02
 4.145095074e-02 3.960297222e-02 3.686235473e-02 3.376754856e-02 3.030762001e-02
 2.648029409e-02 2.229360140e-02 1.776164254e-02 1.290569806e-02 7.755320343e-03
 2.349339366e-03-3.263298367e-03-9.022947340e-03-1.485903183e-02-2.069025863e-02
-2.642535502e-02-3.196439143e-02-3.720071511e-02-4.202347769e-02-4.632068924e-02
-4.998267806e-02-5.290578614e-02-5.499609030e-02-5.617291701e-02-5.637191757e-02
-5.554749306e-02-5.367440464e-02-5.074846804e-02-4.678630627e-02-4.182421104e-02
-3.591623330e-02-2.913167830e-02-2.155221719e-02-1.326884421e-02-4.378910200e-03
 5.016541872e-03 1.481490844e-02 2.491335356e-02 3.520893085e-02 4.563076377e-02
 5.618795372e-02 6.687288629e-02 7.764359329e-02 8.839119880e-02 9.888652041e-02
 1.087254181e-01 1.173592097e-01 1.242493074e-01 1.290201465e-01 1.315810761e-01
 1.321940967e-01 1.313940111e-01 1.297565361e-01 1.277048402e-01 1.254858849e-01
 1.232284177e-01 1.209953528e-01 1.188150775e-01 1.166984660e-01 1.146521227e-01
 4.065354344e-03 9.209070287e-03 1.642476363e-02 2.570987007e-02 3.640401825e-02
 4.183003070e-02 4.008266312e-02 3.748647899e-02 3.455912797e-02 3.129397153e-02
 2.768705042e-02 2.374745727e-02 1.948999111e-02 1.493616486e-02 1.011517382e-02
 5.064771925e-03-1.680139054e-04-5.526410339e-03-1.094374802e-02-1.634371580e-02
-2.164108771e-02-2.674297128e-02-3.155059562e-02-3.596161966e-02-3.987289639e-02
-4.318358332e-02-4.579844642e-02-4.763117205e-02-4.860748189e-02-4.866784615e-02
-4.776961002e-02-4.588838707e-02-4.301862790e-02-3.917333470e-02-3.438295620e-02
-2.869355436e-02-2.216437650e-02-1.486499054e-02-6.872143362e-03 1.733517016e-03
 1.087075412e-02 2.046104884e-02 3.043193569e-02 4.072055376e-02 5.136884779e-02
 6.246120218e-02 7.410481892e-02 8.643380404e-02 9.960938559e-02 1.137959367e-01
 1.290745771e-01 1.419178987e-01 1.519899270e-01 1.571667312e-01 1.569976624e-01
 1.522927284e-01 1.455165335e-01 1.397257204e-01 1.347585990e-01 1.304650988e-01
 1.267089529e-01 1.233787333e-01 1.203864230e-01 1.176634294e-01 1.151477740e-01
 4.097297259e-03 9.282080978e-03 1.655642472e-02 2.591865214e-02 3.668322845e-02
 4.216549474e-02 4.065851164e-02 3.822222380e-02 3.549166609e-02 3.245562784e-02
 2.910832501e-02 2.545970447e-02 2.152514436e-02 1.732624005e-02 1.289159497e-02
 8.257537043e-03 3.468689764e-03-1.421674601e-03-6.351571700e-03-1.125059916e-02
-1.604064423e-02-2.063704238e-02-2.495019812e-02-2.888764603e-02-3.235649311e-02
-3.526614487e-02-3.753118301e-02-3.907423552e-02-3.982866516e-02-3.974090284e-02
-3.877226948e-02-3.690016199e-02-3.411852353e-02-3.043756916e-02-2.588278896e-02
-2.049329569e-02-1.431961560e-02-7.421035454e-03 1.373878768e-04 8.288079678e-03
 1.696444314e-02 2.610466350e-02 3.565600696e-02 4.561820712e-02 5.608860892e-02
 6.720411344e-02 7.916177211e-02 9.225369967e-02 1.069266988e-01 1.238814155e-01
 1.441413072e-01 1.618104291e-01 1.732825384e-01 1.778480608e-01 1.750111863e-01
 1.658051334e-01 1.539427575e-01 1.449934843e-01 1.380281020e-01 1.324235987e-01
 1.277772538e-01 1.238248759e-01 1.203881962e-01 1.173435031e-01 1.146102414e-01
 4.132160476e-03 9.361765993e-03 1.670015132e-02 2.614694757e-02 3.706171979e-02
 4.276982725e-02 4.126116164e-02 3.902530901e-02 3.650984671e-02 3.372264684e-02
 3.066159278e-02 2.733281999e-02 2.375249112e-02 1.994225313e-02 1.592993478e-02
 1.175013979e-02 7.444692388e-03 3.062881518e-03-1.338552608e-03-5.695742375e-03
-9.938369835e-03-1.399072376e-02-1.777314110e-02-2.120381013e-02-2.420088205e-02
-2.668480755e-02-2.858078709e-02-2.982120311e-02-3.034789167e-02-3.011411216e-02
-2.908608834e-02-2.724402033e-02-2.458250273e-02-2.111032555e-02-1.684967536e-02
-1.183479077e-02-6.110152792e-03 2.716964352e-04 7.252616903e-03 1.477154882e-02
 2.276738293e-02 3.118209473e-02 3.996436303e-02 4.915443910e-02 5.882729837e-02
 6.908514036e-02 8.006792050e-02 9.196967239e-02 1.050674206e-01 1.198028510e-01
 1.377989114e-01 1.542327263e-01 1.653903889e-01 1.674395196e-01 1.647949645e-01
 1.574938930e-01 1.475702608e-01 1.402913111e-01 1.343563689e-01 1.293887219e-01
 1.251477415e-01 1.214633595e-01 1.182114595e-01 1.152997803e-01 1.126540729e-01
 4.167765162e-03 9.443179925e-03 1.684711041e-02 2.638030462e-02 3.736604760e-02
 4.313134771e-02 4.191315213e-02 3.985157539e-02 3.755763510e-02 3.502776685e-02
 3.226330098e-02 2.926679091e-02 2.605462119e-02 2.264810530e-02 1.907396267e-02
 1.536474246e-02 1.155912997e-02 7.702082939e-03 3.844749440e-03 4.412487977e-05
-3.637584448e-03-7.133909455e-03-1.037537761e-02-1.329106116e-02-1.581036806e-02
-1.786500578e-02-1.939102769e-02-2.033085660e-02-2.063517256e-02-2.026455469e-02
-1.919077869e-02-1.739769322e-02-1.488162749e-02-1.165131481e-02-7.727351756e-03
-3.141243369e-03 2.065888512e-03 7.844836775e-03 1.413996833e-02 2.089088863e-02
 2.803397678e-02 3.550355333e-02 4.326706746e-02 5.134301224e-02 5.975259801e-02
 6.851662717e-02 7.764801995e-02 8.713510756e-02 9.690474816e-02 1.067427319e-01
 1.161580535e-01 1.243449008e-01 1.304942417e-01 1.341534441e-01 1.352744698e-01
 1.342387333e-01 1.318059578e-01 1.287457861e-01 1.255404519e-01 1.224140420e-01
 1.194538886e-01 1.166842271e-01 1.141013715e-01 1.116902144e-01 1.094331733e-01
 4.201679993e-03 9.520837655e-03 1.698757695e-02 2.660402361e-02 3.769673994e-02
 4.359528615e-02 4.252472571e-02 4.065168173e-02 3.857548924e-02 3.629854486e-02
 3.382539714e-02 3.116084265e-02 2.831624359e-02 2.531254465e-02 2.217519698e-02
 1.893448437e-02 1.562573372e-02 1.228937570e-02 8.970818334e-03 5.720103072e-03
 2.591320863e-03-3.582222346e-04-3.069085831e-03-5.481001158e-03-7.534363080e-03
-9.171851680e-03-1.034011218e-02-1.099141156e-02-1.108518600e-02-1.058939599e-02
-9.481616331e-03-7.749805377e-03-5.392720386e-03-2.419972108e-03 1.148261440e-03
 5.281815611e-03 9.941345091e-03 1.507926717e-02 2.064074399e-02 2.656458800e-02
 3.278394421e-02 3.923057833e-02 4.589248920e-02 5.275479683e-02 5.979630115e-02
 6.698417274e-02 7.426598420e-02 8.155839003e-02 8.873302010e-02 9.560397252e-02
 1.019281421e-01 1.074329930e-01 1.118731336e-01 1.150926384e-01 1.170647430e-01
 1.178955703e-01 1.177903084e-01 1.169936121e-01 1.157326577e-01 1.141865262e-01
 1.124820626e-01 1.107031223e-01 1.089025223e-01 1.071122692e-01 1.053566904e-01
 4.231101104e-03 9.588477788e-03 1.711060695e-02 2.680137789e-02 3.802386737e-02
 4.410893956e-02 4.306967343e-02 4.137484513e-02 3.950269384e-02 3.746457060e-02
 3.526784469e-02 3.292020676e-02 3.042985978e-02 2.781497008e-02 2.509943099e-02
 2.231100718e-02 1.948147579e-02 1.664663132e-02 1.384613363e-02 1.112317696e-02
 8.523966072e-03 6.096995157e-03 3.892136306e-03 1.959556994e-03 3.484988639e-04
-8.940377889e-04-1.724649482e-03-2.104863985e-03-2.002390694e-03-1.392226908e-03
-2.575683245e-04 1.409514862e-03 3.607657539e-03 6.326037363e-03 9.544451662e-03
 1.323359708e-02 1.735549738e-02 2.186400774e-02 2.670529516e-02 3.181818079e-02
 3.713469630e-02 4.262448589e-02 4.826045124e-02 5.401051867e-02 5.983545119e-02
 6.568613047e-02 7.150048113e-02 7.720058744e-02 8.269113269e-02 8.786092540e-02
 9.258942706e-02 9.675909181e-02 1.002717972e-01 1.030649695e-01 1.051221415e-01
 1.064743288e-01 1.071918383e-01 1.073695303e-01 1.071105837e-01 1.065133607e-01
 1.056635391e-01 1.046311594e-01 1.034709763e-01 1.022242860e-01 1.009110889e-01
 4.252505203e-03 9.638287911e-03 1.720270071e-02 2.695177534e-02 3.820921845e-02
 4.430048652e-02 4.352371816e-02 4.196307034e-02 4.027391792e-02 3.845280127e-02
 3.650935061e-02 3.445351552e-02 3.229549282e-02 3.004673273e-02 2.772916208e-02
 2.536773753e-02 2.299050692e-02 2.062857767e-02 1.831595084e-02 1.608920996e-02
 1.398705795e-02 1.204970287e-02 1.031810168e-02 8.833079281e-03 7.634348864e-03
 6.759467006e-03 6.242763414e-03 6.114288556e-03 6.398823354e-03 7.114992029e-03
 8.274512624e-03 9.881609806e-03 1.193260410e-02 1.441567728e-02 1.731080277e-02
 2.058981096e-02 2.421656595e-02 2.814719603e-02 3.233053016e-02 3.670655962e-02
 4.124636736e-02 4.591865471e-02 5.068891130e-02 5.551847215e-02 6.036368991e-02
 6.517525959e-02 6.989787191e-02 7.447046575e-02 7.882742431e-02 8.290104399e-02
 8.662542472e-02 8.994155147e-02 9.280283625e-02 9.517998701e-02 9.706400673e-02
 9.846651177e-02 9.941727081e-02 9.995962057e-02 1.001449029e-01 1.000271168e-01
 9.965864027e-02 9.908737936e-02 9.835527856e-02 9.749804128e-02 9.655231590e-02
 4.261045252e-03 9.659495144e-03 1.724517033e-02 2.702761297e-02 3.836403724e-02
 4.459547327e-02 4.379373750e-02 4.235029515e-02 4.081757466e-02 3.918579785e-02
 3.746804265e-02 3.567561219e-02 3.381953070e-02 3.191092277e-02 2.996397851e-02
 2.800057330e-02 2.604489320e-02 2.412337863e-02 2.226455209e-02 2.049872304e-02
 1.885757644e-02 1.737365259e-02 1.607972920e-02 1.500812103e-02 1.418991647e-02
 1.365417481e-02 1.342711050e-02 1.353129311e-02 1.398489105e-02 1.480098497e-02
 1.598697096e-02 1.754406665e-02 1.946692196e-02 2.174334661e-02 2.435413003e-02
 2.727288162e-02 3.046611427e-02 3.389260689e-02 3.751426118e-02 4.130389472e-02
 4.523127436e-02 4.926279842e-02 5.336119234e-02 5.748549626e-02 6.159127069e-02
 6.563116894e-02 6.955594751e-02 7.331593603e-02 7.686296234e-02 8.015251834e-02
 8.314588629e-02 8.581201897e-02 8.812903177e-02 9.008517650e-02 9.167916278e-02
 9.291972591e-02 9.382443927e-02 9.441790736e-02 9.472959513e-02 9.479159952e-02
 9.463663679e-02 9.429642784e-02 9.380055343e-02 9.317569737e-02 9.244346458e-02
 4.249829403e-03 9.636605677e-03 1.721083810e-02 2.698718769e-02 3.831777289e-02
 4.455090868e-02 4.384565386e-02 4.245986970e-02 4.104368157e-02 3.957229827e-02
 3.805420416e-02 3.650006619e-02 3.491980487e-02 3.332334007e-02 3.172115102e-02
 3.012797276e-02 2.856402617e-02 2.705122161e-02 2.561291550e-02 2.427359147e-02
 2.305847350e-02 2.199308057e-02 2.110273153e-02 2.041201096e-02 1.994420798e-02
 1.972074124e-02 1.976058374e-02 2.007969831e-02 2.069050356e-02 2.160138717e-02
 2.281627686e-02 2.433424956e-02 2.614913582e-02 2.824925539e-02 3.061756097e-02
 3.323007417e-02 3.606066418e-02 3.909219546e-02 4.230287401e-02 4.566790926e-02
 4.915865504e-02 5.274075893e-02 5.637303760e-02 6.001245022e-02 6.361030524e-02
 6.711619542e-02 7.047983597e-02 7.365245872e-02 7.659188658e-02 7.926609254e-02
 8.165443352e-02 8.374682268e-02 8.554172377e-02 8.704399301e-02 8.826319518e-02
 8.921249231e-02 8.990790718e-02 9.036772694e-02 9.061190045e-02 9.066138701e-02
 9.053748534e-02 9.026119966e-02 8.985269584e-02 8.933082671e-02 8.871149784e-02
 4.209744254e-03 9.548240312e-03 1.706017092e-02 2.676728524e-02 3.801683382e-02
 4.416516364e-02 4.350719051e-02 4.213438234e-02 4.082211894e-02 3.949341391e-02
 3.816352247e-02 3.683707852e-02 3.551919810e-02 3.421654893e-02 3.293745723e-02
 3.169174504e-02 3.049399699e-02 2.936219372e-02 2.831516379e-02 2.737220198e-02
 2.655269452e-02 2.587574576e-02 2.535980682e-02 2.502231079e-02 2.487932137e-02
 2.494520073e-02 2.523228953e-02 2.575056757e-02 2.650732364e-02 2.750687426e-02
 2.875041527e-02 3.023606358e-02 3.195767226e-02 3.390337623e-02 3.606633504e-02
 3.843938635e-02 4.101260677e-02 4.377455076e-02 4.671119799e-02 4.980423091e-02
 5.302547523e-02 5.638105965e-02 5.988617193e-02 6.320277651e-02 6.648919256e-02
 6.971605110e-02 7.275817741e-02 7.553966506e-02 7.800599581e-02 8.013341436e-02
 8.192779419e-02 8.341457326e-02 8.462598472e-02 8.559248199e-02 8.633967109e-02
 8.688837838e-02 8.725586340e-02 8.745717087e-02 8.750618920e-02 8.741630235e-02
 8.720068342e-02 8.687233558e-02 8.644398977e-02 8.592809179e-02 8.534341836e-02
 4.132715508e-03 9.373069465e-03 1.674706899e-02 2.627965405e-02 3.737621804e-02
 4.343347504e-02 4.251218987e-02 4.115641575e-02 3.994432998e-02 3.879844513e-02
 3.769074722e-02 3.661206489e-02 3.556276672e-02 3.454845353e-02 3.357759022e-02
 3.266024459e-02 3.180740063e-02 3.103349612e-02 3.035386412e-02 2.978338439e-02
 2.933618315e-02 2.902537099e-02 2.886281543e-02 2.885895635e-02 2.902268327e-02
 2.936131394e-02 2.988077512e-02 3.058534491e-02 3.147737312e-02 3.255682626e-02
 3.382125785e-02 3.527314032e-02 3.691323079e-02 3.874125333e-02 4.075697836e-02
 4.296012572e-02 4.535007474e-02 4.792582228e-02 5.068608872e-02 5.363034458e-02
 5.676358555e-02 6.012802823e-02 6.341225255e-02 6.678135955e-02 7.023712109e-02
 7.363331089e-02 7.675858571e-02 7.941501140e-02 8.148464396e-02 8.296149053e-02
 8.395255757e-02 8.461491333e-02 8.505444947e-02 8.533226147e-02 8.548418187e-02
 8.552961147e-02 8.547877327e-02 8.533765132e-02 8.511081247e-02 8.480279346e-02
 8.441865290e-02 8.396407862e-02 8.344527557e-02 8.286858482e-02 8.222975866e-02
 4.021996971e-03 9.116149312e-03 1.627151176e-02 2.549325221e-02 3.610322526e-02
 4.141057876e-02 3.981929809e-02 3.897678242e-02 3.822611393e-02 3.743385020e-02
 3.662780323e-02 3.582859355e-02 3.505372266e-02 3.431910760e-02 3.363949956e-02
 3.302860209e-02 3.249911424e-02 3.206275906e-02 3.173199541e-02 3.151775647e-02
 3.142913407e-02 3.147326622e-02 3.165523694e-02 3.197800098e-02 3.244231645e-02
 3.304660992e-02 3.379077337e-02 3.467396375e-02 3.569513780e-02 3.685365731e-02
 3.814997705e-02 3.958647541e-02 4.116724868e-02 4.289798449e-02 4.478584782e-02
 4.683923528e-02 4.906746152e-02 5.148044935e-02 5.408844674e-02 5.690162706e-02
 5.992915395e-02 6.317940674e-02 6.668360934e-02 7.048315738e-02 7.465422379e-02
 7.943664348e-02 8.396116827e-02 8.712893923e-02 8.872646575e-02 8.870080925e-02
 8.771719672e-02 8.691839928e-02 8.627752922e-02 8.569429833e-02 8.516138227e-02
 8.465485345e-02 8.415367162e-02 8.364235720e-02 8.311061387e-02 8.255229957e-02
 8.196440057e-02 8.134617485e-02 8.069848659e-02 8.002343349e-02 7.932996867e-02
 3.897044986e-03 8.828538056e-03 1.574576455e-02 2.464048278e-02 3.482384400e-02
 3.958781428e-02 3.743644568e-02 3.669447569e-02 3.627046115e-02 3.574400574e-02
 3.517446423e-02 3.460097307e-02 3.405424744e-02 3.355905078e-02 3.313577588e-02
 3.280136499e-02 3.256984124e-02 3.245263032e-02 3.245877260e-02 3.259470990e-02
 3.286414817e-02 3.326791645e-02 3.380392838e-02 3.446729912e-02 3.525070418e-02
 3.614508076e-02 3.714078685e-02 3.822862664e-02 3.940106595e-02 4.065345359e-02
 4.198505081e-02 4.339970501e-02 4.490597514e-02 4.651664037e-02 4.824777077e-02
 5.011821376e-02 5.214913645e-02 5.436272829e-02 5.678127007e-02 5.942753802e-02
 6.232750403e-02 6.551609939e-02 6.904595723e-02 7.300125537e-02 7.752344566e-02
 8.283281561e-02 8.766931841e-02 9.092298599e-02 9.260482600e-02 9.266594211e-02
 9.100357264e-02 8.868263403e-02 8.702320558e-02 8.574045181e-02 8.467057322e-02
 8.372434933e-02 8.285020706e-02 8.201759871e-02 8.120820422e-02 8.041104026e-02
 7.961962918e-02 7.883030660e-02 7.804117885e-02 7.725142909e-02 7.646148074e-02
 3.772329432e-03 8.548396434e-03 1.525297471e-02 2.388619498e-02 3.379635894e-02
 3.830658350e-02 3.581391956e-02 3.498236492e-02 3.448211081e-02 3.396875199e-02
 3.346222347e-02 3.299088759e-02 3.258182813e-02 3.225914408e-02 3.204334370e-02
 3.195122190e-02 3.199594153e-02 3.218714876e-02 3.253101357e-02 3.303011252e-02
 3.368317731e-02 3.448475374e-02 3.542487469e-02 3.648890963e-02 3.765780926e-02
 3.890898537e-02 4.021800368e-02 4.156105458e-02 4.291796049e-02 4.427516869e-02
 4.562805375e-02 4.698181996e-02 4.835134157e-02 4.976726901e-02 5.125713002e-02
 5.284292201e-02 5.457614722e-02 5.649392020e-02 5.863180686e-02 6.101561529e-02
 6.365359914e-02 6.656740906e-02 6.977893644e-02 7.330798846e-02 7.716694918e-02
 8.149291413e-02 8.543886614e-02 8.822009937e-02 8.981110832e-02 9.014238935e-02
 8.910925725e-02 8.743613016e-02 8.604204214e-02 8.475317536e-02 8.354427210e-02
 8.239373112e-02 8.128833792e-02 8.022037412e-02 7.918525968e-02 7.818006795e-02
 7.720269331e-02 7.625142218e-02 7.532472448e-02 7.442105168e-02 7.353445483e-02
 3.639771947e-03 8.255395562e-03 1.474848580e-02 2.313239567e-02 3.273794510e-02
 3.689675279e-02 3.429211148e-02 3.320466861e-02 3.254202937e-02 3.191189641e-02
 3.134508979e-02 3.087092314e-02 3.051628437e-02 3.030444337e-02 3.025440311e-02
 3.038082004e-02 3.069428251e-02 3.120166577e-02 3.190630732e-02 3.280782640e-02
 3.390150010e-02 3.517718878e-02 3.661789716e-02 3.819820745e-02 3.988306793e-02
 4.162774145e-02 4.337994932e-02 4.508504843e-02 4.669414041e-02 4.817338130e-02
 4.950906267e-02 5.071003492e-02 5.185261740e-02 5.294176214e-02 5.403404675e-02
 5.517969185e-02 5.645936728e-02 5.792715062e-02 5.963593986e-02 6.162238917e-02
 6.388988839e-02 6.644574084e-02 6.927030919e-02 7.230447449e-02 7.543818782e-02
 7.849855158e-02 8.125616662e-02 8.347632445e-02 8.499478945e-02 8.574941126e-02
 8.579239725e-02 8.527767468e-02 8.438722451e-02 8.327078060e-02 8.203314848e-02
 8.074325202e-02 7.944517938e-02 7.816625752e-02 7.692262981e-02 7.572308826e-02
 7.457168048e-02 7.346945563e-02 7.241561870e-02 7.140846402e-02 7.045359249e-02
 3.472138593e-03 7.888758013e-03 1.412579209e-02 2.221591199e-02 3.154649842e-02
 3.547374789e-02 3.242130055e-02 3.102761998e-02 3.009069741e-02 2.923885938e-02
 2.851525375e-02 2.795772676e-02 2.759808088e-02 2.746023765e-02 2.756011893e-02
 2.790709251e-02 2.850611464e-02 2.935963197e-02 3.046864496e-02 3.183272539e-02
 3.344896760e-02 3.530981217e-02 3.739952978e-02 3.968908351e-02 4.212940661e-02
 4.464434390e-02 4.712706126e-02 4.944682671e-02 5.147259918e-02 5.310458252e-02
 5.435864348e-02 5.525132060e-02 5.586307476e-02 5.631425110e-02 5.671614283e-02
 5.716493909e-02 5.774298471e-02 5.852578067e-02 5.958945299e-02 6.101168266e-02
 6.285970360e-02 6.516635042e-02 6.790602069e-02 7.098534790e-02 7.424980952e-02
 7.749480604e-02 8.047643968e-02 8.293522192e-02 8.464787121e-02 8.549517726e-02
 8.550285153e-02 8.482091501e-02 8.365544797e-02 8.220108612e-02 8.060682681e-02
 7.897248472e-02 7.735904145e-02 7.580095800e-02 7.431593385e-02 7.291154143e-02
 7.158941471e-02 7.034779160e-02 6.918302111e-02 6.809027413e-02 6.705446079e-02
 3.219075504e-03 7.339851833e-03 1.320848245e-02 2.090240281e-02 2.982484545e-02
 3.334430079e-02 2.997300716e-02 2.812930173e-02 2.672092335e-02 2.552172740e-02
 2.453386619e-02 2.382055777e-02 2.342611966e-02 2.337218809e-02 2.365982589e-02
 2.427896253e-02 2.521816531e-02 2.647059232e-02 2.803582940e-02 2.991927028e-02
 3.213050385e-02 3.468113180e-02 3.758126489e-02 4.083253170e-02 4.441332276e-02
 4.824937547e-02 5.216441798e-02 5.582949567e-02 5.878860413e-02 6.070972513e-02
 6.150159792e-02 6.137565159e-02 6.074058277e-02 5.993659275e-02 5.916646928e-02
 5.852787218e-02 5.806402171e-02 5.780835410e-02 5.783466800e-02 5.832066531e-02
 5.955538044e-02 6.177544741e-02 6.498881544e-02 6.897248376e-02 7.343905433e-02
 7.814530903e-02 8.277904877e-02 8.676828885e-02 8.933112125e-02 8.996436777e-02
 8.884423883e-02 8.667136252e-02 8.412006262e-02 8.155773236e-02 7.912895047e-02
 7.687644673e-02 7.480384627e-02 7.290142082e-02 7.115584367e-02 6.955365726e-02
 6.808233196e-02 6.673042509e-02 6.548744700e-02 6.434377346e-02 6.329536611e-02
 2.792984037e-03 6.401307455e-03 1.161847621e-02 1.862888465e-02 2.701144117e-02
 3.039270714e-02 2.736986483e-02 2.441185481e-02 2.209821112e-02 2.019376310e-02
 1.871933311e-02 1.775332936e-02 1.736976891e-02 1.755203447e-02 1.821368018e-02
 1.926610654e-02 2.065786755e-02 2.237412761e-02 2.442363582e-02 2.682894937e-02
 2.962275887e-02 3.284941405e-02 3.657055101e-02 4.087431544e-02 4.588760870e-02
 5.178527087e-02 5.875155482e-02 6.659183333e-02 7.315928415e-02 7.567304466e-02
 7.372478379e-02 6.962017664e-02 6.590202296e-02 6.297710684e-02 6.070127240e-02
 5.888496446e-02 5.734721740e-02 5.588929031e-02 5.422440928e-02 5.180081394e-02
 5.079288105e-02 5.295864311e-02 5.866392622e-02 6.532346282e-02 7.181721895e-02
 7.894307975e-02 8.764909469e-02 9.997905541e-02 1.064321000e-01 1.054629484e-01
 9.646356625e-02 8.910339400e-02 8.384713805e-02 7.977706260e-02 7.645206492e-02
 7.363615460e-02 7.119293291e-02 6.903856913e-02 6.711886370e-02 6.539712047e-02
 6.384726147e-02 6.244958790e-02 6.118798517e-02 6.004841504e-02 5.902146876e-02
 2.118797984e-03 4.837757065e-03 8.748522438e-03 1.404538751e-02 2.069251170e-02
 2.337894247e-02 2.053310664e-02 1.773700367e-02 1.504297498e-02 1.223835831e-02
 9.625166733e-03 8.097666533e-03 8.184832019e-03 9.512395509e-03 1.120019449e-02
 1.299283955e-02 1.493428585e-02 1.710428034e-02 1.957438034e-02 2.240043381e-02
 2.562841485e-02 2.930747301e-02 3.350736733e-02 3.834131711e-02 4.400246714e-02
 5.083780939e-02 5.953117530e-02 7.171390759e-02 8.346677764e-02 8.655413433e-02
 8.054598475e-02 7.155836223e-02 6.609881402e-02 6.237605925e-02 5.966353828e-02
 5.757781948e-02 5.587571337e-02 5.437194524e-02 5.291703795e-02 5.157113263e-02
 5.143813197e-02 5.336172349e-02 5.727621024e-02 6.240930692e-02 6.794629668e-02
 7.401687380e-02 8.085476573e-02 8.787156610e-02 9.243250945e-02 9.240002873e-02
 8.789316284e-02 8.256064020e-02 7.804236309e-02 7.429029272e-02 7.111486645e-02
 6.837333599e-02 6.596915513e-02 6.383696410e-02 6.193672313e-02 6.023599098e-02
 5.871721579e-02 5.736586511e-02 5.616970056e-02 5.510827743e-02 5.416056337e-02
 1.333282003e-03 2.961720262e-03 5.105961323e-03 7.525036670e-03 9.707628612e-03
 1.095453941e-02 1.091770938e-02 9.770750858e-03 7.680430009e-03 4.428803547e-03
 1.542408690e-04-1.968385527e-03-1.414421834e-03 2.008975624e-03 4.472970831e-03
 6.519706488e-03 8.562276491e-03 1.085529757e-02 1.353659210e-02 1.664644112e-02
 2.016548426e-02 2.406057459e-02 2.831469945e-02 3.293367029e-02 3.793321297e-02
 4.330054484e-02 4.890001476e-02 5.428699415e-02 5.859601426e-02 6.098501943e-02
 6.129532572e-02 6.018737163e-02 5.853253172e-02 5.687372347e-02 5.541033603e-02
 5.419576790e-02 5.323844172e-02 5.254694670e-02 5.217882182e-02 5.224859430e-02
 5.291797671e-02 5.430469257e-02 5.640253928e-02 5.908321794e-02 6.214613201e-02
 6.536650270e-02 6.845682919e-02 7.101657794e-02 7.259586527e-02 7.290154287e-02
 7.199185693e-02 7.023260894e-02 6.804681266e-02 6.573272331e-02 6.345035917e-02
 6.127508233e-02 5.923940377e-02 5.735721767e-02 5.563482211e-02 5.407462620e-02
 5.267694461e-02 5.144136266e-02 5.037775653e-02 4.946729028e-02 4.869827698e-02
 7.293047383e-04 1.580005758e-03 2.630122484e-03 3.723788345e-03 4.664919199e-03
 5.255531798e-03 5.348712333e-03 4.878940363e-03 3.875472244e-03 2.421490887e-03
 8.572553829e-04-2.900531186e-04-6.945790952e-04-5.231199139e-04-1.786201959e-04
 2.664593586e-04 1.165639691e-03 2.984215219e-03 5.883108163e-03 9.598815708e-03
 1.371028111e-02 1.795562717e-02 2.223643514e-02 2.651870785e-02 3.077033914e-02
 3.492607625e-02 3.886559428e-02 4.241030852e-02 4.535705175e-02 4.755114269e-02
 4.895873502e-02 4.968273728e-02 4.991072417e-02 4.984069483e-02 4.963471181e-02
 4.940997872e-02 4.925012777e-02 4.922046431e-02 4.937895581e-02 4.977905617e-02
 5.046293617e-02 5.144807166e-02 5.271479391e-02 5.420160501e-02 5.580872767e-02
 5.740544959e-02 5.883923654e-02 5.995142181e-02 6.060491503e-02 6.071840152e-02
 6.028867228e-02 5.938495121e-02 5.811860988e-02 5.660847480e-02 5.495882746e-02
 5.325275069e-02 5.155457836e-02 4.991494637e-02 4.837482213e-02 4.696729094e-02
 4.571724907e-02 4.463918209e-02 4.376536926e-02 4.307111309e-02 4.252712039e-02
 3.774988665e-04 8.093824377e-04 1.331367826e-03 1.865365035e-03 2.323908853e-03
 2.623329806e-03 2.698621309e-03 2.520343966e-03 2.101075399e-03 1.474966067e-03
 7.102822837e-04-1.340236498e-04-1.070969540e-03-2.267848675e-03-4.096445326e-03
-7.310321610e-03-1.082544766e-02-9.997988938e-03-4.892766064e-03 2.415688268e-03
 7.986356994e-03 1.275101294e-02 1.705741619e-02 2.105275574e-02 2.479213118e-02
 2.827773253e-02 3.147805604e-02 3.434319556e-02 3.682194676e-02 3.888010834e-02
 4.051469940e-02 4.175832286e-02 4.267242435e-02 4.333397547e-02 4.382226690e-02
 4.421014723e-02 4.456025112e-02 4.492438341e-02 4.534375870e-02 4.584845020e-02
 4.645548156e-02 4.716609214e-02 4.796341553e-02 4.881181411e-02 4.965854840e-02
 5.043788425e-02 5.107753354e-02 5.150719435e-02 5.166829188e-02 5.152283368e-02
 5.105862024e-02 5.028901417e-02 4.924784555e-02 4.798215663e-02 4.654588161e-02
 4.499629161e-02 4.339326827e-02 4.180008259e-02 4.028349590e-02 3.891071266e-02
 3.774164522e-02 3.681748515e-02 3.618028050e-02 3.579940707e-02 3.563481019e-02
 1.956741697e-04 4.187109632e-04 6.878826871e-04 9.644204103e-04 1.206198693e-03
 1.373154576e-03 1.432514696e-03 1.365722708e-03 1.181154335e-03 8.616262736e-04
 4.111716103e-04-1.752659001e-04-9.276585056e-04-1.921015406e-03-3.231539156e-03
-4.757392701e-03-5.699328139e-03-4.794629273e-03-1.825927096e-03 2.332777235e-03
 6.533767908e-03 1.047309972e-02 1.414269963e-02 1.756477716e-02 2.074851678e-02
 2.368914694e-02 2.637452454e-02 2.879166234e-02 3.093160043e-02 3.279286489e-02
 3.438378510e-02 3.572332012e-02 3.683998726e-02 3.776912048e-02 3.854930771e-02
 3.921894771e-02 3.981349169e-02 4.036345217e-02 4.089295596e-02 4.141856914e-02
 4.194826227e-02 4.248059053e-02 4.300432203e-02 4.349878825e-02 4.393515575e-02
 4.427867247e-02 4.449176961e-02 4.453771143e-02 4.438429253e-02 4.400695360e-02
 4.339074208e-02 4.253085757e-02 4.143202677e-02 4.010745956e-02 3.857847977e-02
 3.687606750e-02 3.504553135e-02 3.315510801e-02 3.130726521e-02 2.964514500e-02
 2.833568136e-02 2.751419239e-02 2.721790544e-02 2.738746343e-02 2.788475955e-02
 1.067328720e-04 2.292783477e-04 3.791918680e-04 5.372206557e-04 6.825600420e-04
 7.952846728e-04 8.585846251e-04 8.642512254e-04 8.193712473e-04 7.083184224e-04
 5.342473275e-04 3.121010508e-04 5.807158214e-05-1.949098039e-04-3.690193547e-04
-3.241053969e-04 1.340205425e-04 1.179063456e-03 2.862616945e-03 5.083775094e-03
 7.657848825e-03 1.040795739e-02 1.320151293e-02 1.593974804e-02 1.854246254e-02
 2.094940576e-02 2.313122177e-02 2.508960730e-02 2.684232129e-02 2.840830031e-02
 2.980265812e-02 3.103829775e-02 3.212852529e-02 3.308833357e-02 3.393428899e-02
 3.468357940e-02 3.535273218e-02 3.595631805e-02 3.650579406e-02 3.700854713e-02
 3.746717227e-02 3.787902676e-02 3.823611576e-02 3.852536143e-02 3.872927837e-02
 3.882702525e-02 3.879573535e-02 3.861196123e-02 3.825301742e-02 3.769798980e-02
 3.692821868e-02 3.592715786e-02 3.467965628e-02 3.317089186e-02 3.138545022e-02
 2.930755905e-02 2.692478204e-02 2.424101612e-02 2.131478707e-02 1.836610273e-02
 1.599994187e-02 1.511256880e-02 1.585443673e-02 1.750645427e-02 1.938595552e-02
 6.523678985e-05 1.416014268e-04 2.379836811e-04 3.450794037e-04 4.529786967e-04
 5.524278557e-04 6.362055780e-04 7.047468370e-04 7.666448646e-04 8.158795768e-04
 8.616168261e-04 9.248025780e-04 1.026834167e-03 1.203125451e-03 1.503817961e-03
 1.989925495e-03 2.724091388e-03 3.755444864e-03 5.105265873e-03 6.762436688e-03
 8.692144009e-03 1.084966743e-02 1.318428060e-02 1.561619620e-02 1.794130159e-02
 1.990525788e-02 2.145060669e-02 2.276048306e-02 2.397880532e-02 2.514334162e-02
 2.624902785e-02 2.728524364e-02 2.824475160e-02 2.912472315e-02 2.992588778e-02
 3.065129508e-02 3.130507622e-02 3.189132189e-02 3.241312145e-02 3.287178448e-02
 3.326625829e-02 3.359275171e-02 3.384457118e-02 3.401216596e-02 3.408336268e-02
 3.404374593e-02 3.387711424e-02 3.356591303e-02 3.309152220e-02 3.243425797e-02
 3.157293245e-02 3.048378903e-02 2.913856975e-02 2.750132274e-02 2.552322762e-02
 2.313399803e-02 2.022683088e-02 1.663014379e-02 1.204974937e-02 5.946132806e-03
-2.280784383e-03-4.350210714e-03 1.634555944e-03 7.621699412e-03 1.186198074e-02
 4.714660355e-05 1.038584494e-04 1.784025926e-04 2.665447662e-04 3.639875287e-04
 4.671325432e-04 5.737215880e-04 6.842749687e-04 8.268881954e-04 9.814645347e-04
 1.166414740e-03 1.398827244e-03 1.688947324e-03 2.060669168e-03 2.542148746e-03
 3.162697165e-03 3.949003744e-03 4.922287630e-03 6.096264309e-03 7.477267789e-03
 9.069840886e-03 1.088902178e-02 1.297219962e-02 1.546575216e-02 1.808894027e-02
 1.977677189e-02 2.049788004e-02 2.082699120e-02 2.153985547e-02 2.237311300e-02
 2.323901782e-02 2.409526625e-02 2.491857507e-02 2.569547649e-02 2.641817531e-02
 2.708227123e-02 2.768529087e-02 2.822563162e-02 2.870175570e-02 2.911156702e-02
 2.945194327e-02 2.971841091e-02 2.990495268e-02 3.000393296e-02 3.000611776e-02
 2.990075582e-02 2.967567533e-02 2.931733855e-02 2.881078370e-02 2.813936963e-02
 2.728422046e-02 2.622323593e-02 2.492947547e-02 2.336861279e-02 2.149494818e-02
 1.924507355e-02 1.652755703e-02 1.320560385e-02 9.065819417e-03 3.728652577e-03
-3.926180159e-03-5.487447615e-03-4.963583797e-05 5.185145704e-03 9.128989711e-03
 4.017902609e-05 8.966144409e-05 1.568184146e-04 2.397642852e-04 3.366490228e-04
 4.460829971e-04 5.678837532e-04 7.089926703e-04 8.879808561e-04 1.107492817e-03
 1.373064032e-03 1.688559738e-03 2.058488450e-03 2.495858438e-03 3.026729295e-03
 3.677161026e-03 4.439972033e-03 5.325081208e-03 6.340479652e-03 7.489341451e-03
 8.770384474e-03 1.017807038e-02 1.168719361e-02 1.324084602e-02 1.472909621e-02
 1.603176311e-02 1.710834387e-02 1.802117840e-02 1.885987782e-02 1.967081265e-02
 2.046282829e-02 2.123093688e-02 2.196722153e-02 2.266428452e-02 2.331604934e-02
 2.391770494e-02 2.446538872e-02 2.495580693e-02 2.538585668e-02 2.575227480e-02
 2.605134140e-02 2.627866294e-02 2.642903677e-02 2.649638281e-02 2.647372577e-02
 2.635321162e-02 2.612614004e-02 2.578299306e-02 2.531344010e-02 2.470630448e-02
 2.394948922e-02 2.302988651e-02 2.193335151e-02 2.064493920e-02 1.914985963e-02
 1.743617470e-02 1.550153918e-02 1.336914025e-02 1.112365790e-02 8.982610365e-03
 7.374688076e-03 6.807409205e-03 7.421434953e-03 8.847977776e-03 1.060600184e-02
 3.831169228e-05 8.620252114e-05 1.524112939e-04 2.360595378e-04 3.361371128e-04
 4.514327914e-04 5.801874931e-04 7.236753913e-04 9.063882350e-04 1.179431928e-03
 1.490759548e-03 1.838593179e-03 2.231510256e-03 2.674169847e-03 3.211659753e-03
 3.828320681e-03 4.523937183e-03 5.302367527e-03 6.165165857e-03 7.110130904e-03
 8.130405182e-03 9.212903794e-03 1.033556055e-02 1.146820844e-02 1.257666154e-02
 1.363090180e-02 1.461425252e-02 1.552613747e-02 1.637627459e-02 1.717610066e-02
 1.793345992e-02 1.865172486e-02 1.933097700e-02 1.996938209e-02 2.056424476e-02
 2.111251203e-02 2.161110185e-02 2.205704434e-02 2.244753516e-02 2.277973039e-02
 2.305030933e-02 2.325552005e-02 2.339118653e-02 2.345273170e-02 2.343524584e-02
 2.333345873e-02 2.314189823e-02 2.285493892e-02 2.246698534e-02 2.197272102e-02
 2.136738333e-02 2.064737464e-02 1.981102684e-02 1.886000966e-02 1.780153071e-02
 1.665181798e-02 1.544132796e-02 1.422143593e-02 1.307096797e-02 1.209654265e-02
 1.141656970e-02 1.112391525e-02 1.124417642e-02 1.172340194e-02 1.246208354e-02
 3.863488981e-05 8.739007722e-05 1.555722564e-04 2.430181632e-04 3.496100579e-04
 4.753250553e-04 6.202761519e-04 7.837061367e-04 9.881606578e-04 1.243952779e-03
 1.554762113e-03 1.889802774e-03 2.287483775e-03 2.725717366e-03 3.216160939e-03
 3.777318276e-03 4.375920007e-03 5.063446679e-03 5.789708309e-03 6.573057610e-03
 7.410516222e-03 8.261040052e-03 9.171747421e-03 1.006471515e-02 1.096530624e-02
 1.184654438e-02 1.267828878e-02 1.350980045e-02 1.427058282e-02 1.501883386e-02
 1.571943074e-02 1.636981379e-02 1.701155706e-02 1.757748224e-02 1.814038231e-02
 1.863861553e-02 1.908807328e-02 1.950863083e-02 1.983727351e-02 2.017073242e-02
 2.041291994e-02 2.060873686e-02 2.075557385e-02 2.080015786e-02 2.083495986e-02
 2.075347579e-02 2.062595095e-02 2.042035753e-02 2.010880348e-02 1.977059148e-02
 1.930296341e-02 1.880201203e-02 1.821205339e-02 1.754409293e-02 1.686737669e-02
 1.611161177e-02 1.539832106e-02 1.469714673e-02 1.405265625e-02 1.357110863e-02
 1.320040138e-02 1.306441364e-02 1.311288056e-02 1.333230112e-02 1.376413545e-02
 0.821758990E+00 0.829158403E+00 0.837463821E+00 0.846584339E+00 0.855974536E+00
 0.865864150E+00 0.876216968E+00 0.886995378E+00 0.898208783E+00 0.909916862E+00
 0.922142211E+00 0.934904820E+00 0.948225977E+00 0.962131441E+00 0.976652652E+00
 0.991826535E+00 0.100768991E+01 0.102428340E+01 0.104165181E+01 0.105983286E+01
 0.107886679E+01 0.109880623E+01 0.111971135E+01 0.114164770E+01 0.116468407E+01
 0.118888605E+01 0.121432072E+01 0.124107104E+01 0.126922704E+01 0.129889475E+01
 0.133019601E+01 0.136325219E+01 0.139817257E+01 0.143509837E+01 0.147419566E+01
 0.151565337E+01 0.155967609E+01 0.160648859E+01 0.165632106E+01 0.170945030E+01
 0.176618721E+01 0.182689569E+01 0.189200208E+01 0.196197186E+01 0.203730444E+01
 0.211860837E+01 0.220661098E+01 0.230216994E+01 0.240627101E+01 0.252004670E+01
 0.264489398E+01 0.278250734E+01 0.293497719E+01 0.310487085E+01 0.329537752E+01
 0.351063771E+01 0.375615464E+01 0.403926264E+01 0.436997384E+01 0.476321241E+01
 0.524268278E+01 0.584975121E+01 0.666945787E+01 0.794122897E+01 0.162067125E+02
  361   98
 0.577748487E+00 0.110991242E+01 0.572570645E+00 0.109630329E+01 0.567391657E+00
 0.108269459E+01 0.562202905E+00 0.106908962E+01 0.557009557E+00 0.105548639E+01
 0.551817741E+00 0.104188258E+01 0.546633634E+00 0.102827583E+01 0.541461030E+00
 0.101466471E+01 0.536299626E+00 0.100104933E+01 0.531149248E+00 0.987429780E+00
 0.526009244E+00 0.973806310E+00 0.520878187E+00 0.960179468E+00 0.515754819E+00
 0.946549733E+00 0.510639482E+00 0.932916982E+00 0.505532697E+00 0.919281025E+00
 0.500434270E+00 0.905641941E+00 0.495342961E+00 0.892000198E+00 0.490257921E+00
 0.878356117E+00 0.485181120E+00 0.864708969E+00 0.480114568E+00 0.851058012E+00
 0.475060396E+00 0.837402467E+00 0.470020715E+00 0.823741568E+00 0.464998133E+00
 0.810074373E+00 0.459996782E+00 0.796399395E+00 0.455020361E+00 0.782715325E+00
 0.450072251E+00 0.769020994E+00 0.445156518E+00 0.755315007E+00 0.440278132E+00
 0.741595685E+00 0.435442523E+00 0.727861228E+00 0.430654135E+00 0.714110238E+00
 0.425916431E+00 0.700341703E+00 0.421232479E+00 0.686554791E+00 0.416606280E+00
 0.672748395E+00 0.412043292E+00 0.658920980E+00 0.407548473E+00 0.645071258E+00
 0.403125710E+00 0.631198358E+00 0.398777891E+00 0.617301789E+00 0.394507475E+00
 0.603381241E+00 0.390317476E+00 0.589436278E+00 0.386211641E+00 0.575466305E+00
 0.382193760E+00 0.561470783E+00 0.378267133E+00 0.547449387E+00 0.374434373E+00
 0.533402043E+00 0.370697190E+00 0.519328971E+00 0.367056660E+00 0.505230586E+00
 0.363513530E+00 0.491107410E+00 0.360068489E+00 0.476959987E+00 0.356722678E+00
 0.462788769E+00 0.353477836E+00 0.448594093E+00 0.350335258E+00 0.434376427E+00
 0.347295705E+00 0.420136380E+00 0.344359574E+00 0.405874650E+00 0.341526964E+00
 0.391591998E+00 0.338797845E+00 0.377289211E+00 0.336172187E+00 0.362967069E+00
 0.333649707E+00 0.348626395E+00 0.331229682E+00 0.334268076E+00 0.328911883E+00
 0.319892902E+00 0.326696817E+00 0.305501539E+00 0.324585422E+00 0.291094602E+00
 0.322579103E+00 0.276672658E+00 0.320679384E+00 0.262236286E+00 0.318886595E+00
 0.247786244E+00 0.317200466E+00 0.233323369E+00 0.315620593E+00 0.218848501E+00
 0.314146515E+00 0.204362477E+00 0.312777448E+00 0.189866151E+00 0.311511833E+00
 0.175360426E+00 0.310348259E+00 0.160846158E+00 0.309285748E+00 0.146324142E+00
 0.308323832E+00 0.131795116E+00 0.307462640E+00 0.117259772E+00 0.306702589E+00
 0.102718789E+00 0.306043982E+00 0.881728581E-01 0.305487000E+00 0.736226816E-01
 0.305031688E+00 0.590689687E-01 0.304677050E+00 0.445124539E-01 0.304421915E+00
 0.299538548E-01 0.304265765E+00 0.153938575E-01 0.304208599E+00 0.833135222E-03
 0.304250651E+00-0.137276385E-01 0.304391796E+00-0.282877890E-01 0.304631956E+00
-0.428466428E-01 0.304971322E+00-0.574035219E-01 0.305410424E+00-0.719577336E-01
 0.305949820E+00-0.865085733E-01 0.306589730E+00-0.101055339E+00 0.307330770E+00
-0.115597303E+00 0.308174049E+00-0.130133696E+00 0.309121096E+00-0.144663697E+00
 0.310172587E+00-0.159186514E+00 0.311327996E+00-0.173701432E+00 0.312586643E+00
-0.188207764E+00 0.313947894E+00-0.202704827E+00 0.315411477E+00-0.217191917E+00
 0.316978412E+00-0.231668192E+00 0.318650513E+00-0.246132696E+00 0.320429669E+00
-0.260584421E+00 0.322317490E+00-0.275022353E+00 0.324314559E+00-0.289445580E+00
 0.326419343E+00-0.303853483E+00 0.328629871E+00-0.318245542E+00 0.330944407E+00
-0.332621242E+00 0.333361604E+00-0.346980038E+00 0.335881103E+00-0.361321236E+00
 0.338503973E+00-0.375643888E+00 0.341231469E+00-0.389946984E+00 0.344064719E+00
-0.404229507E+00 0.347004558E+00-0.418490472E+00 0.350050796E+00-0.432729089E+00
 0.353202137E+00-0.446944814E+00 0.356457126E+00-0.461137167E+00 0.359814417E+00
-0.475305668E+00 0.363272939E+00-0.489449800E+00 0.366832474E+00-0.503568849E+00
 0.370492870E+00-0.517662087E+00 0.374253489E+00-0.531728913E+00 0.378113211E+00
-0.545768871E+00 0.382070354E+00-0.559781684E+00 0.386122603E+00-0.573767291E+00
 0.390267130E+00-0.587725832E+00 0.394500681E+00-0.601657632E+00 0.398820016E+00
-0.615563077E+00 0.403222512E+00-0.629442418E+00 0.407705999E+00-0.643295809E+00
 0.412267919E+00-0.657123572E+00 0.416904743E+00-0.670926399E+00 0.421611941E+00
-0.684705388E+00 0.426384516E+00-0.698461870E+00 0.431219073E+00-0.712196693E+00
 0.436113299E+00-0.725910368E+00 0.441064449E+00-0.739603595E+00 0.446068767E+00
-0.753277481E+00 0.451121466E+00-0.766933566E+00 0.456218276E+00-0.780573250E+00
 0.461356358E+00-0.794197440E+00 0.466533679E+00-0.807806768E+00 0.471747914E+00
-0.821401997E+00 0.476996187E+00-0.834984122E+00 0.482277059E+00-0.848553606E+00
 0.487590598E+00-0.862110331E+00 0.492937962E+00-0.875653749E+00 0.498321003E+00
-0.889183027E+00 0.503741896E+00-0.902697181E+00 0.509206038E+00-0.916193905E+00
 0.514721915E+00-0.929669566E+00 0.520300218E+00-0.943119501E+00 0.525955233E+00
-0.956537355E+00 0.531706008E+00-0.969914435E+00 0.537580511E+00-0.983237618E+00
 0.543620417E+00-0.996486588E+00 0.549888239E+00-0.100962916E+01 0.556482767E+00
-0.102261061E+01 0.563567485E+00-0.103533046E+01 0.571424262E+00-0.104758631E+01
 0.580544678E+00-0.105892571E+01 0.591634067E+00-0.106832377E+01 0.604908678E+00
-0.107419250E+01 0.619313327E+00-0.107611574E+01 0.633844986E+00-0.107535507E+01
 0.648226185E+00-0.107309327E+01 0.662449404E+00-0.106998060E+01 0.676549304E+00
-0.106634755E+01 0.690556628E+00-0.106237167E+01 0.704492494E+00-0.105815184E+01
 0.718370756E+00-0.105374612E+01 0.732200035E+00-0.104918891E+01 0.745985260E+00
-0.104450009E+01 0.759728983E+00-0.103969097E+01 0.773431844E+00-0.103476663E+01
 0.787093688E+00-0.102972960E+01 0.800712147E+00-0.102457644E+01 0.814281771E+00
-0.101929605E+01 0.827795718E+00-0.101387479E+01 0.841247068E+00-0.100830004E+01
 0.854628530E+00-0.100255959E+01 0.867932312E+00-0.996641377E+00 0.881150418E+00
-0.990534231E+00 0.894274769E+00-0.984228151E+00 0.907297591E+00-0.977715004E+00
 0.920211516E+00-0.970988543E+00 0.933010864E+00-0.964046544E+00 0.945690030E+00
-0.956887406E+00 0.958239215E+00-0.949502834E+00 0.970645713E+00-0.941881008E+00
 0.982897938E+00-0.934013599E+00 0.994986875E+00-0.925897532E+00 0.100690520E+01
-0.917532941E+00 0.101864893E+01-0.908924923E+00 0.103021726E+01-0.900082564E+00
 0.104160918E+01-0.891014058E+00 0.105281891E+01-0.881721289E+00 0.106383725E+01
-0.872202390E+00 0.107465563E+01-0.862456824E+00 0.108526796E+01-0.852487279E+00
 0.109567062E+01-0.842299147E+00 0.110586242E+01-0.831900056E+00 0.111584296E+01
-0.821298045E+00 0.112560848E+01-0.810497661E+00 0.113514917E+01-0.799498186E+00
 0.114445437E+01-0.788298804E+00 0.115351678E+01-0.776902074E+00 0.116233242E+01
-0.765313413E+00 0.117089826E+01-0.753538904E+00 0.117920898E+01-0.741582964E+00
 0.118725578E+01-0.729447847E+00 0.119503044E+01-0.717136613E+00 0.120252966E+01
-0.704655677E+00 0.120975494E+01-0.692014171E+00 0.121670882E+01-0.679221365E+00
 0.122338831E+01-0.666283176E+00 0.122978988E+01-0.653205249E+00 0.123591557E+01
-0.639995837E+00 0.124177273E+01-0.626665165E+00 0.124737107E+01-0.613223734E+00
 0.125271840E+01-0.599680471E+00 0.125782286E+01-0.586043803E+00 0.126269626E+01
-0.572322841E+00 0.126735406E+01-0.558527179E+00 0.127181408E+01-0.544666293E+00
 0.127609350E+01-0.530748574E+00 0.128020700E+01-0.516780902E+00 0.128416941E+01
-0.502769608E+00 0.128799689E+01-0.488720841E+00 0.129170699E+01-0.474640611E+00
 0.129531747E+01-0.460534498E+00 0.129884582E+01-0.446407612E+00 0.130231015E+01
-0.432264882E+00 0.130572878E+01-0.418111034E+00 0.130911923E+01-0.403950406E+00
 0.131249196E+01-0.389785546E+00 0.131585297E+01-0.375617900E+00 0.131920953E+01
-0.361449199E+00 0.132257057E+01-0.347281560E+00 0.132594587E+01-0.333117313E+00
 0.132933842E+01-0.318957187E+00 0.133274716E+01-0.304800949E+00 0.133617043E+01
-0.290648219E+00 0.133960526E+01-0.276498290E+00 0.134304654E+01-0.262349926E+00
 0.134648308E+01-0.248200413E+00 0.134990089E+01-0.234046364E+00 0.135328453E+01
-0.219884108E+00 0.135661651E+01-0.205709617E+00 0.135987752E+01-0.191518636E+00
 0.136304829E+01-0.177307230E+00 0.136610697E+01-0.163071292E+00 0.136902792E+01
-0.148806476E+00 0.137178194E+01-0.134508517E+00 0.137433983E+01-0.120174198E+00
 0.137667745E+01-0.105802340E+00 0.137877041E+01-0.913928466E-01 0.138059350E+01
-0.769467635E-01 0.138212137E+01-0.624665136E-01 0.138333431E+01-0.479565100E-01
 0.138422016E+01-0.334228868E-01 0.138476875E+01-0.188726435E-01 0.138497186E+01
-0.431349053E-02 0.138482425E+01 0.102463272E-01 0.138432955E+01 0.247985009E-01
 0.138349751E+01 0.393353051E-01 0.138233985E+01 0.538498274E-01 0.138086986E+01
 0.683360700E-01 0.137910382E+01 0.827892375E-01 0.137706693E+01 0.972067621E-01
 0.137478623E+01 0.111587764E+00 0.137228781E+01 0.125932573E+00 0.136959650E+01
 0.140242468E+00 0.136673827E+01 0.154519984E+00 0.136374281E+01 0.168769359E+00
 0.136063694E+01 0.182995094E+00 0.135744356E+01 0.197201446E+00 0.135418208E+01
 0.211392327E+00 0.135087054E+01 0.225571613E+00 0.134752649E+01 0.239743269E+00
 0.134416546E+01 0.253910910E+00 0.134080143E+01 0.268077840E+00 0.133744704E+01
 0.282247054E+00 0.133410937E+01 0.296420215E+00 0.133079012E+01 0.310597703E+00
 0.132748975E+01 0.324779596E+00 0.132420807E+01 0.338965826E+00 0.132094426E+01
 0.353156178E+00 0.131769054E+01 0.367348849E+00 0.131443584E+01 0.381541294E+00
 0.131117070E+01 0.395731341E+00 0.130788721E+01 0.409917152E+00 0.130457753E+01
 0.424096875E+00 0.130122659E+01 0.438266898E+00 0.129781568E+01 0.452422601E+00
 0.129432583E+01 0.466559043E+00 0.129073835E+01 0.480671013E+00 0.128703496E+01
 0.494753001E+00 0.128319749E+01 0.508799029E+00 0.127920886E+01 0.522802868E+00
 0.127505348E+01 0.536758127E+00 0.127071699E+01 0.550658154E+00 0.126618425E+01
 0.564495413E+00 0.126143758E+01 0.578260730E+00 0.125646006E+01 0.591944246E+00
 0.125123779E+01 0.605536213E+00 0.124576081E+01 0.619027548E+00 0.124002236E+01
 0.632409747E+00 0.123401497E+01 0.645673379E+00 0.122773065E+01 0.658808049E+00
 0.122116512E+01 0.671804432E+00 0.121431977E+01 0.684655632E+00 0.120720017E+01
 0.697356953E+00 0.119980793E+01 0.709901551E+00 0.119214154E+01 0.722280501E+00
 0.118420237E+01 0.734486306E+00 0.117599707E+01 0.746514826E+00 0.116753557E+01
 0.758364543E+00 0.115882629E+01 0.770033362E+00 0.114987377E+01 0.781516621E+00
 0.114068139E+01 0.792808795E+00 0.113125452E+01 0.803905969E+00 0.112160201E+01
 0.814807471E+00 0.111173487E+01 0.825515106E+00 0.110166044E+01 0.836027952E+00
 0.109138021E+01 0.846339628E+00 0.108089411E+01 0.856441883E+00 0.107020381E+01
 0.866327786E+00 0.105931332E+01 0.875992700E+00 0.104822925E+01 0.885435010E+00
 0.103696043E+01 0.894656040E+00 0.102551494E+01 0.903656853E+00 0.101389606E+01
 0.912432687E+00 0.100210389E+01 0.920974233E+00 0.990139928E+00 0.929273425E+00
 0.978009687E+00 0.937327645E+00 0.965721221E+00 0.945138343E+00 0.953284656E+00
 0.952711037E+00 0.940712502E+00 0.960056468E+00 0.928017223E+00 0.967187017E+00
 0.915206623E+00 0.974108251E+00 0.902286142E+00 0.980822136E+00 0.889262546E+00
 0.987333765E+00 0.876143952E+00 0.993651851E+00 0.862938783E+00 0.999786962E+00
 0.849655750E+00 0.100575165E+01 0.836303547E+00 0.101155988E+01 0.822890850E+00
 0.101722704E+01 0.809425988E+00 0.102276915E+01 0.795917561E+00 0.102820425E+01
 0.782374167E+00 0.103355164E+01 0.768802359E+00 0.103882651E+01 0.755205818E+00
 0.104403730E+01 0.741587664E+00 0.104919135E+01 0.727951971E+00 0.105429883E+01
 0.714302346E+00 0.105936896E+01 0.700642470E+00 0.106441141E+01 0.686975399E+00
 0.106943434E+01 0.673304503E+00 0.107444684E+01 0.659632818E+00 0.107945719E+01
 0.645963308E+00 0.108447347E+01 0.632299087E+00 0.108950414E+01 0.618642559E+00
 0.109455565E+01 0.604997372E+00 0.109963771E+01 0.591364618E+00 0.110475303E+01
 0.577748487E+00 0.110991242E+01
 0.156441580E+01 0.156423520E+01 0.173298350E+01 0.167901950E+01 0.134847970E+01
 0.206041340E+01 0.108819530E+01 0.205946000E+01 0.902253030E+00 0.187565310E+01
 0.903668760E+00 0.187424170E+01 0.533866470E+00 0.150285580E+01 0.538010660E+00
 0.149874330E+01 0.332797140E+00 0.129708960E+01 0.332797140E+00 0.109400000E+01
 0.334795920E+00 0.109400000E+01 0.303115250E+00 0.847500000E+00 0.305114030E+00
 0.847500000E+00 0.269135950E+00 0.565000000E+00 0.271134730E+00 0.565000000E+00
 0.260841000E+00 0.495257700E+00 0.260841000E+00-0.507257700E+00 0.271134730E+00
-0.576999960E+00 0.269135950E+00-0.576999960E+00 0.305114030E+00-0.859500000E+00
 0.303115250E+00-0.859500000E+00 0.334795920E+00-0.110600010E+01 0.332797140E+00
-0.110600010E+01 0.332797140E+00-0.130908970E+01 0.538598100E+00-0.150990190E+01
 0.534468950E+00-0.151402960E+01 0.905629600E+00-0.188405800E+01 0.904219000E+00
-0.188547470E+01 0.108819530E+01-0.206614000E+01 0.134847970E+01-0.206518650E+01
 0.173017910E+01-0.168098580E+01 0.156441580E+01-0.156883530E+01 0.137999130E+01
-0.157688300E+01 0.137989190E+01-0.157672700E+01 0.119622210E+01-0.158474990E+01
 0.119631650E+01-0.158489800E+01 0.105537410E+01-0.159104840E+01 0.105528350E+01
-0.159090630E+01 0.947502500E+00-0.159561420E+01 0.905686400E+00-0.159556230E+01
 0.899143000E+00-0.159478470E+01 0.883387860E+00-0.159026430E+01 0.867681200E+00
-0.158087360E+01 0.851322350E+00-0.156766880E+01 0.833481900E+00-0.154624210E+01
 0.826062560E+00-0.152875240E+01 0.822677700E+00-0.151516830E+01 0.821022750E+00
-0.149624060E+01 0.820691350E+00-0.147724350E+01 0.822887360E+00-0.144582030E+01
 0.827573000E+00-0.141923050E+01 0.839194600E+00-0.138728100E+01 0.855244300E+00
-0.135284130E+01 0.877566500E+00-0.132209860E+01 0.899473500E+00-0.130017830E+01
 0.118567730E+01-0.101380000E+01 0.127900000E+01-0.842300000E+00 0.129600000E+01
-0.820200000E+00 0.143300000E+01-0.820200000E+00 0.143300000E+01-0.711000000E+00
 0.149000000E+01-0.491000000E+00 0.146000000E+01-0.491000000E+00 0.146000000E+01
-0.233000000E+00 0.166100000E+01-0.233000000E+00 0.166100000E+01 0.226000000E+00
 0.146000000E+01 0.226000000E+00 0.146000000E+01 0.481000000E+00 0.149300000E+01
 0.481000000E+00 0.147400000E+01 0.554000000E+00 0.143300000E+01 0.711000000E+00
 0.143300000E+01 0.815600000E+00 0.129600000E+01 0.815600000E+00 0.127900000E+01
 0.837699950E+00 0.118567730E+01 0.100920000E+01 0.899473500E+00 0.129557820E+01
 0.877566500E+00 0.131749860E+01 0.855244300E+00 0.134824120E+01 0.839194600E+00
 0.138268090E+01 0.827573000E+00 0.141463040E+01 0.822887360E+00 0.144122030E+01
 0.820691350E+00 0.147264350E+01 0.821022750E+00 0.149164060E+01 0.822677700E+00
 0.151056830E+01 0.826062560E+00 0.152415240E+01 0.833481900E+00 0.154164210E+01
 0.851322350E+00 0.156306870E+01 0.867681200E+00 0.157627360E+01 0.883387860E+00
 0.158566430E+01 0.899143000E+00 0.159018470E+01 0.905686400E+00 0.159096230E+01
 0.947502500E+00 0.159101410E+01 0.105528350E+01 0.158630620E+01 0.105537410E+01
 0.158644830E+01 0.119631650E+01 0.158029800E+01 0.119622210E+01 0.158014990E+01
 0.137989190E+01 0.157212700E+01 0.137999130E+01 0.157228290E+01 0.156441580E+01
 0.156423520E+01
    0
