EFIT++      MAST # 47012 # 580ms                   0  65  65
 0.194000000E+01 0.440000000E+01 0.800000000E+00 0.600000000E-01 0.000000000E+00
 0.946047079E+00 0.657579238E-03-0.655997920E-01 0.355136964E-01-0.653469221E+00
 0.755991728E+06-0.655997920E-01 0.000000000E+00 0.946047079E+00 0.000000000E+00
 0.657579238E-03 0.000000000E+00 0.355136964E-01 0.000000000E+00 0.000000000E+00
-0.613640791E+00-0.610056547E+00-0.606554186E+00-0.603133650E+00-0.599794847E+00
-0.596537647E+00-0.593361887E+00-0.590267364E+00-0.587253838E+00-0.584321030E+00
-0.581468623E+00-0.578696257E+00-0.576003535E+00-0.573390017E+00-0.570855223E+00
-0.568398632E+00-0.566019680E+00-0.563717762E+00-0.561492232E+00-0.559342399E+00
-0.557267535E+00-0.555266868E+00-0.553339584E+00-0.551484829E+00-0.549701710E+00
-0.547989292E+00-0.546346601E+00-0.544772625E+00-0.543266313E+00-0.541826577E+00
-0.540452294E+00-0.539142303E+00-0.537895409E+00-0.536710385E+00-0.535585970E+00
-0.534520872E+00-0.533513767E+00-0.532563305E+00-0.531668104E+00-0.530826759E+00
-0.530037836E+00-0.529299880E+00-0.528611409E+00-0.527970923E+00-0.527376897E+00
-0.526827791E+00-0.526322044E+00-0.525858079E+00-0.525434303E+00-0.525049108E+00
-0.524700873E+00-0.524387964E+00-0.524108738E+00-0.523861538E+00-0.523644700E+00
-0.523456553E+00-0.523295417E+00-0.523159605E+00-0.523047426E+00-0.522957182E+00
-0.522887174E+00-0.522835697E+00-0.522801045E+00-0.522781508E+00-0.522775377E+00
 0.221764587E+05 0.216514062E+05 0.211269434E+05 0.206033162E+05 0.200807702E+05
 0.195595511E+05 0.190399047E+05 0.185220767E+05 0.180063128E+05 0.174928588E+05
 0.169819604E+05 0.164738633E+05 0.159688132E+05 0.154670558E+05 0.149688370E+05
 0.144744023E+05 0.139839976E+05 0.134978685E+05 0.130162609E+05 0.125394203E+05
 0.120675926E+05 0.116010234E+05 0.111399585E+05 0.106846437E+05 0.102353246E+05
 0.979224691E+04 0.935565646E+04 0.892579892E+04 0.850292002E+04 0.808726550E+04
 0.767908107E+04 0.727861246E+04 0.688610540E+04 0.650180562E+04 0.612595883E+04
 0.575881077E+04 0.540060716E+04 0.505159372E+04 0.471201619E+04 0.438212029E+04
 0.406215174E+04 0.375235627E+04 0.345297960E+04 0.316426747E+04 0.288646560E+04
 0.261981971E+04 0.236457552E+04 0.212097878E+04 0.188927519E+04 0.166971049E+04
 0.146253041E+04 0.126798066E+04 0.108630698E+04 0.917755084E+03 0.762570706E+03
 0.620999571E+03 0.493287403E+03 0.379679929E+03 0.280422875E+03 0.195761965E+03
 0.125942927E+03 0.712114849E+02 0.318133661E+02 0.799429583E+01 0.000000000E+00
-0.140804502E+01-0.136819603E+01-0.132891366E+01-0.129019791E+01-0.125204876E+01
-0.121446623E+01-0.117745031E+01-0.114100100E+01-0.110511830E+01-0.106980221E+01
-0.103505274E+01-0.100086988E+01-0.967253630E+00-0.934203993E+00-0.901720968E+00
-0.869804554E+00-0.838454753E+00-0.807671563E+00-0.777454986E+00-0.747805020E+00
-0.718721667E+00-0.690204926E+00-0.662254796E+00-0.634871279E+00-0.608054373E+00
-0.581804080E+00-0.556120399E+00-0.531003329E+00-0.506452872E+00-0.482469027E+00
-0.459051793E+00-0.436201172E+00-0.413917162E+00-0.392199765E+00-0.371048980E+00
-0.350464806E+00-0.330447245E+00-0.310996296E+00-0.292111958E+00-0.273794233E+00
-0.256043120E+00-0.238858618E+00-0.222240729E+00-0.206189451E+00-0.190704786E+00
-0.175786733E+00-0.161435291E+00-0.147650462E+00-0.134432245E+00-0.121780640E+00
-0.109695646E+00-0.981772649E-01-0.872254956E-01-0.768403382E-01-0.670217929E-01
-0.577698596E-01-0.490845383E-01-0.409658290E-01-0.334137317E-01-0.264282464E-01
-0.200093731E-01-0.141571119E-01-0.887146256E-02-0.415242528E-02 0.000000000E+00
-0.332467923E+06-0.332172392E+06-0.331721328E+06-0.331114731E+06-0.330352602E+06
-0.329434940E+06-0.328361745E+06-0.327133018E+06-0.325748758E+06-0.324208965E+06
-0.322513639E+06-0.320662781E+06-0.318656390E+06-0.316494466E+06-0.314177010E+06
-0.311704021E+06-0.309075499E+06-0.306291445E+06-0.303351858E+06-0.300256738E+06
-0.297006085E+06-0.293599900E+06-0.290038182E+06-0.286320931E+06-0.282448148E+06
-0.278419832E+06-0.274235983E+06-0.269896602E+06-0.265401688E+06-0.260751241E+06
-0.255945261E+06-0.250983749E+06-0.245866704E+06-0.240594127E+06-0.235166016E+06
-0.229582373E+06-0.223843197E+06-0.217948489E+06-0.211898248E+06-0.205692474E+06
-0.199331167E+06-0.192814328E+06-0.186141956E+06-0.179314052E+06-0.172330614E+06
-0.165191644E+06-0.157897141E+06-0.150447106E+06-0.142841538E+06-0.135080437E+06
-0.127163803E+06-0.119091637E+06-0.110863938E+06-0.102480706E+06-0.939419421E+05
-0.852476451E+05-0.763978153E+05-0.673924528E+05-0.582315577E+05-0.489151298E+05
-0.394431693E+05-0.298156760E+05-0.200326500E+05-0.100940914E+05 0.000000000E+00
 5.717834834e-05 1.292376710e-04 2.298148827e-04 3.584392459e-04 5.145817607e-04
 6.976324037e-04 9.067306117e-04 1.139958469e-03 1.411413433e-03 1.755886845e-03
 2.140515328e-03 2.564079655e-03 3.039519662e-03 3.565558243e-03 4.148491199e-03
 4.796098025e-03 5.499784423e-03 6.272540814e-03 7.100221768e-03 7.984613853e-03
 8.919592797e-03 9.883513885e-03 1.087876528e-02 1.186943393e-02 1.285132163e-02
 1.380457872e-02 1.471059217e-02 1.558336219e-02 1.639781241e-02 1.717840755e-02
 1.791448117e-02 1.860631572e-02 1.927274717e-02 1.988530832e-02 2.047497774e-02
 2.101574469e-02 2.151427683e-02 2.198184815e-02 2.238806484e-02 2.275720861e-02
 2.306037587e-02 2.331115363e-02 2.350787599e-02 2.362925875e-02 2.370579105e-02
 2.369798153e-02 2.363062683e-02 2.349042065e-02 2.326401928e-02 2.298325927e-02
 2.260520122e-02 2.217209889e-02 2.166240711e-02 2.108412780e-02 2.047620059e-02
 1.981333500e-02 1.916699507e-02 1.853825449e-02 1.796644597e-02 1.752709414e-02
 1.720729788e-02 1.708690147e-02 1.714062513e-02 1.735309315e-02 1.773757264e-02
 6.040765537e-05 1.360705364e-04 2.409159843e-04 3.737988401e-04 5.334979958e-04
 7.188307276e-04 9.287984705e-04 1.165211804e-03 1.439771796e-03 1.788102430e-03
 2.178649790e-03 2.613574987e-03 3.100279711e-03 3.641763248e-03 4.274506446e-03
 4.987270785e-03 5.783620412e-03 6.668010910e-03 7.642281754e-03 8.704102411e-03
 9.845880202e-03 1.105285621e-02 1.229939680e-02 1.354906086e-02 1.475907000e-02
 1.589196685e-02 1.692897517e-02 1.787383656e-02 1.874402231e-02 1.955804380e-02
 2.032836288e-02 2.106083515e-02 2.175678712e-02 2.241507322e-02 2.303345097e-02
 2.360925919e-02 2.413969391e-02 2.462175803e-02 2.505209566e-02 2.542715236e-02
 2.574337956e-02 2.599713765e-02 2.618450052e-02 2.630116074e-02 2.634243132e-02
 2.630325455e-02 2.617830801e-02 2.596209801e-02 2.564912679e-02 2.523412980e-02
 2.471237804e-02 2.408022085e-02 2.333585945e-02 2.248066262e-02 2.152126368e-02
 2.047285410e-02 1.936407126e-02 1.824330251e-02 1.718472620e-02 1.628851441e-02
 1.566572750e-02 1.540315491e-02 1.552390338e-02 1.597559504e-02 1.666307645e-02
 6.657494595e-05 1.491372826e-04 2.621271780e-04 4.031327314e-04 5.697213822e-04
 7.599190129e-04 9.727577709e-04 1.210618849e-03 1.488795817e-03 1.801978627e-03
 2.161356978e-03 2.573618764e-03 3.044765744e-03 3.589411792e-03 4.226916313e-03
 4.975506955e-03 5.844407448e-03 6.844336811e-03 7.983895628e-03 9.267782813e-03
 1.069684487e-02 1.226667222e-02 1.395713926e-02 1.570488425e-02 1.736041952e-02
 1.875398125e-02 1.983543230e-02 2.070296908e-02 2.149573636e-02 2.227464079e-02
 2.304722158e-02 2.380537323e-02 2.453890581e-02 2.523905887e-02 2.589902793e-02
 2.651366423e-02 2.707897588e-02 2.759162342e-02 2.804848082e-02 2.844628722e-02
 2.878137934e-02 2.904948298e-02 2.924555874e-02 2.936370715e-02 2.939713186e-02
 2.933814875e-02 2.917822162e-02 2.890800144e-02 2.851734707e-02 2.799531012e-02
 2.733007974e-02 2.650890966e-02 2.551810445e-02 2.434325625e-02 2.297017100e-02
 2.138746897e-02 1.959306479e-02 1.760939522e-02 1.551735305e-02 1.352247364e-02
 1.202632757e-02 1.150718331e-02 1.210032089e-02 1.345465281e-02 1.511931912e-02
 7.908608139e-05 1.756389574e-04 3.050208268e-04 4.619738495e-04 6.409477923e-04
 8.368847626e-04 1.046050023e-03 1.269110747e-03 1.514167972e-03 1.778166615e-03
 2.071039683e-03 2.406932808e-03 2.801029613e-03 3.276740466e-03 3.862659268e-03
 4.589803328e-03 5.487825914e-03 6.581042417e-03 7.885600065e-03 9.409672044e-03
 1.115929657e-02 1.315517616e-02 1.544932264e-02 1.822254289e-02 2.110652453e-02
 2.288418853e-02 2.354252487e-02 2.372270908e-02 2.434846096e-02 2.513182848e-02
 2.596551363e-02 2.679975127e-02 2.760789815e-02 2.837493342e-02 2.909243176e-02
 2.975586920e-02 3.036292812e-02 3.091230515e-02 3.140282129e-02 3.183274799e-02
 3.219930919e-02 3.249833776e-02 3.272407203e-02 3.286907719e-02 3.292427012e-02
 3.287901507e-02 3.272124466e-02 3.243754732e-02 3.201314920e-02 3.143170588e-02
 3.067480205e-02 2.972102918e-02 2.854445730e-02 2.711221239e-02 2.538067203e-02
 2.328942176e-02 2.075144501e-02 1.763684373e-02 1.374508268e-02 8.751641348e-03
 1.171071989e-03-3.718263541e-04 5.207552336e-03 1.019494806e-02 1.393948952e-02
 1.048978529e-04 2.304986171e-04 3.942108734e-04 5.850572606e-04 7.911099776e-04
 1.000831729e-03 1.204451834e-03 1.397653312e-03 1.582642904e-03 1.754781352e-03
 1.920301111e-03 2.096307103e-03 2.303763422e-03 2.578281749e-03 2.971901043e-03
 3.550712660e-03 4.384881702e-03 5.530443941e-03 7.011337934e-03 8.813439151e-03
 1.089436556e-02 1.319944849e-02 1.566700354e-02 1.820029427e-02 2.059731237e-02
 2.262988512e-02 2.424923034e-02 2.559878145e-02 2.682557641e-02 2.798091377e-02
 2.906968446e-02 3.008598047e-02 3.102488800e-02 3.188503400e-02 3.266832939e-02
 3.337893246e-02 3.402205658e-02 3.460283485e-02 3.512532552e-02 3.559169621e-02
 3.600160825e-02 3.635181641e-02 3.663599393e-02 3.684478292e-02 3.696605166e-02
 3.698531508e-02 3.688624488e-02 3.665116656e-02 3.626141653e-02 3.569741569e-02
 3.493830280e-02 3.396095041e-02 3.273813090e-02 3.123546194e-02 2.940644419e-02
 2.718420929e-02 2.446704644e-02 2.109110869e-02 1.677388395e-02 1.097394097e-02
 2.800919809e-03 7.655167782e-04 7.084844342e-03 1.272675762e-02 1.676032769e-02
 1.577070367e-04 3.432236001e-04 5.786811047e-04 8.421820849e-04 1.109800979e-03
 1.358206159e-03 1.567002296e-03 1.720915400e-03 1.824349513e-03 1.857919358e-03
 1.823384993e-03 1.727240781e-03 1.579786011e-03 1.407826140e-03 1.284022580e-03
 1.358440566e-03 1.859124567e-03 2.999128152e-03 4.840131139e-03 7.253532620e-03
 1.001501717e-02 1.292501697e-02 1.584636018e-02 1.868351330e-02 2.136158666e-02
 2.382513533e-02 2.604705929e-02 2.802907512e-02 2.978928634e-02 3.134851008e-02
 3.272469813e-02 3.393375261e-02 3.499179749e-02 3.591642961e-02 3.672664997e-02
 3.744193861e-02 3.808096995e-02 3.866029233e-02 3.919313108e-02 3.968838089e-02
 4.014982811e-02 4.057565602e-02 4.095830283e-02 4.128473689e-02 4.153717796e-02
 4.169423173e-02 4.173233063e-02 4.162730141e-02 4.135582729e-02 4.089655862e-02
 4.023066845e-02 3.934175242e-02 3.821512398e-02 3.683674463e-02 3.519228991e-02
 3.326735668e-02 3.105107139e-02 2.854875110e-02 2.581863474e-02 2.307152392e-02
 2.087367131e-02 2.006250406e-02 2.078687258e-02 2.235292877e-02 2.413617984e-02
 2.637460830e-04 5.704532205e-04 9.524609310e-04 1.366676252e-03 1.765910097e-03
 2.104747035e-03 2.345462438e-03 2.465055643e-03 2.456681958e-03 2.313586395e-03
 2.036260405e-03 1.615045951e-03 1.009779795e-03 1.244810257e-04-1.191755477e-03
-2.976048646e-03-4.292895817e-03-3.334002319e-03 6.253139900e-05 4.790032798e-03
 9.278750549e-03 1.336659762e-02 1.712445765e-02 2.060534276e-02 2.383060057e-02
 2.679991540e-02 2.950205834e-02 3.192336464e-02 3.405386712e-02 3.589165146e-02
 3.744567159e-02 3.873667009e-02 3.979589153e-02 4.066197330e-02 4.137702161e-02
 4.198291407e-02 4.251840996e-02 4.301710240e-02 4.350592046e-02 4.400385957e-02
 4.452080113e-02 4.505653169e-02 4.560025318e-02 4.613090978e-02 4.661854973e-02
 4.702676003e-02 4.731601859e-02 4.744761521e-02 4.738759999e-02 4.711008771e-02
 4.659930528e-02 4.585010260e-02 4.486718460e-02 4.366385253e-02 4.226138039e-02
 4.069025947e-02 3.899447231e-02 3.723949545e-02 3.552277283e-02 3.397948356e-02
 3.276641239e-02 3.201012673e-02 3.174852219e-02 3.192941233e-02 3.242214219e-02
 4.719114999e-04 1.019528694e-03 1.696665928e-03 2.417814123e-03 3.086452582e-03
 3.609362969e-03 3.912623173e-03 3.956916538e-03 3.749341072e-03 3.325862875e-03
 2.765917721e-03 2.143156428e-03 1.463288751e-03 5.794929814e-04-8.265140056e-04
-3.282948364e-03-5.831343129e-03-4.820627739e-03-2.183634429e-04 6.314905751e-03
 1.160786593e-02 1.625333558e-02 2.050274045e-02 2.447185560e-02 2.820165279e-02
 3.168532773e-02 3.488353703e-02 3.773857056e-02 4.019200092e-02 4.220451340e-02
 4.377157261e-02 4.492808611e-02 4.574057670e-02 4.629215504e-02 4.666798042e-02
 4.694599744e-02 4.719331663e-02 4.746598142e-02 4.780945072e-02 4.825793797e-02
 4.883201915e-02 4.953522827e-02 5.035119907e-02 5.124285638e-02 5.215437048e-02
 5.301580778e-02 5.375018033e-02 5.428258951e-02 5.455057094e-02 5.451347467e-02
 5.415791422e-02 5.349732245e-02 5.256626469e-02 5.141249437e-02 5.009011163e-02
 4.865573877e-02 4.716771031e-02 4.568686980e-02 4.427678508e-02 4.300099918e-02
 4.191583643e-02 4.105702947e-02 4.047972864e-02 4.014231288e-02 4.000622154e-02
 8.635269386e-04 1.880248364e-03 3.154488680e-03 4.517860444e-03 5.754774920e-03
 6.645390875e-03 7.028767838e-03 6.833531185e-03 6.063872090e-03 4.776803850e-03
 3.319443607e-03 2.373414925e-03 2.282816625e-03 2.903921446e-03 3.658042611e-03
 4.471690984e-03 5.652540481e-03 7.566228057e-03 1.035259492e-02 1.384456519e-02
 1.774256098e-02 2.183157712e-02 2.601180208e-02 3.023839398e-02 3.446966353e-02
 3.863138669e-02 4.259107337e-02 4.615123122e-02 4.908441566e-02 5.121563351e-02
 5.250586573e-02 5.307003595e-02 5.311558763e-02 5.285726982e-02 5.246672577e-02
 5.206550469e-02 5.173980709e-02 5.155850045e-02 5.158572727e-02 5.188379190e-02
 5.250439954e-02 5.347175727e-02 5.476728505e-02 5.632464820e-02 5.803540472e-02
 5.975880532e-02 6.133199460e-02 6.258591285e-02 6.337414769e-02 6.360970788e-02
 6.328935509e-02 6.248697352e-02 6.131984297e-02 5.991089479e-02 5.836577680e-02
 5.676680038e-02 5.517633393e-02 5.364255397e-02 5.220388567e-02 5.089104011e-02
 4.972694138e-02 4.872658822e-02 4.792101093e-02 4.728721766e-02 4.679437665e-02
 1.519349733e-03 3.385182026e-03 5.865753868e-03 8.719612839e-03 1.140173278e-02
 1.305352174e-02 1.330220613e-02 1.246843884e-02 1.077207090e-02 8.061287588e-03
 4.513005828e-03 2.810060334e-03 3.506976777e-03 6.523248282e-03 8.863097372e-03
 1.086489790e-02 1.288317412e-02 1.513768237e-02 1.775148131e-02 2.076995762e-02
 2.419025287e-02 2.799642398e-02 3.218440026e-02 3.676992284e-02 4.177940340e-02
 4.721460459e-02 5.295426468e-02 5.853494384e-02 6.298087517e-02 6.531269393e-02
 6.534477644e-02 6.386227939e-02 6.184919133e-02 5.988773369e-02 5.815768393e-02
 5.669513259e-02 5.549828924e-02 5.456528987e-02 5.396388168e-02 5.382977894e-02
 5.436730808e-02 5.572678055e-02 5.790130916e-02 6.073770180e-02 6.399952999e-02
 6.744426436e-02 7.077507396e-02 7.357130880e-02 7.534894634e-02 7.578512785e-02
 7.494742506e-02 7.324139838e-02 7.112144667e-02 6.889403570e-02 6.671382755e-02
 6.464949779e-02 6.272763516e-02 6.095795214e-02 5.934407359e-02 5.788618829e-02
 5.658341472e-02 5.543427138e-02 5.445282597e-02 5.361618093e-02 5.291183512e-02
 2.349733091e-03 5.367978913e-03 9.715381850e-03 1.561567442e-02 2.303302380e-02
 2.613850093e-02 2.348378207e-02 2.092329100e-02 1.865642368e-02 1.646791634e-02
 1.457225976e-02 1.348890020e-02 1.350177846e-02 1.444172891e-02 1.581664746e-02
 1.741089344e-02 1.921764686e-02 2.128424608e-02 2.366426616e-02 2.640560481e-02
 2.955285693e-02 3.315748741e-02 3.729340572e-02 4.207951436e-02 4.771823666e-02
 5.457719196e-02 6.340193612e-02 7.605620398e-02 8.835302608e-02 9.143322641e-02
 8.473452899e-02 7.500459350e-02 6.916917711e-02 6.517519203e-02 6.221837161e-02
 5.988398892e-02 5.790623988e-02 5.607151883e-02 5.417932356e-02 5.222324919e-02
 5.167093693e-02 5.358143951e-02 5.785088416e-02 6.347776216e-02 6.936617952e-02
 7.574186927e-02 8.296957185e-02 9.062003132e-02 9.570223546e-02 9.571437257e-02
 9.083523761e-02 8.534146997e-02 8.087979403e-02 7.725070455e-02 7.421724172e-02
 7.161955548e-02 6.935468661e-02 6.735506429e-02 6.557876964e-02 6.399399450e-02
 6.258232726e-02 6.132983351e-02 6.022396146e-02 5.924446359e-02 5.836840913e-02
 3.047051160e-03 6.979548042e-03 1.265523318e-02 2.025739572e-02 2.932037768e-02
 3.312824908e-02 3.021217287e-02 2.758126871e-02 2.556962219e-02 2.397737728e-02
 2.277704118e-02 2.199951452e-02 2.169969000e-02 2.187417531e-02 2.247421282e-02
 2.344488321e-02 2.475206003e-02 2.638626888e-02 2.835636022e-02 3.068353918e-02
 3.339908166e-02 3.654587263e-02 4.018320694e-02 4.439427871e-02 4.929474752e-02
 5.503304826e-02 6.173033800e-02 6.908182180e-02 7.515442726e-02 7.753177366e-02
 7.582199766e-02 7.204821257e-02 6.842389338e-02 6.545621513e-02 6.306586945e-02
 6.108827270e-02 5.934953048e-02 5.765056947e-02 5.570925629e-02 5.314030426e-02
 5.206099532e-02 5.418717203e-02 5.974474184e-02 6.647921395e-02 7.307585405e-02
 8.019879718e-02 8.865944508e-02 9.941117664e-02 1.056897402e-01 1.051241719e-01
 9.773731697e-02 9.113397787e-02 8.629108760e-02 8.251256720e-02 7.941999656e-02
 7.680140808e-02 7.453159572e-02 7.253265898e-02 7.075382554e-02 6.916051051e-02
 6.772800250e-02 6.643752086e-02 6.527360089e-02 6.422273287e-02 6.327711486e-02
 3.485418387e-03 7.944173141e-03 1.428836360e-02 2.259635883e-02 3.228167698e-02
 3.641813474e-02 3.322932264e-02 3.149382108e-02 3.022172960e-02 2.914479112e-02
 2.827083377e-02 2.765089412e-02 2.731894721e-02 2.729374238e-02 2.758031690e-02
 2.817575931e-02 2.907559922e-02 3.027808536e-02 3.178581990e-02 3.360555929e-02
 3.574702711e-02 3.822091291e-02 4.103528481e-02 4.418837576e-02 4.765386194e-02
 5.135287033e-02 5.510986456e-02 5.861252779e-02 6.144456104e-02 6.326964505e-02
 6.400439219e-02 6.386159534e-02 6.320823546e-02 6.236223778e-02 6.152187487e-02
 6.078846211e-02 6.021202643e-02 5.983570079e-02 5.974678068e-02 6.013613629e-02
 6.129571472e-02 6.345720821e-02 6.662598550e-02 7.057712526e-02 7.500913976e-02
 7.965448750e-02 8.419031285e-02 8.808494033e-02 9.065321782e-02 9.145917434e-02
 9.065328663e-02 8.883820737e-02 8.661348864e-02 8.432912716e-02 8.213658820e-02
 8.008861716e-02 7.819661436e-02 7.645611066e-02 7.485720427e-02 7.338866732e-02
 7.203945202e-02 7.079913824e-02 6.965798097e-02 6.860691879e-02 6.764184794e-02
 3.746983967e-03 8.512513211e-03 1.524127438e-02 2.396833795e-02 3.401654368e-02
 3.843422373e-02 3.578528531e-02 3.445491780e-02 3.357431766e-02 3.277444531e-02
 3.210183907e-02 3.158873988e-02 3.126220985e-02 3.114337085e-02 3.124740515e-02
 3.158450298e-02 3.216125811e-02 3.298190555e-02 3.404896282e-02 3.536306190e-02
 3.692187344e-02 3.871799583e-02 4.073558653e-02 4.294551012e-02 4.529914661e-02
 4.772217893e-02 5.011195933e-02 5.234448912e-02 5.429600014e-02 5.587408791e-02
 5.706047916e-02 5.788785500e-02 5.844313336e-02 5.883806586e-02 5.918046161e-02
 5.956486484e-02 6.007384344e-02 6.078533189e-02 6.177987525e-02 6.314059734e-02
 6.493968689e-02 6.721306735e-02 6.993608926e-02 7.301428245e-02 7.629023043e-02
 7.955647208e-02 8.257014109e-02 8.507954380e-02 8.687304502e-02 8.783872409e-02
 8.799918686e-02 8.749282992e-02 8.651253934e-02 8.524318708e-02 8.382815592e-02
 8.236451631e-02 8.091207986e-02 7.950490941e-02 7.816066706e-02 7.688705706e-02
 7.568592969e-02 7.455578724e-02 7.349327549e-02 7.249388756e-02 7.154332874e-02
 3.919482023e-03 8.890010090e-03 1.588275086e-02 2.491267762e-02 3.530020307e-02
 4.008466290e-02 3.765611875e-02 3.665500235e-02 3.600098321e-02 3.538920502e-02
 3.484098812e-02 3.438297245e-02 3.403985164e-02 3.383317681e-02 3.378083657e-02
 3.389697012e-02 3.419212654e-02 3.467345268e-02 3.534471450e-02 3.620601116e-02
 3.725310616e-02 3.847636891e-02 3.985940965e-02 4.137763927e-02 4.299721767e-02
 4.467514212e-02 4.636141173e-02 4.800398364e-02 4.955633504e-02 5.098598114e-02
 5.228081058e-02 5.345214771e-02 5.453757405e-02 5.557813517e-02 5.662760043e-02
 5.774053266e-02 5.898022643e-02 6.040106512e-02 6.205527868e-02 6.398596210e-02
 6.621826743e-02 6.876397091e-02 7.160663651e-02 7.469152721e-02 7.791112412e-02
 8.108364750e-02 8.395634514e-02 8.628448696e-02 8.790395765e-02 8.875156131e-02
 8.887613048e-02 8.843757902e-02 8.763925666e-02 8.663789416e-02 8.553186814e-02
 8.438172588e-02 8.322500884e-02 8.208463001e-02 8.097395310e-02 7.990010951e-02
 7.886622406e-02 7.787290547e-02 7.691923471e-02 7.600360645e-02 7.513250784e-02
 4.053664731e-03 9.186657742e-03 1.639352683e-02 2.567537589e-02 3.634595717e-02
 4.142284400e-02 3.924643569e-02 3.840634317e-02 3.791277430e-02 3.739757998e-02
 3.688893323e-02 3.641518168e-02 3.600255450e-02 3.567404076e-02 3.544907196e-02
 3.534356269e-02 3.537005313e-02 3.553782307e-02 3.585290455e-02 3.631794600e-02
 3.693194157e-02 3.768988532e-02 3.858245107e-02 3.959585348e-02 4.071209551e-02
 4.190982417e-02 4.316595499e-02 4.445803567e-02 4.576710161e-02 4.708052738e-02
 4.839424291e-02 4.971377377e-02 5.105407364e-02 5.243923241e-02 5.389780643e-02
 5.546097820e-02 5.716627946e-02 5.904977645e-02 6.114652449e-02 6.348848005e-02
 6.610281947e-02 6.901688254e-02 7.225800794e-02 7.585821852e-02 7.987087322e-02
 8.446857773e-02 8.866504698e-02 9.169736496e-02 9.341853541e-02 9.373668607e-02
 9.266959516e-02 9.091720114e-02 8.955614465e-02 8.837461208e-02 8.729845019e-02
 8.628949572e-02 8.532634257e-02 8.439673790e-02 8.349347746e-02 8.261212282e-02
 8.174975452e-02 8.090430811e-02 8.007422565e-02 7.925813848e-02 7.844873479e-02
 4.176739938e-03 9.463597643e-03 1.688211672e-02 2.642653622e-02 3.736520834e-02
 4.267004722e-02 4.081273543e-02 4.013489123e-02 3.967326279e-02 3.912103144e-02
 3.853116494e-02 3.794206723e-02 3.738257268e-02 3.687552877e-02 3.643968933e-02
 3.609068525e-02 3.584153675e-02 3.570293570e-02 3.568340042e-02 3.578917799e-02
 3.602405413e-02 3.638920821e-02 3.688315149e-02 3.750181039e-02 3.823883320e-02
 3.908621032e-02 4.003531301e-02 4.107795677e-02 4.220749558e-02 4.341993156e-02
 4.471484808e-02 4.609601069e-02 4.757147695e-02 4.915324860e-02 5.085664015e-02
 5.269963742e-02 5.470233519e-02 5.688648886e-02 5.927557448e-02 6.189574173e-02
 6.477782490e-02 6.796022444e-02 7.149373853e-02 7.545296866e-02 7.995546110e-02
 8.513390953e-02 8.982518259e-02 9.306464980e-02 9.485584257e-02 9.515114185e-02
 9.388947758e-02 9.198620399e-02 9.060063019e-02 8.953954799e-02 8.866469164e-02
 8.789536059e-02 8.718348344e-02 8.649999629e-02 8.582727983e-02 8.515477880e-02
 8.447638337e-02 8.378882330e-02 8.309066275e-02 8.238168048e-02 8.166452936e-02
 4.295232302e-03 9.736659357e-03 1.738257924e-02 2.724325569e-02 3.866252535e-02
 4.468702935e-02 4.345912583e-02 4.239839848e-02 4.154879987e-02 4.071254884e-02
 3.988207834e-02 3.906764382e-02 3.828192804e-02 3.753801744e-02 3.684875919e-02
 3.622647638e-02 3.568283619e-02 3.522880253e-02 3.487561507e-02 3.463387012e-02
 3.451269738e-02 3.451963617e-02 3.466051194e-02 3.493932481e-02 3.535813377e-02
 3.591686655e-02 3.661585176e-02 3.745553864e-02 3.843599122e-02 3.955737258e-02
 4.082047986e-02 4.222754888e-02 4.378228578e-02 4.548960586e-02 4.735546980e-02
 4.938667372e-02 5.159054138e-02 5.397469761e-02 5.654713753e-02 5.931733351e-02
 6.230218490e-02 6.554616979e-02 6.908095425e-02 7.290253073e-02 7.703010712e-02
 8.144553491e-02 8.552362435e-02 8.855372469e-02 9.042808473e-02 9.101911997e-02
 9.078711571e-02 9.046948634e-02 9.012250115e-02 8.980091257e-02 8.949492810e-02
 8.918729559e-02 8.886192315e-02 8.850664029e-02 8.811339977e-02 8.767768135e-02
 8.719773231e-02 8.667385886e-02 8.610782872e-02 8.550250905e-02 8.486773640e-02
 4.394835354e-03 9.966973813e-03 1.780639906e-02 2.793697859e-02 3.968889126e-02
 4.614028126e-02 4.548842671e-02 4.419385968e-02 4.302793236e-02 4.189760942e-02
 4.079906746e-02 3.972683562e-02 3.868203952e-02 3.767006967e-02 3.669885050e-02
 3.577781402e-02 3.491731330e-02 3.413051613e-02 3.343185727e-02 3.283575453e-02
 3.235631741e-02 3.200708368e-02 3.180077416e-02 3.174906930e-02 3.186242125e-02
 3.214993359e-02 3.261939103e-02 3.327702773e-02 3.412709090e-02 3.517122909e-02
 3.640746805e-02 3.783672967e-02 3.946012372e-02 4.127671923e-02 4.328454389e-02
 4.548107044e-02 4.786245569e-02 5.042292381e-02 5.315344324e-02 5.603891395e-02
 5.904929609e-02 6.221823529e-02 6.569996940e-02 6.928481803e-02 7.288450220e-02
 7.637204577e-02 7.958946606e-02 8.238726648e-02 8.467298205e-02 8.643617140e-02
 8.774584984e-02 8.870896011e-02 8.942018758e-02 8.994289069e-02 9.031409955e-02
 9.055440243e-02 9.067552175e-02 9.068508319e-02 9.058928459e-02 9.039422212e-02
 9.010642802e-02 8.973297694e-02 8.928137314e-02 8.875914797e-02 8.816208674e-02
 4.460486986e-03 1.011540161e-02 1.806932831e-02 2.834140397e-02 4.024862510e-02
 4.684009320e-02 4.627729009e-02 4.499262303e-02 4.372000709e-02 4.243349838e-02
 4.113735601e-02 3.983786698e-02 3.854134440e-02 3.725501788e-02 3.598731355e-02
 3.474785304e-02 3.355019938e-02 3.241102596e-02 3.134820291e-02 3.038049749e-02
 2.952725594e-02 2.880806262e-02 2.824237661e-02 2.784914833e-02 2.764642130e-02
 2.765092366e-02 2.787764554e-02 2.833937510e-02 2.904620088e-02 3.000501792e-02
 3.121911010e-02 3.268800256e-02 3.440633808e-02 3.636200286e-02 3.854249474e-02
 4.093980341e-02 4.354154847e-02 4.633356371e-02 4.929896759e-02 5.241791465e-02
 5.566723670e-02 5.901687712e-02 6.239014240e-02 6.598299997e-02 6.959264054e-02
 7.305547180e-02 7.632158937e-02 7.933179604e-02 8.203983859e-02 8.442155119e-02
 8.647560757e-02 8.821757355e-02 8.967125313e-02 9.086164588e-02 9.181137716e-02
 9.253996622e-02 9.306449966e-02 9.340063218e-02 9.356339010e-02 9.356762736e-02
 9.342816795e-02 9.315973198e-02 9.277674983e-02 9.229332706e-02 9.173117865e-02
 4.492331168e-03 1.018509383e-02 1.818688790e-02 2.851052523e-02 4.050225913e-02
 4.720006711e-02 4.651234941e-02 4.519453824e-02 4.383510103e-02 4.241254905e-02
 4.093831074e-02 3.942289433e-02 3.787615459e-02 3.630789196e-02 3.472832810e-02
 3.315127398e-02 3.159508158e-02 3.008007878e-02 2.862843614e-02 2.726394366e-02
 2.601170177e-02 2.489773204e-02 2.394851281e-02 2.319044674e-02 2.264926936e-02
 2.234940951e-02 2.231331368e-02 2.256074559e-02 2.310807823e-02 2.396759838e-02
 2.514684047e-02 2.664794650e-02 2.846700271e-02 3.059345262e-02 3.300986761e-02
 3.569081895e-02 3.860169857e-02 4.172538089e-02 4.503929283e-02 4.851887998e-02
 5.213725660e-02 5.586524471e-02 5.967148647e-02 6.351852951e-02 6.735493904e-02
 7.111922454e-02 7.475129136e-02 7.819744682e-02 8.141213445e-02 8.435940259e-02
 8.701366920e-02 8.935937939e-02 9.138982215e-02 9.310566193e-02 9.451361391e-02
 9.562539349e-02 9.645685057e-02 9.702714375e-02 9.735786664e-02 9.747212461e-02
 9.739361897e-02 9.714581378e-02 9.675124451e-02 9.623091420e-02 9.560101860e-02
 4.498694275e-03 1.019725325e-02 1.820281440e-02 2.852355191e-02 4.045445408e-02
 4.701747443e-02 4.642107706e-02 4.503305383e-02 4.355337493e-02 4.197404389e-02
 4.030641794e-02 3.856103142e-02 3.674822451e-02 3.487845736e-02 3.296492657e-02
 3.102685465e-02 2.908602285e-02 2.716683064e-02 2.529623645e-02 2.350357049e-02
 2.182021899e-02 2.027918074e-02 1.891450079e-02 1.776059099e-02 1.685145195e-02
 1.621981626e-02 1.589623684e-02 1.590814778e-02 1.627892622e-02 1.702698354e-02
 1.816490964e-02 1.969868856e-02 2.162699355e-02 2.394057571e-02 2.662174242e-02
 2.964386319e-02 3.297100625e-02 3.655787524e-02 4.035808656e-02 4.434515536e-02
 4.848973571e-02 5.275949806e-02 5.711817269e-02 6.152455107e-02 6.593196248e-02
 7.028887593e-02 7.454056155e-02 7.863119547e-02 8.250604203e-02 8.611370411e-02
 8.940845947e-02 9.235257429e-02 9.491836968e-02 9.708975103e-02 9.886291410e-02
 1.002460375e-01 1.012579480e-01 1.019259508e-01 1.022831795e-01 1.023658735e-01
 1.022109413e-01 1.018540356e-01 1.013282220e-01 1.006631561e-01 9.988398038e-02
 4.487800589e-03 1.017094003e-02 1.815181490e-02 2.843580666e-02 4.034280162e-02
 4.690197955e-02 4.612117068e-02 4.462184514e-02 4.298927499e-02 4.122542907e-02
 3.933896370e-02 3.733886429e-02 3.523436117e-02 3.303613501e-02 3.076271173e-02
 2.843578225e-02 2.608040491e-02 2.372510822e-02 2.140186052e-02 1.914588947e-02
 1.699533825e-02 1.499075223e-02 1.317439769e-02 1.158942275e-02 1.027888013e-02
 9.284640002e-03 8.646228991e-03 8.399636903e-03 8.576135246e-03 9.201150617e-03
 1.029323110e-02 1.186313527e-02 1.391306330e-02 1.643603723e-02 1.941542560e-02
 2.282459407e-02 2.662666527e-02 3.077435359e-02 3.520987843e-02 3.986324099e-02
 4.470362055e-02 4.970009702e-02 5.481800129e-02 6.001763339e-02 6.525307751e-02
 7.047123044e-02 7.561124221e-02 8.060464888e-02 8.537659880e-02 8.984862615e-02
 9.394325046e-02 9.759019203e-02 1.007333066e-01 1.033367739e-01 1.053889733e-01
 1.069029788e-01 1.079135370e-01 1.084713768e-01 1.086363362e-01 1.084708418e-01
 1.080348162e-01 1.073824156e-01 1.065604546e-01 1.056082546e-01 1.045656448e-01
 4.465703859e-03 1.011971536e-02 1.805758715e-02 2.828264792e-02 4.010435737e-02
 4.654861982e-02 4.566920795e-02 4.403378811e-02 4.222377554e-02 4.025018878e-02
 3.811956033e-02 3.583867179e-02 3.341475045e-02 3.086294494e-02 2.820310832e-02
 2.545911015e-02 2.265912058e-02 1.983577026e-02 1.702615704e-02 1.427167155e-02
 1.161762007e-02 9.112632106e-03 6.807850297e-03 4.755913766e-03 3.009758966e-03
 1.621275917e-03 6.398693227e-04 1.109828536e-04 7.464924110e-05 5.641279386e-04
 1.604685624e-03 3.212563083e-03 5.394155665e-03 8.145415664e-03 1.145146424e-02
 1.528638111e-02 1.961312299e-02 2.438350714e-02 2.953816344e-02 3.500636538e-02
 4.070608560e-02 4.660779044e-02 5.268497778e-02 5.890565256e-02 6.522967277e-02
 7.160538521e-02 7.796568526e-02 8.422407276e-02 9.027205156e-02 9.598017680e-02
 1.012054626e-01 1.058065188e-01 1.096643075e-01 1.127026983e-01 1.149019301e-01
 1.163003542e-01 1.169839675e-01 1.170675903e-01 1.166743225e-01 1.159193791e-01
 1.149010088e-01 1.136977221e-01 1.123694748e-01 1.109604050e-01 1.094899768e-01
 4.436665854e-03 1.005304432e-02 1.793653648e-02 2.808888755e-02 3.979852797e-02
 4.608139446e-02 4.514107558e-02 4.332913938e-02 4.132262292e-02 3.911986242e-02
 3.672452377e-02 3.414061497e-02 3.137725519e-02 2.845087461e-02 2.538234454e-02
 2.219746471e-02 1.892734625e-02 1.560865351e-02 1.228366438e-02 9.000112283e-03
 5.810779527e-03 2.772822087e-03-5.318018577e-05-2.604436944e-03-4.817394699e-03
-6.629369740e-03-7.980301378e-03-8.814547439e-03-9.082636941e-03-8.742895231e-03
-7.762864939e-03-6.120461791e-03-3.804826020e-03-8.168561536e-04 2.830560513e-03
 7.112579500e-03 1.199262743e-02 1.742274115e-02 2.334392109e-02 2.968638647e-02
 3.636958082e-02 4.331443450e-02 5.051197140e-02 5.795074242e-02 6.561304666e-02
 7.346901151e-02 8.146730566e-02 8.952116470e-02 9.748954210e-02 1.051579878e-01
 1.122344966e-01 1.183832287e-01 1.232993212e-01 1.267898281e-01 1.288230491e-01
 1.295332579e-01 1.291786207e-01 1.280634535e-01 1.264627343e-01 1.245845906e-01
 1.225696758e-01 1.205064480e-01 1.184476389e-01 1.164231420e-01 1.144559179e-01
 4.403825386e-03 9.977893037e-03 1.780071687e-02 2.787296843e-02 3.952954643e-02
 4.579128478e-02 4.453820286e-02 4.255968654e-02 4.034565411e-02 3.790189640e-02
 3.522937614e-02 3.233000225e-02 2.921548281e-02 2.590215007e-02 2.241161107e-02
 1.877134962e-02 1.501522399e-02 1.118380707e-02 7.324516439e-03 3.491485716e-03
-2.548644146e-04-3.848583919e-03-7.219291139e-03-1.029359988e-02-1.299684077e-02
-1.525501673e-02-1.699690956e-02-1.815623642e-02-1.867374523e-02-1.849913668e-02
-1.759271082e-02-1.592665548e-02-1.348592158e-02-1.026866359e-02-6.286257225e-03
-1.562939465e-03 3.864857424e-03 9.949385947e-03 1.663257100e-02 2.384698982e-02
 3.151672200e-02 3.955786590e-02 4.793641711e-02 5.667880917e-02 6.581645754e-02
 7.538373378e-02 8.541173678e-02 9.591258667e-02 1.068406756e-01 1.179945561e-01
 1.288008743e-01 1.381902480e-01 1.451357713e-01 1.490976506e-01 1.500144110e-01
 1.483475867e-01 1.450687739e-01 1.412063063e-01 1.373259527e-01 1.336432677e-01
 1.302216228e-01 1.270637428e-01 1.241491477e-01 1.214500034e-01 1.189380624e-01
 4.369717782e-03 9.899934392e-03 1.766007372e-02 2.764952141e-02 3.915561082e-02
 4.519419721e-02 4.393896402e-02 4.177291501e-02 3.934853515e-02 3.666136739e-02
 3.370886546e-02 3.049447665e-02 2.702919093e-02 2.332916850e-02 1.941658465e-02
 1.532039875e-02 1.107699901e-02 6.730665449e-03 2.333789060e-03-2.053212987e-03
-6.362339029e-03-1.051883984e-02-1.444246831e-02-1.804913241e-02-2.125291109e-02
-2.396836073e-02-2.611300954e-02-2.760991382e-02-2.839013567e-02-2.839499969e-02
-2.757799787e-02-2.590623611e-02-2.336135022e-02-1.993985988e-02-1.565297079e-02
-1.052587186e-02-4.596602017e-03 2.085426525e-03 9.461167371e-03 1.746388900e-02
 2.602133858e-02 3.505824242e-02 4.449950243e-02 5.440047051e-02 6.484762995e-02
 7.596088000e-02 8.790777558e-02 1.009270006e-01 1.153713177e-01 1.318083775e-01
 1.514183889e-01 1.684636419e-01 1.795093047e-01 1.838529963e-01 1.812743385e-01
 1.729108265e-01 1.617472849e-01 1.533000761e-01 1.465302182e-01 1.409340761e-01
 1.361986916e-01 1.321112299e-01 1.285208411e-01 1.253177825e-01 1.224166984e-01
 4.336553253e-03 9.824158671e-03 1.752346287e-02 2.743287317e-02 3.884811217e-02
 4.478841262e-02 4.335306504e-02 4.101224351e-02 3.838543750e-02 3.546406038e-02
 3.224254987e-02 2.872597674e-02 2.492425835e-02 2.085311374e-02 1.653502802e-02
 1.200016065e-02 7.287130140e-03 2.443602080e-03-2.473395847e-03-7.397506654e-03
-1.225349102e-02-1.695813841e-02-2.142166757e-02-2.554960938e-02-2.924512708e-02
-3.241168942e-02-3.495597447e-02-3.679085187e-02-3.783827279e-02-3.803189372e-02
-3.731927418e-02-3.566351814e-02-3.304427185e-02-2.945804147e-02-2.491784536e-02
-1.945226199e-02-1.310396841e-02-5.927880913e-03 2.010993367e-03 1.063991079e-02
 1.988091572e-02 2.965356359e-02 3.987793816e-02 5.054584352e-02 6.176031717e-02
 7.366527478e-02 8.646674882e-02 1.004685412e-01 1.161338104e-01 1.341934620e-01
 1.562787767e-01 1.737006867e-01 1.902350310e-01 1.926645982e-01 1.890434566e-01
 1.793535340e-01 1.664957758e-01 1.570123640e-01 1.496033903e-01 1.436200913e-01
 1.386448381e-01 1.344025083e-01 1.307064196e-01 1.274264057e-01 1.244778765e-01
 4.306310314e-03 9.755057724e-03 1.739890884e-02 2.723542727e-02 3.858398482e-02
 4.446030984e-02 4.280664196e-02 4.031897139e-02 3.750769384e-02 3.437203536e-02
 3.090678887e-02 2.711581810e-02 2.300811045e-02 1.859891964e-02 1.391089587e-02
 8.975152075e-03 3.832196250e-03-1.467350965e-03-6.862341317e-03-1.228107432e-02
-1.764174266e-02-2.285340941e-02-2.781755062e-02-3.243015952e-02-3.658436388e-02
-4.017346069e-02-4.309422741e-02-4.525033216e-02-4.655564273e-02-4.693723037e-02
-4.633788063e-02-4.471795995e-02-4.205653921e-02-3.835173732e-02-3.362031211e-02
-2.789658376e-02-2.123082047e-02-1.368724254e-02-5.341806035e-03 3.720089358e-03
 1.340586149e-02 2.361792957e-02 3.425586475e-02 4.521873854e-02 5.654870859e-02
 6.832322968e-02 8.063702154e-02 9.360031341e-02 1.073259108e-01 1.218694733e-01
 1.367883956e-01 1.496310281e-01 1.594706130e-01 1.648870172e-01 1.653711767e-01
 1.616755502e-01 1.558564170e-01 1.503096880e-01 1.453843499e-01 1.410357617e-01
 1.371743537e-01 1.337123128e-01 1.305742341e-01 1.276984046e-01 1.250243767e-01
 4.280734324e-03 9.696612559e-03 1.729356068e-02 2.706819258e-02 3.830094390e-02
 4.399637242e-02 4.236730397e-02 3.973287873e-02 3.676483679e-02 3.344750010e-02
 2.977574797e-02 2.575218689e-02 2.138486211e-02 1.668850249e-02 1.168577576e-02
 6.408486153e-03 8.986357981e-04-4.790741652e-03-1.059507418e-02-1.643817181e-02
-2.223266663e-02-2.788104530e-02-3.327731630e-02-3.830931151e-02-4.286157127e-02
-4.681870781e-02-5.006908947e-02-5.250864569e-02-5.404456657e-02-5.459866553e-02
-5.411019333e-02-5.253793422e-02-4.986147692e-02-4.608162668e-02-4.122000116e-02
-3.531792341e-02-2.843478171e-02-2.064606454e-02-1.204129826e-02-2.722119546e-03
 7.199286939e-03 1.760114439e-02 2.835213943e-02 3.931011924e-02 5.037979997e-02
 6.156218055e-02 7.283748021e-02 8.414696424e-02 9.536166156e-02 1.062366486e-01
 1.163743149e-01 1.252646978e-01 1.324199025e-01 1.375048532e-01 1.404411912e-01
 1.414568227e-01 1.410178079e-01 1.396491026e-01 1.377656696e-01 1.356303676e-01
 1.333922492e-01 1.311313975e-01 1.288891127e-01 1.266856460e-01 1.245358115e-01
 4.261287886e-03 9.652168213e-03 1.721344403e-02 2.694130231e-02 3.815370306e-02
 4.386508112e-02 4.201467125e-02 3.928641622e-02 3.619936983e-02 3.274348743e-02
 2.891418974e-02 2.471307643e-02 2.014740348e-02 1.523142450e-02 9.987745198e-03
 4.448624764e-03-1.342860887e-03-7.331892625e-03-1.345132693e-02-1.962157067e-02
-2.575101447e-02-3.173710732e-02-3.746812149e-02-4.282561091e-02-4.768751076e-02
-5.193176558e-02-5.544031565e-02-5.810322349e-02-5.982269333e-02-6.051673037e-02
-6.012220871e-02-5.859716467e-02-5.592220162e-02-5.210097550e-02-4.715981577e-02
-4.114661609e-02-3.412919180e-02-2.619334338e-02-1.744088342e-02-7.987881160e-03
 2.036642480e-03 1.249137137e-02 2.322255109e-02 3.406296977e-02 4.483016083e-02
 5.546603965e-02 6.591326537e-02 7.608449192e-02 8.585568928e-02 9.506377116e-02
 1.035142686e-01 1.110035047e-01 1.173530121e-01 1.224463437e-01 1.262559097e-01
 1.288495521e-01 1.303728192e-01 1.310135351e-01 1.309640451e-01 1.303950724e-01
 1.294450061e-01 1.282201303e-01 1.267997518e-01 1.252423351e-01 1.235936844e-01
 4.249083170e-03 9.624271616e-03 1.716315358e-02 2.686146038e-02 3.801082940e-02
 4.362559159e-02 4.180178281e-02 3.900629677e-02 3.584426771e-02 3.230127536e-02
 2.837289140e-02 2.406005489e-02 1.936949895e-02 1.431514919e-02 8.919542342e-03
 3.215194432e-03-2.754169839e-03-8.932630228e-03-1.525144102e-02-2.162887540e-02
-2.797065361e-02-3.417104386e-02-4.011468984e-02-4.567917056e-02-5.073823922e-02
-5.516562396e-02-5.883921184e-02-6.164538628e-02-6.348325686e-02-6.426851432e-02
-6.393666674e-02-6.244546429e-02-5.977639432e-02-5.593521682e-02-5.095160225e-02
-4.487801686e-02-3.778806641e-02-2.977454994e-02-2.094748842e-02-1.143237833e-02
-1.368880264e-03 9.089909770e-03 1.977753987e-02 3.051366340e-02 4.110301144e-02
 5.142710767e-02 6.142942941e-02 7.103442056e-02 8.014887876e-02 8.866611476e-02
 9.647373206e-02 1.034649474e-01 1.095519590e-01 1.146785776e-01 1.188288902e-01
 1.220295034e-01 1.243447429e-01 1.258663891e-01 1.267010692e-01 1.269585442e-01
 1.267429709e-01 1.261476750e-01 1.252528785e-01 1.241252843e-01 1.228118648e-01
 4.244819975e-03 9.614526771e-03 1.714558520e-02 2.683354149e-02 3.796122889e-02
 4.353848549e-02 4.173039972e-02 3.890867727e-02 3.572051285e-02 3.214725346e-02
 2.818443779e-02 2.383277728e-02 1.909882511e-02 1.399639367e-02 8.547996034e-03
 2.786237900e-03-3.244929572e-03-9.489201547e-03-1.587727231e-02-2.232666878e-02
-2.874217675e-02-3.501695088e-02-4.103436428e-02-4.667060390e-02-5.179795845e-02
-5.628867995e-02-6.001923715e-02-6.287472698e-02-6.475317804e-02-6.556947369e-02
-6.525864627e-02-6.377834640e-02-6.111036728e-02-5.726119446e-02-5.226164484e-02
-4.616574370e-02-3.904905431e-02-3.100671462e-02-2.215144589e-02-1.261177753e-02
-2.530682803e-03 7.935257780e-03 1.861615519e-02 2.932870314e-02 3.987597738e-02
 5.012025241e-02 6.000746354e-02 6.946796073e-02 7.841910245e-02 8.676992238e-02
 9.442801258e-02 1.013081874e-01 1.073418049e-01 1.124850988e-01 1.167247852e-01
 1.200796975e-01 1.225981412e-01 1.243517303e-01 1.254272420e-01 1.259182398e-01
 1.259178707e-01 1.255135958e-01 1.247839862e-01 1.237974584e-01 1.226192893e-01
 4.248742411e-03 9.623494946e-03 1.716175739e-02 2.685935560e-02 3.804481433e-02
 4.373080522e-02 4.178626099e-02 3.899894015e-02 3.583548173e-02 3.229067068e-02
 2.836024375e-02 2.404514820e-02 1.935212415e-02 1.429510794e-02 8.896652493e-03
 3.189297063e-03-2.783201992e-03-8.964883235e-03-1.528694941e-02-2.166761140e-02
-2.801251654e-02-3.421585022e-02-4.016216477e-02-4.572894113e-02-5.078983005e-02
-5.521845539e-02-5.889260038e-02-6.169854692e-02-6.353530617e-02-6.431847297e-02
-6.398345950e-02-6.248791540e-02-5.981321564e-02-5.596498642e-02-5.097273069e-02
-4.488869911e-02-3.778621758e-02-2.975772424e-02-2.091278273e-02-1.137632519e-02
-1.287341293e-03 9.201828685e-03 1.992551351e-02 3.070404997e-02 4.134255424e-02
 5.172593112e-02 6.179739321e-02 7.147984449e-02 8.067676525e-02 8.927609914e-02
 9.715828902e-02 1.042085781e-01 1.103319786e-01 1.154676638e-01 1.195989134e-01
 1.227556184e-01 1.250085763e-01 1.264575299e-01 1.272167846e-01 1.274022818e-01
 1.271224367e-01 1.264731333e-01 1.255360323e-01 1.243788811e-01 1.230513812e-01
 4.260618842e-03 9.650645814e-03 1.721071435e-02 2.693684747e-02 3.810977815e-02
 4.373652349e-02 4.201124722e-02 3.927263285e-02 3.618222160e-02 3.272272688e-02
 2.888941753e-02 2.468389178e-02 2.011341608e-02 1.519226374e-02 9.943071751e-03
 4.398144343e-03-1.399381465e-03-7.394607526e-03-1.352029207e-02-1.969672394e-02
-2.583215643e-02-3.182388348e-02-3.756000727e-02-4.292190048e-02-4.778731044e-02
-5.203399221e-02-5.554369960e-02-5.820631552e-02-5.992387324e-02-6.061421491e-02
-6.021405527e-02-5.868126665e-02-5.599627087e-02-5.216250667e-02-4.720602759e-02
-4.117436403e-02-3.413484697e-02-2.617263266e-02-1.738868677e-02-7.897983901e-03
 2.171840410e-03 1.268117898e-02 2.347831716e-02 3.439836152e-02 4.526119843e-02
 5.601666232e-02 6.660957883e-02 7.695256665e-02 8.691706386e-02 9.632841811e-02
 1.049724088e-01 1.126198020e-01 1.190669752e-01 1.241803745e-01 1.279293997e-01
 1.303946707e-01 1.317459532e-01 1.321980902e-01 1.319653734e-01 1.312321555e-01
 1.301430757e-01 1.288058069e-01 1.272984632e-01 1.256772316e-01 1.239849997e-01
 4.279753802e-03 9.694384732e-03 1.728957435e-02 2.706204925e-02 3.831351875e-02
 4.406074319e-02 4.234510794e-02 3.971237780e-02 3.673989467e-02 3.341731248e-02
 2.973975807e-02 2.570984883e-02 2.133564716e-02 1.663191228e-02 1.162135835e-02
 6.335855083e-03 8.174917784e-04-4.880586790e-03-1.069367211e-02-1.654541202e-02
-2.234825181e-02-2.800446936e-02-3.340784663e-02-3.844597693e-02-4.300315689e-02
-4.696375713e-02-5.021591359e-02-5.265533836e-02-5.418902264e-02-5.473859950e-02
-5.424315353e-02-5.266130727e-02-4.997247652e-02-4.617725999e-02-4.129700563e-02
-3.537266603e-02-2.846311164e-02-2.064310838e-02-1.200118474e-02-2.637616782e-03
 7.337242393e-03 1.780405196e-02 2.863469956e-02 3.969120494e-02 5.088913910e-02
 6.223920953e-02 7.373365815e-02 8.532735220e-02 9.690239136e-02 1.082095331e-01
 1.188080320e-01 1.281020337e-01 1.355142256e-01 1.406431214e-01 1.433907561e-01
 1.440352693e-01 1.431487154e-01 1.413561049e-01 1.391189800e-01 1.367057273e-01
 1.342556064e-01 1.318362994e-01 1.294780787e-01 1.271922660e-01 1.249841159e-01
 4.305031963e-03 9.752157424e-03 1.739372895e-02 2.722728061e-02 3.856241906e-02
 4.441596136e-02 4.279177166e-02 4.029291453e-02 3.747562334e-02 3.433327940e-02
 3.086069303e-02 2.706174103e-02 2.294543976e-02 1.852708728e-02 1.382939673e-02
 8.883565700e-03 3.730211582e-03-1.579908703e-03-6.985482514e-03-1.241461711e-02
-1.778528703e-02-2.300631507e-02-2.797892076e-02-3.259883207e-02-3.675891162e-02
-4.035220107e-02-4.327524163e-02-4.543149240e-02-4.673464510e-02-4.711162990e-02
-4.650512390e-02-4.487540989e-02-4.220148597e-02-3.848138875e-02-3.373175678e-02
-2.798671864e-02-2.129623404e-02-1.372404128e-02-5.345367169e-03 3.755464898e-03
 1.348743838e-02 2.375523907e-02 3.446173007e-02 4.551070974e-02 5.695585795e-02
 6.888806219e-02 8.142340619e-02 9.470771730e-02 1.089180047e-01 1.242473913e-01
 1.406937673e-01 1.544764435e-01 1.652999201e-01 1.708667443e-01 1.706942014e-01
 1.656707043e-01 1.583519090e-01 1.520441207e-01 1.466482393e-01 1.419898386e-01
 1.379188328e-01 1.343136200e-01 1.310783817e-01 1.281385380e-01 1.254297912e-01
 4.334980862e-03 9.820597249e-03 1.751711591e-02 2.742286420e-02 3.882094711e-02
 4.471986381e-02 4.332946832e-02 4.098075135e-02 3.834682326e-02 3.541756936e-02
 3.218746157e-02 2.866161436e-02 2.484999274e-02 2.076837728e-02 1.643933314e-02
 1.189312197e-02 7.168489441e-03 2.313255234e-03-2.615371330e-03-7.550825065e-03
-1.241763484e-02-1.713233976e-02-2.160489692e-02-2.574057336e-02-2.944227705e-02
-3.261324152e-02-3.515994117e-02-3.699508399e-02-3.804050979e-02-3.822981927e-02
-3.751057298e-02-3.584592963e-02-3.321563615e-02-2.961633287e-02-2.506118936e-02
-1.957893207e-02-1.321235941e-02-6.016456143e-03 1.943784805e-03 1.059575143e-02
 1.986177939e-02 2.966193733e-02 3.991716990e-02 5.062077998e-02 6.187896275e-02
 7.384023600e-02 8.671783457e-02 1.008272407e-01 1.166497492e-01 1.349334825e-01
 1.566921794e-01 1.756359809e-01 1.879453041e-01 1.928581588e-01 1.898433315e-01
 1.800095456e-01 1.672751067e-01 1.575906445e-01 1.500463773e-01 1.439764832e-01
 1.389470981e-01 1.346728213e-01 1.309607219e-01 1.276766669e-01 1.247305702e-01
 4.367836264e-03 9.895681586e-03 1.765251480e-02 2.763789038e-02 3.918190902e-02
 4.530371713e-02 4.389847896e-02 4.173591226e-02 3.930372263e-02 3.660776692e-02
 3.364564834e-02 3.042102320e-02 2.694493809e-02 2.323362918e-02 1.930936690e-02
 1.520122703e-02 1.094573766e-02 6.587343348e-03 2.178624260e-03-2.219790472e-03
-6.539668317e-03-1.070601640e-02-1.463833952e-02-1.825230348e-02-2.146176305e-02
-2.418108127e-02-2.632763708e-02-2.782439399e-02-2.860238867e-02-2.860299611e-02
-2.777984021e-02-2.610024276e-02-2.354613921e-02-2.011443028e-02-1.581678094e-02
-1.067891584e-02-4.739488304e-03 1.951385704e-03 9.333840994e-03 1.734016183e-02
 2.589686004e-02 3.492701095e-02 4.435305617e-02 5.422509701e-02 6.462431820e-02
 7.566157926e-02 8.748872382e-02 1.003163498e-01 1.144456356e-01 1.303572775e-01
 1.497008409e-01 1.673303694e-01 1.793096068e-01 1.815271516e-01 1.787133641e-01
 1.709139045e-01 1.602468058e-01 1.523478259e-01 1.459158356e-01 1.405377553e-01
 1.359515960e-01 1.319726148e-01 1.284660558e-01 1.253317612e-01 1.224907450e-01
 4.401587424e-03 9.972847285e-03 1.779177804e-02 2.785895929e-02 3.946635714e-02
 4.563428547e-02 4.451352620e-02 4.251750441e-02 4.029441603e-02 3.784108110e-02
 3.515824552e-02 3.224802481e-02 2.912222547e-02 2.579727928e-02 2.229490522e-02
 1.864271565e-02 1.487471654e-02 1.103164894e-02 7.161118903e-03 3.317466406e-03
-4.386680000e-04-4.041107704e-03-7.419246734e-03-1.049948785e-02-1.320697653e-02
-1.546757012e-02-1.720995847e-02-1.836783423e-02-1.888200084e-02-1.870230581e-02
-1.778929639e-02-1.611551531e-02-1.366638181e-02-1.044063684e-02-6.450366178e-03
-1.720648169e-03 3.711099041e-03 9.795974329e-03 1.647454337e-02 2.367775471e-02
 3.132766466e-02 3.933780426e-02 4.766770543e-02 5.633857557e-02 6.537426375e-02
 7.479805960e-02 8.462470064e-02 9.484233787e-02 1.053724235e-01 1.159823601e-01
 1.261356352e-01 1.349538031e-01 1.415756691e-01 1.455179323e-01 1.467281678e-01
 1.456112002e-01 1.429734425e-01 1.396559138e-01 1.361865095e-01 1.328085314e-01
 1.296159959e-01 1.266345297e-01 1.238596402e-01 1.212745610e-01 1.188595041e-01
 4.433970942e-03 1.004698814e-02 1.792585357e-02 2.807244204e-02 3.978196970e-02
 4.607731263e-02 4.509695625e-02 4.327992924e-02 4.126389545e-02 3.905095064e-02
 3.664492127e-02 3.404981396e-02 3.127505332e-02 2.833718232e-02 2.525719175e-02
 2.206101172e-02 1.877989927e-02 1.545068172e-02 1.211581656e-02 8.823230944e-03
 5.625910277e-03 2.581215996e-03-2.500733023e-04-2.804986213e-03-5.019818354e-03
-6.831778813e-03-8.180757459e-03-9.011134486e-03-9.273546656e-03-8.926525143e-03
-7.937928133e-03-6.286107148e-03-3.960768052e-03-9.635136926e-04 2.691917100e-03
 6.979672940e-03 1.186201087e-02 1.728963100e-02 2.320202225e-02 2.952771308e-02
 3.618435230e-02 4.308805188e-02 5.022651040e-02 5.758449832e-02 6.513992157e-02
 7.285803990e-02 8.068280108e-02 8.852451990e-02 9.624451730e-02 1.036415468e-01
 1.104523777e-01 1.163823993e-01 1.211669907e-01 1.246381513e-01 1.267666077e-01
 1.276658912e-01 1.275567044e-01 1.267033241e-01 1.253517854e-01 1.236961096e-01
 1.218735623e-01 1.199746962e-01 1.180563756e-01 1.161528676e-01 1.142881196e-01
 4.462359126e-03 1.011223206e-02 1.804446843e-02 2.826261721e-02 4.009989951e-02
 4.658056950e-02 4.562244613e-02 4.397554984e-02 4.215507488e-02 4.017082892e-02
 3.802935801e-02 3.573746175e-02 3.330237331e-02 3.073966144e-02 2.806927317e-02
 2.531519144e-02 2.250571627e-02 1.967362547e-02 1.685618016e-02 1.409494732e-02
 1.143541769e-02 8.926406301e-03 6.619233770e-03 4.566699284e-03 2.821870015e-03
 1.436724988e-03 4.607033206e-04-6.078462099e-05-8.782027850e-05 4.126476799e-04
 1.465570803e-03 3.086754397e-03 5.282024450e-03 8.046616083e-03 1.136477222e-02
 1.520952160e-02 1.954258866e-02 2.431437113e-02 2.946392433e-02 3.491884733e-02
 4.059521286e-02 4.646005907e-02 5.248486969e-02 5.863580885e-02 6.487136394e-02
 7.113935510e-02 7.737353936e-02 8.349041895e-02 8.938749809e-02 9.494491767e-02
 1.000325432e-01 1.045233514e-01 1.083112022e-01 1.113282302e-01 1.135562279e-01
 1.150281775e-01 1.158195144e-01 1.160323023e-01 1.157777108e-01 1.151617746e-01
 1.142768337e-01 1.131983123e-01 1.119850952e-01 1.106815741e-01 1.093127018e-01
 4.483447492e-03 1.016124497e-02 1.813493131e-02 2.841003906e-02 4.027828948e-02
 4.675765913e-02 4.606434316e-02 4.454994703e-02 4.290629167e-02 4.113147080e-02
 3.923426571e-02 3.722368618e-02 3.510890743e-02 3.290099026e-02 3.061855839e-02
 2.828339445e-02 2.592066430e-02 2.355902181e-02 2.123057869e-02 1.897072084e-02
 1.681775941e-02 1.481241057e-02 1.299710625e-02 1.141514620e-02 1.010971120e-02
 9.122766069e-03 8.493888447e-03 8.259065158e-03 8.449499976e-03 9.090475540e-03
 1.020030698e-02 1.178941659e-02 1.385954713e-02 1.640312062e-02 1.940273494e-02
 2.283078267e-02 2.664918357e-02 3.080921561e-02 3.525142164e-02 3.990360518e-02
 4.473296219e-02 4.970620332e-02 5.478670419e-02 5.993363295e-02 6.510107615e-02
 7.023722670e-02 7.528383306e-02 8.017627431e-02 8.484470071e-02 8.921662309e-02
 9.322110651e-02 9.679429838e-02 9.988547985e-02 1.024623993e-01 1.045145882e-01
 1.060537791e-01 1.071113135e-01 1.077332390e-01 1.079743269e-01 1.078923003e-01
 1.075432055e-01 1.069783198e-01 1.062425305e-01 1.053739711e-01 1.044094301e-01
 4.492708559e-03 1.018396082e-02 1.817977339e-02 2.848896336e-02 4.043783570e-02
 4.706025005e-02 4.633935764e-02 4.494068380e-02 4.344945666e-02 4.185897965e-02
 4.018122959e-02 3.842666216e-02 3.660547367e-02 3.472795341e-02 3.280767993e-02
 3.086390831e-02 2.891848156e-02 2.699589509e-02 2.512323115e-02 2.332996465e-02
 2.164763976e-02 2.010941881e-02 1.874950880e-02 1.760247495e-02 1.670245636e-02
 1.608230331e-02 1.577266040e-02 1.580102234e-02 1.619079063e-02 1.696035890e-02
 1.812224968e-02 1.968231729e-02 2.163902606e-02 2.398281265e-02 2.669553125e-02
 2.974990178e-02 3.310909174e-02 3.672610742e-02 4.055399628e-02 4.456332880e-02
 4.872117960e-02 5.299092148e-02 5.733221382e-02 6.170155779e-02 6.605306628e-02
 7.033880308e-02 7.450895227e-02 7.851266443e-02 8.229981556e-02 8.582329918e-02
 8.904141378e-02 9.192005632e-02 9.443452923e-02 9.657078795e-02 9.832595815e-02
 9.970799944e-02 1.007345105e-01 1.014308270e-01 1.018276970e-01 1.019588727e-01
 1.018589232e-01 1.015614710e-01 1.010979356e-01 1.004967198e-01 9.978146958e-02
 4.483729481e-03 1.016596319e-02 1.815370443e-02 2.846050972e-02 4.040656418e-02
 4.703243097e-02 4.640982166e-02 4.507398942e-02 4.369892159e-02 4.226598269e-02
 4.078358745e-02 3.926180001e-02 3.771001617e-02 3.613764382e-02 3.455461421e-02
 3.297520000e-02 3.141779467e-02 2.990282045e-02 2.845257856e-02 2.709101087e-02
 2.584338018e-02 2.473587312e-02 2.379513039e-02 2.304771078e-02 2.251949809e-02
 2.223506160e-02 2.221698182e-02 2.248515351e-02 2.305608199e-02 2.394219179e-02
 2.515116382e-02 2.668530363e-02 2.854087334e-02 3.070750532e-02 3.316794903e-02
 3.589661074e-02 3.886052719e-02 4.204223275e-02 4.541822770e-02 4.896156121e-02
 5.264022748e-02 5.641529347e-02 6.023869910e-02 6.405658400e-02 6.782285727e-02
 7.149663616e-02 7.503230273e-02 7.838230705e-02 8.150367731e-02 8.436241833e-02
 8.693522063e-02 8.920901367e-02 9.117931202e-02 9.284834611e-02 9.422357095e-02
 9.531664833e-02 9.614272133e-02 9.671976894e-02 9.706791629e-02 9.720867768e-02
 9.716417675e-02 9.695641214e-02 9.660662847e-02 9.613478901e-02 9.555824143e-02
 4.448037037e-03 1.008739807e-02 1.802005813e-02 2.826612156e-02 4.013926507e-02
 4.668645119e-02 4.611961251e-02 4.480426679e-02 4.353188143e-02 4.223952367e-02
 4.094110140e-02 3.964143460e-02 3.834577674e-02 3.706078501e-02 3.579462475e-02
 3.455684157e-02 3.336176233e-02 3.222625162e-02 3.116837874e-02 3.020710491e-02
 2.936195845e-02 2.865269152e-02 2.809891679e-02 2.771972608e-02 2.753329588e-02
 2.755648484e-02 2.780442262e-02 2.829006310e-02 2.902370084e-02 3.001249552e-02
 3.126008126e-02 3.276643147e-02 3.452670370e-02 3.652935236e-02 3.876419318e-02
 4.122486189e-02 4.390132923e-02 4.678238541e-02 4.985446508e-02 5.310047786e-02
 5.649811014e-02 6.001367070e-02 6.364376764e-02 6.710375576e-02 7.045905711e-02
 7.375735879e-02 7.689654749e-02 7.979523257e-02 8.239656219e-02 8.467363505e-02
 8.662801140e-02 8.828024416e-02 8.965793734e-02 9.078767242e-02 9.169206628e-02
 9.238979495e-02 9.289670437e-02 9.322703958e-02 9.339437925e-02 9.341217353e-02
 9.329393856e-02 9.305321390e-02 9.270339044e-02 9.225760154e-02 9.173354074e-02
 4.378028118e-03 9.928299076e-03 1.773594849e-02 2.782418827e-02 3.956606827e-02
 4.604639618e-02 4.522373153e-02 4.392807916e-02 4.275483614e-02 4.163771435e-02
 4.055241719e-02 3.949144616e-02 3.845593145e-02 3.745172622e-02 3.648726391e-02
 3.557242246e-02 3.471793038e-02 3.393806049e-02 3.324755194e-02 3.266105886e-02
 3.219287529e-02 3.185668271e-02 3.166531278e-02 3.163053164e-02 3.176286023e-02
 3.207146228e-02 3.256416818e-02 3.324732503e-02 3.412535940e-02 3.520016902e-02
 3.647009763e-02 3.793701016e-02 3.960296982e-02 4.146837607e-02 4.353321514e-02
 4.579764437e-02 4.826166740e-02 5.092534222e-02 5.378931840e-02 5.685671430e-02
 6.014072713e-02 6.355133544e-02 6.691474870e-02 7.036330772e-02 7.383845432e-02
 7.723634522e-02 8.039171964e-02 8.311473236e-02 8.528976043e-02 8.690672483e-02
 8.806181835e-02 8.889856820e-02 8.951478608e-02 8.996670989e-02 9.028678981e-02
 9.049230316e-02 9.059227555e-02 9.059211590e-02 9.049622646e-02 9.030925567e-02
 9.003656458e-02 8.968427714e-02 8.925912788e-02 8.876809477e-02 8.821035600e-02
 4.276251875e-03 9.692366670e-03 1.729983142e-02 2.710416437e-02 3.839666188e-02
 4.418224761e-02 4.277113574e-02 4.194435529e-02 4.119488102e-02 4.040565712e-02
 3.960339922e-02 3.880786210e-02 3.803588820e-02 3.730281300e-02 3.662285419e-02
 3.600923061e-02 3.547420903e-02 3.502933531e-02 3.468679214e-02 3.445734277e-02
 3.435022155e-02 3.437302480e-02 3.453158898e-02 3.482988739e-02 3.526993011e-02
 3.585160047e-02 3.657475401e-02 3.743992934e-02 3.844732150e-02 3.959732673e-02
 4.089113428e-02 4.233162776e-02 4.392339899e-02 4.567251498e-02 4.758638838e-02
 4.967360039e-02 5.194363832e-02 5.440664731e-02 5.707316184e-02 5.995326985e-02
 6.305183503e-02 6.635617317e-02 6.987295823e-02 7.365440743e-02 7.775788240e-02
 8.243197749e-02 8.686648634e-02 9.003531300e-02 9.173498056e-02 9.191312646e-02
 9.119033591e-02 9.062930765e-02 9.020053273e-02 8.981824348e-02 8.947326454e-02
 8.914209829e-02 8.880441036e-02 8.844540112e-02 8.805538555e-02 8.762878174e-02
 8.716311114e-02 8.665816529e-02 8.611536140e-02 8.553736260e-02 8.493216600e-02
 4.159727465e-03 9.424554773e-03 1.681127641e-02 2.631371430e-02 3.721555156e-02
 4.250756124e-02 4.057932698e-02 3.984419166e-02 3.939158917e-02 3.884763971e-02
 3.826677768e-02 3.768572239e-02 3.713342111e-02 3.663329603e-02 3.620470003e-02
 3.586377076e-02 3.562393031e-02 3.549618879e-02 3.548939922e-02 3.560997854e-02
 3.586164400e-02 3.624552502e-02 3.675999308e-02 3.740074884e-02 3.816113460e-02
 3.903276695e-02 4.000660445e-02 4.107412451e-02 4.222845225e-02 4.346552419e-02
 4.478507665e-02 4.619128866e-02 4.769290490e-02 4.930275849e-02 5.103688407e-02
 5.291388175e-02 5.495428363e-02 5.717926753e-02 5.960960468e-02 6.226560450e-02
 6.516910882e-02 6.834903301e-02 7.185105714e-02 7.575174829e-02 8.018250101e-02
 8.534398543e-02 9.005859536e-02 9.329113422e-02 9.505051567e-02 9.528930785e-02
 9.390976310e-02 9.190251831e-02 9.049963347e-02 8.944098391e-02 8.857315531e-02
 8.781215511e-02 8.710940873e-02 8.643620303e-02 8.577541999e-02 8.511692621e-02
 8.445489537e-02 8.378620044e-02 8.310941280e-02 8.242410453e-02 8.173065864e-02
 4.040479690e-03 9.157107451e-03 1.634177059e-02 2.559674489e-02 3.624315281e-02
 4.130075458e-02 3.904672670e-02 3.822371849e-02 3.770093468e-02 3.716981457e-02
 3.665048400e-02 3.616996604e-02 3.575389286e-02 3.542501965e-02 3.520271806e-02
 3.510289436e-02 3.513807536e-02 3.531750821e-02 3.564717150e-02 3.612962131e-02
 3.676370303e-02 3.754419940e-02 3.846147302e-02 3.950128615e-02 4.064501557e-02
 4.187050351e-02 4.315372430e-02 4.447125324e-02 4.580326337e-02 4.713651294e-02
 4.846664847e-02 4.979915288e-02 5.114912915e-02 5.254539993e-02 5.401595722e-02
 5.558556127e-02 5.730105006e-02 5.919839477e-02 6.131170734e-02 6.366674012e-02
 6.627481141e-02 6.915561072e-02 7.232775590e-02 7.580765283e-02 7.960565284e-02
 8.383975578e-02 8.771434466e-02 9.049756219e-02 9.216143000e-02 9.263902852e-02
 9.183188214e-02 9.041134877e-02 8.923637921e-02 8.815303817e-02 8.713643003e-02
 8.616635843e-02 8.523069351e-02 8.432250239e-02 8.343778810e-02 8.257408191e-02
 8.172966074e-02 8.090314573e-02 8.009330608e-02 7.929888215e-02 7.851505270e-02
 3.909145642e-03 8.867201293e-03 1.584353082e-02 2.485396364e-02 3.520074071e-02
 3.991150500e-02 3.755763191e-02 3.649270107e-02 3.581604067e-02 3.517758209e-02
 3.460667817e-02 3.413096886e-02 3.377561695e-02 3.356234593e-02 3.350894619e-02
 3.362925301e-02 3.393340297e-02 3.442812048e-02 3.511681111e-02 3.599930510e-02
 3.707117483e-02 3.832262007e-02 3.973700029e-02 4.128924623e-02 4.294463048e-02
 4.465869941e-02 4.637940197e-02 4.805225036e-02 4.962840100e-02 5.107391958e-02
 5.237542393e-02 5.354254006e-02 5.464033790e-02 5.568506548e-02 5.673316201e-02
 5.783700734e-02 5.907132740e-02 6.049066404e-02 6.214771677e-02 6.408128151e-02
 6.630203504e-02 6.881784956e-02 7.160880600e-02 7.461597187e-02 7.773092256e-02
 8.078503144e-02 8.355639449e-02 8.581931132e-02 8.741516785e-02 8.828229121e-02
 8.846764659e-02 8.811511514e-02 8.739691716e-02 8.645567251e-02 8.539158625e-02
 8.427082791e-02 8.313589841e-02 8.201324935e-02 8.091858132e-02 7.986050720e-02
 7.884305616e-02 7.786735669e-02 7.693275247e-02 7.603767981e-02 7.518639088e-02
 3.737188564e-03 8.491437280e-03 1.520625455e-02 2.391812224e-02 3.398933233e-02
 3.847457684e-02 3.567497275e-02 3.431774176e-02 3.338499410e-02 3.254465308e-02
 3.183658000e-02 3.129526201e-02 3.094940138e-02 3.082061608e-02 3.092354056e-02
 3.126717746e-02 3.185676945e-02 3.269540313e-02 3.378484066e-02 3.512539797e-02
 3.671483210e-02 3.854614653e-02 4.060407679e-02 4.285995880e-02 4.526501088e-02
 4.774327730e-02 5.018803639e-02 5.246853795e-02 5.445340164e-02 5.604329705e-02
 5.724163494e-02 5.807168891e-02 5.861803286e-02 5.900013216e-02 5.932936441e-02
 5.970187953e-02 6.020037284e-02 6.090188904e-02 6.188589801e-02 6.323521137e-02
 6.502282667e-02 6.728586415e-02 7.000004220e-02 7.307071269e-02 7.634143415e-02
 7.960718197e-02 8.262608213e-02 8.514244826e-02 8.693665079e-02 8.789084236e-02
 8.802866536e-02 8.749504240e-02 8.648957078e-02 8.520079646e-02 8.377297393e-02
 8.230264311e-02 8.084870206e-02 7.944437100e-02 7.810666317e-02 7.684281415e-02
 7.565433399e-02 7.453946277e-02 7.349462630e-02 7.251515363e-02 7.158802815e-02
 3.471818837e-03 7.915588628e-03 1.424336245e-02 2.253856528e-02 3.218141621e-02
 3.624473623e-02 3.313882175e-02 3.136213830e-02 3.000238250e-02 2.885356546e-02
 2.792057599e-02 2.725737689e-02 2.690133643e-02 2.687064378e-02 2.716637312e-02
 2.778061532e-02 2.870479974e-02 2.993470697e-02 3.147195149e-02 3.332336804e-02
 3.549953845e-02 3.801275430e-02 4.087361698e-02 4.408410300e-02 4.762282349e-02
 5.141558997e-02 5.528603212e-02 5.890506464e-02 6.181773120e-02 6.367794686e-02
 6.439478010e-02 6.418955603e-02 6.346916877e-02 6.257289113e-02 6.170237105e-02
 6.095391222e-02 6.036963657e-02 5.998335401e-02 5.987344877e-02 6.023084523e-02
 6.136679852e-02 6.353675648e-02 6.674844528e-02 7.076028014e-02 7.526438991e-02
 8.000730964e-02 8.467806877e-02 8.871638204e-02 9.135742189e-02 9.210630240e-02
 9.113800047e-02 8.913974962e-02 8.677017870e-02 8.438791710e-02 8.213382622e-02
 8.004924621e-02 7.813735578e-02 7.638836288e-02 7.478904067e-02 7.332610199e-02
 7.198720703e-02 7.076108609e-02 6.963738479e-02 6.860656532e-02 6.766372380e-02
 3.022164683e-03 6.924292356e-03 1.256132621e-02 2.012616536e-02 2.917715867e-02
 3.304206376e-02 3.022540249e-02 2.744285723e-02 2.529305351e-02 2.355282177e-02
 2.222816688e-02 2.137998127e-02 2.106807465e-02 2.127635368e-02 2.193057260e-02
 2.295606835e-02 2.431102192e-02 2.598570811e-02 2.799117146e-02 3.035088899e-02
 3.309792735e-02 3.627685795e-02 3.994952591e-02 4.420430368e-02 4.916833250e-02
 5.501668672e-02 6.193371369e-02 6.972366099e-02 7.623399710e-02 7.867738707e-02
 7.664607756e-02 7.244605591e-02 6.862578188e-02 6.559077505e-02 6.319396083e-02
 6.124134476e-02 5.954528653e-02 5.789612607e-02 5.598730900e-02 5.321512768e-02
 5.192524710e-02 5.403942317e-02 5.994835060e-02 6.681054621e-02 7.341312794e-02
 8.058384713e-02 8.926650364e-02 1.015430147e-01 1.080457019e-01 1.072037557e-01
 9.843465325e-02 9.137267276e-02 8.635148334e-02 8.248695691e-02 7.934815471e-02
 7.670430647e-02 7.442197839e-02 7.241914815e-02 7.064281572e-02 6.905716616e-02
 6.763682264e-02 6.636258649e-02 6.521849652e-02 6.419035036e-02 6.326796952e-02
 2.311549536e-03 5.276408040e-03 9.536903709e-03 1.529622944e-02 2.251640160e-02
 2.564161897e-02 2.302746598e-02 2.051212415e-02 1.815143294e-02 1.573434632e-02
 1.351395764e-02 1.223806503e-02 1.239406678e-02 1.362721581e-02 1.520112871e-02
 1.689750890e-02 1.875951192e-02 2.086104251e-02 2.326858265e-02 2.603467003e-02
 2.920357290e-02 3.282383150e-02 3.696517678e-02 4.174102479e-02 4.734478963e-02
 5.412385944e-02 6.276298925e-02 7.489510725e-02 8.658489365e-02 8.959704360e-02
 8.349935414e-02 7.440714925e-02 6.883933019e-02 6.500344929e-02 6.216911825e-02
 5.994883777e-02 5.809437606e-02 5.641371428e-02 5.474990015e-02 5.316878216e-02
 5.285925873e-02 5.473852282e-02 5.872597581e-02 6.397505429e-02 6.959626603e-02
 7.571102843e-02 8.255489193e-02 8.955679399e-02 9.418272131e-02 9.423970536e-02
 8.995933166e-02 8.485751745e-02 8.054905346e-02 7.698710746e-02 7.398583932e-02
 7.140636474e-02 6.915434576e-02 6.716487321e-02 6.540072109e-02 6.382803201e-02
 6.243219969e-02 6.120032065e-02 6.012155928e-02 5.917061602e-02 5.832745322e-02
 1.483552752e-03 3.299982065e-03 5.702602175e-03 8.440736185e-03 1.098199879e-02
 1.259953920e-02 1.293777222e-02 1.219358746e-02 1.057129449e-02 7.913121374e-03
 4.340160670e-03 2.625530114e-03 3.235349062e-03 6.332798557e-03 8.596922732e-03
 1.052535312e-02 1.248812068e-02 1.471573924e-02 1.733347180e-02 2.037693816e-02
 2.382684069e-02 2.765183325e-02 3.183655191e-02 3.638765686e-02 4.132095065e-02
 4.662312204e-02 5.215738395e-02 5.747701670e-02 6.171272217e-02 6.402446595e-02
 6.425034149e-02 6.305486785e-02 6.130452086e-02 5.954768635e-02 5.798012115e-02
 5.665567953e-02 5.558460040e-02 5.477479199e-02 5.429181533e-02 5.425818452e-02
 5.484957206e-02 5.619367107e-02 5.828297859e-02 6.098123506e-02 6.407501026e-02
 6.733276792e-02 7.046648373e-02 7.308094460e-02 7.473518718e-02 7.514050516e-02
 7.435460543e-02 7.273600719e-02 7.069841180e-02 6.853371090e-02 6.639797705e-02
 6.436497420e-02 6.246617926e-02 6.071489890e-02 5.911711665e-02 5.767472467e-02
 5.638776805e-02 5.525688603e-02 5.430218453e-02 5.349766163e-02 5.282440228e-02
 8.437337203e-04 1.836412498e-03 3.080121623e-03 4.412993597e-03 5.631739605e-03
 6.531959093e-03 6.963713139e-03 6.862278042e-03 6.254409668e-03 5.221287236e-03
 4.063172835e-03 3.237998656e-03 3.029004368e-03 3.296090832e-03 3.700096230e-03
 4.196728304e-03 5.130239538e-03 6.944666208e-03 9.793107073e-03 1.342597842e-02
 1.744441852e-02 2.159978136e-02 2.579758178e-02 3.000352025e-02 3.418379308e-02
 3.827115903e-02 4.214339901e-02 4.562028900e-02 4.849743457e-02 5.061944718e-02
 5.195216801e-02 5.259850691e-02 5.274631778e-02 5.259408773e-02 5.230456723e-02
 5.199596985e-02 5.175347132e-02 5.164468659e-02 5.173076921e-02 5.206900072e-02
 5.270529382e-02 5.365974311e-02 5.491342734e-02 5.640381812e-02 5.802924339e-02
 5.965738544e-02 6.113513138e-02 6.230426585e-02 6.302852498e-02 6.322688389e-02
 6.289523714e-02 6.210066063e-02 6.095160656e-02 5.956386049e-02 5.803897176e-02
 5.645771618e-02 5.488247096e-02 5.336214479e-02 5.193612406e-02 5.063604579e-02
 4.948552892e-02 4.849747782e-02 4.772240035e-02 4.712280521e-02 4.666626900e-02
 4.660873062e-04 1.008106999e-03 1.680983362e-03 2.403183493e-03 3.083270652e-03
 3.633435211e-03 3.984486413e-03 4.101358304e-03 3.988724037e-03 3.674030000e-03
 3.214628760e-03 2.658226256e-03 1.985967869e-03 1.048302474e-03-5.001748574e-04
-3.416982469e-03-6.615227795e-03-5.700792925e-03-7.343890196e-04 6.319091120e-03
 1.173159798e-02 1.638450573e-02 2.060449243e-02 2.452781911e-02 2.820296527e-02
 3.162780093e-02 3.476801093e-02 3.757200385e-02 3.998775508e-02 4.198087685e-02
 4.354862834e-02 4.472411890e-02 4.556946824e-02 4.616244864e-02 4.658328390e-02
 4.690592498e-02 4.719432173e-02 4.750182415e-02 4.787137629e-02 4.833483268e-02
 4.891084316e-02 4.960189926e-02 5.039187481e-02 5.124537237e-02 5.210954660e-02
 5.291842326e-02 5.359949884e-02 5.408231326e-02 5.430809594e-02 5.423846309e-02
 5.386049602e-02 5.318646594e-02 5.224878783e-02 5.109285868e-02 4.977081253e-02
 4.833798125e-02 4.685212288e-02 4.537412972e-02 4.396809908e-02 4.269838129e-02
 4.162212461e-02 4.077799886e-02 4.022576723e-02 3.992389304e-02 3.982823487e-02
 2.658018960e-04 5.762678566e-04 9.656874607e-04 1.392968987e-03 1.813177470e-03
 2.183039989e-03 2.466232909e-03 2.639642179e-03 2.703555981e-03 2.640340172e-03
 2.449774426e-03 2.122524453e-03 1.626831277e-03 8.966037167e-04-1.440351195e-04
-1.422047061e-03-2.149661356e-03-1.130877461e-03 1.841203270e-03 5.939047789e-03
 1.007716861e-02 1.396623584e-02 1.759566786e-02 2.098249993e-02 2.413100057e-02
 2.703266814e-02 2.967329860e-02 3.203955498e-02 3.412341689e-02 3.592499792e-02
 3.745432109e-02 3.873185534e-02 3.978737390e-02 4.065726220e-02 4.138104251e-02
 4.199801166e-02 4.254453727e-02 4.305208788e-02 4.354577244e-02 4.404312199e-02
 4.455299357e-02 4.507468999e-02 4.559754824e-02 4.610128290e-02 4.655728181e-02
 4.693089261e-02 4.718456053e-02 4.728149440e-02 4.718935687e-02 4.688335887e-02
 4.634819857e-02 4.557859502e-02 4.457865996e-02 4.336084486e-02 4.194552972e-02
 4.036245487e-02 3.865517098e-02 3.688926802e-02 3.516319006e-02 3.361435147e-02
 3.240283713e-02 3.165878214e-02 3.141933673e-02 3.164043079e-02 3.218367170e-02
 1.633596933e-04 3.566473268e-04 6.041160584e-04 8.848479183e-04 1.175980103e-03
 1.455186445e-03 1.702971410e-03 1.907379301e-03 2.069473971e-03 2.173807679e-03
 2.220928724e-03 2.218780260e-03 2.181778988e-03 2.142407890e-03 2.173035958e-03
 2.406248073e-03 3.027424990e-03 4.203149520e-03 5.984029462e-03 8.275634768e-03
 1.090323107e-02 1.369780984e-02 1.652958500e-02 1.929712236e-02 2.191378214e-02
 2.431328817e-02 2.646501973e-02 2.837508580e-02 3.006848140e-02 3.157063350e-02
 3.290097913e-02 3.407487789e-02 3.510694054e-02 3.601287541e-02 3.680971415e-02
 3.751503885e-02 3.814578388e-02 3.871696865e-02 3.924053789e-02 3.972438499e-02
 4.017160199e-02 4.058000615e-02 4.094200436e-02 4.124485138e-02 4.147132476e-02
 4.160078377e-02 4.161051117e-02 4.147716971e-02 4.117815643e-02 4.069262486e-02
 4.000198504e-02 3.908978643e-02 3.794103017e-02 3.654113627e-02 3.487504630e-02
 3.292744261e-02 3.068631472e-02 2.815551571e-02 2.539168534e-02 2.260686340e-02
 2.038231167e-02 1.957910286e-02 2.034354402e-02 2.198245394e-02 2.384362336e-02
 1.118096179e-04 2.464578674e-04 4.233996572e-04 6.321245669e-04 8.612150215e-04
 1.099637144e-03 1.338118119e-03 1.573804525e-03 1.810885673e-03 2.043040538e-03
 2.276260833e-03 2.525651482e-03 2.812691673e-03 3.171027672e-03 3.647786011e-03
 4.300993110e-03 5.190942711e-03 6.365815280e-03 7.848014771e-03 9.629768285e-03
 1.168092842e-02 1.396211718e-02 1.642894407e-02 1.899841213e-02 2.142985991e-02
 2.342019093e-02 2.491232161e-02 2.612418080e-02 2.724397492e-02 2.832070236e-02
 2.935029782e-02 3.032068221e-02 3.122307640e-02 3.205349740e-02 3.281191684e-02
 3.350094875e-02 3.412453577e-02 3.468676383e-02 3.519084862e-02 3.563831285e-02
 3.602836673e-02 3.635750215e-02 3.661930737e-02 3.680449898e-02 3.690115110e-02
 3.689507736e-02 3.677029424e-02 3.650946665e-02 3.609421423e-02 3.550513961e-02
 3.472142574e-02 3.371982591e-02 3.247281147e-02 3.094550087e-02 2.909067489e-02
 2.684049050e-02 2.409196929e-02 2.067972984e-02 1.632009713e-02 1.048954393e-02
 2.564055987e-03 6.079335037e-04 6.507094751e-03 1.231047850e-02 1.643863231e-02
 8.611287431e-05 1.916796074e-04 3.339195071e-04 5.077461929e-04 7.077861465e-04
 9.291507029e-04 1.168127181e-03 1.423496600e-03 1.716035718e-03 2.029498855e-03
 2.375857579e-03 2.767802543e-03 3.219301335e-03 3.751895083e-03 4.391359790e-03
 5.165448974e-03 6.100697070e-03 7.219282065e-03 8.536924401e-03 1.006343717e-02
 1.180810733e-02 1.379220833e-02 1.607327830e-02 1.883381117e-02 2.170906610e-02
 2.346470823e-02 2.407206978e-02 2.418382562e-02 2.475497838e-02 2.548942677e-02
 2.628022017e-02 2.707665370e-02 2.785110708e-02 2.858766837e-02 2.927711457e-02
 2.991422250e-02 3.049608490e-02 3.102092753e-02 3.148721874e-02 3.189298318e-02
 3.223528530e-02 3.250986920e-02 3.271094424e-02 3.283109924e-02 3.286131953e-02
 3.279107076e-02 3.260840316e-02 3.230001792e-02 3.185122614e-02 3.124571743e-02
 3.046503783e-02 2.948764739e-02 2.828737189e-02 2.683095706e-02 2.507423151e-02
 2.295600784e-02 2.038815318e-02 1.723892670e-02 1.330318700e-02 8.220777291e-03
 8.522662113e-04-6.140068302e-04 4.725990390e-03 9.813036218e-03 1.365559055e-02
 7.324764844e-05 1.642802557e-04 2.891845356e-04 4.455297799e-04 6.307871863e-04
 8.427551467e-04 1.080241994e-03 1.347795885e-03 1.659378546e-03 2.016821320e-03
 2.421922289e-03 2.878639076e-03 3.394800804e-03 3.982681580e-03 4.659481953e-03
 5.442645495e-03 6.339047794e-03 7.359240477e-03 8.511087544e-03 9.798468218e-03
 1.122086155e-02 1.277148012e-02 1.442560768e-02 1.611815964e-02 1.771781381e-02
 1.908229702e-02 2.016671607e-02 2.104919993e-02 2.184395752e-02 2.261100726e-02
 2.336377782e-02 2.409819091e-02 2.480610968e-02 2.547968756e-02 2.611245531e-02
 2.669934977e-02 2.723642171e-02 2.772045758e-02 2.814857298e-02 2.851779726e-02
 2.882470622e-02 2.906516608e-02 2.923419351e-02 2.932589835e-02 2.933347860e-02
 2.924924693e-02 2.906467125e-02 2.877041085e-02 2.835632939e-02 2.781147061e-02
 2.712399415e-02 2.628109513e-02 2.526898495e-02 2.407312505e-02 2.267915268e-02
 2.107548556e-02 1.925982461e-02 1.725451179e-02 1.514111341e-02 1.312886492e-02
 1.162963058e-02 1.113142126e-02 1.176988207e-02 1.318979163e-02 1.492860710e-02
 6.660717904e-05 1.501238961e-04 2.659934079e-04 4.130410192e-04 5.899410969e-04
 7.952128074e-04 1.026957225e-03 1.285479577e-03 1.588635786e-03 1.975403333e-03
 2.405874162e-03 2.879701191e-03 3.405085944e-03 3.988728702e-03 4.649194612e-03
 5.386395625e-03 6.204002779e-03 7.105520784e-03 8.091753719e-03 9.159618803e-03
 1.030085357e-02 1.150015479e-02 1.273284759e-02 1.396478317e-02 1.515677287e-02
 1.627481683e-02 1.730125046e-02 1.823801744e-02 1.909958142e-02 1.990231600e-02
 2.065796033e-02 2.137248985e-02 2.204756605e-02 2.268227488e-02 2.327441741e-02
 2.382123343e-02 2.431987642e-02 2.476781202e-02 2.516313181e-02 2.550398534e-02
 2.578762162e-02 2.601052614e-02 2.616863931e-02 2.625746981e-02 2.627218333e-02
 2.620759312e-02 2.605830409e-02 2.581876954e-02 2.548346624e-02 2.504713393e-02
 2.450505125e-02 2.385361608e-02 2.309109506e-02 2.221897732e-02 2.124409670e-02
 2.018198539e-02 1.906188016e-02 1.793316568e-02 1.687164480e-02 1.597986444e-02
 1.537175569e-02 1.513678352e-02 1.529991155e-02 1.580990757e-02 1.657117662e-02
 6.286160313e-05 1.421458689e-04 2.529321468e-04 3.948501208e-04 5.675724321e-04
 7.709347979e-04 1.005155158e-03 1.270813756e-03 1.580667900e-03 1.941600980e-03
 2.355013097e-03 2.806188709e-03 3.313961165e-03 3.869042239e-03 4.477982704e-03
 5.150469321e-03 5.871464008e-03 6.664906940e-03 7.505751234e-03 8.399675528e-03
 9.340589523e-03 1.030262269e-02 1.129956274e-02 1.228520788e-02 1.326179149e-02
 1.420830899e-02 1.510490833e-02 1.597218207e-02 1.677706925e-02 1.754852183e-02
 1.827203209e-02 1.894804397e-02 1.959706482e-02 2.018776793e-02 2.075396324e-02
 2.126566876e-02 2.172857851e-02 2.214846951e-02 2.248790170e-02 2.283008419e-02
 2.309218418e-02 2.331035598e-02 2.348167036e-02 2.356121655e-02 2.362534422e-02
 2.358497956e-02 2.349806452e-02 2.333754420e-02 2.307987929e-02 2.279078555e-02
 2.238475257e-02 2.194187223e-02 2.141636729e-02 2.081839049e-02 2.020715934e-02
 1.952666991e-02 1.888140808e-02 1.825062127e-02 1.767679293e-02 1.725416039e-02
 1.694484647e-02 1.685577803e-02 1.694662234e-02 1.720492936e-02 1.766186772e-02
 0.789268648E+00 0.796664645E+00 0.804743880E+00 0.813586158E+00 0.822715477E+00
 0.832353055E+00 0.842445056E+00 0.852956994E+00 0.863915420E+00 0.875366367E+00
 0.887334959E+00 0.899842394E+00 0.912907305E+00 0.926555362E+00 0.940823322E+00
 0.955745499E+00 0.971360388E+00 0.987706003E+00 0.100482549E+01 0.102275796E+01
 0.104154932E+01 0.106124963E+01 0.108191699E+01 0.110362003E+01 0.112643204E+01
 0.115041005E+01 0.117562331E+01 0.120215898E+01 0.123011591E+01 0.125959834E+01
 0.129072466E+01 0.132360991E+01 0.135838015E+01 0.139517849E+01 0.143417025E+01
 0.147554904E+01 0.151953464E+01 0.156634245E+01 0.161620805E+01 0.166941929E+01
 0.172631100E+01 0.178725579E+01 0.185268410E+01 0.192306367E+01 0.199893731E+01
 0.208093401E+01 0.216980420E+01 0.226644599E+01 0.237188164E+01 0.248728934E+01
 0.261413283E+01 0.275421178E+01 0.290971446E+01 0.308329957E+01 0.327834062E+01
 0.349921106E+01 0.375169664E+01 0.404350357E+01 0.438524281E+01 0.479258128E+01
 0.529016303E+01 0.592119272E+01 0.677434638E+01 0.809700421E+01 0.161997968E+02
  361   98
 0.574634866E+00 0.111526080E+01 0.569413905E+00 0.110160302E+01 0.564202059E+00
 0.108794176E+01 0.558988235E+00 0.107428125E+01 0.553773212E+00 0.106062120E+01
 0.548562161E+00 0.104695964E+01 0.543361025E+00 0.103329430E+01 0.538175486E+00
 0.101962303E+01 0.533006468E+00 0.100594550E+01 0.527853201E+00 0.992262037E+00
 0.522714542E+00 0.978573079E+00 0.517588761E+00 0.964879293E+00 0.512474121E+00
 0.951181342E+00 0.507371308E+00 0.937478981E+00 0.502281564E+00 0.923771759E+00
 0.497204848E+00 0.910059708E+00 0.492139792E+00 0.896343345E+00 0.487084531E+00
 0.882623368E+00 0.482040216E+00 0.868899364E+00 0.477009492E+00 0.855170373E+00
 0.471994876E+00 0.841435489E+00 0.466998360E+00 0.827694011E+00 0.462021764E+00
 0.813945307E+00 0.457068448E+00 0.800188199E+00 0.452142221E+00 0.786421367E+00
 0.447246983E+00 0.772643487E+00 0.442387012E+00 0.758853129E+00 0.437566757E+00
 0.745048838E+00 0.432790982E+00 0.731229098E+00 0.428063969E+00 0.717392604E+00
 0.423389448E+00 0.703538289E+00 0.418771076E+00 0.689665156E+00 0.414213097E+00
 0.675772066E+00 0.409720232E+00 0.661857784E+00 0.405296636E+00 0.647921327E+00
 0.400945581E+00 0.633962053E+00 0.396669632E+00 0.619979591E+00 0.392471157E+00
 0.605973672E+00 0.388353461E+00 0.591943794E+00 0.384320497E+00 0.577889326E+00
 0.380375842E+00 0.563809818E+00 0.376522458E+00 0.549705059E+00 0.372762640E+00
 0.535575072E+00 0.369097960E+00 0.521420113E+00 0.365529594E+00 0.507240568E+00
 0.362058562E+00 0.493036883E+00 0.358685771E+00 0.478809550E+00 0.355412170E+00
 0.464559068E+00 0.352238897E+00 0.450285911E+00 0.349166641E+00 0.435990669E+00
 0.346195651E+00 0.421674039E+00 0.343325970E+00 0.407336758E+00 0.340557706E+00
 0.392979551E+00 0.337891146E+00 0.378603107E+00 0.335326608E+00 0.364208114E+00
 0.332864127E+00 0.349795312E+00 0.330503276E+00 0.335365514E+00 0.328243770E+00
 0.320919500E+00 0.326085735E+00 0.306457979E+00 0.324029782E+00 0.291981593E+00
 0.322077040E+00 0.277490925E+00 0.320228864E+00 0.262986551E+00 0.318485581E+00
 0.248469195E+00 0.316846903E+00 0.233939660E+00 0.315312412E+00 0.219398752E+00
 0.313881630E+00 0.204847273E+00 0.312553787E+00 0.190286040E+00 0.311327321E+00
 0.175715916E+00 0.310200808E+00 0.161137723E+00 0.309173258E+00 0.146552221E+00
 0.308244185E+00 0.131960115E+00 0.307413731E+00 0.117362064E+00 0.306682369E+00
 0.102758713E+00 0.306050450E+00 0.881507220E-01 0.305518199E+00 0.735387598E-01
 0.305085697E+00 0.589235049E-01 0.304751953E+00 0.443056608E-01 0.304515781E+00
 0.296859143E-01 0.304376623E+00 0.150649224E-01 0.304334415E+00 0.443329268E-03
 0.304389300E+00-0.141782218E-01 0.304541108E+00-0.287990878E-01 0.304789731E+00
-0.434186280E-01 0.305135324E+00-0.580361973E-01 0.305578373E+00-0.726511370E-01
 0.306119385E+00-0.872627782E-01 0.306758636E+00-0.101870451E+00 0.307496810E+00
-0.116473459E+00 0.308335075E+00-0.131071062E+00 0.309274976E+00-0.145662473E+00
 0.310317073E+00-0.160246942E+00 0.311460797E+00-0.174823794E+00 0.312705439E+00
-0.189392375E+00 0.314050342E+00-0.203952044E+00 0.315495258E+00-0.218502128E+00
 0.317041315E+00-0.233041812E+00 0.318690345E+00-0.247570176E+00 0.320444221E+00
-0.262086255E+00 0.322304511E+00-0.276589080E+00 0.324271657E+00-0.291077799E+00
 0.326344213E+00-0.305551815E+00 0.328520506E+00-0.320010599E+00 0.330799124E+00
-0.334453611E+00 0.333179055E+00-0.348880274E+00 0.335660092E+00-0.363289894E+00
 0.338243087E+00-0.377681587E+00 0.340929019E+00-0.392054423E+00 0.343718740E+00
-0.406407475E+00 0.346612816E+00-0.420739850E+00 0.349610895E+00-0.435050831E+00
 0.352711918E+00-0.449339859E+00 0.355914825E+00-0.463606395E+00 0.359218760E+00
-0.477849875E+00 0.362623208E+00-0.492069664E+00 0.366128265E+00-0.506264990E+00
 0.369733580E+00-0.520435184E+00 0.373438229E+00-0.534579734E+00 0.377240918E+00
-0.548698242E+00 0.381139978E+00-0.562790441E+00 0.385133275E+00-0.576856228E+00
 0.389218205E+00-0.590895678E+00 0.393391687E+00-0.604909062E+00 0.397650387E+00
-0.618896784E+00 0.401991544E+00-0.632859136E+00 0.406413026E+00-0.646796261E+00
 0.410912424E+00-0.660708428E+00 0.415486630E+00-0.674596180E+00 0.420131750E+00
-0.688460376E+00 0.424843508E+00-0.702302068E+00 0.429618455E+00-0.716122090E+00
 0.434453743E+00-0.729921117E+00 0.439346311E+00-0.743699940E+00 0.444292472E+00
-0.757459617E+00 0.449288010E+00-0.771201445E+00 0.454329215E+00-0.784926587E+00
 0.459413013E+00-0.798636010E+00 0.464537005E+00-0.812330462E+00 0.469698788E+00
-0.826010715E+00 0.474896165E+00-0.839677484E+00 0.480128630E+00-0.853330859E+00
 0.485396328E+00-0.866970678E+00 0.490699950E+00-0.880596569E+00 0.496041016E+00
-0.894207826E+00 0.501422471E+00-0.907803164E+00 0.506851173E+00-0.921379703E+00
 0.512335852E+00-0.934933722E+00 0.517887023E+00-0.948460640E+00 0.523518579E+00
-0.961954282E+00 0.529250229E+00-0.975405699E+00 0.535111855E+00-0.988800959E+00
 0.541146794E+00-0.100211898E+01 0.547419837E+00-0.101532641E+01 0.554033603E+00
-0.102836626E+01 0.561159545E+00-0.104113265E+01 0.569095296E+00-0.105340961E+01
 0.578361894E+00-0.106470731E+01 0.589679191E+00-0.107392212E+01 0.603160210E+00
-0.107945984E+01 0.617663343E+00-0.108110036E+01 0.632248095E+00-0.108018581E+01
 0.646680585E+00-0.107785730E+01 0.660962531E+00-0.107472792E+01 0.675128979E+00
-0.107110932E+01 0.689209481E+00-0.106716879E+01 0.703224134E+00-0.106299985E+01
 0.717185858E+00-0.105865682E+01 0.731102639E+00-0.105417181E+01 0.744978789E+00
-0.104956260E+01 0.758816320E+00-0.104483870E+01 0.772615409E+00-0.104000366E+01
 0.786375694E+00-0.103505926E+01 0.800095178E+00-0.103000277E+01 0.813769518E+00
-0.102482545E+01 0.827392475E+00-0.101951443E+01 0.840956687E+00-0.101405515E+01
 0.854453945E+00-0.100843242E+01 0.867875556E+00-0.100263146E+01 0.881212564E+00
-0.996638590E+00 0.894455674E+00-0.990441019E+00 0.907595609E+00-0.984027630E+00
 0.920623486E+00-0.977389590E+00 0.933532512E+00-0.970523289E+00 0.946316666E+00
-0.963427212E+00 0.958967618E+00-0.956096325E+00 0.971473636E+00-0.948520872E+00
 0.983822105E+00-0.940691261E+00 0.996001177E+00-0.932600690E+00 0.100800053E+01
-0.924245898E+00 0.101981336E+01-0.915629401E+00 0.103143616E+01-0.906758216E+00
 0.104286684E+01-0.897640804E+00 0.105410309E+01-0.888284813E+00 0.106513914E+01
-0.878693502E+00 0.107596503E+01-0.868865595E+00 0.108657011E+01-0.858799830E+00
 0.109694653E+01-0.848498507E+00 0.110709248E+01-0.837970087E+00 0.111701074E+01
-0.827226895E+00 0.112670268E+01-0.816279092E+00 0.113615888E+01-0.805127067E+00
 0.114536513E+01-0.793767840E+00 0.115431110E+01-0.782202532E+00 0.116299244E+01
-0.770437286E+00 0.117140899E+01-0.758481171E+00 0.117956007E+01-0.746342523E+00
 0.118743980E+01-0.734026009E+00 0.119503970E+01-0.721534893E+00 0.120235629E+01
-0.708875740E+00 0.120939240E+01-0.696058561E+00 0.121615345E+01-0.683094169E+00
 0.122263983E+01-0.669990200E+00 0.122884942E+01-0.656752818E+00 0.123478540E+01
-0.643390492E+00 0.124045676E+01-0.629913702E+00 0.124587554E+01-0.616333365E+00
 0.125105168E+01-0.602658694E+00 0.125599347E+01-0.588897585E+00 0.126071223E+01
-0.575058391E+00 0.126522310E+01-0.561150030E+00 0.126954410E+01-0.547181496E+00
 0.127369363E+01-0.533161051E+00 0.127768747E+01-0.519095453E+00 0.128154007E+01
-0.504990506E+00 0.128526638E+01-0.490851657E+00 0.128888235E+01-0.476684180E+00
 0.129240473E+01-0.462493136E+00 0.129585092E+01-0.448283389E+00 0.129923944E+01
-0.434059776E+00 0.130258950E+01-0.419827051E+00 0.130592006E+01-0.405589749E+00
 0.130924211E+01-0.391350458E+00 0.131255934E+01-0.377110044E+00 0.131587629E+01
-0.362869565E+00 0.131919920E+01-0.348630475E+00 0.132253584E+01-0.334394596E+00
 0.132588950E+01-0.320162718E+00 0.132926007E+01-0.305934835E+00 0.133264734E+01
-0.291710919E+00 0.133605036E+01-0.277490762E+00 0.133946526E+01-0.263273454E+00
 0.134287992E+01-0.249056087E+00 0.134627807E+01-0.234834766E+00 0.134964207E+01
-0.220605332E+00 0.135295262E+01-0.206363374E+00 0.135618937E+01-0.192104470E+00
 0.135933397E+01-0.177824969E+00 0.136236644E+01-0.163521246E+00 0.136526347E+01
-0.149189495E+00 0.136799780E+01-0.134825840E+00 0.137054089E+01-0.120427118E+00
 0.137286757E+01-0.105991874E+00 0.137495230E+01-0.915197367E-01 0.137676888E+01
-0.770115349E-01 0.137829108E+01-0.624695351E-01 0.137949903E+01-0.478980848E-01
 0.138038103E+01-0.333032945E-01 0.138092729E+01-0.186920993E-01 0.138112987E+01
-0.407211061E-02 0.138098364E+01 0.105485467E-01 0.138049235E+01 0.251616926E-01
 0.137966555E+01 0.397597160E-01 0.137851464E+01 0.543357860E-01 0.137705240E+01
 0.688839411E-01 0.137529506E+01 0.833994351E-01 0.137326863E+01 0.978798497E-01
 0.137100111E+01 0.112324508E+00 0.136851969E+01 0.126733989E+00 0.136585032E+01
 0.141109860E+00 0.136301953E+01 0.155454843E+00 0.136005540E+01 0.169772884E+00
 0.135698226E+01 0.184067937E+00 0.135382082E+01 0.198343729E+00 0.135058891E+01
 0.212603741E+00 0.134730464E+01 0.226851789E+00 0.134398705E+01 0.241092118E+00
 0.134065360E+01 0.255328745E+00 0.133732038E+01 0.269565424E+00 0.133400176E+01
 0.283805513E+00 0.133070410E+01 0.298050470E+00 0.132742718E+01 0.312300214E+00
 0.132416972E+01 0.326554418E+00 0.132093036E+01 0.340812747E+00 0.131770727E+01
 0.355074763E+00 0.131449285E+01 0.369338736E+00 0.131127827E+01 0.383602673E+00
 0.130805652E+01 0.397864992E+00 0.130482207E+01 0.412124434E+00 0.130156800E+01
 0.426379413E+00 0.129827756E+01 0.440626035E+00 0.129493070E+01 0.454859506E+00
 0.129150754E+01 0.469074809E+00 0.128798881E+01 0.483266749E+00 0.128435630E+01
 0.497429983E+00 0.128059287E+01 0.511558981E+00 0.127668260E+01 0.525648036E+00
 0.127261067E+01 0.539691210E+00 0.126836247E+01 0.553682051E+00 0.126392104E+01
 0.567612741E+00 0.125926761E+01 0.581474028E+00 0.125438513E+01 0.595256286E+00
 0.124926024E+01 0.608950233E+00 0.124388373E+01 0.622547348E+00 0.123824833E+01
 0.636039207E+00 0.123234416E+01 0.649415612E+00 0.122616178E+01 0.662665717E+00
 0.121969672E+01 0.675780209E+00 0.121295097E+01 0.688752560E+00 0.120592945E+01
 0.701577742E+00 0.119863094E+01 0.714247332E+00 0.119105286E+01 0.726751702E+00
 0.118319736E+01 0.739083682E+00 0.117507303E+01 0.751240264E+00 0.116669032E+01
 0.763220146E+00 0.115805506E+01 0.775019291E+00 0.114916928E+01 0.786630933E+00
 0.114003572E+01 0.798048704E+00 0.113066163E+01 0.809269861E+00 0.112105886E+01
 0.820295971E+00 0.111124005E+01 0.831130166E+00 0.110120862E+01 0.841767785E+00
 0.109096152E+01 0.852197800E+00 0.108049664E+01 0.862409278E+00 0.106981710E+01
 0.872396044E+00 0.105892986E+01 0.882155967E+00 0.104784377E+01 0.891689423E+00
 0.103656629E+01 0.900995697E+00 0.102510096E+01 0.910069513E+00 0.101344877E+01
 0.918902075E+00 0.100161072E+01 0.927483909E+00 0.989590268E+00 0.935808335E+00
 0.977395347E+00 0.943875020E+00 0.965036601E+00 0.951688425E+00 0.952526138E+00
 0.959256564E+00 0.939876570E+00 0.966589867E+00 0.927098530E+00 0.973696967E+00
 0.914198842E+00 0.980580814E+00 0.901183729E+00 0.987243870E+00 0.888061440E+00
 0.993693322E+00 0.874841628E+00 0.999940472E+00 0.861534145E+00 0.100599866E+01
 0.848148865E+00 0.101188301E+01 0.834695526E+00 0.101761008E+01 0.821184009E+00
 0.102319856E+01 0.807623757E+00 0.102866775E+01 0.794023086E+00 0.103403566E+01
 0.780388785E+00 0.103931759E+01 0.766726183E+00 0.104452589E+01 0.753039481E+00
 0.104967053E+01 0.739332654E+00 0.105476132E+01 0.725610030E+00 0.105980938E+01
 0.711875434E+00 0.106482478E+01 0.698132843E+00 0.106981823E+01 0.684385589E+00
 0.107479884E+01 0.670637383E+00 0.107977681E+01 0.656891300E+00 0.108476064E+01
 0.643150770E+00 0.108975977E+01 0.629418989E+00 0.109478287E+01 0.615698962E+00
 0.109983798E+01 0.601993571E+00 0.110493264E+01 0.588303879E+00 0.111006933E+01
 0.574634866E+00 0.111526080E+01
 0.156441580E+01 0.156423520E+01 0.173298350E+01 0.167901950E+01 0.134847970E+01
 0.206041340E+01 0.108819530E+01 0.205946000E+01 0.902253030E+00 0.187565310E+01
 0.903668760E+00 0.187424170E+01 0.533866470E+00 0.150285580E+01 0.538010660E+00
 0.149874330E+01 0.332797140E+00 0.129708960E+01 0.332797140E+00 0.109400000E+01
 0.334795920E+00 0.109400000E+01 0.303115250E+00 0.847500000E+00 0.305114030E+00
 0.847500000E+00 0.269135950E+00 0.565000000E+00 0.271134730E+00 0.565000000E+00
 0.260841000E+00 0.495257700E+00 0.260841000E+00-0.507257700E+00 0.271134730E+00
-0.576999960E+00 0.269135950E+00-0.576999960E+00 0.305114030E+00-0.859500000E+00
 0.303115250E+00-0.859500000E+00 0.334795920E+00-0.110600010E+01 0.332797140E+00
-0.110600010E+01 0.332797140E+00-0.130908970E+01 0.538598100E+00-0.150990190E+01
 0.534468950E+00-0.151402960E+01 0.905629600E+00-0.188405800E+01 0.904219000E+00
-0.188547470E+01 0.108819530E+01-0.206614000E+01 0.134847970E+01-0.206518650E+01
 0.173017910E+01-0.168098580E+01 0.156441580E+01-0.156883530E+01 0.137999130E+01
-0.157688300E+01 0.137989190E+01-0.157672700E+01 0.119622210E+01-0.158474990E+01
 0.119631650E+01-0.158489800E+01 0.105537410E+01-0.159104840E+01 0.105528350E+01
-0.159090630E+01 0.947502500E+00-0.159561420E+01 0.905686400E+00-0.159556230E+01
 0.899143000E+00-0.159478470E+01 0.883387860E+00-0.159026430E+01 0.867681200E+00
-0.158087360E+01 0.851322350E+00-0.156766880E+01 0.833481900E+00-0.154624210E+01
 0.826062560E+00-0.152875240E+01 0.822677700E+00-0.151516830E+01 0.821022750E+00
-0.149624060E+01 0.820691350E+00-0.147724350E+01 0.822887360E+00-0.144582030E+01
 0.827573000E+00-0.141923050E+01 0.839194600E+00-0.138728100E+01 0.855244300E+00
-0.135284130E+01 0.877566500E+00-0.132209860E+01 0.899473500E+00-0.130017830E+01
 0.118567730E+01-0.101380000E+01 0.127900000E+01-0.842300000E+00 0.129600000E+01
-0.820200000E+00 0.143300000E+01-0.820200000E+00 0.143300000E+01-0.711000000E+00
 0.149000000E+01-0.491000000E+00 0.146000000E+01-0.491000000E+00 0.146000000E+01
-0.233000000E+00 0.166100000E+01-0.233000000E+00 0.166100000E+01 0.226000000E+00
 0.146000000E+01 0.226000000E+00 0.146000000E+01 0.481000000E+00 0.149300000E+01
 0.481000000E+00 0.147400000E+01 0.554000000E+00 0.143300000E+01 0.711000000E+00
 0.143300000E+01 0.815600000E+00 0.129600000E+01 0.815600000E+00 0.127900000E+01
 0.837699950E+00 0.118567730E+01 0.100920000E+01 0.899473500E+00 0.129557820E+01
 0.877566500E+00 0.131749860E+01 0.855244300E+00 0.134824120E+01 0.839194600E+00
 0.138268090E+01 0.827573000E+00 0.141463040E+01 0.822887360E+00 0.144122030E+01
 0.820691350E+00 0.147264350E+01 0.821022750E+00 0.149164060E+01 0.822677700E+00
 0.151056830E+01 0.826062560E+00 0.152415240E+01 0.833481900E+00 0.154164210E+01
 0.851322350E+00 0.156306870E+01 0.867681200E+00 0.157627360E+01 0.883387860E+00
 0.158566430E+01 0.899143000E+00 0.159018470E+01 0.905686400E+00 0.159096230E+01
 0.947502500E+00 0.159101410E+01 0.105528350E+01 0.158630620E+01 0.105537410E+01
 0.158644830E+01 0.119631650E+01 0.158029800E+01 0.119622210E+01 0.158014990E+01
 0.137989190E+01 0.157212700E+01 0.137999130E+01 0.157228290E+01 0.156441580E+01
 0.156423520E+01
    0
