EFIT++      MAST # 47012 # 560ms                   0  65  65
 0.194000000E+01 0.440000000E+01 0.800000000E+00 0.600000000E-01 0.000000000E+00
 0.945845528E+00 0.943245064E-03-0.681427637E-01 0.342392787E-01-0.654117803E+00
 0.756434541E+06-0.681427637E-01 0.000000000E+00 0.945845528E+00 0.000000000E+00
 0.943245064E-03 0.000000000E+00 0.342392787E-01 0.000000000E+00 0.000000000E+00
-0.617991580E+00-0.614247775E+00-0.610589342E+00-0.607016251E+00-0.603528440E+00
-0.600125803E+00-0.596808201E+00-0.593575450E+00-0.590427329E+00-0.587363574E+00
-0.584383880E+00-0.581487898E+00-0.578675237E+00-0.575945459E+00-0.573298086E+00
-0.570732591E+00-0.568248406E+00-0.565844915E+00-0.563521457E+00-0.561277326E+00
-0.559111772E+00-0.557023997E+00-0.555013161E+00-0.553078377E+00-0.551218716E+00
-0.549433204E+00-0.547720824E+00-0.546080517E+00-0.544511182E+00-0.543011678E+00
-0.541580822E+00-0.540217395E+00-0.538920138E+00-0.537687754E+00-0.536518914E+00
-0.535412250E+00-0.534366365E+00-0.533379826E+00-0.532451172E+00-0.531578911E+00
-0.530761525E+00-0.529997465E+00-0.529285162E+00-0.528623018E+00-0.528009417E+00
-0.527442718E+00-0.526921263E+00-0.526443373E+00-0.526007353E+00-0.525611492E+00
-0.525254065E+00-0.524933333E+00-0.524647544E+00-0.524394936E+00-0.524173737E+00
-0.523982166E+00-0.523818434E+00-0.523680745E+00-0.523567298E+00-0.523476285E+00
-0.523405896E+00-0.523354316E+00-0.523319727E+00-0.523300310E+00-0.523294242E+00
 0.214962965E+05 0.209862850E+05 0.204769121E+05 0.199684143E+05 0.194610284E+05
 0.189549908E+05 0.184505382E+05 0.179479071E+05 0.174473341E+05 0.169490558E+05
 0.164533088E+05 0.159603296E+05 0.154703549E+05 0.149836213E+05 0.145003652E+05
 0.140208233E+05 0.135452322E+05 0.130738285E+05 0.126068487E+05 0.121445295E+05
 0.116871073E+05 0.112348189E+05 0.107879007E+05 0.103465894E+05 0.991112151E+04
 0.948173365E+04 0.905866240E+04 0.864214435E+04 0.823241606E+04 0.782971413E+04
 0.743427514E+04 0.704633567E+04 0.666613231E+04 0.629390163E+04 0.592988022E+04
 0.557430467E+04 0.522741155E+04 0.488943745E+04 0.456061896E+04 0.424119265E+04
 0.393139510E+04 0.363146291E+04 0.334163265E+04 0.306214091E+04 0.279322427E+04
 0.253511931E+04 0.228806261E+04 0.205229076E+04 0.182804035E+04 0.161554795E+04
 0.141505014E+04 0.122678352E+04 0.105098466E+04 0.887890140E+03 0.737736553E+03
 0.600760477E+03 0.477198496E+03 0.367287192E+03 0.271263149E+03 0.189362949E+03
 0.121823175E+03 0.688804104E+02 0.307712377E+02 0.773223990E+01 0.000000000E+00
-0.146276877E+01-0.142112621E+01-0.138008004E+01-0.133963029E+01-0.129977694E+01
-0.126052000E+01-0.122185947E+01-0.118379534E+01-0.114632762E+01-0.110945630E+01
-0.107318139E+01-0.103750289E+01-0.100242080E+01-0.967935107E+00-0.934045824E+00
-0.900752948E+00-0.868056479E+00-0.835956416E+00-0.804452759E+00-0.773545509E+00
-0.743234666E+00-0.713520229E+00-0.684402198E+00-0.655880574E+00-0.627955357E+00
-0.600626546E+00-0.573894142E+00-0.547758144E+00-0.522218552E+00-0.497275368E+00
-0.472928589E+00-0.449178217E+00-0.426024252E+00-0.403466693E+00-0.381505541E+00
-0.360140795E+00-0.339372456E+00-0.319200523E+00-0.299624997E+00-0.280645877E+00
-0.262263164E+00-0.244476857E+00-0.227286957E+00-0.210693463E+00-0.194696376E+00
-0.179295695E+00-0.164491421E+00-0.150283554E+00-0.136672092E+00-0.123657038E+00
-0.111238390E+00-0.994161481E-01-0.881903131E-01-0.775608845E-01-0.675278624E-01
-0.580912469E-01-0.492510378E-01-0.410072353E-01-0.333598393E-01-0.263088498E-01
-0.198542668E-01-0.139960904E-01-0.873432039E-02-0.406895694E-02 0.000000000E+00
-0.318963433E+06-0.318638172E+06-0.318165022E+06-0.317543981E+06-0.316775049E+06
-0.315858228E+06-0.314793516E+06-0.313580914E+06-0.312220422E+06-0.310712039E+06
-0.309055766E+06-0.307251603E+06-0.305299550E+06-0.303199606E+06-0.300951772E+06
-0.298556048E+06-0.296012434E+06-0.293320929E+06-0.290481534E+06-0.287494249E+06
-0.284359074E+06-0.281076008E+06-0.277645052E+06-0.274066206E+06-0.270339470E+06
-0.266464843E+06-0.262442326E+06-0.258271919E+06-0.253953621E+06-0.249487434E+06
-0.244873356E+06-0.240111387E+06-0.235201529E+06-0.230143780E+06-0.224938141E+06
-0.219584612E+06-0.214083192E+06-0.208433882E+06-0.202636682E+06-0.196691592E+06
-0.190598611E+06-0.184357741E+06-0.177968979E+06-0.171432328E+06-0.164747787E+06
-0.157915355E+06-0.150935033E+06-0.143806820E+06-0.136530717E+06-0.129106725E+06
-0.121534841E+06-0.113815068E+06-0.105947404E+06-0.979318504E+05-0.897684062E+05
-0.814570717E+05-0.729978470E+05-0.643907320E+05-0.556357268E+05-0.467328313E+05
-0.376820456E+05-0.284833696E+05-0.191368033E+05-0.964234678E+04 0.000000000E+00
 4.883330530e-05 1.104024918e-04 1.963954700e-04 3.064838038e-04 4.403311966e-04
 5.975839014e-04 7.777222770e-04 9.793043564e-04 1.215020455e-03 1.516005405e-03
 1.853943327e-03 2.228631036e-03 2.652583528e-03 3.126366319e-03 3.657465169e-03
 4.253134828e-03 4.904997696e-03 5.624002231e-03 6.397351200e-03 7.226530256e-03
 8.106037571e-03 9.016552168e-03 9.959971834e-03 1.090413809e-02 1.184493586e-02
 1.276421139e-02 1.364467375e-02 1.449771374e-02 1.529989249e-02 1.607166692e-02
 1.680240049e-02 1.749130226e-02 1.815419197e-02 1.876507491e-02 1.935079703e-02
 1.988773059e-02 2.038124889e-02 2.084069391e-02 2.123859148e-02 2.159907515e-02
 2.189377750e-02 2.213551751e-02 2.232251750e-02 2.243414590e-02 2.249963906e-02
 2.248086105e-02 2.240158634e-02 2.224891379e-02 2.200992592e-02 2.171523900e-02
 2.132351667e-02 2.087552235e-02 2.035068959e-02 1.975704242e-02 1.913258403e-02
 1.845371732e-02 1.779030115e-02 1.714472851e-02 1.655648811e-02 1.610000308e-02
 1.576433052e-02 1.562720177e-02 1.566411623e-02 1.585884351e-02 1.622111217e-02
 5.068239584e-05 1.141227242e-04 2.019784715e-04 3.132696518e-04 4.469944474e-04
 6.022594449e-04 7.784493471e-04 9.774938855e-04 1.209876316e-03 1.506313035e-03
 1.841572427e-03 2.217990262e-03 2.641090365e-03 3.105931994e-03 3.688320186e-03
 4.350213287e-03 5.090975024e-03 5.915067310e-03 6.824935995e-03 7.818829719e-03
 8.890340279e-03 1.002698584e-02 1.120516391e-02 1.239215276e-02 1.355026511e-02
 1.464628513e-02 1.566266368e-02 1.660078700e-02 1.747368568e-02 1.829544499e-02
 1.907527508e-02 1.981703993e-02 2.052098262e-02 2.118542679e-02 2.180790497e-02
 2.238569931e-02 2.291605184e-02 2.339611198e-02 2.382278689e-02 2.419281221e-02
 2.450284207e-02 2.474935875e-02 2.492851689e-02 2.503606941e-02 2.506737584e-02
 2.501741419e-02 2.488088604e-02 2.465231066e-02 2.432619202e-02 2.389725618e-02
 2.336075628e-02 2.271301721e-02 2.195221610e-02 2.107970746e-02 2.010213610e-02
 1.903475476e-02 1.790634385e-02 1.676555328e-02 1.568696583e-02 1.477127371e-02
 1.413004938e-02 1.385032417e-02 1.395484374e-02 1.439010360e-02 1.506011298e-02
 5.515311264e-05 1.233621283e-04 2.163968588e-04 3.320186855e-04 4.679928819e-04
 6.225389542e-04 7.948300129e-04 9.869534101e-04 1.211768525e-03 1.464522101e-03
 1.764104029e-03 2.117387620e-03 2.523914609e-03 2.999817170e-03 3.570185753e-03
 4.256707041e-03 5.060738803e-03 5.990495709e-03 7.053796094e-03 8.254403231e-03
 9.592432974e-03 1.106350720e-02 1.264705117e-02 1.428632894e-02 1.585301402e-02
 1.720239708e-02 1.829014383e-02 1.919550328e-02 2.003313938e-02 2.085235060e-02
 2.165812817e-02 2.244266021e-02 2.319664989e-02 2.391222540e-02 2.458333764e-02
 2.520545896e-02 2.577511285e-02 2.628939833e-02 2.674556939e-02 2.714069222e-02
 2.747137677e-02 2.773356995e-02 2.792240754e-02 2.803212670e-02 2.805603531e-02
 2.798652508e-02 2.781510937e-02 2.753246328e-02 2.712844417e-02 2.659207583e-02
 2.591149230e-02 2.507386422e-02 2.406538549e-02 2.287151381e-02 2.147790826e-02
 1.987305900e-02 1.805483505e-02 1.604585384e-02 1.392766156e-02 1.190721428e-02
 1.038837971e-02 9.852655135e-03 1.043663337e-02 1.178621833e-02 1.344813346e-02
 6.558260242e-05 1.451891493e-04 2.510513279e-04 3.781508332e-04 5.212112588e-04
 6.754564868e-04 8.374105674e-04 1.007575532e-03 1.193119666e-03 1.392774673e-03
 1.619970185e-03 1.891368665e-03 2.218712600e-03 2.625657677e-03 3.141407541e-03
 3.797023256e-03 4.621289610e-03 5.636955038e-03 6.857999159e-03 8.289416280e-03
 9.933126175e-03 1.180882612e-02 1.394819959e-02 1.649495126e-02 1.913398333e-02
 2.085210496e-02 2.163665652e-02 2.200951517e-02 2.274252969e-02 2.359677059e-02
 2.448070850e-02 2.535177788e-02 2.618722619e-02 2.697438435e-02 2.770636873e-02
 2.837973229e-02 2.899295006e-02 2.954532770e-02 3.003617002e-02 3.046414147e-02
 3.082678880e-02 3.112021059e-02 3.133886261e-02 3.147548559e-02 3.152113432e-02
 3.146527590e-02 3.129591167e-02 3.099966394e-02 3.056175598e-02 2.996580008e-02
 2.919329188e-02 2.822268003e-02 2.702782590e-02 2.557556209e-02 2.382185788e-02
 2.170572681e-02 1.913933954e-02 1.599164719e-02 1.206071224e-02 7.025044886e-03
-6.811296311e-04-2.259380398e-03 3.420040537e-03 8.438315313e-03 1.220045237e-02
 8.876916193e-05 1.941859937e-04 3.299911501e-04 4.855962109e-04 6.495333531e-04
 8.107737847e-04 9.600751037e-04 1.093238660e-03 1.212164554e-03 1.313870733e-03
 1.405837589e-03 1.510413224e-03 1.645782218e-03 1.847169640e-03 2.167246845e-03
 2.672435214e-03 3.432725471e-03 4.503362531e-03 5.906852151e-03 7.627116226e-03
 9.619762661e-03 1.182815446e-02 1.418901681e-02 1.661141024e-02 1.891859883e-02
 2.091421336e-02 2.255349469e-02 2.395205523e-02 2.523107928e-02 2.643183458e-02
 2.755749346e-02 2.860284675e-02 2.956411550e-02 3.044098412e-02 3.123624920e-02
 3.195479449e-02 3.260242960e-02 3.318478317e-02 3.370633031e-02 3.416959265e-02
 3.457453400e-02 3.491816799e-02 3.519438867e-02 3.539402435e-02 3.550509678e-02
 3.551324174e-02 3.540221782e-02 3.515440053e-02 3.475113542e-02 3.417280635e-02
 3.339846219e-02 3.240482387e-02 3.116443715e-02 2.964259669e-02 2.779234626e-02
 2.554615753e-02 2.280132091e-02 1.939236475e-02 1.503380908e-02 9.174938441e-03
 8.662205799e-04-1.207434561e-03 5.256326596e-03 1.092747878e-02 1.498619833e-02
 1.380917553e-04 2.991603539e-04 5.009956822e-04 7.223345990e-04 9.399944982e-04
 1.131454313e-03 1.277178074e-03 1.362709567e-03 1.390911570e-03 1.345654590e-03
 1.228875588e-03 1.051611537e-03 8.245416457e-04 5.727825155e-04 3.712983873e-04
 3.722179237e-04 8.040820454e-04 1.880016443e-03 3.661006472e-03 6.016449736e-03
 8.720139238e-03 1.157196779e-02 1.443634723e-02 1.722168590e-02 1.985856598e-02
 2.229612847e-02 2.450827924e-02 2.649367610e-02 2.826536276e-02 2.983948287e-02
 3.123076098e-02 3.245325453e-02 3.352219683e-02 3.445486211e-02 3.527024077e-02
 3.598796294e-02 3.662692868e-02 3.720394066e-02 3.773248227e-02 3.822169734e-02
 3.867560653e-02 3.909261042e-02 3.946534703e-02 3.978096678e-02 4.002185272e-02
 4.016675228e-02 4.019221344e-02 4.007414592e-02 3.978927606e-02 3.931625083e-02
 3.863618868e-02 3.773257780e-02 3.659057338e-02 3.519593434e-02 3.353410315e-02
 3.159044329e-02 2.935391962e-02 2.682993309e-02 2.407742172e-02 2.130902226e-02
 1.909409947e-02 1.827450057e-02 1.900094238e-02 2.057178539e-02 2.236022592e-02
 2.392211438e-04 5.155289625e-04 8.560346710e-04 1.218699017e-03 1.557533156e-03
 1.828374716e-03 1.994719461e-03 2.034294855e-03 1.940525268e-03 1.708662770e-03
 1.340242560e-03 8.275091118e-04 1.321836871e-04-8.493259081e-04-2.274953818e-03
-4.112609531e-03-5.493846241e-03-4.591465517e-03-1.216228970e-03 3.491684411e-03
 7.957800323e-03 1.201897832e-02 1.574900667e-02 1.920347164e-02 2.240594625e-02
 2.535766607e-02 2.804796136e-02 3.046268765e-02 3.259064263e-02 3.442836938e-02
 3.598336259e-02 3.727520901e-02 3.833435996e-02 3.919898380e-02 3.991096560e-02
 4.051213124e-02 4.104129415e-02 4.153216218e-02 4.201181077e-02 4.249939652e-02
 4.300496818e-02 4.352848245e-02 4.405931431e-02 4.457658537e-02 4.505052616e-02
 4.544490739e-02 4.572038275e-02 4.583839445e-02 4.576510315e-02 4.547467569e-02
 4.495132404e-02 4.418982028e-02 4.319474608e-02 4.197926372e-02 4.056453173e-02
 3.898099854e-02 3.727273635e-02 3.550551231e-02 3.377731952e-02 3.222414507e-02
 3.100371905e-02 3.024329122e-02 2.998029078e-02 3.015989542e-02 3.065235730e-02
 4.400610952e-04 9.484694283e-04 1.572609179e-03 2.228844790e-03 2.822742710e-03
 3.263086286e-03 3.477623236e-03 3.428006719e-03 3.121392550e-03 2.597007044e-03
 1.936892728e-03 1.216732496e-03 4.521215900e-04-5.191160101e-04-2.024502881e-03
-4.524943013e-03-7.156832138e-03-6.185327016e-03-1.571200758e-03 4.982769881e-03
 1.027355525e-02 1.491005606e-02 1.914758456e-02 2.310399400e-02 2.682162487e-02
 3.029447085e-02 3.348345110e-02 3.633065476e-02 3.877713468e-02 4.078292274e-02
 4.234286712e-02 4.349141328e-02 4.429482258e-02 4.483612319e-02 4.520051062e-02
 4.546602405e-02 4.569988696e-02 4.595825598e-02 4.628669982e-02 4.671954079e-02
 4.727746602e-02 4.796412613e-02 4.876328533e-02 4.963802958e-02 5.053274098e-02
 5.137775821e-02 5.209641339e-02 5.261413622e-02 5.286873724e-02 5.281972310e-02
 5.245370601e-02 5.178396692e-02 5.084482022e-02 4.968374135e-02 4.835459243e-02
 4.691384689e-02 4.541980803e-02 4.393341509e-02 4.251844716e-02 4.123873817e-02
 4.015092464e-02 3.929131003e-02 3.871094076e-02 3.837091384e-02 3.823337942e-02
 8.202520058e-04 1.783893255e-03 2.987025391e-03 4.264938668e-03 5.406588624e-03
 6.196324395e-03 6.475327081e-03 6.171290093e-03 5.284458875e-03 3.872500935e-03
 2.292519473e-03 1.244891439e-03 1.096670472e-03 1.685410532e-03 2.416020031e-03
 3.207410044e-03 4.367832627e-03 6.265453919e-03 9.041311526e-03 1.252635312e-02
 1.641874862e-02 2.050217640e-02 2.467661670e-02 2.889753574e-02 3.312356398e-02
 3.728050848e-02 4.123545145e-02 4.479003788e-02 4.771584064e-02 4.983715298e-02
 5.111458157e-02 5.166307095e-02 5.169059894e-02 5.141268028e-02 5.100161969e-02
 5.057940429e-02 5.023247075e-02 5.002979006e-02 5.003554667e-02 5.031208195e-02
 5.091115607e-02 5.185701667e-02 5.313106839e-02 5.466697547e-02 5.635645974e-02
 5.805919144e-02 5.961299626e-02 6.084968134e-02 6.162368825e-02 6.184854915e-02
 6.152096636e-02 6.071423296e-02 5.954479799e-02 5.813480322e-02 5.658929508e-02
 5.499020363e-02 5.339970806e-02 5.186594119e-02 5.042738350e-02 4.911485821e-02
 4.795141908e-02 4.695207118e-02 4.614519158e-02 4.550947210e-02 4.501420306e-02
 1.458764619e-03 3.249196195e-03 5.627097428e-03 8.356660504e-03 1.090580600e-02
 1.243602893e-02 1.258062192e-02 1.164536453e-02 9.832763240e-03 6.973200028e-03
 3.239734542e-03 1.424129643e-03 2.103993549e-03 5.189051509e-03 7.559015797e-03
 9.570616726e-03 1.158945365e-02 1.384048182e-02 1.644945945e-02 1.946306626e-02
 2.287899694e-02 2.668160926e-02 3.086716232e-02 3.545184280e-02 4.046255470e-02
 4.590131824e-02 5.164608440e-02 5.723009880e-02 6.167092578e-02 6.399074483e-02
 6.400584544e-02 6.249450679e-02 6.044979930e-02 5.845548168e-02 5.669377121e-02
 5.520095187e-02 5.397459798e-02 5.301338345e-02 5.238384698e-02 5.222208021e-02
 5.273229019e-02 5.406560947e-02 5.621477893e-02 5.902446325e-02 6.225850445e-02
 6.567480527e-02 6.897779502e-02 7.174926099e-02 7.350849305e-02 7.393623788e-02
 7.309901246e-02 7.139874623e-02 6.928685244e-02 6.706782136e-02 6.489549322e-02
 6.283813744e-02 6.092231913e-02 5.915783005e-02 5.754837703e-02 5.609432239e-02
 5.479488171e-02 5.364850478e-02 5.266734496e-02 5.183003146e-02 5.112622769e-02
 2.267964402e-03 5.181633648e-03 9.379572464e-03 1.508008310e-02 2.224879796e-02
 2.520609339e-02 2.254205839e-02 1.996127062e-02 1.762708414e-02 1.536017526e-02
 1.338297415e-02 1.223533375e-02 1.221823719e-02 1.315159553e-02 1.452801634e-02
 1.612311946e-02 1.792864646e-02 1.999234226e-02 2.236852229e-02 2.510577246e-02
 2.824927990e-02 3.185108323e-02 3.598577249e-02 4.077320361e-02 4.641728353e-02
 5.328812732e-02 6.213616226e-02 7.479265113e-02 8.692964048e-02 8.998899422e-02
 8.341416358e-02 7.368751507e-02 6.778402817e-02 6.373888487e-02 6.073929835e-02
 5.836685506e-02 5.635385305e-02 5.448558925e-02 5.256132929e-02 5.056586192e-02
 4.995810362e-02 5.184980545e-02 5.611113499e-02 6.170844780e-02 6.756011346e-02
 7.389470765e-02 8.107529419e-02 8.867284753e-02 9.367903858e-02 9.373951939e-02
 8.887634698e-02 8.341813613e-02 7.898335734e-02 7.537553124e-02 7.235916398e-02
 6.977544311e-02 6.752213540e-02 6.553225838e-02 6.376402271e-02 6.218603859e-02
 6.077975577e-02 5.953110428e-02 5.842749300e-02 5.744946814e-02 5.657308046e-02
 2.947376157e-03 6.751874808e-03 1.224418638e-02 1.960337542e-02 2.837661077e-02
 3.202132184e-02 2.911794157e-02 2.652369010e-02 2.451208164e-02 2.287893244e-02
 2.162696111e-02 2.080846914e-02 2.047806225e-02 2.063115783e-02 2.121657804e-02
 2.217681413e-02 2.347581916e-02 2.510299620e-02 2.706665882e-02 2.938783334e-02
 3.209782954e-02 3.523971229e-02 3.887309269e-02 4.308165020e-02 4.798177043e-02
 5.372295236e-02 6.042734184e-02 6.778674143e-02 7.384816124e-02 7.619873015e-02
 7.447612652e-02 7.065406699e-02 6.698543686e-02 6.397488303e-02 6.154456923e-02
 5.952957671e-02 5.775531206e-02 5.602204743e-02 5.404874940e-02 5.141816037e-02
 5.024187569e-02 5.234487071e-02 5.794920653e-02 6.466448543e-02 7.122331648e-02
 7.830278504e-02 8.671252799e-02 9.735113955e-02 1.035406620e-01 1.030084648e-01
 9.573179948e-02 8.917017242e-02 8.435962984e-02 8.060644581e-02 7.753435807e-02
 7.493279621e-02 7.267738181e-02 7.069071972e-02 6.892235318e-02 6.733789478e-02
 6.591275752e-02 6.462825493e-02 6.346903135e-02 6.242171815e-02 6.147919742e-02
 3.374165449e-03 7.690809960e-03 1.383317148e-02 2.187737210e-02 3.125134179e-02
 3.520408516e-02 3.201886612e-02 3.033935194e-02 2.908172980e-02 2.798582357e-02
 2.709067029e-02 2.644988777e-02 2.609934428e-02 2.605827283e-02 2.633153914e-02
 2.691573757e-02 2.780580893e-02 2.899946587e-02 3.049888811e-02 3.231052349e-02
 3.444387045e-02 3.690943308e-02 3.971507694e-02 4.285872924e-02 4.631350426e-02
 4.999942238e-02 5.373877982e-02 5.721509120e-02 6.000138330e-02 6.180291654e-02
 6.253222269e-02 6.236916801e-02 6.168874138e-02 6.081213900e-02 5.993959640e-02
 5.917370883e-02 5.856533059e-02 5.815801338e-02 5.803903103e-02 5.839886608e-02
 5.952932207e-02 6.166443318e-02 6.480842439e-02 6.873289855e-02 7.313641911e-02
 7.775222485e-02 8.225903640e-02 8.612839321e-02 8.868032577e-02 8.948435283e-02
 8.868830328e-02 8.688908376e-02 8.468255649e-02 8.241653353e-02 8.024145123e-02
 7.820963341e-02 7.633233218e-02 7.460504482e-02 7.301788053e-02 7.155963771e-02
 7.021929967e-02 6.898648088e-02 6.785147626e-02 6.680527940e-02 6.584441682e-02
 3.628966789e-03 8.244285087e-03 1.476071963e-02 2.321191571e-02 3.293719194e-02
 3.716074787e-02 3.449805981e-02 3.321028089e-02 3.233897216e-02 3.154523674e-02
 3.087264047e-02 3.035557855e-02 3.002285573e-02 2.989672844e-02 2.999301875e-02
 3.032220526e-02 3.089094222e-02 3.170338948e-02 3.276191378e-02 3.406695131e-02
 3.561593827e-02 3.740118641e-02 3.940648349e-02 4.160219328e-02 4.393900149e-02
 4.634164216e-02 4.870626006e-02 5.090760655e-02 5.282114006e-02 5.434892427e-02
 5.551268495e-02 5.632207306e-02 5.685327334e-02 5.722086849e-02 5.753292396e-02
 5.788574188e-02 5.836429834e-02 5.904833475e-02 6.001891352e-02 6.135826214e-02
 6.313690506e-02 6.538956653e-02 6.809113300e-02 7.114722258e-02 7.440105751e-02
 7.764633516e-02 8.064168770e-02 8.313701258e-02 8.492207584e-02 8.588575185e-02
 8.605046395e-02 8.555350480e-02 8.458616826e-02 8.333174631e-02 8.193237259e-02
 8.048426365e-02 7.904669590e-02 7.765341226e-02 7.632188715e-02 7.505971324e-02
 7.386867077e-02 7.274721426e-02 7.169195480e-02 7.069833980e-02 6.975083451e-02
 3.797847462e-03 8.613841660e-03 1.538864793e-02 2.413622036e-02 3.419345704e-02
 3.877587146e-02 3.632811911e-02 3.535903344e-02 3.472229276e-02 3.412103929e-02
 3.357948187e-02 3.312479371e-02 3.278228248e-02 3.257409003e-02 3.251858091e-02
 3.263022648e-02 3.291976993e-02 3.339443426e-02 3.405796527e-02 3.491036283e-02
 3.594722220e-02 3.715867851e-02 3.852803947e-02 4.003034137e-02 4.163129890e-02
 4.328741055e-02 4.494816811e-02 4.656109563e-02 4.807944705e-02 4.947084444e-02
 5.072234918e-02 5.184585744e-02 5.290000137e-02 5.390724184e-02 5.491971514e-02
 5.598337759e-02 5.718527519e-02 5.857906636e-02 6.022197793e-02 6.215452274e-02
 6.438004910e-02 6.691209883e-02 6.973663653e-02 7.280055480e-02 7.599799330e-02
 7.914985050e-02 8.200674619e-02 8.432413267e-02 8.593810377e-02 8.678579992e-02
 8.691666575e-02 8.649127597e-02 8.570988575e-02 8.472653977e-02 8.363842899e-02
 8.250556131e-02 8.136519435e-02 8.024007203e-02 7.914344651e-02 7.808236329e-02
 7.705986543e-02 7.607646952e-02 7.513114903e-02 7.422221017e-02 7.335718258e-02
 3.930590387e-03 8.907369114e-03 1.589419061e-02 2.489133706e-02 3.522896090e-02
 4.010103193e-02 3.790553189e-02 3.709855674e-02 3.661861250e-02 3.611457763e-02
 3.561429289e-02 3.514624287e-02 3.473692377e-02 3.440961777e-02 3.418402374e-02
 3.407626721e-02 3.409902833e-02 3.426165232e-02 3.457016534e-02 3.502714675e-02
 3.563146682e-02 3.637794897e-02 3.725705773e-02 3.825476919e-02 3.935283086e-02
 4.052963439e-02 4.176186278e-02 4.302688424e-02 4.430562902e-02 4.558544538e-02
 4.686230821e-02 4.814177844e-02 4.943921604e-02 5.078336836e-02 5.220214377e-02
 5.372160140e-02 5.538944335e-02 5.724469588e-02 5.932420362e-02 6.165688610e-02
 6.425877496e-02 6.715546650e-02 7.037496391e-02 7.394947544e-02 7.793075523e-02
 8.250808442e-02 8.669489509e-02 8.971975391e-02 9.143741790e-02 9.175603397e-02
 9.069200480e-02 8.895432990e-02 8.762356023e-02 8.646685993e-02 8.541281040e-02
 8.442396821e-02 8.347927280e-02 8.256666404e-02 8.167904602e-02 8.081202642e-02
 7.996266988e-02 7.912881758e-02 7.830870568e-02 7.750059647e-02 7.669590412e-02
 4.053850691e-03 9.184853766e-03 1.638404138e-02 2.564497264e-02 3.625317889e-02
 4.135692374e-02 3.947858668e-02 3.883437807e-02 3.838502024e-02 3.784257406e-02
 3.726009103e-02 3.667629287e-02 3.612025557e-02 3.561501004e-02 3.517945078e-02
 3.482930670e-02 3.457764846e-02 3.443516504e-02 3.441031396e-02 3.450924230e-02
 3.473560473e-02 3.509042793e-02 3.557205960e-02 3.617626361e-02 3.689653802e-02
 3.772474093e-02 3.865211785e-02 3.967041686e-02 4.077299725e-02 4.195595423e-02
 4.321907336e-02 4.456646774e-02 4.600672852e-02 4.755249152e-02 4.921964909e-02
 5.102686382e-02 5.299515544e-02 5.514700994e-02 5.750598309e-02 6.009761156e-02
 6.295191785e-02 6.610687452e-02 6.961298523e-02 7.354427756e-02 7.801834033e-02
 8.318056638e-02 8.786620236e-02 9.110239077e-02 9.289254926e-02 9.318906012e-02
 9.193075497e-02 9.004170360e-02 8.868437127e-02 8.764960884e-02 8.679835197e-02
 8.605037373e-02 8.535804284e-02 8.469263499e-02 8.403678015e-02 8.338010214e-02
 8.271661399e-02 8.204311393e-02 8.135815262e-02 8.066124609e-02 7.995358900e-02
 4.173664409e-03 9.461094093e-03 1.689066447e-02 2.647241728e-02 3.756702578e-02
 4.339863109e-02 4.216710379e-02 4.112795590e-02 4.028609195e-02 3.945433852e-02
 3.862755834e-02 3.781596898e-02 3.703222087e-02 3.628939537e-02 3.560033918e-02
 3.497736399e-02 3.443210200e-02 3.397544744e-02 3.361840882e-02 3.337139986e-02
 3.324335823e-02 3.324163097e-02 3.337186551e-02 3.363792028e-02 3.404178280e-02
 3.458343432e-02 3.526291515e-02 3.608066300e-02 3.703680576e-02 3.813165135e-02
 3.936620242e-02 4.074288137e-02 4.226565802e-02 4.393974221e-02 4.577136652e-02
 4.776753659e-02 4.993565277e-02 5.228317962e-02 5.481761538e-02 5.754763275e-02
 6.049027657e-02 6.369507633e-02 6.720198914e-02 7.099781405e-02 7.510415302e-02
 7.950832517e-02 8.358531178e-02 8.661382704e-02 8.848998851e-02 8.908602510e-02
 8.885931860e-02 8.855882893e-02 8.824240963e-02 8.794532624e-02 8.766120128e-02
 8.737365221e-02 8.706705977e-02 8.672957990e-02 8.635342232e-02 8.593429334e-02
 8.547066843e-02 8.496312435e-02 8.441381045e-02 8.382618763e-02 8.321010748e-02
 4.275083986e-03 9.695681181e-03 1.732251580e-02 2.717959765e-02 3.861541964e-02
 4.488630147e-02 4.423836738e-02 4.296879375e-02 4.179676587e-02 4.066572600e-02
 3.956698745e-02 3.849476914e-02 3.745004030e-02 3.643808141e-02 3.546673275e-02
 3.454535299e-02 3.368421990e-02 3.289616486e-02 3.219537895e-02 3.159602986e-02
 3.111197292e-02 3.075649295e-02 3.054206697e-02 3.048015077e-02 3.058100139e-02
 3.085356378e-02 3.130549282e-02 3.194298865e-02 3.277039986e-02 3.378967620e-02
 3.499945294e-02 3.640015063e-02 3.799314881e-02 3.977777032e-02 4.175213677e-02
 4.391373832e-02 4.625859402e-02 4.878054630e-02 5.146980805e-02 5.430989486e-02
 5.726415789e-02 6.041026627e-02 6.386475110e-02 6.742250723e-02 7.101289479e-02
 7.449918959e-02 7.771596823e-02 8.051466933e-02 8.280346173e-02 8.457255611e-02
 8.589176456e-02 8.686849903e-02 8.759579290e-02 8.813530153e-02 8.852332019e-02
 8.878021563e-02 8.891769479e-02 8.894345070e-02 8.886378968e-02 8.868494592e-02
 8.841362002e-02 8.805709087e-02 8.762310700e-02 8.711950195e-02 8.654399310e-02
 4.342500429e-03 9.848170954e-03 1.759282852e-02 2.759579284e-02 3.919230994e-02
 4.560931058e-02 4.505553210e-02 4.379112564e-02 4.251631081e-02 4.122595321e-02
 3.992688141e-02 3.862532979e-02 3.732747940e-02 3.604044735e-02 3.477257383e-02
 3.353341578e-02 3.233614728e-02 3.119716145e-02 3.013404351e-02 2.916526976e-02
 2.830989037e-02 2.758719111e-02 2.701633424e-02 2.661598133e-02 2.640390272e-02
 2.639657876e-02 2.660879033e-02 2.705317557e-02 2.773975427e-02 2.867545410e-02
 2.986370207e-02 3.130425044e-02 3.299226083e-02 3.491656473e-02 3.706407996e-02
 3.942700581e-02 4.199302318e-02 4.474792466e-02 4.767467186e-02 5.075308729e-02
 5.395918631e-02 5.727078585e-02 6.061184923e-02 6.418398488e-02 6.779287157e-02
 7.125717076e-02 7.452326919e-02 7.753403461e-02 8.024406582e-02 8.262965890e-02
 8.468969462e-02 8.643968987e-02 8.790316295e-02 8.910471403e-02 9.006660165e-02
 9.080808148e-02 9.134608264e-02 9.169618658e-02 9.187340820e-02 9.189263545e-02
 9.176876024e-02 9.151659538e-02 9.115067813e-02 9.068519548e-02 9.014076524e-02
 4.375810156e-03 9.921206241e-03 1.771640131e-02 2.777442301e-02 3.945886290e-02
 4.598574003e-02 4.531819968e-02 4.401745365e-02 4.265089181e-02 4.122257249e-02
 3.974404171e-02 3.822561250e-02 3.667700614e-02 3.510795519e-02 3.352865947e-02
 3.195256094e-02 3.039773512e-02 2.888422901e-02 2.743392515e-02 2.607031753e-02
 2.481820257e-02 2.370329074e-02 2.275174419e-02 2.198964740e-02 2.144242042e-02
 2.113418605e-02 2.108710363e-02 2.132068179e-02 2.185108710e-02 2.269046887e-02
 2.384631778e-02 2.532085820e-02 2.711043396e-02 2.920495932e-02 3.158768727e-02
 3.423442146e-02 3.711052078e-02 4.019922114e-02 4.347830921e-02 4.692375152e-02
 5.050946511e-02 5.420745060e-02 5.798817008e-02 6.181652927e-02 6.564060609e-02
 6.939671062e-02 7.302341511e-02 7.646645840e-02 7.968008340e-02 8.262825678e-02
 8.528532020e-02 8.763560424e-02 8.967223898e-02 9.139570292e-02 9.281252519e-02
 9.393425853e-02 9.477662693e-02 9.535870326e-02 9.570203304e-02 9.582970532e-02
 9.576543008e-02 9.553269767e-02 9.515408018e-02 9.465063252e-02 9.403902050e-02
 4.383259424e-03 9.935829503e-03 1.773672219e-02 2.779431885e-02 3.942206416e-02
 4.582003160e-02 4.524238221e-02 4.386178903e-02 4.237622343e-02 4.079208746e-02
 3.912060102e-02 3.737240328e-02 3.555793499e-02 3.368776199e-02 3.177483123e-02
 2.983814340e-02 2.789924578e-02 2.598229295e-02 2.411398881e-02 2.232340017e-02
 2.064164118e-02 1.910142977e-02 1.773652109e-02 1.658102763e-02 1.566864150e-02
 1.503177905e-02 1.470067296e-02 1.470244017e-02 1.506015571e-02 1.579196190e-02
 1.691023850e-02 1.842085340e-02 2.032250341e-02 2.260615717e-02 2.525459831e-02
 2.824201196e-02 3.153366395e-02 3.508620641e-02 3.885332364e-02 4.280917203e-02
 4.692484531e-02 5.116853713e-02 5.550449598e-02 5.989185815e-02 6.428397285e-02
 6.862903511e-02 7.287192259e-02 7.695644237e-02 8.082756078e-02 8.443364507e-02
 8.772877636e-02 9.067504458e-02 9.324460597e-02 9.542121168e-02 9.720091808e-02
 9.859178435e-02 9.961254142e-02 1.002904239e-01 1.006585177e-01 1.007530351e-01
 1.006108734e-01 1.002676853e-01 9.975654302e-02 9.910711809e-02 9.834468424e-02
 4.373067023e-03 9.911099994e-03 1.768853012e-02 2.771092736e-02 3.931589312e-02
 4.571045093e-02 4.494689758e-02 4.344877157e-02 4.181225900e-02 4.004455483e-02
 3.815475784e-02 3.615212389e-02 3.404614589e-02 3.184742966e-02 2.957435747e-02
 2.724845555e-02 2.489460220e-02 2.254113640e-02 2.021983161e-02 1.796571793e-02
 1.581673905e-02 1.381323782e-02 1.199727182e-02 1.041176945e-02 9.099546624e-03
 8.102213386e-03 7.459007941e-03 7.205601521e-03 7.372920379e-03 7.986030424e-03
 9.063125039e-03 1.061464786e-02 1.264257149e-02 1.513983995e-02 1.808996929e-02
 2.146678717e-02 2.523428875e-02 2.934657163e-02 3.374779138e-02 3.837093481e-02
 4.318368432e-02 4.815533990e-02 5.325140571e-02 5.843227390e-02 6.365202052e-02
 6.885743840e-02 7.398750322e-02 7.897353842e-02 8.374046709e-02 8.820960101e-02
 9.230324801e-02 9.595093221e-02 9.909633300e-02 1.017034780e-01 1.037606224e-01
 1.052807450e-01 1.062985251e-01 1.068646480e-01 1.070389260e-01 1.068837732e-01
 1.064591076e-01 1.058190846e-01 1.050105185e-01 1.040727050e-01 1.030443684e-01
 4.351314594e-03 9.860642854e-03 1.759563837e-02 2.755980125e-02 3.908051845e-02
 4.536203028e-02 4.450020762e-02 4.285746007e-02 4.104339505e-02 3.906581707e-02
 3.693149742e-02 3.464751131e-02 3.222137905e-02 2.966797303e-02 2.700704230e-02
 2.426233165e-02 2.146187890e-02 1.863818500e-02 1.582822848e-02 1.307329591e-02
 1.041860638e-02 7.912716569e-03 5.606704091e-03 3.553139837e-03 1.804874176e-03
 4.136760254e-04-5.712236945e-04-1.104623221e-03-1.146809772e-03-6.649225814e-04
 3.658398683e-04 1.961215339e-03 4.127105963e-03 6.859048869e-03 1.014191717e-02
 1.394981786e-02 1.824613414e-02 2.298364418e-02 2.810461093e-02 3.354074963e-02
 3.921333091e-02 4.509089935e-02 5.114700507e-02 5.734962907e-02 6.365854782e-02
 7.002198081e-02 7.637265885e-02 8.262388748e-02 8.866695326e-02 9.437217800e-02
 9.959633518e-02 1.041977999e-01 1.080573231e-01 1.110986054e-01 1.133017713e-01
 1.147051145e-01 1.153946199e-01 1.154851241e-01 1.150997559e-01 1.143537589e-01
 1.133454044e-01 1.121532167e-01 1.108371569e-01 1.094413918e-01 1.079871361e-01
 4.322318789e-03 9.794043814e-03 1.747465102e-02 2.736599524e-02 3.877478775e-02
 4.489435218e-02 4.396141120e-02 4.214839036e-02 4.013662431e-02 3.792850025e-02
 3.552799087e-02 3.293935514e-02 3.017157526e-02 2.724094640e-02 2.416820408e-02
 2.097902027e-02 1.770439784e-02 1.438092397e-02 1.105084073e-02 7.761894057e-03
 4.566929591e-03 1.523213636e-03-1.308527573e-03-3.865339912e-03-6.083514688e-03
-7.900253392e-03-9.255456032e-03-1.009355114e-02-1.036527766e-02-1.002932858e-02
-9.053774110e-03-7.417198298e-03-5.109505654e-03-2.132381788e-03 1.500578633e-03
 5.764034511e-03 1.062128347e-02 1.602477923e-02 2.191667941e-02 2.822930646e-02
 3.488536304e-02 4.180689014e-02 4.898462543e-02 5.640686702e-02 6.405569413e-02
 7.190103115e-02 7.989134599e-02 8.793966122e-02 9.590469010e-02 1.035717007e-01
 1.106483556e-01 1.167984432e-01 1.217167404e-01 1.252100385e-01 1.272465324e-01
 1.279605524e-01 1.276104232e-01 1.265006374e-01 1.249063155e-01 1.230356823e-01
 1.210294476e-01 1.189760938e-01 1.169283546e-01 1.149160882e-01 1.129611847e-01
 4.289303612e-03 9.718473685e-03 1.733802662e-02 2.714869559e-02 3.850240391e-02
 4.459807753e-02 4.336201483e-02 4.137279046e-02 3.915138530e-02 3.670008630e-02
 3.401995453e-02 3.111287213e-02 2.799035865e-02 2.466855735e-02 2.116890030e-02
 1.751872744e-02 1.375180250e-02 9.908671081e-03 6.036806878e-03 2.190494559e-03
-1.569594215e-03-5.177162780e-03-8.561402528e-03-1.164844761e-02-1.436313607e-02
-1.663101569e-02-1.838050800e-02-1.954512433e-02-2.006561601e-02-1.989193901e-02
-1.898492300e-02-1.731755476e-02-1.487581500e-02-1.165904284e-02-7.679838611e-03
-2.963550938e-03 2.452576468e-03 8.520500943e-03 1.518260577e-02 2.237292928e-02
 3.001826494e-02 3.803890990e-02 4.640067755e-02 5.512959021e-02 6.425678572e-02
 7.381643249e-02 8.383946618e-02 9.433785496e-02 1.052658131e-01 1.164216350e-01
 1.272315390e-01 1.366255113e-01 1.435752596e-01 1.475404126e-01 1.484593879e-01
 1.467941401e-01 1.435175255e-01 1.396582750e-01 1.357824220e-01 1.321056424e-01
 1.286913337e-01 1.255421995e-01 1.226377186e-01 1.199500131e-01 1.174507778e-01
 4.254885738e-03 9.639793501e-03 1.719605444e-02 2.692309170e-02 3.812639495e-02
 4.399943374e-02 4.275077673e-02 4.057754877e-02 3.814348653e-02 3.544594047e-02
 3.248250927e-02 2.925638732e-02 2.577830129e-02 2.206415324e-02 1.813588955e-02
 1.402229582e-02 9.759669232e-03 5.392308745e-03 9.727589640e-04-3.438255877e-03
-7.772264046e-03-1.195388660e-02-1.590210633e-02-1.953195804e-02-2.275660013e-02
-2.548969319e-02-2.764797899e-02-2.915392674e-02-2.993829735e-02-2.994247285e-02
-2.912040949e-02-2.744009764e-02-2.488444857e-02-2.145157104e-02-1.715444605e-02
-1.202004838e-02-6.087994109e-03 5.911914645e-04 7.958095006e-03 1.594666221e-02
 2.448666317e-02 3.350648401e-02 4.293657615e-02 5.282894158e-02 6.327006311e-02
 7.437981641e-02 8.632576408e-02 9.934666210e-02 1.137954475e-01 1.302402712e-01
 1.498638320e-01 1.669225312e-01 1.779773488e-01 1.823252073e-01 1.797454795e-01
 1.713767071e-01 1.602076561e-01 1.517601128e-01 1.449925473e-01 1.394008188e-01
 1.346717135e-01 1.305922159e-01 1.270113420e-01 1.238192608e-01 1.209311149e-01
 4.221336528e-03 9.563129371e-03 1.705782358e-02 2.670383894e-02 3.781477517e-02
 4.358717741e-02 4.215652896e-02 3.980713772e-02 3.716790039e-02 3.423285822e-02
 3.099641723e-02 2.746329470e-02 2.364304404e-02 1.955103628e-02 1.520945532e-02
 1.064824112e-02 5.905912214e-03 1.030191917e-03-3.921641439e-03-8.882759233e-03
-1.377721350e-02-1.852084901e-02-2.302272630e-02-2.718705153e-02-3.091556958e-02
-3.411033361e-02-3.667672391e-02-3.852655492e-02-3.958108817e-02-3.977376365e-02
-3.905247549e-02-3.738124850e-02-3.474121793e-02-3.113086881e-02-2.656554784e-02
-2.107631102e-02-1.470820832e-02-7.518126271e-03 4.276927975e-04 9.056362188e-03
 1.829125154e-02 2.805510688e-02 3.827350543e-02 4.893801087e-02 6.015131001e-02
 7.205719314e-02 8.486171556e-02 9.886883855e-02 1.145420567e-01 1.326127908e-01
 1.547160365e-01 1.721533228e-01 1.887033106e-01 1.911360764e-01 1.875134775e-01
 1.778173080e-01 1.649525520e-01 1.554682834e-01 1.480612694e-01 1.420822437e-01
 1.371132189e-01 1.328788454e-01 1.291922878e-01 1.259232416e-01 1.229858119e-01
 4.190683187e-03 9.493082030e-03 1.693154847e-02 2.650363438e-02 3.754594172e-02
 4.325228072e-02 4.161065256e-02 3.910381534e-02 3.627700739e-02 3.312416743e-02
 2.963970800e-02 2.582702881e-02 2.169464610e-02 1.725736606e-02 1.253745427e-02
 7.565746717e-03 2.382631181e-03-2.961185178e-03-8.404213774e-03-1.387412138e-02
-1.928815162e-02-2.455409960e-02-2.957187918e-02-3.423568357e-02-3.843669261e-02
-4.206622898e-02-4.501921622e-02-4.719775032e-02-4.851457045e-02-4.889620726e-02
-4.828560356e-02-4.664403932e-02-4.395224914e-02-4.021068727e-02-3.543896532e-02
-2.967455179e-02-2.297087235e-02-1.539498018e-02-7.024973002e-03 2.052681689e-03
 1.174578883e-02 2.195896864e-02 3.259611504e-02 4.356294628e-02 5.489754184e-02
 6.667759558e-02 7.899797848e-02 9.196903809e-02 1.057036587e-01 1.202574427e-01
 1.351880111e-01 1.480430509e-01 1.578925275e-01 1.633160758e-01 1.638041170e-01
 1.601088317e-01 1.542913247e-01 1.487476556e-01 1.438267404e-01 1.394840422e-01
 1.356299866e-01 1.321767277e-01 1.290488255e-01 1.261845628e-01 1.235250575e-01
 4.164713863e-03 9.433730088e-03 1.682455294e-02 2.633376815e-02 3.725995971e-02
 4.278499563e-02 4.115422981e-02 3.850777663e-02 3.552160136e-02 3.218371040e-02
 2.848863192e-02 2.443840642e-02 2.004050178e-02 1.530909947e-02 1.026639688e-02
 4.943859279e-03-6.166591943e-04-6.362020112e-03-1.222723521e-02-1.813533754e-02
-2.399778928e-02-2.971550749e-02-3.518055719e-02-4.027851757e-02-4.489147271e-02
-4.890151999e-02-5.219463126e-02-5.466465452e-02-5.621721213e-02-5.677324383e-02
-5.627196123e-02-5.467302479e-02-5.195782027e-02-4.812979183e-02-4.321387251e-02
-3.725513079e-02-3.031681514e-02-2.247802123e-02-1.383122854e-02-4.479957997e-03
 5.463200962e-03 1.587793819e-02 2.663664411e-02 3.760345366e-02 4.868238931e-02
 5.987421504e-02 7.115909722e-02 8.247830984e-02 9.370287836e-02 1.045878146e-01
 1.147353488e-01 1.236352395e-01 1.307992324e-01 1.358920021e-01 1.388351985e-01
 1.398570419e-01 1.394240922e-01 1.380617450e-01 1.361852807e-01 1.340577836e-01
 1.318284625e-01 1.295775110e-01 1.273463099e-01 1.251551533e-01 1.230180581e-01
 4.144928658e-03 9.388504983e-03 1.674301911e-02 2.620460997e-02 3.710840625e-02
 4.264662076e-02 4.080141008e-02 3.805321907e-02 3.494550905e-02 3.146622637e-02
 2.761014580e-02 2.337820415e-02 1.877698717e-02 1.382011361e-02 8.529643063e-03
 2.937439107e-03-2.913598770e-03-8.968537202e-03-1.515975901e-02-2.140677943e-02
-2.761664001e-02-3.368497223e-02-3.949778896e-02-4.493401372e-02-4.986869876e-02
-5.417681761e-02-5.773745365e-02-6.043815280e-02-6.217917292e-02-6.287735355e-02
-6.246935028e-02-6.091402758e-02-5.819387895e-02-5.431543293e-02-4.930869838e-02
-4.322579027e-02-3.613894775e-02-2.813820406e-02-1.932898944e-02-9.829946611e-03
 2.287821543e-04 1.070657026e-02 2.145244008e-02 3.230419060e-02 4.308653276e-02
 5.373600492e-02 6.419570341e-02 7.437856507e-02 8.416074286e-02 9.337925913e-02
 1.018396956e-01 1.093383879e-01 1.156968710e-01 1.207987271e-01 1.246164512e-01
 1.272180327e-01 1.287492135e-01 1.293980273e-01 1.293570213e-01 1.287971039e-01
 1.278568346e-01 1.266426611e-01 1.252340531e-01 1.236896306e-01 1.220549373e-01
 4.132470666e-03 9.360024127e-03 1.669166684e-02 2.612307249e-02 3.696368892e-02
 4.240537445e-02 4.058144407e-02 3.776706006e-02 3.458281336e-02 3.101449666e-02
 2.705698592e-02 2.271049077e-02 1.798100957e-02 1.288177312e-02 7.434719732e-03
 1.671930174e-03-4.363068385e-03-1.061423734e-02-1.701232112e-02-2.347462651e-02
-2.990540625e-02-3.619694600e-02-4.223141846e-02-4.788351823e-02-5.302382765e-02
-5.752279498e-02-6.125513767e-02-6.410442582e-02-6.596756310e-02-6.675887274e-02
-6.641351752e-02-6.489003690e-02-6.217186366e-02-5.826777953e-02-5.321137001e-02
-4.705963195e-02-3.989096087e-02-3.180279253e-02-2.290918931e-02-1.333864899e-02
-3.232373154e-03 7.256830866e-03 1.796492241e-02 2.871628088e-02 3.932275152e-02
 4.966214480e-02 5.967822402e-02 6.929569975e-02 7.842160497e-02 8.694945208e-02
 9.476701497e-02 1.017676551e-01 1.078636974e-01 1.129990695e-01 1.171579727e-01
 1.203671284e-01 1.226909777e-01 1.242214154e-01 1.250651819e-01 1.253321535e-01
 1.251266144e-01 1.245420512e-01 1.236589174e-01 1.225442921e-01 1.212466753e-01
 4.128065632e-03 9.349950277e-03 1.667349368e-02 2.609416907e-02 3.691280252e-02
 4.231639173e-02 4.050409956e-02 3.766608853e-02 3.445529230e-02 3.085600942e-02
 2.686316550e-02 2.247673192e-02 1.770250958e-02 1.255359694e-02 7.051890926e-03
 1.229548123e-03-4.869685214e-03-1.118938406e-02-1.765971912e-02-2.419722287e-02
-3.070516918e-02-3.707466830e-02-4.318654312e-02-4.891400100e-02-5.412605200e-02
-5.869155261e-02-6.248368490e-02-6.538462142e-02-6.729008776e-02-6.811352421e-02
-6.778957037e-02-6.627665145e-02-6.355852661e-02-5.964475849e-02-5.457016652e-02
-4.839342107e-02-4.119501014e-02-3.307485629e-02-2.414987549e-02-1.455175015e-02
-4.425138853e-03 6.073533442e-03 1.677666771e-02 2.750556693e-02 3.807027701e-02
 4.832985409e-02 5.823054748e-02 6.770301610e-02 7.666491501e-02 8.502555685e-02
 9.269279078e-02 9.958166177e-02 1.056237273e-01 1.107753838e-01 1.150234720e-01
 1.183869120e-01 1.209140631e-01 1.226765677e-01 1.237612141e-01 1.242615663e-01
 1.242707660e-01 1.238762667e-01 1.231566304e-01 1.221802479e-01 1.210119257e-01
 4.131979160e-03 9.358897570e-03 1.668962451e-02 2.611990382e-02 3.699510331e-02
 4.250587841e-02 4.056953587e-02 3.775675859e-02 3.457095207e-02 3.100063746e-02
 2.704079217e-02 2.269164364e-02 1.795920237e-02 1.285671143e-02 7.406125404e-03
 1.639548181e-03-4.399460786e-03-1.065481956e-02-1.705721675e-02-2.352389006e-02
-2.995900962e-02-3.625476562e-02-4.229322399e-02-4.794896339e-02-5.309244423e-02
-5.759399019e-02-6.132819510e-02-6.417850944e-02-6.604172355e-02-6.683205412e-02
-6.648456287e-02-6.495768966e-02-6.223476238e-02-5.832444277e-02-5.326016850e-02
-4.709874524e-02-3.991831643e-02-3.181598608e-02-2.290538732e-02-1.331447749e-02
-3.183802929e-03 7.334582779e-03 1.807743896e-02 2.886988006e-02 3.952423422e-02
 4.992104763e-02 6.000391397e-02 6.969612182e-02 7.890153097e-02 8.750845846e-02
 9.539771115e-02 1.024548748e-01 1.085852588e-01 1.137282593e-01 1.178672811e-01
 1.210322405e-01 1.232938803e-01 1.247518380e-01 1.255202898e-01 1.257150361e-01
 1.254443388e-01 1.248038989e-01 1.238751300e-01 1.227254117e-01 1.214035730e-01
 4.143984769e-03 9.386349563e-03 1.673913510e-02 2.619830007e-02 3.706265275e-02
 4.251645533e-02 4.078732848e-02 3.803407499e-02 3.492282642e-02 3.143945144e-02
 2.757872039e-02 2.334156682e-02 1.873458226e-02 1.377140074e-02 8.474109251e-03
 2.874614167e-03-2.984123730e-03-9.047088436e-03-1.524655662e-02-2.150191260e-02
-2.772004230e-02-3.379639834e-02-3.961679453e-02-4.505993983e-02-5.000066233e-02
-5.431370851e-02-5.787793885e-02-6.058068655e-02-6.232201138e-02-6.301857097e-02
-6.260685286e-02-6.104556041e-02-5.831702058e-02-5.442757175e-02-4.940698483e-02
-4.330705874e-02-3.619960209e-02-2.817406102e-02-1.933507515e-02-9.800243053e-03
 3.016398581e-04 1.083163663e-02 2.164081712e-02 3.256933993e-02 4.344435646e-02
 5.420916162e-02 6.480920604e-02 7.515760601e-02 8.512625710e-02 9.454097649e-02
 1.031880631e-01 1.108388672e-01 1.172903516e-01 1.224093939e-01 1.261655266e-01
 1.286391838e-01 1.299997561e-01 1.304616908e-01 1.302389465e-01 1.295156051e-01
 1.284360776e-01 1.271078364e-01 1.256088128e-01 1.239950301e-01 1.223094184e-01
 4.163368349e-03 9.430666070e-03 1.681905358e-02 2.632521105e-02 3.726844760e-02
 4.284310930e-02 4.113008396e-02 3.848065520e-02 3.548930490e-02 3.214538470e-02
 2.844354150e-02 2.438580960e-02 1.997966164e-02 1.523929915e-02 1.018695818e-02
 4.854164950e-03-7.171394979e-04-6.473700698e-03-1.235038284e-02-1.827003885e-02
-2.414391889e-02-2.987269868e-02-3.534817751e-02-4.045565123e-02-4.507691180e-02
-4.909376539e-02-5.239190364e-02-5.486491438e-02-5.641818654e-02-5.697245633e-02
-5.646675986e-02-5.486060214e-02-5.213521868e-02-4.829388598e-02-4.336132115e-02
-3.738228871e-02-3.041959532e-02-2.255169556e-02-1.387015280e-02-4.477202805e-03
 5.516336673e-03 1.599256106e-02 2.682708349e-02 3.788832337e-02 4.908966083e-02
 6.044148793e-02 7.193602564e-02 8.352828975e-02 9.510066166e-02 1.064042670e-01
 1.169987532e-01 1.262891906e-01 1.337004305e-01 1.388326926e-01 1.415882946e-01
 1.422439690e-01 1.413695483e-01 1.395891717e-01 1.373641126e-01 1.349624636e-01
 1.325232481e-01 1.301139975e-01 1.277648996e-01 1.254872383e-01 1.232864878e-01
 4.188979789e-03 9.489210840e-03 1.692461889e-02 2.649271427e-02 3.752056086e-02
 4.320271701e-02 4.158419107e-02 3.906989685e-02 3.623633037e-02 3.307580666e-02
 2.958280879e-02 2.576073336e-02 2.161811032e-02 1.716977766e-02 1.243805466e-02
 7.453857152e-03 2.257682740e-03-3.099618275e-03-8.556378791e-03-1.404005123e-02
-1.946763067e-02-2.474663349e-02-2.977667126e-02-3.445162042e-02-3.866234067e-02
-4.229984367e-02-4.525876375e-02-4.744094141e-02-4.875890321e-02-4.913901576e-02
-4.852410656e-02-4.687538315e-02-4.417353751e-02-4.041899042e-02-3.563130037e-02
-2.984782551e-02-2.312177625e-02-1.551982538e-02-7.119447501e-03 1.993859616e-03
 1.172936299e-02 2.199385074e-02 3.269441320e-02 4.374139943e-02 5.518259875e-02
 6.710897771e-02 7.963653340e-02 9.291097173e-02 1.071093937e-01 1.224271056e-01
 1.388469155e-01 1.526019588e-01 1.634087890e-01 1.689748037e-01 1.688191281e-01
 1.638303952e-01 1.565403910e-01 1.502485019e-01 1.448686160e-01 1.402246858e-01
 1.361665359e-01 1.325726875e-01 1.293474694e-01 1.264164255e-01 1.237149022e-01
 4.219303937e-03 9.558518609e-03 1.704958976e-02 2.669084864e-02 3.778358074e-02
 4.351366007e-02 4.212415865e-02 3.976720773e-02 3.711997844e-02 3.417594597e-02
 3.092958612e-02 2.738564545e-02 2.355371057e-02 1.944920234e-02 1.509437679e-02
 1.051927304e-02 5.762539633e-03 8.720637056e-04-4.094677358e-03-9.070621107e-03
-1.397955378e-02-1.873702791e-02-2.325179352e-02-2.742773903e-02-3.116629737e-02
-3.436923019e-02-3.694166164e-02-3.879519964e-02-3.985096080e-02-4.004231031e-02
-3.931714162e-02-3.763955163e-02-3.499081336e-02-3.136960258e-02-2.679149169e-02
-2.128777486e-02-1.490372626e-02-7.696412800e-03 2.678203083e-04 8.916100224e-03
 1.817197508e-02 2.795860570e-02 3.820235891e-02 4.889467124e-02 6.014096479e-02
 7.208914012e-02 8.495176763e-02 9.904342680e-02 1.148439497e-01 1.330981603e-01
 1.548019191e-01 1.736932885e-01 1.859743390e-01 1.908855969e-01 1.878978159e-01
 1.781158959e-01 1.654334727e-01 1.557762881e-01 1.482525212e-01 1.421991403e-01
 1.371835256e-01 1.329209791e-01 1.292190022e-01 1.259437575e-01 1.230057626e-01
 4.252529591e-03 9.634459857e-03 1.718655504e-02 2.690839458e-02 3.814714791e-02
 4.410010111e-02 4.271021454e-02 4.053210750e-02 3.808917991e-02 3.538172557e-02
 3.240734359e-02 2.916943943e-02 2.567878308e-02 2.195134350e-02 1.800915752e-02
 1.388112772e-02 9.603697797e-03 5.221344778e-03 7.868234252e-04-3.638901289e-03
-7.987090304e-03-1.218207750e-02-1.614254825e-02-1.978324192e-02-2.301703800e-02
-2.575735064e-02-2.792072424e-02-2.942949568e-02-3.021437289e-02-3.021677586e-02
-2.939079770e-02-2.770466867e-02-2.514164317e-02-2.170027347e-02-1.739407992e-02
-1.225066835e-02-6.310377216e-03 3.754467451e-04 7.746446264e-03 1.573545117e-02
 2.427085629e-02 3.327923865e-02 4.268840825e-02 5.254370174e-02 6.292605408e-02
 7.394594982e-02 8.575477783e-02 9.856261472e-02 1.126700879e-01 1.285572284e-01
 1.478522076e-01 1.654317091e-01 1.773813003e-01 1.796038952e-01 1.768122892e-01
 1.690529465e-01 1.584256505e-01 1.505439372e-01 1.441272094e-01 1.387623412e-01
 1.341876393e-01 1.302186537e-01 1.267208665e-01 1.235942986e-01 1.207598530e-01
 4.286593609e-03 9.712354274e-03 1.732716303e-02 2.713165752e-02 3.843589904e-02
 4.443757848e-02 4.332273443e-02 4.132207741e-02 3.909091050e-02 3.662900351e-02
 3.393732228e-02 3.101796087e-02 2.788253179e-02 2.454727444e-02 2.103373370e-02
 1.736938393e-02 1.358814811e-02 9.730758118e-03 5.844900919e-03 1.985099369e-03
-1.787716612e-03-5.406979592e-03-8.801608060e-03-1.189747406e-02-1.461917940e-02
-1.689207811e-02-1.864445760e-02-1.980977183e-02-2.032880719e-02-2.015166107e-02
-1.923942216e-02-1.756546241e-02-1.511627994e-02-1.189186772e-02-7.905620212e-03
-3.183825930e-03 2.235175647e-03 8.302070249e-03 1.495775928e-02 2.213452835e-02
 2.975702432e-02 3.774286463e-02 4.605048949e-02 5.470047502e-02 6.371621317e-02
 7.312064270e-02 8.292824457e-02 9.312703076e-02 1.036384695e-01 1.142301012e-01
 1.243654711e-01 1.331667079e-01 1.397766710e-01 1.437140658e-01 1.449264550e-01
 1.438164857e-01 1.411862851e-01 1.378765400e-01 1.344151075e-01 1.310449575e-01
 1.278598657e-01 1.248853436e-01 1.221168627e-01 1.195376614e-01 1.171280352e-01
 4.319167816e-03 9.786950882e-03 1.746211111e-02 2.734662869e-02 3.875383840e-02
 4.488429708e-02 4.391308654e-02 4.209145817e-02 4.006936090e-02 3.785017192e-02
 3.543791482e-02 3.283683554e-02 3.005623680e-02 2.711253036e-02 2.402657800e-02
 2.082419345e-02 1.753654229e-02 1.420039745e-02 1.085820948e-02 7.557952997e-03
 4.352717051e-03 1.300018228e-03-1.539170677e-03-4.101665575e-03-6.323559224e-03
-8.141902187e-03-9.496508086e-03-1.033180058e-02-1.059861158e-02-1.025583999e-02
-9.271888414e-03-7.625811609e-03-5.308133151e-03-2.321314658e-03 1.320108882e-03
 5.589685508e-03 1.044942691e-02 1.585032540e-02 2.173289937e-02 2.802765579e-02
 3.465539116e-02 4.153278076e-02 4.864704789e-02 5.598257558e-02 6.351695947e-02
 7.121522720e-02 7.902117644e-02 8.684506264e-02 9.454825075e-02 1.019296609e-01
 1.087263871e-01 1.146443285e-01 1.194194563e-01 1.228841677e-01 1.250091601e-01
 1.259075030e-01 1.257992330e-01 1.249480331e-01 1.235995055e-01 1.219473562e-01
 1.201286169e-01 1.182336706e-01 1.163192643e-01 1.144195930e-01 1.125588637e-01
 4.347542682e-03 9.852185839e-03 1.758076818e-02 2.753699891e-02 3.907141833e-02
 4.538665876e-02 4.444604787e-02 4.279241935e-02 4.096732352e-02 3.897835092e-02
 3.683231348e-02 3.453630263e-02 3.209784093e-02 2.953224229e-02 2.685935997e-02
 2.410306826e-02 2.129155665e-02 1.845750084e-02 1.563807584e-02 1.287478296e-02
 1.021306859e-02 7.701721125e-03 5.392044198e-03 3.336816865e-03 1.589066197e-03
 2.006916015e-04-7.790071432e-04-1.304836724e-03-1.337185721e-03-8.434029427e-04
 2.009803724e-04 1.811231196e-03 3.992628168e-03 6.739917598e-03 1.003700085e-02
 1.385682081e-02 1.816139670e-02 2.290193745e-02 2.801896531e-02 3.344234284e-02
 3.909126115e-02 4.493054466e-02 5.093156326e-02 5.706033008e-02 6.327518487e-02
 6.952382529e-02 7.573992533e-02 8.183995362e-02 8.772143651e-02 9.326459457e-02
 9.833942354e-02 1.028190583e-01 1.065975035e-01 1.096069727e-01 1.118292328e-01
 1.132971321e-01 1.140858937e-01 1.142973371e-01 1.140423926e-01 1.134268806e-01
 1.125429583e-01 1.114658986e-01 1.102544634e-01 1.089529369e-01 1.075856416e-01
 4.368337716e-03 9.900542802e-03 1.767008318e-02 2.768266276e-02 3.924840943e-02
 4.556321741e-02 4.488268051e-02 4.337162125e-02 4.172342976e-02 3.994412642e-02
 3.804288918e-02 3.602898108e-02 3.391183550e-02 3.170244933e-02 2.941931948e-02
 2.708408527e-02 2.472176023e-02 2.236084185e-02 2.003328524e-02 1.777432146e-02
 1.562210845e-02 1.361720869e-02 1.180189529e-02 1.021929765e-02 8.912406665e-03
 7.922969524e-03 7.290311368e-03 7.050127651e-03 7.233293321e-03 7.864734007e-03
 8.962399202e-03 1.053636883e-02 1.258811230e-02 1.510990729e-02 1.808441007e-02
 2.148435953e-02 2.527240129e-02 2.940101673e-02 3.381248647e-02 3.843730170e-02
 4.324107648e-02 4.819040922e-02 5.324857066e-02 5.837462647e-02 6.352256676e-02
 6.864050095e-02 7.367011376e-02 7.854674508e-02 8.320053272e-02 8.755900064e-02
 9.155124749e-02 9.511346475e-02 9.819497393e-02 1.007635447e-01 1.028086988e-01
 1.043421227e-01 1.053950785e-01 1.060135098e-01 1.062520695e-01 1.061683584e-01
 1.058183030e-01 1.052530685e-01 1.045174400e-01 1.036494681e-01 1.026862347e-01
 4.376984611e-03 9.921869547e-03 1.771245820e-02 2.775774700e-02 3.940168880e-02
 4.585602918e-02 4.515952666e-02 4.376584866e-02 4.226801693e-02 4.067233271e-02
 3.899023489e-02 3.723228545e-02 3.540878856e-02 3.353015367e-02 3.160973041e-02
 2.966658298e-02 2.772235542e-02 2.580133823e-02 2.393040341e-02 2.213881033e-02
 2.045788184e-02 1.892055206e-02 1.756079137e-02 1.641291832e-02 1.551081395e-02
 1.488705905e-02 1.457201929e-02 1.459290670e-02 1.497284676e-02 1.572998043e-02
 1.687662550e-02 1.841851304e-02 2.035410904e-02 2.267402840e-02 2.536053929e-02
 2.838708505e-02 3.171791323e-02 3.530772356e-02 3.910973099e-02 4.309472846e-02
 4.722972649e-02 5.147802455e-02 5.579920608e-02 6.014970081e-02 6.448354238e-02
 6.875271322e-02 7.290733055e-02 7.689649227e-02 8.067003296e-02 8.418081888e-02
 8.738713973e-02 9.025490369e-02 9.275944078e-02 9.488674168e-02 9.663396316e-02
 9.800908105e-02 9.902968855e-02 9.972109246e-02 1.001139909e-01 1.002420698e-01
 1.001398212e-01 9.984078478e-02 9.937629572e-02 9.877467051e-02 9.805937302e-02
 4.367053545e-03 9.901710222e-03 1.768252807e-02 2.772324865e-02 3.936203715e-02
 4.581736651e-02 4.521021190e-02 4.389245705e-02 4.251215964e-02 4.107332412e-02
 3.958635602e-02 3.806114927e-02 3.650700143e-02 3.493329212e-02 3.334997004e-02
 3.177096819e-02 3.021444857e-02 2.870059966e-02 2.725148511e-02 2.589080414e-02
 2.464357109e-02 2.353571856e-02 2.259362867e-02 2.184359924e-02 2.131125422e-02
 2.102090980e-02 2.099490864e-02 2.125293506e-02 2.181132748e-02 2.268240744e-02
 2.387384183e-02 2.538804311e-02 2.722154931e-02 2.936447640e-02 3.180027428e-02
 3.450451597e-02 3.744460651e-02 4.060334218e-02 4.395741599e-02 4.748002321e-02
 5.113924685e-02 5.489603593e-02 5.870199282e-02 6.250371148e-02 6.625481717e-02
 6.991413807e-02 7.343613800e-02 7.677320823e-02 7.988227245e-02 8.272923878e-02
 8.529073512e-02 8.755368846e-02 8.951368243e-02 9.117306942e-02 9.253944011e-02
 9.362456958e-02 9.444367254e-02 9.501475476e-02 9.535792931e-02 9.549466879e-02
 9.544703456e-02 9.523695021e-02 9.488557854e-02 9.441279587e-02 9.383579156e-02
 4.330082790e-03 9.820227369e-03 1.754363239e-02 2.752056411e-02 3.908305786e-02
 4.545600950e-02 4.489780981e-02 4.360935507e-02 4.232854028e-02 4.103208444e-02
 3.973038616e-02 3.842817570e-02 3.713062991e-02 3.584434332e-02 3.457744399e-02
 3.333946140e-02 3.214436109e-02 3.100877993e-02 2.995055768e-02 2.898842259e-02
 2.814166670e-02 2.742980471e-02 2.687221431e-02 2.648776028e-02 2.629440697e-02
 2.630882485e-02 2.654599140e-02 2.701876442e-02 2.773742043e-02 2.870920097e-02
 2.993793619e-02 3.142389751e-02 3.316281071e-02 3.514410356e-02 3.735750912e-02
 3.979704815e-02 4.245303663e-02 4.531456122e-02 4.836826415e-02 5.159698792e-02
 5.497714234e-02 5.848288283e-02 6.212064251e-02 6.555247477e-02 6.888598955e-02
 7.217251621e-02 7.530062361e-02 7.818869076e-02 8.077965094e-02 8.304635168e-02
 8.499003166e-02 8.663110793e-02 8.799744421e-02 8.911612526e-02 9.001022729e-02
 9.069871718e-02 9.119757690e-02 9.152108278e-02 9.168278146e-02 9.169605484e-02
 9.157433074e-02 9.133105045e-02 9.097950309e-02 9.053272922e-02 9.000869123e-02
 4.258547900e-03 9.657605204e-03 1.725309298e-02 2.706833373e-02 3.849359919e-02
 4.479193231e-02 4.397720857e-02 4.270161480e-02 4.152800041e-02 4.040953179e-02
 3.932326345e-02 3.826147000e-02 3.722515251e-02 3.622009721e-02 3.525470226e-02
 3.433882299e-02 3.348316287e-02 3.270167689e-02 3.200892331e-02 3.141936811e-02
 3.094711374e-02 3.060565246e-02 3.040763698e-02 3.036467423e-02 3.048715558e-02
 3.078415158e-02 3.126343090e-02 3.193136585e-02 3.279253487e-02 3.384917510e-02
 3.510025802e-02 3.654743308e-02 3.819313084e-02 4.003816729e-02 4.208288486e-02
 4.432781031e-02 4.677331373e-02 4.941982207e-02 5.226842335e-02 5.532299444e-02
 5.859870553e-02 6.202136373e-02 6.536027566e-02 6.878463271e-02 7.225036405e-02
 7.564506811e-02 7.879320225e-02 8.150803767e-02 8.367585109e-02 8.528638868e-02
 8.643326523e-02 8.725618459e-02 8.785640104e-02 8.829338532e-02 8.860048956e-02
 8.879505921e-02 8.888597768e-02 8.887847534e-02 8.877677744e-02 8.858536387e-02
 8.830943639e-02 8.795496849e-02 8.752855252e-02 8.703702327e-02 8.647887552e-02
 4.155250831e-03 9.418074413e-03 1.681015068e-02 2.633672186e-02 3.730682374e-02
 4.290239276e-02 4.148218465e-02 4.068300966e-02 3.994058405e-02 3.915485945e-02
 3.835502112e-02 3.756094323e-02 3.678953194e-02 3.605618500e-02 3.537517685e-02
 3.475976950e-02 3.422225164e-02 3.377405710e-02 3.342724856e-02 3.319246221e-02
 3.307879876e-02 3.309372478e-02 3.324296470e-02 3.353041792e-02 3.395808946e-02
 3.452597587e-02 3.523376581e-02 3.608205294e-02 3.707116206e-02 3.820169938e-02
 3.947512973e-02 4.089461267e-02 4.246509760e-02 4.419306399e-02 4.608636253e-02
 4.815401872e-02 5.040593395e-02 5.285257092e-02 5.550459388e-02 5.837191357e-02
 6.145881015e-02 6.475203270e-02 6.826089031e-02 7.203904380e-02 7.615207720e-02
 8.080848541e-02 8.521027692e-02 8.836138225e-02 9.005789674e-02 9.024826957e-02
 8.954836348e-02 8.898949420e-02 8.853185705e-02 8.813036910e-02 8.777070004e-02
 8.742805498e-02 8.708144782e-02 8.671565224e-02 8.632065963e-02 8.589062338e-02
 8.542283936e-02 8.491690124e-02 8.437404709e-02 8.379677648e-02 8.319324019e-02
 4.037734149e-03 9.147856222e-03 1.631689259e-02 2.553803262e-02 3.611188246e-02
 4.120551936e-02 3.926278078e-02 3.856528127e-02 3.811745314e-02 3.758073680e-02
 3.700488410e-02 3.642683434e-02 3.587579077e-02 3.537539378e-02 3.494517619e-02
 3.460141170e-02 3.435760745e-02 3.422480039e-02 3.421180783e-02 3.432501567e-02
 3.456805378e-02 3.494196088e-02 3.544501713e-02 3.607284286e-02 3.681872094e-02
 3.767423303e-02 3.863031343e-02 3.967846726e-02 4.081190831e-02 4.202673234e-02
 4.332291910e-02 4.470500234e-02 4.618222826e-02 4.776802040e-02 4.947896337e-02
 5.133429522e-02 5.335540924e-02 5.556420733e-02 5.798166944e-02 6.062770236e-02
 6.352346962e-02 6.669754498e-02 7.019575336e-02 7.409482285e-02 7.852348428e-02
 8.365405412e-02 8.832696976e-02 9.153596461e-02 9.328951506e-02 9.354062322e-02
 9.219289882e-02 9.020659704e-02 8.879036201e-02 8.771738773e-02 8.683778090e-02
 8.606772143e-02 8.535837693e-02 8.468069426e-02 8.401723168e-02 8.335757260e-02
 8.269564974e-02 8.202813278e-02 8.135342323e-02 8.067095888e-02 7.998110080e-02
 3.918579543e-03 8.880510105e-03 1.584731580e-02 2.482051901e-02 3.513760466e-02
 3.999486824e-02 3.772601201e-02 3.693327231e-02 3.642435231e-02 3.590109512e-02
 3.538677180e-02 3.490870029e-02 3.449283529e-02 3.416227703e-02 3.393670533e-02
 3.383226417e-02 3.386163552e-02 3.403414147e-02 3.435576642e-02 3.482902073e-02
 3.545266282e-02 3.622136198e-02 3.712535214e-02 3.815026194e-02 3.927733970e-02
 4.048431523e-02 4.174707953e-02 4.304217026e-02 4.434977864e-02 4.565673369e-02
 4.695879514e-02 4.826151974e-02 4.958014378e-02 5.094730762e-02 5.239059834e-02
 5.393008104e-02 5.562112589e-02 5.750145854e-02 5.960687520e-02 6.196140008e-02
 6.456794531e-02 6.744595396e-02 7.061558608e-02 7.409526732e-02 7.790166929e-02
 8.212019991e-02 8.596397219e-02 8.873158894e-02 9.038884724e-02 9.087063801e-02
 9.008402319e-02 8.866909426e-02 8.747190660e-02 8.637675216e-02 8.535266979e-02
 8.437812772e-02 8.344031243e-02 8.253182664e-02 8.164832306e-02 8.078705864e-02
 7.994609223e-02 7.912387042e-02 7.831902273e-02 7.753017463e-02 7.675225175e-02
 3.788855024e-03 8.594111799e-03 1.535500507e-02 2.408640829e-02 3.410760340e-02
 3.862279497e-02 3.625408320e-02 3.522372233e-02 3.455690704e-02 3.392460434e-02
 3.335593303e-02 3.287917677e-02 3.252030085e-02 3.230173774e-02 3.224180012e-02
 3.235464739e-02 3.265056981e-02 3.313631512e-02 3.381522077e-02 3.468698827e-02
 3.574702188e-02 3.698532650e-02 3.838504607e-02 3.992087776e-02 4.155784561e-02
 4.325124174e-02 4.494877822e-02 4.659579140e-02 4.814340461e-02 4.955791504e-02
 5.082545936e-02 5.195444192e-02 5.303059813e-02 5.405012812e-02 5.507033209e-02
 5.614057025e-02 5.734761547e-02 5.874689757e-02 6.039360342e-02 6.232493429e-02
 6.454040912e-02 6.704833025e-02 6.983025589e-02 7.282822156e-02 7.593404615e-02
 7.897821530e-02 8.173804282e-02 8.399035357e-02 8.557870703e-02 8.644182175e-02
 8.662499281e-02 8.626960647e-02 8.554893693e-02 8.460710499e-02 8.354452946e-02
 8.242706460e-02 8.129682057e-02 8.017992344e-02 7.909183138e-02 7.804098224e-02
 7.703127697e-02 7.606374512e-02 7.513764823e-02 7.425135600e-02 7.340934203e-02
 3.620560791e-03 8.226392054e-03 1.473147092e-02 2.317093401e-02 3.292268058e-02
 3.721722609e-02 3.441281318e-02 3.309437008e-02 3.217083128e-02 3.133041611e-02
 3.061560471e-02 3.006401352e-02 2.970647215e-02 2.956581107e-02 2.965721646e-02
 2.998980787e-02 3.056868691e-02 3.139666927e-02 3.247519875e-02 3.380426948e-02
 3.538132909e-02 3.719908119e-02 3.924195623e-02 4.148095588e-02 4.386690308e-02
 4.632334927e-02 4.874296527e-02 5.099438827e-02 5.294607542e-02 5.449711599e-02
 5.567294689e-02 5.648435068e-02 5.700836994e-02 5.736614131e-02 5.766919843e-02
 5.801460658e-02 5.848637993e-02 5.916262005e-02 6.012320724e-02 6.145066622e-02
 6.321734846e-02 6.545984820e-02 6.815339277e-02 7.120285153e-02 7.445166685e-02
 7.769538824e-02 8.069359342e-02 8.319279492e-02 8.497559525e-02 8.592539325e-02
 8.606551308e-02 8.553933909e-02 8.454460539e-02 8.326833093e-02 8.185375406e-02
 8.039682958e-02 7.895616926e-02 7.756489272e-02 7.624001586e-02 7.498882343e-02
 7.381288302e-02 7.271047627e-02 7.167804234e-02 7.071088763e-02 6.979559943e-02
 3.361880350e-03 7.665217359e-03 1.379355001e-02 2.182812374e-02 3.116472002e-02
 3.505168130e-02 3.195225164e-02 3.023572669e-02 2.888715401e-02 2.770587642e-02
 2.673957604e-02 2.604650893e-02 2.566551286e-02 2.561464431e-02 2.589422534e-02
 2.649527359e-02 2.740810805e-02 2.862755151e-02 3.015447565e-02 3.199516766e-02
 3.415980656e-02 3.666037272e-02 3.950720020e-02 4.270199447e-02 4.622302994e-02
 4.999561031e-02 5.384247524e-02 5.743275181e-02 6.030679043e-02 6.214141822e-02
 6.284366040e-02 6.261671514e-02 6.187103759e-02 6.094719638e-02 6.004746507e-02
 5.926849417e-02 5.865259662e-02 5.823363236e-02 5.808990065e-02 5.841228943e-02
 5.951267118e-02 6.165181931e-02 6.483554169e-02 6.881522690e-02 7.328228500e-02
 7.798376997e-02 8.261140374e-02 8.661168863e-02 8.922977732e-02 8.997770075e-02
 8.902813065e-02 8.705938534e-02 8.472190859e-02 8.237014397e-02 8.014364110e-02
 7.808371047e-02 7.619395382e-02 7.446511571e-02 7.288449197e-02 7.143925354e-02
 7.011742367e-02 6.890797379e-02 6.780065564e-02 6.678592516e-02 6.585898280e-02
 2.923685517e-03 6.699310079e-03 1.215499919e-02 1.947925625e-02 2.824286173e-02
 3.194647332e-02 2.914301393e-02 2.639119924e-02 2.421829351e-02 2.243017909e-02
 2.104777645e-02 2.015152164e-02 1.980525517e-02 1.999184941e-02 2.063318960e-02
 2.165046155e-02 2.299894564e-02 2.466728969e-02 2.666572522e-02 2.901734791e-02
 3.175505241e-02 3.492333928e-02 3.858404274e-02 4.282558101e-02 4.777522052e-02
 5.360828568e-02 6.050952484e-02 6.828328673e-02 7.477467784e-02 7.719354245e-02
 7.513243235e-02 7.089905955e-02 6.704539864e-02 6.397703596e-02 6.154637313e-02
 5.955878790e-02 5.782588714e-02 5.613700431e-02 5.418646602e-02 5.130989877e-02
 4.986013009e-02 5.194391092e-02 5.796571136e-02 6.481110935e-02 7.136152929e-02
 7.846386404e-02 8.705197123e-02 9.917518656e-02 1.055983691e-01 1.047780518e-01
 9.613898645e-02 8.917199738e-02 8.421814885e-02 8.040420404e-02 7.730531905e-02
 7.469420409e-02 7.243962516e-02 7.046109150e-02 6.870677562e-02 6.714183716e-02
 6.574173115e-02 6.448784055e-02 6.336428981e-02 6.235649372e-02 6.145394181e-02
 2.230884893e-03 5.092610484e-03 9.205790426e-03 1.476844702e-02 2.174361020e-02
 2.471685152e-02 2.208514801e-02 1.953124291e-02 1.709215912e-02 1.457390407e-02
 1.224467967e-02 1.089409746e-02 1.102034578e-02 1.226641255e-02 1.385714258e-02
 1.556456995e-02 1.743185155e-02 1.953418836e-02 2.193920933e-02 2.470024915e-02
 2.786207746e-02 3.147355131e-02 3.560464239e-02 4.036902378e-02 4.596047478e-02
 5.272699605e-02 6.135452645e-02 7.347844860e-02 8.515584870e-02 8.814408045e-02
 8.201050245e-02 7.287665131e-02 6.727107086e-02 6.339932897e-02 6.052953495e-02
 5.827316974e-02 5.638120371e-02 5.466084520e-02 5.295477131e-02 5.132349834e-02
 5.094517834e-02 5.279794717e-02 5.676946283e-02 6.197769683e-02 6.754742221e-02
 7.359928981e-02 8.036640186e-02 8.728581788e-02 9.185451853e-02 9.191841071e-02
 8.769599738e-02 8.266229321e-02 7.840935365e-02 7.489248964e-02 7.192742922e-02
 6.937827486e-02 6.715239158e-02 6.518479601e-02 6.344182854e-02 6.188758121e-02
 6.051149028e-02 5.930288435e-02 5.825279622e-02 5.732904913e-02 5.651045626e-02
 1.423848961e-03 3.166010521e-03 5.467591705e-03 8.083583747e-03 1.049391378e-02
 1.198804779e-02 1.221556896e-02 1.136069316e-02 9.608527248e-03 6.786462071e-03
 3.020620519e-03 1.188858462e-03 1.772778370e-03 4.944239926e-03 7.249805837e-03
 9.197329280e-03 1.116735632e-02 1.339594817e-02 1.601120124e-02 1.904998573e-02
 2.249340735e-02 2.631020275e-02 3.048505871e-02 3.502474148e-02 3.994518438e-02
 4.523312603e-02 5.075152359e-02 5.605261574e-02 6.026416866e-02 6.255079157e-02
 6.274729604e-02 6.152437131e-02 5.974152591e-02 5.795484200e-02 5.635549836e-02
 5.499821757e-02 5.389507880e-02 5.305016520e-02 5.253281014e-02 5.246295827e-02
 5.301824187e-02 5.432831789e-02 5.638331297e-02 5.904656915e-02 6.210259171e-02
 6.532159120e-02 6.841802716e-02 7.100064927e-02 7.263495810e-02 7.303523151e-02
 7.225894196e-02 7.065972855e-02 6.864576988e-02 6.650566283e-02 6.439321141e-02
 6.238174545e-02 6.050243202e-02 5.876861571e-02 5.718657576e-02 5.575812947e-02
 5.448346581e-02 5.336502194e-02 5.243713295e-02 5.166390655e-02 5.101868626e-02
 8.010683877e-04 1.741380324e-03 2.914843832e-03 4.163060255e-03 5.286950012e-03
 6.085960661e-03 6.412244939e-03 6.200479075e-03 5.471093931e-03 4.311464311e-03
 3.030917527e-03 2.105010351e-03 1.834265833e-03 2.066071347e-03 2.446880020e-03
 2.924945517e-03 3.842491583e-03 5.644918374e-03 8.486118224e-03 1.211371182e-02
 1.612622682e-02 2.027353837e-02 2.446092606e-02 2.865435645e-02 3.282035954e-02
 3.689192611e-02 4.074690809e-02 4.420502784e-02 4.706187513e-02 4.916221524e-02
 5.047206300e-02 5.109447478e-02 5.121746270e-02 5.103965708e-02 5.072389615e-02
 5.038843594e-02 5.011847928e-02 4.998169220e-02 5.003934024e-02 5.034889250e-02
 5.095650130e-02 5.188246331e-02 5.310795363e-02 5.457054150e-02 5.616889094e-02
 5.777143625e-02 5.922625545e-02 6.037660057e-02 6.108757899e-02 6.127896051e-02
 6.094653113e-02 6.015640423e-02 5.901559652e-02 5.763842444e-02 5.612520850e-02
 5.455580975e-02 5.299195532e-02 5.148207653e-02 5.006516521e-02 4.877247912e-02
 4.762721401e-02 4.664101984e-02 4.588991797e-02 4.531862867e-02 4.488760312e-02
 4.347503644e-04 9.381766279e-04 1.558854688e-03 2.217067418e-03 2.823417254e-03
 3.292097553e-03 3.555642076e-03 3.579371540e-03 3.367594488e-03 2.952142384e-03
 2.393568627e-03 1.743183806e-03 9.862980558e-04-3.571659306e-05-1.672743682e-03
-4.633823993e-03-7.910797966e-03-7.027388341e-03-2.045202784e-03 5.031506634e-03
 1.044121682e-02 1.508449352e-02 1.929089867e-02 2.319829921e-02 2.685622659e-02
 3.026322824e-02 3.338536560e-02 3.617118503e-02 3.856863864e-02 4.054323422e-02
 4.209210632e-02 4.324825719e-02 4.407373507e-02 4.464627920e-02 4.504611355e-02
 4.534721744e-02 4.561359609e-02 4.589868416e-02 4.624554198e-02 4.668617122e-02
 4.723939494e-02 4.790790012e-02 4.867578518e-02 4.950793016e-02 5.035185097e-02
 5.114203357e-02 5.180651098e-02 5.227536684e-02 5.249027737e-02 5.241310191e-02
 5.203089470e-02 5.135563219e-02 5.041923395e-02 4.926649911e-02 4.794894970e-02
 4.652134352e-02 4.504091041e-02 4.356802891e-02 4.216623786e-02 4.089921832e-02
 3.982329188e-02 3.897576903e-02 3.844157811e-02 3.816349607e-02 3.809090417e-02
 2.418187523e-04 5.225701035e-04 8.714510638e-04 1.248436775e-03 1.609826032e-03
 1.913665710e-03 2.125000812e-03 2.221417315e-03 2.200545296e-03 2.050322769e-03
 1.771427424e-03 1.356988819e-03 7.773819881e-04-3.929533683e-05-1.164332992e-03
-2.497503153e-03-3.277892085e-03-2.301716460e-03 6.463081067e-04 4.723808081e-03
 8.841417737e-03 1.270749495e-02 1.631249764e-02 1.967475859e-02 2.279975441e-02
 2.567986821e-02 2.830125871e-02 3.065040824e-02 3.271875109e-02 3.450573830e-02
 3.602079800e-02 3.728395606e-02 3.832470362e-02 3.917927794e-02 3.988715194e-02
 4.048764147e-02 4.101717986e-02 4.150733426e-02 4.198333725e-02 4.246286418e-02
 4.295493538e-02 4.345903627e-02 4.396470795e-02 4.445189327e-02 4.489223267e-02
 4.525134391e-02 4.549194302e-02 4.557748331e-02 4.547581329e-02 4.516224163e-02
 4.462145868e-02 4.384807082e-02 4.284599151e-02 4.162742112e-02 4.021247414e-02
 3.863064576e-02 3.692527943e-02 3.516176899e-02 3.343825866e-02 3.189155115e-02
 3.068068840e-02 2.993536629e-02 2.969424350e-02 2.993032962e-02 3.049961201e-02
 1.443237587e-04 3.139133161e-04 5.288459477e-04 7.688770190e-04 1.011943646e-03
 1.236609014e-03 1.424329265e-03 1.563245518e-03 1.652255379e-03 1.680308766e-03
 1.648723482e-03 1.570673920e-03 1.460696757e-03 1.349700471e-03 1.312098173e-03
 1.482026440e-03 2.045289582e-03 3.168294134e-03 4.900903153e-03 7.147217403e-03
 9.730993274e-03 1.248237813e-02 1.527185909e-02 1.799964599e-02 2.058186764e-02
 2.295485184e-02 2.508838129e-02 2.698646050e-02 2.867132410e-02 3.016621689e-02
 3.148923873e-02 3.265508535e-02 3.367811395e-02 3.457399848e-02 3.535984462e-02
 3.605335805e-02 3.667161665e-02 3.722978953e-02 3.773997218e-02 3.821020909e-02
 3.864374529e-02 3.903855487e-02 3.938720689e-02 3.967712342e-02 3.989125189e-02
 4.000911821e-02 4.000815949e-02 3.986516910e-02 3.955763871e-02 3.906477034e-02
 3.836797035e-02 3.745073276e-02 3.629795957e-02 3.489494495e-02 3.322650840e-02
 3.127727191e-02 2.903534783e-02 2.650514938e-02 2.374465463e-02 2.096735702e-02
 1.875167489e-02 1.795392672e-02 1.872466757e-02 2.036337066e-02 2.222921615e-02
 9.623996183e-05 2.114363522e-04 3.615454817e-04 5.364945410e-04 7.253890871e-04
 9.177797357e-04 1.104987151e-03 1.283693802e-03 1.456676723e-03 1.620817397e-03
 1.784413020e-03 1.966756869e-03 2.187483030e-03 2.480030440e-03 2.892263025e-03
 3.482702423e-03 4.311699018e-03 5.427001728e-03 6.850128093e-03 8.572108463e-03
 1.056191156e-02 1.277951723e-02 1.517828433e-02 1.767591602e-02 2.004357407e-02
 2.199870059e-02 2.349732980e-02 2.471909793e-02 2.584933825e-02 2.693217280e-02
 2.796389546e-02 2.893323154e-02 2.983210927e-02 3.065711465e-02 3.140866610e-02
 3.208972662e-02 3.270451193e-02 3.325732344e-02 3.375155042e-02 3.418886085e-02
 3.456859350e-02 3.488736082e-02 3.513886910e-02 3.531395234e-02 3.540080032e-02
 3.538533694e-02 3.525167810e-02 3.498257099e-02 3.455969398e-02 3.396367908e-02
 3.317370460e-02 3.216648151e-02 3.091439732e-02 2.938243810e-02 2.752318705e-02
 2.526849583e-02 2.251486390e-02 1.909587666e-02 1.472530951e-02 8.862395556e-03
 7.076053203e-04-1.301967898e-03 4.950278048e-03 1.073998049e-02 1.487905532e-02
 7.305940501e-05 1.622774262e-04 2.818912077e-04 4.271125941e-04 5.929186641e-04
 7.747902557e-04 9.693948235e-04 1.175693687e-03 1.408786985e-03 1.659016341e-03
 1.941904693e-03 2.273467522e-03 2.662884002e-03 3.132893606e-03 3.710469707e-03
 4.423867656e-03 5.299067706e-03 6.357192179e-03 7.612752595e-03 9.074066063e-03
 1.074926363e-02 1.265948655e-02 1.485314517e-02 1.748488756e-02 2.016991645e-02
 2.187572867e-02 2.258113500e-02 2.279247506e-02 2.338951623e-02 2.413774012e-02
 2.493504607e-02 2.573337951e-02 2.650668172e-02 2.724002791e-02 2.792485181e-02
 2.855637686e-02 2.913199612e-02 2.965012920e-02 3.010936349e-02 3.050779756e-02
 3.084255093e-02 3.110942274e-02 3.130268652e-02 3.141500573e-02 3.143744705e-02
 3.135955858e-02 3.116946781e-02 3.085394244e-02 3.039834432e-02 2.978639389e-02
 2.899964459e-02 2.801653699e-02 2.681084630e-02 2.534922986e-02 2.358737780e-02
 2.146389332e-02 1.889034024e-02 1.573464699e-02 1.179227493e-02 6.721573343e-03
-8.486293013e-04-2.362221757e-03 3.209032270e-03 8.312037342e-03 1.215885837e-02
 6.206690718e-05 1.390732336e-04 2.445288276e-04 3.762403435e-04 5.319878981e-04
 7.099484224e-04 9.093076461e-04 1.133674411e-03 1.393662918e-03 1.692164424e-03
 2.037234103e-03 2.434261398e-03 2.887310987e-03 3.408497600e-03 4.022999471e-03
 4.756155768e-03 5.600300436e-03 6.565215493e-03 7.659146762e-03 8.885916603e-03
 1.024516652e-02 1.173211136e-02 1.332073747e-02 1.494846461e-02 1.649127251e-02
 1.781791217e-02 1.888699589e-02 1.976628208e-02 2.056209038e-02 2.132972559e-02
 2.208145383e-02 2.281332280e-02 2.351759957e-02 2.418685305e-02 2.481496796e-02
 2.539714266e-02 2.592957158e-02 2.640905093e-02 2.683259114e-02 2.719706907e-02
 2.749893953e-02 2.773401829e-02 2.789733757e-02 2.798306630e-02 2.798448327e-02
 2.789398821e-02 2.770313265e-02 2.740265015e-02 2.698246598e-02 2.643167097e-02
 2.573845690e-02 2.489003713e-02 2.387263050e-02 2.267170239e-02 2.127290626e-02
 1.966472175e-02 1.784502341e-02 1.583653539e-02 1.372139635e-02 1.170894308e-02
 1.020924571e-02 9.709708231e-03 1.034728505e-02 1.176521707e-02 1.350319003e-02
 5.684178295e-05 1.280788441e-04 2.268683150e-04 3.521968727e-04 5.029741342e-04
 6.781014391e-04 8.764429428e-04 1.099120989e-03 1.361077335e-03 1.692057741e-03
 2.064706225e-03 2.479472332e-03 2.942685514e-03 3.457544503e-03 4.068134183e-03
 4.758009516e-03 5.526367186e-03 6.376623066e-03 7.309981356e-03 8.323879207e-03
 9.410914483e-03 1.055701065e-02 1.173835804e-02 1.292219497e-02 1.407136496e-02
 1.515362942e-02 1.615186795e-02 1.706711525e-02 1.791213207e-02 1.870163775e-02
 1.944617651e-02 2.015104771e-02 2.081763279e-02 2.144498394e-02 2.203103722e-02
 2.257322687e-02 2.306884887e-02 2.351517574e-02 2.390945759e-02 2.424883996e-02
 2.453013108e-02 2.474979968e-02 2.490392129e-02 2.498816920e-02 2.499786279e-02
 2.492795112e-02 2.477315312e-02 2.452801808e-02 2.418710182e-02 2.374520752e-02
 2.319766627e-02 2.254091731e-02 2.177326427e-02 2.089623275e-02 1.991669933e-02
 1.885025065e-02 1.772618646e-02 1.659394504e-02 1.552932199e-02 1.463474071e-02
 1.402391115e-02 1.378608041e-02 1.394603755e-02 1.445240721e-02 1.520974396e-02
 5.421978683e-05 1.226006375e-04 2.181420766e-04 3.405071778e-04 4.893605816e-04
 6.643909812e-04 8.652191520e-04 1.090116219e-03 1.356704678e-03 1.672381251e-03
 2.041589813e-03 2.438864558e-03 2.898293697e-03 3.400810887e-03 3.956712799e-03
 4.582033595e-03 5.247332233e-03 5.997043165e-03 6.786557018e-03 7.630821474e-03
 8.525703565e-03 9.433285896e-03 1.039216140e-02 1.133134198e-02 1.227012315e-02
 1.318261182e-02 1.404111129e-02 1.488841067e-02 1.566360474e-02 1.641877178e-02
 1.712460039e-02 1.778009979e-02 1.842259218e-02 1.899413319e-02 1.955886859e-02
 2.006336622e-02 2.052191641e-02 2.095255032e-02 2.130171353e-02 2.164538057e-02
 2.190748273e-02 2.212354607e-02 2.229119649e-02 2.236772228e-02 2.242617984e-02
 2.238148784e-02 2.228902171e-02 2.212292153e-02 2.186069144e-02 2.156515013e-02
 2.115464812e-02 2.070585573e-02 2.017526734e-02 1.957297217e-02 1.895614651e-02
 1.827211918e-02 1.762189093e-02 1.698710990e-02 1.641012454e-02 1.598284568e-02
 1.567074745e-02 1.557711621e-02 1.566362340e-02 1.591752783e-02 1.636662606e-02
 0.775599425E+00 0.782722287E+00 0.790601084E+00 0.799269220E+00 0.808200806E+00
 0.817629776E+00 0.827513970E+00 0.837819051E+00 0.848561833E+00 0.859789889E+00
 0.871530938E+00 0.883807874E+00 0.896638294E+00 0.910046882E+00 0.924068817E+00
 0.938739877E+00 0.954097188E+00 0.970179418E+00 0.987030787E+00 0.100469196E+01
 0.102320602E+01 0.104262216E+01 0.106299773E+01 0.108440090E+01 0.110690681E+01
 0.113057738E+01 0.115547718E+01 0.118169093E+01 0.120931718E+01 0.123845978E+01
 0.126923668E+01 0.130177134E+01 0.133618507E+01 0.137261873E+01 0.141123553E+01
 0.145222758E+01 0.149581454E+01 0.154222321E+01 0.159168369E+01 0.164447972E+01
 0.170094427E+01 0.176144975E+01 0.182642708E+01 0.189635511E+01 0.197177012E+01
 0.205329848E+01 0.214168781E+01 0.223783463E+01 0.234277910E+01 0.245769497E+01
 0.258404120E+01 0.272361674E+01 0.287861663E+01 0.305172077E+01 0.324629972E+01
 0.346673120E+01 0.371881062E+01 0.401028772E+01 0.435180303E+01 0.475906546E+01
 0.525682065E+01 0.588832270E+01 0.674239364E+01 0.806727989E+01 0.166253043E+02
  361   98
 0.575969204E+00 0.111536399E+01 0.570761575E+00 0.110169864E+01 0.565562482E+00
 0.108803004E+01 0.560360206E+00 0.107436264E+01 0.555155372E+00 0.106069622E+01
 0.549953212E+00 0.104702879E+01 0.544759674E+00 0.103335807E+01 0.539580290E+00
 0.101968199E+01 0.534415889E+00 0.100600024E+01 0.529265862E+00 0.992313073E+00
 0.524129345E+00 0.978620831E+00 0.519004847E+00 0.964924086E+00 0.513890668E+00
 0.951223485E+00 0.508787044E+00 0.937518948E+00 0.503694932E+00 0.923810130E+00
 0.498614282E+00 0.910097060E+00 0.493543857E+00 0.896380206E+00 0.488481927E+00
 0.882660214E+00 0.483429605E+00 0.868936682E+00 0.478389268E+00 0.855208743E+00
 0.473363280E+00 0.841475545E+00 0.468353624E+00 0.827736381E+00 0.463362187E+00
 0.813990587E+00 0.458392431E+00 0.800236941E+00 0.453448182E+00 0.786474105E+00
 0.448533167E+00 0.772700802E+00 0.443651561E+00 0.758915625E+00 0.438807858E+00
 0.745117084E+00 0.434007011E+00 0.731303575E+00 0.429253498E+00 0.717473707E+00
 0.424551161E+00 0.703626357E+00 0.419903634E+00 0.689760515E+00 0.415315109E+00
 0.675875038E+00 0.410790489E+00 0.661968608E+00 0.406334247E+00 0.648040118E+00
 0.401950004E+00 0.634088799E+00 0.397640649E+00 0.620114167E+00 0.393408765E+00
 0.606115881E+00 0.389257567E+00 0.592093457E+00 0.385190906E+00 0.578046286E+00
 0.381212394E+00 0.563973896E+00 0.377325093E+00 0.549876039E+00 0.373531449E+00
 0.535752692E+00 0.369833218E+00 0.521604062E+00 0.366231688E+00 0.507430509E+00
 0.362727909E+00 0.493232476E+00 0.359322785E+00 0.479010461E+00 0.356017227E+00
 0.464764975E+00 0.352812448E+00 0.450496479E+00 0.349709310E+00 0.436205534E+00
 0.346708269E+00 0.421892802E+00 0.343809546E+00 0.407558997E+00 0.341013294E+00
 0.393204850E+00 0.338319690E+00 0.378831087E+00 0.335728917E+00 0.364438434E+00
 0.333240945E+00 0.350027655E+00 0.330855374E+00 0.335599571E+00 0.328572047E+00
 0.321154953E+00 0.326391241E+00 0.306694501E+00 0.324313592E+00 0.292218869E+00
 0.322340137E+00 0.277728665E+00 0.320472075E+00 0.263224498E+00 0.318709674E+00
 0.248707112E+00 0.317052648E+00 0.234177322E+00 0.315500615E+00 0.219635942E+00
 0.314053163E+00 0.205083780E+00 0.312709640E+00 0.190521654E+00 0.311468670E+00
 0.175950429E+00 0.310328993E+00 0.161370932E+00 0.309289738E+00 0.146783932E+00
 0.308350484E+00 0.132190152E+00 0.307511272E+00 0.117590278E+00 0.306772350E+00
 0.102984984E+00 0.306133927E+00 0.883749522E-01 0.305596176E+00 0.737608689E-01
 0.305159213E+00 0.591434248E-01 0.304822185E+00 0.445233346E-01 0.304584010E+00
 0.299012995E-01 0.304444175E+00 0.152779931E-01 0.304402634E+00 0.654077306E-03
 0.304459540E+00-0.139697868E-01 0.304614666E+00-0.285929390E-01 0.304867844E+00
-0.432147222E-01 0.305219184E+00-0.578344760E-01 0.305669126E+00-0.724515271E-01
 0.306218138E+00-0.870651925E-01 0.306866446E+00-0.101674789E+00 0.307614657E+00
-0.116279610E+00 0.308463843E+00-0.130878907E+00 0.309415442E+00-0.145471886E+00
 0.310470027E+00-0.160057784E+00 0.311627156E+00-0.174635906E+00 0.312886314E+00
-0.189205570E+00 0.314247068E+00-0.203766097E+00 0.315709337E+00-0.218316779E+00
 0.317274050E+00-0.232856801E+00 0.318942688E+00-0.247385263E+00 0.320716781E+00
-0.261901223E+00 0.322597639E+00-0.276403736E+00 0.324585677E+00-0.290891946E+00
 0.326679711E+00-0.305365216E+00 0.328878307E+00-0.319822972E+00 0.331180179E+00
-0.334264646E+00 0.333584300E+00-0.348689652E+00 0.336090435E+00-0.363097284E+00
 0.338699359E+00-0.377486657E+00 0.341411971E+00-0.391856844E+00 0.344229070E+00
-0.406206913E+00 0.347151187E+00-0.420535966E+00 0.350177976E+00-0.434843274E+00
 0.353308389E+00-0.449128269E+00 0.356541337E+00-0.463390408E+00 0.359875872E+00
-0.477629138E+00 0.363311328E+00-0.491843856E+00 0.366847622E+00-0.506033825E+00
 0.370484313E+00-0.520198395E+00 0.374220474E+00-0.534337055E+00 0.378054762E+00
-0.548449420E+00 0.381985385E+00-0.562535259E+00 0.386010067E+00-0.576594512E+00
 0.390126099E+00-0.590627295E+00 0.394330369E+00-0.604633896E+00 0.398619678E+00
-0.618614691E+00 0.402991304E+00-0.632569966E+00 0.407442885E+00-0.646499943E+00
 0.411971689E+00-0.660405008E+00 0.416574271E+00-0.674285828E+00 0.421246445E+00
-0.688143380E+00 0.425983759E+00-0.701978801E+00 0.430782802E+00-0.715792932E+00
 0.435640705E+00-0.729586475E+00 0.440554288E+00-0.743360283E+00 0.445519678E+00
-0.757115501E+00 0.450532472E+00-0.770853516E+00 0.455588928E+00-0.784575521E+00
 0.460686146E+00-0.798282438E+00 0.465821835E+00-0.811974986E+00 0.470993563E+00
-0.825653965E+00 0.476199008E+00-0.839320148E+00 0.481437643E+00-0.852973643E+00
 0.486709739E+00-0.866614252E+00 0.492016298E+00-0.880241491E+00 0.497359047E+00
-0.893854582E+00 0.502740934E+00-0.907452246E+00 0.508168775E+00-0.921031629E+00
 0.513651410E+00-0.934588979E+00 0.519199685E+00-0.948119595E+00 0.524828055E+00
-0.961617082E+00 0.530556637E+00-0.975072327E+00 0.536415581E+00-0.988471295E+00
 0.542448643E+00-0.100179272E+01 0.548721390E+00-0.101500285E+01 0.555337720E+00
-0.102804399E+01 0.562470520E+00-0.104080919E+01 0.570417937E+00-0.105308134E+01
 0.579697625E+00-0.106437136E+01 0.591016516E+00-0.107358848E+01 0.604482880E+00
-0.107917062E+01 0.618979307E+00-0.108089123E+01 0.633571175E+00-0.108005791E+01
 0.648017275E+00-0.107780059E+01 0.662315102E+00-0.107473361E+01 0.676498089E+00
-0.107117089E+01 0.690595332E+00-0.106728195E+01 0.704626725E+00-0.106316147E+01
 0.718605229E+00-0.105886485E+01 0.732538770E+00-0.105442454E+01 0.746431706E+00
-0.104985873E+01 0.760286015E+00-0.104517701E+01 0.774101881E+00-0.104038303E+01
 0.787878731E+00-0.103547806E+01 0.801614336E+00-0.103045876E+01 0.815304511E+00
-0.102531686E+01 0.828943253E+00-0.102004007E+01 0.842523158E+00-0.101461369E+01
 0.856035874E+00-0.100902214E+01 0.869472590E+00-0.100325038E+01 0.882824136E+00
-0.997284280E+00 0.896081016E+00-0.991110726E+00 0.909233747E+00-0.984718317E+00
 0.922273214E+00-0.978097951E+00 0.935192032E+00-0.971245151E+00 0.947983405E+00
-0.964157318E+00 0.960638953E+00-0.956829745E+00 0.973147727E+00-0.949254370E+00
 0.985497426E+00-0.941422371E+00 0.997675896E+00-0.933326707E+00 0.100967261E+01
-0.924964083E+00 0.102148073E+01-0.916337192E+00 0.103309620E+01-0.907452597E+00
 0.104451658E+01-0.898318582E+00 0.105574007E+01-0.888943672E+00 0.106676173E+01
-0.879332301E+00 0.107757154E+01-0.869483269E+00 0.108815845E+01-0.859395032E+00
 0.109851428E+01-0.849069717E+00 0.110863766E+01-0.838516387E+00 0.111853178E+01
-0.827747810E+00 0.112819817E+01-0.816774350E+00 0.113762691E+01-0.805596061E+00
 0.114680377E+01-0.794210104E+00 0.115571841E+01-0.782617708E+00 0.116436684E+01
-0.770825366E+00 0.117274937E+01-0.758842545E+00 0.118086600E+01-0.746678037E+00
 0.118871132E+01-0.734336830E+00 0.119627712E+01-0.721822312E+00 0.120356013E+01
-0.709141138E+00 0.121056308E+01-0.696303161E+00 0.121729090E+01-0.683318880E+00
 0.122374409E+01-0.670195946E+00 0.122992179E+01-0.656941084E+00 0.123582803E+01
-0.643563047E+00 0.124147195E+01-0.630072223E+00 0.124686500E+01-0.616479149E+00
 0.125201662E+01-0.602792737E+00 0.125693571E+01-0.589021028E+00 0.126163441E+01
-0.575172560E+00 0.126612851E+01-0.561256327E+00 0.127043626E+01-0.547281269E+00
 0.127457582E+01-0.533255454E+00 0.127856226E+01-0.519185342E+00 0.128240972E+01
-0.505076584E+00 0.128613317E+01-0.490934580E+00 0.128974877E+01-0.476764612E+00
 0.129327342E+01-0.462571738E+00 0.129672433E+01-0.448360749E+00 0.130011964E+01
-0.434136366E+00 0.130347800E+01-0.419903213E+00 0.130681771E+01-0.405665670E+00
 0.131014956E+01-0.391426284E+00 0.131347758E+01-0.377186004E+00 0.131680682E+01
-0.362946009E+00 0.132014411E+01-0.348707898E+00 0.132349774E+01-0.334473629E+00
 0.132687101E+01-0.320244000E+00 0.133026327E+01-0.306018886E+00 0.133367366E+01
-0.291798107E+00 0.133710036E+01-0.277581251E+00 0.134053888E+01-0.263367248E+00
 0.134397727E+01-0.249153213E+00 0.134739983E+01-0.234935360E+00 0.135078954E+01
-0.220709643E+00 0.135412771E+01-0.206471747E+00 0.135739427E+01-0.192217259E+00
 0.136057044E+01-0.177942367E+00 0.136363546E+01-0.163643211E+00 0.136656503E+01
-0.149315707E+00 0.136933082E+01-0.134955714E+00 0.137190365E+01-0.120559920E+00
 0.137425841E+01-0.106126879E+00 0.137636976E+01-0.916562581E-01 0.137821166E+01
-0.771489103E-01 0.137975793E+01-0.626071175E-01 0.138098846E+01-0.480352302E-01
 0.138189121E+01-0.334393855E-01 0.138245604E+01-0.188265772E-01 0.138267474E+01
-0.420450332E-02 0.138254192E+01 0.104185988E-01 0.138206119E+01 0.250344141E-01
 0.138124216E+01 0.396351959E-01 0.138009633E+01 0.542139907E-01 0.137863666E+01
 0.687647332E-01 0.137687945E+01 0.832825778E-01 0.137485050E+01 0.977649819E-01
 0.137257758E+01 0.112211137E+00 0.137008757E+01 0.126621487E+00 0.136740610E+01
 0.140997467E+00 0.136455990E+01 0.155341763E+00 0.136157817E+01 0.169658520E+00
 0.135848661E+01 0.183951977E+00 0.135530701E+01 0.198226113E+00 0.135205799E+01
 0.212484617E+00 0.134875775E+01 0.226731358E+00 0.134542474E+01 0.240970470E+00
 0.134207572E+01 0.255205825E+00 0.133872606E+01 0.269441031E+00 0.133538966E+01
 0.283679349E+00 0.133207326E+01 0.297922339E+00 0.132877776E+01 0.312170181E+00
 0.132550276E+01 0.326422746E+00 0.132224758E+01 0.340679853E+00 0.131901087E+01
 0.354941164E+00 0.131578465E+01 0.369204853E+00 0.131255927E+01 0.383468732E+00
 0.130932692E+01 0.397731033E+00 0.130608138E+01 0.411990337E+00 0.130281547E+01
 0.426244987E+00 0.129951306E+01 0.440491224E+00 0.129615482E+01 0.454724396E+00
 0.129272130E+01 0.468939591E+00 0.128919352E+01 0.483131677E+00 0.128555316E+01
 0.497295291E+00 0.128178263E+01 0.511424800E+00 0.127786571E+01 0.525514419E+00
 0.127378757E+01 0.539558206E+00 0.126953410E+01 0.553549878E+00 0.126508917E+01
 0.567481888E+00 0.126043396E+01 0.581345030E+00 0.125555094E+01 0.595129556E+00
 0.125042589E+01 0.608825924E+00 0.124504880E+01 0.622425304E+00 0.123941231E+01
 0.635919226E+00 0.123350762E+01 0.649297940E+00 0.122732578E+01 0.662550856E+00
 0.122086208E+01 0.675668608E+00 0.121411773E+01 0.688644302E+00 0.120709722E+01
 0.701472684E+00 0.119980025E+01 0.714145840E+00 0.119222487E+01 0.726654565E+00
 0.118437350E+01 0.738991932E+00 0.117625470E+01 0.751155001E+00 0.116787899E+01
 0.763142613E+00 0.115925215E+01 0.774950793E+00 0.115037616E+01 0.786572845E+00
 0.114125363E+01 0.798002409E+00 0.113189176E+01 0.809236781E+00 0.112230219E+01
 0.820277461E+00 0.111249772E+01 0.831127756E+00 0.110248203E+01 0.841783385E+00
 0.109225189E+01 0.852233295E+00 0.108180476E+01 0.862466252E+00 0.107114343E+01
 0.872475851E+00 0.106027476E+01 0.882259924E+00 0.104920738E+01 0.891818647E+00
 0.103794815E+01 0.901150627E+00 0.102649995E+01 0.910249775E+00 0.101486369E+01
 0.919107141E+00 0.100304057E+01 0.927713477E+00 0.991033925E+00 0.936061869E+00
 0.978851377E+00 0.944151421E+00 0.966503583E+00 0.951986451E+00 0.954002483E+00
 0.959574514E+00 0.941360071E+00 0.966924756E+00 0.928586582E+00 0.974044791E+00
 0.915689312E+00 0.980938083E+00 0.902675000E+00 0.987607789E+00 0.889552071E+00
 0.994061194E+00 0.876330352E+00 0.100030974E+01 0.863019864E+00 0.100636692E+01
 0.849630662E+00 0.101224811E+01 0.836172612E+00 0.101797003E+01 0.822655699E+00
 0.102355153E+01 0.809089533E+00 0.102901225E+01 0.795482449E+00 0.103437022E+01
 0.781841072E+00 0.103964029E+01 0.768170796E+00 0.104483495E+01 0.754476128E+00
 0.104996497E+01 0.740761180E+00 0.105504053E+01 0.727030366E+00 0.106007302E+01
 0.713287563E+00 0.106507268E+01 0.699536807E+00 0.107005043E+01 0.685781499E+00
 0.107501559E+01 0.672025324E+00 0.107997835E+01 0.658271439E+00 0.108494745E+01
 0.644523160E+00 0.108993204E+01 0.630783831E+00 0.109494124E+01 0.617056296E+00
 0.109998266E+01 0.603343579E+00 0.110506425E+01 0.589646331E+00 0.111018739E+01
 0.575969204E+00 0.111536399E+01
 0.156441580E+01 0.156423520E+01 0.173298350E+01 0.167901950E+01 0.134847970E+01
 0.206041340E+01 0.108819530E+01 0.205946000E+01 0.902253030E+00 0.187565310E+01
 0.903668760E+00 0.187424170E+01 0.533866470E+00 0.150285580E+01 0.538010660E+00
 0.149874330E+01 0.332797140E+00 0.129708960E+01 0.332797140E+00 0.109400000E+01
 0.334795920E+00 0.109400000E+01 0.303115250E+00 0.847500000E+00 0.305114030E+00
 0.847500000E+00 0.269135950E+00 0.565000000E+00 0.271134730E+00 0.565000000E+00
 0.260841000E+00 0.495257700E+00 0.260841000E+00-0.507257700E+00 0.271134730E+00
-0.576999960E+00 0.269135950E+00-0.576999960E+00 0.305114030E+00-0.859500000E+00
 0.303115250E+00-0.859500000E+00 0.334795920E+00-0.110600010E+01 0.332797140E+00
-0.110600010E+01 0.332797140E+00-0.130908970E+01 0.538598100E+00-0.150990190E+01
 0.534468950E+00-0.151402960E+01 0.905629600E+00-0.188405800E+01 0.904219000E+00
-0.188547470E+01 0.108819530E+01-0.206614000E+01 0.134847970E+01-0.206518650E+01
 0.173017910E+01-0.168098580E+01 0.156441580E+01-0.156883530E+01 0.137999130E+01
-0.157688300E+01 0.137989190E+01-0.157672700E+01 0.119622210E+01-0.158474990E+01
 0.119631650E+01-0.158489800E+01 0.105537410E+01-0.159104840E+01 0.105528350E+01
-0.159090630E+01 0.947502500E+00-0.159561420E+01 0.905686400E+00-0.159556230E+01
 0.899143000E+00-0.159478470E+01 0.883387860E+00-0.159026430E+01 0.867681200E+00
-0.158087360E+01 0.851322350E+00-0.156766880E+01 0.833481900E+00-0.154624210E+01
 0.826062560E+00-0.152875240E+01 0.822677700E+00-0.151516830E+01 0.821022750E+00
-0.149624060E+01 0.820691350E+00-0.147724350E+01 0.822887360E+00-0.144582030E+01
 0.827573000E+00-0.141923050E+01 0.839194600E+00-0.138728100E+01 0.855244300E+00
-0.135284130E+01 0.877566500E+00-0.132209860E+01 0.899473500E+00-0.130017830E+01
 0.118567730E+01-0.101380000E+01 0.127900000E+01-0.842300000E+00 0.129600000E+01
-0.820200000E+00 0.143300000E+01-0.820200000E+00 0.143300000E+01-0.711000000E+00
 0.149000000E+01-0.491000000E+00 0.146000000E+01-0.491000000E+00 0.146000000E+01
-0.233000000E+00 0.166100000E+01-0.233000000E+00 0.166100000E+01 0.226000000E+00
 0.146000000E+01 0.226000000E+00 0.146000000E+01 0.481000000E+00 0.149300000E+01
 0.481000000E+00 0.147400000E+01 0.554000000E+00 0.143300000E+01 0.711000000E+00
 0.143300000E+01 0.815600000E+00 0.129600000E+01 0.815600000E+00 0.127900000E+01
 0.837699950E+00 0.118567730E+01 0.100920000E+01 0.899473500E+00 0.129557820E+01
 0.877566500E+00 0.131749860E+01 0.855244300E+00 0.134824120E+01 0.839194600E+00
 0.138268090E+01 0.827573000E+00 0.141463040E+01 0.822887360E+00 0.144122030E+01
 0.820691350E+00 0.147264350E+01 0.821022750E+00 0.149164060E+01 0.822677700E+00
 0.151056830E+01 0.826062560E+00 0.152415240E+01 0.833481900E+00 0.154164210E+01
 0.851322350E+00 0.156306870E+01 0.867681200E+00 0.157627360E+01 0.883387860E+00
 0.158566430E+01 0.899143000E+00 0.159018470E+01 0.905686400E+00 0.159096230E+01
 0.947502500E+00 0.159101410E+01 0.105528350E+01 0.158630620E+01 0.105537410E+01
 0.158644830E+01 0.119631650E+01 0.158029800E+01 0.119622210E+01 0.158014990E+01
 0.137989190E+01 0.157212700E+01 0.137999130E+01 0.157228290E+01 0.156441580E+01
 0.156423520E+01
    0
