EFIT++      MAST # 47012 # 480ms                   0  65  65
 0.194000000E+01 0.440000000E+01 0.800000000E+00 0.600000000E-01 0.000000000E+00
 0.947188182E+00 0.194201837E-02-0.752552385E-01 0.269809855E-01-0.654938204E+00
 0.748936411E+06-0.752552385E-01 0.000000000E+00 0.947188182E+00 0.000000000E+00
 0.194201837E-02 0.000000000E+00 0.269809855E-01 0.000000000E+00 0.000000000E+00
-0.622381098E+00-0.618563322E+00-0.614830124E+00-0.611181521E+00-0.607617495E+00
-0.604137993E+00-0.600742925E+00-0.597432162E+00-0.594205537E+00-0.591062844E+00
-0.588003835E+00-0.585028222E+00-0.582135676E+00-0.579325824E+00-0.576598249E+00
-0.573952494E+00-0.571388056E+00-0.568904388E+00-0.566500899E+00-0.564176954E+00
-0.561931873E+00-0.559764931E+00-0.557675361E+00-0.555662348E+00-0.553725038E+00
-0.551862529E+00-0.550073879E+00-0.548358103E+00-0.546714174E+00-0.545141023E+00
-0.543637542E+00-0.542202583E+00-0.540834961E+00-0.539533450E+00-0.538296791E+00
-0.537123688E+00-0.536012810E+00-0.534962796E+00-0.533972248E+00-0.533039743E+00
-0.532163825E+00-0.531343011E+00-0.530575792E+00-0.529860633E+00-0.529195975E+00
-0.528580237E+00-0.528011816E+00-0.527489089E+00-0.527010415E+00-0.526574136E+00
-0.526178577E+00-0.525822048E+00-0.525502848E+00-0.525219260E+00-0.524969559E+00
-0.524752007E+00-0.524564859E+00-0.524406362E+00-0.524274756E+00-0.524168273E+00
-0.524085143E+00-0.524023587E+00-0.523981828E+00-0.523958082E+00-0.523950564E+00
 0.178354265E+05 0.174114338E+05 0.169880237E+05 0.165653912E+05 0.161437314E+05
 0.157232392E+05 0.153041098E+05 0.148865381E+05 0.144707192E+05 0.140568480E+05
 0.136451197E+05 0.132357291E+05 0.128288715E+05 0.124247418E+05 0.120235349E+05
 0.116254460E+05 0.112306701E+05 0.108394022E+05 0.104518373E+05 0.100681705E+05
 0.968859672E+04 0.931331106E+04 0.894250853E+04 0.857638416E+04 0.821513297E+04
 0.785895000E+04 0.750803026E+04 0.716256878E+04 0.682276059E+04 0.648880072E+04
 0.616088419E+04 0.583920603E+04 0.552396126E+04 0.521534492E+04 0.491355202E+04
 0.461877760E+04 0.433121668E+04 0.405106429E+04 0.377851545E+04 0.351376520E+04
 0.325700855E+04 0.300844053E+04 0.276825618E+04 0.253665051E+04 0.231381855E+04
 0.209995534E+04 0.189525589E+04 0.169991523E+04 0.151412839E+04 0.133809040E+04
 0.117199628E+04 0.101604106E+04 0.870419764E+03 0.735327420E+03 0.610959053E+03
 0.497509690E+03 0.395174359E+03 0.304148085E+03 0.224625895E+03 0.156802815E+03
 0.100873872E+03 0.570340928E+02 0.254785033E+02 0.640213025E+01 0.000000000E+00
-0.150391930E+01-0.146195156E+01-0.142057015E+01-0.137977505E+01-0.133956627E+01
-0.129994381E+01-0.126090766E+01-0.122245784E+01-0.118459433E+01-0.114731713E+01
-0.111062626E+01-0.107452170E+01-0.103900345E+01-0.100407153E+01-0.969725921E+00
-0.935966631E+00-0.902793658E+00-0.870207002E+00-0.838206663E+00-0.806792642E+00
-0.775964938E+00-0.745723551E+00-0.716068481E+00-0.686999728E+00-0.658517293E+00
-0.630621175E+00-0.603311374E+00-0.576587890E+00-0.550450723E+00-0.524899874E+00
-0.499935342E+00-0.475557127E+00-0.451765230E+00-0.428559649E+00-0.405940386E+00
-0.383907440E+00-0.362460812E+00-0.341600500E+00-0.321326506E+00-0.301638829E+00
-0.282537469E+00-0.264022426E+00-0.246093701E+00-0.228751293E+00-0.211995202E+00
-0.195825428E+00-0.180241972E+00-0.165244832E+00-0.150834010E+00-0.137009506E+00
-0.123771318E+00-0.111119448E+00-0.990538945E-01-0.875746585E-01-0.766817398E-01
-0.663751383E-01-0.566548541E-01-0.475208870E-01-0.389732372E-01-0.310119046E-01
-0.236368893E-01-0.168481911E-01-0.106458102E-01-0.502974648E-02 0.000000000E+00
-0.265561607E+06-0.265257942E+06-0.264832189E+06-0.264284350E+06-0.263614424E+06
-0.262822412E+06-0.261908312E+06-0.260872126E+06-0.259713853E+06-0.258433493E+06
-0.257031046E+06-0.255506512E+06-0.253859892E+06-0.252091185E+06-0.250200391E+06
-0.248187510E+06-0.246052542E+06-0.243795488E+06-0.241416346E+06-0.238915118E+06
-0.236291803E+06-0.233546401E+06-0.230678913E+06-0.227689338E+06-0.224577675E+06
-0.221343926E+06-0.217988091E+06-0.214510168E+06-0.210910158E+06-0.207188062E+06
-0.203343879E+06-0.199377609E+06-0.195289253E+06-0.191078809E+06-0.186746279E+06
-0.182291662E+06-0.177714958E+06-0.173016167E+06-0.168195289E+06-0.163252325E+06
-0.158187274E+06-0.153000136E+06-0.147690911E+06-0.142259599E+06-0.136706201E+06
-0.131030715E+06-0.125233143E+06-0.119313484E+06-0.113271739E+06-0.107107906E+06
-0.100821987E+06-0.944139804E+05-0.878838874E+05-0.812317076E+05-0.744574410E+05
-0.675610876E+05-0.605426473E+05-0.534021203E+05-0.461395064E+05-0.387548057E+05
-0.312480182E+05-0.236191439E+05-0.158681827E+05-0.799513477E+04 0.000000000E+00
-4.378517310e-06-9.929267964e-06-1.772174060e-05-2.773126183e-05-3.992447517e-05
-5.433323887e-05-7.120736225e-05-9.154611034e-05-9.033863914e-05-1.185231809e-05
 9.187952583e-05 2.169132826e-04 3.834317361e-04 5.935884891e-04 8.619940666e-04
 1.199637387e-03 1.589430556e-03 2.048780979e-03 2.557894302e-03 3.123983920e-03
 3.745638822e-03 4.401444913e-03 5.108800708e-03 5.829861764e-03 6.574176249e-03
 7.324891271e-03 8.061294077e-03 8.804761477e-03 9.512853689e-03 1.021432247e-02
 1.088504181e-02 1.151842984e-02 1.213736169e-02 1.269563509e-02 1.323712760e-02
 1.372127252e-02 1.415644398e-02 1.455667074e-02 1.487511404e-02 1.517788699e-02
 1.539835037e-02 1.556858986e-02 1.568738111e-02 1.570978791e-02 1.570790416e-02
 1.559610127e-02 1.543363370e-02 1.519351644e-02 1.484808962e-02 1.447062768e-02
 1.396434464e-02 1.342250199e-02 1.279156368e-02 1.208059538e-02 1.136302984e-02
 1.056050691e-02 9.804488939e-03 9.058673485e-03 8.365176022e-03 7.844068423e-03
 7.420092313e-03 7.241079617e-03 7.240086600e-03 7.397823718e-03 7.782610709e-03
-1.098176594e-05-2.529800820e-05-4.605966426e-05-7.385011859e-05-1.093458893e-04
-1.534033807e-04-2.071728914e-04-2.669198491e-04-3.088492894e-04-2.568340712e-04
-1.832196957e-04-8.988034398e-05 2.619485033e-05 1.325963871e-04 4.577917949e-04
 8.626642828e-04 1.331743363e-03 1.870501518e-03 2.484415533e-03 3.174361604e-03
 3.938508757e-03 4.772653193e-03 5.659896483e-03 6.579914677e-03 7.512058256e-03
 8.437037013e-03 9.341135248e-03 1.021767277e-02 1.106435478e-02 1.187977548e-02
 1.266155567e-02 1.340625907e-02 1.410996243e-02 1.476873530e-02 1.537894153e-02
 1.593727841e-02 1.644078601e-02 1.688680871e-02 1.727291493e-02 1.759663785e-02
 1.785506808e-02 1.804482760e-02 1.816206621e-02 1.820247431e-02 1.816134866e-02
 1.803358185e-02 1.781381117e-02 1.749648904e-02 1.707606443e-02 1.654724500e-02
 1.590528289e-02 1.514659383e-02 1.426954256e-02 1.327586113e-02 1.217288336e-02
 1.097705547e-02 9.719158381e-03 8.450939947e-03 7.251482160e-03 6.227304985e-03
 5.496201738e-03 5.149827443e-03 5.211387923e-03 5.622371098e-03 6.279648506e-03
-1.607856628e-05-3.750917154e-05-6.933114600e-05-1.129086328e-04-1.694349616e-04
-2.395024875e-04-3.226065097e-04-4.127835756e-04-4.786035779e-04-5.393512974e-04
-5.468487501e-04-4.966041876e-04-4.140818370e-04-2.762651737e-04-3.462110028e-05
 3.473581191e-04 8.423950886e-04 1.450423831e-03 2.177342162e-03 3.024153831e-03
 3.988747840e-03 5.067105819e-03 6.236447703e-03 7.462616425e-03 8.691768059e-03
 9.858821419e-03 1.093317246e-02 1.194196970e-02 1.291112343e-02 1.384983295e-02
 1.475320666e-02 1.561357169e-02 1.642413655e-02 1.717963951e-02 1.787621961e-02
 1.851108396e-02 1.908212956e-02 1.958756857e-02 2.002557241e-02 2.039394589e-02
 2.068985358e-02 2.090962100e-02 2.104861408e-02 2.110118555e-02 2.106067289e-02
 2.091943099e-02 2.066888126e-02 2.029955621e-02 1.980111905e-02 1.916234276e-02
 1.837104623e-02 1.741401295e-02 1.627697591e-02 1.494487603e-02 1.340286788e-02
 1.163913390e-02 9.651874437e-03 7.465654778e-03 5.167508298e-03 2.976479652e-03
 1.317635638e-03 6.993008319e-04 1.267158766e-03 2.645036265e-03 4.356170119e-03
-1.714747778e-05-4.136793243e-05-7.958461153e-05-1.352487569e-04-2.117004967e-04
-3.114433196e-04-4.353562797e-04-5.768887498e-04-7.161055623e-04-8.606185820e-04
-9.828072239e-04-1.055154783e-03-1.077819303e-03-1.024599946e-03-8.620067817e-04
-5.566537187e-04-8.094686962e-05 5.837236436e-04 1.444456264e-03 2.495078445e-03
 3.722671467e-03 5.144814938e-03 6.720971795e-03 8.505325059e-03 1.041403992e-02
 1.192063622e-02 1.297343472e-02 1.394193008e-02 1.505454714e-02 1.615454646e-02
 1.721278633e-02 1.821247469e-02 1.914429830e-02 2.000346138e-02 2.078804493e-02
 2.149789564e-02 2.213375539e-02 2.269653138e-02 2.318667725e-02 2.360368213e-02
 2.394567404e-02 2.420914351e-02 2.438878850e-02 2.447747219e-02 2.446627406e-02
 2.434460202e-02 2.410031999e-02 2.371983140e-02 2.318804578e-02 2.248814126e-02
 2.160101708e-02 2.050429878e-02 1.917070002e-02 1.756543153e-02 1.564213378e-02
 1.333641504e-02 1.055537667e-02 7.160375429e-03 2.938823335e-03-2.428734208e-03
-1.085038711e-02-1.262286688e-02-6.416066917e-03-1.140662291e-03 2.795809009e-03
-8.731218445e-06-2.531938861e-05-5.816242765e-05-1.154055138e-04-2.055515041e-04
-3.362447428e-04-5.129254434e-04-7.321547588e-04-9.804197505e-04-1.264604491e-03
-1.572532345e-03-1.860020223e-03-2.117492840e-03-2.308645976e-03-2.375063812e-03
-2.244999865e-03-1.844858245e-03-1.118944317e-03-4.854681259e-05 1.342353997e-03
 2.999672576e-03 4.856577408e-03 6.840824622e-03 8.879117068e-03 1.088285536e-02
 1.275721410e-02 1.446152380e-02 1.604020639e-02 1.751327859e-02 1.888711412e-02
 2.015803122e-02 2.132274805e-02 2.238108633e-02 2.333602961e-02 2.419299652e-02
 2.495885344e-02 2.564087183e-02 2.624573633e-02 2.677866601e-02 2.724268803e-02
 2.763809009e-02 2.796207182e-02 2.820860843e-02 2.836852850e-02 2.842978893e-02
 2.837790366e-02 2.819645324e-02 2.786757197e-02 2.737228426e-02 2.669054340e-02
 2.580081017e-02 2.467898473e-02 2.329644284e-02 2.161677644e-02 1.959049554e-02
 1.714619522e-02 1.417500611e-02 1.050113346e-02 5.820261597e-03-4.683345167e-04
-9.559728144e-03-1.186496520e-02-4.697826809e-03 1.234216799e-03 5.494294855e-03
 2.061488504e-05 3.519532642e-05 3.546258910e-05 3.891760510e-06-7.827346027e-05
-2.286725443e-04-4.618728107e-04-7.869741134e-04-1.176656018e-03-1.663026467e-03
-2.237935366e-03-2.871680633e-03-3.550939064e-03-4.255144927e-03-4.896301398e-03
-5.305759707e-03-5.239973992e-03-4.473569269e-03-2.944650639e-03-7.982828275e-04
 1.719517829e-03 4.395477126e-03 7.092781895e-03 9.730221858e-03 1.225585677e-02
 1.463410002e-02 1.684272597e-02 1.887089892e-02 2.071489340e-02 2.237494422e-02
 2.385463437e-02 2.516151152e-02 2.630745966e-02 2.730822205e-02 2.818218929e-02
 2.894881007e-02 2.962694713e-02 3.023337533e-02 3.078150415e-02 3.128034583e-02
 3.173374266e-02 3.213988939e-02 3.249120897e-02 3.277463973e-02 3.297236039e-02
 3.306292107e-02 3.302267607e-02 3.282734112e-02 3.245344349e-02 3.187941730e-02
 3.108613811e-02 3.005679473e-02 2.877615226e-02 2.722945749e-02 2.540151872e-02
 2.327704351e-02 2.084468757e-02 1.811092975e-02 1.513970652e-02 1.215764794e-02
 9.764034027e-03 8.844535343e-03 9.564544721e-03 1.117563907e-02 1.302325958e-02
 9.353351984e-05 1.890247484e-04 2.822659271e-04 3.371677975e-04 3.145929960e-04
 1.776344125e-04-1.028472157e-04-5.383324367e-04-1.121562860e-03-1.859074265e-03
-2.746000749e-03-3.782917183e-03-5.003292572e-03-6.545585602e-03-8.603999951e-03
-1.088596818e-02-1.272707725e-02-1.210698163e-02-8.762835212e-03-3.988018942e-03
 5.196641756e-04 4.585532381e-03 8.298660894e-03 1.172891646e-02 1.491160173e-02
 1.785634460e-02 2.055680537e-02 2.299913220e-02 2.516939323e-02 2.705991207e-02
 2.867381873e-02 3.002696359e-02 3.114692461e-02 3.206977290e-02 3.283586214e-02
 3.348583729e-02 3.405751206e-02 3.458366830e-02 3.509048150e-02 3.559623595e-02
 3.611016854e-02 3.663152654e-02 3.714910697e-02 3.764158809e-02 3.807886984e-02
 3.842447300e-02 3.863885937e-02 3.868333876e-02 3.852402504e-02 3.813516273e-02
 3.750120019e-02 3.661732369e-02 3.548871507e-02 3.412934196e-02 3.256144098e-02
 3.081697360e-02 2.894226078e-02 2.700649970e-02 2.511275884e-02 2.340378693e-02
 2.204449442e-02 2.116837549e-02 2.082322813e-02 2.098574208e-02 2.150652150e-02
 2.527318695e-04 5.300018409e-04 8.407489416e-04 1.111577173e-03 1.259617504e-03
 1.205009949e-03 8.853207840e-04 2.733401312e-04-6.050513763e-04-1.710864558e-03
-2.947612774e-03-4.228162324e-03-5.500360566e-03-6.994808994e-03-9.094998920e-03
-1.203994323e-02-1.523754402e-02-1.448278166e-02-9.718031026e-03-2.859338291e-03
 2.590245374e-03 7.319888044e-03 1.161438647e-02 1.560822297e-02 1.935445372e-02
 2.285413851e-02 2.607256682e-02 2.895407942e-02 3.144040034e-02 3.349119202e-02
 3.510036102e-02 3.630118153e-02 3.715871214e-02 3.775480997e-02 3.817349916e-02
 3.849157013e-02 3.877484152e-02 3.907786560e-02 3.944443230e-02 3.990702489e-02
 4.048461944e-02 4.117948335e-02 4.197444793e-02 4.283209884e-02 4.369659949e-02
 4.449815017e-02 4.515988850e-02 4.560700189e-02 4.577715994e-02 4.563003863e-02
 4.515289236e-02 4.436016302e-02 4.328777064e-02 4.198510543e-02 4.050813624e-02
 3.891558470e-02 3.726815382e-02 3.562934514e-02 3.406557989e-02 3.264314127e-02
 3.142036566e-02 3.042854762e-02 2.978981886e-02 2.941581908e-02 2.925610547e-02
 5.691992610e-04 1.223983429e-03 2.011483456e-03 2.786446342e-03 3.362120295e-03
 3.545889937e-03 3.191815058e-03 2.228564660e-03 6.594969684e-04-1.475863940e-03
-3.765532591e-03-5.391049891e-03-5.896599414e-03-5.510454242e-03-4.939827521e-03
-4.301560793e-03-3.269459339e-03-1.446878677e-03 1.318179688e-03 4.839326575e-03
 8.787675563e-03 1.292854356e-02 1.715505341e-02 2.142211442e-02 2.569009801e-02
 2.988691937e-02 3.388131498e-02 3.747594459e-02 4.044311383e-02 4.260798697e-02
 4.393182771e-02 4.452999488e-02 4.461077596e-02 4.438978931e-02 4.403903830e-02
 4.367968329e-02 4.339665121e-02 4.325655187e-02 4.332029360e-02 4.364626902e-02
 4.428236307e-02 4.525000148e-02 4.652948153e-02 4.805499866e-02 4.971958942e-02
 5.138383570e-02 5.288527696e-02 5.405432290e-02 5.474379111e-02 5.486647546e-02
 5.441994647e-02 5.348002788e-02 5.216676404e-02 5.060607923e-02 4.890638090e-02
 4.715236061e-02 4.540842903e-02 4.372453575e-02 4.214061148e-02 4.068852139e-02
 3.939187615e-02 3.826750166e-02 3.738973416e-02 3.670732239e-02 3.616825251e-02
 1.113093403e-03 2.472508943e-03 4.261566505e-03 6.273407809e-03 8.042459643e-03
 8.834225574e-03 8.318227756e-03 6.739702162e-03 4.229968729e-03 5.190632009e-04
-4.225511573e-03-6.661446659e-03-6.101666547e-03-2.672653145e-03-1.343819919e-04
 1.942173477e-03 3.982130494e-03 6.241571425e-03 8.862117138e-03 1.189615426e-02
 1.534102323e-02 1.917843345e-02 2.340216580e-02 2.802701609e-02 3.307951208e-02
 3.856180258e-02 4.435165528e-02 4.998036822e-02 5.445834161e-02 5.681956852e-02
 5.686928403e-02 5.541121634e-02 5.341119691e-02 5.148253911e-02 4.979064930e-02
 4.837560872e-02 4.724308533e-02 4.637516097e-02 4.584787790e-02 4.577591469e-02
 4.635426153e-02 4.772792805e-02 4.988272482e-02 5.267792204e-02 5.588305628e-02
 5.926630379e-02 6.253084529e-02 6.524707140e-02 6.692646072e-02 6.724153005e-02
 6.626122467e-02 6.439533497e-02 6.210696378e-02 5.971088710e-02 5.736397918e-02
 5.513793266e-02 5.305997537e-02 5.114049158e-02 4.938433660e-02 4.779146299e-02
 4.636162991e-02 4.509607972e-02 4.404058932e-02 4.314843098e-02 4.239500152e-02
 1.808179029e-03 4.133751867e-03 7.491398857e-03 1.207066079e-02 1.784284244e-02
 1.987939439e-02 1.696056059e-02 1.404520867e-02 1.133049778e-02 8.615788371e-03
 6.196082186e-03 4.721339359e-03 4.561734747e-03 5.492542947e-03 6.910755981e-03
 8.544414313e-03 1.037841788e-02 1.246385704e-02 1.485957246e-02 1.761744869e-02
 2.078443228e-02 2.441321985e-02 2.857856914e-02 3.340053738e-02 3.908366546e-02
 4.599955013e-02 5.490178222e-02 6.762908633e-02 7.983946341e-02 8.294633859e-02
 7.639295302e-02 6.668607388e-02 6.082681098e-02 5.684473080e-02 5.392618620e-02
 5.165434822e-02 4.976528852e-02 4.805064590e-02 4.631963482e-02 4.454343384e-02
 4.407118800e-02 4.602496666e-02 5.024878277e-02 5.573761291e-02 6.151840091e-02
 6.783159257e-02 7.504103470e-02 8.268922734e-02 8.757652886e-02 8.763786421e-02
 8.246651564e-02 7.673145952e-02 7.204691000e-02 6.821673787e-02 6.499684126e-02
 6.222517109e-02 5.979731454e-02 5.764339991e-02 5.572456767e-02 5.400603542e-02
 5.247435145e-02 5.111967720e-02 4.993132105e-02 4.887645106e-02 4.792403332e-02
 2.392514829e-03 5.484177440e-03 9.954580384e-03 1.595816815e-02 2.310130105e-02
 2.570615682e-02 2.258158848e-02 1.981951416e-02 1.764737759e-02 1.587564714e-02
 1.449166256e-02 1.354761789e-02 1.312206273e-02 1.321643286e-02 1.377268221e-02
 1.472272536e-02 1.602228962e-02 1.765613376e-02 1.963049183e-02 2.196566235e-02
 2.469278810e-02 2.785495039e-02 3.151185061e-02 3.574736213e-02 4.067825762e-02
 4.645471582e-02 5.319982536e-02 6.060556065e-02 6.671462081e-02 6.910913691e-02
 6.742716577e-02 6.364900887e-02 6.003576823e-02 5.709532819e-02 5.475215513e-02
 5.284465422e-02 5.120357877e-02 4.963825592e-02 4.788650839e-02 4.550946392e-02
 4.447077567e-02 4.664570799e-02 5.224170570e-02 5.882833018e-02 6.531404524e-02
 7.238425801e-02 8.085918783e-02 9.151655851e-02 9.759806952e-02 9.698991199e-02
 8.954120570e-02 8.265784203e-02 7.758434681e-02 7.360136218e-02 7.032147248e-02
 6.752874740e-02 6.509601049e-02 6.294445708e-02 6.102304253e-02 5.929729542e-02
 5.774277985e-02 5.634075821e-02 5.507504182e-02 5.393066597e-02 5.290064296e-02
 2.760517171e-03 6.292937045e-03 1.132063636e-02 1.790599938e-02 2.554590414e-02
 2.836697126e-02 2.493500633e-02 2.317718428e-02 2.189233118e-02 2.078566034e-02
 1.986067276e-02 1.918188658e-02 1.879365440e-02 1.872121133e-02 1.897193258e-02
 1.954233727e-02 2.042606155e-02 2.161928842e-02 2.312292341e-02 2.494250292e-02
 2.708691211e-02 2.956623280e-02 3.238800105e-02 3.554981802e-02 3.902436280e-02
 4.273091326e-02 4.649030728e-02 4.998283066e-02 5.277062614e-02 5.460763971e-02
 5.540252790e-02 5.529855580e-02 5.468056920e-02 5.387383798e-02 5.308146720e-02
 5.240835788e-02 5.190691489e-02 5.162039191e-02 5.163145995e-02 5.211830509e-02
 5.335394105e-02 5.556109421e-02 5.874211640e-02 6.267744776e-02 6.708189108e-02
 7.169656782e-02 7.619674218e-02 8.003986883e-02 8.252836167e-02 8.322627509e-02
 8.228093587e-02 8.030165595e-02 7.790279500e-02 7.544362662e-02 7.308016419e-02
 7.086734275e-02 6.881769922e-02 6.692740406e-02 6.518692028e-02 6.358518694e-02
 6.211112913e-02 6.075407629e-02 5.950379501e-02 5.835057914e-02 5.729200927e-02
 2.984266928e-03 6.779218242e-03 1.213645580e-02 1.908244570e-02 2.704016577e-02
 3.012267487e-02 2.719986531e-02 2.587288688e-02 2.502836864e-02 2.424386008e-02
 2.357256742e-02 2.305099969e-02 2.271050937e-02 2.257583915e-02 2.266471072e-02
 2.298874745e-02 2.355509683e-02 2.436797302e-02 2.542955884e-02 2.674000502e-02
 2.829643016e-02 3.009081646e-02 3.210659865e-02 3.431373220e-02 3.666239334e-02
 3.907665605e-02 4.145184873e-02 4.366195555e-02 4.558224019e-02 4.710901511e-02
 4.831106161e-02 4.917187815e-02 4.975564817e-02 5.018053298e-02 5.055498198e-02
 5.097709148e-02 5.153380261e-02 5.230518846e-02 5.336990797e-02 5.480497569e-02
 5.667441128e-02 5.900783530e-02 6.177756206e-02 6.488845029e-02 6.818301786e-02
 7.145244260e-02 7.445033628e-02 7.692022955e-02 7.864664386e-02 7.951670253e-02
 7.955563342e-02 7.890752021e-02 7.777240956e-02 7.634194502e-02 7.476483323e-02
 7.314185204e-02 7.153518081e-02 6.998027676e-02 6.849552575e-02 6.708889411e-02
 6.576216523e-02 6.451353128e-02 6.333914829e-02 6.223380624e-02 6.117731857e-02
 3.138655152e-03 7.117836094e-03 1.271384122e-02 1.993665550e-02 2.820816169e-02
 3.163508710e-02 2.893434145e-02 2.794933584e-02 2.733994615e-02 2.676305904e-02
 2.623909214e-02 2.579633770e-02 2.546151447e-02 2.525817370e-02 2.520593167e-02
 2.532025532e-02 2.561259660e-02 2.609062260e-02 2.675830763e-02 2.761571809e-02
 2.865839942e-02 2.987635294e-02 3.125268975e-02 3.276220156e-02 3.437032617e-02
 3.603327982e-02 3.770031572e-02 3.931884657e-02 4.084228095e-02 4.223878108e-02
 4.349484799e-02 4.462340553e-02 4.570782259e-02 4.674921337e-02 4.779792760e-02
 4.888989216e-02 5.013949251e-02 5.159912114e-02 5.333121999e-02 5.537267280e-02
 5.770099092e-02 6.033138710e-02 6.325211052e-02 6.641037129e-02 6.969747936e-02
 7.292617308e-02 7.583277572e-02 7.815657208e-02 7.972424982e-02 8.047161929e-02
 8.045570669e-02 7.985352343e-02 7.888179814e-02 7.770579782e-02 7.642899176e-02
 7.511462632e-02 7.380154659e-02 7.251317282e-02 7.126290432e-02 7.005760344e-02
 6.889990421e-02 6.778974622e-02 6.672540163e-02 6.570448633e-02 6.473745162e-02
 3.266394717e-03 7.400970707e-03 1.320304587e-02 2.067018595e-02 2.921718371e-02
 3.292992544e-02 3.048927185e-02 2.966163553e-02 2.921920465e-02 2.874520276e-02
 2.826857398e-02 2.781882958e-02 2.742354583e-02 2.710704167e-02 2.688993568e-02
 2.678911845e-02 2.681786629e-02 2.698595366e-02 2.729968421e-02 2.776178575e-02
 2.837117032e-02 2.912261988e-02 3.000649779e-02 3.100864346e-02 3.211065868e-02
 3.329080954e-02 3.452570766e-02 3.579273025e-02 3.707291811e-02 3.835383414e-02
 3.963176065e-02 4.091256077e-02 4.221233298e-02 4.356550921e-02 4.499955625e-02
 4.653496807e-02 4.823177162e-02 5.013320446e-02 5.227938258e-02 5.469751452e-02
 5.739332618e-02 6.039399103e-02 6.373302623e-02 6.744918047e-02 7.160214713e-02
 7.641436438e-02 8.080365495e-02 8.391962732e-02 8.560710290e-02 8.576796185e-02
 8.442154273e-02 8.235504616e-02 8.076077906e-02 7.936945076e-02 7.810344480e-02
 7.692113797e-02 7.579866303e-02 7.472199246e-02 7.368256439e-02 7.267480148e-02
 7.169471120e-02 7.073908349e-02 6.980499386e-02 6.888928307e-02 6.797919760e-02
 3.390464502e-03 7.680915706e-03 1.369872230e-02 2.143543228e-02 3.026522764e-02
 3.422845416e-02 3.209716006e-02 3.143634560e-02 3.102271267e-02 3.050681833e-02
 2.994494092e-02 2.937749368e-02 2.883464115e-02 2.834019815e-02 2.791366034e-02
 2.757122647e-02 2.732632502e-02 2.718989867e-02 2.717055217e-02 2.727449692e-02
 2.750537373e-02 2.786412695e-02 2.834897091e-02 2.895550862e-02 2.967707905e-02
 3.050541822e-02 3.143171391e-02 3.244770108e-02 3.354681509e-02 3.472535037e-02
 3.598345106e-02 3.732580377e-02 3.876182834e-02 4.030515881e-02 4.197270412e-02
 4.378439581e-02 4.576305048e-02 4.793314618e-02 5.032021621e-02 5.295224659e-02
 5.586344512e-02 5.909868661e-02 6.271720375e-02 6.680331674e-02 7.148819284e-02
 7.693960912e-02 8.187459898e-02 8.521856847e-02 8.697734028e-02 8.710079935e-02
 8.552365256e-02 8.327018981e-02 8.162333117e-02 8.034399826e-02 7.927903625e-02
 7.834052250e-02 7.747616036e-02 7.665422989e-02 7.585532588e-02 7.506760196e-02
 7.428393155e-02 7.350014827e-02 7.271386589e-02 7.192333027e-02 7.112674777e-02
 3.514437561e-03 7.967338497e-03 1.422551614e-02 2.229884128e-02 3.163406330e-02
 3.635158623e-02 3.493857464e-02 3.385564505e-02 3.301436887e-02 3.218982244e-02
 3.137073426e-02 3.056673441e-02 2.979027291e-02 2.905436166e-02 2.837185020e-02
 2.775508857e-02 2.721575630e-02 2.676477683e-02 2.641300876e-02 2.617082610e-02
 2.604702833e-02 2.604873879e-02 2.618131377e-02 2.644827748e-02 2.685127123e-02
 2.738995602e-02 2.806446910e-02 2.887501505e-02 2.982162300e-02 3.090465442e-02
 3.212532913e-02 3.348639877e-02 3.499222422e-02 3.664846480e-02 3.846181287e-02
 4.043969248e-02 4.258977909e-02 4.491951926e-02 4.743592875e-02 5.014680433e-02
 5.307233167e-02 5.628274008e-02 5.985977961e-02 6.376191047e-02 6.804487751e-02
 7.265717589e-02 7.691056474e-02 8.000809565e-02 8.184158151e-02 8.227361387e-02
 8.180884679e-02 8.128118156e-02 8.075718226e-02 8.026535155e-02 7.980176329e-02
 7.934955205e-02 7.889211412e-02 7.841662588e-02 7.791444973e-02 7.738059927e-02
 7.681301785e-02 7.621194110e-02 7.557946118e-02 7.491944960e-02 7.424232294e-02
 3.620712247e-03 8.213495097e-03 1.467952587e-02 2.304408336e-02 3.274873963e-02
 3.794918649e-02 3.713724820e-02 3.579573792e-02 3.461528810e-02 3.347556592e-02
 3.237292010e-02 3.129993251e-02 3.025646305e-02 2.924711397e-02 2.827931104e-02
 2.736215472e-02 2.650574787e-02 2.572257454e-02 2.502674632e-02 2.443225935e-02
 2.395269222e-02 2.360095052e-02 2.338904151e-02 2.332788158e-02 2.342714859e-02
 2.369520720e-02 2.413919314e-02 2.476483927e-02 2.557615251e-02 2.657495091e-02
 2.776005565e-02 2.913225892e-02 3.069301394e-02 3.244185362e-02 3.437702892e-02
 3.649592641e-02 3.879411034e-02 4.126436596e-02 4.389490683e-02 4.666561026e-02
 4.951455382e-02 5.271677040e-02 5.615986524e-02 5.970407351e-02 6.336072240e-02
 6.693456634e-02 7.020443685e-02 7.301245563e-02 7.526300376e-02 7.695000399e-02
 7.815439804e-02 7.899771083e-02 7.958379191e-02 7.998137886e-02 8.023136135e-02
 8.035691789e-02 8.037137096e-02 8.028327712e-02 8.009935378e-02 7.982598649e-02
 7.946989315e-02 7.903832091e-02 7.853899101e-02 7.797973972e-02 7.735908960e-02
 3.691712191e-03 8.374167343e-03 1.496450386e-02 2.348307688e-02 3.335744176e-02
 3.871210021e-02 3.799867519e-02 3.667582576e-02 3.538469910e-02 3.408566460e-02
 3.278087505e-02 3.147603232e-02 3.017691928e-02 2.889031927e-02 2.762430717e-02
 2.638823358e-02 2.519482289e-02 2.406044557e-02 2.300256014e-02 2.203938751e-02
 2.118958578e-02 2.047191173e-02 1.990487061e-02 1.950635741e-02 1.929329407e-02
 1.928126770e-02 1.948416223e-02 1.991376397e-02 2.057934531e-02 2.148725573e-02
 2.264057801e-02 2.403903617e-02 2.567815247e-02 2.754770615e-02 2.963488575e-02
 3.193204474e-02 3.442695465e-02 3.710482195e-02 3.994766941e-02 4.293348704e-02
 4.603363821e-02 4.926254500e-02 5.255606211e-02 5.607332294e-02 5.969524535e-02
 6.317600002e-02 6.643226936e-02 6.941019797e-02 7.206525004e-02 7.437590967e-02
 7.634490863e-02 7.799264161e-02 7.934761131e-02 8.043883336e-02 8.129212569e-02
 8.192942200e-02 8.236954773e-02 8.262934311e-02 8.272459095e-02 8.267058621e-02
 8.248237354e-02 8.217474550e-02 8.176210223e-02 8.125839471e-02 8.068333385e-02
 3.726994871e-03 8.451507368e-03 1.509527877e-02 2.367183549e-02 3.363121770e-02
 3.908540110e-02 3.826757133e-02 3.691913792e-02 3.554739993e-02 3.411451280e-02
 3.263211378e-02 3.111095055e-02 2.956097799e-02 2.799201369e-02 2.641427304e-02
 2.484081574e-02 2.328989517e-02 2.178159993e-02 2.033769043e-02 1.898136340e-02
 1.773693448e-02 1.662944937e-02 1.568422979e-02 1.492636237e-02 1.438014029e-02
 1.406846894e-02 1.401224889e-02 1.422974608e-02 1.473596723e-02 1.554205966e-02
 1.665475152e-02 1.807582397e-02 1.980158617e-02 2.182241418e-02 2.412259188e-02
 2.667983443e-02 2.946264469e-02 3.245252986e-02 3.562828042e-02 3.896724131e-02
 4.244563810e-02 4.603880468e-02 4.972254035e-02 5.346956888e-02 5.722445377e-02
 6.091359401e-02 6.446946503e-02 6.783496693e-02 7.096364534e-02 7.382020281e-02
 7.638070777e-02 7.863182871e-02 8.056927495e-02 8.219602408e-02 8.352079276e-02
 8.455688012e-02 8.532127415e-02 8.583385226e-02 8.611656693e-02 8.619259685e-02
 8.608550660e-02 8.581848020e-02 8.541368228e-02 8.489170928e-02 8.426895674e-02
 3.735331078e-03 8.467992950e-03 1.511854582e-02 2.369560796e-02 3.360460959e-02
 3.894267605e-02 3.819660336e-02 3.678813476e-02 3.529816531e-02 3.370973752e-02
 3.203479036e-02 3.028420401e-02 2.846861319e-02 2.659873987e-02 2.468720122e-02
 2.275342159e-02 2.081922962e-02 1.890887690e-02 1.704896149e-02 1.526822351e-02
 1.359721883e-02 1.206787314e-02 1.071292290e-02 9.565254322e-03 8.657156204e-03
 8.019507270e-03 7.680922505e-03 7.666886831e-03 7.998905169e-03 8.693697469e-03
 9.762463627e-03 1.121023957e-02 1.303535151e-02 1.522898458e-02 1.777486405e-02
 2.064900205e-02 2.381956241e-02 2.724741762e-02 3.088577914e-02 3.471078173e-02
 3.869462766e-02 4.280693430e-02 4.701342082e-02 5.127415569e-02 5.554237683e-02
 5.976533520e-02 6.388689975e-02 6.785042174e-02 7.160118914e-02 7.508862120e-02
 7.826839741e-02 8.110450776e-02 8.357105089e-02 8.565352715e-02 8.734936870e-02
 8.866753231e-02 8.962714272e-02 9.025536699e-02 9.058485156e-02 9.065110779e-02
 9.049018039e-02 9.013681120e-02 8.962317204e-02 8.897809260e-02 8.822614236e-02
 3.725472905e-03 8.443933975e-03 1.507133378e-02 2.361330828e-02 3.349561455e-02
 3.882065731e-02 3.791026854e-02 3.639673791e-02 3.475417407e-02 3.298167293e-02
 3.108817161e-02 2.908305989e-02 2.697601821e-02 2.477720360e-02 2.250559723e-02
 2.018323284e-02 1.783533007e-02 1.549036775e-02 1.318002389e-02 1.093897255e-02
 8.804524347e-03 6.816106131e-03 5.014582649e-03 3.441431880e-03 2.137794689e-03
 1.143428209e-03 4.956000733e-04 2.279659118e-04 3.694754536e-04 9.433516159e-04
 1.966182266e-03 3.447155328e-03 5.387458856e-03 7.779853114e-03 1.060840939e-02
 1.384839420e-02 1.746626045e-02 2.141967014e-02 2.565750959e-02 3.011998076e-02
 3.476877460e-02 3.957390703e-02 4.450156866e-02 4.951281417e-02 5.456237107e-02
 5.959777907e-02 6.455903896e-02 6.937895634e-02 7.398448660e-02 7.829948390e-02
 8.224912687e-02 8.576584321e-02 8.879589777e-02 9.130525676e-02 9.328323408e-02
 9.474290036e-02 9.571812849e-02 9.625809623e-02 9.642067339e-02 9.626616465e-02
 9.585242933e-02 9.523175833e-02 9.444936697e-02 9.354322107e-02 9.255042634e-02
 3.703829589e-03 8.393686889e-03 1.497872218e-02 2.346242905e-02 3.326123097e-02
 3.847377496e-02 3.746122426e-02 3.581759865e-02 3.399760817e-02 3.201494781e-02
 2.987656451e-02 2.758964401e-02 2.516183842e-02 2.260803090e-02 1.994873317e-02
 1.720829946e-02 1.441518794e-02 1.160208732e-02 8.805893845e-03 6.067511134e-03
 3.431453829e-03 9.452438056e-04-1.341401551e-03-3.377577053e-03-5.112367973e-03
-6.496160064e-03-7.482030704e-03-8.027161526e-03-8.094208220e-03-7.652563623e-03
-6.679456344e-03-5.160838494e-03-3.092032875e-03-4.781290693e-04 2.665859956e-03
 6.315047567e-03 1.043487870e-02 1.498142816e-02 1.990167687e-02 2.513365008e-02
 3.060670682e-02 3.627912104e-02 4.212474259e-02 4.811204517e-02 5.420157859e-02
 6.034280244e-02 6.647038721e-02 7.250051908e-02 7.832847704e-02 8.382966712e-02
 8.886670287e-02 9.330386642e-02 9.702697626e-02 9.996310418e-02 1.020934918e-01
 1.034551811e-01 1.041308906e-01 1.042308999e-01 1.038733528e-01 1.031688083e-01
 1.022115807e-01 1.010770996e-01 9.982303907e-02 9.849196368e-02 9.710488833e-02
 3.674862121e-03 8.327153120e-03 1.485786125e-02 2.326888695e-02 3.295860326e-02
 3.801783769e-02 3.693869351e-02 3.511310792e-02 3.309562927e-02 3.088241101e-02
 2.847747649e-02 2.588528253e-02 2.311475279e-02 2.018310336e-02 1.711190469e-02
 1.392751743e-02 1.066142923e-02 7.350456988e-03 4.036771862e-03 7.677116061e-04
-2.404649079e-03-5.424189115e-03-8.231697625e-03-1.076608481e-02-1.296581683e-02
-1.477052540e-02-1.612272593e-02-1.696956412e-02-1.726450379e-02-1.696886774e-02
-1.605315101e-02-1.449804081e-02-1.229509919e-02-9.447090298e-03-5.967962812e-03
-1.882525853e-03 2.774117182e-03 7.957289097e-03 1.361351880e-02 1.968127368e-02
 2.609141685e-02 3.276768474e-02 3.969061881e-02 4.684834545e-02 5.422293103e-02
 6.178480215e-02 6.948392039e-02 7.723647718e-02 8.490694578e-02 9.228984817e-02
 9.910563885e-02 1.050324913e-01 1.097777005e-01 1.131558375e-01 1.151366694e-01
 1.158496495e-01 1.155428351e-01 1.145077126e-01 1.130071912e-01 1.112402624e-01
 1.093415614e-01 1.073959216e-01 1.054540512e-01 1.035447914e-01 1.016891042e-01
 3.641807301e-03 8.251500260e-03 1.472110821e-02 2.305140541e-02 3.267980147e-02
 3.770010231e-02 3.632567506e-02 3.433705960e-02 3.210998383e-02 2.965303848e-02
 2.696767673e-02 2.405540564e-02 2.092878811e-02 1.760499709e-02 1.410639776e-02
 1.046110329e-02 6.703429700e-03 2.874196111e-03-9.791801979e-04-4.802842368e-03
-8.536946730e-03-1.211643803e-02-1.547215803e-02-1.853227703e-02-2.122401292e-02
-2.347557749e-02-2.521826559e-02-2.638858405e-02-2.693030552e-02-2.679633026e-02
-2.595024753e-02-2.436750670e-02-2.203613579e-02-1.895697853e-02-1.514345623e-02
-1.062089485e-02-5.425486733e-03 3.970222661e-04 6.792811913e-03 1.370151443e-02
 2.105768780e-02 2.879196210e-02 3.685526126e-02 4.527070197e-02 5.406684120e-02
 6.327540609e-02 7.292513727e-02 8.302663705e-02 9.353529801e-02 1.042582358e-01
 1.146501007e-01 1.236963017e-01 1.303979196e-01 1.342355300e-01 1.351503944e-01
 1.335879559e-01 1.304955880e-01 1.268463413e-01 1.231776212e-01 1.196956545e-01
 1.164616734e-01 1.134787978e-01 1.107278263e-01 1.081824515e-01 1.058159069e-01
 3.607262964e-03 8.172532860e-03 1.457862114e-02 2.282500764e-02 3.230859384e-02
 3.711912606e-02 3.572157893e-02 3.353884086e-02 3.109781684e-02 2.839316464e-02
 2.542261090e-02 2.218941815e-02 1.870551904e-02 1.498796495e-02 1.105973927e-02
 6.950488425e-03 2.697129863e-03-1.655719111e-03-6.055552413e-03-1.044208586e-02
-1.474772001e-02-1.889839397e-02-2.281484848e-02-2.641428978e-02-2.961241491e-02
-3.232572597e-02-3.447403001e-02-3.598299528e-02-3.678661860e-02-3.682945437e-02
-3.606846524e-02-3.447437791e-02-3.203246139e-02-2.874268683e-02-2.461927151e-02
-1.968964944e-02-1.399294241e-02-7.578022759e-03-5.012596285e-04 7.175978527e-03
 1.539002562e-02 2.407789156e-02 3.318063848e-02 4.272304385e-02 5.278807932e-02
 6.349020885e-02 7.498932750e-02 8.751334265e-02 1.013993502e-01 1.171946988e-01
 1.360802066e-01 1.525217578e-01 1.631860356e-01 1.673974604e-01 1.649438791e-01
 1.569200496e-01 1.462343731e-01 1.382025638e-01 1.317765272e-01 1.264715681e-01
 1.219886533e-01 1.181244612e-01 1.147349319e-01 1.117153375e-01 1.089849489e-01
 3.573501427e-03 8.095381810e-03 1.443950752e-02 2.260433614e-02 3.199361950e-02
 3.669977877e-02 3.512491263e-02 3.276313069e-02 3.011524528e-02 2.717109210e-02
 2.392504867e-02 2.038247074e-02 1.655418742e-02 1.245679862e-02 8.113602025e-03
 3.555467103e-03-1.178411526e-03-6.039953714e-03-1.097190211e-02-1.590787403e-02
-2.077282410e-02-2.548396913e-02-2.995220269e-02-3.408399476e-02-3.778373357e-02
-4.095642605e-02-4.351063369e-02-4.536148766e-02-4.643360597e-02-4.666372856e-02
-4.600289815e-02-4.441804253e-02-4.189285699e-02-3.842793756e-02-3.404017002e-02
-2.876142956e-02-2.263668368e-02-1.572161091e-02-8.079846190e-03 2.200656031e-04
 9.107988520e-03 1.851585914e-02 2.838194258e-02 3.867499114e-02 4.949126842e-02
 6.096721928e-02 7.329937606e-02 8.677839317e-02 1.018482991e-01 1.192079441e-01
 1.404960998e-01 1.573147408e-01 1.732740945e-01 1.756492122e-01 1.721959777e-01
 1.628935677e-01 1.505744363e-01 1.415563506e-01 1.345228073e-01 1.288532646e-01
 1.241472915e-01 1.201415163e-01 1.166574529e-01 1.135707425e-01 1.107992153e-01
 3.542567139e-03 8.024690464e-03 1.431206670e-02 2.240226178e-02 3.171879581e-02
 3.635015122e-02 3.456003950e-02 3.205274325e-02 2.921561513e-02 2.605138905e-02
 2.255449766e-02 1.872961899e-02 1.458658330e-02 1.014147433e-02 5.417723926e-03
 4.471476062e-04-4.729148334e-03-1.006006900e-02-1.548413031e-02-2.092944453e-02
-2.631417346e-02-3.154751415e-02-3.653125456e-02-4.116189951e-02-4.533332176e-02
-4.893984450e-02-5.187961324e-02-5.405807485e-02-5.539135472e-02-5.580931464e-02
-5.525808738e-02-5.370191833e-02-5.112419717e-02-4.752762705e-02-4.293354696e-02
-3.738048638e-02-3.092208269e-02-2.362452441e-02-1.556369535e-02-6.822187025e-03
 2.513677056e-03 1.235669508e-02 2.262142646e-02 3.322652141e-02 4.417682190e-02
 5.554737022e-02 6.742898350e-02 7.992676646e-02 9.314723882e-02 1.071394098e-01
 1.214965667e-01 1.339105382e-01 1.434130639e-01 1.486715970e-01 1.491944249e-01
 1.456737748e-01 1.401783112e-01 1.349464625e-01 1.303010013e-01 1.262031607e-01
 1.225689405e-01 1.193151491e-01 1.163701834e-01 1.136754530e-01 1.111753896e-01
 3.516270071e-03 7.964588646e-03 1.420371851e-02 2.223027116e-02 3.143463586e-02
 3.589648652e-02 3.411388510e-02 3.144942411e-02 2.845044476e-02 2.509859016e-02
 2.138838857e-02 1.732322289e-02 1.291193122e-02 8.170022404e-03 3.120905259e-03
-2.202935180e-03-7.758892297e-03-1.349341392e-02-1.934149934e-02-2.522661947e-02
-3.106115531e-02-3.674743252e-02-4.217939940e-02-4.724495399e-02-5.182887427e-02
-5.581624902e-02-5.909625088e-02-6.156604576e-02-6.313460113e-02-6.372614505e-02
-6.328304379e-02-6.176790588e-02-5.916478318e-02-5.547941617e-02-5.073855300e-02
-4.498844905e-02-3.829271832e-02-3.072975283e-02-2.238995084e-02-1.337300057e-02
-3.785460250e-03 6.261129086e-03 1.665135265e-02 2.726595541e-02 3.798449590e-02
 4.880578478e-02 5.970991819e-02 7.064042054e-02 8.147409878e-02 9.197748236e-02
 1.017718072e-01 1.103699662e-01 1.173031817e-01 1.222489270e-01 1.251324888e-01
 1.261746473e-01 1.258243461e-01 1.245837417e-01 1.228487160e-01 1.208704634e-01
 1.187918799e-01 1.166900927e-01 1.146051722e-01 1.125570077e-01 1.105592293e-01
 3.496129776e-03 7.918552341e-03 1.412072571e-02 2.209878706e-02 3.127472176e-02
 3.573568288e-02 3.374480746e-02 3.098679991e-02 2.786455786e-02 2.436895108e-02
 2.049528326e-02 1.624585524e-02 1.162864548e-02 6.658626106e-03 1.359095546e-03
-4.237036005e-03-1.008609189e-02-1.613270350e-02-2.230922335e-02-2.853558980e-02
-3.471975033e-02-4.075873164e-02-4.654041285e-02-5.194601226e-02-5.685324167e-02
-6.114001898e-02-6.468856802e-02-6.738968055e-02-6.914687984e-02-6.988021315e-02
-6.952941755e-02-6.805624922e-02-6.544583659e-02-6.170700498e-02-5.687161321e-02
-5.099303079e-02-4.414395729e-02-3.641383698e-02-2.790614909e-02-1.873586003e-02
-9.027313442e-03 1.087182015e-03 1.146781742e-02 2.196654454e-02 3.242475936e-02
 4.274462772e-02 5.287337245e-02 6.272881656e-02 7.219336719e-02 8.111190165e-02
 8.929910986e-02 9.656063213e-02 1.027260029e-01 1.076840732e-01 1.114089103e-01
 1.139661083e-01 1.154956279e-01 1.161776984e-01 1.161967101e-01 1.157163557e-01
 1.148695050e-01 1.137584719e-01 1.124599149e-01 1.110306408e-01 1.095148244e-01
 3.483307438e-03 7.889235805e-03 1.406786241e-02 2.201486244e-02 3.112986978e-02
 3.550009928e-02 3.352281354e-02 3.069321115e-02 2.749279443e-02 2.390633862e-02
 1.992930954e-02 1.556326844e-02 1.081561105e-02 5.700933733e-03 2.424294820e-04
-5.526756842e-03-1.156230264e-02-1.780771524e-02-2.419368911e-02-3.063793297e-02
-3.704558139e-02-4.331028659e-02-4.931605250e-02-5.493982519e-02-6.005479354e-02
-6.453428714e-02-6.825609142e-02-7.110694313e-02-7.298692952e-02-7.381350275e-02
-7.352483796e-02-7.208231337e-02-6.947196563e-02-6.570486748e-02-6.081647429e-02
-5.486507966e-02-4.792959676e-02-4.010693334e-02-3.150925058e-02-2.226138903e-02
-1.249871141e-02-2.365555612e-03 7.985586644e-03 1.839415254e-02 2.869099991e-02
 3.872170539e-02 4.843317187e-02 5.775411573e-02 6.659632473e-02 7.485860942e-02
 8.243422997e-02 8.922171977e-02 9.513768458e-02 1.001289121e-01 1.041806869e-01
 1.073189464e-01 1.096056807e-01 1.111291092e-01 1.119916379e-01 1.122987043e-01
 1.121504982e-01 1.116370846e-01 1.108364251e-01 1.098142701e-01 1.086194239e-01
 3.478561400e-03 7.878371060e-03 1.404823080e-02 2.198357429e-02 3.107644999e-02
 3.541041772e-02 3.344339937e-02 3.058510509e-02 2.735750724e-02 2.373920866e-02
 1.972572689e-02 1.531841957e-02 1.052450679e-02 5.358467523e-03-1.565341806e-04
-5.987265071e-03-1.208916911e-02-1.840534980e-02-2.486590640e-02-3.138774684e-02
-3.787499470e-02-4.422008853e-02-5.030563780e-02-5.600705077e-02-6.119588824e-02
-6.574382868e-02-6.952706153e-02-7.243086708e-02-7.435410080e-02-7.521328720e-02
-7.494604621e-02-7.351362549e-02-7.090238942e-02-6.712421130e-02-6.221581700e-02
-5.623722402e-02-4.926949687e-02-4.141209040e-02-3.278007217e-02-2.350150199e-02
-1.371520416e-02-3.569096605e-03 6.780855625e-03 1.717112024e-02 2.743072265e-02
 3.738746862e-02 4.699050022e-02 5.617413369e-02 6.486027808e-02 7.296285821e-02
 8.039437097e-02 8.707415008e-02 9.293726206e-02 9.794245818e-02 1.020775287e-01
 1.053608688e-01 1.078389627e-01 1.095805116e-01 1.106686676e-01 1.111930430e-01
 1.112428375e-01 1.109018080e-01 1.102452061e-01 1.093386099e-01 1.082472930e-01
 3.482214469e-03 7.886715307e-03 1.406325175e-02 2.200747477e-02 3.115004794e-02
 3.557597346e-02 3.348608295e-02 3.067043298e-02 2.746815996e-02 2.387866138e-02
 1.989780596e-02 1.552722369e-02 1.077434839e-02 5.653804639e-03 1.888152308e-04
-5.587435637e-03-1.163057045e-02-1.788402141e-02-2.427838412e-02-3.073124253e-02
-3.714757995e-02-4.342087198e-02-4.943492376e-02-5.506646560e-02-6.018846065e-02
-6.467401137e-02-6.840068397e-02-7.125501293e-02-7.313690829e-02-7.396367561e-02
-7.367337649e-02-7.222730674e-02-6.961144521e-02-6.583681997e-02-6.093883858e-02
-5.497572344e-02-4.802626948e-02-4.018719386e-02-3.157036989e-02-2.230023186e-02
-1.251160586e-02-2.348168973e-03 8.038333722e-03 1.848808083e-02 2.883245856e-02
 3.891847395e-02 4.869298096e-02 5.808343762e-02 6.699869422e-02 7.533270612e-02
 8.297222390e-02 8.980854086e-02 9.575174815e-02 1.007444071e-01 1.047709852e-01
 1.078602450e-01 1.100798548e-01 1.115250408e-01 1.123048933e-01 1.125300083e-01
 1.123036771e-01 1.117169940e-01 1.108470518e-01 1.097568486e-01 1.084844864e-01
 3.494082066e-03 7.913856780e-03 1.411221565e-02 2.208506096e-02 3.122276022e-02
 3.560673462e-02 3.372059206e-02 3.094658557e-02 2.781870475e-02 2.431646728e-02
 2.043499870e-02 1.617658301e-02 1.154920252e-02 6.567848672e-03 1.255859819e-03
-4.353786664e-03-1.021731263e-02-1.627920728e-02-2.247163508e-02-2.871429746e-02
-3.491485562e-02-4.097000349e-02-4.676724741e-02-5.218740323e-02-5.710776417e-02
-6.140582984e-02-6.496342374e-02-6.767097263e-02-6.943168532e-02-7.016535589e-02
-6.981153419e-02-6.833185187e-02-6.571136345e-02-6.195884956e-02-5.710612282e-02
-5.120646561e-02-4.433240223e-02-3.657305955e-02-2.803139823e-02-1.882160289e-02
-9.066911522e-03 1.101847486e-03 1.154674464e-02 2.212197476e-02 3.267152834e-02
 4.310176304e-02 5.336243558e-02 6.337171792e-02 7.300802479e-02 8.210555336e-02
 9.046074357e-02 9.785596346e-02 1.040982532e-01 1.090612819e-01 1.127162229e-01
 1.151396019e-01 1.164927225e-01 1.169801430e-01 1.168062095e-01 1.161467832e-01
 1.151397392e-01 1.138875357e-01 1.124642944e-01 1.109231872e-01 1.093078624e-01
 3.513446149e-03 7.958139145e-03 1.419209753e-02 2.221195172e-02 3.142598601e-02
 3.592351465e-02 3.405685277e-02 3.139407018e-02 2.838702569e-02 2.502522202e-02
 2.130359745e-02 1.722549976e-02 1.279975166e-02 8.041875791e-03 2.975330145e-03
-2.367308456e-03-7.943291315e-03-1.369886679e-02-1.956877184e-02-2.547614927e-02
-3.133298694e-02-3.704115737e-02-4.249410569e-02-4.757919163e-02-5.218063917e-02
-5.618299021e-02-5.947490228e-02-6.195308199e-02-6.352611433e-02-6.411793697e-02
-6.367072484e-02-6.214699096e-02-5.953077248e-02-5.582784874e-02-5.106502035e-02
-4.528855666e-02-3.856198261e-02-3.096342091e-02-2.258272832e-02-1.351866920e-02
-3.876361260e-03 6.234780059e-03 1.670236278e-02 2.741132369e-02 3.824810542e-02
 4.922035735e-02 6.031999348e-02 7.150401629e-02 8.266021672e-02 9.355054147e-02
 1.037528705e-01 1.126986462e-01 1.198436023e-01 1.248102816e-01 1.275058811e-01
 1.281906955e-01 1.274035778e-01 1.257413354e-01 1.236466234e-01 1.213761288e-01
 1.190626045e-01 1.167703850e-01 1.145281601e-01 1.123466884e-01 1.102350928e-01
 3.539125825e-03 8.016850757e-03 1.429798850e-02 2.238001793e-02 3.167812084e-02
 3.628183553e-02 3.451139702e-02 3.198627673e-02 2.913824459e-02 2.596138377e-02
 2.245017842e-02 1.860927993e-02 1.444851549e-02 9.983997289e-03 5.239226868e-03
 2.461404037e-04-4.953975289e-03-1.030977752e-02-1.575946201e-02-2.123074659e-02
-2.664132683e-02-3.189986936e-02-3.690758084e-02-4.156035267e-02-4.575143617e-02
-4.937455278e-02-5.232729555e-02-5.451463710e-02-5.585233222e-02-5.626999468e-02
-5.571364178e-02-5.414753462e-02-5.155519616e-02-4.793955347e-02-4.332222042e-02
-3.774200000e-02-3.125273704e-02-2.392068327e-02-1.582154688e-02-7.037386643e-03
 2.346520566e-03 1.224474887e-02 2.257468499e-02 3.325933854e-02 4.430993597e-02
 5.581445937e-02 6.788413599e-02 8.065861185e-02 9.430864696e-02 1.090313672e-01
 1.247465466e-01 1.378884389e-01 1.482352884e-01 1.536018861e-01 1.535334125e-01
 1.488858381e-01 1.419942998e-01 1.360040527e-01 1.308871823e-01 1.264675414e-01
 1.226003444e-01 1.191693143e-01 1.160831044e-01 1.132705722e-01 1.106621690e-01
 3.569567994e-03 8.086437859e-03 1.442348484e-02 2.257904762e-02 3.194614034e-02
 3.660828037e-02 3.506341645e-02 3.268785415e-02 3.002734033e-02 2.706879330e-02
 2.380632914e-02 2.024562620e-02 1.639751695e-02 1.227864536e-02 7.912403078e-03
 3.329811006e-03-1.429720057e-03-6.317822893e-03-1.127687856e-02-1.624006826e-02
-2.113184064e-02-2.586884682e-02-3.036137113e-02-3.451525261e-02-3.823425409e-02
-4.142279346e-02-4.398891223e-02-4.584732264e-02-4.692235308e-02-4.715060533e-02
-4.648314859e-02-4.488710455e-02-4.234652114e-02-3.886248562e-02-3.445248319e-02
-2.914905745e-02-2.299786744e-02-1.605525614e-02-8.385441774e-03-5.741339447e-05
 8.858449726e-03 1.829413397e-02 2.818837854e-02 3.850771282e-02 4.935027830e-02
 6.085593155e-02 7.322655810e-02 8.676116778e-02 1.019153874e-01 1.193920401e-01
 1.400738972e-01 1.580543116e-01 1.697708379e-01 1.745035592e-01 1.717517497e-01
 1.625624724e-01 1.505778373e-01 1.413941605e-01 1.342294304e-01 1.284576843e-01
 1.236681064e-01 1.195899117e-01 1.160398776e-01 1.128907570e-01 1.100642337e-01
 3.602924971e-03 8.162685966e-03 1.456101899e-02 2.279750452e-02 3.230516988e-02
 3.717582348e-02 3.563443154e-02 3.345646171e-02 3.100206923e-02 2.828193078e-02
 2.529386673e-02 2.204156258e-02 1.853698749e-02 1.479727957e-02 1.084555592e-02
 6.711651677e-03 2.432735455e-03-1.946256676e-03-6.372430058e-03-1.078504393e-02
-1.511598096e-02-1.929061341e-02-2.322908430e-02-2.684799526e-02-3.006246051e-02
-3.278845355e-02-3.494534092e-02-3.645847176e-02-3.726167517e-02-3.729951346e-02
-3.652914951e-02-3.492171002e-02-3.246306191e-02-2.915396134e-02-2.500958003e-02
-2.005845412e-02-1.434093383e-02-7.907230749e-03-8.151641010e-04 6.872308376e-03
 1.508972903e-02 2.377191630e-02 3.285699349e-02 4.236147930e-02 5.236289907e-02
 6.296646072e-02 7.431628241e-02 8.661260424e-02 1.001426250e-01 1.153656500e-01
 1.337580717e-01 1.504865354e-01 1.618773266e-01 1.640492890e-01 1.614627680e-01
 1.541661284e-01 1.441027989e-01 1.365800716e-01 1.304528388e-01 1.253236839e-01
 1.209423231e-01 1.171327681e-01 1.137668292e-01 1.107492110e-01 1.080003462e-01
 3.637106391e-03 8.240849463e-03 1.470211350e-02 2.302156170e-02 3.260024339e-02
 3.753218081e-02 3.626573255e-02 3.425001193e-02 3.200833875e-02 2.953545381e-02
 2.683237120e-02 2.390094927e-02 2.075389864e-02 1.740852755e-02 1.388737653e-02
 1.021878370e-02 6.437345619e-03 2.584222320e-03-1.292766739e-03-5.139304607e-03
-8.895037930e-03-1.249436591e-02-1.586756823e-02-1.894226104e-02-2.164514507e-02
-2.390398411e-02-2.564972784e-02-2.681867387e-02-2.735455203e-02-2.721041193e-02
-2.635020383e-02-2.474996186e-02-2.239852712e-02-1.929778221e-02-1.546240490e-02
-1.091918419e-02-5.705971488e-03 1.296359227e-04 6.531769243e-03 1.343779518e-02
 2.077969226e-02 2.848525247e-02 3.649735658e-02 4.483336454e-02 5.351424674e-02
 6.256098434e-02 7.198679235e-02 8.177989384e-02 9.186513218e-02 1.020197662e-01
 1.117282425e-01 1.201487167e-01 1.264739944e-01 1.302498519e-01 1.314261555e-01
 1.303814761e-01 1.278698263e-01 1.246990114e-01 1.213770897e-01 1.181367736e-01
 1.150676059e-01 1.121939624e-01 1.095116375e-01 1.070048059e-01 1.046558895e-01
 3.669778011e-03 8.315661838e-03 1.483742917e-02 2.323706223e-02 3.291863012e-02
 3.797837210e-02 3.685362853e-02 3.502053993e-02 3.298875181e-02 3.075975425e-02
 2.833772325e-02 2.572703073e-02 2.293715660e-02 1.998549378e-02 1.689381864e-02
 1.368873751e-02 1.040203470e-02 7.070877136e-03 3.737838921e-03 4.507088452e-04
-2.737948747e-03-5.771498950e-03-8.590212231e-03-1.113249926e-02-1.333637360e-02
-1.514109188e-02-1.648890389e-02-1.732683096e-02-1.760838369e-02-1.729512953e-02
-1.635802815e-02-1.477846823e-02-1.254896138e-02-9.673475015e-03-6.167415383e-03
-2.057299166e-03 2.619822328e-03 7.817102220e-03 1.347868677e-02 1.954043751e-02
 2.593055000e-02 3.256943293e-02 3.943160118e-02 4.650130199e-02 5.375619793e-02
 6.116202921e-02 6.866439848e-02 7.617701369e-02 8.356700051e-02 9.064195477e-02
 9.715069013e-02 1.028128244e-01 1.073772839e-01 1.106849720e-01 1.127080638e-01
 1.135538915e-01 1.134318414e-01 1.125935874e-01 1.112740708e-01 1.096587817e-01
 1.078790013e-01 1.060213760e-01 1.041403842e-01 1.022690515e-01 1.004359945e-01
 3.698244142e-03 8.381109091e-03 1.495646934e-02 2.342799221e-02 3.323218005e-02
 3.846615487e-02 3.737747931e-02 3.571857625e-02 3.388409466e-02 3.188622402e-02
 2.973185400e-02 2.742814473e-02 2.498274379e-02 2.241128824e-02 1.973447182e-02
 1.697689634e-02 1.416731566e-02 1.133876469e-02 8.528533093e-03 5.777959062e-03
 3.132022791e-03 6.387284221e-04-1.651726031e-03-3.687978450e-03-5.418706016e-03
-6.793962621e-03-7.766598632e-03-8.293702409e-03-8.337998273e-03-7.869136272e-03
-6.864815542e-03-5.311695132e-03-3.206061774e-03-5.542445997e-04 2.627214191e-03
 6.311600689e-03 1.046223331e-02 1.503275727e-02 1.996748804e-02 2.520170390e-02
 3.066162379e-02 3.630253294e-02 4.209524511e-02 4.800573617e-02 5.399290109e-02
 6.000571233e-02 6.597998924e-02 7.183535192e-02 7.747355516e-02 8.278005225e-02
 8.763076276e-02 9.190482084e-02 9.550144154e-02 9.835636733e-02 1.004526014e-01
 1.018218422e-01 1.025362220e-01 1.026933059e-01 1.023994174e-01 1.017560336e-01
 1.008515787e-01 9.975832393e-02 9.853273055e-02 9.721723195e-02 9.582596516e-02
 3.719091911e-03 8.429633121e-03 1.504620270e-02 2.357458543e-02 3.341673280e-02
 3.866579335e-02 3.782089935e-02 3.628679011e-02 3.463031276e-02 3.284355917e-02
 3.093557729e-02 2.891578584e-02 2.679381229e-02 2.458048486e-02 2.229505758e-02
 1.995981035e-02 1.760025700e-02 1.524521302e-02 1.292673600e-02 1.067991650e-02
 8.542508963e-03 6.554398059e-03 4.756904143e-03 3.191939798e-03 1.901038712e-03
 9.242868874e-04 2.991937238e-04 5.954614168e-05 2.342911025e-04 8.464906213e-04
 1.912388140e-03 3.440617341e-03 5.431569829e-03 7.876929570e-03 1.075936060e-02
 1.405233289e-02 1.772007193e-02 2.171762341e-02 2.599087841e-02 3.047556125e-02
 3.513190686e-02 3.992554985e-02 4.481908652e-02 4.977136494e-02 5.473677817e-02
 5.966453391e-02 6.449809041e-02 6.917516305e-02 7.362876734e-02 7.778967125e-02
 8.159038564e-02 8.497041314e-02 8.788197124e-02 9.029501158e-02 9.220031260e-02
 9.360982325e-02 9.455415767e-02 9.507790411e-02 9.523391240e-02 9.507778472e-02
 9.466345744e-02 9.404025166e-02 9.325133262e-02 9.233351630e-02 9.132883187e-02
 3.727575348e-03 8.450687066e-03 1.508833205e-02 2.364973431e-02 3.356689002e-02
 3.894697099e-02 3.808166809e-02 3.666086663e-02 3.515808230e-02 3.355645930e-02
 3.186897462e-02 3.010649777e-02 2.827960049e-02 2.639891201e-02 2.447777360e-02
 2.253584003e-02 2.059519320e-02 1.868039794e-02 1.681841349e-02 1.503838019e-02
 1.337128166e-02 1.184948598e-02 1.050617301e-02 9.374658938e-03 8.487634493e-03
 7.876337511e-03 7.569685468e-03 7.593395179e-03 7.969119227e-03 8.713627065e-03
 9.838053937e-03 1.134722883e-02 1.323909595e-02 1.550422987e-02 1.812545127e-02
 2.107744324e-02 2.432648201e-02 2.782999643e-02 3.154173436e-02 3.543183337e-02
 3.946559676e-02 4.360430821e-02 4.780549522e-02 5.202418310e-02 5.621437042e-02
 6.032931818e-02 6.432107215e-02 6.814083309e-02 7.174059699e-02 7.507548031e-02
 7.810612020e-02 8.080079943e-02 8.313711131e-02 8.510303111e-02 8.669727203e-02
 8.792884312e-02 8.881582403e-02 8.938350469e-02 8.966215379e-02 8.968472896e-02
 8.948480846e-02 8.909493177e-02 8.854542268e-02 8.786357288e-02 8.707027641e-02
 3.716898735e-03 8.428997830e-03 1.505608414e-02 2.361245760e-02 3.352628968e-02
 3.891196663e-02 3.814226921e-02 3.677071258e-02 3.538103576e-02 3.393651313e-02
 3.244442157e-02 3.091524075e-02 2.935858848e-02 2.778400253e-02 2.620152812e-02
 2.462502849e-02 2.307300767e-02 2.156586189e-02 2.012571583e-02 1.877616691e-02
 1.754195426e-02 1.644855813e-02 1.552173606e-02 1.478700362e-02 1.426906946e-02
 1.399123672e-02 1.397478158e-02 1.423832405e-02 1.479720629e-02 1.566289706e-02
 1.684243611e-02 1.833793013e-02 2.014601033e-02 2.225739878e-02 2.465673980e-02
 2.732127125e-02 3.022133980e-02 3.333999841e-02 3.665388714e-02 4.013534905e-02
 4.375000920e-02 4.745483390e-02 5.119486559e-02 5.490506853e-02 5.854101513e-02
 6.207027458e-02 6.545128931e-02 6.863800298e-02 7.158820072e-02 7.426890733e-02
 7.665845056e-02 7.874601672e-02 8.052978508e-02 8.201472270e-02 8.321075219e-02
 8.413149575e-02 8.479345201e-02 8.521536656e-02 8.541762411e-02 8.542159945e-02
 8.524898654e-02 8.492116135e-02 8.445863187e-02 8.388052232e-02 8.320208419e-02
 3.678031933e-03 8.343374791e-03 1.491026536e-02 2.340008182e-02 3.323800520e-02
 3.854749039e-02 3.782359009e-02 3.646386183e-02 3.517395654e-02 3.386737497e-02
 3.255900221e-02 3.125294083e-02 2.995389720e-02 2.866815219e-02 2.740364110e-02
 2.616980050e-02 2.498044499e-02 2.385235343e-02 2.280340854e-02 2.185226349e-02
 2.101800609e-02 2.031981563e-02 1.977661062e-02 1.940668989e-02 1.922737197e-02
 1.925463724e-02 1.950277510e-02 1.998400093e-02 2.070805896e-02 2.168184981e-02
 2.290915337e-02 2.439056119e-02 2.612240824e-02 2.809520460e-02 3.030161574e-02
 3.273666428e-02 3.539215785e-02 3.825886029e-02 4.132528826e-02 4.457689749e-02
 4.799789027e-02 5.151638665e-02 5.511102657e-02 5.853995504e-02 6.177793195e-02
 6.494324879e-02 6.794870437e-02 7.070254761e-02 7.314388458e-02 7.524467162e-02
 7.700767644e-02 7.845688376e-02 7.962505748e-02 8.054430990e-02 8.124184225e-02
 8.173951367e-02 8.205510272e-02 8.220385117e-02 8.219968027e-02 8.205593920e-02
 8.178574934e-02 8.140206838e-02 8.091759769e-02 8.034486755e-02 7.970712507e-02
 3.602973022e-03 8.172646190e-03 1.460503192e-02 2.292461393e-02 3.260925900e-02
 3.782158548e-02 3.685571982e-02 3.551591806e-02 3.432329713e-02 3.319635814e-02
 3.210655166e-02 3.104439594e-02 3.000991242e-02 2.900835455e-02 2.804785107e-02
 2.713814174e-02 2.628991468e-02 2.551704714e-02 2.483417995e-02 2.425576571e-02
 2.379579190e-02 2.346753643e-02 2.328335015e-02 2.325447290e-02 2.339089794e-02
 2.370131705e-02 2.419319974e-02 2.487264616e-02 2.574407122e-02 2.680972803e-02
 2.806885152e-02 2.952501552e-02 3.118123759e-02 3.303938997e-02 3.510136514e-02
 3.736948150e-02 3.984628526e-02 4.253492593e-02 4.544009126e-02 4.857072101e-02
 5.195047220e-02 5.536226167e-02 5.876160695e-02 6.225224923e-02 6.571052411e-02
 6.905358387e-02 7.212979774e-02 7.474281203e-02 7.677225120e-02 7.820690795e-02
 7.914397406e-02 7.972827748e-02 8.007948578e-02 8.027096838e-02 8.034190657e-02
 8.031178017e-02 8.019004750e-02 7.998181379e-02 7.969083741e-02 7.932095802e-02
 7.887665005e-02 7.836311933e-02 7.778617415e-02 7.715171335e-02 7.644837362e-02
 3.495051906e-03 7.922036290e-03 1.414069133e-02 2.215579875e-02 3.136708634e-02
 3.585083926e-02 3.421051190e-02 3.338068469e-02 3.264585027e-02 3.186948385e-02
 3.107830309e-02 3.029244836e-02 2.952903157e-02 2.880364271e-02 2.813075597e-02
 2.752383746e-02 2.699537112e-02 2.655690556e-02 2.622062190e-02 2.599723354e-02
 2.589583036e-02 2.592377913e-02 2.608663222e-02 2.638806424e-02 2.682982358e-02
 2.741163479e-02 2.813378882e-02 2.899679991e-02 3.000109149e-02 3.114757418e-02
 3.243826690e-02 3.387723403e-02 3.547046628e-02 3.722570178e-02 3.915229561e-02
 4.126103978e-02 4.356390406e-02 4.607376974e-02 4.880414980e-02 5.176806881e-02
 5.496986661e-02 5.838111365e-02 6.199198083e-02 6.587687265e-02 7.009727830e-02
 7.484400318e-02 7.928224220e-02 8.239555512e-02 8.396110437e-02 8.392553160e-02
 8.295188783e-02 8.209513693e-02 8.128882818e-02 8.057897440e-02 7.993846833e-02
 7.933750098e-02 7.875170470e-02 7.816332773e-02 7.756038347e-02 7.693542122e-02
 7.628439337e-02 7.560573099e-02 7.489963154e-02 7.416773003e-02 7.342246999e-02
 3.373864163e-03 7.642813130e-03 1.362959232e-02 2.132541561e-02 3.011790547e-02
 3.406534278e-02 3.187897724e-02 3.115005395e-02 3.074227089e-02 3.023029159e-02
 2.967373592e-02 2.911122330e-02 2.857310897e-02 2.808392162e-02 2.766390371e-02
 2.732990062e-02 2.709587265e-02 2.697319668e-02 2.697091523e-02 2.709552150e-02
 2.735078426e-02 2.773773769e-02 2.825461044e-02 2.889694847e-02 2.965796876e-02
 3.052923689e-02 3.150179565e-02 3.256730107e-02 3.371921630e-02 3.495403161e-02
 3.627231509e-02 3.767943239e-02 3.918574901e-02 4.080601001e-02 4.255813898e-02
 4.446292809e-02 4.654373747e-02 4.882426337e-02 5.132641840e-02 5.406979815e-02
 5.707432402e-02 6.036794161e-02 6.399888691e-02 6.805093009e-02 7.266118600e-02
 7.795793807e-02 8.272262288e-02 8.592822594e-02 8.758684918e-02 8.765102512e-02
 8.602074199e-02 8.367611759e-02 8.188435254e-02 8.047575057e-02 7.929510307e-02
 7.825136049e-02 7.729050967e-02 7.637981542e-02 7.549916258e-02 7.463612969e-02
 7.378308994e-02 7.293545569e-02 7.209058531e-02 7.124704397e-02 7.040521226e-02
 3.254440365e-03 7.374266199e-03 1.315653494e-02 2.060017718e-02 2.912687785e-02
 3.282535702e-02 3.031278051e-02 2.950093089e-02 2.901831752e-02 2.852042685e-02
 2.802622170e-02 2.756388079e-02 2.716046592e-02 2.684015271e-02 2.662357765e-02
 2.652767820e-02 2.656575036e-02 2.674755677e-02 2.707936524e-02 2.756384255e-02
 2.819981180e-02 2.898193043e-02 2.990037090e-02 3.094067680e-02 3.208401496e-02
 3.330806736e-02 3.458873791e-02 3.590265946e-02 3.723021838e-02 3.855853700e-02
 3.988375076e-02 4.121174623e-02 4.255817555e-02 4.396164611e-02 4.544927247e-02
 4.703407987e-02 4.878431967e-02 5.074023947e-02 5.293997655e-02 5.540475812e-02
 5.812484788e-02 6.112004756e-02 6.441481746e-02 6.803463371e-02 7.201492901e-02
 7.637729283e-02 8.028704187e-02 8.305340951e-02 8.462883451e-02 8.494982022e-02
 8.393016990e-02 8.219814059e-02 8.064891863e-02 7.924510249e-02 7.793860843e-02
 7.670243710e-02 7.552054126e-02 7.438328582e-02 7.328465397e-02 7.222059188e-02
 7.118808712e-02 7.018468254e-02 6.920822658e-02 6.825657723e-02 6.732060263e-02
 3.130196181e-03 7.099287202e-03 1.268224788e-02 1.988998770e-02 2.812928131e-02
 3.149730815e-02 2.886871543e-02 2.780704773e-02 2.716620640e-02 2.655208702e-02
 2.599572533e-02 2.552685584e-02 2.517294624e-02 2.495788946e-02 2.490125784e-02
 2.501816770e-02 2.531954272e-02 2.581248054e-02 2.650045324e-02 2.738314941e-02
 2.845586659e-02 2.970844424e-02 3.112382348e-02 3.267647407e-02 3.433117944e-02
 3.604299713e-02 3.775944909e-02 3.942579193e-02 4.099330325e-02 4.242885141e-02
 4.371807481e-02 4.486774803e-02 4.599505279e-02 4.706592526e-02 4.813887825e-02
 4.925836783e-02 5.052873973e-02 5.200573251e-02 5.374689814e-02 5.578537820e-02
 5.810211731e-02 6.070450714e-02 6.357478472e-02 6.665413295e-02 6.982991234e-02
 7.292158399e-02 7.569145516e-02 7.790871649e-02 7.941356006e-02 8.014430002e-02
 8.014892985e-02 7.957669287e-02 7.861859129e-02 7.743411163e-02 7.613182996e-02
 7.478148458e-02 7.342698758e-02 7.209524199e-02 7.080194506e-02 6.955547549e-02
 6.835950231e-02 6.721471922e-02 6.611998980e-02 6.507338575e-02 6.408501683e-02
 2.976990828e-03 6.763755401e-03 1.211120948e-02 1.904702032e-02 2.702737956e-02
 3.017030939e-02 2.711990194e-02 2.575738866e-02 2.484240062e-02 2.400260476e-02
 2.328229850e-02 2.272091116e-02 2.235203325e-02 2.220117528e-02 2.228542363e-02
 2.261485893e-02 2.319479331e-02 2.402780072e-02 2.511488496e-02 2.645555914e-02
 2.804681864e-02 2.988095622e-02 3.194201409e-02 3.420059283e-02 3.660705433e-02
 3.908437495e-02 4.152450739e-02 4.379538517e-02 4.576546028e-02 4.733170677e-02
 4.855323810e-02 4.942233673e-02 5.000504085e-02 5.042530872e-02 5.079499120e-02
 5.121224050e-02 5.176212992e-02 5.252244214e-02 5.357046706e-02 5.498381579e-02
 5.682885558e-02 5.913725748e-02 6.188136298e-02 6.496469555e-02 6.822952270e-02
 7.146900171e-02 7.443879824e-02 7.688089165e-02 7.857420099e-02 7.940093268e-02
 7.938686154e-02 7.868121926e-02 7.748943306e-02 7.600614448e-02 7.438083511e-02
 7.271396803e-02 7.106716783e-02 6.947546969e-02 6.795705360e-02 6.651986172e-02
 6.516577073e-02 6.389312242e-02 6.269822915e-02 6.157599666e-02 6.050514686e-02
 2.750422221e-03 6.272112141e-03 1.128899198e-02 1.786810115e-02 2.547845917e-02
 2.824477708e-02 2.487684958e-02 2.305961463e-02 2.166033376e-02 2.045831925e-02
 1.945335592e-02 1.871438058e-02 1.829078990e-02 1.820749645e-02 1.846688323e-02
 1.905889754e-02 1.997157682e-02 2.119749821e-02 2.273581589e-02 2.459165716e-02
 2.677445377e-02 2.929569117e-02 3.216533770e-02 3.538477176e-02 3.893189013e-02
 4.273142924e-02 4.660507796e-02 5.021962739e-02 5.310856123e-02 5.498325776e-02
 5.574809695e-02 5.558007088e-02 5.489603078e-02 5.403943495e-02 5.321448837e-02
 5.251934155e-02 5.199726128e-02 5.168164104e-02 5.164676186e-02 5.207264626e-02
 5.325381051e-02 5.544125685e-02 5.863842217e-02 6.260338499e-02 6.704211254e-02
 7.170879015e-02 7.629387021e-02 8.023540314e-02 8.276496650e-02 8.338191340e-02
 8.226482559e-02 8.010648435e-02 7.756859696e-02 7.501282810e-02 7.258278862e-02
 7.032222022e-02 6.823634197e-02 6.631705638e-02 6.455251058e-02 6.293048480e-02
 6.143938730e-02 6.006834334e-02 5.880702636e-02 5.764568132e-02 5.658288348e-02
 2.372720797e-03 5.440395717e-03 9.880785674e-03 1.585705550e-02 2.299749236e-02
 2.566601756e-02 2.264298930e-02 1.969363042e-02 1.734514068e-02 1.537492281e-02
 1.382088139e-02 1.277693292e-02 1.232903853e-02 1.246267465e-02 1.308685454e-02
 1.410737541e-02 1.546902562e-02 1.715521833e-02 1.917416789e-02 2.154843535e-02
 2.431088858e-02 2.750609513e-02 3.119595001e-02 3.546896838e-02 4.045263883e-02
 4.632271248e-02 5.326462693e-02 6.108459893e-02 6.762791255e-02 7.009722590e-02
 6.806673313e-02 6.387841586e-02 6.007736258e-02 5.707305747e-02 5.471837933e-02
 5.282090452e-02 5.119629562e-02 4.964112378e-02 4.786601381e-02 4.518382835e-02
 4.381921867e-02 4.594357691e-02 5.195652480e-02 5.866091040e-02 6.511259313e-02
 7.215877697e-02 8.072579685e-02 9.297932530e-02 9.942452671e-02 9.840927458e-02
 8.935998365e-02 8.214556256e-02 7.695779082e-02 7.292645110e-02 6.962108329e-02
 6.681176736e-02 6.436625246e-02 6.220386005e-02 6.027301788e-02 5.853937274e-02
 5.697893612e-02 5.557345190e-02 5.430683340e-02 5.316372837e-02 5.213509618e-02
 1.776677600e-03 4.057925532e-03 7.342809339e-03 1.180278291e-02 1.740575549e-02
 1.945087236e-02 1.654635085e-02 1.363175957e-02 1.075263662e-02 7.710119458e-03
 4.851795853e-03 3.108210844e-03 3.126487859e-03 4.429185849e-03 6.109023228e-03
 7.883285698e-03 9.797518380e-03 1.193501146e-02 1.437025699e-02 1.716091861e-02
 2.035386129e-02 2.399860381e-02 2.816515188e-02 3.296717425e-02 3.859877091e-02
 4.540885498e-02 5.408491467e-02 6.627498479e-02 7.808815376e-02 8.112637720e-02
 7.496204449e-02 6.582638245e-02 6.026645827e-02 5.645155847e-02 5.364947997e-02
 5.147309983e-02 4.967601440e-02 4.806949643e-02 4.650148381e-02 4.502214992e-02
 4.473100241e-02 4.661211323e-02 5.053186360e-02 5.563062588e-02 6.110841514e-02
 6.709309167e-02 7.381517165e-02 8.069522845e-02 8.523533333e-02 8.510995404e-02
 8.068425346e-02 7.542059452e-02 7.094965438e-02 6.722616442e-02 6.406234078e-02
 6.132184370e-02 5.891157690e-02 5.676501354e-02 5.485201340e-02 5.313377851e-02
 5.160440339e-02 5.025573764e-02 4.908085705e-02 4.803886208e-02 4.710137933e-02
 1.083680459e-03 2.402219151e-03 4.126221024e-03 6.040509619e-03 7.689397037e-03
 8.448705840e-03 8.000915094e-03 6.483315436e-03 4.011714602e-03 3.080188956e-04
-4.525718556e-03-7.007398679e-03-6.557785286e-03-2.993538121e-03-5.164282080e-04
 1.497864570e-03 3.492256503e-03 5.734607136e-03 8.368679970e-03 1.143604516e-02
 1.491616283e-02 1.877413976e-02 2.299171075e-02 2.757414965e-02 3.253709761e-02
 3.786763542e-02 4.342907776e-02 4.877317338e-02 5.302464697e-02 5.535136194e-02
 5.558391085e-02 5.440408017e-02 5.266350287e-02 5.092810332e-02 4.938371337e-02
 4.808601379e-02 4.704870086e-02 4.626934484e-02 4.581736671e-02 4.580135603e-02
 4.639053954e-02 4.770889825e-02 4.974374941e-02 5.236537829e-02 5.536453420e-02
 5.851800694e-02 6.154088780e-02 6.403738905e-02 6.556734868e-02 6.583843116e-02
 6.491027289e-02 6.314331904e-02 6.095262429e-02 5.863235341e-02 5.633900536e-02
 5.414831071e-02 5.209277503e-02 5.018698422e-02 4.843854576e-02 4.685000972e-02
 4.542238891e-02 4.416070878e-02 4.311663043e-02 4.224226553e-02 4.150703422e-02
 5.540013897e-04 1.190405654e-03 1.954859802e-03 2.707745147e-03 3.273057072e-03
 3.472098558e-03 3.170211942e-03 2.304683074e-03 9.048236580e-04-9.514224451e-04
-2.907777910e-03-4.411211198e-03-5.062085195e-03-5.096736015e-03-4.927126605e-03
-4.631849842e-03-3.858155525e-03-2.132332781e-03 7.096749927e-04 4.389216636e-03
 8.470483169e-03 1.268292897e-02 1.692607235e-02 2.116664255e-02 2.537381344e-02
 2.948327453e-02 3.337495407e-02 3.686985907e-02 3.976424585e-02 4.190324867e-02
 4.325307903e-02 4.391690876e-02 4.408274027e-02 4.394895501e-02 4.367780947e-02
 4.338657925e-02 4.315899219e-02 4.306063519e-02 4.315005869e-02 4.348157942e-02
 4.409830002e-02 4.501827029e-02 4.622170177e-02 4.764646398e-02 4.919223650e-02
 5.072838566e-02 5.210325119e-02 5.315960598e-02 5.376179108e-02 5.382927542e-02
 5.335861236e-02 5.241779032e-02 5.111636884e-02 4.957137812e-02 4.788574214e-02
 4.614175622e-02 4.440345923e-02 4.272151309e-02 4.113702745e-02 3.968314062e-02
 3.838447048e-02 3.725248268e-02 3.639460716e-02 3.573373785e-02 3.521554125e-02
 2.500516347e-04 5.255371579e-04 8.370512572e-04 1.114859725e-03 1.280876671e-03
 1.260549348e-03 9.965459473e-04 4.659400110e-04-3.131093141e-04-1.304656836e-03
-2.437659060e-03-3.646314044e-03-4.930148856e-03-6.500532545e-03-8.745591242e-03
-1.217823787e-02-1.608001605e-02-1.540587241e-02-1.022208179e-02-2.790230890e-03
 2.780269312e-03 7.513457430e-03 1.177217453e-02 1.571196969e-02 1.939336172e-02
 2.282198111e-02 2.596815508e-02 2.878248524e-02 3.121332521e-02 3.322550817e-02
 3.481493640e-02 3.601319738e-02 3.688094671e-02 3.749461529e-02 3.793317650e-02
 3.826935172e-02 3.856581490e-02 3.887455838e-02 3.923710460e-02 3.968390437e-02
 4.023235475e-02 4.088398928e-02 4.162212054e-02 4.241120670e-02 4.319860521e-02
 4.391876145e-02 4.449967235e-02 4.487136731e-02 4.497552746e-02 4.477421015e-02
 4.425498078e-02 4.343069419e-02 4.233450333e-02 4.101276237e-02 3.951886835e-02
 3.790983011e-02 3.624560330e-02 3.458984644e-02 3.300988012e-02 3.157334222e-02
 3.034000067e-02 2.934874176e-02 2.871611829e-02 2.836497984e-02 2.823633761e-02
 9.786294619e-05 1.999173678e-04 3.043819437e-04 3.770776973e-04 3.810569090e-04
 2.815453755e-04 5.071571428e-05-3.251776164e-04-8.312483639e-04-1.485404703e-03
-2.282143165e-03-3.218335937e-03-4.316322755e-03-5.680276876e-03-7.363677350e-03
-9.131189009e-03-1.030912356e-02-9.591882630e-03-6.720773502e-03-2.639725188e-03
 1.482411169e-03 5.331028098e-03 8.903907246e-03 1.223040006e-02 1.532626865e-02
 1.819153548e-02 2.081605774e-02 2.318590997e-02 2.528911515e-02 2.712039068e-02
 2.868450825e-02 2.999764572e-02 3.108641458e-02 3.198499469e-02 3.273138286e-02
 3.336377556e-02 3.391767583e-02 3.442380506e-02 3.490658624e-02 3.538291655e-02
 3.586109202e-02 3.633995926e-02 3.680852908e-02 3.724632625e-02 3.762466895e-02
 3.790892116e-02 3.806158940e-02 3.804595233e-02 3.782972722e-02 3.738815635e-02
 3.670595404e-02 3.577786610e-02 3.460809300e-02 3.320933135e-02 3.160253134e-02
 2.981861735e-02 2.790340295e-02 2.592648744e-02 2.399281142e-02 2.224902068e-02
 2.086573516e-02 1.998273306e-02 1.964353891e-02 1.983606465e-02 2.040239950e-02
 2.795440518e-05 5.241571642e-05 6.761586545e-05 5.698669882e-05 2.827661635e-06
-1.114710325e-04-2.993883483e-04-5.652676923e-04-8.966830344e-04-1.309179622e-03
-1.798339236e-03-2.325815556e-03-2.876320276e-03-3.425412635e-03-3.885571393e-03
-4.108660281e-03-3.897478662e-03-3.078082513e-03-1.601582596e-03 4.245933858e-04
 2.808843967e-03 5.370731075e-03 7.979963146e-03 1.054725962e-02 1.300743967e-02
 1.531368351e-02 1.743926085e-02 1.937613262e-02 2.112748356e-02 2.269983542e-02
 2.410036301e-02 2.533780399e-02 2.642366721e-02 2.737243900e-02 2.820082560e-02
 2.892645084e-02 2.956639153e-02 3.013578784e-02 3.064663866e-02 3.110682120e-02
 3.151935685e-02 3.188195966e-02 3.218691966e-02 3.242137153e-02 3.256796930e-02
 3.260593468e-02 3.251238020e-02 3.226374164e-02 3.183710486e-02 3.121119825e-02
 3.036686062e-02 2.928689007e-02 2.795532331e-02 2.635638139e-02 2.447359138e-02
 2.229014151e-02 1.979289583e-02 1.698620369e-02 1.393202362e-02 1.085988918e-02
 8.393280194e-03 7.455660189e-03 8.209534547e-03 9.902974042e-03 1.183652900e-02
-6.179915872e-07-6.646907232e-06-2.415240037e-05-6.082133804e-05-1.246510834e-04
-2.227784379e-04-3.601458455e-04-5.330898377e-04-7.288391820e-04-9.522534063e-04
-1.186596857e-03-1.392035675e-03-1.557277268e-03-1.648843796e-03-1.613643441e-03
-1.388576459e-03-9.108092208e-04-1.332808386e-04 9.609918322e-04 2.354953508e-03
 4.009144630e-03 5.875108135e-03 7.890764627e-03 9.982597619e-03 1.201712433e-02
 1.384379626e-02 1.543393019e-02 1.684697505e-02 1.816824646e-02 1.941195833e-02
 2.057299018e-02 2.164456451e-02 2.262320507e-02 2.350912931e-02 2.430543123e-02
 2.501698622e-02 2.564934271e-02 2.620769909e-02 2.669601492e-02 2.711628471e-02
 2.746799304e-02 2.774776480e-02 2.794921876e-02 2.806302277e-02 2.807713224e-02
 2.797716915e-02 2.774687154e-02 2.736851505e-02 2.682318407e-02 2.609075076e-02
 2.514940349e-02 2.397453764e-02 2.253675550e-02 2.079856563e-02 1.870902448e-02
 1.619480838e-02 1.314452843e-02 9.379149193e-03 4.590954736e-03-1.799109227e-03
-1.062026240e-02-1.285535705e-02-6.266532416e-03-1.078538084e-04 4.277317825e-03
-9.370030716e-06-2.363026304e-05-4.766670655e-05-8.476609167e-05-1.381080167e-04
-2.100717454e-04-3.017120759e-04-4.113103689e-04-5.053045493e-04-6.066443940e-04
-6.761707208e-04-6.823575250e-04-6.397197074e-04-5.197796509e-04-2.894144577e-04
 8.256575339e-05 6.197831351e-04 1.338018236e-03 2.244752159e-03 3.338512571e-03
 4.617303811e-03 6.093875640e-03 7.758831923e-03 9.654875394e-03 1.155937087e-02
 1.304681670e-02 1.409962601e-02 1.488381324e-02 1.579906714e-02 1.675471515e-02
 1.769684170e-02 1.859929419e-02 1.944773210e-02 2.023414738e-02 2.095431571e-02
 2.160628597e-02 2.218931682e-02 2.270305225e-02 2.314686096e-02 2.351931269e-02
 2.381778052e-02 2.403816287e-02 2.417471897e-02 2.422000739e-02 2.416490970e-02
 2.399870898e-02 2.370918004e-02 2.328263377e-02 2.270384478e-02 2.195577647e-02
 2.101899799e-02 1.987065467e-02 1.848279211e-02 1.681971830e-02 1.483386859e-02
 1.245923242e-02 9.600657467e-03 6.115987785e-03 1.784871371e-03-3.763849750e-03
-1.196492738e-02-1.367235490e-02-7.801082282e-03-2.394204971e-03 1.661190630e-03
-9.092778583e-06-2.165987586e-05-4.101580319e-05-6.853186723e-05-1.054646596e-04
-1.525703339e-04-2.093682153e-04-2.674035553e-04-3.053156417e-04-3.199504966e-04
-2.863548206e-04-2.014544859e-04-8.087539869e-05 8.712865061e-05 3.669677958e-04
 8.226970742e-04 1.376668652e-03 2.034879557e-03 2.806932098e-03 3.695457431e-03
 4.699689224e-03 5.823657973e-03 7.036551577e-03 8.296361449e-03 9.535123945e-03
 1.068347104e-02 1.171427579e-02 1.264910842e-02 1.353159691e-02 1.438200790e-02
 1.520153184e-02 1.598466008e-02 1.672488285e-02 1.741650856e-02 1.805500171e-02
 1.863681013e-02 1.915902789e-02 1.961902677e-02 2.001412420e-02 2.034131956e-02
 2.059709055e-02 2.077722672e-02 2.087669930e-02 2.088957805e-02 2.080899704e-02
 2.062715860e-02 2.033535708e-02 1.992400071e-02 1.938261082e-02 1.869978278e-02
 1.786310671e-02 1.685907376e-02 1.567305249e-02 1.428954330e-02 1.269318751e-02
 1.087160078e-02 8.822431846e-03 6.569980717e-03 4.202410688e-03 1.944839683e-03
 2.387695589e-04-3.912818562e-04 2.016586651e-04 1.633960543e-03 3.411360752e-03
-4.890603733e-06-1.151037527e-05-2.150239862e-05-3.550045982e-05-5.427563283e-05
-7.885412444e-05-1.108594461e-04-1.478538624e-04-1.586765555e-04-8.116750984e-05
 2.249752419e-05 1.473137224e-04 2.969871330e-04 4.609512139e-04 8.082811946e-04
 1.244460417e-03 1.747684377e-03 2.321325551e-03 2.968831194e-03 3.690499945e-03
 4.483734929e-03 5.341689688e-03 6.247038568e-03 7.177138767e-03 8.108361306e-03
 9.019553405e-03 9.896703896e-03 1.073454054e-02 1.153369935e-02 1.229635059e-02
 1.302327600e-02 1.371338862e-02 1.436431696e-02 1.497304288e-02 1.553647199e-02
 1.605153546e-02 1.651527082e-02 1.692459582e-02 1.727600567e-02 1.756582080e-02
 1.779039642e-02 1.794605158e-02 1.802879865e-02 1.803424759e-02 1.795765014e-02
 1.779383977e-02 1.753741554e-02 1.718277451e-02 1.672430799e-02 1.615666561e-02
 1.547502344e-02 1.467574174e-02 1.375713779e-02 1.272095866e-02 1.157465987e-02
 1.033501316e-02 9.033501474e-03 7.723188356e-03 6.485410078e-03 5.430021071e-03
 4.678760152e-03 4.326596500e-03 4.398301131e-03 4.835361703e-03 5.534512078e-03
 8.516500734e-07 1.905418838e-06 3.354994117e-06 5.202106337e-06 7.461599592e-06
 1.009898266e-05 1.275704363e-05 1.211922152e-05 4.417423654e-05 1.234995200e-04
 2.576702038e-04 3.929609968e-04 5.978654877e-04 8.337208032e-04 1.122190059e-03
 1.494388684e-03 1.887464075e-03 2.391373624e-03 2.917625617e-03 3.503104977e-03
 4.149849110e-03 4.795151998e-03 5.536360852e-03 6.249701327e-03 6.995819631e-03
 7.739828187e-03 8.436910341e-03 9.178789238e-03 9.839320370e-03 1.051948020e-02
 1.115321197e-02 1.173318423e-02 1.233194407e-02 1.282926403e-02 1.335563955e-02
 1.380272756e-02 1.420158488e-02 1.459279268e-02 1.487472576e-02 1.517076022e-02
 1.535957926e-02 1.550197657e-02 1.559603650e-02 1.557336389e-02 1.555608093e-02
 1.540597047e-02 1.521589943e-02 1.494483211e-02 1.455695330e-02 1.415638560e-02
 1.360874194e-02 1.303919379e-02 1.237365831e-02 1.162427716e-02 1.087803122e-02
 1.003766970e-02 9.254751144e-03 8.479915896e-03 7.759788013e-03 7.220637843e-03
 6.782371782e-03 6.598118140e-03 6.598068121e-03 6.765583811e-03 7.158886298e-03
 0.784459266E+00 0.791546764E+00 0.799499939E+00 0.808246146E+00 0.817261704E+00
 0.826765385E+00 0.836727535E+00 0.847112555E+00 0.857931502E+00 0.869233829E+00
 0.881049849E+00 0.893400495E+00 0.906302984E+00 0.919783652E+00 0.933877067E+00
 0.948617670E+00 0.964042209E+00 0.980189928E+00 0.997106427E+00 0.101483241E+01
 0.103340913E+01 0.105288515E+01 0.107331774E+01 0.109477552E+01 0.111733281E+01
 0.114105374E+01 0.116600081E+01 0.119225732E+01 0.121992136E+01 0.124909578E+01
 0.127989779E+01 0.131245289E+01 0.134688071E+01 0.138331925E+01 0.142193042E+01
 0.146290413E+01 0.150645746E+01 0.155281877E+01 0.160221635E+01 0.165492834E+01
 0.171128334E+01 0.177164886E+01 0.183645049E+01 0.190616768E+01 0.198132688E+01
 0.206254403E+01 0.215055580E+01 0.224624537E+01 0.235064486E+01 0.246491167E+01
 0.259047833E+01 0.272911394E+01 0.288297910E+01 0.305472419E+01 0.324765917E+01
 0.346608496E+01 0.371569829E+01 0.400414766E+01 0.434191707E+01 0.474449261E+01
 0.523632373E+01 0.586006655E+01 0.670352510E+01 0.801379858E+01 0.161258355E+02
  361   98
 0.576700808E+00 0.111248630E+01 0.571513211E+00 0.109881891E+01 0.566333119E+00
 0.108514868E+01 0.561148012E+00 0.107148035E+01 0.555961247E+00 0.105781265E+01
 0.550778617E+00 0.104414337E+01 0.545606202E+00 0.103047024E+01 0.540448486E+00
 0.101679154E+01 0.535305142E+00 0.100310744E+01 0.530175471E+00 0.989418211E+00
 0.525058459E+00 0.975724241E+00 0.519952380E+00 0.962026191E+00 0.514855485E+00
 0.948324721E+00 0.509767887E+00 0.934619796E+00 0.504690070E+00 0.920911244E+00
 0.499621668E+00 0.907199208E+00 0.494561237E+00 0.893484228E+00 0.489507411E+00
 0.879766814E+00 0.484461909E+00 0.866046335E+00 0.479426913E+00 0.852321998E+00
 0.474404663E+00 0.838592991E+00 0.469397226E+00 0.824858575E+00 0.464406986E+00
 0.811117902E+00 0.459437943E+00 0.797369549E+00 0.454493956E+00 0.783612167E+00
 0.449578666E+00 0.769844506E+00 0.444696267E+00 0.756065147E+00 0.439851590E+00
 0.742272482E+00 0.435049888E+00 0.728464799E+00 0.430295640E+00 0.714640705E+00
 0.425592536E+00 0.700799128E+00 0.420943950E+00 0.686939149E+00 0.416353965E+00
 0.673059653E+00 0.411827732E+00 0.659159239E+00 0.407369926E+00 0.645236731E+00
 0.402984321E+00 0.631291313E+00 0.398673863E+00 0.617322485E+00 0.394441157E+00
 0.603329902E+00 0.390289254E+00 0.589313133E+00 0.386221754E+00 0.575271640E+00
 0.382242226E+00 0.561204963E+00 0.378353781E+00 0.547112837E+00 0.374558933E+00
 0.532995221E+00 0.370859442E+00 0.518852317E+00 0.367256533E+00 0.504684501E+00
 0.363751142E+00 0.490492244E+00 0.360344166E+00 0.476276041E+00 0.357036839E+00
 0.462036325E+00 0.353830717E+00 0.447773483E+00 0.350726877E+00 0.433488034E+00
 0.347725885E+00 0.419180626E+00 0.344827994E+00 0.404851980E+00 0.342033344E+00
 0.390502840E+00 0.339342167E+00 0.376133935E+00 0.336754734E+00 0.361745987E+00
 0.334271071E+00 0.347339763E+00 0.331890687E+00 0.332916114E+00 0.329613139E+00
 0.318475869E+00 0.327438589E+00 0.304019756E+00 0.325367668E+00 0.289548434E+00
 0.323401537E+00 0.275062504E+00 0.321541502E+00 0.260562569E+00 0.319787863E+00
 0.246049382E+00 0.318140502E+00 0.231523748E+00 0.316599183E+00 0.216986479E+00
 0.315163609E+00 0.202438387E+00 0.313833023E+00 0.187880316E+00 0.312605894E+00
 0.173313160E+00 0.311480863E+00 0.158737762E+00 0.310456970E+00 0.144154910E+00
 0.309533731E+00 0.129565340E+00 0.308711389E+00 0.114969735E+00 0.307990590E+00
 0.100368764E+00 0.307371952E+00 0.857631078E-01 0.306856053E+00 0.711534622E-01
 0.306443244E+00 0.565405402E-01 0.306132300E+00 0.419250950E-01 0.305921845E+00
 0.273078569E-01 0.305811082E+00 0.126895232E-01 0.305799657E+00-0.192922570E-02
 0.305887388E+00-0.165477160E-01 0.306073958E+00-0.311652790E-01 0.306359236E+00
-0.457812488E-01 0.306743397E+00-0.603949538E-01 0.307226972E+00-0.750057066E-01
 0.307810460E+00-0.896128104E-01 0.308494259E+00-0.104215562E+00 0.309279174E+00
-0.118813227E+00 0.310166430E+00-0.133405028E+00 0.311157456E+00-0.147990149E+00
 0.312252323E+00-0.162567843E+00 0.313450235E+00-0.177137431E+00 0.314750433E+00
-0.191698248E+00 0.316152375E+00-0.206249622E+00 0.317656167E+00-0.220790822E+00
 0.319263187E+00-0.235320976E+00 0.320975163E+00-0.249839136E+00 0.322793629E+00
-0.264344343E+00 0.324719604E+00-0.278835665E+00 0.326752796E+00-0.293312335E+00
 0.328891519E+00-0.307773792E+00 0.331134216E+00-0.322219490E+00 0.333479747E+00
-0.336648848E+00 0.335927721E+00-0.351061180E+00 0.338478741E+00-0.365455629E+00
 0.341133696E+00-0.379831271E+00 0.343893384E+00-0.394187174E+00 0.346758398E+00
-0.408522429E+00 0.349728958E+00-0.422836185E+00 0.352804279E+00-0.437127800E+00
 0.355983033E+00-0.451396766E+00 0.359263945E+00-0.465642590E+00 0.362645931E+00
-0.479864759E+00 0.366128225E+00-0.494062700E+00 0.369710530E+00-0.508235738E+00
 0.373392309E+00-0.522383261E+00 0.377172542E+00-0.536504797E+00 0.381049691E+00
-0.550600033E+00 0.385021664E+00-0.564668843E+00 0.389085924E+00-0.578711272E+00
 0.393239613E+00-0.592727510E+00 0.397479707E+00-0.606717853E+00 0.401803536E+00
-0.620682545E+00 0.406208606E+00-0.634621825E+00 0.410692368E+00-0.648535992E+00
 0.415251617E+00-0.662425610E+00 0.419882320E+00-0.676291570E+00 0.424579767E+00
-0.690135064E+00 0.429339622E+00-0.703957225E+00 0.434159154E+00-0.717758692E+00
 0.439035732E+00-0.731540106E+00 0.443966058E+00-0.745302384E+00 0.448945866E+00
-0.759046837E+00 0.453970466E+00-0.772774979E+00 0.459036320E+00-0.786487952E+00
 0.464141069E+00-0.800186495E+00 0.469282525E+00-0.813871302E+00 0.474458050E+00
-0.827543262E+00 0.479665214E+00-0.841203204E+00 0.484903580E+00-0.854851210E+00
 0.490173811E+00-0.868486943E+00 0.495477590E+00-0.882109662E+00 0.500816991E+00
-0.895718457E+00 0.506195562E+00-0.909311819E+00 0.511620926E+00-0.922886569E+00
 0.517102889E+00-0.936438558E+00 0.522654128E+00-0.949962312E+00 0.528291495E+00
-0.963450381E+00 0.534038319E+00-0.976892160E+00 0.539929424E+00-0.990271298E+00
 0.546015748E+00-0.100356269E+01 0.552375034E+00-0.101672550E+01 0.559132099E+00
-0.102968820E+01 0.566496112E+00-0.104231483E+01 0.574828155E+00-0.105432109E+01
 0.584726661E+00-0.106506072E+01 0.596815653E+00-0.107321620E+01 0.610758016E+00
-0.107747177E+01 0.625337397E+00-0.107826271E+01 0.639890438E+00-0.107693940E+01
 0.654290814E+00-0.107443270E+01 0.668554663E+00-0.107123415E+01 0.682714043E+00
-0.106759936E+01 0.696794689E+00-0.106367004E+01 0.710813738E+00-0.105952608E+01
 0.724782579E+00-0.105521581E+01 0.738707837E+00-0.105076670E+01 0.752593295E+00
-0.104619487E+01 0.766440308E+00-0.104150788E+01 0.780249213E+00-0.103670977E+01
 0.794019195E+00-0.103180107E+01 0.807747258E+00-0.102677635E+01 0.821428185E+00
-0.102162470E+01 0.835055493E+00-0.101633287E+01 0.848621908E+00-0.101088687E+01
 0.862119436E+00-0.100527234E+01 0.875539680E+00-0.999475536E+00 0.888873854E+00
-0.993483441E+00 0.902113126E+00-0.987284514E+00 0.915248685E+00-0.980868774E+00
 0.928272651E+00-0.974229439E+00 0.941178539E+00-0.967363409E+00 0.953959495E+00
-0.960267551E+00 0.966606212E+00-0.952935144E+00 0.979107452E+00-0.945357400E+00
 0.991451570E+00-0.937526338E+00 0.100362773E+01-0.929436617E+00 0.101562755E+01
-0.921087552E+00 0.102744589E+01-0.912483522E+00 0.103907932E+01-0.903631050E+00
 0.105052589E+01-0.894538244E+00 0.106178315E+01-0.885212074E+00 0.107284391E+01
-0.875653696E+00 0.108369701E+01-0.865860175E+00 0.109433215E+01-0.855830391E+00
 0.110474340E+01-0.845568380E+00 0.111493054E+01-0.835083851E+00 0.112489486E+01
-0.824387321E+00 0.113463226E+01-0.813483829E+00 0.114413008E+01-0.802371047E+00
 0.115337555E+01-0.791047474E+00 0.116236037E+01-0.779515992E+00 0.117108269E+01
-0.767784698E+00 0.117954368E+01-0.755863544E+00 0.118774232E+01-0.743760468E+00
 0.119566934E+01-0.731477788E+00 0.120331598E+01-0.719018630E+00 0.121067915E+01
-0.706389878E+00 0.121776033E+01-0.693600861E+00 0.122456089E+01-0.680660443E+00
 0.123108085E+01-0.667576392E+00 0.123732183E+01-0.654356991E+00 0.124328912E+01
-0.641011792E+00 0.124899027E+01-0.627550734E+00 0.125443297E+01-0.613983102E+00
 0.125962593E+01-0.600317917E+00 0.126458085E+01-0.586564614E+00 0.126931269E+01
-0.572732952E+00 0.127383849E+01-0.558832490E+00 0.127817534E+01-0.544871906E+00
 0.128233838E+01-0.530858494E+00 0.128634240E+01-0.516798809E+00 0.129020406E+01
-0.502699344E+00 0.129394194E+01-0.488566548E+00 0.129757603E+01-0.474406696E+00
 0.130112489E+01-0.460225235E+00 0.130460484E+01-0.446026705E+00 0.130803178E+01
-0.431815282E+00 0.131142150E+01-0.417594931E+00 0.131478992E+01-0.403369519E+00
 0.131814784E+01-0.389141623E+00 0.132150344E+01-0.374913179E+00 0.132486660E+01
-0.360686523E+00 0.132824895E+01-0.346464416E+00 0.133166205E+01-0.332249660E+00
 0.133510715E+01-0.318042624E+00 0.133857981E+01-0.303842300E+00 0.134207467E+01
-0.289647423E+00 0.134558596E+01-0.275456600E+00 0.134910680E+01-0.261268144E+00
 0.135262683E+01-0.247079485E+00 0.135613407E+01-0.232887661E+00 0.135961499E+01
-0.218689359E+00 0.136305336E+01-0.204480700E+00 0.136642933E+01-0.190257090E+00
 0.136971942E+01-0.176013381E+00 0.137289668E+01-0.161744095E+00 0.137593099E+01
-0.147443754E+00 0.137878934E+01-0.133107233E+00 0.138144107E+01-0.118731088E+00
 0.138386217E+01-0.104314336E+00 0.138602798E+01-0.898570579E-01 0.138791268E+01
-0.753604908E-01 0.138949019E+01-0.608273220E-01 0.139074062E+01-0.462623877E-01
 0.139165070E+01-0.316722516E-01 0.139220923E+01-0.170644488E-01 0.139240730E+01
-0.244732702E-02 0.139223975E+01 0.121701747E-01 0.139171153E+01 0.267791058E-01
 0.139083317E+01 0.413711895E-01 0.138961742E+01 0.559390653E-01 0.138807879E+01
 0.704764083E-01 0.138623580E+01 0.849783419E-01 0.138411517E+01 0.994423195E-01
 0.138174414E+01 0.113867399E+00 0.137914862E+01 0.128253805E+00 0.137635289E+01
 0.142602674E+00 0.137338483E+01 0.156916917E+00 0.137027761E+01 0.171201619E+00
 0.136706176E+01 0.185462274E+00 0.136376453E+01 0.199704345E+00 0.136040965E+01
 0.213932952E+00 0.135701681E+01 0.228152558E+00 0.135360184E+01 0.242366866E+00
 0.135017764E+01 0.256578957E+00 0.134675539E+01 0.270791515E+00 0.134334498E+01
 0.285006919E+00 0.133995232E+01 0.299226569E+00 0.133658113E+01 0.313451326E+00
 0.133323510E+01 0.327682020E+00 0.132991759E+01 0.341919388E+00 0.132662912E+01
 0.356163496E+00 0.132335859E+01 0.370411732E+00 0.132009181E+01 0.384660829E+00
 0.131681609E+01 0.398907873E+00 0.131352034E+01 0.413150298E+00 0.131019325E+01
 0.427385429E+00 0.130681831E+01 0.441609290E+00 0.130337841E+01 0.455817572E+00
 0.129985675E+01 0.470005805E+00 0.129623608E+01 0.484169087E+00 0.129249753E+01
 0.498301697E+00 0.128861976E+01 0.512396727E+00 0.128458228E+01 0.526446827E+00
 0.128036655E+01 0.540444456E+00 0.127595628E+01 0.554382001E+00 0.127133652E+01
 0.568251498E+00 0.126649128E+01 0.582043818E+00 0.126140402E+01 0.595748695E+00
 0.125606021E+01 0.609355569E+00 0.125044885E+01 0.622854290E+00 0.124456255E+01
 0.636235396E+00 0.123839569E+01 0.649489528E+00 0.123194314E+01 0.662606939E+00
 0.122520237E+01 0.675578591E+00 0.121817560E+01 0.688397577E+00 0.121086846E+01
 0.701058844E+00 0.120328482E+01 0.713556460E+00 0.119542659E+01 0.725883271E+00
 0.118729907E+01 0.738034227E+00 0.117891304E+01 0.750008246E+00 0.117028161E+01
 0.761806622E+00 0.116141289E+01 0.773427688E+00 0.115231031E+01 0.784866495E+00
 0.114297706E+01 0.796117892E+00 0.113342022E+01 0.807180008E+00 0.112365078E+01
 0.818054857E+00 0.111368116E+01 0.828746500E+00 0.110351689E+01 0.839253262E+00
 0.109315584E+01 0.849566026E+00 0.108259530E+01 0.859674381E+00 0.107183640E+01
 0.869571347E+00 0.106088373E+01 0.879253441E+00 0.104974389E+01 0.888719589E+00
 0.103842356E+01 0.897969131E+00 0.102692701E+01 0.906998695E+00 0.101525531E+01
 0.915800688E+00 0.100340830E+01 0.924365235E+00 0.991387330E+00 0.932683840E+00
 0.979197851E+00 0.940753516E+00 0.966848421E+00 0.948576232E+00 0.954349437E+00
 0.956157732E+00 0.941712826E+00 0.963507584E+00 0.928949909E+00 0.970635876E+00
 0.916067717E+00 0.977546289E+00 0.903071812E+00 0.984240413E+00 0.889969513E+00
 0.990723848E+00 0.876769802E+00 0.997006616E+00 0.863481916E+00 0.100310072E+01
 0.850115239E+00 0.100902004E+01 0.836679090E+00 0.101477997E+01 0.823182830E+00
 0.102039763E+01 0.809635491E+00 0.102589101E+01 0.796045611E+00 0.103127832E+01
 0.782420871E+00 0.103657686E+01 0.768767225E+00 0.104180048E+01 0.755088892E+00
 0.104695912E+01 0.741389626E+00 0.105206192E+01 0.727673747E+00 0.105711990E+01
 0.713945072E+00 0.106214305E+01 0.700207512E+00 0.106714186E+01 0.686464359E+00
 0.107212527E+01 0.672719171E+00 0.107710306E+01 0.658975077E+00 0.108208388E+01
 0.645235216E+00 0.108707635E+01 0.631502777E+00 0.109208921E+01 0.617780384E+00
 0.109712949E+01 0.604071405E+00 0.110220615E+01 0.590376712E+00 0.110732121E+01
 0.576700808E+00 0.111248630E+01
 0.156441580E+01 0.156423520E+01 0.173298350E+01 0.167901950E+01 0.134847970E+01
 0.206041340E+01 0.108819530E+01 0.205946000E+01 0.902253030E+00 0.187565310E+01
 0.903668760E+00 0.187424170E+01 0.533866470E+00 0.150285580E+01 0.538010660E+00
 0.149874330E+01 0.332797140E+00 0.129708960E+01 0.332797140E+00 0.109400000E+01
 0.334795920E+00 0.109400000E+01 0.303115250E+00 0.847500000E+00 0.305114030E+00
 0.847500000E+00 0.269135950E+00 0.565000000E+00 0.271134730E+00 0.565000000E+00
 0.260841000E+00 0.495257700E+00 0.260841000E+00-0.507257700E+00 0.271134730E+00
-0.576999960E+00 0.269135950E+00-0.576999960E+00 0.305114030E+00-0.859500000E+00
 0.303115250E+00-0.859500000E+00 0.334795920E+00-0.110600010E+01 0.332797140E+00
-0.110600010E+01 0.332797140E+00-0.130908970E+01 0.538598100E+00-0.150990190E+01
 0.534468950E+00-0.151402960E+01 0.905629600E+00-0.188405800E+01 0.904219000E+00
-0.188547470E+01 0.108819530E+01-0.206614000E+01 0.134847970E+01-0.206518650E+01
 0.173017910E+01-0.168098580E+01 0.156441580E+01-0.156883530E+01 0.137999130E+01
-0.157688300E+01 0.137989190E+01-0.157672700E+01 0.119622210E+01-0.158474990E+01
 0.119631650E+01-0.158489800E+01 0.105537410E+01-0.159104840E+01 0.105528350E+01
-0.159090630E+01 0.947502500E+00-0.159561420E+01 0.905686400E+00-0.159556230E+01
 0.899143000E+00-0.159478470E+01 0.883387860E+00-0.159026430E+01 0.867681200E+00
-0.158087360E+01 0.851322350E+00-0.156766880E+01 0.833481900E+00-0.154624210E+01
 0.826062560E+00-0.152875240E+01 0.822677700E+00-0.151516830E+01 0.821022750E+00
-0.149624060E+01 0.820691350E+00-0.147724350E+01 0.822887360E+00-0.144582030E+01
 0.827573000E+00-0.141923050E+01 0.839194600E+00-0.138728100E+01 0.855244300E+00
-0.135284130E+01 0.877566500E+00-0.132209860E+01 0.899473500E+00-0.130017830E+01
 0.118567730E+01-0.101380000E+01 0.127900000E+01-0.842300000E+00 0.129600000E+01
-0.820200000E+00 0.143300000E+01-0.820200000E+00 0.143300000E+01-0.711000000E+00
 0.149000000E+01-0.491000000E+00 0.146000000E+01-0.491000000E+00 0.146000000E+01
-0.233000000E+00 0.166100000E+01-0.233000000E+00 0.166100000E+01 0.226000000E+00
 0.146000000E+01 0.226000000E+00 0.146000000E+01 0.481000000E+00 0.149300000E+01
 0.481000000E+00 0.147400000E+01 0.554000000E+00 0.143300000E+01 0.711000000E+00
 0.143300000E+01 0.815600000E+00 0.129600000E+01 0.815600000E+00 0.127900000E+01
 0.837699950E+00 0.118567730E+01 0.100920000E+01 0.899473500E+00 0.129557820E+01
 0.877566500E+00 0.131749860E+01 0.855244300E+00 0.134824120E+01 0.839194600E+00
 0.138268090E+01 0.827573000E+00 0.141463040E+01 0.822887360E+00 0.144122030E+01
 0.820691350E+00 0.147264350E+01 0.821022750E+00 0.149164060E+01 0.822677700E+00
 0.151056830E+01 0.826062560E+00 0.152415240E+01 0.833481900E+00 0.154164210E+01
 0.851322350E+00 0.156306870E+01 0.867681200E+00 0.157627360E+01 0.883387860E+00
 0.158566430E+01 0.899143000E+00 0.159018470E+01 0.905686400E+00 0.159096230E+01
 0.947502500E+00 0.159101410E+01 0.105528350E+01 0.158630620E+01 0.105537410E+01
 0.158644830E+01 0.119631650E+01 0.158029800E+01 0.119622210E+01 0.158014990E+01
 0.137989190E+01 0.157212700E+01 0.137999130E+01 0.157228290E+01 0.156441580E+01
 0.156423520E+01
    0
