EFIT++      MAST # 47012 # 460ms                   0  65  65
 0.194000000E+01 0.440000000E+01 0.800000000E+00 0.600000000E-01 0.000000000E+00
 0.942388291E+00 0.988543339E-03-0.775353499E-01 0.239719266E-01-0.654528956E+00
 0.747015371E+06-0.775353499E-01 0.000000000E+00 0.942388291E+00 0.000000000E+00
 0.988543339E-03 0.000000000E+00 0.239719266E-01 0.000000000E+00 0.000000000E+00
-0.623125625E+00-0.619305310E+00-0.615568380E+00-0.611914870E+00-0.608344781E+00
-0.604858080E+00-0.601454698E+00-0.598134530E+00-0.594897435E+00-0.591743231E+00
-0.588671699E+00-0.585682580E+00-0.582775575E+00-0.579950344E+00-0.577206504E+00
-0.574543631E+00-0.571961260E+00-0.569458881E+00-0.567035943E+00-0.564691849E+00
-0.562425963E+00-0.560237602E+00-0.558126041E+00-0.556090512E+00-0.554130205E+00
-0.552244267E+00-0.550431803E+00-0.548691875E+00-0.547023506E+00-0.545425677E+00
-0.543897332E+00-0.542437372E+00-0.541044663E+00-0.539718034E+00-0.538456276E+00
-0.537258146E+00-0.536122366E+00-0.535047627E+00-0.534032586E+00-0.533075870E+00
-0.532176078E+00-0.531331779E+00-0.530541517E+00-0.529803809E+00-0.529117149E+00
-0.528480006E+00-0.527890830E+00-0.527348049E+00-0.526850073E+00-0.526395294E+00
-0.525982086E+00-0.525608809E+00-0.525273811E+00-0.524975424E+00-0.524711969E+00
-0.524481757E+00-0.524283090E+00-0.524114261E+00-0.523973554E+00-0.523859250E+00
-0.523769621E+00-0.523702935E+00-0.523657457E+00-0.523631447E+00-0.523623165E+00
 0.165561296E+05 0.161620026E+05 0.157684509E+05 0.153756546E+05 0.149837939E+05
 0.145930491E+05 0.142036004E+05 0.138156280E+05 0.134293121E+05 0.130448328E+05
 0.126623705E+05 0.122821053E+05 0.119042175E+05 0.115288872E+05 0.111562947E+05
 0.107866202E+05 0.104200438E+05 0.100567459E+05 0.969690652E+04 0.934070601E+04
 0.898832453E+04 0.863994231E+04 0.829573954E+04 0.795589645E+04 0.762059324E+04
 0.729001012E+04 0.696432731E+04 0.664372502E+04 0.632838346E+04 0.601848284E+04
 0.571420338E+04 0.541572528E+04 0.512322876E+04 0.483689403E+04 0.455690130E+04
 0.428343078E+04 0.401666269E+04 0.375677723E+04 0.350395462E+04 0.325837507E+04
 0.302021879E+04 0.278966600E+04 0.256689690E+04 0.235209170E+04 0.214543063E+04
 0.194709388E+04 0.175726167E+04 0.157611422E+04 0.140383174E+04 0.124059443E+04
 0.108658251E+04 0.941976187E+03 0.806955679E+03 0.681701194E+03 0.566392946E+03
 0.461211145E+03 0.366336002E+03 0.281947731E+03 0.208226542E+03 0.145352648E+03
 0.935062591E+02 0.528675884E+02 0.236168471E+02 0.593424706E+01 0.000000000E+00
-0.151729235E+01-0.147544175E+01-0.143416711E+01-0.139346844E+01-0.135334573E+01
-0.131379899E+01-0.127482821E+01-0.123643340E+01-0.119861455E+01-0.116137167E+01
-0.112470476E+01-0.108861381E+01-0.105309882E+01-0.101815981E+01-0.983796752E+00
-0.950009664E+00-0.916798541E+00-0.884163384E+00-0.852104192E+00-0.820620966E+00
-0.789713705E+00-0.759382410E+00-0.729627080E+00-0.700447715E+00-0.671844316E+00
-0.643816882E+00-0.616365414E+00-0.589489911E+00-0.563190374E+00-0.537466801E+00
-0.512319195E+00-0.487747554E+00-0.463751878E+00-0.440332168E+00-0.417488423E+00
-0.395220643E+00-0.373528829E+00-0.352412981E+00-0.331873097E+00-0.311909180E+00
-0.292521227E+00-0.273709241E+00-0.255473219E+00-0.237813163E+00-0.220729072E+00
-0.204220947E+00-0.188288787E+00-0.172932593E+00-0.158152364E+00-0.143948101E+00
-0.130319803E+00-0.117267470E+00-0.104791103E+00-0.928907012E-01-0.815662648E-01
-0.708177939E-01-0.606452884E-01-0.510487484E-01-0.420281738E-01-0.335835646E-01
-0.257149208E-01-0.184222425E-01-0.117055295E-01-0.556478206E-02 0.000000000E+00
-0.248639202E+06-0.248333336E+06-0.247913847E+06-0.247380735E+06-0.246734000E+06
-0.245973642E+06-0.245099661E+06-0.244112058E+06-0.243010831E+06-0.241795982E+06
-0.240467510E+06-0.239025414E+06-0.237469696E+06-0.235800355E+06-0.234017392E+06
-0.232120805E+06-0.230110595E+06-0.227986763E+06-0.225749307E+06-0.223398229E+06
-0.220933527E+06-0.218355203E+06-0.215663256E+06-0.212857686E+06-0.209938493E+06
-0.206905678E+06-0.203759239E+06-0.200499177E+06-0.197125493E+06-0.193638185E+06
-0.190037255E+06-0.186322702E+06-0.182494526E+06-0.178552727E+06-0.174497305E+06
-0.170328260E+06-0.166045593E+06-0.161649302E+06-0.157139389E+06-0.152515852E+06
-0.147778693E+06-0.142927911E+06-0.137963506E+06-0.132885478E+06-0.127693827E+06
-0.122388553E+06-0.116969656E+06-0.111437137E+06-0.105790994E+06-0.100031229E+06
-0.941578406E+05-0.881708294E+05-0.820701953E+05-0.758559383E+05-0.695280584E+05
-0.630865556E+05-0.565314299E+05-0.498626813E+05-0.430803099E+05-0.361843155E+05
-0.291746982E+05-0.220514580E+05-0.148145949E+05-0.746410889E+04 0.000000000E+00
-2.418291013e-05-5.463646616e-05-9.707901796e-05-1.512125323e-04-2.166931543e-04
-2.932474121e-04-3.808911891e-04-4.806189260e-04-5.635305048e-04-5.652664795e-04
-5.459415277e-04-5.102175660e-04-4.354265639e-04-3.208696577e-04-1.517827835e-04
 8.472369699e-05 3.707252066e-04 7.280028129e-04 1.134935575e-03 1.601207304e-03
 2.126913957e-03 2.689668647e-03 3.312785716e-03 3.956200559e-03 4.634724793e-03
 5.331953924e-03 6.025775103e-03 6.741359983e-03 7.428882220e-03 8.120341203e-03
 8.786500359e-03 9.418726537e-03 1.004291221e-02 1.060545832e-02 1.115750187e-02
 1.165304493e-02 1.210378568e-02 1.253069419e-02 1.288267778e-02 1.319141677e-02
 1.341774600e-02 1.358247827e-02 1.368436285e-02 1.369400400e-02 1.365615659e-02
 1.351533656e-02 1.330810633e-02 1.301637792e-02 1.262187354e-02 1.217081075e-02
 1.160198577e-02 1.097575841e-02 1.026047296e-02 9.465926262e-03 8.645076654e-03
 7.757419056e-03 6.899271944e-03 6.064247900e-03 5.299118771e-03 4.701729472e-03
 4.244115459e-03 4.034039797e-03 4.033335385e-03 4.223333491e-03 4.631378595e-03
-3.444061369e-05-7.821633835e-05-1.398958806e-04-2.196671132e-04-3.177479054e-04
-4.345260694e-04-5.707365773e-04-7.216178383e-04-8.597170635e-04-8.982796934e-04
-9.199360810e-04-9.262052902e-04-9.113221327e-04-9.005510561e-04-6.945889977e-04
-4.114012181e-04-6.276344153e-05 3.571262218e-04 8.535737087e-04 1.427512180e-03
 2.077382284e-03 2.799870242e-03 3.581619565e-03 4.407663729e-03 5.263690929e-03
 6.135673748e-03 7.011131959e-03 7.879803560e-03 8.733232309e-03 9.564061512e-03
 1.036558445e-02 1.113172155e-02 1.185711137e-02 1.253711854e-02 1.316781561e-02
 1.374577715e-02 1.426781322e-02 1.473046037e-02 1.512948713e-02 1.546035563e-02
 1.571889886e-02 1.590116397e-02 1.600300760e-02 1.601989421e-02 1.594686841e-02
 1.577854370e-02 1.550922410e-02 1.513299767e-02 1.464392365e-02 1.403630397e-02
 1.330502378e-02 1.244619554e-02 1.145806336e-02 1.034256563e-02 9.107824809e-03
 7.772061027e-03 6.369404465e-03 4.957373333e-03 3.624048871e-03 2.488313279e-03
 1.681915107e-03 1.307744843e-03 1.393005550e-03 1.875099014e-03 2.640623898e-03
-4.405733278e-05-1.005494336e-04-1.809234089e-04-2.859062821e-04-4.158899975e-04
-5.704970679e-04-7.480596252e-04-9.406495480e-04-1.111122609e-03-1.279335712e-03
-1.401686838e-03-1.472844665e-03-1.512207424e-03-1.496828553e-03-1.381669238e-03
-1.132330057e-03-7.700492971e-04-2.936153356e-04 3.020192471e-04 1.016236719e-03
 1.844405560e-03 2.779528304e-03 3.799567329e-03 4.879153662e-03 5.989419653e-03
 7.100528261e-03 8.192422129e-03 9.258624657e-03 1.029607699e-02 1.129860037e-02
 1.225815100e-02 1.316739728e-02 1.402046414e-02 1.481290450e-02 1.554142325e-02
 1.620351140e-02 1.679704997e-02 1.731993142e-02 1.776975269e-02 1.814360937e-02
 1.843795652e-02 1.864848181e-02 1.876998463e-02 1.879628711e-02 1.872019225e-02
 1.853348339e-02 1.822694633e-02 1.779039030e-02 1.721264456e-02 1.648151375e-02
 1.558368974e-02 1.450464869e-02 1.322862595e-02 1.173889627e-02 1.001888038e-02
 8.055246514e-03 5.845624407e-03 3.416707940e-03 8.645452379e-04-1.566977003e-03
-3.401576768e-03-4.071812366e-03-3.417147267e-03-1.854766115e-03 8.022776767e-05
-5.094224777e-05-1.174257597e-04-2.140039979e-04-3.432017404e-04-5.072002188e-04
-7.071282423e-04-9.422880467e-04-1.203672330e-03-1.467381446e-03-1.741789664e-03
-2.000110114e-03-2.214923165e-03-2.381999022e-03-2.473649768e-03-2.455359191e-03
-2.292678866e-03-1.957006242e-03-1.429423569e-03-7.038844017e-04 2.106051621e-04
 1.295228738e-03 2.552625331e-03 3.926352133e-03 5.397127777e-03 6.914698111e-03
 8.352020296e-03 9.682989807e-03 1.095394612e-02 1.221279657e-02 1.342145904e-02
 1.456480623e-02 1.563387673e-02 1.662358747e-02 1.753154721e-02 1.835721924e-02
 1.910119788e-02 1.976454193e-02 2.034816602e-02 2.085230731e-02 2.127608423e-02
 2.161715605e-02 2.187148516e-02 2.203320058e-02 2.209455674e-02 2.204597245e-02
 2.187612185e-02 2.157203310e-02 2.111913444e-02 2.050117185e-02 1.969990567e-02
 1.869447216e-02 1.746025968e-02 1.596708271e-02 1.417631008e-02 1.203636585e-02
 9.475580457e-03 6.390575830e-03 2.626984391e-03-2.053336572e-03-8.033318277e-03
-1.710763149e-02-1.898937823e-02-1.237465496e-02-6.487048290e-03-2.072134726e-03
-5.022848415e-05-1.186104415e-04-2.227932119e-04-3.696288697e-04-5.660368141e-04
-8.178417429e-04-1.128470554e-03-1.491568935e-03-1.889851488e-03-2.330042921e-03
-2.798660020e-03-3.253170746e-03-3.679477142e-03-4.038341721e-03-4.268774892e-03
-4.295891720e-03-4.042887168e-03-3.451917021e-03-2.504393619e-03-1.227265190e-03
 3.198585515e-04 2.063746123e-03 3.928555538e-03 5.847073922e-03 7.759573769e-03
 9.615037661e-03 1.138306154e-02 1.305559418e-02 1.462715029e-02 1.609106177e-02
 1.744158030e-02 1.867609004e-02 1.979543942e-02 2.080345873e-02 2.170613573e-02
 2.251064351e-02 2.322433747e-02 2.385380425e-02 2.440402020e-02 2.487765744e-02
 2.527456307e-02 2.559142987e-02 2.582167065e-02 2.595549748e-02 2.598018880e-02
 2.588050164e-02 2.563915545e-02 2.523728288e-02 2.465471580e-02 2.386995354e-02
 2.285964097e-02 2.159735366e-02 2.005141478e-02 1.818129783e-02 1.593178926e-02
 1.322325725e-02 9.934531489e-03 5.870537461e-03 6.951252694e-04-6.237132910e-03
-1.600709019e-02-1.846264903e-02-1.094127493e-02-4.268537748e-03 5.032639583e-04
-3.129051256e-05-8.134042136e-05-1.698185310e-04-3.124006952e-04-5.256161055e-04
-8.245905964e-04-1.221214066e-03-1.721723016e-03-2.291610985e-03-2.964930032e-03
-3.730430606e-03-4.559562725e-03-5.437440318e-03-6.340081482e-03-7.177064341e-03
-7.772548172e-03-7.869716346e-03-7.230901385e-03-5.790932070e-03-3.702157962e-03
-1.223335673e-03 1.422400300e-03 4.094752006e-03 6.714880380e-03 9.236828854e-03
 1.163069212e-02 1.387536124e-02 1.595573461e-02 1.786152924e-02 1.958710792e-02
 2.113197786e-02 2.250123502e-02 2.370537430e-02 2.475933436e-02 2.568098110e-02
 2.648934690e-02 2.720289736e-02 2.783798776e-02 2.840757096e-02 2.892016557e-02
 2.937908980e-02 2.978199120e-02 3.012072635e-02 3.038164630e-02 3.054631350e-02
 3.059261968e-02 3.049620150e-02 3.023197763e-02 2.977557448e-02 2.910439078e-02
 2.819809192e-02 2.703843032e-02 2.560844766e-02 2.389132076e-02 2.186941370e-02
 1.952469900e-02 1.684321092e-02 1.383023638e-02 1.055406482e-02 7.264267618e-03
 4.632044907e-03 3.650648264e-03 4.497701688e-03 6.349057320e-03 8.463594388e-03
 2.724345228e-05 4.046645993e-05 2.123454949e-05-6.377444252e-05-2.504508151e-04
-5.721506540e-04-1.054246098e-03-1.703452117e-03-2.506773806e-03-3.468273401e-03
-4.579624956e-03-5.840377548e-03-7.286689303e-03-9.057716861e-03-1.135429391e-02
-1.394444061e-02-1.605270477e-02-1.554093043e-02-1.219208783e-02-7.314528880e-03
-2.718507758e-03 1.415052816e-03 5.181176056e-03 8.656713940e-03 1.188267073e-02
 1.487270560e-02 1.762265402e-02 2.011908757e-02 2.234721831e-02 2.429786225e-02
 2.597250582e-02 2.738550733e-02 2.856319562e-02 2.954061553e-02 3.035725600e-02
 3.105299503e-02 3.166492731e-02 3.222513294e-02 3.275909154e-02 3.328440243e-02
 3.380964412e-02 3.433344903e-02 3.484405184e-02 3.531961623e-02 3.572955851e-02
 3.603692574e-02 3.620170185e-02 3.618471482e-02 3.595160917e-02 3.547620086e-02
 3.474258542e-02 3.374571447e-02 3.249071784e-02 3.099181322e-02 2.927201891e-02
 2.736503311e-02 2.532060058e-02 2.321418116e-02 2.115943376e-02 1.931501002e-02
 1.786525896e-02 1.695930272e-02 1.664522184e-02 1.687576815e-02 1.748933283e-02
 1.659352967e-04 3.359587772e-04 5.010156967e-04 5.922103445e-04 5.317741513e-04
 2.449122573e-04-3.262501743e-04-1.203998197e-03-2.354918738e-03-3.734623844e-03
-5.235325450e-03-6.758512183e-03-8.255889688e-03-9.958859150e-03-1.227380868e-02
-1.553954009e-02-1.900118312e-02-1.833049628e-02-1.348232820e-02-6.413216222e-03
-8.084101486e-04 4.036621872e-03 8.422381173e-03 1.249316750e-02 1.630819443e-02
 1.987253142e-02 2.315401739e-02 2.609843643e-02 2.864810139e-02 3.076264425e-02
 3.243554475e-02 3.369942998e-02 3.461860345e-02 3.527412106e-02 3.574918617e-02
 3.611974827e-02 3.645074851e-02 3.679580976e-02 3.719774695e-02 3.768806550e-02
 3.828483969e-02 3.898959958e-02 3.978465589e-02 4.063227140e-02 4.147640119e-02
 4.224705223e-02 4.286712419e-02 4.326153765e-02 4.336776009e-02 4.314546808e-02
 4.258224553e-02 4.169326551e-02 4.051560910e-02 3.910029242e-02 3.750546866e-02
 3.579277530e-02 3.402679097e-02 3.227605194e-02 3.061318139e-02 2.911142172e-02
 2.783586351e-02 2.682512873e-02 2.617416905e-02 2.581262416e-02 2.568980558e-02
 4.522256883e-04 9.627656923e-04 1.555487647e-03 2.093518146e-03 2.400503390e-03
 2.293396952e-03 1.630874362e-03 3.399405297e-04-1.579297681e-03-4.091667495e-03
-6.749309434e-03-8.652174495e-03-9.309895572e-03-8.971110689e-03-8.429046605e-03
-7.826536988e-03-6.822140927e-03-4.997630685e-03-2.192073066e-03 1.400457377e-03
 5.433804200e-03 9.661002294e-03 1.397009853e-02 1.831498665e-02 2.265672259e-02
 2.692446619e-02 3.098828140e-02 3.465197904e-02 3.768854300e-02 3.992319008e-02
 4.131698873e-02 4.198499344e-02 4.213495566e-02 4.198179464e-02 4.169677769e-02
 4.140028737e-02 4.117634940e-02 4.109043103e-02 4.120197095e-02 4.156762229e-02
 4.223354166e-02 4.321993153e-02 4.450676720e-02 4.602872612e-02 4.767959927e-02
 4.932044971e-02 5.078873219e-02 5.191422343e-02 5.254892305e-02 5.260528398e-02
 5.208159026e-02 5.105543808e-02 4.964926006e-02 4.799159096e-02 4.619352157e-02
 4.434252638e-02 4.250598273e-02 4.073703174e-02 3.907895488e-02 3.756692364e-02
 3.622747557e-02 3.507886156e-02 3.417758684e-02 3.348409874e-02 3.295425888e-02
 9.527522217e-04 2.111816181e-03 3.626306919e-03 5.301845909e-03 6.702320412e-03
 7.139523643e-03 6.297090390e-03 4.387405344e-03 1.500782913e-03-2.687910720e-03
-8.004198470e-03-1.076848676e-02-1.022918223e-02-6.528612885e-03-3.821562647e-03
-1.644882044e-03 4.635335776e-04 2.780506477e-03 5.458743009e-03 8.555029228e-03
 1.206686682e-02 1.597428020e-02 2.026918615e-02 2.496503634e-02 3.008762664e-02
 3.563893440e-02 4.149731639e-02 4.719610851e-02 5.175065788e-02 5.418792059e-02
 5.431708147e-02 5.293544895e-02 5.101848755e-02 4.916722084e-02 4.755379717e-02
 4.621668998e-02 4.515787221e-02 4.436460375e-02 4.390492724e-02 4.389408979e-02
 4.451959411e-02 4.591994198e-02 4.808433811e-02 5.087513498e-02 5.406924346e-02
 5.743614090e-02 6.067897229e-02 6.336634012e-02 6.500264011e-02 6.525536322e-02
 6.419493803e-02 6.223871761e-02 5.985588181e-02 5.736460460e-02 5.492507976e-02
 5.261048054e-02 5.044993108e-02 4.845549031e-02 4.663334255e-02 4.498523972e-02
 4.351206338e-02 4.221483334e-02 4.112602152e-02 4.020899086e-02 3.944298312e-02
 1.596904178e-03 3.651865292e-03 6.622090995e-03 1.068293625e-02 1.580697955e-02
 1.741150295e-02 1.436210608e-02 1.126945908e-02 8.344644538e-03 5.379646342e-03
 2.714331071e-03 1.072868575e-03 8.635516157e-04 1.840311222e-03 3.333580252e-03
 5.040237572e-03 6.940518094e-03 9.087658139e-03 1.154348223e-02 1.436205150e-02
 1.759140072e-02 2.128443858e-02 2.551558214e-02 3.040422870e-02 3.615399420e-02
 4.313511570e-02 5.209874538e-02 6.489786411e-02 7.725285860e-02 8.044071241e-02
 7.390168216e-02 6.426218028e-02 5.850216007e-02 5.461216302e-02 5.178320884e-02
 4.960128194e-02 4.780496034e-02 4.618882721e-02 4.456491643e-02 4.291691875e-02
 4.257063942e-02 4.453961954e-02 4.871198665e-02 5.415955418e-02 5.991755010e-02
 6.622153257e-02 7.343472040e-02 8.109984086e-02 8.607328205e-02 8.594548045e-02
 8.068820278e-02 7.482270713e-02 7.002411649e-02 6.608985975e-02 6.277506801e-02
 5.991635199e-02 5.740890793e-02 5.518363627e-02 5.320057707e-02 5.142664878e-02
 4.984668183e-02 4.844937145e-02 4.722331664e-02 4.614097690e-02 4.517507594e-02
 2.140336198e-03 4.907845098e-03 8.913206725e-03 1.429928450e-02 2.069956374e-02
 2.283601504e-02 1.961798537e-02 1.676745925e-02 1.450291961e-02 1.264964687e-02
 1.119224874e-02 1.018699740e-02 9.725892816e-03 9.812996557e-03 1.038486572e-02
 1.136579424e-02 1.270561218e-02 1.438567394e-02 1.641059059e-02 1.879998018e-02
 2.158468651e-02 2.480758371e-02 2.852813896e-02 3.282992210e-02 3.782929665e-02
 4.367584585e-02 5.049191668e-02 5.797012367e-02 6.415991722e-02 6.663891534e-02
 6.503136995e-02 6.134182959e-02 5.781560248e-02 5.496280417e-02 5.270813092e-02
 5.089130831e-02 4.934531322e-02 4.788306215e-02 4.624605613e-02 4.405399263e-02
 4.322665779e-02 4.542663966e-02 5.086296841e-02 5.737579182e-02 6.383659544e-02
 7.090220410e-02 7.938816620e-02 9.019785561e-02 9.639746282e-02 9.564661019e-02
 8.790454682e-02 8.089021864e-02 7.570025631e-02 7.161357125e-02 6.823995795e-02
 6.536173871e-02 6.285093293e-02 6.062842943e-02 5.864310403e-02 5.686047560e-02
 5.525610363e-02 5.381131878e-02 5.251023986e-02 5.133839168e-02 5.028784134e-02
 2.484534398e-03 5.664356450e-03 1.019113654e-02 1.612147882e-02 2.298522487e-02
 2.531728300e-02 2.180786118e-02 2.000124189e-02 1.868717998e-02 1.756372814e-02
 1.661873444e-02 1.592255691e-02 1.552408798e-02 1.545147830e-02 1.571290473e-02
 1.630417124e-02 1.721754220e-02 1.844780649e-02 1.999474920e-02 2.186311725e-02
 2.406128947e-02 2.659906209e-02 2.948387332e-02 3.271343077e-02 3.626081347e-02
 4.004620790e-02 4.389235197e-02 4.748376709e-02 5.039725188e-02 5.231836866e-02
 5.316198475e-02 5.312479335e-02 5.258062445e-02 5.185169719e-02 5.113955500e-02
 5.054797796e-02 5.012835803e-02 4.992277273e-02 5.001187515e-02 5.056968605e-02
 5.186214672e-02 5.410253941e-02 5.729481273e-02 6.123019737e-02 6.563011466e-02
 7.023874904e-02 7.473079441e-02 7.855925321e-02 8.101776233e-02 8.165951417e-02
 8.063771716e-02 7.857281812e-02 7.608540787e-02 7.353866811e-02 7.109076501e-02
 6.879782980e-02 6.667313657e-02 6.471337210e-02 6.290940011e-02 6.125049362e-02
 5.972587449e-02 5.832515340e-02 5.703836880e-02 5.585603407e-02 5.477450783e-02
 2.696635303e-03 6.125823378e-03 1.096672114e-02 1.724315137e-02 2.441776642e-02
 2.701646225e-02 2.401891614e-02 2.266848207e-02 2.182523662e-02 2.103783417e-02
 2.036454849e-02 1.984337264e-02 1.950718763e-02 1.938205584e-02 1.948656861e-02
 1.983272747e-02 2.042767321e-02 2.127538830e-02 2.237774221e-02 2.373458987e-02
 2.534283062e-02 2.719433888e-02 2.927258167e-02 3.154772217e-02 3.397036797e-02
 3.646530061e-02 3.892882976e-02 4.123591582e-02 4.326211051e-02 4.491196227e-02
 4.618916604e-02 4.711446595e-02 4.776969792e-02 4.826886835e-02 4.872036565e-02
 4.921954604e-02 4.984917134e-02 5.068560979e-02 5.180534646e-02 5.328505926e-02
 5.518961333e-02 5.754927180e-02 6.033683720e-02 6.345781537e-02 6.675508694e-02
 7.001941143e-02 7.300319954e-02 7.544835332e-02 7.713783000e-02 7.795805099e-02
 7.793518641e-02 7.721587775e-02 7.600359421e-02 7.449336719e-02 7.283666159e-02
 7.113625830e-02 6.945572708e-02 6.783149631e-02 6.628265965e-02 6.481773367e-02
 6.343896001e-02 6.214493163e-02 6.093215773e-02 5.979577544e-02 5.871875358e-02
 2.845900074e-03 6.453725100e-03 1.152715735e-02 1.807498248e-02 2.555924821e-02
 2.850037912e-02 2.573377566e-02 2.473992955e-02 2.413643671e-02 2.356748087e-02
 2.305228313e-02 2.262005219e-02 2.229843910e-02 2.211182371e-02 2.208049057e-02
 2.222038711e-02 2.254326550e-02 2.305694656e-02 2.376545784e-02 2.466886458e-02
 2.576269607e-02 2.703695409e-02 2.847479086e-02 3.005109576e-02 3.173146455e-02
 3.347231282e-02 3.522308150e-02 3.693126015e-02 3.855005054e-02 4.004697577e-02
 4.140953985e-02 4.264953805e-02 4.381618124e-02 4.494059599e-02 4.607569125e-02
 4.727113325e-02 4.860253337e-02 5.012291576e-02 5.188591991e-02 5.393179310e-02
 5.627255794e-02 5.892003279e-02 6.185840788e-02 6.503244316e-02 6.833104622e-02
 7.156242340e-02 7.445692323e-02 7.675510605e-02 7.828458545e-02 7.898143686e-02
 7.890192007e-02 7.822179244e-02 7.716494892e-02 7.590288346e-02 7.454190289e-02
 7.314665303e-02 7.175682516e-02 7.039644681e-02 6.907941018e-02 6.781302449e-02
 6.660037103e-02 6.544186706e-02 6.433629747e-02 6.328172812e-02 6.228630710e-02
 2.971690145e-03 6.732867340e-03 1.201024033e-02 1.880077238e-02 2.655932338e-02
 2.978591581e-02 2.728394940e-02 2.644879061e-02 2.601986285e-02 2.555957045e-02
 2.509763267e-02 2.466420868e-02 2.428750969e-02 2.399245090e-02 2.380017693e-02
 2.372801538e-02 2.378958331e-02 2.399490276e-02 2.435044064e-02 2.485901940e-02
 2.551959314e-02 2.632694788e-02 2.727142625e-02 2.833883294e-02 2.951072726e-02
 3.076532228e-02 3.207912926e-02 3.342934883e-02 3.479676319e-02 3.616861255e-02
 3.754081810e-02 3.891897416e-02 4.031837213e-02 4.176579546e-02 4.328964870e-02
 4.491856491e-02 4.669588404e-02 4.865969598e-02 5.084670331e-02 5.328834718e-02
 5.600761085e-02 5.903380348e-02 6.239905649e-02 6.614223281e-02 7.032754617e-02
 7.514001729e-02 7.950130039e-02 8.258329530e-02 8.422820046e-02 8.433895080e-02
 8.293875197e-02 8.079326828e-02 7.908429316e-02 7.759161441e-02 7.623177221e-02
 7.496182186e-02 7.375737605e-02 7.260420421e-02 7.149371751e-02 7.042045032e-02
 6.938067474e-02 6.837165753e-02 6.739126995e-02 6.643761773e-02 6.550142814e-02
 3.095343257e-03 7.012077992e-03 1.250509297e-02 1.956560956e-02 2.760986488e-02
 3.109301696e-02 2.889622083e-02 2.823015815e-02 2.783231857e-02 2.733249482e-02
 2.678789481e-02 2.623949517e-02 2.571795846e-02 2.524756326e-02 2.484823125e-02
 2.453654085e-02 2.432624423e-02 2.422853808e-02 2.425219577e-02 2.440352719e-02
 2.468619159e-02 2.510107088e-02 2.564624129e-02 2.631710843e-02 2.710679747e-02
 2.800691372e-02 2.900843541e-02 3.010275720e-02 3.128289100e-02 3.254465090e-02
 3.388763949e-02 3.531585227e-02 3.683778650e-02 3.846606272e-02 4.021672885e-02
 4.210873476e-02 4.416350873e-02 4.640437035e-02 4.885650326e-02 5.154811669e-02
 5.451302636e-02 5.779423940e-02 6.144929525e-02 6.556260396e-02 7.026572122e-02
 7.569956563e-02 8.058973789e-02 8.388421790e-02 8.559025987e-02 8.565858408e-02
 8.402475361e-02 8.169172512e-02 7.993333329e-02 7.854774627e-02 7.738410983e-02
 7.635374067e-02 7.540357330e-02 7.450129409e-02 7.362707291e-02 7.276877259e-02
 7.191908720e-02 7.107379194e-02 7.023065963e-02 6.938884661e-02 6.855139382e-02
 3.219614110e-03 7.299320990e-03 1.303371333e-02 2.043261064e-02 2.898260261e-02
 3.321892727e-02 3.175581929e-02 3.066748231e-02 2.983723651e-02 2.902785062e-02
 2.822598585e-02 2.744146157e-02 2.668703365e-02 2.597604999e-02 2.532170820e-02
 2.473670700e-02 2.423306731e-02 2.382205067e-02 2.351458601e-02 2.332116322e-02
 2.325056323e-02 2.330973991e-02 2.350370047e-02 2.383538783e-02 2.430552692e-02
 2.491451166e-02 2.566239967e-02 2.654859887e-02 2.757238624e-02 2.873347440e-02
 3.003272814e-02 3.147264614e-02 3.305721649e-02 3.479181320e-02 3.668308091e-02
 3.873864294e-02 4.096678097e-02 4.337620516e-02 4.597617295e-02 4.877783908e-02
 5.180134606e-02 5.509965437e-02 5.871131428e-02 6.263233825e-02 6.688801081e-02
 7.145019626e-02 7.563399166e-02 7.866783761e-02 8.043428103e-02 8.079628238e-02
 8.026420574e-02 7.964404163e-02 7.899864794e-02 7.840128092e-02 7.784025355e-02
 7.729679890e-02 7.675330882e-02 7.619626449e-02 7.561645964e-02 7.500836913e-02
 7.436934212e-02 7.369884682e-02 7.299782626e-02 7.226832090e-02 7.152131917e-02
 3.326369008e-03 7.546660290e-03 1.349007299e-02 2.118203942e-02 3.010645289e-02
 3.483421176e-02 3.396908433e-02 3.261518706e-02 3.144948214e-02 3.032342288e-02
 2.923681371e-02 2.818243454e-02 2.716036835e-02 2.617549461e-02 2.523555295e-02
 2.434998263e-02 2.352924737e-02 2.278614216e-02 2.213503464e-02 2.159005781e-02
 2.116479384e-02 2.087200669e-02 2.072341199e-02 2.072949296e-02 2.089938905e-02
 2.124092664e-02 2.176049271e-02 2.246277890e-02 2.335043796e-02 2.442348817e-02
 2.568181215e-02 2.712758890e-02 2.876123772e-02 3.058196610e-02 3.258877958e-02
 3.477990395e-02 3.715222059e-02 3.970054142e-02 4.241612598e-02 4.528346117e-02
 4.826968880e-02 5.142047633e-02 5.491712529e-02 5.852074996e-02 6.213687232e-02
 6.562650693e-02 6.881740580e-02 7.154872379e-02 7.372240708e-02 7.533019721e-02
 7.645068690e-02 7.720392360e-02 7.769728483e-02 7.800326759e-02 7.816436781e-02
 7.820422343e-02 7.813614815e-02 7.796848645e-02 7.770762452e-02 7.735951546e-02
 7.693033484e-02 7.642665859e-02 7.585539568e-02 7.522335519e-02 7.452177816e-02
 3.397694509e-03 7.708100894e-03 1.377648678e-02 2.162338027e-02 3.071865934e-02
 3.560197447e-02 3.483656473e-02 3.350698340e-02 3.222492108e-02 3.093810876e-02
 2.964778751e-02 2.835994040e-02 2.708063398e-02 2.581695586e-02 2.457731474e-02
 2.337142618e-02 2.221254686e-02 2.111748064e-02 2.010400873e-02 1.919054809e-02
 1.839580738e-02 1.773843447e-02 1.723665788e-02 1.690792646e-02 1.676855204e-02
 1.683335343e-02 1.711528407e-02 1.762504735e-02 1.837072505e-02 1.935746479e-02
 2.058734910e-02 2.205899691e-02 2.376633144e-02 2.569695061e-02 2.784535128e-02
 3.020307913e-02 3.275865186e-02 3.549852868e-02 3.840637092e-02 4.146275775e-02
 4.464482951e-02 4.792290225e-02 5.121309213e-02 5.475073642e-02 5.830714996e-02
 6.169830591e-02 6.487421745e-02 6.777421996e-02 7.035159466e-02 7.258370401e-02
 7.447276587e-02 7.603925426e-02 7.731229738e-02 7.832179544e-02 7.909436653e-02
 7.965248885e-02 8.001526267e-02 8.019957902e-02 8.022109728e-02 8.009485378e-02
 7.983552917e-02 7.945747374e-02 7.897460089e-02 7.840047502e-02 7.775892234e-02
 3.433028500e-03 7.785554572e-03 1.390745059e-02 2.181238586e-02 3.099037602e-02
 3.596840356e-02 3.510513727e-02 3.375305105e-02 3.238906877e-02 3.096606531e-02
 2.949574748e-02 2.798909345e-02 2.645633998e-02 2.490762787e-02 2.335353183e-02
 2.180782975e-02 2.028939458e-02 1.881884152e-02 1.741834526e-02 1.611137735e-02
 1.492236536e-02 1.387628422e-02 1.299818745e-02 1.231268742e-02 1.184339528e-02
 1.161233252e-02 1.163932567e-02 1.194140052e-02 1.253219469e-02 1.342140519e-02
 1.461427407e-02 1.611108317e-02 1.790666534e-02 1.999007106e-02 2.234470898e-02
 2.494633011e-02 2.776993785e-02 3.079814407e-02 3.400943076e-02 3.738007736e-02
 4.088401030e-02 4.449296153e-02 4.817672393e-02 5.189864176e-02 5.560616852e-02
 5.923543909e-02 6.272461671e-02 6.601943343e-02 6.907483866e-02 7.185635412e-02
 7.434067450e-02 7.651505803e-02 7.837580526e-02 7.992645672e-02 8.117620625e-02
 8.213869458e-02 8.283109159e-02 8.327329833e-02 8.348715142e-02 8.349560154e-02
 8.332190359e-02 8.298888104e-02 8.251831637e-02 8.193038289e-02 8.123946818e-02
 3.441148957e-03 7.801536878e-03 1.392977949e-02 2.183461314e-02 3.096410656e-02
 3.583092274e-02 3.502950260e-02 3.362006189e-02 3.213568477e-02 3.055436594e-02
 2.888840217e-02 2.714894474e-02 2.534692846e-02 2.349341483e-02 2.160186231e-02
 1.969249569e-02 1.778787777e-02 1.591290862e-02 1.409471421e-02 1.236241001e-02
 1.074674439e-02 9.279625797e-03 7.993542222e-03 6.920885480e-03 6.093197766e-03
 5.540362226e-03 5.289763446e-03 5.365446238e-03 5.787301762e-03 6.570308005e-03
 7.723847185e-03 9.251115074e-03 1.114863537e-02 1.340589509e-02 1.600507640e-02
 1.892081643e-02 2.212029414e-02 2.556226735e-02 2.921005169e-02 3.303747509e-02
 3.701593526e-02 4.111375435e-02 4.529523627e-02 4.951964132e-02 5.374066498e-02
 5.790717883e-02 6.196513100e-02 6.585985148e-02 6.953831331e-02 7.295133698e-02
 7.605577862e-02 7.881662196e-02 8.120878753e-02 8.321841506e-02 8.484337723e-02
 8.609286449e-02 8.698603675e-02 8.754992317e-02 8.781689655e-02 8.782210125e-02
 8.760116258e-02 8.718838631e-02 8.661551946e-02 8.591097262e-02 8.509849656e-02
 3.430862167e-03 7.776489428e-03 1.388075752e-02 2.174937314e-02 3.084898663e-02
 3.569679312e-02 3.473679979e-02 3.322261798e-02 3.158235360e-02 2.981346319e-02
 2.792504103e-02 2.592671832e-02 2.382844279e-02 2.164125078e-02 1.938508858e-02
 1.708291815e-02 1.476083852e-02 1.244811974e-02 1.017710490e-02 7.982967674e-03
 5.903314772e-03 3.977630645e-03 2.246569766e-03 7.511102687e-04-4.684082090e-04
-1.373331275e-03-1.927782850e-03-2.099761396e-03-1.862194333e-03-1.193907512e-03
-8.047226248e-05 1.485099114e-03 3.501827711e-03 5.960416551e-03 8.843066260e-03
 1.212342733e-02 1.576666809e-02 1.972959125e-02 2.396100836e-02 2.839975203e-02
 3.301863699e-02 3.778688288e-02 4.267018198e-02 4.762943517e-02 5.261965243e-02
 5.758909810e-02 6.247885786e-02 6.722306467e-02 7.175013633e-02 7.598543734e-02
 7.985562395e-02 8.329447934e-02 8.624940239e-02 8.868717906e-02 9.059756793e-02
 9.199370050e-02 9.290917362e-02 9.339263892e-02 9.350129125e-02 9.329470415e-02
 9.283002051e-02 9.215887544e-02 9.132591551e-02 9.036872424e-02 8.932823564e-02
 3.408641929e-03 7.724920686e-03 1.378575038e-02 2.159466525e-02 3.060940189e-02
 3.534314591e-02 3.427680284e-02 3.263274395e-02 3.081155441e-02 2.882840125e-02
 2.669044992e-02 2.440512963e-02 2.198039733e-02 1.943263338e-02 1.678340152e-02
 1.405812293e-02 1.128628760e-02 8.501536192e-03 5.741589392e-03 3.047999526e-03
 4.657067213e-04-1.957609298e-03-4.172379601e-03-6.128183810e-03-7.774947013e-03
-9.064254605e-03-9.950732593e-03-1.039343287e-02-1.035715920e-02-9.813671258e-03
-8.742711119e-03-7.132808887e-03-4.981841098e-03-2.297334929e-03 9.034662400e-04
 4.593742031e-03 8.737384331e-03 1.328936128e-02 1.819604930e-02 2.339540722e-02
 2.881742168e-02 3.443276763e-02 4.021497526e-02 4.613240204e-02 5.214576882e-02
 5.820503794e-02 6.424574415e-02 7.018531725e-02 7.592066128e-02 8.132915572e-02
 8.627563290e-02 9.062662865e-02 9.426993165e-02 9.713395040e-02 9.920038670e-02
 1.005058421e-01 1.011318959e-01 1.011873109e-01 1.007886412e-01 1.000449867e-01
 9.904943301e-02 9.787643645e-02 9.658293295e-02 9.521083403e-02 9.377404794e-02
 3.379002640e-03 7.656854598e-03 1.366213295e-02 2.139677455e-02 3.030162053e-02
 3.488298837e-02 3.374602113e-02 3.191388447e-02 2.989118764e-02 2.767278092e-02
 2.526282334e-02 2.266597529e-02 1.989249248e-02 1.696078585e-02 1.389366187e-02
 1.071872765e-02 7.468688067e-03 4.181500229e-03 9.003458306e-04-2.326612356e-03
-5.446716814e-03-8.403560370e-03-1.113799171e-02-1.358936592e-02-1.569700614e-02
-1.740182377e-02-1.864802853e-02-1.938484705e-02-1.956816233e-02-1.916198751e-02
-1.813969560e-02-1.648494344e-02-1.419225001e-02-1.126721600e-02-7.726399152e-03
-3.596888179e-03 1.084358137e-03 6.271319919e-03 1.190977591e-02 1.793809720e-02
 2.428782452e-02 3.088801147e-02 3.772859607e-02 4.479721969e-02 5.207578763e-02
 5.953489742e-02 6.712509084e-02 7.476369371e-02 8.231706931e-02 8.958260780e-02
 9.628476398e-02 1.021066931e-01 1.067607025e-01 1.100647384e-01 1.119890776e-01
 1.126607589e-01 1.123236632e-01 1.112649903e-01 1.097441574e-01 1.079575912e-01
 1.060381787e-01 1.040696424e-01 1.021020377e-01 1.001639433e-01 9.828018075e-02
 3.345218537e-03 7.579537994e-03 1.352238579e-02 2.117454368e-02 3.001300199e-02
 3.454618331e-02 3.311718758e-02 3.112120115e-02 2.888448598e-02 2.641706014e-02
 2.372046808e-02 2.079722377e-02 1.766113511e-02 1.433070210e-02 1.082968421e-02
 7.187618920e-03 3.440231373e-03-3.703179248e-04-4.195397492e-03-7.980127854e-03
-1.166390105e-02-1.518122147e-02-1.846287483e-02-2.143741024e-02-2.403289550e-02
-2.617888102e-02-2.780848471e-02-2.886049277e-02-2.928136093e-02-2.902700085e-02
-2.806424616e-02-2.637191292e-02-2.394139787e-02-2.077679115e-02-1.689451565e-02
-1.232253828e-02-7.099225943e-03-1.271940648e-03 5.104517255e-03 1.196950011e-02
 1.925801507e-02 2.690190290e-02 3.486612409e-02 4.317370132e-02 5.185282599e-02
 6.093475298e-02 7.044783257e-02 8.040265167e-02 9.075550076e-02 1.013161244e-01
 1.115447978e-01 1.204359046e-01 1.270166495e-01 1.307773723e-01 1.316602112e-01
 1.301014330e-01 1.270221806e-01 1.233887481e-01 1.197334759e-01 1.162597562e-01
 1.130277246e-01 1.100403300e-01 1.072786125e-01 1.047166402e-01 1.023281066e-01
 3.309925152e-03 7.498858758e-03 1.337681072e-02 2.094325218e-02 2.963737679e-02
 3.396394436e-02 3.250184551e-02 3.030563810e-02 2.785021696e-02 2.512959178e-02
 2.214147711e-02 1.889073802e-02 1.539061554e-02 1.165960328e-02 7.722223187e-03
 3.609715572e-03-6.394025803e-04-4.978967336e-03-9.355045784e-03-1.370612022e-02
-1.796362835e-02-2.205289455e-02-2.589446558e-02-2.940583699e-02-3.250352514e-02
-3.510540726e-02-3.713322171e-02-3.851509671e-02-3.918796133e-02-3.909969064e-02
-3.821084891e-02-3.649591958e-02-3.394394615e-02-3.055855034e-02-2.635733688e-02
-2.137073322e-02-1.564034163e-02-9.216895960e-03-2.157912778e-03 5.474896502e-03
 1.361843248e-02 2.221131712e-02 3.119754189e-02 4.061448737e-02 5.054339852e-02
 6.109678611e-02 7.243204254e-02 8.477364268e-02 9.845366521e-02 1.140081636e-01
 1.325644839e-01 1.487013446e-01 1.591674057e-01 1.632995869e-01 1.608898345e-01
 1.530122846e-01 1.424958328e-01 1.345512298e-01 1.281835430e-01 1.229174143e-01
 1.184581652e-01 1.146054715e-01 1.112174227e-01 1.081908070e-01 1.054438489e-01
 3.275441739e-03 7.420054934e-03 1.323470934e-02 2.071782163e-02 2.931482134e-02
 3.353286353e-02 3.189244454e-02 2.951286154e-02 2.684585910e-02 2.388021949e-02
 2.061058578e-02 1.704413628e-02 1.319309778e-02 9.075626669e-03 4.716700632e-03
 1.489489783e-04-4.586647033e-03-9.440257160e-03-1.435298397e-02-1.925699675e-02
-2.407608187e-02-2.872665677e-02-3.311926973e-02-3.716057431e-02-4.075572902e-02
-4.381113228e-02-4.623736402e-02-4.795217440e-02-4.888334099e-02-4.897121195e-02
-4.817076706e-02-4.645305875e-02-4.380594000e-02-4.023403838e-02-3.575798991e-02
-3.041299467e-02-2.424679248e-02-1.731717475e-02-9.689145329e-03-1.431814143e-03
 7.384949481e-03 1.669416177e-02 2.643585605e-02 3.659382442e-02 4.726350023e-02
 5.857959066e-02 7.073575262e-02 8.401808276e-02 9.886322344e-02 1.159598504e-01
 1.368682817e-01 1.533737266e-01 1.690344884e-01 1.713693576e-01 1.679845322e-01
 1.588620457e-01 1.467529926e-01 1.378410372e-01 1.308798125e-01 1.252580314e-01
 1.205819732e-01 1.165924535e-01 1.131137314e-01 1.100234398e-01 1.072454233e-01
 3.243866361e-03 7.347892926e-03 1.310460411e-02 2.051148981e-02 2.903222423e-02
 3.316973630e-02 3.131262637e-02 2.878688104e-02 2.592626751e-02 2.273524697e-02
 1.920954916e-02 1.535520159e-02 1.118355860e-02 6.712391018e-03 1.966953771e-03
-3.019017981e-03-8.202454225e-03-1.353031802e-02-1.893928334e-02-2.435580983e-02
-2.969669309e-02-3.487015037e-02-3.977747326e-02-4.431524021e-02-4.837803632e-02
-5.186157888e-02-5.466610050e-02-5.669980292e-02-5.788217100e-02-5.814693075e-02
-5.744445203e-02-5.574343375e-02-5.303176374e-02-4.931651110e-02-4.462307640e-02
-3.899358734e-02-3.248467607e-02-2.516480391e-02-1.711130831e-02-8.407334006e-03
 8.612181614e-04 1.060863428e-02 2.075217491e-02 3.121472018e-02 4.201501389e-02
 5.322677647e-02 6.493951715e-02 7.725710539e-02 9.028550471e-02 1.040759870e-01
 1.182163235e-01 1.304066960e-01 1.397498302e-01 1.449149134e-01 1.454208786e-01
 1.419690101e-01 1.365272307e-01 1.313382554e-01 1.267279384e-01 1.226555223e-01
 1.190372486e-01 1.157907620e-01 1.128453195e-01 1.101429696e-01 1.076226547e-01
 3.217064181e-03 7.286630155e-03 1.299414707e-02 2.033613243e-02 2.874535494e-02
 3.271694366e-02 3.086057866e-02 2.817112460e-02 2.514499858e-02 2.176212025e-02
 1.801863385e-02 1.391929429e-02 9.474526132e-03 4.701614230e-03-3.740980357e-04
-5.718074328e-03-1.128559477e-02-1.702100097e-02-2.285727621e-02-2.871606132e-02
-3.450819842e-02-4.013487501e-02-4.548940934e-02-5.045967462e-02-5.493110739e-02
-5.879018912e-02-6.192823518e-02-6.424528008e-02-6.565381937e-02-6.608216153e-02
-6.547716252e-02-6.380615931e-02-6.105798334e-02-5.724301266e-02-5.239230343e-02
-4.655591710e-02-3.980062125e-02-3.220718419e-02-2.386750497e-02-1.488182417e-02
-5.356255775e-03 4.599120698e-03 1.487134450e-02 2.534448302e-02 3.591617541e-02
 4.658605733e-02 5.733501992e-02 6.810765554e-02 7.878258405e-02 8.912936076e-02
 9.877386714e-02 1.072358412e-01 1.140550082e-01 1.189151470e-01 1.217426512e-01
 1.227533110e-01 1.223874829e-01 1.211401196e-01 1.194021953e-01 1.174215604e-01
 1.153389667e-01 1.132302201e-01 1.111345854e-01 1.090715221e-01 1.070575723e-01
 3.196605963e-03 7.239861073e-03 1.290981713e-02 2.020248240e-02 2.857990329e-02
 3.254363521e-02 3.048292071e-02 2.770004626e-02 2.454817760e-02 2.101851943e-02
 1.710833293e-02 1.282134346e-02 8.167176374e-03 3.162652620e-03-2.166908193e-03
-7.786443938e-03-1.365005095e-02-1.970012978e-02-2.586688503e-02-3.206829094e-02
-3.821062622e-02-4.418966125e-02-4.989254668e-02-5.520040542e-02-5.999157231e-02
-6.414536328e-02-6.754619419e-02-7.008781905e-02-7.167742405e-02-7.223930642e-02
-7.171788780e-02-7.007986124e-02-6.731534381e-02-6.343799469e-02-5.848415182e-02
-5.251112554e-02-4.559485818e-02-3.782720608e-02-2.931312418e-02-2.016803513e-02
-1.051565119e-02-4.864967355e-04 9.782639011e-03 2.014810075e-02 3.045739478e-02
 4.062959246e-02 5.061222550e-02 6.032402330e-02 6.964887569e-02 7.843371595e-02
 8.649579161e-02 9.364356319e-02 9.970916020e-02 1.045831445e-01 1.082398753e-01
 1.107437149e-01 1.122322650e-01 1.128829143e-01 1.128772578e-01 1.123765014e-01
 1.115114016e-01 1.103824963e-01 1.090649369e-01 1.076142649e-01 1.060751443e-01
 3.183691289e-03 7.210332194e-03 1.285656632e-02 2.011793222e-02 2.843563225e-02
 3.231129983e-02 3.025961585e-02 2.740317382e-02 2.417171877e-02 2.054952698e-02
 1.653420835e-02 1.212879645e-02 7.342378747e-03 2.191448701e-03-3.298724728e-03
-9.092782432e-03-1.514410545e-02-2.139389546e-02-2.777062129e-02-3.418995032e-02
-4.055527597e-02-4.675893122e-02-5.268414324e-02-5.820773366e-02-6.320350890e-02
-6.754621728e-02-7.111588457e-02-7.380228462e-02-7.550926618e-02-7.615864836e-02
-7.569341954e-02-7.408002701e-02-7.130962323e-02-6.739822867e-02-6.238587096e-02
-5.633485114e-02-4.932736153e-02-4.146272693e-02-3.285455983e-02-2.362811031e-02
-1.391805620e-02-3.866923017e-03 6.375751266e-03 1.665348545e-02 2.680226041e-02
 3.668816287e-02 4.625867202e-02 5.544333478e-02 6.415502394e-02 7.229384303e-02
 7.975445482e-02 8.643675234e-02 9.225846534e-02 9.716707600e-02 1.011479960e-01
 1.042266861e-01 1.064641324e-01 1.079471733e-01 1.087766236e-01 1.090562522e-01
 1.088845707e-01 1.083499441e-01 1.075285039e-01 1.064837728e-01 1.052580710e-01
 3.179085778e-03 7.199796895e-03 1.283755266e-02 2.008768605e-02 2.838439308e-02
 3.222622327e-02 3.018463985e-02 2.729775647e-02 2.403856279e-02 2.038415768e-02
 1.633216052e-02 1.188538511e-02 7.052743942e-03 1.850622724e-03-3.695723659e-03
-9.550829906e-03-1.566782471e-02-2.198748759e-02-2.843767613e-02-3.493324496e-02
-4.137657034e-02-4.765877296e-02-5.366169567e-02-5.926064235e-02-6.432782151e-02
-6.873637030e-02-7.236476691e-02-7.510138361e-02-7.684889577e-02-7.752825357e-02
-7.708194543e-02-7.547633646e-02-7.270294512e-02-6.877861817e-02-6.374466546e-02
-5.766510926e-02-5.062427689e-02-4.272401259e-02-3.408079995e-02-2.482307147e-02
-1.508893701e-02-5.024493097e-03 5.217219942e-03 1.547666676e-02 2.558787681e-02
 3.540048619e-02 4.486419419e-02 5.391405953e-02 6.247290255e-02 7.045567654e-02
 7.777593848e-02 8.435400385e-02 9.012572418e-02 9.505033406e-02 9.911573436e-02
 1.023400353e-01 1.047690713e-01 1.064706020e-01 1.075266478e-01 1.080256059e-01
 1.080554699e-01 1.076988699e-01 1.070300570e-01 1.061138145e-01 1.050165338e-01
 3.183076983e-03 7.208922034e-03 1.285400369e-02 2.011389612e-02 2.845874673e-02
 3.238806947e-02 3.023085627e-02 2.739022719e-02 2.415733477e-02 2.053296659e-02
 1.651507118e-02 1.210671937e-02 7.317022207e-03 2.162495113e-03-3.331567469e-03
-9.129773775e-03-1.518546228e-02-2.143978011e-02-2.782112809e-02-3.424509150e-02
-4.061496759e-02-4.682298032e-02-5.275223693e-02-5.827943143e-02-6.327823866e-02
-6.762327580e-02-7.119444240e-02-7.388139488e-02-7.558787619e-02-7.623561237e-02
-7.576751026e-02-7.414994309e-02-7.137398961e-02-6.745558668e-02-6.243465490e-02
-5.637334869e-02-4.935365559e-02-4.147461781e-02-3.284946830e-02-2.360296503e-02
-1.386917437e-02-3.789901941e-03 6.486099591e-03 1.680310304e-02 2.699762801e-02
 3.693812848e-02 4.657192468e-02 5.582721428e-02 6.461386047e-02 7.282704529e-02
 8.035484081e-02 8.708979379e-02 9.294301154e-02 9.785769714e-02 1.018184999e-01
 1.048538765e-01 1.070307378e-01 1.084432096e-01 1.091991068e-01 1.094077616e-01
 1.091713835e-01 1.085803166e-01 1.077113917e-01 1.066280340e-01 1.053707685e-01
 3.195433678e-03 7.237181904e-03 1.290498334e-02 2.019468303e-02 2.853900966e-02
 3.243461870e-02 3.047659874e-02 2.767693879e-02 2.452087561e-02 2.098665847e-02
 1.707129359e-02 1.277850662e-02 8.117940700e-03 3.106445689e-03-2.230616073e-03
-7.858122493e-03-1.373008937e-02-1.978881327e-02-2.596436932e-02-3.217457601e-02
-3.832553065e-02-4.431279898e-02-5.002330809e-02-5.533794443e-02-6.013480109e-02
-6.429295529e-02-6.769659589e-02-7.023926915e-02-7.182797837e-02-7.238686497e-02
-7.186021992e-02-7.021462352e-02-6.744008491e-02-6.355014100e-02-5.858096756e-02
-5.258964110e-02-4.565176067e-02-3.785868643e-02-2.931467572e-02-2.013420022e-02
-1.043971579e-02-3.601399103e-04 9.969719070e-03 2.040853187e-02 3.080635145e-02
 4.108818459e-02 5.120380527e-02 6.107209638e-02 7.057287728e-02 7.954242673e-02
 8.777972275e-02 9.506963400e-02 1.012211564e-01 1.061091451e-01 1.097051460e-01
 1.120851677e-01 1.134090283e-01 1.138790142e-01 1.136969619e-01 1.130365509e-01
 1.120340633e-01 1.107909550e-01 1.093808283e-01 1.078566652e-01 1.062614792e-01
 3.215405429e-03 7.282851458e-03 1.298736121e-02 2.032551485e-02 2.874676988e-02
 3.275496751e-02 3.082226488e-02 2.813797936e-02 2.510634229e-02 2.171670336e-02
 1.796564682e-02 1.385793822e-02 9.404021100e-03 4.621217660e-03-4.650694385e-04
-5.820219036e-03-1.139939728e-02-1.714679959e-02-2.299522891e-02-2.886611121e-02
-3.467004086e-02-4.030792876e-02-4.567279423e-02-5.065219811e-02-5.513126203e-02
-5.899616202e-02-6.213792960e-02-6.445634799e-02-6.586370206e-02-6.628813416e-02
-6.567637696e-02-6.399567842e-02-6.123479909e-02-5.740404008e-02-5.253434160e-02
-4.667556827e-02-3.989415821e-02-3.227035455e-02-2.389525826e-02-1.486794366e-02
-5.292871065e-03 4.722171736e-03 1.506734325e-02 2.563090207e-02 3.631932436e-02
 4.714122312e-02 5.808889354e-02 6.911989763e-02 8.012348671e-02 9.086524619e-02
 1.009302680e-01 1.097580695e-01 1.168071734e-01 1.217013226e-01 1.243486920e-01
 1.250099944e-01 1.242220594e-01 1.225732979e-01 1.204987376e-01 1.182512650e-01
 1.159620934e-01 1.136950551e-01 1.114787929e-01 1.093241935e-01 1.072397673e-01
 3.241781050e-03 7.343153080e-03 1.309611752e-02 2.049812254e-02 2.900514200e-02
 3.312131625e-02 3.128885493e-02 2.874614664e-02 2.587782234e-02 2.267814140e-02
 1.914286835e-02 1.527803922e-02 1.109504119e-02 6.611699867e-03 1.853350627e-03
-3.146161040e-03-8.343621054e-03-1.368581174e-02-1.910918814e-02-2.453995334e-02
-2.989461160e-02-3.508105991e-02-4.000024928e-02-4.454840873e-02-4.861977871e-02
-5.210975164e-02-5.491827006e-02-5.695329416e-02-5.813412647e-02-5.839437590e-02
-5.768436057e-02-5.597278588e-02-5.324758953e-02-4.951591065e-02-4.480320835e-02
-3.915161681e-02-3.261767213e-02-2.526957453e-02-1.718415600e-02-8.443706841e-03
 8.672213720e-04 1.066497073e-02 2.086988825e-02 3.140942821e-02 4.231148475e-02
 5.366238785e-02 6.557166780e-02 7.817673615e-02 9.164463396e-02 1.061601565e-01
 1.217029463e-01 1.347254787e-01 1.449639940e-01 1.502584699e-01 1.501561962e-01
 1.454952270e-01 1.386560984e-01 1.327478042e-01 1.276929935e-01 1.233254469e-01
 1.195037710e-01 1.161136902e-01 1.130652669e-01 1.102884421e-01 1.077161051e-01
 3.272968765e-03 7.414444624e-03 1.322468885e-02 2.070204334e-02 2.928200056e-02
 3.346356439e-02 3.185566944e-02 2.946510090e-02 2.678899374e-02 2.381320884e-02
 2.053244091e-02 1.695392676e-02 1.308995369e-02 8.958757610e-03 4.585421426e-03
 2.710346946e-06-4.748224046e-03-9.617344258e-03-1.454550798e-02-1.946460367e-02
-2.429810519e-02-2.896209339e-02-3.336676631e-02-3.741842708e-02-4.102189941e-02
-4.408327960e-02-4.651289539e-02-4.822831065e-02-4.915719556e-02-4.923987855e-02
-4.843141049e-02-4.670300272e-02-4.404274523e-02-4.045556463e-02-3.596243614e-02
-3.059891262e-02-2.441306966e-02-1.746298376e-02-9.813856054e-03-1.534864459e-03
 7.304231545e-03 1.663680814e-02 2.640363203e-02 3.658890565e-02 4.729059571e-02
 5.864732499e-02 7.085892762e-02 8.422148309e-02 9.918680663e-02 1.164561082e-01
 1.369632642e-01 1.548121991e-01 1.664282497e-01 1.710961639e-01 1.683176353e-01
 1.591334771e-01 1.472079801e-01 1.381213064e-01 1.310378701e-01 1.253335661e-01
 1.206011017e-01 1.165725019e-01 1.130666475e-01 1.099578141e-01 1.071674334e-01
 3.307074824e-03 7.492405134e-03 1.336531320e-02 2.092539827e-02 2.964548118e-02
 3.403199184e-02 3.243721545e-02 3.025109743e-02 2.778593437e-02 2.505414868e-02
 2.205371412e-02 1.878983428e-02 1.527582099e-02 1.153026860e-02 7.577827353e-03
 3.449895968e-03-8.148174126e-04-5.169923584e-03-9.561230691e-03-1.392693127e-02
-1.819814820e-02-2.229987474e-02-2.615232225e-02-2.967266133e-02-3.277711093e-02
-3.538329674e-02-3.741277005e-02-3.879355393e-02-3.946256912e-02-3.936779066e-02
-3.846999782e-02-3.674400602e-02-3.417930486e-02-3.078006947e-02-2.656455621e-02
-2.156393325e-02-1.582062669e-02-9.386279448e-03-2.319419791e-03 5.317084815e-03
 1.345875783e-02 2.204245216e-02 3.100964655e-02 4.039210742e-02 5.026585827e-02
 6.073458885e-02 7.194052053e-02 8.408123399e-02 9.743974262e-02 1.124682485e-01
 1.306957270e-01 1.472980892e-01 1.585908445e-01 1.607152544e-01 1.581098603e-01
 1.508188676e-01 1.408171057e-01 1.333911593e-01 1.273396513e-01 1.222733390e-01
 1.179458573e-01 1.141836702e-01 1.108603013e-01 1.078817371e-01 1.051702503e-01
 3.341960543e-03 7.572177838e-03 1.350931096e-02 2.115407394e-02 2.994970130e-02
 3.440523244e-02 3.308372666e-02 3.106104491e-02 2.881297221e-02 2.633356691e-02
 2.362397864e-02 2.068704481e-02 1.753671342e-02 1.419162162e-02 1.067568454e-02
 7.018619482e-03 3.256358324e-03-5.687032353e-04-4.407671013e-03-8.205378938e-03
-1.190091514e-02-1.542847242e-02-1.871852992e-02-2.169935048e-02-2.429875334e-02
-2.644609677e-02-2.807438188e-02-2.912237151e-02-2.953660772e-02-2.927321158e-02
-2.829935916e-02-2.659434836e-02-2.415020018e-02-2.097177190e-02-1.707639593e-02
-1.249309181e-02-7.261427720e-03-1.430130268e-03 4.944443739e-03 1.179984211e-02
 1.906889944e-02 2.668083010e-02 3.459441413e-02 4.282749022e-02 5.140095818e-02
 6.033553076e-02 6.964412986e-02 7.931489041e-02 8.927337729e-02 9.930018109e-02
 1.088893682e-01 1.172133571e-01 1.234651759e-01 1.271917172e-01 1.283437137e-01
 1.273004124e-01 1.248171533e-01 1.216867683e-01 1.184072504e-01 1.152079260e-01
 1.121774875e-01 1.093402987e-01 1.066924161e-01 1.042183591e-01 1.019006900e-01
 3.375245790e-03 7.648392265e-03 1.364715645e-02 2.137359059e-02 3.027387347e-02
 3.485915234e-02 3.368200941e-02 3.184577488e-02 2.981151717e-02 2.758060919e-02
 2.515746493e-02 2.254673342e-02 1.975913573e-02 1.681324218e-02 1.373203050e-02
 1.054329568e-02 7.279953093e-03 3.980193853e-03 6.874558289e-04-2.549824071e-03
-5.678703293e-03-8.642488675e-03-1.138175461e-02-1.383560858e-02-1.594316967e-02
-1.764520672e-02-1.888586671e-02-1.961441114e-02-1.978687215e-02-1.936754091e-02
-1.833020989e-02-1.665910687e-02-1.434948105e-02-1.140782844e-02-7.851771837e-03
-3.709637405e-03 9.802055947e-04 6.170154547e-03 1.180422615e-02 1.781884635e-02
 2.414349915e-02 3.070299626e-02 3.748382721e-02 4.446991311e-02 5.163891625e-02
 5.895682538e-02 6.636980133e-02 7.379257370e-02 8.109397159e-02 8.808414410e-02
 9.451514449e-02 1.001098055e-01 1.046194589e-01 1.078864003e-01 1.098832845e-01
 1.107169428e-01 1.105950484e-01 1.097664747e-01 1.084631073e-01 1.068679381e-01
 1.051105393e-01 1.032765043e-01 1.014197084e-01 9.957283791e-02 9.776328504e-02
 3.404191427e-03 7.714939293e-03 1.376819170e-02 2.156769894e-02 3.058993352e-02
 3.534676803e-02 3.421305820e-02 3.255468168e-02 3.072093950e-02 2.872498107e-02
 2.657395388e-02 2.427530427e-02 2.183700959e-02 1.927607774e-02 1.661421556e-02
 1.387701899e-02 1.109417570e-02 8.299546873e-03 5.531093707e-03 2.830624103e-03
 2.433414385e-04-2.182813437e-03-4.398024592e-03-6.351652612e-03-7.993446739e-03
-9.274875795e-03-1.015052492e-02-1.057949712e-02-1.052675506e-02-9.964340167e-03
-8.872413610e-03-7.240076036e-03-5.065939738e-03-2.358446763e-03 8.640539527e-04
 4.573434571e-03 8.732069814e-03 1.329320587e-02 1.820135716e-02 2.339256263e-02
 2.879439777e-02 3.437475970e-02 4.010490848e-02 4.595120352e-02 5.187295804e-02
 5.781966261e-02 6.372781294e-02 6.951791825e-02 7.509286572e-02 8.033945920e-02
 8.513508322e-02 8.936027958e-02 9.291542834e-02 9.573705197e-02 9.780846700e-02
 9.916119046e-02 9.986670958e-02 1.000215911e-01 9.973098522e-02 9.909520789e-02
 9.820166692e-02 9.712181891e-02 9.591151412e-02 9.461278300e-02 9.324139090e-02
 3.425331952e-03 7.764146295e-03 1.385919594e-02 2.171640303e-02 3.078038241e-02
 3.555991933e-02 3.466341152e-02 3.312898376e-02 3.147584315e-02 2.969409227e-02
 2.779299627e-02 2.578223898e-02 2.367172477e-02 2.147307501e-02 1.920641509e-02
 1.689486826e-02 1.456471514e-02 1.224542717e-02 9.969568405e-03 7.772548397e-03
 5.692217383e-03 3.768301750e-03 2.041685537e-03 5.535523094e-04-6.555894105e-04
-1.546965620e-03-2.084642664e-03-2.236636136e-03-1.975978096e-03-1.281699866e-03
-1.396932936e-04 1.456577129e-03 3.505527792e-03 5.997078791e-03 8.912430255e-03
 1.222397582e-02 1.589533823e-02 1.988144667e-02 2.412884591e-02 2.857508022e-02
 3.318983160e-02 3.793947762e-02 4.278729469e-02 4.769274860e-02 5.261076283e-02
 5.749101209e-02 6.227742006e-02 6.690822972e-02 7.131708075e-02 7.543545489e-02
 7.919662169e-02 8.254081847e-02 8.542089763e-02 8.780727989e-02 8.969100274e-02
 9.108404773e-02 9.201684830e-02 9.253363878e-02 9.268680033e-02 9.253141549e-02
 9.212090601e-02 9.150412300e-02 9.072382750e-02 8.981647515e-02 8.882253023e-02
 3.433846432e-03 7.785293558e-03 1.390155424e-02 2.179203451e-02 3.092963757e-02
 3.583648446e-02 3.492378166e-02 3.350324665e-02 3.200603167e-02 3.041183014e-02
 2.873406200e-02 2.698383269e-02 2.517196464e-02 2.330937553e-02 2.141013009e-02
 1.949456285e-02 1.758536993e-02 1.570762244e-02 1.388864592e-02 1.215777555e-02
 1.054598975e-02 9.085427738e-03 7.808799429e-03 6.748700847e-03 5.936852398e-03
 5.403282200e-03 5.175480084e-03 5.277550404e-03 5.729392531e-03 6.545935216e-03
 7.736444484e-03 9.303919242e-03 1.124458686e-02 1.354750522e-02 1.619426340e-02
 1.915865377e-02 2.240665671e-02 2.589477390e-02 2.958621819e-02 3.345101141e-02
 3.745582592e-02 4.156329636e-02 4.573228870e-02 4.991888462e-02 5.407754944e-02
 5.816150354e-02 6.212262833e-02 6.591209838e-02 6.948208781e-02 7.278806330e-02
 7.579111791e-02 7.846002349e-02 8.077283097e-02 8.271789351e-02 8.429419392e-02
 8.551089241e-02 8.638610613e-02 8.694506441e-02 8.721789971e-02 8.723738298e-02
 8.703687994e-02 8.664871231e-02 8.610299676e-02 8.542685024e-02 8.464136528e-02
 3.422852972e-03 7.762903552e-03 1.386810508e-02 2.175298809e-02 3.088743193e-02
 3.580093545e-02 3.498293604e-02 3.360760044e-02 3.222398659e-02 3.078887488e-02
 2.930888164e-02 2.779457352e-02 2.625574480e-02 2.470215864e-02 2.314412228e-02
 2.159611279e-02 2.007711882e-02 1.860792245e-02 1.721090343e-02 1.590975783e-02
 1.472914460e-02 1.369426712e-02 1.283039761e-02 1.216235276e-02 1.171393158e-02
 1.150732664e-02 1.156252148e-02 1.189668943e-02 1.252361178e-02 1.345313154e-02
 1.469064939e-02 1.623662232e-02 1.808607868e-02 2.022830571e-02 2.264686916e-02
 2.531724017e-02 2.821699341e-02 3.132821056e-02 3.462819634e-02 3.809004996e-02
 4.168089003e-02 4.535957896e-02 4.907388694e-02 5.276501902e-02 5.638723185e-02
 5.990355039e-02 6.327073009e-02 6.644215818e-02 6.937567820e-02 7.203871033e-02
 7.441014465e-02 7.647976222e-02 7.824626930e-02 7.971504829e-02 8.089632952e-02
 8.180395747e-02 8.245458611e-02 8.286706053e-02 8.306181678e-02 8.306024046e-02
 8.288400456e-02 8.255444159e-02 8.209200251e-02 8.151575870e-02 8.084116140e-02
 3.383258263e-03 7.675628102e-03 1.371933981e-02 2.153602345e-02 3.059359596e-02
 3.543105981e-02 3.465189242e-02 3.327897236e-02 3.200274745e-02 3.070838841e-02
 2.941453378e-02 2.812566069e-02 2.684669558e-02 2.558413768e-02 2.434615875e-02
 2.314244583e-02 2.198728560e-02 2.089775455e-02 1.989191011e-02 1.898843589e-02
 1.820628881e-02 1.756434321e-02 1.708103168e-02 1.677398621e-02 1.665968453e-02
 1.675310455e-02 1.706736993e-02 1.761337962e-02 1.839945725e-02 1.943107212e-02
 2.071074262e-02 2.223757389e-02 2.400604938e-02 2.600470861e-02 2.823109463e-02
 3.067881490e-02 3.333947666e-02 3.620336457e-02 3.925843969e-02 4.248893261e-02
 4.587357901e-02 4.937401973e-02 5.299666964e-02 5.637392155e-02 5.960588260e-02
 6.278376914e-02 6.579341956e-02 6.854590246e-02 7.098113177e-02 7.307216153e-02
 7.482320255e-02 7.625955563e-02 7.741474650e-02 7.832118534e-02 7.900623752e-02
 7.949195586e-02 7.979634674e-02 7.993487750e-02 7.992166639e-02 7.977022034e-02
 7.949377879e-02 7.910538197e-02 7.861778393e-02 7.804351652e-02 7.740456450e-02
 3.307077456e-03 7.502302631e-03 1.340935150e-02 2.105290556e-02 2.995076100e-02
 3.468101312e-02 3.366582950e-02 3.231551755e-02 3.113248676e-02 3.001941479e-02
 2.894609828e-02 2.790302595e-02 2.689034842e-02 2.591351785e-02 2.498089579e-02
 2.410247082e-02 2.328917509e-02 2.255519467e-02 2.191529375e-02 2.138391288e-02
 2.097487900e-02 2.070115053e-02 2.057459574e-02 2.060581543e-02 2.080403660e-02
 2.117713109e-02 2.173157931e-02 2.247220767e-02 2.340184214e-02 2.452070419e-02
 2.582964273e-02 2.733165917e-02 2.902833393e-02 3.092054499e-02 3.300982808e-02
 3.529784142e-02 3.778641696e-02 4.047792095e-02 4.337615632e-02 4.648915431e-02
 4.983998962e-02 5.330300028e-02 5.666059218e-02 6.010236322e-02 6.356296513e-02
 6.693189028e-02 7.002801167e-02 7.265073704e-02 7.467847155e-02 7.610198703e-02
 7.702431227e-02 7.759794554e-02 7.794020743e-02 7.812170660e-02 7.818139047e-02
 7.813925263e-02 7.800531967e-02 7.778516831e-02 7.748292812e-02 7.710272839e-02
 7.664926784e-02 7.612792297e-02 7.554462869e-02 7.490540757e-02 7.420091296e-02
 3.197853172e-03 7.248596666e-03 1.293911127e-02 2.027403816e-02 2.869524704e-02
 3.269367158e-02 3.098373251e-02 3.014931030e-02 2.942846948e-02 2.866904941e-02
 2.789648695e-02 2.713121950e-02 2.639068259e-02 2.569078870e-02 2.504632387e-02
 2.447104586e-02 2.397770519e-02 2.357807828e-02 2.328446783e-02 2.310755344e-02
 2.305626004e-02 2.313763441e-02 2.335672949e-02 2.371649826e-02 2.421766251e-02
 2.486006647e-02 2.564386024e-02 2.656854056e-02 2.763353428e-02 2.883882932e-02
 3.018579690e-02 3.167767494e-02 3.331945883e-02 3.511786232e-02 3.708125001e-02
 3.921942545e-02 4.154339590e-02 4.406515771e-02 4.679742329e-02 4.975246299e-02
 5.293522415e-02 5.632542743e-02 5.992822767e-02 6.381223889e-02 6.805215792e-02
 7.285764937e-02 7.736537910e-02 8.050946937e-02 8.206683974e-02 8.198384827e-02
 8.093808967e-02 8.003805362e-02 7.923074794e-02 7.851000913e-02 7.785563314e-02
 7.723953373e-02 7.663819361e-02 7.603441436e-02 7.541662641e-02 7.477771268e-02
 7.411389564e-02 7.342382075e-02 7.270784505e-02 7.196768031e-02 7.121468361e-02
 3.075682047e-03 6.966966820e-03 1.242327147e-02 1.943531889e-02 2.743170329e-02
 3.088448793e-02 2.862345516e-02 2.788499462e-02 2.749954224e-02 2.700608001e-02
 2.646874964e-02 2.592686050e-02 2.541131934e-02 2.494714119e-02 2.455499197e-02
 2.425207354e-02 2.405262931e-02 2.396824179e-02 2.400804484e-02 2.417850938e-02
 2.448335099e-02 2.492341053e-02 2.549663516e-02 2.619821548e-02 2.702097535e-02
 2.795614282e-02 2.899435401e-02 3.012671046e-02 3.134602649e-02 3.264806942e-02
 3.403258974e-02 3.550394965e-02 3.707123747e-02 3.874778251e-02 4.055024431e-02
 4.249801504e-02 4.461263736e-02 4.691643498e-02 4.943137155e-02 5.217901177e-02
 5.518284460e-02 5.847481920e-02 6.210661236e-02 6.616492164e-02 7.079232259e-02
 7.615414173e-02 8.099313450e-02 8.423227844e-02 8.588425264e-02 8.590078547e-02
 8.417943566e-02 8.175130172e-02 7.992855426e-02 7.849638589e-02 7.729357082e-02
 7.622806791e-02 7.524578979e-02 7.431422473e-02 7.341356227e-02 7.253168707e-02
 7.166125092e-02 7.079790896e-02 6.993922864e-02 6.908397127e-02 6.823265577e-02
 2.956248305e-03 6.698174782e-03 1.194926788e-02 1.870770775e-02 2.643476338e-02
 2.963318421e-02 2.704623910e-02 2.622852800e-02 2.575890816e-02 2.527668710e-02
 2.479898834e-02 2.435457776e-02 2.397117507e-02 2.367356598e-02 2.348291214e-02
 2.341657085e-02 2.348814579e-02 2.370759772e-02 2.408129446e-02 2.461191956e-02
 2.529825042e-02 2.613484337e-02 2.711172826e-02 2.821427502e-02 2.942345236e-02
 3.071671599e-02 3.206969270e-02 3.345866107e-02 3.486357229e-02 3.627105725e-02
 3.767673559e-02 3.908613066e-02 4.051445771e-02 4.199170917e-02 4.354585917e-02
 4.520042026e-02 4.700465488e-02 4.899507193e-02 5.120642035e-02 5.366445583e-02
 5.637927074e-02 5.937269187e-02 6.266762229e-02 6.628753388e-02 7.026039089e-02
 7.465102961e-02 7.860449682e-02 8.138292236e-02 8.294676152e-02 8.322985479e-02
 8.213817354e-02 8.034807288e-02 7.878163362e-02 7.735113658e-02 7.601599044e-02
 7.475070246e-02 7.353998925e-02 7.237476173e-02 7.124944181e-02 7.016033929e-02
 6.910474537e-02 6.808045837e-02 6.708554543e-02 6.611807711e-02 6.516998562e-02
 2.833847551e-03 6.426919588e-03 1.148055551e-02 1.800428397e-02 2.544598494e-02
 2.831711125e-02 2.560359770e-02 2.452791756e-02 2.389703980e-02 2.329227714e-02
 2.274603099e-02 2.228905903e-02 2.194977711e-02 2.175291844e-02 2.171872304e-02
 2.186276822e-02 2.219624025e-02 2.272634028e-02 2.345653530e-02 2.438644872e-02
 2.551129102e-02 2.682081972e-02 2.829791724e-02 2.991702899e-02 3.164295016e-02
 3.343077204e-02 3.522802956e-02 3.697989194e-02 3.863729213e-02 4.016624989e-02
 4.155324885e-02 4.280766226e-02 4.400046380e-02 4.514234495e-02 4.628986117e-02
 4.749411465e-02 4.883234997e-02 5.035802345e-02 5.212277133e-02 5.416297524e-02
 5.648436072e-02 5.909352944e-02 6.196991914e-02 6.505316539e-02 6.823019940e-02
 7.132119201e-02 7.408850529e-02 7.629702607e-02 7.778361740e-02 7.848629531e-02
 7.845623547e-02 7.784768277e-02 7.685220621e-02 7.562881894e-02 7.428674747e-02
 7.289670279e-02 7.150346017e-02 7.013458378e-02 6.880625546e-02 6.752720846e-02
 6.630137747e-02 6.512966303e-02 6.401109503e-02 6.294384334e-02 6.193652628e-02
 2.686088953e-03 6.102781970e-03 1.092752721e-02 1.718500939e-02 2.436835974e-02
 2.700754448e-02 2.387368623e-02 2.248643899e-02 2.156899773e-02 2.072671135e-02
 2.000523890e-02 1.944526517e-02 1.908198242e-02 1.894232326e-02 1.904427340e-02
 1.939824394e-02 2.000945360e-02 2.088015875e-02 2.201098647e-02 2.340111528e-02
 2.504729659e-02 2.694168822e-02 2.906831583e-02 3.139789656e-02 3.388107032e-02
 3.644129566e-02 3.897123195e-02 4.133952421e-02 4.341440335e-02 4.509596357e-02
 4.639395958e-02 4.732865631e-02 4.798318613e-02 4.847810891e-02 4.892516955e-02
 4.942047876e-02 5.004577139e-02 5.087550919e-02 5.198442000e-02 5.344855291e-02
 5.533350986e-02 5.767068536e-02 6.043329678e-02 6.352704416e-02 6.679654618e-02
 7.003617101e-02 7.300093877e-02 7.543057969e-02 7.710145350e-02 7.789450590e-02
 7.783640437e-02 7.707907760e-02 7.583128234e-02 7.429057575e-02 7.260855171e-02
 7.088704043e-02 6.918848398e-02 6.754837361e-02 6.598512689e-02 6.450680517e-02
 6.311535341e-02 6.180917336e-02 6.058465015e-02 5.943681048e-02 5.834642131e-02
 2.472105127e-03 5.638044117e-03 1.014917018e-02 1.606626282e-02 2.289289019e-02
 2.516093881e-02 2.169076151e-02 1.981444227e-02 1.837943686e-02 1.716104591e-02
 1.613613680e-02 1.537950386e-02 1.494620477e-02 1.486460809e-02 1.513777525e-02
 1.575453001e-02 1.670116050e-02 1.796864211e-02 1.955496748e-02 2.146454103e-02
 2.370640440e-02 2.629188229e-02 2.923094876e-02 3.252513728e-02 3.615267704e-02
 4.003890679e-02 4.400665654e-02 4.772539131e-02 5.073758099e-02 5.270263352e-02
 5.352939292e-02 5.343591957e-02 5.283261905e-02 5.206159814e-02 5.132682679e-02
 5.072646868e-02 5.030370965e-02 5.009126776e-02 5.016080775e-02 5.068522442e-02
 5.194644846e-02 5.417946966e-02 5.739034992e-02 6.135563351e-02 6.579372569e-02
 7.046473190e-02 7.505752119e-02 7.900049870e-02 8.151109323e-02 8.208182416e-02
 8.089221426e-02 7.864606702e-02 7.601783628e-02 7.337584820e-02 7.086603460e-02
 6.853254098e-02 6.638030442e-02 6.440074729e-02 6.258151660e-02 6.090994488e-02
 5.937409620e-02 5.796290641e-02 5.666604095e-02 5.547386411e-02 5.438414857e-02
 2.119820752e-03 4.862356515e-03 8.836101072e-03 1.419217241e-02 2.058497376e-02
 2.277713995e-02 1.965076596e-02 1.659819401e-02 1.415273354e-02 1.208320413e-02
 1.043971124e-02 9.326192013e-03 8.841299155e-03 8.972129207e-03 9.619313005e-03
 1.067834839e-02 1.208710658e-02 1.382566387e-02 1.590106837e-02 1.833570270e-02
 2.116257672e-02 2.442643208e-02 2.818929356e-02 3.253977432e-02 3.760545278e-02
 4.356215116e-02 5.059518387e-02 5.850866481e-02 6.514266468e-02 6.769949599e-02
 6.576883887e-02 6.167009476e-02 5.796200840e-02 5.505418632e-02 5.280217481e-02
 5.101618204e-02 4.951576147e-02 4.810407134e-02 4.650112052e-02 4.411693763e-02
 4.307434124e-02 4.524430319e-02 5.099674083e-02 5.758453105e-02 6.400527419e-02
 7.106537479e-02 7.970093124e-02 9.204712809e-02 9.849702033e-02 9.742174970e-02
 8.822630171e-02 8.080880260e-02 7.547420390e-02 7.132320601e-02 6.791637433e-02
 6.501901407e-02 6.249601146e-02 6.026479286e-02 5.827236647e-02 5.648316844e-02
 5.487212226e-02 5.342023531e-02 5.211154022e-02 5.093160635e-02 4.987169229e-02
 1.566460748e-03 3.578730325e-03 6.479168567e-03 1.042617790e-02 1.538880336e-02
 1.699507202e-02 1.394891335e-02 1.084339357e-02 7.726022803e-03 4.395744992e-03
 1.232284995e-03-6.774949769e-04-7.261868520e-04 6.696672707e-04 2.449795935e-03
 4.309836227e-03 6.297043934e-03 8.500698592e-03 1.100034006e-02 1.385690454e-02
 1.711891301e-02 2.083643212e-02 2.507944950e-02 2.996144644e-02 3.567637239e-02
 4.257308623e-02 5.133942710e-02 6.361636374e-02 7.546021317e-02 7.858896472e-02
 7.257028251e-02 6.355526963e-02 5.809053577e-02 5.437481493e-02 5.167745256e-02
 4.961323398e-02 4.793852081e-02 4.646857517e-02 4.505535246e-02 4.375163246e-02
 4.362247430e-02 4.554198693e-02 4.942044473e-02 5.447839576e-02 5.993947208e-02
 6.593563197e-02 7.269802066e-02 7.963453791e-02 8.416115839e-02 8.400195365e-02
 7.942510223e-02 7.400734651e-02 6.940205119e-02 6.556158603e-02 6.229674317e-02
 5.946684902e-02 5.697684599e-02 5.476164616e-02 5.278499575e-02 5.101319559e-02
 4.943290365e-02 4.803199790e-02 4.680010286e-02 4.571039450e-02 4.473768707e-02
 9.252512361e-04 2.046134702e-03 3.499921921e-03 5.084505867e-03 6.372939632e-03
 6.779518892e-03 5.999793292e-03 4.146030694e-03 1.297144857e-03-2.869861733e-03
-8.210653954e-03-1.099675552e-02-1.062149064e-02-6.857214569e-03-4.232345970e-03
-2.130897375e-03-7.793976039e-05 2.215810142e-03 4.905851333e-03 8.037911985e-03
 1.159074882e-02 1.552695112e-02 1.982597855e-02 2.449177543e-02 2.953952634e-02
 3.495644156e-02 4.060632028e-02 4.604187053e-02 5.039119125e-02 5.281256322e-02
 5.314352285e-02 5.205299266e-02 5.040985383e-02 4.876622829e-02 4.731799917e-02
 4.611920128e-02 4.517929347e-02 4.450214952e-02 4.414641566e-02 4.422042169e-02
 4.488281292e-02 4.624950547e-02 4.831189882e-02 5.094418732e-02 5.394753083e-02
 5.710080282e-02 6.011827335e-02 6.259994026e-02 6.409674084e-02 6.431384343e-02
 6.331084029e-02 6.145490958e-02 5.916966136e-02 5.675455520e-02 5.437045974e-02
 5.209453171e-02 4.996089694e-02 4.798528088e-02 4.617597178e-02 4.453688069e-02
 4.306974633e-02 4.177667531e-02 4.068085568e-02 3.975440690e-02 3.898104131e-02
 4.388567740e-04 9.333647410e-04 1.506335859e-03 2.026380969e-03 2.327558948e-03
 2.240509113e-03 1.635749644e-03 4.507469018e-04-1.282122528e-03-3.486678748e-03
-5.775339608e-03-7.535412334e-03-8.368144760e-03-8.497396117e-03-8.402491095e-03
-8.185987572e-03-7.475054229e-03-5.767291196e-03-2.888764384e-03 8.698093131e-04
 5.046590426e-03 9.355434402e-03 1.369073977e-02 1.801895556e-02 2.231062042e-02
 2.650307525e-02 3.047765769e-02 3.405630718e-02 3.703555134e-02 3.926015525e-02
 4.069584185e-02 4.144541115e-02 4.169657659e-02 4.164743545e-02 4.145988088e-02
 4.125061904e-02 4.110246580e-02 4.107961250e-02 4.123865662e-02 4.163154175e-02
 4.229902022e-02 4.325750594e-02 4.448680430e-02 4.592547644e-02 4.747427508e-02
 4.900323902e-02 5.036056546e-02 5.138817640e-02 5.194942984e-02 5.196343789e-02
 5.142755451e-02 5.041177346e-02 4.902845985e-02 4.739771491e-02 4.562546110e-02
 4.379685139e-02 4.197872655e-02 4.022459227e-02 3.857846537e-02 3.707635767e-02
 3.574556054e-02 3.460132642e-02 3.369984947e-02 3.299974662e-02 3.246098440e-02
 1.648026925e-04 3.349934114e-04 5.035373942e-04 6.051839742e-04 5.669610906e-04
 3.194876339e-04-1.897073034e-04-9.776241015e-04-2.018518754e-03-3.271765614e-03
-4.657694932e-03-6.104407148e-03-7.615915581e-03-9.403171210e-03-1.188252083e-02
-1.571614807e-02-1.993150135e-02-1.937306852e-02-1.411031769e-02-6.440361225e-03
-6.964313245e-04 4.158679767e-03 8.512316631e-03 1.253265295e-02 1.628763164e-02
 1.978753082e-02 2.300546689e-02 2.589342223e-02 2.840006781e-02 3.048983587e-02
 3.215783843e-02 3.343473557e-02 3.438026066e-02 3.506997318e-02 3.558200722e-02
 3.598822640e-02 3.635037388e-02 3.671940442e-02 3.713570635e-02 3.762856864e-02
 3.821431844e-02 3.889364093e-02 3.964929770e-02 4.044546934e-02 4.122939582e-02
 4.193542904e-02 4.249141537e-02 4.282719734e-02 4.288434863e-02 4.262505782e-02
 4.203739496e-02 4.113515902e-02 3.995288787e-02 3.853874522e-02 3.694838752e-02
 3.524163385e-02 3.348196600e-02 3.173744733e-02 3.008071619e-02 2.858537810e-02
 2.731714235e-02 2.632057852e-02 2.566203550e-02 2.529467939e-02 2.516909610e-02
 3.285560273e-05 5.426010593e-05 4.851361907e-05-1.580092112e-05-1.723859032e-04
-4.524670783e-04-8.801810750e-04-1.464709738e-03-2.182694254e-03-3.053090436e-03
-4.066855335e-03-5.221862967e-03-6.544546596e-03-8.134884856e-03-1.006196891e-02
-1.213239893e-02-1.356968348e-02-1.298879056e-02-1.014421125e-02-6.001468520e-03
-1.815574723e-03 2.084707783e-03 5.699272032e-03 9.063435096e-03 1.219884157e-02
 1.510992953e-02 1.778879890e-02 2.022152455e-02 2.239446710e-02 2.429989875e-02
 2.594010637e-02 2.732914462e-02 2.849196632e-02 2.946149472e-02 3.027475379e-02
 3.096913610e-02 3.157942241e-02 3.213564024e-02 3.266152665e-02 3.317330726e-02
 3.367864435e-02 3.417581483e-02 3.465333947e-02 3.509032978e-02 3.545774782e-02
 3.572063370e-02 3.584118605e-02 3.578239360e-02 3.551172286e-02 3.500423764e-02
 3.424458219e-02 3.322757709e-02 3.195769010e-02 3.044816488e-02 2.872095278e-02
 2.680876320e-02 2.476054857e-02 2.265127642e-02 2.059456446e-02 1.874968456e-02
 1.730241931e-02 1.640362264e-02 1.609556950e-02 1.632432911e-02 1.693141466e-02
-2.291154824e-05-6.177161582e-05-1.334933773e-04-2.528112058e-04-4.352228371e-04
-6.948646139e-04-1.042579905e-03-1.479002546e-03-1.985458794e-03-2.578959464e-03
-3.252702732e-03-3.973756148e-03-4.724365958e-03-5.474506340e-03-6.134919945e-03
-6.551010274e-03-6.513704689e-03-5.837986000e-03-4.471586677e-03-2.527653401e-03
-2.083682010e-04 2.297364212e-03 4.856964987e-03 7.385680302e-03 9.827501715e-03
 1.214395785e-02 1.431000441e-02 1.631148877e-02 1.814177657e-02 1.979865179e-02
 2.128348616e-02 2.260174808e-02 2.376326658e-02 2.478169625e-02 2.567331122e-02
 2.645546076e-02 2.714498286e-02 2.775675926e-02 2.830249165e-02 2.878972138e-02
 2.922110451e-02 2.959397102e-02 2.990021589e-02 3.012656942e-02 3.025526743e-02
 3.026509033e-02 3.013267408e-02 2.983392881e-02 2.934534913e-02 2.864498504e-02
 2.771287965e-02 2.653087764e-02 2.508185559e-02 2.334862137e-02 2.131302203e-02
 1.895639523e-02 1.626398939e-02 1.324001125e-02 9.951232650e-03 6.646349056e-03
 4.001448084e-03 3.017754478e-03 3.869290512e-03 5.735777931e-03 7.862127226e-03
-4.129429852e-05-9.808527201e-05-1.854967022e-04-3.099359811e-04-4.778343257e-04
-6.945312206e-04-9.629723877e-04-1.276178460e-03-1.616970586e-03-1.991163073e-03
-2.382536543e-03-2.755091934e-03-3.091617925e-03-3.355219343e-03-3.490661943e-03
-3.432220660e-03-3.114304608e-03-2.488033308e-03-1.536758564e-03-2.808110071e-04
 1.233465389e-03 2.948484464e-03 4.797317558e-03 6.713502336e-03 8.612597069e-03
 1.041010746e-02 1.208059058e-02 1.362978192e-02 1.508750060e-02 1.645268606e-02
 1.771904740e-02 1.888181375e-02 1.993961866e-02 2.089430603e-02 2.175010855e-02
 2.251264966e-02 2.318792864e-02 2.378137063e-02 2.429699259e-02 2.473671797e-02
 2.509986203e-02 2.538280330e-02 2.557885039e-02 2.567830301e-02 2.566868890e-02
 2.553513417e-02 2.526079663e-02 2.482726192e-02 2.421477723e-02 2.340217563e-02
 2.236632406e-02 2.108089456e-02 1.951418317e-02 1.762552827e-02 1.535949973e-02
 1.263620864e-02 9.334263978e-03 5.258602871e-03 7.407188797e-05-6.850626208e-03
-1.643072885e-02-1.883903593e-02-1.162691214e-02-4.910766629e-03-1.240473227e-04
-4.253413606e-05-9.826845425e-05-1.795761305e-04-2.888308009e-04-4.280614573e-04
-5.982616129e-04-7.989010567e-04-1.026288552e-03-1.238113931e-03-1.462665903e-03
-1.664526081e-03-1.815191794e-03-1.919198736e-03-1.947971889e-03-1.868603243e-03
-1.649524338e-03-1.265912533e-03-7.013480419e-04 5.056092560e-05 9.849434594e-04
 2.091721309e-03 3.366669462e-03 4.781919781e-03 6.331153223e-03 7.889597584e-03
 9.297255269e-03 1.053522481e-02 1.163216811e-02 1.274541098e-02 1.384193528e-02
 1.489284591e-02 1.588307470e-02 1.680406256e-02 1.765110921e-02 1.842198082e-02
 1.911594578e-02 1.973299717e-02 2.027319050e-02 2.073608167e-02 2.112026661e-02
 2.142302552e-02 2.164007199e-02 2.176540426e-02 2.179125083e-02 2.170809334e-02
 2.150473762e-02 2.116838883e-02 2.068467225e-02 2.003752602e-02 1.920887600e-02
 1.817798043e-02 1.692029554e-02 1.540564549e-02 1.359535246e-02 1.143774397e-02
 8.861012207e-03 5.761593456e-03 1.984765727e-03-2.709175229e-03-8.722548864e-03
-1.763249522e-02-1.947164857e-02-1.305186278e-02-7.152190425e-03-2.720452086e-03
-3.659525357e-05-8.363473072e-05-1.507443489e-04-2.386921007e-04-3.479849929e-04
-4.784830483e-04-6.285724037e-04-7.869214136e-04-9.263586028e-04-1.043094725e-03
-1.119613898e-03-1.152922960e-03-1.150949721e-03-1.100364232e-03-9.486111820e-04
-6.437456916e-04-2.397711896e-04 2.700016965e-04 8.932157532e-04 1.630466883e-03
 2.478135197e-03 3.435184538e-03 4.475603216e-03 5.569994279e-03 6.678745165e-03
 7.762782953e-03 8.801328545e-03 9.793501205e-03 1.075030461e-02 1.167378231e-02
 1.255908254e-02 1.339954974e-02 1.418900319e-02 1.492237806e-02 1.559570514e-02
 1.620584798e-02 1.675015759e-02 1.722611926e-02 1.763104426e-02 1.796183482e-02
 1.821480694e-02 1.838554034e-02 1.846875401e-02 1.845822271e-02 1.834673929e-02
 1.812611300e-02 1.778718521e-02 1.731984064e-02 1.671299283e-02 1.595452868e-02
 1.503121099e-02 1.392856826e-02 1.263086405e-02 1.112137242e-02 9.383477443e-03
 7.403759981e-03 5.179681922e-03 2.737665058e-03 1.735451198e-04-2.268027515e-03
-4.107361372e-03-4.774451271e-03-4.109535264e-03-2.529967048e-03-5.738220254e-04
-2.797914894e-05-6.360018614e-05-1.138901444e-04-1.791190218e-04-2.596602492e-04
-3.562019744e-04-4.702901905e-04-5.989205220e-04-7.048069323e-04-7.128539876e-04
-6.994477670e-04-6.698502027e-04-6.165822678e-04-5.435452062e-04-3.219668908e-04
-1.907853856e-05 3.512128296e-04 7.929791061e-04 1.309570545e-03 1.901294712e-03
 2.565798143e-03 3.297437639e-03 4.083158840e-03 4.906612811e-03 5.751063457e-03
 6.600740109e-03 7.442959888e-03 8.269026363e-03 9.073190494e-03 9.850983692e-03
 1.059796085e-02 1.130952283e-02 1.198112796e-02 1.260845870e-02 1.318764454e-02
 1.371512644e-02 1.418759456e-02 1.460164337e-02 1.495337773e-02 1.523871688e-02
 1.545370162e-02 1.559439835e-02 1.565658029e-02 1.563561088e-02 1.552648309e-02
 1.532375499e-02 1.502173837e-02 1.461453229e-02 1.409622778e-02 1.346118674e-02
 1.270433214e-02 1.182185263e-02 1.081204618e-02 9.676918502e-03 8.424664091e-03
 7.073594159e-03 5.658007469e-03 4.235676140e-03 2.895136328e-03 1.755987426e-03
 9.508743070e-04 5.835701686e-04 6.819321715e-04 1.183854629e-03 1.977043489e-03
-1.865243816e-05-4.211992141e-05-7.478035867e-05-1.163458866e-04-1.664553818e-04
-2.247401983e-04-2.910568766e-04-3.680864694e-04-4.159990241e-04-4.181059379e-04
-3.668626487e-04-3.204073173e-04-2.063614617e-04-6.734212832e-05 1.184112410e-04
 3.845711908e-04 6.659835122e-04 1.060569183e-03 1.475433842e-03 1.951404045e-03
 2.492347216e-03 3.033536280e-03 3.681679069e-03 4.307879408e-03 4.979967356e-03
 5.663067451e-03 6.310442522e-03 7.019654552e-03 7.654569063e-03 8.320822810e-03
 8.945671062e-03 9.519291958e-03 1.011751141e-02 1.061080770e-02 1.113760217e-02
 1.158168403e-02 1.197587056e-02 1.236347543e-02 1.263664259e-02 1.292202075e-02
 1.309455661e-02 1.321700508e-02 1.328730597e-02 1.323473399e-02 1.318533082e-02
 1.299628110e-02 1.276344416e-02 1.244441337e-02 1.200220710e-02 1.154441396e-02
 1.093236408e-02 1.029554735e-02 9.557806916e-03 8.732228075e-03 7.909450449e-03
 6.990189462e-03 6.132545947e-03 5.287586373e-03 4.505933997e-03 3.920716271e-03
 3.451845649e-03 3.259603286e-03 3.273271857e-03 3.476451293e-03 3.930559762e-03
 0.791876268E+00 0.798923622E+00 0.806914618E+00 0.815738554E+00 0.824805238E+00
 0.834373483E+00 0.844391534E+00 0.854840117E+00 0.865720290E+00 0.877080822E+00
 0.888955718E+00 0.901364904E+00 0.914328071E+00 0.927868338E+00 0.942020234E+00
 0.956819305E+00 0.972301522E+00 0.988506059E+00 0.100547822E+01 0.102326156E+01
 0.104189449E+01 0.106142520E+01 0.108191185E+01 0.110342242E+01 0.112602833E+01
 0.114979830E+01 0.117479556E+01 0.120110271E+01 0.122881267E+01 0.125802727E+01
 0.128886551E+01 0.132145858E+01 0.135592398E+01 0.139239423E+01 0.143103275E+01
 0.147202935E+01 0.151559639E+01 0.156196310E+01 0.161136592E+01 0.166407929E+01
 0.172042404E+01 0.178076176E+01 0.184551952E+01 0.191518795E+01 0.199028528E+01
 0.207141880E+01 0.215932368E+01 0.225487760E+01 0.235910536E+01 0.247317639E+01
 0.259851052E+01 0.273685618E+01 0.289035194E+01 0.306167097E+01 0.325410789E+01
 0.347192150E+01 0.372077412E+01 0.400831580E+01 0.434492382E+01 0.474598494E+01
 0.523594903E+01 0.585738598E+01 0.669716686E+01 0.799795427E+01 0.161965199E+02
  361   98
 0.574077305E+00 0.110619207E+01 0.568889930E+00 0.109262734E+01 0.563698051E+00
 0.107906434E+01 0.558500225E+00 0.106550361E+01 0.553303009E+00 0.105194264E+01
 0.548113010E+00 0.103837892E+01 0.542936643E+00 0.102480998E+01 0.537776293E+00
 0.101123495E+01 0.532630936E+00 0.997654226E+00 0.527499642E+00 0.984068183E+00
 0.522380913E+00 0.970477400E+00 0.517272620E+00 0.956882691E+00 0.512173626E+00
 0.943284492E+00 0.507084534E+00 0.929682584E+00 0.502005558E+00 0.916076896E+00
 0.496935765E+00 0.902467783E+00 0.491873168E+00 0.888855991E+00 0.486817226E+00
 0.875241726E+00 0.481770107E+00 0.861624187E+00 0.476734107E+00 0.848002533E+00
 0.471711426E+00 0.834375963E+00 0.466703921E+00 0.820743808E+00 0.461714282E+00
 0.807105104E+00 0.456746527E+00 0.793458415E+00 0.451804344E+00 0.779802444E+00
 0.446891597E+00 0.766135856E+00 0.442012673E+00 0.752457159E+00 0.437172466E+00
 0.738764714E+00 0.432375943E+00 0.725056907E+00 0.427627232E+00 0.711332465E+00
 0.422929874E+00 0.697590362E+00 0.418287486E+00 0.683829593E+00 0.413704672E+00
 0.670048872E+00 0.409186451E+00 0.656246839E+00 0.404737011E+00 0.642422480E+00
 0.400359579E+00 0.628575154E+00 0.396056659E+00 0.614704493E+00 0.391830840E+00
 0.600810150E+00 0.387685735E+00 0.586891516E+00 0.383625328E+00 0.572947940E+00
 0.379653162E+00 0.558978972E+00 0.375772154E+00 0.544984404E+00 0.371984517E+00
 0.530964279E+00 0.368291783E+00 0.516918859E+00 0.364695117E+00 0.502848532E+00
 0.361195562E+00 0.488753739E+00 0.357794134E+00 0.474634945E+00 0.354492195E+00
 0.460492553E+00 0.351291133E+00 0.446326988E+00 0.348191749E+00 0.432138829E+00
 0.345194371E+00 0.417928771E+00 0.342299139E+00 0.403697550E+00 0.339506288E+00
 0.389445883E+00 0.336816218E+00 0.375174459E+00 0.334229267E+00 0.360883984E+00
 0.331745387E+00 0.346575232E+00 0.329364164E+00 0.332249039E+00 0.327085398E+00
 0.317906192E+00 0.324909342E+00 0.303547404E+00 0.322836787E+00 0.289173312E+00
 0.320869027E+00 0.274784500E+00 0.319007361E+00 0.260381577E+00 0.317251875E+00
 0.245965328E+00 0.315602204E+00 0.231536586E+00 0.314057870E+00 0.217096190E+00
 0.312618355E+00 0.202644969E+00 0.311282740E+00 0.188183774E+00 0.310049439E+00
 0.173713493E+00 0.308917160E+00 0.159234957E+00 0.307885124E+00 0.144748930E+00
 0.306953126E+00 0.130256123E+00 0.306121506E+00 0.115757210E+00 0.305390675E+00
 0.101252867E+00 0.304760812E+00 0.867437897E-01 0.304231900E+00 0.722306812E-01
 0.303803723E+00 0.577142513E-01 0.303475155E+00 0.431952246E-01 0.303245207E+00
 0.286743009E-01 0.303113581E+00 0.141521531E-01 0.303080494E+00-0.370553322E-03
 0.303146264E+00-0.148931485E-01 0.303310615E+00-0.294149627E-01 0.303573280E+00
-0.439353315E-01 0.303934266E+00-0.584535886E-01 0.304393934E+00-0.729690562E-01
 0.304952679E+00-0.874810476E-01 0.305610687E+00-0.101988877E+00 0.306368580E+00
-0.116491831E+00 0.307227491E+00-0.130989152E+00 0.308188962E+00-0.145480032E+00
 0.309253663E+00-0.159963693E+00 0.310421153E+00-0.174439432E+00 0.311690792E+00
-0.188906569E+00 0.313061927E+00-0.203364441E+00 0.314534238E+00-0.217812360E+00
 0.316108737E+00-0.232249499E+00 0.317787253E+00-0.246674913E+00 0.319571741E+00
-0.261087601E+00 0.321463902E+00-0.275486548E+00 0.323464382E+00-0.289870846E+00
 0.325571718E+00-0.304239879E+00 0.327784094E+00-0.318593116E+00 0.330099971E+00
-0.332930017E+00 0.332518261E+00-0.347250000E+00 0.335038637E+00-0.361552368E+00
 0.337661904E+00-0.375836222E+00 0.340389077E+00-0.390100602E+00 0.343221020E+00
-0.404344551E+00 0.346158310E+00-0.418567149E+00 0.349200695E+00-0.432767638E+00
 0.352347043E+00-0.446945455E+00 0.355596096E+00-0.461100089E+00 0.358946700E+00
-0.475231030E+00 0.362397933E+00-0.489337732E+00 0.365949554E+00-0.503419494E+00
 0.369601251E+00-0.517475637E+00 0.373352173E+00-0.531505628E+00 0.377201056E+00
-0.545509062E+00 0.381146201E+00-0.559485683E+00 0.385185446E+00-0.573435401E+00
 0.389316180E+00-0.587358304E+00 0.393535335E+00-0.601254668E+00 0.397839627E+00
-0.615124899E+00 0.402226267E+00-0.628969309E+00 0.406693050E+00-0.642788070E+00
 0.411237592E+00-0.656581455E+00 0.415856726E+00-0.670350041E+00 0.420546398E+00
-0.684094763E+00 0.425302005E+00-0.697816814E+00 0.430120013E+00-0.711517080E+00
 0.434997958E+00-0.725196120E+00 0.439933153E+00-0.738854612E+00 0.444922161E+00
-0.752493540E+00 0.449960694E+00-0.766114252E+00 0.455044850E+00-0.779718000E+00
 0.460171909E+00-0.793305638E+00 0.465340056E+00-0.806877701E+00 0.470547451E+00
-0.820434754E+00 0.475791935E+00-0.833977504E+00 0.481072794E+00-0.847506110E+00
 0.486390985E+00-0.861020084E+00 0.491748565E+00-0.874518491E+00 0.497148674E+00
-0.887999939E+00 0.502595208E+00-0.901462696E+00 0.508095598E+00-0.914903538E+00
 0.513661278E+00-0.928317469E+00 0.519306670E+00-0.941698042E+00 0.525050934E+00
-0.955036454E+00 0.530919892E+00-0.968320450E+00 0.536950808E+00-0.981531660E+00
 0.543199072E+00-0.994641384E+00 0.549747681E+00-0.100760349E+01 0.556726592E+00
-0.102033861E+01 0.564346472E+00-0.103269961E+01 0.572953040E+00-0.104439139E+01
 0.583070174E+00-0.105479347E+01 0.595180409E+00-0.106275504E+01 0.608976979E+00
-0.106717663E+01 0.623436429E+00-0.106832748E+01 0.637918760E+00-0.106733252E+01
 0.652261615E+00-0.106506789E+01 0.666463202E+00-0.106203479E+01 0.680550345E+00
-0.105850611E+01 0.694548343E+00-0.105463818E+01 0.708475358E+00-0.105052167E+01
 0.722343991E+00-0.104621243E+01 0.736162131E+00-0.104174386E+01 0.749935084E+00
-0.103713785E+01 0.763665841E+00-0.103240752E+01 0.777354733E+00-0.102755738E+01
 0.790999712E+00-0.102258504E+01 0.804597026E+00-0.101748382E+01 0.818141742E+00
-0.101224456E+01 0.831628019E+00-0.100685667E+01 0.845049669E+00-0.100130979E+01
 0.858399927E+00-0.995593231E+00 0.871671711E+00-0.989696808E+00 0.884857707E+00
-0.983610981E+00 0.897950932E+00-0.977328068E+00 0.910945029E+00-0.970842638E+00
 0.923833587E+00-0.964149940E+00 0.936609734E+00-0.957245090E+00 0.949264724E+00
-0.950120645E+00 0.961787445E+00-0.942766225E+00 0.974166557E+00-0.935172596E+00
 0.986392262E+00-0.927334387E+00 0.998456710E+00-0.919250180E+00 0.101035381E+01
-0.910921655E+00 0.102208161E+01-0.902356343E+00 0.103364008E+01-0.893563859E+00
 0.104502570E+01-0.884548678E+00 0.105622818E+01-0.875306920E+00 0.106723658E+01
-0.865834834E+00 0.107804316E+01-0.856133121E+00 0.108864358E+01-0.846206562E+00
 0.109903552E+01-0.836061936E+00 0.110921763E+01-0.825706711E+00 0.111918707E+01
-0.815146597E+00 0.112893603E+01-0.804382612E+00 0.113845353E+01-0.793413455E+00
 0.114773064E+01-0.782240272E+00 0.115676228E+01-0.770867745E+00 0.116554558E+01
-0.759302349E+00 0.117407691E+01-0.747549853E+00 0.118234889E+01-0.735613408E+00
 0.119035251E+01-0.723495392E+00 0.119808195E+01-0.711200682E+00 0.120553710E+01
-0.698737738E+00 0.121272138E+01-0.686116694E+00 0.121963572E+01-0.673345768E+00
 0.122627519E+01-0.660429813E+00 0.123263819E+01-0.647375429E+00 0.123872911E+01
-0.634191891E+00 0.124455676E+01-0.620889861E+00 0.125012990E+01-0.607479193E+00
 0.125545534E+01-0.593968241E+00 0.126054250E+01-0.580365759E+00 0.126540494E+01
-0.566681317E+00 0.127005954E+01-0.552924774E+00 0.127452437E+01-0.539105454E+00
 0.127881459E+01-0.525230918E+00 0.128294384E+01-0.511307619E+00 0.128692711E+01
-0.497341840E+00 0.129078116E+01-0.483339839E+00 0.129452419E+01-0.469307742E+00
 0.129817380E+01-0.455251051E+00 0.130174757E+01-0.441174879E+00 0.130526332E+01
-0.427084100E+00 0.130873856E+01-0.412983269E+00 0.131218875E+01-0.398876289E+00
 0.131562189E+01-0.384765147E+00 0.131904508E+01-0.370651588E+00 0.132246717E+01
-0.356537762E+00 0.132589883E+01-0.342426261E+00 0.132934925E+01-0.328319338E+00
 0.133281871E+01-0.314217082E+00 0.133630512E+01-0.300119009E+00 0.133980515E+01
-0.286024308E+00 0.134331443E+01-0.271931909E+00 0.134682591E+01-0.257840057E+00
 0.135032789E+01-0.243745842E+00 0.135380721E+01-0.229646020E+00 0.135724920E+01
-0.215537039E+00 0.136063674E+01-0.201414891E+00 0.136395056E+01-0.187275270E+00
 0.136716941E+01-0.173113741E+00 0.137026830E+01-0.158925493E+00 0.137321882E+01
-0.144705672E+00 0.137598960E+01-0.130449767E+00 0.137855260E+01-0.116155068E+00
 0.138088427E+01-0.101820846E+00 0.138296016E+01-0.874473842E-01 0.138475502E+01
-0.730361649E-01 0.138624392E+01-0.585901624E-01 0.138740945E+01-0.441145009E-01
 0.138823965E+01-0.296157585E-01 0.138872436E+01-0.151013728E-01 0.138885559E+01
-0.579500134E-03 0.138862951E+01 0.139412070E-01 0.138805213E+01 0.284522071E-01
 0.138713391E+01 0.429456499E-01 0.138588726E+01 0.574145640E-01 0.138432613E+01
 0.718529535E-01 0.138246905E+01 0.862563014E-01 0.138034238E+01 0.100622353E+00
 0.137797274E+01 0.114950363E+00 0.137538558E+01 0.129240724E+00 0.137260505E+01
 0.143494743E+00 0.136965865E+01 0.157715429E+00 0.136657738E+01 0.171907523E+00
 0.136338912E+01 0.186075977E+00 0.136011809E+01 0.200225562E+00 0.135678466E+01
 0.214360583E+00 0.135340687E+01 0.228485072E+00 0.135000061E+01 0.242602727E+00
 0.134657957E+01 0.256716806E+00 0.134315597E+01 0.270830266E+00 0.133974075E+01
 0.284945755E+00 0.133633951E+01 0.299064618E+00 0.133295457E+01 0.313187397E+00
 0.132958751E+01 0.327314453E+00 0.132623897E+01 0.341445906E+00 0.132290771E+01
 0.355581447E+00 0.131958355E+01 0.369718657E+00 0.131625403E+01 0.383854606E+00
 0.131290844E+01 0.397986761E+00 0.130953776E+01 0.412112950E+00 0.130613262E+01
 0.426230869E+00 0.130267687E+01 0.440336480E+00 0.129915226E+01 0.454425038E+00
 0.129554006E+01 0.468491386E+00 0.129182153E+01 0.482529987E+00 0.128797791E+01
 0.496534844E+00 0.128399021E+01 0.510499345E+00 0.127984095E+01 0.524416684E+00
 0.127551468E+01 0.538280004E+00 0.127099763E+01 0.552082328E+00 0.126627520E+01
 0.565815716E+00 0.126132964E+01 0.579470314E+00 0.125614421E+01 0.593035619E+00
 0.125070578E+01 0.606501467E+00 0.124500584E+01 0.619858712E+00 0.123903924E+01
 0.633098980E+00 0.123279934E+01 0.646212643E+00 0.122627924E+01 0.659189261E+00
 0.121947653E+01 0.672019978E+00 0.121239507E+01 0.684698986E+00 0.120504255E+01
 0.697222768E+00 0.119742149E+01 0.709584964E+00 0.118953176E+01 0.721777443E+00
 0.118137624E+01 0.733793759E+00 0.117296291E+01 0.745631019E+00 0.116430316E+01
 0.757289236E+00 0.115540754E+01 0.768768504E+00 0.114628252E+01 0.780066275E+00
 0.113693182E+01 0.791177988E+00 0.112735985E+01 0.802099682E+00 0.111757408E+01
 0.812830233E+00 0.110758407E+01 0.823370936E+00 0.109739797E+01 0.833722262E+00
 0.108701924E+01 0.843880443E+00 0.107644811E+01 0.853838238E+00 0.106568410E+01
 0.863587190E+00 0.105472845E+01 0.873120275E+00 0.104358695E+01 0.882435478E+00
 0.103226959E+01 0.891536239E+00 0.102078647E+01 0.900426929E+00 0.100914011E+01
 0.909102676E+00 0.997328967E+00 0.917552690E+00 0.985353698E+00 0.925768444E+00
 0.973219284E+00 0.933747275E+00 0.960932725E+00 0.941489781E+00 0.948503202E+00
 0.949000654E+00 0.935941591E+00 0.956288496E+00 0.923258966E+00 0.963363676E+00
 0.910464718E+00 0.970234967E+00 0.897566410E+00 0.976908894E+00 0.884570701E+00
 0.983391133E+00 0.871484148E+00 0.989687977E+00 0.858314209E+00 0.995808528E+00
 0.845068954E+00 0.100176436E+01 0.831756469E+00 0.100756840E+01 0.818384818E+00
 0.101323483E+01 0.804961856E+00 0.101877864E+01 0.791495672E+00 0.102421665E+01
 0.777994000E+00 0.102956596E+01 0.764463425E+00 0.103484175E+01 0.750909025E+00
 0.104005603E+01 0.737334953E+00 0.104521890E+01 0.723744686E+00 0.105033899E+01
 0.710141340E+00 0.105542423E+01 0.696528470E+00 0.106048392E+01 0.682909049E+00
 0.106552596E+01 0.669286469E+00 0.107055945E+01 0.655663385E+00 0.107559158E+01
 0.642042975E+00 0.108063095E+01 0.628427837E+00 0.108568454E+01 0.614820832E+00
 0.109075998E+01 0.601225077E+00 0.109586548E+01 0.587642310E+00 0.110100543E+01
 0.574077305E+00 0.110619207E+01
 0.156441580E+01 0.156423520E+01 0.173298350E+01 0.167901950E+01 0.134847970E+01
 0.206041340E+01 0.108819530E+01 0.205946000E+01 0.902253030E+00 0.187565310E+01
 0.903668760E+00 0.187424170E+01 0.533866470E+00 0.150285580E+01 0.538010660E+00
 0.149874330E+01 0.332797140E+00 0.129708960E+01 0.332797140E+00 0.109400000E+01
 0.334795920E+00 0.109400000E+01 0.303115250E+00 0.847500000E+00 0.305114030E+00
 0.847500000E+00 0.269135950E+00 0.565000000E+00 0.271134730E+00 0.565000000E+00
 0.260841000E+00 0.495257700E+00 0.260841000E+00-0.507257700E+00 0.271134730E+00
-0.576999960E+00 0.269135950E+00-0.576999960E+00 0.305114030E+00-0.859500000E+00
 0.303115250E+00-0.859500000E+00 0.334795920E+00-0.110600010E+01 0.332797140E+00
-0.110600010E+01 0.332797140E+00-0.130908970E+01 0.538598100E+00-0.150990190E+01
 0.534468950E+00-0.151402960E+01 0.905629600E+00-0.188405800E+01 0.904219000E+00
-0.188547470E+01 0.108819530E+01-0.206614000E+01 0.134847970E+01-0.206518650E+01
 0.173017910E+01-0.168098580E+01 0.156441580E+01-0.156883530E+01 0.137999130E+01
-0.157688300E+01 0.137989190E+01-0.157672700E+01 0.119622210E+01-0.158474990E+01
 0.119631650E+01-0.158489800E+01 0.105537410E+01-0.159104840E+01 0.105528350E+01
-0.159090630E+01 0.947502500E+00-0.159561420E+01 0.905686400E+00-0.159556230E+01
 0.899143000E+00-0.159478470E+01 0.883387860E+00-0.159026430E+01 0.867681200E+00
-0.158087360E+01 0.851322350E+00-0.156766880E+01 0.833481900E+00-0.154624210E+01
 0.826062560E+00-0.152875240E+01 0.822677700E+00-0.151516830E+01 0.821022750E+00
-0.149624060E+01 0.820691350E+00-0.147724350E+01 0.822887360E+00-0.144582030E+01
 0.827573000E+00-0.141923050E+01 0.839194600E+00-0.138728100E+01 0.855244300E+00
-0.135284130E+01 0.877566500E+00-0.132209860E+01 0.899473500E+00-0.130017830E+01
 0.118567730E+01-0.101380000E+01 0.127900000E+01-0.842300000E+00 0.129600000E+01
-0.820200000E+00 0.143300000E+01-0.820200000E+00 0.143300000E+01-0.711000000E+00
 0.149000000E+01-0.491000000E+00 0.146000000E+01-0.491000000E+00 0.146000000E+01
-0.233000000E+00 0.166100000E+01-0.233000000E+00 0.166100000E+01 0.226000000E+00
 0.146000000E+01 0.226000000E+00 0.146000000E+01 0.481000000E+00 0.149300000E+01
 0.481000000E+00 0.147400000E+01 0.554000000E+00 0.143300000E+01 0.711000000E+00
 0.143300000E+01 0.815600000E+00 0.129600000E+01 0.815600000E+00 0.127900000E+01
 0.837699950E+00 0.118567730E+01 0.100920000E+01 0.899473500E+00 0.129557820E+01
 0.877566500E+00 0.131749860E+01 0.855244300E+00 0.134824120E+01 0.839194600E+00
 0.138268090E+01 0.827573000E+00 0.141463040E+01 0.822887360E+00 0.144122030E+01
 0.820691350E+00 0.147264350E+01 0.821022750E+00 0.149164060E+01 0.822677700E+00
 0.151056830E+01 0.826062560E+00 0.152415240E+01 0.833481900E+00 0.154164210E+01
 0.851322350E+00 0.156306870E+01 0.867681200E+00 0.157627360E+01 0.883387860E+00
 0.158566430E+01 0.899143000E+00 0.159018470E+01 0.905686400E+00 0.159096230E+01
 0.947502500E+00 0.159101410E+01 0.105528350E+01 0.158630620E+01 0.105537410E+01
 0.158644830E+01 0.119631650E+01 0.158029800E+01 0.119622210E+01 0.158014990E+01
 0.137989190E+01 0.157212700E+01 0.137999130E+01 0.157228290E+01 0.156441580E+01
 0.156423520E+01
    0
