EFIT++      MAST # 47012 # 500ms                   0  65  65
 0.194000000E+01 0.440000000E+01 0.800000000E+00 0.600000000E-01 0.000000000E+00
 0.946188087E+00 0.103393112E-02-0.742386201E-01 0.291873502E-01-0.654880252E+00
 0.754013137E+06-0.742386201E-01 0.000000000E+00 0.946188087E+00 0.000000000E+00
 0.103393112E-02 0.000000000E+00 0.291873502E-01 0.000000000E+00 0.000000000E+00
-0.624466576E+00-0.620538244E+00-0.616697519E+00-0.612944435E+00-0.609278984E+00
-0.605701124E+00-0.602210770E+00-0.598807800E+00-0.595492048E+00-0.592263307E+00
-0.589121327E+00-0.586065814E+00-0.583096428E+00-0.580212785E+00-0.577414454E+00
-0.574700960E+00-0.572071777E+00-0.569526335E+00-0.567064016E+00-0.564684152E+00
-0.562386029E+00-0.560168887E+00-0.558031915E+00-0.555974257E+00-0.553995009E+00
-0.552093221E+00-0.550267896E+00-0.548517992E+00-0.546842422E+00-0.545240056E+00
-0.543709719E+00-0.542250195E+00-0.540860225E+00-0.539538513E+00-0.538283722E+00
-0.537094476E+00-0.535969364E+00-0.534906940E+00-0.533905723E+00-0.532964200E+00
-0.532080826E+00-0.531254029E+00-0.530482205E+00-0.529763725E+00-0.529096935E+00
-0.528480158E+00-0.527911692E+00-0.527389815E+00-0.526912788E+00-0.526478850E+00
-0.526086227E+00-0.525733127E+00-0.525417745E+00-0.525138263E+00-0.524892852E+00
-0.524679672E+00-0.524496875E+00-0.524342604E+00-0.524214994E+00-0.524112177E+00
-0.524032276E+00-0.523973412E+00-0.523933703E+00-0.523911262E+00-0.523904202E+00
 0.184921324E+05 0.180521480E+05 0.176127917E+05 0.171742650E+05 0.167367695E+05
 0.163005070E+05 0.158656789E+05 0.154324870E+05 0.150011329E+05 0.145718183E+05
 0.141447447E+05 0.137201137E+05 0.132981271E+05 0.128789865E+05 0.124628934E+05
 0.120500496E+05 0.116406566E+05 0.112349161E+05 0.108330297E+05 0.104351991E+05
 0.100416259E+05 0.965251163E+04 0.926805805E+04 0.888846676E+04 0.851393938E+04
 0.814467754E+04 0.778088289E+04 0.742275706E+04 0.707050167E+04 0.672431836E+04
 0.638440876E+04 0.605097451E+04 0.572421724E+04 0.540433858E+04 0.509154016E+04
 0.478602362E+04 0.448799059E+04 0.419764270E+04 0.391518158E+04 0.364080888E+04
 0.337472622E+04 0.311713523E+04 0.286823754E+04 0.262823480E+04 0.239732863E+04
 0.217572066E+04 0.196361254E+04 0.176120588E+04 0.156870233E+04 0.138630351E+04
 0.121421107E+04 0.105262662E+04 0.901751812E+03 0.761788271E+03 0.632937631E+03
 0.515401524E+03 0.409381584E+03 0.315079444E+03 0.232696735E+03 0.162435092E+03
 0.104496146E+03 0.590815316E+02 0.263928804E+02 0.663182557E+01 0.000000000E+00
-0.153490561E+01-0.149161987E+01-0.144894693E+01-0.140688677E+01-0.136543940E+01
-0.132460482E+01-0.128438302E+01-0.124477402E+01-0.120577780E+01-0.116739437E+01
-0.112962374E+01-0.109246588E+01-0.105592082E+01-0.101998855E+01-0.984669063E+00
-0.949962365E+00-0.915868456E+00-0.882387336E+00-0.849519004E+00-0.817263460E+00
-0.785620705E+00-0.754590738E+00-0.724173560E+00-0.694369170E+00-0.665177568E+00
-0.636598755E+00-0.608632730E+00-0.581279494E+00-0.554539046E+00-0.528411387E+00
-0.502896515E+00-0.477994433E+00-0.453705138E+00-0.430028633E+00-0.406964915E+00
-0.384513986E+00-0.362675845E+00-0.341450493E+00-0.320837929E+00-0.300838154E+00
-0.281451167E+00-0.262676968E+00-0.244515558E+00-0.226966936E+00-0.210031103E+00
-0.193708058E+00-0.177997801E+00-0.162900333E+00-0.148415653E+00-0.134543762E+00
-0.121284659E+00-0.108638344E+00-0.966048179E-01-0.851840802E-01-0.743761308E-01
-0.641809699E-01-0.545985974E-01-0.456290133E-01-0.372722176E-01-0.295282103E-01
-0.223969914E-01-0.158785610E-01-0.997291890E-02-0.468006525E-02 0.000000000E+00
-0.272415056E+06-0.272088839E+06-0.271637852E+06-0.271062094E+06-0.270361566E+06
-0.269536267E+06-0.268586198E+06-0.267511358E+06-0.266311748E+06-0.264987368E+06
-0.263538217E+06-0.261964296E+06-0.260265604E+06-0.258442142E+06-0.256493910E+06
-0.254420907E+06-0.252223134E+06-0.249900590E+06-0.247453276E+06-0.244881191E+06
-0.242184336E+06-0.239362711E+06-0.236416315E+06-0.233345148E+06-0.230149212E+06
-0.226828505E+06-0.223383027E+06-0.219812779E+06-0.216117761E+06-0.212297972E+06
-0.208353413E+06-0.204284083E+06-0.200089983E+06-0.195771113E+06-0.191327472E+06
-0.186759061E+06-0.182065879E+06-0.177247927E+06-0.172305204E+06-0.167237711E+06
-0.162045448E+06-0.156728414E+06-0.151286610E+06-0.145720035E+06-0.140028690E+06
-0.134212574E+06-0.128271688E+06-0.122206032E+06-0.116015605E+06-0.109700408E+06
-0.103260441E+06-0.966957025E+05-0.900061941E+05-0.831919152E+05-0.762528659E+05
-0.691890462E+05-0.620004561E+05-0.546870955E+05-0.472489646E+05-0.396860632E+05
-0.319983914E+05-0.241859492E+05-0.162487365E+05-0.818675348E+04 0.000000000E+00
 1.418201961e-05 3.207275364e-05 5.709272297e-05 8.920679072e-05 1.284122450e-04
 1.747089007e-04 2.280164301e-04 2.878372075e-04 3.734874348e-04 5.275210838e-04
 7.111275945e-04 9.217921414e-04 1.175044245e-03 1.472113466e-03 1.823286995e-03
 2.237672877e-03 2.704150957e-03 3.236839913e-03 3.820844279e-03 4.460652469e-03
 5.153380425e-03 5.880275481e-03 6.651093266e-03 7.433514777e-03 8.230767959e-03
 9.026672026e-03 9.803128009e-03 1.057490665e-02 1.130976372e-02 1.202960672e-02
 1.271670930e-02 1.336644299e-02 1.399615148e-02 1.457102277e-02 1.512393037e-02
 1.562420411e-02 1.607817527e-02 1.649707052e-02 1.684584424e-02 1.716197329e-02
 1.740445749e-02 1.759247338e-02 1.772436510e-02 1.777136874e-02 1.777687861e-02
 1.768694177e-02 1.753706299e-02 1.730964392e-02 1.698688174e-02 1.661360067e-02
 1.613018125e-02 1.559502104e-02 1.497696051e-02 1.428490537e-02 1.356940673e-02
 1.278981538e-02 1.203795473e-02 1.130533414e-02 1.063465943e-02 1.011805140e-02
 9.725638922e-03 9.560279641e-03 9.584393021e-03 9.780898037e-03 1.017889047e-02
 1.046243002e-05 2.322546807e-05 4.036509685e-05 6.123632312e-05 8.514838965e-05
 1.113473167e-04 1.389699098e-04 1.710560460e-04 2.262360195e-04 3.636669286e-04
 5.282115936e-04 7.202781213e-04 9.458885971e-04 1.192128688e-03 1.584228108e-03
 2.052154221e-03 2.590758392e-03 3.204980893e-03 3.898403140e-03 4.670474513e-03
 5.517143520e-03 6.430551706e-03 7.393000068e-03 8.381674210e-03 9.371572305e-03
 1.033980075e-02 1.127168200e-02 1.216268210e-02 1.301453580e-02 1.382989922e-02
 1.460944075e-02 1.535165900e-02 1.605375485e-02 1.671243222e-02 1.732440625e-02
 1.788656568e-02 1.839599204e-02 1.884983008e-02 1.924511049e-02 1.957872564e-02
 1.984739165e-02 2.004757071e-02 2.017534698e-02 2.022637195e-02 2.019588913e-02
 2.007873869e-02 1.986947882e-02 1.956247527e-02 1.915207863e-02 1.863287937e-02
 1.800002247e-02 1.724980404e-02 1.638049935e-02 1.539379480e-02 1.429706429e-02
 1.310694320e-02 1.185462970e-02 1.059268408e-02 9.401530817e-03 8.389625505e-03
 7.677103576e-03 7.357802860e-03 7.456556325e-03 7.916266378e-03 8.633503134e-03
 8.495555193e-06 1.803270141e-05 2.942711889e-05 4.109571524e-05 5.159359192e-05
 6.005447317e-05 6.670185140e-05 7.638485092e-05 1.143282984e-04 1.679717409e-04
 2.659505219e-04 4.140830125e-04 6.041350079e-04 8.548332303e-04 1.199086328e-03
 1.663434784e-03 2.239871796e-03 2.933360319e-03 3.750009819e-03 4.691064936e-03
 5.753851531e-03 6.932201111e-03 8.205507501e-03 9.534925567e-03 1.084761847e-02
 1.205769795e-02 1.313081344e-02 1.410820857e-02 1.503866300e-02 1.594180867e-02
 1.681531061e-02 1.765145878e-02 1.844281568e-02 1.918344040e-02 1.986888727e-02
 2.049587135e-02 2.106185510e-02 2.156463933e-02 2.200199496e-02 2.237135345e-02
 2.266955917e-02 2.289268072e-02 2.303588041e-02 2.309334228e-02 2.305825211e-02
 2.292281650e-02 2.267830180e-02 2.231507128e-02 2.182259895e-02 2.118944394e-02
 2.040318265e-02 1.945032472e-02 1.831629748e-02 1.698570852e-02 1.544336616e-02
 1.367713299e-02 1.168501472e-02 9.491753899e-03 7.185565883e-03 4.989156374e-03
 3.335605764e-03 2.742215007e-03 3.356696921e-03 4.797098998e-03 6.577118263e-03
 1.106417643e-05 2.229387522e-05 3.335464472e-05 4.034294003e-05 3.936188531e-05
 2.725710276e-05 2.407410295e-06-3.062228934e-05-5.638770220e-05-8.037161408e-05
-8.383567054e-05-4.586261692e-05 4.217413312e-05 2.053766368e-04 4.748370001e-04
 8.826328871e-04 1.456987360e-03 2.218402282e-03 3.176622459e-03 4.329417342e-03
 5.667795160e-03 7.200066275e-03 8.914173907e-03 1.089017236e-02 1.298593540e-02
 1.454003044e-02 1.550929037e-02 1.631330679e-02 1.732054052e-02 1.834945050e-02
 1.935508179e-02 2.031401577e-02 2.121345897e-02 2.204655448e-02 2.281005706e-02
 2.350290129e-02 2.412516326e-02 2.467723722e-02 2.515916375e-02 2.557008964e-02
 2.590785448e-02 2.616870265e-02 2.634711729e-02 2.643576674e-02 2.642554422e-02
 2.630566915e-02 2.606380462e-02 2.568613119e-02 2.515730354e-02 2.446020190e-02
 2.357537086e-02 2.248000650e-02 2.114629250e-02 1.953877091e-02 1.761021598e-02
 1.529507748e-02 1.249884453e-02 9.080492914e-03 4.823401536e-03-6.053549375e-04
-9.047640235e-03-1.079293762e-02-4.541842525e-03 8.542197785e-04 4.894852883e-03
 2.406931270e-05 4.856982469e-05 7.260762260e-05 8.729460513e-05 8.322466978e-05
 5.171556022e-05-1.386327419e-05-1.126940888e-04-2.354090834e-04-3.874968771e-04
-5.591387773e-04-7.198692466e-04-8.531602971e-04-9.222739577e-04-8.713728720e-04
-6.308872651e-04-1.284377528e-04 6.917704605e-04 1.849961906e-03 3.324725997e-03
 5.064350264e-03 7.004282930e-03 9.075969732e-03 1.120289861e-02 1.327427047e-02
 1.516887739e-02 1.684472975e-02 1.836578370e-02 1.977782194e-02 2.109626683e-02
 2.231917708e-02 2.344274038e-02 2.446581019e-02 2.539046925e-02 2.622139954e-02
 2.696488589e-02 2.762774352e-02 2.821629692e-02 2.873547716e-02 2.918807634e-02
 2.957418453e-02 2.989082818e-02 3.013182246e-02 3.028783912e-02 3.034667229e-02
 3.029365912e-02 3.011218124e-02 2.978414371e-02 2.929030211e-02 2.861029002e-02
 2.772218317e-02 2.660141112e-02 2.521876401e-02 2.353708767e-02 2.150591261e-02
 1.905249968e-02 1.606608232e-02 1.236803670e-02 7.649671119e-03 1.307101524e-03
-7.800582753e-03-1.008143049e-02-2.902459939e-03 3.176655111e-03 7.541233967e-03
 5.958919423e-05 1.228136869e-04 1.901013765e-04 2.427708068e-04 2.607019912e-04
 2.247590036e-04 1.188677418e-04-6.771276366e-05-3.162950652e-04-6.528714632e-04
-1.071167114e-03-1.553011436e-03-2.086007086e-03-2.645530062e-03-3.150512849e-03
-3.439399696e-03-3.272280036e-03-2.425954024e-03-8.378358179e-04 1.352255782e-03
 3.905049162e-03 6.611933694e-03 9.337225559e-03 1.199752028e-02 1.453663147e-02
 1.691515956e-02 1.910996327e-02 2.111272966e-02 2.292409813e-02 2.454840845e-02
 2.599209097e-02 2.726432455e-02 2.837779302e-02 2.934855953e-02 3.019508868e-02
 3.093679402e-02 3.159246787e-02 3.217881518e-02 3.270918932e-02 3.319256028e-02
 3.363273493e-02 3.402786943e-02 3.437033536e-02 3.464699933e-02 3.483994278e-02
 3.492758980e-02 3.488613725e-02 3.469110879e-02 3.431880059e-02 3.374737128e-02
 3.295737053e-02 3.193160516e-02 3.065439668e-02 2.911048239e-02 2.728409380e-02
 2.515930257e-02 2.272410831e-02 1.998445284e-02 1.700437897e-02 1.401330574e-02
 1.162135686e-02 1.073053350e-02 1.150630825e-02 1.318992880e-02 1.511583859e-02
 1.412460845e-04 2.959940506e-04 4.703465540e-04 6.263470312e-04 7.227255919e-04
 7.203475570e-04 5.878545730e-04 3.103517843e-04-1.093514246e-04-6.764348738e-04
-1.386514790e-03-2.243868421e-03-3.285897216e-03-4.630569566e-03-6.453208884e-03
-8.642978757e-03-1.036498649e-02-9.677364287e-03-6.352250776e-03-1.625142054e-03
 2.843614905e-03 6.883381946e-03 1.057819410e-02 1.399355857e-02 1.716135304e-02
 2.008881670e-02 2.276837927e-02 2.518606228e-02 2.732861053e-02 2.918940220e-02
 3.077263434e-02 3.209503118e-02 3.318479612e-02 3.407841271e-02 3.481650390e-02
 3.543990977e-02 3.598661684e-02 3.648958715e-02 3.697519179e-02 3.746191672e-02
 3.795918644e-02 3.846639892e-02 3.897244781e-02 3.945604718e-02 3.988707623e-02
 4.022898882e-02 4.044214387e-02 4.048771723e-02 4.033165669e-02 3.994800470e-02
 3.932097059e-02 3.844547159e-02 3.732640949e-02 3.597749447e-02 3.442078093e-02
 3.268820352e-02 3.082633650e-02 2.890510222e-02 2.702902692e-02 2.534326868e-02
 2.401594110e-02 2.318292313e-02 2.288899455e-02 2.309519449e-02 2.365305915e-02
 3.134363364e-04 6.656248180e-04 1.077988821e-03 1.473857226e-03 1.766681763e-03
 1.873031342e-03 1.727464927e-03 1.299316196e-03 6.083951197e-04-3.050889501e-04
-1.348234869e-03-2.435648456e-03-3.538454606e-03-4.847041819e-03-6.721243695e-03
-9.574251463e-03-1.260879495e-02-1.180743403e-02-7.122824938e-03-3.920575053e-04
 4.981776623e-03 9.657849392e-03 1.391102954e-02 1.787045529e-02 2.158586587e-02
 2.505624013e-02 2.824567125e-02 3.109795964e-02 3.355472721e-02 3.557575882e-02
 3.715513641e-02 3.832626278e-02 3.915425626e-02 3.972100203e-02 4.011058270e-02
 4.039993460e-02 4.065514617e-02 4.093117314e-02 4.127232111e-02 4.171164573e-02
 4.226867039e-02 4.294609962e-02 4.372703545e-02 4.457416379e-02 4.543162432e-02
 4.622953937e-02 4.689096964e-02 4.734104194e-02 4.751735898e-02 4.737948585e-02
 4.691449591e-02 4.613658206e-02 4.508138295e-02 4.379803739e-02 4.234236669e-02
 4.077312125e-02 3.915127320e-02 3.754088312e-02 3.600924019e-02 3.462376107e-02
 3.344406932e-02 3.250480310e-02 3.190040041e-02 3.156138094e-02 3.144031142e-02
 6.499863876e-04 1.404141488e-03 2.325325766e-03 3.261971200e-03 4.019437040e-03
 4.397639673e-03 4.246508013e-03 3.494399796e-03 2.143261868e-03 2.392981905e-04
-1.821165185e-03-3.261395627e-03-3.647930711e-03-3.196166624e-03-2.576178480e-03
-1.896787691e-03-8.364902371e-04 9.938306929e-04 3.743642279e-03 7.233047211e-03
 1.114234836e-02 1.524305135e-02 1.943063596e-02 2.366030828e-02 2.789204921e-02
 3.205338289e-02 3.601297445e-02 3.957379209e-02 4.250857327e-02 4.464263591e-02
 4.593704095e-02 4.650656775e-02 4.655867882e-02 4.630822710e-02 4.592675372e-02
 4.553533793e-02 4.521922962e-02 4.504577935e-02 4.507703855e-02 4.537283154e-02
 4.598247512e-02 4.692845712e-02 4.819151054e-02 4.970564748e-02 5.136338725e-02
 5.302486255e-02 5.452750245e-02 5.570193165e-02 5.640127305e-02 5.653847060e-02
 5.611096612e-02 5.519414564e-02 5.390739995e-02 5.237599523e-02 5.070785807e-02
 4.898745014e-02 4.727920098e-02 4.563329409e-02 4.409006562e-02 4.268190503e-02
 4.143299054e-02 4.035995240e-02 3.951914236e-02 3.887097910e-02 3.837290452e-02
 1.223951931e-03 2.721590876e-03 4.699448892e-03 6.941243649e-03 8.959644603e-03
 9.986060895e-03 9.678176972e-03 8.300903539e-03 6.007904655e-03 2.558160003e-03
-1.885637328e-03-4.133894001e-03-3.528879323e-03-1.927616701e-04 2.292712774e-03
 4.343558077e-03 6.368049048e-03 8.612988563e-03 1.121543548e-02 1.422636682e-02
 1.764353985e-02 2.144969326e-02 2.563946853e-02 3.022808164e-02 3.524211080e-02
 4.068367208e-02 4.643102066e-02 5.201769401e-02 5.645995440e-02 5.878979209e-02
 5.881723806e-02 5.733400083e-02 5.531353280e-02 5.335573219e-02 5.163205365e-02
 5.018098472e-02 4.900506837e-02 4.809302612e-02 4.751713860e-02 4.740037791e-02
 4.794112613e-02 4.928677631e-02 5.142608154e-02 5.421299059e-02 5.741537588e-02
 6.079762206e-02 6.406306934e-02 6.678553111e-02 6.847774555e-02 6.881372315e-02
 6.786215900e-02 6.603203079e-02 6.378381047e-02 6.142958077e-02 5.912587412e-02
 5.694360907e-02 5.491021974e-02 5.303629135e-02 5.132664369e-02 4.978177352e-02
 4.840153513e-02 4.718626592e-02 4.616851380e-02 4.531142559e-02 4.459369501e-02
 1.955348082e-03 4.469246411e-03 8.096189010e-03 1.303530353e-02 1.925625735e-02
 2.158365345e-02 1.873563831e-02 1.591702719e-02 1.331676256e-02 1.073804490e-02
 8.453412411e-03 7.076543140e-03 6.960966434e-03 7.889060712e-03 9.289565683e-03
 1.090466538e-02 1.272118857e-02 1.478910692e-02 1.716586113e-02 1.990235007e-02
 2.304499594e-02 2.664624928e-02 3.078065873e-02 3.556787473e-02 4.121158134e-02
 4.808166221e-02 5.692815134e-02 6.958290861e-02 8.172707009e-02 8.479759857e-02
 7.823913302e-02 6.854089727e-02 6.267219318e-02 5.866693150e-02 5.571445676e-02
 5.339867909e-02 5.145507059e-02 4.967351546e-02 4.786008546e-02 4.599105212e-02
 4.545519305e-02 4.737254030e-02 5.159645781e-02 5.711156216e-02 6.290694202e-02
 6.921971448e-02 7.641407971e-02 8.404357817e-02 8.899299048e-02 8.900194843e-02
 8.391890214e-02 7.825106206e-02 7.363026788e-02 6.985860685e-02 6.669468306e-02
 6.397722870e-02 6.160242859e-02 5.950145180e-02 5.763427975e-02 5.596751906e-02
 5.448576184e-02 5.317753417e-02 5.203138638e-02 5.101974945e-02 5.011649548e-02
 2.569632214e-03 5.888900895e-03 1.068573075e-02 1.712259910e-02 2.478631787e-02
 2.771449703e-02 2.464299403e-02 2.192315525e-02 1.979591112e-02 1.806490242e-02
 1.672013423e-02 1.581251132e-02 1.541314113e-02 1.552137538e-02 1.608106238e-02
 1.702722264e-02 1.831800361e-02 1.993951075e-02 2.189855936e-02 2.421562508e-02
 2.692184871e-02 3.006022369e-02 3.369028403e-02 3.789561440e-02 4.279251263e-02
 4.853044749e-02 5.523174392e-02 6.258922241e-02 6.865331148e-02 7.101443121e-02
 6.931029131e-02 6.551517864e-02 6.187926343e-02 5.890790453e-02 5.652484846e-02
 5.456768628e-02 5.286561452e-02 5.122504126e-02 4.937739524e-02 4.689122803e-02
 4.578364273e-02 4.791490495e-02 5.349832155e-02 6.011561646e-02 6.661435349e-02
 7.367878146e-02 8.212551000e-02 9.281032036e-02 9.895812440e-02 9.833823639e-02
 9.087536420e-02 8.407770189e-02 7.907524316e-02 7.515716925e-02 7.193906456e-02
 6.920619138e-02 6.683192723e-02 6.473770469e-02 6.287253898e-02 6.120191158e-02
 5.970129888e-02 5.835197709e-02 5.713807809e-02 5.604522351e-02 5.506527601e-02
 2.955793838e-03 6.737733803e-03 1.212000221e-02 1.916920509e-02 2.735902205e-02
 3.052632230e-02 2.714687525e-02 2.540761613e-02 2.412998695e-02 2.302601420e-02
 2.210860024e-02 2.143893129e-02 2.105868714e-02 2.099119261e-02 2.124297534e-02
 2.181050250e-02 2.268774640e-02 2.387130920e-02 2.536245121e-02 2.716696524e-02
 2.929391350e-02 3.175351031e-02 3.455341939e-02 3.769141766e-02 4.114050033e-02
 4.482057957e-02 4.855378174e-02 5.202301346e-02 5.479751340e-02 5.660527101e-02
 5.735738566e-02 5.721694087e-02 5.656260375e-02 5.571677773e-02 5.488067852e-02
 5.415787461e-02 5.359993577e-02 5.325011728e-02 5.319280176e-02 5.361081427e-02
 5.478430539e-02 5.694065157e-02 6.008351917e-02 6.399088349e-02 6.837257421e-02
 7.296767722e-02 7.745310486e-02 8.129092801e-02 8.378816434e-02 8.450822831e-02
 8.360009143e-02 8.167112249e-02 7.933001978e-02 7.693222725e-02 7.463161377e-02
 7.248189159e-02 7.049487024e-02 6.866629389e-02 6.698640514e-02 6.544407765e-02
 6.402830107e-02 6.272858841e-02 6.153499353e-02 6.043813606e-02 5.943414806e-02
 3.188984100e-03 7.244351971e-03 1.296940541e-02 2.039271094e-02 2.890936688e-02
 3.233943953e-02 2.947297429e-02 2.815274505e-02 2.729942126e-02 2.651055416e-02
 2.583657800e-02 2.531325990e-02 2.497109410e-02 2.483400174e-02 2.491907460e-02
 2.523754683e-02 2.579638575e-02 2.659977066e-02 2.764993547e-02 2.894712903e-02
 3.048859869e-02 3.226648754e-02 3.426443926e-02 3.645269475e-02 3.878183124e-02
 4.117648049e-02 4.353269359e-02 4.572520987e-02 4.762973685e-02 4.914602037e-02
 5.031698926e-02 5.114051704e-02 5.168721990e-02 5.207302233e-02 5.240587027e-02
 5.278254926e-02 5.328852503e-02 5.400316252e-02 5.500574213e-02 5.637531269e-02
 5.817869378e-02 6.044786901e-02 6.315666279e-02 6.621100532e-02 6.945480872e-02
 7.268163246e-02 7.564849026e-02 7.810254135e-02 7.983094461e-02 8.072154674e-02
 8.079812999e-02 8.020150015e-02 7.912750349e-02 7.776376920e-02 7.625585858e-02
 7.470240862e-02 7.316430203e-02 7.167631673e-02 7.025658459e-02 6.891310684e-02
 6.764789947e-02 6.645952138e-02 6.534457847e-02 6.429841331e-02 6.330515084e-02
 3.347833360e-03 7.592466735e-03 1.356224446e-02 2.126824565e-02 3.010412187e-02
 3.388294752e-02 3.123571153e-02 3.025085477e-02 2.963176140e-02 2.904546785e-02
 2.851334322e-02 2.806330184e-02 2.772160947e-02 2.751137124e-02 2.745180967e-02
 2.755807989e-02 2.784141416e-02 2.830934711e-02 2.896579545e-02 2.981082994e-02
 3.084005238e-02 3.204356718e-02 3.340463372e-02 3.489823654e-02 3.649004706e-02
 3.813654170e-02 3.978722836e-02 4.138971014e-02 4.289742541e-02 4.427831620e-02
 4.551921306e-02 4.663242360e-02 4.768754651e-02 4.869728706e-02 4.971272792e-02
 5.077500968e-02 5.198303588e-02 5.338942000e-02 5.505317461e-02 5.701259268e-02
 5.925887079e-02 6.180583786e-02 6.464023602e-02 6.770920781e-02 7.090632881e-02
 7.405053525e-02 7.688875292e-02 7.917173608e-02 8.073287176e-02 8.150911534e-02
 8.155260469e-02 8.102944126e-02 8.014513089e-02 7.905759880e-02 7.786666049e-02
 7.663405342e-02 7.539819261e-02 7.418260989e-02 7.300110305e-02 7.186110398e-02
 7.076593885e-02 6.971634146e-02 6.871145656e-02 6.774971630e-02 6.683883342e-02
 3.477339903e-03 7.879306893e-03 1.405735867e-02 2.200974015e-02 3.112309585e-02
 3.518935876e-02 3.280030176e-02 3.197365491e-02 3.151830951e-02 3.103267717e-02
 3.054542032e-02 3.008579447e-02 2.968109628e-02 2.935536534e-02 2.912896437e-02
 2.901856664e-02 2.903727777e-02 2.919475154e-02 2.949721960e-02 2.994738310e-02
 3.054416941e-02 3.128241307e-02 3.215256120e-02 3.314055955e-02 3.422812627e-02
 3.539363656e-02 3.661378041e-02 3.786596708e-02 3.913120394e-02 4.039694388e-02
 4.165927885e-02 4.292384744e-02 4.420623947e-02 4.553760069e-02 4.694543734e-02
 4.845304652e-02 5.011331016e-02 5.196670415e-02 5.405098608e-02 5.639361837e-02
 5.900517420e-02 6.191097683e-02 6.514040387e-02 6.872737202e-02 7.272563029e-02
 7.733617906e-02 8.154527538e-02 8.455802037e-02 8.622679198e-02 8.645823735e-02
 8.526978571e-02 8.339440416e-02 8.194558089e-02 8.067788596e-02 7.951907691e-02
 7.843117329e-02 7.739287856e-02 7.639206996e-02 7.542168327e-02 7.447741351e-02
 7.355646180e-02 7.265687772e-02 7.177722853e-02 7.091628322e-02 7.006598567e-02
 3.601636148e-03 8.159598612e-03 1.455326854e-02 2.277466596e-02 3.216844391e-02
 3.648066065e-02 3.440430428e-02 3.374349888e-02 3.331669196e-02 3.278905448e-02
 3.221625796e-02 3.163840944e-02 3.108545410e-02 3.058102715e-02 3.014447102e-02
 2.979185463e-02 2.953650103e-02 2.938927268e-02 2.935872371e-02 2.945104303e-02
 2.966987883e-02 3.001621281e-02 3.048832275e-02 3.108189308e-02 3.179034752e-02
 3.260548388e-02 3.351848956e-02 3.452109009e-02 3.560666954e-02 3.677140143e-02
 3.801520890e-02 3.934241535e-02 4.076191781e-02 4.228671030e-02 4.393302152e-02
 4.571992467e-02 4.766903407e-02 4.980343755e-02 5.214714735e-02 5.472610567e-02
 5.757105434e-02 6.072130563e-02 6.422914528e-02 6.817086325e-02 7.266778265e-02
 7.787386692e-02 8.259105420e-02 8.581682815e-02 8.755558358e-02 8.775924275e-02
 8.636570510e-02 8.432907069e-02 8.284690608e-02 8.169975867e-02 8.074478047e-02
 7.989994305e-02 7.911665122e-02 7.836564913e-02 7.762926347e-02 7.689693564e-02
 7.616256318e-02 7.542287998e-02 7.467646169e-02 7.392319840e-02 7.316688530e-02
 3.724947801e-03 8.444370206e-03 1.507672157e-02 2.363200909e-02 3.352877880e-02
 3.859266271e-02 3.721918342e-02 3.613984077e-02 3.529143719e-02 3.445793668e-02
 3.362961466e-02 3.281621235e-02 3.203019743e-02 3.128457027e-02 3.059215427e-02
 2.996526631e-02 2.941554866e-02 2.895388783e-02 2.859113803e-02 2.833763681e-02
 2.820218899e-02 2.819196396e-02 2.831240497e-02 2.856716702e-02 2.895807596e-02
 2.948505666e-02 3.014784837e-02 3.094676829e-02 3.188190224e-02 3.295360498e-02
 3.416299739e-02 3.551259843e-02 3.700653915e-02 3.865023151e-02 4.045011038e-02
 4.241337144e-02 4.454755531e-02 4.686017727e-02 4.935869852e-02 5.205186533e-02
 5.495826253e-02 5.813498045e-02 6.162798013e-02 6.541797127e-02 6.952670130e-02
 7.394304430e-02 7.802460823e-02 8.102689008e-02 8.284509072e-02 8.334862817e-02
 8.300805837e-02 8.259823098e-02 8.217986223e-02 8.178390444e-02 8.140531309e-02
 8.102785023e-02 8.063581652e-02 8.021722749e-02 7.976412373e-02 7.927200492e-02
 7.873907436e-02 7.816551977e-02 7.755288753e-02 7.690369969e-02 7.622906035e-02
 3.830221830e-03 8.688149373e-03 1.552620086e-02 2.436953273e-02 3.462957256e-02
 4.016674370e-02 3.939305070e-02 3.806045699e-02 3.687260222e-02 3.572626711e-02
 3.461612276e-02 3.353495809e-02 3.248278956e-02 3.146432372e-02 3.048705764e-02
 2.956014142e-02 2.869371596e-02 2.790028217e-02 2.719389783e-02 2.658853993e-02
 2.609780777e-02 2.573466703e-02 2.551122185e-02 2.543851698e-02 2.552638081e-02
 2.578333340e-02 2.621662437e-02 2.683214316e-02 2.763408930e-02 2.862452733e-02
 2.980263194e-02 3.116832072e-02 3.272318188e-02 3.446681161e-02 3.639746733e-02
 3.851272842e-02 4.080857966e-02 4.327856787e-02 4.591219195e-02 4.869138929e-02
 5.157432275e-02 5.466075227e-02 5.808612059e-02 6.161757891e-02 6.518567938e-02
 6.864630456e-02 7.182802937e-02 7.457967062e-02 7.680829208e-02 7.850524781e-02
 7.974369761e-02 8.063524623e-02 8.127591392e-02 8.172926757e-02 8.203291435e-02
 8.220806243e-02 8.226690549e-02 8.221736851e-02 8.206580369e-02 8.181834538e-02
 8.148146894e-02 8.106211160e-02 8.056757070e-02 8.000505989e-02 7.936668686e-02
 3.900274698e-03 8.846645726e-03 1.580723307e-02 2.480226338e-02 3.522920080e-02
 4.091747341e-02 4.023944856e-02 3.892070801e-02 3.762499438e-02 3.631990817e-02
 3.500824204e-02 3.369578155e-02 3.238842413e-02 3.109306886e-02 2.981789941e-02
 2.857236783e-02 2.736927004e-02 2.622490837e-02 2.515670739e-02 2.418289697e-02
 2.332218832e-02 2.259343484e-02 2.201527871e-02 2.160578607e-02 2.138207593e-02
 2.135994822e-02 2.155350868e-02 2.197477228e-02 2.263324230e-02 2.353549389e-02
 2.468481609e-02 2.608106044e-02 2.771999579e-02 2.959181453e-02 3.168283692e-02
 3.398573747e-02 3.648862312e-02 3.917715294e-02 4.203417291e-02 4.503941802e-02
 4.816880838e-02 5.140249301e-02 5.465780905e-02 5.817928743e-02 6.175007182e-02
 6.516638595e-02 6.837651440e-02 7.132458203e-02 7.396588554e-02 7.627767555e-02
 7.826017863e-02 7.993048220e-02 8.131364131e-02 8.243557788e-02 8.331958793e-02
 8.398567639e-02 8.445125761e-02 8.473216988e-02 8.484349467e-02 8.480003243e-02
 8.461646658e-02 8.430731113e-02 8.388674692e-02 8.336866152e-02 8.277691444e-02
 3.934794710e-03 8.922266401e-03 1.593496634e-02 2.498633106e-02 3.549800302e-02
 4.128700334e-02 4.049730396e-02 3.914925912e-02 3.777259463e-02 3.633367968e-02
 3.484433504e-02 3.331544694e-02 3.175710134e-02 3.017924802e-02 2.859223475e-02
 2.700925570e-02 2.544847256e-02 2.392991853e-02 2.247534864e-02 2.110800784e-02
 1.985231562e-02 1.873347596e-02 1.777701888e-02 1.700828181e-02 1.645184105e-02
 1.613090565e-02 1.606668692e-02 1.627775656e-02 1.677940969e-02 1.758305282e-02
 1.869563394e-02 2.011911445e-02 2.184995147e-02 2.387862869e-02 2.618943801e-02
 2.876017877e-02 3.155954305e-02 3.456789903e-02 3.776374995e-02 4.112376507e-02
 4.462269084e-02 4.823373342e-02 5.192917433e-02 5.567572305e-02 5.942081029e-02
 6.309845796e-02 6.664567371e-02 7.000766695e-02 7.313882340e-02 7.600366082e-02
 7.857732348e-02 8.084506891e-02 8.280095969e-02 8.444631169e-02 8.578832538e-02
 8.683902097e-02 8.761437724e-02 8.813352251e-02 8.841788617e-02 8.849030525e-02
 8.837413986e-02 8.809246944e-02 8.766742658e-02 8.711958858e-02 8.646388388e-02
 3.942535566e-03 8.937421074e-03 1.595590395e-02 2.500654388e-02 3.546450165e-02
 4.113160839e-02 4.041827895e-02 3.900685601e-02 3.751076190e-02 3.591537702e-02
 3.423264659e-02 3.247353707e-02 3.064879631e-02 2.876927732e-02 2.684779656e-02
 2.490364701e-02 2.295856376e-02 2.103676403e-02 1.916487738e-02 1.737174714e-02
 1.568810609e-02 1.414612823e-02 1.277886328e-02 1.161956474e-02 1.070092797e-02
 1.005425956e-02 9.708603902e-03 9.689856146e-03 1.001989227e-02 1.071574628e-02
 1.178886091e-02 1.324443260e-02 1.508086148e-02 1.728931713e-02 1.985342487e-02
 2.274902964e-02 2.594404979e-02 2.939892083e-02 3.306583527e-02 3.692016350e-02
 4.093324776e-02 4.507370650e-02 4.930629306e-02 5.359055157e-02 5.788002085e-02
 6.212292771e-02 6.626422215e-02 7.024799038e-02 7.401973885e-02 7.752860075e-02
 8.072956515e-02 8.358566628e-02 8.606993186e-02 8.816681498e-02 8.987283416e-02
 9.119623601e-02 9.215566624e-02 9.277803506e-02 9.309591962e-02 9.314490215e-02
 9.296118997e-02 9.257973794e-02 9.203295080e-02 9.134986792e-02 9.055484769e-02
 3.932191953e-03 8.912278471e-03 1.590679828e-02 2.492136666e-02 3.535271692e-02
 4.100849359e-02 4.012447652e-02 3.860535544e-02 3.695542495e-02 3.517462242e-02
 3.327197108e-02 3.125694302e-02 2.913931752e-02 2.692953426e-02 2.464639354e-02
 2.231177920e-02 1.995082587e-02 1.759200447e-02 1.526707417e-02 1.301088658e-02
 1.086102866e-02 8.857299094e-03 7.041020432e-03 5.454198740e-03 4.138551776e-03
 3.134436151e-03 2.479712058e-03 2.208590039e-03 2.350507251e-03 2.929079887e-03
 3.961173512e-03 5.456123960e-03 7.415130469e-03 9.830828735e-03 1.268703645e-02
 1.595864907e-02 1.961164415e-02 2.360313372e-02 2.788138035e-02 3.238590898e-02
 3.707805236e-02 4.192738538e-02 4.689971445e-02 5.195579107e-02 5.705012946e-02
 6.213008681e-02 6.713539454e-02 7.199837869e-02 7.664522879e-02 8.099874516e-02
 8.498283993e-02 8.852859712e-02 9.158102548e-02 9.410507985e-02 9.608942294e-02
 9.754688592e-02 9.851149567e-02 9.903290012e-02 9.916964384e-02 9.898279479e-02
 9.853096821e-02 9.786714020e-02 9.703711122e-02 9.607941010e-02 9.503542400e-02
 3.910119485e-03 8.861068480e-03 1.581249137e-02 2.476787800e-02 3.511432037e-02
 4.065582385e-02 3.966933449e-02 3.801716534e-02 3.618816281e-02 3.419549314e-02
 3.204616093e-02 2.974744212e-02 2.730710901e-02 2.474005741e-02 2.206655692e-02
 1.931079256e-02 1.650114066e-02 1.367031382e-02 1.085535206e-02 8.097432155e-03
 5.441474328e-03 2.935533838e-03 6.299760816e-04-1.423553066e-03-3.173335737e-03
-4.568929253e-03-5.562599210e-03-6.110775987e-03-6.175467035e-03-5.725557613e-03
-4.737938949e-03-3.198414916e-03-1.102355615e-03 1.544913028e-03 4.727971854e-03
 8.421388181e-03 1.258995899e-02 1.718904831e-02 2.216491461e-02 2.745491896e-02
 3.298773710e-02 3.872248830e-02 4.463287046e-02 5.068711220e-02 5.684540616e-02
 6.305666440e-02 6.925470933e-02 7.535445843e-02 8.124941311e-02 8.681269571e-02
 9.190428197e-02 9.638577425e-02 1.001406707e-01 1.030944517e-01 1.052277338e-01
 1.065779590e-01 1.072291364e-01 1.072934266e-01 1.068910676e-01 1.061345945e-01
 1.051199810e-01 1.039239360e-01 1.026050557e-01 1.012064284e-01 9.974324184e-02
 3.880747459e-03 8.793619689e-03 1.569000105e-02 2.457178287e-02 3.480718017e-02
 4.019179843e-02 3.913879179e-02 3.730414328e-02 3.527576526e-02 3.305047597e-02
 3.063236296e-02 2.802595824e-02 2.524027772e-02 2.229221619e-02 1.920307663e-02
 1.599903599e-02 1.271151037e-02 9.377381625e-03 6.039042334e-03 2.744221598e-03
-4.544397825e-04-3.500085451e-03-6.332617347e-03-8.889936057e-03-1.110941679e-02
-1.292957001e-02-1.429181733e-02-1.514229891e-02-1.543362005e-02-1.512644379e-02
-1.419084422e-02-1.260735075e-02-1.036763666e-02-7.474833072e-03-3.943479349e-03
 2.008492168e-04 4.922168658e-03 1.017487749e-02 1.590460872e-02 2.204902922e-02
 2.853839513e-02 3.529598974e-02 4.230498492e-02 4.955343694e-02 5.702329422e-02
 6.468466422e-02 7.248676692e-02 8.034430709e-02 8.811909254e-02 9.560137894e-02
 1.025057653e-01 1.085039628e-01 1.132977847e-01 1.166984118e-01 1.186747934e-01
 1.193582513e-01 1.190011193e-01 1.179005709e-01 1.163249775e-01 1.144774575e-01
 1.124953179e-01 1.104649517e-01 1.084378938e-01 1.064434383e-01 1.045063725e-01
 3.847305337e-03 8.717086156e-03 1.555167028e-02 2.435182511e-02 3.452682808e-02
 3.987575415e-02 3.852058966e-02 3.651979503e-02 3.427974226e-02 3.180842049e-02
 2.910727688e-02 2.617806352e-02 2.303294161e-02 1.968870330e-02 1.616740240e-02
 1.249694670e-02 8.711587970e-03 4.852254472e-03 9.666728307e-04-2.890771988e-03
-6.659481908e-03-1.027342708e-02-1.366227627e-02-1.675286647e-02-1.947097623e-02
-2.174333967e-02-2.349981321e-02-2.467558614e-02-2.521331372e-02-2.506504875e-02
-2.419385645e-02-2.257501737e-02-2.019675234e-02-1.706043898e-02-1.318032739e-02
-8.582798816e-03-3.305242103e-03 2.605353880e-03 9.093976427e-03 1.609920625e-02
 2.355475126e-02 3.139064992e-02 3.956190685e-02 4.809248327e-02 5.701183340e-02
 6.635262255e-02 7.614448729e-02 8.639861435e-02 9.706988203e-02 1.079613077e-01
 1.185138860e-01 1.276860292e-01 1.344695095e-01 1.383361474e-01 1.392258332e-01
 1.375904036e-01 1.343843019e-01 1.306080576e-01 1.268127904e-01 1.232089280e-01
 1.198585033e-01 1.167643085e-01 1.139064441e-01 1.112578000e-01 1.087908815e-01
 3.812398211e-03 8.637290833e-03 1.540769461e-02 2.412306801e-02 3.415021990e-02
 3.928389568e-02 3.790928126e-02 3.571348649e-02 3.325743393e-02 3.053604429e-02
 2.754703688e-02 2.429364737e-02 2.078729016e-02 1.704455190e-02 1.308804179e-02
 8.947165114e-03 4.658774020e-03 2.676365778e-04-4.173339962e-03-8.603195151e-03
-1.295336711e-02-1.714855256e-02-2.110799619e-02-2.474720248e-02-2.798002992e-02
-3.072109275e-02-3.288836140e-02-3.440582542e-02-3.520606476e-02-3.523257021e-02
-3.444166446e-02-3.280389921e-02-3.030484119e-02-2.694520400e-02-2.274033010e-02
-1.771906975e-02-1.192213735e-02-5.400044186e-03 1.789293485e-03 9.583193354e-03
 1.791705720e-02 2.672749934e-02 3.595593744e-02 4.563373603e-02 5.584553047e-02
 6.670818844e-02 7.838498249e-02 9.110861828e-02 1.052232254e-01 1.212843053e-01
 1.404609744e-01 1.571359669e-01 1.679398850e-01 1.721856331e-01 1.696575238e-01
 1.614683153e-01 1.505496757e-01 1.423004096e-01 1.356883415e-01 1.302207385e-01
 1.255921140e-01 1.215947254e-01 1.180813450e-01 1.149448489e-01 1.121006781e-01
 3.778313144e-03 8.559398441e-03 1.526724248e-02 2.390027281e-02 3.383254416e-02
 3.886163809e-02 3.730666789e-02 3.493025229e-02 3.226531309e-02 2.930205416e-02
 2.603481640e-02 2.246860803e-02 1.861365156e-02 1.448599855e-02 1.010850541e-02
 5.511758724e-03 7.348806147e-04-4.173861022e-03-9.156717559e-03-1.414647949e-02
-1.906692337e-02-2.383374230e-02-2.835599117e-02-3.253804421e-02-3.628202187e-02
-3.949059996e-02-4.207007184e-02-4.393349814e-02-4.500375550e-02-4.521628819e-02
-4.452137849e-02-4.288578208e-02-4.029362075e-02-3.674648086e-02-3.226272490e-02
-2.687607713e-02-2.063358518e-02-1.359308114e-02-5.820264073e-03 2.614503568e-03
 1.163965549e-02 2.118620027e-02 3.119204068e-02 4.163359205e-02 5.260950246e-02
 6.425925880e-02 7.678349045e-02 9.047861973e-02 1.057970435e-01 1.234522065e-01
 1.450623473e-01 1.621152909e-01 1.782971788e-01 1.806760870e-01 1.771327780e-01
 1.676484357e-01 1.550742652e-01 1.458174871e-01 1.385850536e-01 1.327435256e-01
 1.278848235e-01 1.237402542e-01 1.201275737e-01 1.169198162e-01 1.140371528e-01
 3.747114806e-03 8.488098803e-03 1.513869719e-02 2.369643592e-02 3.355617326e-02
 3.851161845e-02 3.673821687e-02 3.421339892e-02 3.135733030e-02 2.817176832e-02
 2.465109151e-02 2.079927978e-02 1.662547327e-02 1.214512763e-02 7.381166039e-03
 2.365075804e-03-2.862122289e-03-8.249116146e-03-1.373384888e-02-1.924346422e-02
-2.469473872e-02-2.999507174e-02-3.504407549e-02-3.973576853e-02-4.396132782e-02
-4.761230161e-02-5.058413391e-02-5.277980710e-02-5.411337969e-02-5.451318690e-02
-5.392448537e-02-5.231136070e-02-4.965777282e-02-4.596768446e-02-4.126429143e-02
-3.558844196e-02-2.899638743e-02-2.155704100e-02-1.334893295e-02-4.457040639e-03
 5.030357495e-03 1.502469553e-02 2.543992887e-02 3.619510671e-02 4.730406206e-02
 5.884330586e-02 7.090562316e-02 8.359862940e-02 9.703206658e-02 1.112589381e-01
 1.258525562e-01 1.384312396e-01 1.480634893e-01 1.533711766e-01 1.538557378e-01
 1.502429214e-01 1.445736554e-01 1.391699080e-01 1.343688493e-01 1.301281988e-01
 1.263610701e-01 1.229820061e-01 1.199175705e-01 1.171075928e-01 1.144896573e-01
 3.720637463e-03 8.427578128e-03 1.502958121e-02 2.352319628e-02 3.326852541e-02
 3.804979953e-02 3.628683746e-02 3.360520283e-02 3.058584457e-02 2.721088497e-02
 2.347462082e-02 1.937963789e-02 1.493399343e-02 1.015248638e-02 5.057948786e-03
-3.175101157e-04-5.931387940e-03-1.172989612e-02-1.764739511e-02-2.360626673e-02
-2.951732633e-02-3.528085975e-02-4.078833868e-02-4.592482379e-02-5.057201021e-02
-5.461180868e-02-5.793029573e-02-6.042181369e-02-6.199296691e-02-6.256624838e-02
-6.208304719e-02-6.050583085e-02-5.781936396e-02-5.403090801e-02-4.916943582e-02
-4.328397789e-02-3.644128673e-02-2.872305300e-02-2.022293232e-02-1.104364673e-02
-1.294417881e-03 8.911015163e-03 1.945552430e-02 3.021852196e-02 4.108823959e-02
 5.206400867e-02 6.312586830e-02 7.421633365e-02 8.520961311e-02 9.586695240e-02
 1.058007742e-01 1.145135142e-01 1.215282393e-01 1.265172396e-01 1.294041827e-01
 1.304125852e-01 1.299986003e-01 1.286748583e-01 1.268462386e-01 1.247693639e-01
 1.225899146e-01 1.203862914e-01 1.181990378e-01 1.160481681e-01 1.139501644e-01
 3.700426405e-03 8.381372904e-03 1.494626914e-02 2.339118256e-02 3.310941059e-02
 3.789327001e-02 3.591692172e-02 3.313999811e-02 2.999637681e-02 2.647645289e-02
 2.257510155e-02 1.829376428e-02 1.363957395e-02 8.626729882e-03 3.277898394e-03
-2.374427371e-03-8.286694830e-03-1.440328982e-02-2.065588042e-02-2.696322742e-02
-3.323157657e-02-3.935572929e-02-4.522085515e-02-5.070506117e-02-5.568267255e-02
-6.002811163e-02-6.362019432e-02-6.634660480e-02-6.810826927e-02-6.882333631e-02
-6.843048884e-02-6.689136187e-02-6.419191675e-02-6.034271637e-02-5.537814729e-02
-4.935472906e-02-4.234872961e-02-3.445335948e-02-2.577584551e-02-1.643468755e-02
-6.557387971e-03 3.721079192e-03 1.425881113e-02 2.490629258e-02 3.550421778e-02
 4.596380113e-02 5.623080811e-02 6.622109999e-02 7.581441158e-02 8.485217167e-02
 9.314503924e-02 1.004945531e-01 1.067267556e-01 1.117282102e-01 1.154722845e-01
 1.180255795e-01 1.195305594e-01 1.201708933e-01 1.201345962e-01 1.195885546e-01
 1.186681086e-01 1.174772935e-01 1.160938462e-01 1.145751868e-01 1.129672211e-01
 3.687663093e-03 8.352188540e-03 1.489363881e-02 2.330760875e-02 3.296393062e-02
 3.765490049e-02 3.569500472e-02 3.284663486e-02 2.962442796e-02 2.601309589e-02
 2.200759725e-02 1.760860697e-02 1.282263756e-02 7.663472182e-03 2.153634152e-03
-3.674178571e-03-9.775784844e-03-1.609444654e-02-2.256015179e-02-2.908938362e-02
-3.558549749e-02-4.193981231e-02-4.803348470e-02-5.374018568e-02-5.892953464e-02
-6.347117328e-02-6.723928972e-02-7.011734025e-02-7.200267292e-02-7.281074250e-02
-7.247862508e-02-7.096759324e-02-6.826459453e-02-6.438257759e-02-5.935971794e-02
-5.325769690e-02-4.615926877e-02-3.816540592e-02-2.939233376e-02-1.996875836e-02
-1.003355227e-02 2.658965461e-04 1.077454972e-02 2.132977730e-02 3.176073120e-02
 4.192310050e-02 5.176250406e-02 6.120597783e-02 7.016327356e-02 7.853090299e-02
 8.619972928e-02 9.306602109e-02 9.904451150e-02 1.040807418e-01 1.081595329e-01
 1.113071813e-01 1.135867748e-01 1.150881732e-01 1.159157088e-01 1.161767700e-01
 1.159732985e-01 1.153967283e-01 1.145258287e-01 1.134263374e-01 1.121426810e-01
 3.683104147e-03 8.341757975e-03 1.487481054e-02 2.327764383e-02 3.291219619e-02
 3.756693682e-02 3.561909752e-02 3.274223168e-02 2.949272129e-02 2.584959230e-02
 2.180776463e-02 1.736767022e-02 1.253561808e-02 7.325252116e-03 1.759048495e-03
-4.130221607e-03-1.029815553e-02-1.668761923e-02-2.322800856e-02-2.983500261e-02
-3.641093573e-02-4.284589547e-02-4.901961867e-02-5.480420630e-02-6.006761200e-02
-6.467778545e-02-6.850727765e-02-7.143805058e-02-7.336618941e-02-7.420620035e-02
-7.389459615e-02-7.239252524e-02-6.968728452e-02-6.579265940e-02-6.074814531e-02
-5.461720791e-02-4.748482211e-02-3.945458369e-02-3.064570686e-02-2.119020612e-02
-1.123051412e-02-9.177111542e-04 9.589559603e-03 2.012554734e-02 3.051743592e-02
 4.060371068e-02 5.033227842e-02 5.963587679e-02 6.843456032e-02 7.664022820e-02
 8.416332729e-02 9.092129777e-02 9.684766134e-02 1.019001439e-01 1.060661445e-01
 1.093643338e-01 1.118420858e-01 1.135694781e-01 1.146313581e-01 1.151191792e-01
 1.151239770e-01 1.147312304e-01 1.140177357e-01 1.130504627e-01 1.118973821e-01
 3.687037991e-03 8.350751206e-03 1.489102082e-02 2.330348136e-02 3.299065703e-02
 3.774288168e-02 3.566954862e-02 3.283349606e-02 2.960991906e-02 2.599649770e-02
 2.198847391e-02 1.758655788e-02 1.279728280e-02 7.634449952e-03 2.120604111e-03
-3.711527691e-03-9.817724297e-03-1.614119397e-02-2.261185565e-02-2.914610643e-02
-3.564719878e-02-4.200633249e-02-4.810453100e-02-5.381532142e-02-5.900817285e-02
-6.355257555e-02-6.732257052e-02-7.020147634e-02-7.208651683e-02-7.289303823e-02
-7.255802345e-02-7.104266367e-02-6.833382985e-02-6.444438806e-02-5.941241098e-02
-5.329943921e-02-4.618802842e-02-3.817887296e-02-2.938781995e-02-1.994307967e-02
-9.982903644e-03 3.460558473e-04 1.088956633e-02 2.148577342e-02 3.196437685e-02
 4.218349448e-02 5.208858122e-02 6.160527173e-02 7.064019598e-02 7.908477310e-02
 8.682306839e-02 9.374380004e-02 9.975491474e-02 1.047975723e-01 1.088557992e-01
 1.119589341e-01 1.141761150e-01 1.156046774e-01 1.163561631e-01 1.165437066e-01
 1.162730701e-01 1.156377164e-01 1.147170932e-01 1.135767489e-01 1.122590294e-01
 3.699240967e-03 8.378660307e-03 1.494136724e-02 2.338324362e-02 3.306446758e-02
 3.777120320e-02 3.590711389e-02 3.311658248e-02 2.996902121e-02 2.644468639e-02
 2.253825126e-02 1.825114986e-02 1.359052332e-02 8.570590451e-03 3.214051507e-03
-2.446547824e-03-8.367579612e-03-1.449332771e-02-2.075532860e-02-2.707218019e-02
-3.334993398e-02-3.948316794e-02-4.535680318e-02-5.084867989e-02-5.583284662e-02
-6.018344924e-02-6.377903788e-02-6.650705148e-02-6.826819936e-02-6.898044600e-02
-6.858232255e-02-6.703533846e-02-6.432534269e-02-6.046277903e-02-5.548188102e-02
-4.943894710e-02-4.240991519e-02-3.448750999e-02-2.577826446e-02-1.639972091e-02
-6.478104814e-03 3.853253831e-03 1.445448875e-02 2.517848420e-02 3.586859071e-02
 4.644211212e-02 5.684714760e-02 6.699970044e-02 7.677522674e-02 8.600402423e-02
 9.447779862e-02 1.019738468e-01 1.082946725e-01 1.133109390e-01 1.169930981e-01
 1.194194217e-01 1.207549134e-01 1.212087976e-01 1.209900748e-01 1.202786510e-01
 1.192156562e-01 1.179060906e-01 1.164260652e-01 1.148303101e-01 1.131629869e-01
 3.718974662e-03 8.423786616e-03 1.502276435e-02 2.351252679e-02 3.327203016e-02
 3.809588022e-02 3.625063467e-02 3.357214004e-02 3.054744048e-02 2.716593648e-02
 2.342225822e-02 1.931898540e-02 1.486417969e-02 1.007266335e-02 4.967314777e-03
-4.196828223e-04-6.045720641e-03-1.185686697e-02-1.778729921e-02-2.375917472e-02
-2.968304379e-02-3.545889023e-02-4.097785329e-02-4.612464051e-02-5.078058544e-02
-5.482724302e-02-5.815035449e-02-6.064396134e-02-6.221441273e-02-6.278399884e-02
-6.229395876e-02-6.070665569e-02-5.800677979e-02-5.420152271e-02-4.931975723e-02
-4.341033858e-02-3.653971308e-02-2.878906657e-02-2.025126888e-02-1.102787420e-02
-1.226428703e-03 9.041670020e-03 1.966249929e-02 3.051979493e-02 4.151097741e-02
 5.264465271e-02 6.391277296e-02 7.527140955e-02 8.660579369e-02 9.767251630e-02
 1.080400978e-01 1.171271417e-01 1.243763431e-01 1.294010734e-01 1.321063344e-01
 1.327588386e-01 1.319103540e-01 1.301710822e-01 1.279934106e-01 1.256397783e-01
 1.232460018e-01 1.208779710e-01 1.185651321e-01 1.163185614e-01 1.141465854e-01
 3.745045977e-03 8.483392757e-03 1.513026297e-02 2.368313262e-02 3.352815698e-02
 3.846015721e-02 3.671217670e-02 3.417308129e-02 3.130968121e-02 2.811579018e-02
 2.458579071e-02 2.072366327e-02 1.653856565e-02 1.204599136e-02 7.268927845e-03
 2.238959055e-03-3.002759729e-03-8.404739678e-03-1.390470205e-02-1.942952290e-02
-2.489566741e-02-3.021018516e-02-3.527230917e-02-3.997566174e-02-4.421102188e-02
-4.786955566e-02-5.084635888e-02-5.304411681e-02-5.437665620e-02-5.477215513e-02
-5.417579049e-02-5.255164001e-02-4.988371330e-02-4.617605638e-02-4.145194825e-02
-3.575227670e-02-2.913323456e-02-2.166351126e-02-1.342116372e-02-4.490335957e-03
 5.042039415e-03 1.508947525e-02 2.556907729e-02 3.640460161e-02 4.761925371e-02
 5.930262973e-02 7.156832898e-02 8.455904530e-02 9.844914542e-02 1.134387139e-01
 1.294545317e-01 1.428457829e-01 1.533788705e-01 1.588185363e-01 1.586990230e-01
 1.538946100e-01 1.468046949e-01 1.406464323e-01 1.353837214e-01 1.308375325e-01
 1.268599903e-01 1.233322231e-01 1.201608124e-01 1.172730193e-01 1.145998182e-01
 3.775888516e-03 8.553894005e-03 1.525740242e-02 2.388475198e-02 3.379876711e-02
 3.878763593e-02 3.726985689e-02 3.488356124e-02 3.221005721e-02 2.923720091e-02
 2.595916805e-02 2.238117876e-02 1.851348200e-02 1.437218134e-02 9.980216272e-03
 5.368292125e-03 5.756898835e-04-4.349120119e-03-9.348141407e-03-1.435387181e-02
-1.928975408e-02-2.407111350e-02-2.860661413e-02-3.280023085e-02-3.655369396e-02
-3.976931812e-02-4.235308494e-02-4.421781246e-02-4.528622048e-02-4.549369447e-02
-4.479056191e-02-4.314372652e-02-4.053755209e-02-3.697394443e-02-3.247163963e-02
-2.706476059e-02-2.080074493e-02-1.373776912e-02-5.941790724e-03 2.516699711e-03
 1.156618794e-02 2.113798792e-02 3.117067507e-02 4.164105151e-02 5.265021422e-02
 6.434151399e-02 7.692161813e-02 9.069652075e-02 1.061325202e-01 1.239495012e-01
 1.450596492e-01 1.634124869e-01 1.753559901e-01 1.801531619e-01 1.772912434e-01
 1.678420484e-01 1.555405931e-01 1.461184222e-01 1.387661131e-01 1.328424873e-01
 1.279270599e-01 1.237427152e-01 1.201019458e-01 1.168744666e-01 1.139782374e-01
 3.809640488e-03 8.631042635e-03 1.539655326e-02 2.410576692e-02 3.416346449e-02
 3.936682820e-02 3.785012192e-02 3.566090394e-02 3.319568881e-02 3.046378591e-02
 2.746307512e-02 2.419707366e-02 2.067724733e-02 1.692026382e-02 1.294884193e-02
 8.792529932e-03 4.488360653e-03 8.132338895e-05-4.375412005e-03-8.820582941e-03
-1.318529093e-02-1.739387028e-02-2.136518994e-02-2.501438124e-02-2.825495123e-02
-3.100120534e-02-3.317086970e-02-3.468777511e-02-3.548444689e-02-3.550444017e-02
-3.470427055e-02-3.305481523e-02-3.054209715e-02-2.716741020e-02-2.294679103e-02
-1.790988726e-02-1.209830578e-02-5.563545044e-03 1.635381813e-03 9.434544191e-03
 1.776786645e-02 2.657007324e-02 3.577993085e-02 4.542291489e-02 5.557818084e-02
 6.635336206e-02 7.789592396e-02 9.041070847e-02 1.041914021e-01 1.197075654e-01
 1.384798465e-01 1.555572803e-01 1.671740405e-01 1.693567345e-01 1.666721119e-01
 1.591689884e-01 1.488432390e-01 1.411295429e-01 1.348459947e-01 1.295864936e-01
 1.250950523e-01 1.211915875e-01 1.177448811e-01 1.146573791e-01 1.118487457e-01
 3.844199314e-03 8.710064715e-03 1.553918635e-02 2.433224049e-02 3.446035749e-02
 3.972264859e-02 3.848549313e-02 3.646250380e-02 3.421202899e-02 3.172959455e-02
 2.901631860e-02 2.607419855e-02 2.291551466e-02 1.955717221e-02 1.602136082e-02
 1.233615287e-02 8.535997068e-03 4.662053734e-03 7.623166334e-04-3.108529803e-03
-6.889561832e-03-1.051440738e-02-1.391238966e-02-1.701001337e-02-1.973275730e-02
-2.200710961e-02-2.376275655e-02-2.493481447e-02-2.546598264e-02-2.530849137e-02
-2.442572969e-02-2.279345671e-02-2.040053086e-02-1.724912738e-02-1.335445324e-02
-8.744005576e-03-3.456452047e-03 2.459763406e-03 8.947970209e-03 1.594484196e-02
 2.338182092e-02 3.118627906e-02 3.930682847e-02 4.776193507e-02 5.657345935e-02
 6.576313982e-02 7.534468074e-02 8.530614723e-02 9.557072910e-02 1.059107393e-01
 1.157993707e-01 1.243761514e-01 1.308139596e-01 1.346474373e-01 1.358252013e-01
 1.347350790e-01 1.321496665e-01 1.288942133e-01 1.254875807e-01 1.221675138e-01
 1.190254498e-01 1.160861866e-01 1.133452849e-01 1.107864204e-01 1.083912004e-01
 3.877222046e-03 8.785673676e-03 1.567592647e-02 2.454997998e-02 3.478206116e-02
 4.017361554e-02 3.907969423e-02 3.724044840e-02 3.520155955e-02 3.296487625e-02
 3.053467485e-02 2.791546181e-02 2.511663296e-02 2.215522061e-02 1.905268002e-02
 1.583536196e-02 1.253488486e-02 9.188363014e-03 5.838450932e-03 2.533165547e-03
-6.745453746e-04-3.727509426e-03-6.565316686e-03-9.125576281e-03-1.134541097e-02
-1.316313810e-02-1.452006656e-02-1.536232509e-02-1.564262852e-02-1.532188812e-02
-1.437057995e-02-1.276980126e-02-1.051196834e-02-7.601137044e-03-4.052958066e-03
 1.056918885e-04 4.837334628e-03 1.009468157e-02 1.582147651e-02 2.195326779e-02
 2.841803427e-02 3.513622956e-02 4.208602362e-02 4.925168828e-02 5.661077345e-02
 6.412857573e-02 7.174971556e-02 7.938611258e-02 8.690197445e-02 9.410056406e-02
 1.007249503e-01 1.064882253e-01 1.111333406e-01 1.144972973e-01 1.165514332e-01
 1.174054024e-01 1.172732316e-01 1.164121081e-01 1.150620396e-01 1.134124564e-01
 1.115973764e-01 1.097051961e-01 1.077914350e-01 1.058896612e-01 1.040275604e-01
 3.906010189e-03 8.851846452e-03 1.579625373e-02 2.474292097e-02 3.510004847e-02
 4.067012441e-02 3.961002595e-02 3.794542800e-02 3.610524673e-02 3.410112258e-02
 3.194004446e-02 2.962929653e-02 2.717666146e-02 2.459755270e-02 2.191236910e-02
 1.914546122e-02 1.632539829e-02 1.348511458e-02 1.066189849e-02 7.897197566e-03
 5.236218024e-03 2.727306386e-03 4.211120089e-04-1.630457519e-03-3.375461689e-03
-4.763292422e-03-5.746126027e-03-6.280398687e-03-6.328237325e-03-5.858778087e-03
-4.849311311e-03-3.286204255e-03-1.165569839e-03 1.506329498e-03 4.712932114e-03
 8.427448855e-03 1.261310332e-02 1.722346429e-02 2.220280642e-02 2.748641285e-02
 3.300061786e-02 3.870203086e-02 4.456185881e-02 5.054616126e-02 5.661356258e-02
 6.271235427e-02 6.877720525e-02 7.472606928e-02 8.045850530e-02 8.585729647e-02
 9.079538620e-02 9.514892908e-02 9.881455866e-02 1.017262317e-01 1.038662277e-01
 1.052666291e-01 1.060008737e-01 1.061684118e-01 1.058776572e-01 1.052320810e-01
 1.043218278e-01 1.032205492e-01 1.019857575e-01 1.006606902e-01 9.926215483e-02
 3.927164316e-03 8.901051417e-03 1.588717123e-02 2.489129825e-02 3.528517541e-02
 4.086666721e-02 4.005711248e-02 3.852082291e-02 3.685959483e-02 3.506751586e-02
 3.315374421e-02 3.112779255e-02 2.899940159e-02 2.677947219e-02 2.448697169e-02
 2.214393445e-02 1.977567363e-02 1.741086487e-02 1.508149836e-02 1.282267862e-02
 1.067226029e-02 8.670314988e-03 6.858432287e-03 5.278866573e-03 3.973551468e-03
 2.983012508e-03 2.345216956e-03 2.094405497e-03 2.259953302e-03 2.865306722e-03
 3.927036681e-03 5.454041144e-03 7.446915891e-03 9.897500420e-03 1.278858924e-02
 1.609378720e-02 1.977748877e-02 2.379497759e-02 2.809244844e-02 3.260640559e-02
 3.729698619e-02 4.213071500e-02 4.707086159e-02 5.207659238e-02 5.710214781e-02
 6.209608457e-02 6.700077302e-02 7.175250297e-02 7.628262374e-02 8.052008852e-02
 8.439554861e-02 8.784672934e-02 9.082429566e-02 9.329700490e-02 9.525489287e-02
 9.670964772e-02 9.769206583e-02 9.824726713e-02 9.842886116e-02 9.829331721e-02
 9.789544767e-02 9.728539098e-02 9.650703318e-02 9.559776919e-02 9.459869138e-02
 3.935981314e-03 8.922839331e-03 1.593055833e-02 2.496832001e-02 3.543916633e-02
 4.115550089e-02 4.032443616e-02 3.890286678e-02 3.739567873e-02 3.578926151e-02
 3.409645914e-02 3.232820018e-02 3.049513436e-02 2.860798667e-02 2.668005081e-02
 2.473073035e-02 2.278189534e-02 2.085794154e-02 1.898571134e-02 1.719428726e-02
 1.551465809e-02 1.397926114e-02 1.262140689e-02 1.147459750e-02 1.057175555e-02
 9.944384480e-03 9.621686959e-03 9.629669982e-03 9.990267063e-03 1.072050713e-02
 1.183175503e-02 1.332903911e-02 1.521047650e-02 1.746680065e-02 2.008098874e-02
 2.302792402e-02 2.627412387e-02 2.977787982e-02 3.349171498e-02 3.738707894e-02
 4.143074737e-02 4.558584498e-02 4.981181325e-02 5.406499821e-02 5.829941170e-02
 6.246711416e-02 6.651845716e-02 7.040295664e-02 7.407105757e-02 7.747642032e-02
 8.057827454e-02 8.334354409e-02 8.574855708e-02 8.778018475e-02 8.943626121e-02
 9.072518159e-02 9.166468476e-02 9.227997030e-02 9.260142239e-02 9.266226509e-02
 9.249643942e-02 9.213689689e-02 9.161438705e-02 9.095663014e-02 9.018530847e-02
 3.925738569e-03 8.902105043e-03 1.589994404e-02 2.493345419e-02 3.540125990e-02
 4.112286158e-02 4.038836836e-02 3.902049993e-02 3.762755338e-02 3.617851533e-02
 3.468124354e-02 3.314626172e-02 3.158324621e-02 3.000180354e-02 2.841204728e-02
 2.682772109e-02 2.526711214e-02 2.375043132e-02 2.229965416e-02 2.093827107e-02
 1.969095988e-02 1.858318658e-02 1.764074008e-02 1.688920871e-02 1.635340877e-02
 1.605677727e-02 1.602074170e-02 1.626408062e-02 1.680229170e-02 1.764698540e-02
 1.880532095e-02 2.027949220e-02 2.206620933e-02 2.415624885e-02 2.653426220e-02
 2.917793800e-02 3.205521193e-02 3.514941277e-02 3.843749825e-02 4.189289826e-02
 4.548375192e-02 4.917067651e-02 5.290452959e-02 5.663224730e-02 6.030668130e-02
 6.388589276e-02 6.732419220e-02 7.057378404e-02 7.359161657e-02 7.634396405e-02
 7.880817677e-02 8.097220651e-02 8.283285028e-02 8.439370434e-02 8.566347552e-02
 8.665481591e-02 8.738353146e-02 8.786793941e-02 8.812822175e-02 8.818572755e-02
 8.806225391e-02 8.777936725e-02 8.735782124e-02 8.681702978e-02 8.617283201e-02
 3.887498339e-03 8.817881694e-03 1.575656314e-02 2.472474160e-02 3.511720528e-02
 4.076199376e-02 4.007684419e-02 3.872542999e-02 3.743076841e-02 3.611976478e-02
 3.480603290e-02 3.349376149e-02 3.218776325e-02 3.089440253e-02 2.962167146e-02
 2.837903216e-02 2.718012896e-02 2.604154721e-02 2.498100128e-02 2.401700678e-02
 2.316854850e-02 2.245473860e-02 2.189446343e-02 2.150602095e-02 2.130675407e-02
 2.131268509e-02 2.153815323e-02 2.199543478e-02 2.269433765e-02 2.364181109e-02
 2.484163056e-02 2.629427859e-02 2.799615373e-02 2.993806653e-02 3.210994856e-02
 3.450639761e-02 3.711826427e-02 3.993515852e-02 4.294410359e-02 4.612787661e-02
 4.946096578e-02 5.292893049e-02 5.655242916e-02 5.991343667e-02 6.318113900e-02
 6.641114680e-02 6.947661807e-02 7.229426453e-02 7.480610551e-02 7.698498356e-02
 7.883293409e-02 8.037203009e-02 8.163253425e-02 8.264410002e-02 8.343193921e-02
 8.401650665e-02 8.441469029e-02 8.464123099e-02 8.470982329e-02 8.463377225e-02
 8.442627033e-02 8.410041444e-02 8.366908399e-02 8.314498327e-02 8.255018380e-02
 3.813310079e-03 8.649161609e-03 1.545499002e-02 2.425511575e-02 3.449894679e-02
 4.005360857e-02 3.912192312e-02 3.778932337e-02 3.659391142e-02 3.546179247e-02
 3.436558408e-02 3.329612933e-02 3.225361698e-02 3.124337709e-02 3.027355697e-02
 2.935387538e-02 2.849496037e-02 2.771048040e-02 2.701489539e-02 2.642250412e-02
 2.594717001e-02 2.560207883e-02 2.539952073e-02 2.535070245e-02 2.546560213e-02
 2.575289258e-02 2.621998367e-02 2.687297417e-02 2.771633252e-02 2.875244959e-02
 2.998086335e-02 3.140325251e-02 3.302240460e-02 3.483965499e-02 3.685586979e-02
 3.907217023e-02 4.148956829e-02 4.410919021e-02 4.693299125e-02 4.996625083e-02
 5.322738526e-02 5.666556067e-02 5.996563667e-02 6.335122490e-02 6.679808726e-02
 7.017759818e-02 7.329329657e-02 7.595781841e-02 7.805747827e-02 7.958243455e-02
 8.062653796e-02 8.132929541e-02 8.180202372e-02 8.211225625e-02 8.229652792e-02
 8.237327684e-02 8.235167344e-02 8.223689012e-02 8.203291300e-02 8.174386594e-02
 8.137450271e-02 8.093026410e-02 8.041712778e-02 7.984113833e-02 7.919319178e-02
 3.706351360e-03 8.400865125e-03 1.499513283e-02 2.349410994e-02 3.326767336e-02
 3.809756934e-02 3.650798737e-02 3.567874045e-02 3.493582785e-02 3.415066951e-02
 3.335055590e-02 3.255556004e-02 3.178271768e-02 3.104752965e-02 3.036436574e-02
 2.974657314e-02 2.920650525e-02 2.875555902e-02 2.840571070e-02 2.816751739e-02
 2.804993761e-02 2.806024338e-02 2.820393244e-02 2.848467326e-02 2.890427545e-02
 2.946263389e-02 3.015931715e-02 3.099480603e-02 3.196942506e-02 3.308390737e-02
 3.433996600e-02 3.574107737e-02 3.729261853e-02 3.900159462e-02 4.087645677e-02
 4.292689143e-02 4.516349932e-02 4.759743225e-02 5.023994783e-02 5.310131476e-02
 5.618579805e-02 5.948037276e-02 6.299969200e-02 6.680163161e-02 7.096706744e-02
 7.564868451e-02 8.004004381e-02 8.315824495e-02 8.479211443e-02 8.489040423e-02
 8.408463679e-02 8.339366380e-02 8.276021779e-02 8.220411964e-02 8.170263487e-02
 8.122832531e-02 8.075863447e-02 8.027722883e-02 7.977323935e-02 7.924009328e-02
 7.867441414e-02 7.807509474e-02 7.744252626e-02 7.677810264e-02 7.609229454e-02
 3.585754920e-03 8.123143748e-03 1.448712631e-02 2.266942883e-02 3.202878976e-02
 3.632971950e-02 3.419812444e-02 3.347017402e-02 3.304763516e-02 3.252389789e-02
 3.195644284e-02 3.138351491e-02 3.083517924e-02 3.033570850e-02 2.990511097e-02
 2.956001510e-02 2.931417922e-02 2.917879412e-02 2.916272611e-02 2.927237590e-02
 2.951133215e-02 2.988053345e-02 3.037813167e-02 3.099960901e-02 3.173811950e-02
 3.258514159e-02 3.353153997e-02 3.456880107e-02 3.569019185e-02 3.689195227e-02
 3.817431630e-02 3.954220703e-02 4.100542733e-02 4.257807398e-02 4.427740706e-02
 4.612346922e-02 4.813872643e-02 5.034611632e-02 5.276731573e-02 5.542257932e-02
 5.833351211e-02 6.152999056e-02 6.506037958e-02 6.900498075e-02 7.349346608e-02
 7.865918187e-02 8.333031341e-02 8.651164065e-02 8.821212321e-02 8.838460557e-02
 8.693217885e-02 8.480162014e-02 8.320837205e-02 8.197191926e-02 8.094306385e-02
 8.003557746e-02 7.919871848e-02 7.840204057e-02 7.762709531e-02 7.686272933e-02
 7.610232862e-02 7.534216639e-02 7.458041853e-02 7.381671714e-02 7.305393627e-02
 3.465964385e-03 7.853938539e-03 1.401329106e-02 2.194366861e-02 3.103886421e-02
 3.509362203e-02 3.263457772e-02 3.182095669e-02 3.132679206e-02 3.081739799e-02
 3.031265656e-02 2.984049399e-02 2.942763883e-02 2.909792305e-02 2.887165690e-02
 2.876548548e-02 2.879245444e-02 2.896211889e-02 2.928058112e-02 2.975038025e-02
 3.037023366e-02 3.113471836e-02 3.203394304e-02 3.305339512e-02 3.417418204e-02
 3.537391017e-02 3.662838177e-02 3.791409868e-02 3.921128344e-02 4.050686431e-02
 4.179676065e-02 4.308667342e-02 4.439205486e-02 4.574915798e-02 4.718530930e-02
 4.871637600e-02 5.040569422e-02 5.229275639e-02 5.441512500e-02 5.679557732e-02
 5.942984554e-02 6.233799564e-02 6.554290190e-02 6.906692614e-02 7.293808477e-02
 7.719289675e-02 8.103093265e-02 8.377567026e-02 8.538262944e-02 8.578823284e-02
 8.490598095e-02 8.334936397e-02 8.197501988e-02 8.072549365e-02 7.955926756e-02
 7.845219618e-02 7.739017298e-02 7.636502199e-02 7.537189035e-02 7.440770707e-02
 7.347034569e-02 7.255821328e-02 7.167007930e-02 7.080490895e-02 6.995736761e-02
 3.339715581e-03 7.574733880e-03 1.353221309e-02 2.122422611e-02 3.002858735e-02
 3.374836693e-02 3.117811688e-02 3.011729995e-02 2.946536810e-02 2.884208147e-02
 2.827793805e-02 2.780218617e-02 2.744177054e-02 2.722006760e-02 2.715619109e-02
 2.726488806e-02 2.755680925e-02 2.803886529e-02 2.871440832e-02 2.958305523e-02
 3.064006424e-02 3.187525726e-02 3.327157208e-02 3.480348366e-02 3.643578328e-02
 3.812353072e-02 3.981423002e-02 4.145307785e-02 4.299120680e-02 4.439519037e-02
 4.565081355e-02 4.676547137e-02 4.784400987e-02 4.886431934e-02 4.988456195e-02
 5.095132269e-02 5.216233950e-02 5.357362791e-02 5.524230344e-02 5.720365406e-02
 5.944647182e-02 6.197899405e-02 6.478359041e-02 6.780214335e-02 7.092426304e-02
 7.397463819e-02 7.672311610e-02 7.894425374e-02 8.048093811e-02 8.127149032e-02
 8.136105986e-02 8.089280545e-02 8.004849842e-02 7.898028640e-02 7.779285486e-02
 7.655416493e-02 7.530742683e-02 7.407938473e-02 7.288586557e-02 7.173554314e-02
 7.063248720e-02 6.957786715e-02 6.857107262e-02 6.761061277e-02 6.670237304e-02
 3.181649799e-03 7.228825577e-03 1.294422085e-02 2.035775117e-02 2.889956584e-02
 3.239523735e-02 2.939771196e-02 2.803916841e-02 2.711802738e-02 2.627467249e-02
 2.555266904e-02 2.499064550e-02 2.462118336e-02 2.446885534e-02 2.455006098e-02
 2.487448064e-02 2.544725618e-02 2.627093642e-02 2.734657320e-02 2.867375535e-02
 3.024955976e-02 3.206636002e-02 3.410827998e-02 3.634600899e-02 3.873001485e-02
 4.118341089e-02 4.359832566e-02 4.584284973e-02 4.778531848e-02 4.932343777e-02
 5.050302736e-02 5.132361799e-02 5.185560129e-02 5.222190934e-02 5.253441231e-02
 5.289106975e-02 5.337691473e-02 5.407043706e-02 5.505077440e-02 5.639849279e-02
 5.818333121e-02 6.043969712e-02 6.314158222e-02 6.619322842e-02 6.943725959e-02
 7.266759859e-02 7.564138084e-02 7.810237830e-02 7.983090838e-02 8.070940420e-02
 8.076220062e-02 8.013564523e-02 7.903161347e-02 7.764134079e-02 7.611155870e-02
 7.454076622e-02 7.298930581e-02 7.149144274e-02 7.006494919e-02 6.871761338e-02
 6.745134010e-02 6.626463291e-02 6.515406339e-02 6.411496080e-02 6.313221419e-02
 2.944996135e-03 6.715391898e-03 1.208585668e-02 1.912783743e-02 2.728578884e-02
 3.039509930e-02 2.708591818e-02 2.528663048e-02 2.389727570e-02 2.270055187e-02
 2.170585261e-02 2.097876679e-02 2.056552262e-02 2.048896003e-02 2.075073102e-02
 2.134094161e-02 2.224815121e-02 2.346547822e-02 2.499250106e-02 2.683464452e-02
 2.900154737e-02 3.150484999e-02 3.435465019e-02 3.755244714e-02 4.107626516e-02
 4.485100361e-02 4.869863004e-02 5.228661873e-02 5.515086578e-02 5.698898209e-02
 5.770626705e-02 5.748995947e-02 5.675448467e-02 5.584225156e-02 5.495673419e-02
 5.419549762e-02 5.360150547e-02 5.320869662e-02 5.309410460e-02 5.344478028e-02
 5.456608236e-02 5.671269420e-02 5.989017330e-02 6.385512434e-02 6.830404808e-02
 7.298597347e-02 7.759071016e-02 8.155850314e-02 8.412521975e-02 8.479599393e-02
 8.374638367e-02 8.166381954e-02 7.920701270e-02 7.673541975e-02 7.439116568e-02
 7.221695770e-02 7.021726713e-02 6.838344991e-02 6.670326208e-02 6.516422706e-02
 6.375463076e-02 6.246362407e-02 6.128105712e-02 6.019741774e-02 5.920868538e-02
 2.548241172e-03 5.841500826e-03 1.060553517e-02 1.701175545e-02 2.466944346e-02
 2.765848047e-02 2.468564799e-02 2.178027898e-02 1.947747164e-02 1.755836175e-02
 1.605432002e-02 1.505357318e-02 1.463534886e-02 1.478404047e-02 1.541201179e-02
 1.642919030e-02 1.778316856e-02 1.945874310e-02 2.146466992e-02 2.382369340e-02
 2.656876808e-02 2.974455192e-02 3.341304645e-02 3.766286489e-02 4.262155138e-02
 4.846484276e-02 5.537803966e-02 6.316626169e-02 6.967293273e-02 7.210243069e-02
 7.003888228e-02 6.580700041e-02 6.195790707e-02 5.889919444e-02 5.648330775e-02
 5.451639397e-02 5.281162448e-02 5.116115946e-02 4.926443632e-02 4.647660109e-02
 4.510271858e-02 4.718775088e-02 5.312806664e-02 5.990437255e-02 6.641552573e-02
 7.349980965e-02 8.209384898e-02 9.428885316e-02 1.007132758e-01 9.978538256e-02
 9.092544656e-02 8.378931669e-02 7.868638039e-02 7.473729648e-02 7.151283882e-02
 6.878367811e-02 6.641770746e-02 6.433415027e-02 6.248118405e-02 6.082409943e-02
 5.933851057e-02 5.800592885e-02 5.681054330e-02 5.573775537e-02 5.477746724e-02
 1.921419307e-03 4.387694920e-03 7.936731051e-03 1.274873983e-02 1.879007856e-02
 2.112510645e-02 1.829263655e-02 1.547775714e-02 1.272532232e-02 9.835234735e-03
 7.132271485e-03 5.503976228e-03 5.559058263e-03 6.848921922e-03 8.505529714e-03
 1.026084732e-02 1.215950681e-02 1.428241728e-02 1.670219482e-02 1.947546510e-02
 2.264876132e-02 2.627170418e-02 3.041457188e-02 3.519129273e-02 4.079611304e-02
 4.757792623e-02 5.622418055e-02 6.837752513e-02 8.011430623e-02 8.311562556e-02
 7.695052426e-02 6.779446736e-02 6.219021344e-02 5.832564119e-02 5.546800048e-02
 5.322897725e-02 5.136035958e-02 4.967080205e-02 4.800473781e-02 4.642133238e-02
 4.607623921e-02 4.792183795e-02 5.185270843e-02 5.701058183e-02 6.253973673e-02
 6.856369917e-02 7.531585577e-02 8.222406511e-02 8.676539851e-02 8.672827972e-02
 8.236688504e-02 7.718161234e-02 7.278689234e-02 6.913754585e-02 6.604780051e-02
 6.338080509e-02 6.104357907e-02 5.897121162e-02 5.713027700e-02 5.548527009e-02
 5.402591969e-02 5.274178275e-02 5.162398422e-02 5.064038044e-02 4.976830922e-02
 1.192003234e-03 2.645371952e-03 4.553033743e-03 6.690000416e-03 8.579384535e-03
 9.568529096e-03 9.328903957e-03 8.012860953e-03 5.757946945e-03 2.316246265e-03
-2.205235876e-03-4.491552691e-03-3.990812709e-03-5.249291053e-04 1.910534328e-03
 3.908958854e-03 5.895546979e-03 8.129251849e-03 1.074979423e-02 1.379802929e-02
 1.725459357e-02 2.108627437e-02 2.527614737e-02 2.983026158e-02 3.476458050e-02
 4.006625889e-02 4.559864648e-02 5.091384007e-02 5.513855374e-02 5.743494703e-02
 5.763752584e-02 5.641952902e-02 5.464224162e-02 5.286264072e-02 5.127223187e-02
 4.992560162e-02 4.883441230e-02 4.800195806e-02 4.749578248e-02 4.743284177e-02
 4.798684364e-02 4.928446882e-02 5.131580410e-02 5.394672042e-02 5.696471353e-02
 6.014143095e-02 6.319035952e-02 6.571681959e-02 6.728153101e-02 6.759542621e-02
 6.671704166e-02 6.500484693e-02 6.287241180e-02 6.061237809e-02 5.838119120e-02
 5.625398117e-02 5.426335530e-02 5.242395517e-02 5.074327272e-02 4.922422864e-02
 4.786791885e-02 4.667738372e-02 4.568703056e-02 4.486107542e-02 4.417396595e-02
 6.327700467e-04 1.365996593e-03 2.260616511e-03 3.170870440e-03 3.913204961e-03
 4.301774814e-03 4.197616538e-03 3.537261316e-03 2.347987275e-03 7.109380142e-04
-1.030029005e-03-2.342662327e-03-2.868644992e-03-2.808557846e-03-2.564395227e-03
-2.211230031e-03-1.398305335e-03 3.412184862e-04 3.169220984e-03 6.816342886e-03
 1.085882495e-02 1.503330089e-02 1.924142415e-02 2.344980671e-02 2.762683128e-02
 3.170733288e-02 3.557053041e-02 3.903688530e-02 4.190215212e-02 4.401092241e-02
 4.532901517e-02 4.595941804e-02 4.609012020e-02 4.591964800e-02 4.561058221e-02
 4.528073830e-02 4.501467264e-02 4.487916735e-02 4.493435493e-02 4.523639242e-02
 4.583014189e-02 4.673491544e-02 4.793140673e-02 4.935715194e-02 5.091093447e-02
 5.246110743e-02 5.385526200e-02 5.493582173e-02 5.556706773e-02 5.566843726e-02
 5.523624602e-02 5.433801468e-02 5.308275146e-02 5.158700500e-02 4.995337097e-02
 4.826399370e-02 4.658293378e-02 4.496103302e-02 4.343972180e-02 4.205257582e-02
 4.082475660e-02 3.976928476e-02 3.896234672e-02 3.834861605e-02 3.788637601e-02
 3.092944046e-04 6.578858993e-04 1.068549112e-03 1.468355124e-03 1.775626162e-03
 1.912295135e-03 1.817983256e-03 1.466495905e-03 8.724069618e-04 7.107331385e-05
-8.684567227e-04-1.885003157e-03-2.986527591e-03-4.356497185e-03-6.371126751e-03
-9.688440818e-03-1.341105561e-02-1.269051597e-02-7.594452935e-03-3.029768853e-04
 5.191931960e-03 9.874407916e-03 1.409578689e-02 1.800558899e-02 2.166064893e-02
 2.506422390e-02 2.818515339e-02 3.097320529e-02 3.337637317e-02 3.535944777e-02
 3.691848563e-02 3.808534382e-02 3.892101740e-02 3.950233215e-02 3.990871967e-02
 4.021344217e-02 4.047981529e-02 4.076057704e-02 4.109807292e-02 4.152358938e-02
 4.205527567e-02 4.269523383e-02 4.342709249e-02 4.421536351e-02 4.500724778e-02
 4.573691478e-02 4.633205566e-02 4.672241848e-02 4.684943568e-02 4.667492548e-02
 4.618619837e-02 4.539583545e-02 4.433672242e-02 4.305499592e-02 4.160393328e-02
 4.004056754e-02 3.842506450e-02 3.682151484e-02 3.529791617e-02 3.392282269e-02
 3.275710946e-02 3.184132209e-02 3.126105480e-02 3.095802448e-02 3.087912223e-02
 1.445451030e-04 3.045819046e-04 4.884239463e-04 6.600765182e-04 7.805203257e-04
 8.128237705e-04 7.270861124e-04 5.071657981e-04 1.633081056e-04-3.204533512e-04
-9.394558631e-04-1.695582891e-03-2.615791344e-03-3.785878146e-03-5.273104012e-03
-6.925981858e-03-7.998168716e-03-7.219602894e-03-4.346753434e-03-2.914877990e-04
 3.805106281e-03 7.636061169e-03 1.119688909e-02 1.451355221e-02 1.759872021e-02
 2.045011531e-02 2.305639021e-02 2.540353024e-02 2.748028693e-02 2.928248430e-02
 3.081601649e-02 3.209801305e-02 3.315582831e-02 3.402421615e-02 3.474164157e-02
 3.534671944e-02 3.587535952e-02 3.635869517e-02 3.682156348e-02 3.728125835e-02
 3.774642587e-02 3.821618577e-02 3.867972325e-02 3.911663155e-02 3.949819995e-02
 3.978968602e-02 3.995343565e-02 3.995253204e-02 3.975447419e-02 3.933426908e-02
 3.867638278e-02 3.777530760e-02 3.663500049e-02 3.526795002e-02 3.369497244e-02
 3.194698987e-02 3.007003015e-02 2.813424211e-02 2.624559041e-02 2.455231148e-02
 2.322705152e-02 2.241048898e-02 2.214387817e-02 2.239315195e-02 2.300352643e-02
 6.622039614e-05 1.384534391e-04 2.194941964e-04 2.916610673e-04 3.359428558e-04
 3.342931337e-04 2.717392592e-04 1.417727422e-04-4.701408465e-05-3.090185966e-04
-6.404728536e-04-1.017572898e-03-1.424608167e-03-1.832192074e-03-2.159455649e-03
-2.264264829e-03-1.952626409e-03-1.051849311e-03 4.880740386e-04 2.563908689e-03
 4.989385096e-03 7.587943985e-03 1.023032195e-02 1.282505892e-02 1.530242806e-02
 1.761136988e-02 1.972427052e-02 2.163617881e-02 2.335518564e-02 2.489212427e-02
 2.625698363e-02 2.746003845e-02 2.851354477e-02 2.943232586e-02 3.023324226e-02
 3.093401001e-02 3.155179329e-02 3.210183600e-02 3.259625822e-02 3.304306544e-02
 3.344539917e-02 3.380106925e-02 3.410242405e-02 3.433661070e-02 3.448624683e-02
 3.453047033e-02 3.444626643e-02 3.420990454e-02 3.379826841e-02 3.318985024e-02
 3.236521860e-02 3.130686637e-02 2.999848871e-02 2.842392858e-02 2.656630285e-02
 2.440837643e-02 2.193663837e-02 1.915528558e-02 1.612679728e-02 1.308292962e-02
 1.065279208e-02 9.768012971e-03 1.059173762e-02 1.236140606e-02 1.437808004e-02
 3.170790745e-05 6.618800364e-05 1.047893984e-04 1.391229254e-04 1.603411034e-04
 1.603341728e-04 1.330504192e-04 8.009557752e-05 1.124190034e-05-7.831447144e-05
-1.763985553e-04-2.549845538e-04-2.967065367e-04-2.672346913e-04-1.158252332e-04
 2.186480375e-04 7.980930776e-04 1.669966829e-03 2.852974893e-03 4.332710319e-03
 6.071376893e-03 8.021420900e-03 1.012683646e-02 1.231347083e-02 1.442335703e-02
 1.627181966e-02 1.782677985e-02 1.917788834e-02 2.043701538e-02 2.162610674e-02
 2.274042609e-02 2.377202925e-02 2.471625102e-02 2.557238118e-02 2.634284648e-02
 2.703206429e-02 2.764528348e-02 2.818751933e-02 2.866263004e-02 2.907256153e-02
 2.941677828e-02 2.969189364e-02 2.989150799e-02 3.000625291e-02 3.002402232e-02
 2.993034707e-02 2.970884175e-02 2.934162411e-02 2.880958334e-02 2.809235459e-02
 2.716783951e-02 2.601108413e-02 2.459225748e-02 2.287331554e-02 2.080258313e-02
 1.830572133e-02 1.526985063e-02 1.151359463e-02 6.725222740e-03 3.165771182e-04
-8.575602447e-03-1.078470894e-02-4.016968524e-03 2.264324246e-03 6.750678142e-03
 1.852503736e-05 3.933067382e-05 6.406402140e-05 8.902133211e-05 1.105187516e-04
 1.256064859e-04 1.326520844e-04 1.327159464e-04 1.543712658e-04 1.781747055e-04
 2.301490182e-04 3.327892732e-04 4.868099353e-04 7.175744165e-04 1.054726404e-03
 1.527761340e-03 2.161530778e-03 2.974330603e-03 3.976373410e-03 5.169419065e-03
 6.553016773e-03 8.136937040e-03 9.931805777e-03 1.201074092e-02 1.410675507e-02
 1.564220918e-02 1.659889660e-02 1.722643828e-02 1.804896176e-02 1.894042616e-02
 1.983428237e-02 2.069865521e-02 2.151615107e-02 2.227696850e-02 2.297576870e-02
 2.360988955e-02 2.417813641e-02 2.467987202e-02 2.511429881e-02 2.547989262e-02
 2.577397213e-02 2.599239662e-02 2.612938493e-02 2.617744396e-02 2.612738632e-02
 2.596840514e-02 2.568816155e-02 2.527282632e-02 2.470700408e-02 2.397345339e-02
 2.305249623e-02 2.192097673e-02 2.055056721e-02 1.890510161e-02 1.693639467e-02
 1.457759432e-02 1.173236490e-02 8.256836749e-03 3.928201949e-03-1.626325234e-03
-9.889694233e-03-1.156544622e-02-5.539817919e-03-1.283098967e-05 4.149110309e-03
 1.526507295e-05 3.339992797e-05 5.690133250e-05 8.419201012e-05 1.137798601e-04
 1.446566132e-04 1.770091629e-04 2.180743059e-04 2.865171874e-04 3.853648993e-04
 5.279864076e-04 7.182312029e-04 9.529202811e-04 1.244388206e-03 1.632946721e-03
 2.158700218e-03 2.787344145e-03 3.526802999e-03 4.385081286e-03 5.364472890e-03
 6.463221575e-03 7.679069223e-03 8.985671533e-03 1.033668516e-02 1.164950262e-02
 1.283876238e-02 1.387369137e-02 1.478766618e-02 1.564064965e-02 1.646201647e-02
 1.725584209e-02 1.801702416e-02 1.873873086e-02 1.941481344e-02 2.004032523e-02
 2.061139978e-02 2.112492660e-02 2.157818140e-02 2.196847397e-02 2.229284254e-02
 2.254780401e-02 2.272916142e-02 2.283186918e-02 2.284995497e-02 2.277649107e-02
 2.260360167e-02 2.232248795e-02 2.192345008e-02 2.139588587e-02 2.072825100e-02
 1.990797909e-02 1.892138825e-02 1.775365970e-02 1.638909897e-02 1.481216233e-02
 1.301033094e-02 1.098126263e-02 8.749613385e-03 6.404661242e-03 4.174107983e-03
 2.504170784e-03 1.925161087e-03 2.585900684e-03 4.098035295e-03 5.960523986e-03
 1.640867291e-05 3.668651356e-05 6.434144904e-05 9.867235130e-05 1.388723513e-04
 1.839544083e-04 2.324444561e-04 2.861759366e-04 3.709167614e-04 5.389960715e-04
 7.381903187e-04 9.658958413e-04 1.228563468e-03 1.524884272e-03 1.946751779e-03
 2.448474216e-03 3.021515808e-03 3.669446236e-03 4.394514939e-03 5.195609837e-03
 6.067933467e-03 7.001725829e-03 7.978443625e-03 8.973383404e-03 9.959507168e-03
 1.091279397e-02 1.181842547e-02 1.267275844e-02 1.347957658e-02 1.424430033e-02
 1.497024001e-02 1.565795150e-02 1.630601024e-02 1.691190415e-02 1.747275622e-02
 1.798558293e-02 1.844746320e-02 1.885547893e-02 1.920658052e-02 1.949759796e-02
 1.972513407e-02 1.988554044e-02 1.997478602e-02 1.998841818e-02 1.992161308e-02
 1.976913857e-02 1.952551733e-02 1.918507540e-02 1.874213276e-02 1.819126378e-02
 1.752758572e-02 1.674740213e-02 1.584900848e-02 1.483417564e-02 1.371046443e-02
 1.249488295e-02 1.121934231e-02 9.937639186e-03 8.732235608e-03 7.714553640e-03
 7.008263025e-03 6.710358485e-03 6.847557928e-03 7.363443729e-03 8.153792745e-03
 1.933031352e-05 4.372487007e-05 7.785046578e-05 1.216546038e-04 1.751274688e-04
 2.383018517e-04 3.111534546e-04 3.919406863e-04 5.076569344e-04 6.699069509e-04
 8.840423813e-04 1.111539402e-03 1.401557921e-03 1.726331714e-03 2.101177081e-03
 2.549071688e-03 3.026328555e-03 3.598019915e-03 4.200686177e-03 4.859572722e-03
 5.574053812e-03 6.296298230e-03 7.092153361e-03 7.868792085e-03 8.665180151e-03
 9.452473343e-03 1.019577879e-02 1.095912206e-02 1.165181088e-02 1.234623155e-02
 1.299551888e-02 1.359470323e-02 1.419570565e-02 1.471233264e-02 1.523747159e-02
 1.569300155e-02 1.610024357e-02 1.648674947e-02 1.677699087e-02 1.707108554e-02
 1.726974908e-02 1.742097918e-02 1.752249452e-02 1.751858328e-02 1.750684947e-02
 1.737545950e-02 1.719855204e-02 1.694260509e-02 1.657841831e-02 1.618956900e-02
 1.566800652e-02 1.511491228e-02 1.447170721e-02 1.374995700e-02 1.302247656e-02
 1.221518550e-02 1.145580757e-02 1.071216532e-02 1.003086515e-02 9.523393432e-03
 9.134592829e-03 8.994593186e-03 9.050425038e-03 9.288033575e-03 9.751544091e-03
 0.771455126E+00 0.778439262E+00 0.786187148E+00 0.794750343E+00 0.803585685E+00
 0.812899286E+00 0.822667728E+00 0.832861935E+00 0.843484468E+00 0.854585156E+00
 0.866195033E+00 0.878337008E+00 0.891028663E+00 0.904294624E+00 0.918168955E+00
 0.932686445E+00 0.947883997E+00 0.963800534E+00 0.980481575E+00 0.997969779E+00
 0.101630500E+01 0.103553506E+01 0.105571687E+01 0.107691853E+01 0.109921516E+01
 0.112267340E+01 0.114735459E+01 0.117334078E+01 0.120072927E+01 0.122962303E+01
 0.126013891E+01 0.129240594E+01 0.132654394E+01 0.136268895E+01 0.140100231E+01
 0.144167352E+01 0.148492015E+01 0.153097422E+01 0.158006518E+01 0.163246951E+01
 0.168851565E+01 0.174857201E+01 0.181306504E+01 0.188248008E+01 0.195734444E+01
 0.203827485E+01 0.212600949E+01 0.222143448E+01 0.232558967E+01 0.243963875E+01
 0.256501850E+01 0.270350574E+01 0.285727189E+01 0.302898469E+01 0.322197082E+01
 0.344055415E+01 0.369046212E+01 0.397938449E+01 0.431785440E+01 0.472142479E+01
 0.521463706E+01 0.584033114E+01 0.668662259E+01 0.800092438E+01 0.163299465E+02
  361   98
 0.577672175E+00 0.111446605E+01 0.572487940E+00 0.110077837E+01 0.567311150E+00
 0.108708787E+01 0.562128840E+00 0.107339946E+01 0.556942593E+00 0.105971254E+01
 0.551757926E+00 0.104602503E+01 0.546580837E+00 0.103233464E+01 0.541416324E+00
 0.101863951E+01 0.536264460E+00 0.100493961E+01 0.531124627E+00 0.991235198E+00
 0.525996092E+00 0.977526551E+00 0.520877476E+00 0.963814198E+00 0.515767121E+00
 0.950098763E+00 0.510664986E+00 0.936380269E+00 0.505571618E+00 0.922658517E+00
 0.500486896E+00 0.908933559E+00 0.495409674E+00 0.895205824E+00 0.490338549E+00
 0.881475837E+00 0.485275003E+00 0.867743052E+00 0.480221261E+00 0.854006657E+00
 0.475179574E+00 0.840265832E+00 0.470152088E+00 0.826519806E+00 0.465141111E+00
 0.812767753E+00 0.460150568E+00 0.799008272E+00 0.455184426E+00 0.785239965E+00
 0.450246345E+00 0.771461570E+00 0.445340453E+00 0.757671682E+00 0.440471507E+00
 0.743868707E+00 0.435644801E+00 0.730050906E+00 0.430864975E+00 0.716216819E+00
 0.426135866E+00 0.702365313E+00 0.421460926E+00 0.688495433E+00 0.416844136E+00
 0.674606090E+00 0.412290587E+00 0.660695887E+00 0.407805039E+00 0.646763609E+00
 0.403391372E+00 0.632808394E+00 0.399052651E+00 0.618829698E+00 0.394791524E+00
 0.604827155E+00 0.390611044E+00 0.590800325E+00 0.386514804E+00 0.576748665E+00
 0.382506408E+00 0.562671696E+00 0.378589002E+00 0.548569137E+00 0.374765164E+00
 0.534440921E+00 0.371036779E+00 0.520287216E+00 0.367405183E+00 0.506108369E+00
 0.363871405E+00 0.491904828E+00 0.360436393E+00 0.477677078E+00 0.357101304E+00
 0.463425575E+00 0.353867647E+00 0.449150717E+00 0.350736482E+00 0.434853027E+00
 0.347708362E+00 0.420533160E+00 0.344783526E+00 0.406191840E+00 0.341962134E+00
 0.391829812E+00 0.339244453E+00 0.377447798E+00 0.336630792E+00 0.363046517E+00
 0.334121217E+00 0.348626734E+00 0.331715272E+00 0.334189298E+00 0.329412557E+00
 0.319735038E+00 0.327213262E+00 0.305264681E+00 0.325118034E+00 0.290778891E+00
 0.323128035E+00 0.276278270E+00 0.321244629E+00 0.261763421E+00 0.319468181E+00
 0.247235093E+00 0.317798550E+00 0.232694102E+00 0.316235464E+00 0.218141272E+00
 0.314778589E+00 0.203577426E+00 0.313427202E+00 0.189003413E+00 0.312179776E+00
 0.174420132E+00 0.311034937E+00 0.159828440E+00 0.309991721E+00 0.145229129E+00
 0.309049655E+00 0.130622943E+00 0.308208937E+00 0.116010573E+00 0.307470129E+00
 0.101392696E+00 0.306833737E+00 0.867700029E-01 0.306300193E+00 0.721431961E-01
 0.305869753E+00 0.575129922E-01 0.305541298E+00 0.428801426E-01 0.305313539E+00
 0.282453788E-01 0.305185798E+00 0.136094002E-01 0.305157874E+00-0.102710930E-02
 0.305229749E+00-0.156634690E-01 0.305401167E+00-0.302990015E-01 0.305672019E+00
-0.449330315E-01 0.306042492E+00-0.595648782E-01 0.306513127E+00-0.741938454E-01
 0.307084429E+00-0.888192271E-01 0.307756720E+00-0.103440314E+00 0.308530741E+00
-0.118056369E+00 0.309407688E+00-0.132666608E+00 0.310389032E+00-0.147270206E+00
 0.311475000E+00-0.161866398E+00 0.312664849E+00-0.176454488E+00 0.313957812E+00
-0.191033802E+00 0.315353285E+00-0.205603662E+00 0.316851236E+00-0.220163342E+00
 0.318452966E+00-0.234711970E+00 0.320160237E+00-0.249248589E+00 0.321974699E+00
-0.263772218E+00 0.323897543E+00-0.278281895E+00 0.325928662E+00-0.292776812E+00
 0.328066380E+00-0.307256393E+00 0.330309039E+00-0.321720092E+00 0.332655356E+00
-0.336167338E+00 0.335104626E+00-0.350597487E+00 0.337657263E+00-0.365009710E+00
 0.340314172E+00-0.379403074E+00 0.343076187E+00-0.393776639E+00 0.345943939E+00
-0.408129481E+00 0.348917695E+00-0.422460735E+00 0.351996743E+00-0.436769738E+00
 0.355179812E+00-0.451055961E+00 0.358465675E+00-0.465318894E+00 0.361853300E+00
-0.479557999E+00 0.365341991E+00-0.493772681E+00 0.368931490E+00-0.507962242E+00
 0.372621194E+00-0.522126077E+00 0.376410023E+00-0.536263720E+00 0.380296406E+00
-0.550374859E+00 0.384278270E+00-0.564459353E+00 0.388353134E+00-0.578517224E+00
 0.392518164E+00-0.592548647E+00 0.396770251E+00-0.606553935E+00 0.401106553E+00
-0.620533379E+00 0.405524492E+00-0.634487239E+00 0.410021551E+00-0.648415803E+00
 0.414594620E+00-0.662319597E+00 0.419239786E+00-0.676199473E+00 0.423952438E+00
-0.690056582E+00 0.428728174E+00-0.703892078E+00 0.433564066E+00-0.717706663E+00
 0.438457344E+00-0.731501026E+00 0.443404639E+00-0.745276111E+00 0.448401679E+00
-0.759033229E+00 0.453443769E+00-0.772773901E+00 0.458527244E+00-0.786499316E+00
 0.463649539E+00-0.800210293E+00 0.468808316E+00-0.813907584E+00 0.474000836E+00
-0.827592120E+00 0.479224595E+00-0.841264763E+00 0.484479004E+00-0.854925656E+00
 0.489764455E+00-0.868574568E+00 0.495082312E+00-0.882210887E+00 0.500434337E+00
-0.895833831E+00 0.505823774E+00-0.909442017E+00 0.511257783E+00-0.923032464E+00
 0.516745528E+00-0.936601298E+00 0.522298773E+00-0.950143452E+00 0.527933192E+00
-0.963652026E+00 0.533670532E+00-0.977117193E+00 0.539543262E+00-0.990523833E+00
 0.545598666E+00-0.100384890E+01 0.551908620E+00-0.101705519E+01 0.558588230E+00
-0.103007806E+01 0.565830139E+00-0.104279585E+01 0.573968378E+00-0.105495650E+01
 0.583573790E+00-0.106598431E+01 0.595335758E+00-0.107464079E+01 0.609112703E+00
-0.107944828E+01 0.623683725E+00-0.108058546E+01 0.638268080E+00-0.107943127E+01
 0.652700125E+00-0.107700568E+01 0.666991274E+00-0.107384826E+01 0.681174737E+00
-0.107023596E+01 0.695277707E+00-0.106632055E+01 0.709318291E+00-0.106218675E+01
 0.723308435E+00-0.105788523E+01 0.737255112E+00-0.105344475E+01 0.751162288E+00
-0.104888204E+01 0.765031453E+00-0.104420506E+01 0.778862736E+00-0.103941720E+01
 0.792655140E+00-0.103451847E+01 0.806406024E+00-0.102950440E+01 0.820111061E+00
-0.102436634E+01 0.833764159E+00-0.101909186E+01 0.847357819E+00-0.101366606E+01
 0.860883746E+00-0.100807358E+01 0.874333300E+00-0.100229988E+01 0.887697389E+00
-0.996331065E+00 0.900966732E+00-0.990154516E+00 0.914132031E+00-0.983759227E+00
 0.927184620E+00-0.977136959E+00 0.940117077E+00-0.970283061E+00 0.952922140E+00
-0.963194022E+00 0.965591514E+00-0.955865259E+00 0.978114854E+00-0.948289684E+00
 0.990480161E+00-0.940458841E+00 0.100267565E+01-0.932366090E+00 0.101469178E+01
-0.924009350E+00 0.102652227E+01-0.915391807E+00 0.103816273E+01-0.906519241E+00
 0.104961124E+01-0.897400317E+00 0.106086672E+01-0.888044165E+00 0.107192378E+01
-0.878454345E+00 0.108277130E+01-0.868628137E+00 0.109339833E+01-0.858563895E+00
 0.110379801E+01-0.848264881E+00 0.111396942E+01-0.837740353E+00 0.112391374E+01
-0.827000981E+00 0.113362851E+01-0.816053543E+00 0.114310286E+01-0.804897403E+00
 0.115232436E+01-0.793531392E+00 0.116128399E+01-0.781957838E+00 0.116997897E+01
-0.770184154E+00 0.117841024E+01-0.758220201E+00 0.118657784E+01-0.746074715E+00
 0.119447372E+01-0.733750871E+00 0.120208850E+01-0.721251391E+00 0.120941829E+01
-0.708582688E+00 0.121646432E+01-0.695753986E+00 0.122322859E+01-0.682774500E+00
 0.122971155E+01-0.669652241E+00 0.123591486E+01-0.656395482E+00 0.124184384E+01
-0.643013768E+00 0.124750660E+01-0.629517228E+00 0.125291145E+01-0.615915332E+00
 0.125806715E+01-0.602217047E+00 0.126298526E+01-0.588431653E+00 0.126768074E+01
-0.574568828E+00 0.127217100E+01-0.560638160E+00 0.127647413E+01-0.546648534E+00
 0.128060605E+01-0.532607376E+00 0.128458115E+01-0.518521006E+00 0.128841521E+01
-0.504395582E+00 0.129212583E+01-0.490237220E+00 0.129573218E+01-0.476051931E+00
 0.129925289E+01-0.461845135E+00 0.130270469E+01-0.447621433E+00 0.130610416E+01
-0.433385129E+00 0.130946753E+01-0.419140250E+00 0.131281098E+01-0.404890682E+00
 0.131614551E+01-0.390639024E+00 0.131947811E+01-0.376386912E+00 0.132281732E+01
-0.362136350E+00 0.132617352E+01-0.347889779E+00 0.132955779E+01-0.333649852E+00
 0.133297264E+01-0.319417227E+00 0.133641475E+01-0.305191168E+00 0.133987960E+01
-0.290970632E+00 0.134336193E+01-0.276754365E+00 0.134685522E+01-0.262540787E+00
 0.135034855E+01-0.248327220E+00 0.135382891E+01-0.234110472E+00 0.135728190E+01
-0.219887052E+00 0.136069081E+01-0.205653008E+00 0.136403603E+01-0.191403869E+00
 0.136729570E+01-0.177134926E+00 0.137044428E+01-0.162841074E+00 0.137345279E+01
-0.148517106E+00 0.137628901E+01-0.134158062E+00 0.137892193E+01-0.119760378E+00
 0.138132704E+01-0.105322917E+00 0.138347952E+01-0.908456666E-01 0.138535353E+01
-0.763297789E-01 0.138692294E+01-0.617778433E-01 0.138816750E+01-0.471945543E-01
 0.138907416E+01-0.325863836E-01 0.138963197E+01-0.179607524E-01 0.138983215E+01
-0.332586956E-02 0.138966936E+01 0.113094742E-01 0.138914809E+01 0.259364529E-01
 0.138827876E+01 0.405468954E-01 0.138707395E+01 0.551335264E-01 0.138554791E+01
 0.696900798E-01 0.138371858E+01 0.842116671E-01 0.138161248E+01 0.986957403E-01
 0.137925716E+01 0.113141412E+00 0.137667895E+01 0.127548999E+00 0.137390268E+01
 0.141919761E+00 0.137095602E+01 0.156256579E+00 0.136787144E+01 0.170564380E+00
 0.136467863E+01 0.184848435E+00 0.136140372E+01 0.199113899E+00 0.135806889E+01
 0.213365481E+00 0.135469328E+01 0.227607463E+00 0.135129346E+01 0.241843687E+00
 0.134788349E+01 0.256077486E+00 0.134447590E+01 0.270311852E+00 0.134108196E+01
 0.284549480E+00 0.133770812E+01 0.298791882E+00 0.133435771E+01 0.313039816E+00
 0.133103370E+01 0.327293931E+00 0.132773831E+01 0.341554687E+00 0.132447156E+01
 0.355822035E+00 0.132122332E+01 0.370093608E+00 0.131798077E+01 0.384366476E+00
 0.131473277E+01 0.398638104E+00 0.131146988E+01 0.412906334E+00 0.130818223E+01
 0.427168878E+00 0.130485380E+01 0.441421956E+00 0.130146735E+01 0.455661355E+00
 0.129800554E+01 0.469882616E+00 0.129445064E+01 0.484080885E+00 0.129078400E+01
 0.498250694E+00 0.128698537E+01 0.512385681E+00 0.128303555E+01 0.526479150E+00
 0.127891710E+01 0.540524256E+00 0.127461453E+01 0.554514039E+00 0.127011280E+01
 0.568440994E+00 0.126539493E+01 0.582296201E+00 0.126044360E+01 0.596069683E+00
 0.125524357E+01 0.609751188E+00 0.124978305E+01 0.623330813E+00 0.124405384E+01
 0.636799265E+00 0.123804935E+01 0.650147250E+00 0.123176314E+01 0.663364888E+00
 0.122519115E+01 0.676442776E+00 0.121833370E+01 0.689373261E+00 0.121119420E+01
 0.702150182E+00 0.120377478E+01 0.714766615E+00 0.119607622E+01 0.727214679E+00
 0.118810289E+01 0.739488563E+00 0.117986469E+01 0.751586282E+00 0.117137384E+01
 0.763508056E+00 0.116263654E+01 0.775250404E+00 0.115365461E+01 0.786806698E+00
 0.114443041E+01 0.798170558E+00 0.113497125E+01 0.809339615E+00 0.112528923E+01
 0.820316073E+00 0.111539778E+01 0.831104202E+00 0.110530210E+01 0.841701439E+00
 0.109499880E+01 0.852096927E+00 0.108448461E+01 0.862279046E+00 0.107376151E+01
 0.872240917E+00 0.106283627E+01 0.881980679E+00 0.105171733E+01 0.891498720E+00
 0.104041116E+01 0.900793569E+00 0.102892006E+01 0.909858786E+00 0.101724475E+01
 0.918685477E+00 0.100538665E+01 0.927265006E+00 0.993348836E+00 0.935590507E+00
 0.981138039E+00 0.943660171E+00 0.968764314E+00 0.951477736E+00 0.956239071E+00
 0.959050193E+00 0.943573615E+00 0.966385755E+00 0.930777827E+00 0.973491550E+00
 0.917859280E+00 0.980371655E+00 0.904824880E+00 0.987029682E+00 0.891682817E+00
 0.993472621E+00 0.878442682E+00 0.999711576E+00 0.865114286E+00 0.100575972E+01
 0.851707505E+00 0.101163210E+01 0.838232017E+00 0.101734510E+01 0.824697557E+00
 0.102291699E+01 0.811113597E+00 0.102836712E+01 0.797488515E+00 0.103371364E+01
 0.783829016E+00 0.103897163E+01 0.770140566E+00 0.104415380E+01 0.756427795E+00
 0.104927127E+01 0.742694781E+00 0.105433418E+01 0.728945909E+00 0.105935387E+01
 0.715185036E+00 0.106434057E+01 0.701416125E+00 0.106930503E+01 0.687642595E+00
 0.107425668E+01 0.673867979E+00 0.107920529E+01 0.660095497E+00 0.108415985E+01
 0.646328230E+00 0.108912887E+01 0.632569598E+00 0.109412175E+01 0.618822205E+00
 0.109914550E+01 0.605089305E+00 0.110420872E+01 0.591371274E+00 0.110931208E+01
 0.577672175E+00 0.111446605E+01
 0.156441580E+01 0.156423520E+01 0.173298350E+01 0.167901950E+01 0.134847970E+01
 0.206041340E+01 0.108819530E+01 0.205946000E+01 0.902253030E+00 0.187565310E+01
 0.903668760E+00 0.187424170E+01 0.533866470E+00 0.150285580E+01 0.538010660E+00
 0.149874330E+01 0.332797140E+00 0.129708960E+01 0.332797140E+00 0.109400000E+01
 0.334795920E+00 0.109400000E+01 0.303115250E+00 0.847500000E+00 0.305114030E+00
 0.847500000E+00 0.269135950E+00 0.565000000E+00 0.271134730E+00 0.565000000E+00
 0.260841000E+00 0.495257700E+00 0.260841000E+00-0.507257700E+00 0.271134730E+00
-0.576999960E+00 0.269135950E+00-0.576999960E+00 0.305114030E+00-0.859500000E+00
 0.303115250E+00-0.859500000E+00 0.334795920E+00-0.110600010E+01 0.332797140E+00
-0.110600010E+01 0.332797140E+00-0.130908970E+01 0.538598100E+00-0.150990190E+01
 0.534468950E+00-0.151402960E+01 0.905629600E+00-0.188405800E+01 0.904219000E+00
-0.188547470E+01 0.108819530E+01-0.206614000E+01 0.134847970E+01-0.206518650E+01
 0.173017910E+01-0.168098580E+01 0.156441580E+01-0.156883530E+01 0.137999130E+01
-0.157688300E+01 0.137989190E+01-0.157672700E+01 0.119622210E+01-0.158474990E+01
 0.119631650E+01-0.158489800E+01 0.105537410E+01-0.159104840E+01 0.105528350E+01
-0.159090630E+01 0.947502500E+00-0.159561420E+01 0.905686400E+00-0.159556230E+01
 0.899143000E+00-0.159478470E+01 0.883387860E+00-0.159026430E+01 0.867681200E+00
-0.158087360E+01 0.851322350E+00-0.156766880E+01 0.833481900E+00-0.154624210E+01
 0.826062560E+00-0.152875240E+01 0.822677700E+00-0.151516830E+01 0.821022750E+00
-0.149624060E+01 0.820691350E+00-0.147724350E+01 0.822887360E+00-0.144582030E+01
 0.827573000E+00-0.141923050E+01 0.839194600E+00-0.138728100E+01 0.855244300E+00
-0.135284130E+01 0.877566500E+00-0.132209860E+01 0.899473500E+00-0.130017830E+01
 0.118567730E+01-0.101380000E+01 0.127900000E+01-0.842300000E+00 0.129600000E+01
-0.820200000E+00 0.143300000E+01-0.820200000E+00 0.143300000E+01-0.711000000E+00
 0.149000000E+01-0.491000000E+00 0.146000000E+01-0.491000000E+00 0.146000000E+01
-0.233000000E+00 0.166100000E+01-0.233000000E+00 0.166100000E+01 0.226000000E+00
 0.146000000E+01 0.226000000E+00 0.146000000E+01 0.481000000E+00 0.149300000E+01
 0.481000000E+00 0.147400000E+01 0.554000000E+00 0.143300000E+01 0.711000000E+00
 0.143300000E+01 0.815600000E+00 0.129600000E+01 0.815600000E+00 0.127900000E+01
 0.837699950E+00 0.118567730E+01 0.100920000E+01 0.899473500E+00 0.129557820E+01
 0.877566500E+00 0.131749860E+01 0.855244300E+00 0.134824120E+01 0.839194600E+00
 0.138268090E+01 0.827573000E+00 0.141463040E+01 0.822887360E+00 0.144122030E+01
 0.820691350E+00 0.147264350E+01 0.821022750E+00 0.149164060E+01 0.822677700E+00
 0.151056830E+01 0.826062560E+00 0.152415240E+01 0.833481900E+00 0.154164210E+01
 0.851322350E+00 0.156306870E+01 0.867681200E+00 0.157627360E+01 0.883387860E+00
 0.158566430E+01 0.899143000E+00 0.159018470E+01 0.905686400E+00 0.159096230E+01
 0.947502500E+00 0.159101410E+01 0.105528350E+01 0.158630620E+01 0.105537410E+01
 0.158644830E+01 0.119631650E+01 0.158029800E+01 0.119622210E+01 0.158014990E+01
 0.137989190E+01 0.157212700E+01 0.137999130E+01 0.157228290E+01 0.156441580E+01
 0.156423520E+01
    0
