EFIT++      MAST # 47012 # 520ms                   0  65  65
 0.194000000E+01 0.440000000E+01 0.800000000E+00 0.600000000E-01 0.000000000E+00
 0.945576402E+00 0.290076176E-02-0.723762673E-01 0.310652021E-01-0.654219171E+00
 0.755414778E+06-0.723762673E-01 0.000000000E+00 0.945576402E+00 0.000000000E+00
 0.290076176E-02 0.000000000E+00 0.310652021E-01 0.000000000E+00 0.000000000E+00
-0.623094677E+00-0.619169667E+00-0.615333119E+00-0.611585050E+00-0.607925444E+00
-0.604354242E+00-0.600871345E+00-0.597476615E+00-0.594169869E+00-0.590950881E+00
-0.587819382E+00-0.584775056E+00-0.581817542E+00-0.578946433E+00-0.576161275E+00
-0.573461564E+00-0.570846752E+00-0.568316238E+00-0.565869377E+00-0.563505472E+00
-0.561223778E+00-0.559023504E+00-0.556903806E+00-0.554863795E+00-0.552902533E+00
-0.551019036E+00-0.549212270E+00-0.547481159E+00-0.545824579E+00-0.544241361E+00
-0.542730293E+00-0.541290121E+00-0.539919549E+00-0.538617241E+00-0.537381819E+00
-0.536211870E+00-0.535105943E+00-0.534062552E+00-0.533080176E+00-0.532157264E+00
-0.531292230E+00-0.530483461E+00-0.529729316E+00-0.529028127E+00-0.528378199E+00
-0.527777817E+00-0.527225240E+00-0.526718709E+00-0.526256445E+00-0.525836652E+00
-0.525457515E+00-0.525117209E+00-0.524813890E+00-0.524545704E+00-0.524310787E+00
-0.524107264E+00-0.523933251E+00-0.523786856E+00-0.523666181E+00-0.523569322E+00
-0.523494370E+00-0.523439413E+00-0.523402535E+00-0.523381816E+00-0.523375337E+00
 0.196685562E+05 0.192014212E+05 0.187349011E+05 0.182692119E+05 0.178045691E+05
 0.173411886E+05 0.168792860E+05 0.164190771E+05 0.159607776E+05 0.155046032E+05
 0.150507698E+05 0.145994929E+05 0.141509884E+05 0.137054719E+05 0.132631593E+05
 0.128242661E+05 0.123890083E+05 0.119576014E+05 0.115302612E+05 0.111072035E+05
 0.106886439E+05 0.102747983E+05 0.986588225E+04 0.946211160E+04 0.906370206E+04
 0.867086933E+04 0.828382917E+04 0.790279729E+04 0.752798942E+04 0.715962131E+04
 0.679790867E+04 0.644306723E+04 0.609531274E+04 0.575486090E+04 0.542192747E+04
 0.509672817E+04 0.477947872E+04 0.447039485E+04 0.416969231E+04 0.387758681E+04
 0.359429409E+04 0.332002987E+04 0.305500990E+04 0.279944989E+04 0.255356557E+04
 0.231757269E+04 0.209168696E+04 0.187612412E+04 0.167109989E+04 0.147683002E+04
 0.129353022E+04 0.112141623E+04 0.960703774E+03 0.811608589E+03 0.674346400E+03
 0.549132940E+03 0.436183937E+03 0.335715122E+03 0.247942225E+03 0.173080976E+03
 0.111347105E+03 0.629563415E+02 0.281244162E+02 0.706705907E+01 0.000000000E+00
-0.153018863E+01-0.148667013E+01-0.144377414E+01-0.140150068E+01-0.135984973E+01
-0.131882130E+01-0.127841539E+01-0.123863199E+01-0.119947112E+01-0.116093276E+01
-0.112301691E+01-0.108572359E+01-0.104905278E+01-0.101300449E+01-0.977578719E+00
-0.942775465E+00-0.908594727E+00-0.875036508E+00-0.842100806E+00-0.809787622E+00
-0.778096955E+00-0.747028806E+00-0.716583174E+00-0.686760060E+00-0.657559463E+00
-0.628981384E+00-0.601025823E+00-0.573692779E+00-0.546982252E+00-0.520894244E+00
-0.495428752E+00-0.470585779E+00-0.446365323E+00-0.422767384E+00-0.399791963E+00
-0.377439060E+00-0.355708674E+00-0.334600806E+00-0.314115455E+00-0.294252622E+00
-0.275012306E+00-0.256394508E+00-0.238399228E+00-0.221026465E+00-0.204276219E+00
-0.188148492E+00-0.172643281E+00-0.157760589E+00-0.143500414E+00-0.129862756E+00
-0.116847616E+00-0.104454994E+00-0.926848887E-01-0.815373014E-01-0.710122316E-01
-0.611096794E-01-0.518296448E-01-0.431721277E-01-0.351371282E-01-0.277246463E-01
-0.209346819E-01-0.147672351E-01-0.922230584E-02-0.429989414E-02 0.000000000E+00
-0.289165682E+06-0.288851892E+06-0.288404628E+06-0.287823891E+06-0.287109679E+06
-0.286261994E+06-0.285280835E+06-0.284166202E+06-0.282918096E+06-0.281536516E+06
-0.280021462E+06-0.278372934E+06-0.276590933E+06-0.274675457E+06-0.272626508E+06
-0.270444085E+06-0.268128189E+06-0.265678818E+06-0.263095974E+06-0.260379656E+06
-0.257529865E+06-0.254546599E+06-0.251429860E+06-0.248179647E+06-0.244795960E+06
-0.241278800E+06-0.237628166E+06-0.233844058E+06-0.229926476E+06-0.225875420E+06
-0.221690891E+06-0.217372888E+06-0.212921411E+06-0.208336460E+06-0.203618036E+06
-0.198766137E+06-0.193780766E+06-0.188661920E+06-0.183409600E+06-0.178023807E+06
-0.172504540E+06-0.166851799E+06-0.161065585E+06-0.155145896E+06-0.149092734E+06
-0.142906098E+06-0.136585988E+06-0.130132405E+06-0.123545348E+06-0.116824817E+06
-0.109970812E+06-0.102983334E+06-0.958623814E+05-0.886079553E+05-0.812200555E+05
-0.736986819E+05-0.660438345E+05-0.582555134E+05-0.503337185E+05-0.422784499E+05
-0.340897074E+05-0.257674912E+05-0.173118013E+05-0.872263751E+04 0.000000000E+00
 2.872218623e-05 6.492408491e-05 1.154678823e-04 1.801424064e-04 2.587062698e-04
 3.508169647e-04 4.557788515e-04 5.715083031e-04 7.166949976e-04 9.366769585e-04
 1.188582583e-03 1.470456676e-03 1.798910209e-03 2.172652077e-03 2.600429301e-03
 3.091946649e-03 3.635274601e-03 4.247223657e-03 4.910628399e-03 5.630269603e-03
 6.402190173e-03 7.203982863e-03 8.045941652e-03 8.889874788e-03 9.738696449e-03
 1.057356969e-02 1.137442318e-02 1.216010637e-02 1.289617702e-02 1.361091804e-02
 1.428692661e-02 1.492154823e-02 1.553699731e-02 1.609503970e-02 1.663504675e-02
 1.712302719e-02 1.756753868e-02 1.798306442e-02 1.833044870e-02 1.864615343e-02
 1.888973423e-02 1.908116357e-02 1.921910093e-02 1.927464033e-02 1.929195211e-02
 1.921650875e-02 1.908441096e-02 1.887790431e-02 1.857898372e-02 1.823305916e-02
 1.777961557e-02 1.727764391e-02 1.669523362e-02 1.604089226e-02 1.536508591e-02
 1.462553508e-02 1.391383878e-02 1.321952516e-02 1.258365780e-02 1.209721758e-02
 1.172772510e-02 1.157781716e-02 1.160874442e-02 1.180356076e-02 1.219288563e-02
 2.752632671e-05 6.179490220e-05 1.089517918e-04 1.682157482e-04 2.387711269e-04
 3.198226892e-04 4.106832970e-04 5.141893467e-04 6.461396942e-04 8.542174011e-04
 1.095431166e-03 1.371149732e-03 1.688355540e-03 2.042850775e-03 2.512859412e-03
 3.059827456e-03 3.683394688e-03 4.388364725e-03 5.177494915e-03 6.049403946e-03
 6.998339017e-03 8.013106126e-03 9.072389724e-03 1.014707200e-02 1.120387723e-02
 1.221317209e-02 1.315839559e-02 1.403886186e-02 1.486367508e-02 1.564297271e-02
 1.638303281e-02 1.708590209e-02 1.775082379e-02 1.837562015e-02 1.895761144e-02
 1.949400980e-02 1.998204669e-02 2.041884050e-02 2.080118578e-02 2.112568774e-02
 2.138893104e-02 2.158738591e-02 2.171720879e-02 2.177414700e-02 2.175354762e-02
 2.165035522e-02 2.145923076e-02 2.117463786e-02 2.079101660e-02 2.030303246e-02
 1.970587984e-02 1.899586078e-02 1.817118088e-02 1.723332906e-02 1.618926863e-02
 1.505487875e-02 1.386006452e-02 1.265531508e-02 1.151799107e-02 1.055250458e-02
 9.874535293e-03 9.574353491e-03 9.675589267e-03 1.012270917e-02 1.081577459e-02
 2.843216944e-05 6.307240019e-05 1.094611432e-04 1.658054850e-04 2.304256670e-04
 3.022151870e-04 3.811721472e-04 4.713203441e-04 5.932704869e-04 7.386595697e-04
 9.272350635e-04 1.165597355e-03 1.453384082e-03 1.807398392e-03 2.253558501e-03
 2.814140567e-03 3.490390733e-03 4.290326873e-03 5.221272166e-03 6.286089991e-03
 7.483672987e-03 8.808492312e-03 1.024025823e-02 1.172858486e-02 1.316422145e-02
 1.442308946e-02 1.546454927e-02 1.635393975e-02 1.718327193e-02 1.799154216e-02
 1.878124913e-02 1.954466387e-02 2.027317578e-02 2.095962343e-02 2.159855324e-02
 2.218590153e-02 2.271853666e-02 2.319380067e-02 2.360910798e-02 2.396162474e-02
 2.424802045e-02 2.446427336e-02 2.460552598e-02 2.466599679e-02 2.463894710e-02
 2.451669141e-02 2.429063211e-02 2.395129589e-02 2.348834987e-02 2.289058043e-02
 2.214583130e-02 2.124092484e-02 2.016164754e-02 1.889300052e-02 1.742017516e-02
 1.573128614e-02 1.382416983e-02 1.172232866e-02 9.510345732e-03 7.402655861e-03
 5.817383162e-03 5.253260479e-03 5.851912704e-03 7.245953083e-03 8.965772648e-03
 3.436475948e-05 7.487088841e-05 1.266233263e-04 1.853456541e-04 2.466886751e-04
 3.069788246e-04 3.640145979e-04 4.208948282e-04 4.898375762e-04 5.671118844e-04
 6.672910105e-04 8.081626984e-04 1.002260414e-03 1.274142680e-03 1.653859812e-03
 2.173125776e-03 2.861007100e-03 3.739955054e-03 4.822824425e-03 6.112335452e-03
 7.606493805e-03 9.318472878e-03 1.126676951e-02 1.357099060e-02 1.597317905e-02
 1.759283776e-02 1.840863314e-02 1.889368295e-02 1.968100813e-02 2.055596677e-02
 2.144275080e-02 2.230538777e-02 2.312459122e-02 2.388973971e-02 2.459525149e-02
 2.523854802e-02 2.581870075e-02 2.633543030e-02 2.678832929e-02 2.717625744e-02
 2.749688665e-02 2.774638475e-02 2.791922897e-02 2.800813734e-02 2.800409806e-02
 2.789646549e-02 2.767307719e-02 2.732033267e-02 2.682316135e-02 2.616479273e-02
 2.532622435e-02 2.428525246e-02 2.301487336e-02 2.148075323e-02 1.963725554e-02
 1.742112853e-02 1.474126070e-02 1.146172665e-02 7.373284760e-03 2.145871689e-03
-5.882918326e-03-7.533295662e-03-1.613475929e-03 3.586136846e-03 7.483812703e-03
 5.153385280e-05 1.104490325e-04 1.821476695e-04 2.571412336e-04 3.252998209e-04
 3.771211922e-04 4.050579512e-04 4.080116135e-04 3.923904017e-04 3.538168471e-04
 3.008734675e-04 2.575252293e-04 2.431926284e-04 2.944813727e-04 4.656320299e-04
 8.247497552e-04 1.443334686e-03 2.377408172e-03 3.648945915e-03 5.239830240e-03
 7.102463890e-03 9.176642781e-03 1.139691503e-02 1.367711684e-02 1.586298028e-02
 1.778436154e-02 1.939782745e-02 2.079976964e-02 2.208584796e-02 2.328840828e-02
 2.440893199e-02 2.544275927e-02 2.638708259e-02 2.724247918e-02 2.801246553e-02
 2.870248280e-02 2.931876572e-02 2.986726403e-02 3.035269142e-02 3.077774095e-02
 3.114249068e-02 3.144401740e-02 3.167623039e-02 3.182992631e-02 3.189304765e-02
 3.185110115e-02 3.168766202e-02 3.138486087e-02 3.092372486e-02 3.028422737e-02
 2.944488591e-02 2.838172504e-02 2.706636100e-02 2.546281850e-02 2.352235632e-02
 2.117484858e-02 1.831363860e-02 1.476691787e-02 1.023824081e-02 4.153781013e-03
-4.500765595e-03-6.662469188e-03 9.371466709e-05 5.967062164e-03 1.017524091e-02
 9.251086962e-05 1.968470735e-04 3.208158014e-04 4.447932085e-04 5.475478338e-04
 6.087251017e-04 6.110232556e-04 5.423875359e-04 4.151860895e-04 2.077609009e-04
-7.507217256e-05-4.206130047e-04-8.170406545e-04-1.238180555e-03-1.607011243e-03
-1.767327040e-03-1.484300030e-03-5.389105114e-04 1.131013060e-03 3.390240286e-03
 6.005757513e-03 8.772610891e-03 1.155406528e-02 1.426085727e-02 1.682798934e-02
 1.920858316e-02 2.137763335e-02 2.333145946e-02 2.507891534e-02 2.663217948e-02
 2.800322048e-02 2.920450891e-02 3.025048608e-02 3.115809340e-02 3.194623034e-02
 3.263455551e-02 3.324205162e-02 3.378562377e-02 3.427885784e-02 3.473098732e-02
 3.514609979e-02 3.552263199e-02 3.585322093e-02 3.612497457e-02 3.632018970e-02
 3.641748338e-02 3.639322962e-02 3.622312090e-02 3.588362182e-02 3.535306862e-02
 3.461221136e-02 3.364409897e-02 3.243336026e-02 3.096512626e-02 2.922411050e-02
 2.719489476e-02 2.486578917e-02 2.224219314e-02 1.938510472e-02 1.651478524e-02
 1.422034942e-02 1.337284133e-02 1.412861843e-02 1.575889678e-02 1.761606247e-02
 1.817110614e-04 3.867572656e-04 6.300319555e-04 8.720524923e-04 1.069793551e-03
 1.182266622e-03 1.176242088e-03 1.034073024e-03 7.550528771e-04 3.346535164e-04
-2.233525355e-04-9.250020398e-04-1.808785485e-03-2.981565584e-03-4.607175570e-03
-6.655557758e-03-8.230732384e-03-7.457373939e-03-4.125630812e-03 5.730584767e-04
 5.021478150e-03 9.051953103e-03 1.274273854e-02 1.615364820e-02 1.931174798e-02
 2.222085396e-02 2.487179497e-02 2.725084928e-02 2.934641047e-02 3.115416867e-02
 3.268065252e-02 3.394457247e-02 3.497567374e-02 3.581159845e-02 3.649386662e-02
 3.706407471e-02 3.756091630e-02 3.801806327e-02 3.846261266e-02 3.891377351e-02
 3.938165146e-02 3.986624098e-02 4.035691737e-02 4.083275446e-02 4.126388481e-02
 4.161393686e-02 4.184338998e-02 4.191349615e-02 4.179022722e-02 4.144757900e-02
 4.086962416e-02 4.005104081e-02 3.899638071e-02 3.771887554e-02 3.623992188e-02
 3.459050291e-02 3.281573912e-02 3.098328406e-02 2.919423881e-02 2.758910966e-02
 2.633097114e-02 2.555130885e-02 2.528809032e-02 2.548229070e-02 2.600033668e-02
 3.648906095e-04 7.806677009e-04 1.279437029e-03 1.781879935e-03 2.198449267e-03
 2.442756191e-03 2.446788982e-03 2.176958146e-03 1.648179794e-03 9.008255289e-04
 2.422222103e-05-8.988290296e-04-1.850113992e-03-2.998600816e-03-4.686872543e-03
-7.396477959e-03-1.025410393e-02-9.388404677e-03-4.757107457e-03 1.865816217e-03
 7.176145693e-03 1.180857933e-02 1.602790210e-02 1.995732095e-02 2.364271928e-02
 2.708060582e-02 3.023370644e-02 3.304534895e-02 3.545732944e-02 3.742998312e-02
 3.895808870e-02 4.007574289e-02 4.084869808e-02 4.135943967e-02 4.169269183e-02
 4.192615788e-02 4.212688291e-02 4.235099307e-02 4.264414352e-02 4.304081431e-02
 4.356186671e-02 4.421108647e-02 4.497229051e-02 4.580851397e-02 4.666398816e-02
 4.746882442e-02 4.814608811e-02 4.862094948e-02 4.883101789e-02 4.873570324e-02
 4.832165701e-02 4.760234840e-02 4.661242835e-02 4.539985615e-02 4.401914012e-02
 4.252760121e-02 4.098464789e-02 3.945262903e-02 3.799702640e-02 3.668353815e-02
 3.557053945e-02 3.469575592e-02 3.410784999e-02 3.376912860e-02 3.364094654e-02
 7.181187239e-04 1.556220370e-03 2.590628995e-03 3.664758476e-03 4.577678518e-03
 5.123282781e-03 5.148011182e-03 4.579720155e-03 3.419238799e-03 1.717475467e-03
-1.452413990e-04-1.416666216e-03-1.702597207e-03-1.183913973e-03-5.100656366e-04
 2.195027848e-04 1.319517607e-03 3.169567808e-03 5.915461222e-03 9.382813294e-03
 1.326083088e-02 1.732699425e-02 2.147890651e-02 2.567183077e-02 2.986514202e-02
 3.398583236e-02 3.790245962e-02 4.141833904e-02 4.430663346e-02 4.639271284e-02
 4.763747711e-02 4.815535837e-02 4.815326886e-02 4.784558029e-02 4.740373001e-02
 4.694921856e-02 4.656835174e-02 4.633026861e-02 4.629956205e-02 4.653914552e-02
 4.710138937e-02 4.801102053e-02 4.924964708e-02 5.075082591e-02 5.240592583e-02
 5.407410097e-02 5.559256666e-02 5.679251718e-02 5.752792254e-02 5.771213121e-02
 5.734202588e-02 5.649142967e-02 5.527756231e-02 5.382342515e-02 5.223491376e-02
 5.059477800e-02 4.896601135e-02 4.739757645e-02 4.592878886e-02 4.459126042e-02
 4.340869903e-02 4.239646107e-02 4.158126770e-02 4.094268089e-02 4.044980863e-02
 1.316703219e-03 2.930081188e-03 5.066270191e-03 7.501585027e-03 9.731687494e-03
 1.096131063e-02 1.083837731e-02 9.642306713e-03 7.544655167e-03 4.334739945e-03
 1.867847213e-04-1.882110750e-03-1.250970474e-03 1.977161700e-03 4.417675448e-03
 6.451836371e-03 8.468950345e-03 1.070666351e-02 1.329735068e-02 1.629031279e-02
 1.968343165e-02 2.346019672e-02 2.761584785e-02 3.216577718e-02 3.713640444e-02
 4.252969094e-02 4.822449212e-02 5.375722026e-02 5.815192283e-02 6.043358522e-02
 6.041928484e-02 5.888507885e-02 5.681881042e-02 5.479988621e-02 5.300999269e-02
 5.148509478e-02 5.022274429e-02 4.922279324e-02 4.855225108e-02 4.834924359e-02
 4.881992452e-02 5.011727375e-02 5.223467991e-02 5.501559217e-02 5.822302695e-02
 6.161376706e-02 6.489098314e-02 6.763467125e-02 6.936215071e-02 6.975382836e-02
 6.887641416e-02 6.713347371e-02 6.497888147e-02 6.271882315e-02 6.050817255e-02
 5.841568767e-02 5.646829745e-02 5.467607573e-02 5.304295457e-02 5.156954272e-02
 5.025520126e-02 4.909834241e-02 4.810978756e-02 4.726895548e-02 4.656632834e-02
 2.077676366e-03 4.748023153e-03 8.598430038e-03 1.383543156e-02 2.042738995e-02
 2.300854082e-02 2.024911516e-02 1.754216047e-02 1.504684199e-02 1.259152518e-02
 1.042628380e-02 9.139043014e-03 9.057446470e-03 9.985357187e-03 1.137240865e-02
 1.297335197e-02 1.477640132e-02 1.683023624e-02 1.919071900e-02 2.190753848e-02
 2.502633931e-02 2.859905789e-02 3.269975333e-02 3.744736671e-02 4.304437443e-02
 4.985849536e-02 5.863548550e-02 7.120923567e-02 8.331363904e-02 8.633095065e-02
 7.970499850e-02 6.997483161e-02 6.407138877e-02 6.001007598e-02 5.698391664e-02
 5.457705414e-02 5.252297070e-02 5.060743876e-02 4.862987555e-02 4.657397078e-02
 4.590754956e-02 4.776452327e-02 5.200843331e-02 5.759113470e-02 6.342803266e-02
 6.975085297e-02 7.692565202e-02 8.452004381e-02 8.948720874e-02 8.954434491e-02
 8.461491213e-02 7.910061175e-02 7.461709691e-02 7.096789952e-02 6.791617444e-02
 6.530217646e-02 6.302308113e-02 6.101158314e-02 5.922550236e-02 5.763338946e-02
 5.621635619e-02 5.496003573e-02 5.385161065e-02 5.287193563e-02 5.199647816e-02
 2.716496971e-03 6.224443217e-03 1.129176039e-02 1.808747551e-02 2.618389781e-02
 2.940018514e-02 2.641602437e-02 2.377624431e-02 2.170816084e-02 2.000812818e-02
 1.868638320e-02 1.780421207e-02 1.742388484e-02 1.754194596e-02 1.810331906e-02
 1.904521913e-02 2.032746704e-02 2.193696830e-02 2.388071010e-02 2.617901446e-02
 2.886273248e-02 3.197450555e-02 3.557344744e-02 3.974260004e-02 4.459751197e-02
 5.028661153e-02 5.693109876e-02 6.422490372e-02 7.022891877e-02 7.253858411e-02
 7.078361734e-02 6.694529391e-02 6.325497782e-02 6.021594620e-02 5.774998162e-02
 5.569254140e-02 5.386928569e-02 5.208033498e-02 5.004421979e-02 4.733374858e-02
 4.607474772e-02 4.813389811e-02 5.373495617e-02 6.043734151e-02 6.697819009e-02
 7.404367654e-02 8.245073604e-02 9.307231487e-02 9.922341963e-02 9.867269178e-02
 9.136843126e-02 8.474749644e-02 7.989256440e-02 7.610454142e-02 7.300459145e-02
 7.038064905e-02 6.810733493e-02 6.610655421e-02 6.432734964e-02 6.273496820e-02
 6.130454927e-02 6.001720205e-02 5.885742896e-02 5.781176502e-02 5.687321490e-02
 3.117598692e-03 7.106332815e-03 1.278256819e-02 2.021661683e-02 2.886502411e-02
 3.234263145e-02 2.905507232e-02 2.737286525e-02 2.611341269e-02 2.500505326e-02
 2.408853660e-02 2.342230965e-02 2.304582631e-02 2.298036656e-02 2.323131828e-02
 2.379475200e-02 2.466462226e-02 2.583761573e-02 2.731504546e-02 2.910269326e-02
 3.120956334e-02 3.364579855e-02 3.641901957e-02 3.952705118e-02 4.294314256e-02
 4.658789436e-02 5.028500026e-02 5.372076950e-02 5.647451037e-02 5.823301236e-02
 5.891091752e-02 5.870265801e-02 5.797810192e-02 5.705580688e-02 5.613441967e-02
 5.531564560e-02 5.464995878e-02 5.418104778e-02 5.399704930e-02 5.429037580e-02
 5.535586195e-02 5.743103473e-02 6.052128119e-02 6.439728902e-02 6.875721809e-02
 7.333437766e-02 7.780730143e-02 8.164609588e-02 8.416870646e-02 8.494449059e-02
 8.412075339e-02 8.229560136e-02 8.006707963e-02 7.778372861e-02 7.559567398e-02
 7.355456527e-02 7.167097244e-02 6.993983154e-02 6.835083525e-02 6.689249350e-02
 6.555360150e-02 6.432365822e-02 6.319289132e-02 6.215225725e-02 6.119847691e-02
 3.358392696e-03 7.629291738e-03 1.365882073e-02 2.147734209e-02 3.045864928e-02
 3.419712494e-02 3.141849744e-02 3.013460068e-02 2.927743197e-02 2.848911277e-02
 2.781507825e-02 2.729128564e-02 2.694805761e-02 2.680886256e-02 2.689030189e-02
 2.720321421e-02 2.775429412e-02 2.854754695e-02 2.958509795e-02 3.086713083e-02
 3.239086615e-02 3.414846906e-02 3.612367857e-02 3.828694263e-02 4.058920858e-02
 4.295569454e-02 4.528326106e-02 4.744748449e-02 4.932444461e-02 5.081898542e-02
 5.193391072e-02 5.268951485e-02 5.316668077e-02 5.347826520e-02 5.373191102e-02
 5.402294309e-02 5.443525280e-02 5.504802212e-02 5.594264524e-02 5.720264818e-02
 5.890045852e-02 6.107256188e-02 6.369520378e-02 6.667522862e-02 6.985735703e-02
 7.303723362e-02 7.597564147e-02 7.842428815e-02 8.017392828e-02 8.111337821e-02
 8.126396535e-02 8.076111313e-02 7.979392967e-02 7.854366786e-02 7.715085639e-02
 7.571060184e-02 7.428149072e-02 7.289688540e-02 7.157409075e-02 7.032066675e-02
 6.913844552e-02 6.802598158e-02 6.698000763e-02 6.599608484e-02 6.505830311e-02
 3.520628245e-03 7.984532011e-03 1.426302583e-02 2.236804490e-02 3.167145816e-02
 3.575996477e-02 3.319546535e-02 3.223352966e-02 3.161438245e-02 3.102547555e-02
 3.049084092e-02 3.003815065e-02 2.969336355e-02 2.947926767e-02 2.941477060e-02
 2.951473771e-02 2.979015403e-02 3.024835645e-02 3.089311370e-02 3.172439646e-02
 3.273775393e-02 3.392328757e-02 3.526430743e-02 3.673590590e-02 3.830391689e-02
 3.992501675e-02 4.154890796e-02 4.312330505e-02 4.460154537e-02 4.595114384e-02
 4.715944114e-02 4.823789307e-02 4.923497363e-02 5.018169846e-02 5.113077242e-02
 5.213206922e-02 5.326134281e-02 5.457261202e-02 5.612084268e-02 5.794792126e-02
 6.006766617e-02 6.249296309e-02 6.520896050e-02 6.816271484e-02 7.125032739e-02
 7.429805208e-02 7.706545023e-02 7.931588728e-02 8.088986246e-02 8.172503293e-02
 8.186727898e-02 8.146941464e-02 8.072203999e-02 7.977287525e-02 7.871639730e-02
 7.761179178e-02 7.649632273e-02 7.539307519e-02 7.431575950e-02 7.327190296e-02
 7.226501667e-02 7.129605866e-02 7.036441264e-02 6.946876677e-02 6.861741349e-02
 3.651332491e-03 8.273816052e-03 1.476187063e-02 2.311424199e-02 3.269585813e-02
 3.707212656e-02 3.476343436e-02 3.396232040e-02 3.350189669e-02 3.301233813e-02
 3.252164727e-02 3.205868114e-02 3.165038727e-02 3.132048873e-02 3.108906491e-02
 3.097253776e-02 3.098379299e-02 3.113229603e-02 3.142412231e-02 3.186185345e-02
 3.244433405e-02 3.316635085e-02 3.401833388e-02 3.498623494e-02 3.605178860e-02
 3.719337748e-02 3.838766463e-02 3.961197285e-02 4.084714391e-02 4.208038278e-02
 4.330746076e-02 4.453370849e-02 4.577405141e-02 4.705477334e-02 4.840381588e-02
 4.984939010e-02 5.143414173e-02 5.319547175e-02 5.516916332e-02 5.738529772e-02
 5.986466931e-02 6.263264889e-02 6.571487647e-02 6.913981591e-02 7.295311916e-02
 7.733510916e-02 8.135017899e-02 8.426377987e-02 8.593642602e-02 8.627933299e-02
 8.530646325e-02 8.368995724e-02 8.245219495e-02 8.136807503e-02 8.037212039e-02
 7.943045772e-02 7.852454040e-02 7.764416558e-02 7.678365475e-02 7.593973062e-02
 7.511036632e-02 7.429417981e-02 7.349011779e-02 7.269713341e-02 7.190700152e-02
 3.775687536e-03 8.554069764e-03 1.525731886e-02 2.387775580e-02 3.373726971e-02
 3.835530024e-02 3.636175463e-02 3.572598455e-02 3.529478299e-02 3.476448021e-02
 3.418952908e-02 3.360949812e-02 3.305398357e-02 3.254635751e-02 3.210574513e-02
 3.174802317e-02 3.148633663e-02 3.133137594e-02 3.129152321e-02 3.137283531e-02
 3.157886265e-02 3.191051795e-02 3.236603233e-02 3.294105655e-02 3.362898025e-02
 3.442154687e-02 3.530984024e-02 3.628543172e-02 3.734147769e-02 3.847382316e-02
 3.968192529e-02 4.096945220e-02 4.234442539e-02 4.381881818e-02 4.540783530e-02
 4.712935305e-02 4.900345575e-02 5.105180900e-02 5.329760336e-02 5.576668689e-02
 5.848992673e-02 6.150571482e-02 6.486279698e-02 6.862998800e-02 7.291584997e-02
 7.785801563e-02 8.235237872e-02 8.547479642e-02 8.722639630e-02 8.756069046e-02
 8.641887629e-02 8.467593713e-02 8.343087107e-02 8.248169099e-02 8.169722334e-02
 8.100239812e-02 8.035301027e-02 7.972271446e-02 7.909585630e-02 7.846333760e-02
 7.782015188e-02 7.716387533e-02 7.649371613e-02 7.580988375e-02 7.511523247e-02
 3.898589840e-03 8.837721682e-03 1.577826571e-02 2.473006299e-02 3.508955510e-02
 4.045473147e-02 3.914811161e-02 3.809882723e-02 3.725744523e-02 3.642653501e-02
 3.559969008e-02 3.478680643e-02 3.400037610e-02 3.325338388e-02 3.255860338e-02
 3.192827375e-02 3.137393766e-02 3.090636927e-02 3.053601808e-02 3.027312214e-02
 3.012640761e-02 3.010299083e-02 3.020828765e-02 3.044594856e-02 3.081781389e-02
 3.132384008e-02 3.196357766e-02 3.273722866e-02 3.364470162e-02 3.468608483e-02
 3.586210638e-02 3.717471362e-02 3.862738053e-02 4.022475170e-02 4.197237323e-02
 4.387643901e-02 4.594337694e-02 4.817948869e-02 5.059090759e-02 5.318495019e-02
 5.597989432e-02 5.903796118e-02 6.241264260e-02 6.607239207e-02 7.004064878e-02
 7.429182855e-02 7.823258626e-02 8.117704857e-02 8.302725771e-02 8.366171155e-02
 8.351110824e-02 8.328595551e-02 8.304116470e-02 8.280440286e-02 8.257075834e-02
 8.232526286e-02 8.205365482e-02 8.174526649e-02 8.139327936e-02 8.099417929e-02
 8.054704630e-02 8.005289302e-02 7.951411807e-02 7.893421656e-02 7.832423774e-02
 4.003656469e-03 9.080905145e-03 1.622633774e-02 2.546459034e-02 3.618318347e-02
 4.201398941e-02 4.130626206e-02 4.001706083e-02 3.883384314e-02 3.769400180e-02
 3.658818674e-02 3.550974589e-02 3.445906912e-02 3.344104708e-02 3.246324113e-02
 3.153478969e-02 3.066577480e-02 2.986823048e-02 2.915604577e-02 2.854306745e-02
 2.804280360e-02 2.766816804e-02 2.743125023e-02 2.734311191e-02 2.741362067e-02
 2.765134314e-02 2.806355828e-02 2.865617701e-02 2.943340066e-02 3.039727098e-02
 3.154692485e-02 3.288126384e-02 3.440154666e-02 3.610685584e-02 3.799472238e-02
 4.006194360e-02 4.230360943e-02 4.471219398e-02 4.727583844e-02 4.997454637e-02
 5.275901639e-02 5.577635439e-02 5.912798656e-02 6.258316766e-02 6.609365119e-02
 6.951066063e-02 7.266383373e-02 7.541345425e-02 7.767329672e-02 7.943431468e-02
 8.076250623e-02 8.175923251e-02 8.251168741e-02 8.307749058e-02 8.349069561e-02
 8.377057808e-02 8.392840863e-02 8.397179115e-02 8.390711031e-02 8.374074316e-02
 8.347953875e-02 8.313089633e-02 8.270263899e-02 8.220258368e-02 8.162574816e-02
 4.074127609e-03 9.240387499e-03 1.650925293e-02 2.590060948e-02 3.678837494e-02
 4.277405211e-02 4.216739354e-02 4.088770987e-02 3.960057726e-02 3.829946151e-02
 3.699104308e-02 3.568131707e-02 3.437619142e-02 3.308253529e-02 3.180847554e-02
 3.056338627e-02 2.935951676e-02 2.821291870e-02 2.714081152e-02 2.616127047e-02
 2.529290715e-02 2.455453173e-02 2.396479801e-02 2.354183398e-02 2.330286269e-02
 2.326381893e-02 2.343896042e-02 2.384045656e-02 2.447794913e-02 2.535811264e-02
 2.648426486e-02 2.785616282e-02 2.946947451e-02 3.131427281e-02 3.337541364e-02
 3.564529546e-02 3.811159791e-02 4.075947193e-02 4.357133676e-02 4.652655480e-02
 4.960047201e-02 5.278204005e-02 5.598933087e-02 5.948056172e-02 6.304628029e-02
 6.646460656e-02 6.968360326e-02 7.265238568e-02 7.532864915e-02 7.768984593e-02
 7.973446596e-02 8.147659910e-02 8.293788872e-02 8.414109589e-02 8.510694577e-02
 8.585353977e-02 8.639699353e-02 8.675233891e-02 8.693422827e-02 8.695731154e-02
 8.683632131e-02 8.658595893e-02 8.622068097e-02 8.575466034e-02 8.521041222e-02
 4.109586385e-03 9.318245405e-03 1.664128302e-02 2.609211562e-02 3.707065693e-02
 4.316708183e-02 4.245807111e-02 4.114582704e-02 3.976785642e-02 3.832924817e-02
 3.684160165e-02 3.531521120e-02 3.375975719e-02 3.218492305e-02 3.060086048e-02
 2.902010367e-02 2.746044191e-02 2.594159926e-02 2.448508697e-02 2.311397681e-02
 2.185258959e-02 2.072610698e-02 1.976011239e-02 1.898006840e-02 1.841074076e-02
 1.807558123e-02 1.799608259e-02 1.819111930e-02 1.867628975e-02 1.946328096e-02
 2.055927333e-02 2.196638888e-02 2.368115385e-02 2.569399613e-02 2.798896468e-02
 3.054360483e-02 3.332629885e-02 3.631661342e-02 3.949338025e-02 4.283393060e-02
 4.631422691e-02 4.990934779e-02 5.359440320e-02 5.733967014e-02 6.109310122e-02
 6.478733881e-02 6.835886296e-02 7.175294324e-02 7.492397086e-02 7.783602444e-02
 8.046326359e-02 8.278951761e-02 8.480718387e-02 8.651589870e-02 8.792134644e-02
 8.903430270e-02 8.986981561e-02 9.044639034e-02 9.078510468e-02 9.090866581e-02
 9.084047284e-02 9.060376340e-02 9.022090480e-02 8.971276770e-02 8.909518361e-02
 4.118422217e-03 9.335954335e-03 1.666695826e-02 2.612008890e-02 3.704739096e-02
 4.302341196e-02 4.239925989e-02 4.100926863e-02 3.951426198e-02 3.792136999e-02
 3.624202434e-02 3.448704395e-02 3.266702600e-02 3.079268550e-02 2.887616018e-02
 2.693627599e-02 2.499436400e-02 2.307430597e-02 2.120247345e-02 1.940753715e-02
 1.772014893e-02 1.617249767e-02 1.479774434e-02 1.362934688e-02 1.270029077e-02
 1.204224671e-02 1.168468126e-02 1.165394996e-02 1.197240450e-02 1.265754444e-02
 1.372124078e-02 1.516905333e-02 1.699965398e-02 1.920436583e-02 2.176682831e-02
 2.466274972e-02 2.785973714e-02 3.131770165e-02 3.498866605e-02 3.884848197e-02
 4.286940204e-02 4.702109852e-02 5.126939230e-02 5.557469838e-02 5.989101369e-02
 6.416658667e-02 6.834608428e-02 7.237310389e-02 7.619247005e-02 7.975242721e-02
 8.300688516e-02 8.591767295e-02 8.845658840e-02 9.060694222e-02 9.236429504e-02
 9.373618330e-02 9.474081308e-02 9.540491137e-02 9.576108811e-02 9.584512064e-02
 9.569351809e-02 9.534159458e-02 9.482213262e-02 9.416454986e-02 9.339372027e-02
 4.109061699e-03 9.313070329e-03 1.662195505e-02 2.604147472e-02 3.694621474e-02
 4.291697197e-02 4.211368431e-02 4.060752870e-02 3.896302935e-02 3.718782843e-02
 3.529130948e-02 3.328300760e-02 3.117270772e-02 2.897064278e-02 2.669482721e-02
 2.436671616e-02 2.201105414e-02 1.965598393e-02 1.733301698e-02 1.507685259e-02
 1.292503206e-02 1.091742210e-02 9.095529500e-03 7.501658048e-03 6.177928720e-03
 5.165193455e-03 4.501881440e-03 4.222822978e-03 4.358099160e-03 4.931964959e-03
 5.961888460e-03 7.457739849e-03 9.421152287e-03 1.184506312e-02 1.471342764e-02
 1.800108432e-02 2.167372538e-02 2.568791463e-02 2.999107205e-02 3.452144862e-02
 3.924256930e-02 4.412463061e-02 4.913399053e-02 5.423176201e-02 5.937256287e-02
 6.450354944e-02 6.956392691e-02 7.448516979e-02 7.919231178e-02 8.360674535e-02
 8.765081772e-02 9.125402951e-02 9.435995238e-02 9.693240866e-02 9.895934800e-02
 1.004533528e-01 1.014486341e-01 1.019953643e-01 1.021528299e-01 1.019829351e-01
 1.015451276e-01 1.008931461e-01 1.000734487e-01 9.912507316e-02 9.808828690e-02
 4.087742658e-03 9.263570806e-03 1.653070719e-02 2.589279637e-02 3.671458221e-02
 4.257403015e-02 4.167203506e-02 4.002170184e-02 3.820025969e-02 3.621568410e-02
 3.407503824e-02 3.178569951e-02 2.935549458e-02 2.679851938e-02 2.413457066e-02
 2.138738569e-02 1.858494149e-02 1.575962279e-02 1.294823428e-02 1.019182785e-02
 7.535323142e-03 5.026908170e-03 2.717217586e-03 6.582999182e-04-1.097600662e-03
-2.499407763e-03-3.498668081e-03-4.051035262e-03-4.117713525e-03-3.666792481e-03
-2.674410989e-03-1.125700193e-03 9.845263918e-04 3.651346573e-03 6.859554743e-03
 1.058370209e-02 1.478829690e-02 1.942809323e-02 2.444836132e-02 2.978502477e-02
 3.536482068e-02 4.115116976e-02 4.711829312e-02 5.323467221e-02 5.946046460e-02
 6.574420142e-02 7.201889765e-02 7.819815379e-02 8.417358985e-02 8.981590349e-02
 9.498225543e-02 9.953135633e-02 1.033441687e-01 1.063444266e-01 1.085120824e-01
 1.098850484e-01 1.105487441e-01 1.106173125e-01 1.102131431e-01 1.094507749e-01
 1.084278621e-01 1.072224186e-01 1.058939965e-01 1.044863928e-01 1.030177188e-01
 4.058883391e-03 9.197265075e-03 1.641020021e-02 2.569966308e-02 3.641071779e-02
 4.211084455e-02 4.113383112e-02 3.931330562e-02 3.729387726e-02 3.507833326e-02
 3.267095872e-02 3.007635621e-02 2.730287457e-02 2.436686844e-02 2.128911994e-02
 1.809532365e-02 1.481647596e-02 1.148912578e-02 8.155442460e-03 4.863061540e-03
 1.664675554e-03-1.382652280e-03-4.218459020e-03-6.780127159e-03-9.004373417e-03
-1.082892991e-02-1.219434754e-02-1.304583643e-02-1.333504955e-02-1.302171461e-02
-1.207502737e-02-1.047473538e-02-8.211865151e-03-5.289073806e-03-1.720637467e-03
 2.467881652e-03 7.240219585e-03 1.255015421e-02 1.834230489e-02 2.455287805e-02
 3.111017297e-02 3.793572780e-02 4.502015230e-02 5.235162572e-02 5.991218105e-02
 6.767176137e-02 7.557894193e-02 8.354700044e-02 9.143514743e-02 9.902948329e-02
 1.060388075e-01 1.121280604e-01 1.169928268e-01 1.204402634e-01 1.224385254e-01
 1.231214758e-01 1.227464658e-01 1.216165812e-01 1.200054917e-01 1.181202639e-01
 1.161007999e-01 1.140350463e-01 1.119753827e-01 1.099514655e-01 1.079867224e-01
 4.025775786e-03 9.121472307e-03 1.627314508e-02 2.548161354e-02 3.613455415e-02
 4.180461729e-02 4.053212381e-02 3.853414854e-02 3.630384413e-02 3.384365506e-02
 3.115495870e-02 2.823929840e-02 2.510801038e-02 2.177731112e-02 1.826869453e-02
 1.460955410e-02 1.083370171e-02 6.981728411e-03 3.101152380e-03-7.536984253e-04
-4.522114255e-03-8.137774687e-03-1.152987723e-02-1.462461463e-02-1.734696535e-02
-1.962273407e-02-2.138075254e-02-2.255513031e-02-2.308743148e-02-2.292865112e-02
-2.204087395e-02-2.039851866e-02-1.798910109e-02-1.481348640e-02-1.088563930e-02
-6.231918708e-03-8.899949952e-04 5.092507727e-03 1.165952283e-02 1.874806914e-02
 2.628965514e-02 3.421126649e-02 4.247655888e-02 5.111098837e-02 6.014526945e-02
 6.961320420e-02 7.954538890e-02 8.995350450e-02 1.007916890e-01 1.118590303e-01
 1.225851120e-01 1.319070020e-01 1.387952890e-01 1.427107498e-01 1.435919297e-01
 1.418999476e-01 1.386091640e-01 1.347404128e-01 1.308559448e-01 1.271703409e-01
 1.237467282e-01 1.205877676e-01 1.176729612e-01 1.149744640e-01 1.124640245e-01
 3.991088145e-03 9.042166914e-03 1.613002525e-02 2.525415811e-02 3.575824914e-02
 4.120965473e-02 3.991526635e-02 3.773165520e-02 3.528651395e-02 3.257746193e-02
 2.960235913e-02 2.636367529e-02 2.287218014e-02 1.914382123e-02 1.520059836e-02
 1.107136599e-02 6.792515119e-03 2.408473656e-03-2.028041022e-03-6.456082841e-03
-1.080691004e-02-1.500483498e-02-1.896851366e-02-2.261266895e-02-2.585020792e-02
-2.859465722e-02-3.076280599e-02-3.227741747e-02-3.306985147e-02-3.308243580e-02
-3.227043472e-02-3.060348817e-02-2.806643372e-02-2.465946886e-02-2.039765972e-02
-1.530984583e-02-9.437024499e-03-2.830316166e-03 4.451389470e-03 1.234403282e-02
 2.078120587e-02 2.969729844e-02 3.903126763e-02 4.882807825e-02 5.917394299e-02
 7.018819190e-02 8.203759203e-02 9.495978579e-02 1.093061225e-01 1.256437501e-01
 1.451669908e-01 1.621415708e-01 1.731274855e-01 1.774232996e-01 1.748087497e-01
 1.664196136e-01 1.552490567e-01 1.468081015e-01 1.400420324e-01 1.344477042e-01
 1.297131475e-01 1.256261553e-01 1.220362875e-01 1.188340646e-01 1.159339493e-01
 3.957138300e-03 8.964579079e-03 1.599011220e-02 2.503220216e-02 3.544209130e-02
 4.078991093e-02 3.931331986e-02 3.695112757e-02 3.429785456e-02 3.134774414e-02
 2.809529401e-02 2.454445313e-02 2.070478225e-02 1.659166037e-02 1.222729880e-02
 7.641704018e-03 2.873520669e-03-2.029321837e-03-7.009240737e-03-1.199899145e-02
-1.692209409e-02-2.169375399e-02-2.622230936e-02-3.041120515e-02-3.416144973e-02
-3.737446652e-02-3.995520830e-02-4.181536539e-02-4.287647451e-02-4.307272803e-02
-4.235329577e-02-4.068400293e-02-3.804825593e-02-3.444716534e-02-2.989887623e-02
-2.443717088e-02-1.810945058e-02-1.097422567e-02-3.098241066e-03 5.446663095e-03
 1.458691460e-02 2.425083539e-02 3.437268771e-02 4.494211983e-02 5.606072746e-02
 6.787134171e-02 8.057898076e-02 9.448633095e-02 1.100552301e-01 1.280138928e-01
 1.500155064e-01 1.673702145e-01 1.838402793e-01 1.862247569e-01 1.825682345e-01
 1.728513221e-01 1.599851442e-01 1.505103947e-01 1.431057429e-01 1.371244980e-01
 1.321499653e-01 1.279077311e-01 1.242116226e-01 1.209318466e-01 1.179848156e-01
 3.926000173e-03 8.893415787e-03 1.586181011e-02 2.482875018e-02 3.516711720e-02
 4.044434251e-02 3.875862014e-02 3.623589019e-02 3.339168060e-02 3.021984794e-02
 2.671404999e-02 2.287753817e-02 1.871871034e-02 1.425228796e-02 9.500501585e-03
 4.494225197e-03-7.260142549e-04-6.109239095e-03-1.159353030e-02-1.710594178e-02
-2.256291073e-02-2.787123806e-02-3.292968377e-02-3.763118195e-02-4.186563043e-02
-4.552315570e-02-4.849770042e-02-5.069073523e-02-5.201486651e-02-5.239710210e-02
-5.178155187e-02-5.013137846e-02-4.742987291e-02-4.368060151e-02-3.890664630e-02
-3.314903191e-02-2.646448640e-02-1.892271855e-02-1.060340386e-02-1.593057868e-03
 8.018059372e-03 1.813891747e-02 2.868054341e-02 3.955882484e-02 5.080432415e-02
 6.249457116e-02 7.472400952e-02 8.760233778e-02 1.012414479e-01 1.156952745e-01
 1.305285394e-01 1.433109308e-01 1.530900192e-01 1.584595628e-01 1.589104734e-01
 1.551828442e-01 1.493616064e-01 1.438155667e-01 1.388885040e-01 1.345371847e-01
 1.306728018e-01 1.272079895e-01 1.240676476e-01 1.211902614e-01 1.185145384e-01
 3.899509838e-03 8.832864770e-03 1.575263858e-02 2.465541533e-02 3.487805411e-02
 3.997657225e-02 3.829216598e-02 3.562705983e-02 3.261980809e-02 2.925849311e-02
 2.553675992e-02 2.145645022e-02 1.702484146e-02 1.225595839e-02 7.171904875e-03
 1.804151299e-03-3.805304524e-03-9.602999805e-03-1.552340093e-02-2.148874163e-02
-2.740941188e-02-3.318498573e-02-3.870594491e-02-4.385610885e-02-4.851572571e-02
-5.256511550e-02-5.588869432e-02-5.837915498e-02-5.994154340e-02-6.049695837e-02
-5.998561971e-02-5.836909520e-02-5.563154704e-02-5.177994470e-02-4.684328249e-02
-4.087092573e-02-3.393027927e-02-2.610402020e-02-1.748716091e-02-8.184213621e-03
 1.693278089e-03 1.202857371e-02 2.270063536e-02 3.358366159e-02 4.457994663e-02
 5.568963659e-02 6.689265973e-02 7.813038367e-02 8.927434688e-02 1.000807517e-01
 1.101538952e-01 1.189857894e-01 1.260894489e-01 1.311301970e-01 1.340299745e-01
 1.350168184e-01 1.345562182e-01 1.331712469e-01 1.312749776e-01 1.291291757e-01
 1.268823814e-01 1.246144677e-01 1.223666691e-01 1.201592429e-01 1.180075324e-01
 3.879214706e-03 8.786466649e-03 1.566897799e-02 2.452285366e-02 3.471941586e-02
 3.982437300e-02 3.793010151e-02 3.516014262e-02 3.202783117e-02 2.852090862e-02
 2.463319273e-02 2.036533447e-02 1.572364802e-02 1.072152292e-02 5.380867902e-03
-2.664822264e-04-6.177485000e-03-1.229683961e-02-1.855628607e-02-2.487437881e-02
-3.115685415e-02-3.729769248e-02-4.318094151e-02-4.868331755e-02-5.367753909e-02
-5.803627702e-02-6.163653559e-02-6.436421835e-02-6.611859193e-02-6.681634738e-02
-6.639497780e-02-6.481524242e-02-6.206256689e-02-5.814732705e-02-5.310406747e-02
-4.698980292e-02-3.988163015e-02-3.187393108e-02-2.307547421e-02-1.360672149e-02
-3.597628479e-03 6.813804131e-03 1.748200280e-02 2.825313380e-02 3.896315684e-02
 4.953981157e-02 5.992686166e-02 7.003786691e-02 7.974968147e-02 8.890015448e-02
 9.729578226e-02 1.047337827e-01 1.110364023e-01 1.160876752e-01 1.198602485e-01
 1.224219421e-01 1.239180127e-01 1.245357731e-01 1.244669704e-01 1.238817860e-01
 1.229182051e-01 1.216822631e-01 1.202531558e-01 1.186893386e-01 1.170368875e-01
 3.866301579e-03 8.756939349e-03 1.561572910e-02 2.443829544e-02 3.457164045e-02
 3.958107958e-02 3.770176373e-02 3.486320658e-02 3.165142077e-02 2.805196533e-02
 2.405871262e-02 1.967151572e-02 1.489603714e-02 9.745222554e-03 4.240816253e-03
-1.585154475e-03-7.689018637e-03-1.401433605e-02-2.049113307e-02-2.703563213e-02
-3.355060350e-02-3.992644797e-02-4.604308414e-02-5.177266110e-02-5.698305125e-02
-6.154200304e-02-6.532175830e-02-6.820387407e-02-7.008394458e-02-7.087590405e-02
-7.051561161e-02-6.896347470e-02-6.620595301e-02-6.225588996e-02-5.715172998e-02
-5.095578383e-02-4.375178647e-02-3.564204658e-02-2.674450689e-02-1.719002318e-02
-7.120128790e-03 3.314512036e-03 1.395484214e-02 2.463332070e-02 3.517309772e-02
 4.544579916e-02 5.539554166e-02 6.494749555e-02 7.400922839e-02 8.247483239e-02
 9.023266683e-02 9.717663389e-02 1.032195019e-01 1.083055002e-01 1.124189619e-01
 1.155865626e-01 1.178725354e-01 1.193684416e-01 1.201806160e-01 1.204185129e-01
 1.201860287e-01 1.195763363e-01 1.186696858e-01 1.175330643e-01 1.162133565e-01
 3.861535373e-03 8.746035271e-03 1.559604845e-02 2.440697977e-02 3.451763669e-02
 3.948866551e-02 3.761755348e-02 3.475388344e-02 3.151360763e-02 2.788081998e-02
 2.384945450e-02 1.941910150e-02 1.459519996e-02 9.390540191e-03 3.826808780e-03
-2.063896837e-03-8.237677702e-03-1.463767975e-02-2.119330566e-02-2.781992788e-02
-3.441923403e-02-4.088031690e-02-4.708158491e-02-5.289351560e-02-5.818220692e-02
-6.281360438e-02-6.665820523e-02-6.959597432e-02-7.152116043e-02-7.234668703e-02
-7.200781171e-02-7.046480579e-02-6.770449270e-02-6.374059200e-02-5.861292956e-02
-5.238568036e-02-4.514489411e-02-3.699560743e-02-2.805886387e-02-1.846894570e-02
-8.371070739e-03 2.080271802e-03 1.272227887e-02 2.338415201e-02 3.388701497e-02
 4.408439415e-02 5.392289714e-02 6.333363457e-02 7.223477634e-02 8.053618111e-02
 8.814623923e-02 9.498049181e-02 1.009709058e-01 1.060741643e-01 1.102772476e-01
 1.135990629e-01 1.160878167e-01 1.178148881e-01 1.188667274e-01 1.193365238e-01
 1.193170389e-01 1.188953640e-01 1.181497310e-01 1.171482982e-01 1.159582642e-01
 3.865214504e-03 8.754447133e-03 1.561121274e-02 2.443116825e-02 3.459520987e-02
 3.966742726e-02 3.767895393e-02 3.483963351e-02 3.162340867e-02 2.801848800e-02
 2.401887900e-02 1.962443669e-02 1.484081941e-02 9.680973608e-03 4.166657452e-03
-1.670067801e-03-7.785470937e-03-1.412301994e-02-2.061261334e-02-2.717030687e-02
-3.369866413e-02-4.008784067e-02-4.621747530e-02-5.195940971e-02-5.718119094e-02
-6.175023605e-02-6.553846269e-02-6.842712459e-02-7.031154581e-02-7.110543328e-02
-7.074446736e-02-6.918892568e-02-6.642518143e-02-6.246602305e-02-5.734985375e-02
-5.113893377e-02-4.391691136e-02-3.578594329e-02-2.686372679e-02-1.728075448e-02
-7.178065605e-03 3.294293867e-03 1.397796708e-02 2.470609821e-02 3.530234181e-02
 4.563972934e-02 5.566236880e-02 6.529414896e-02 7.443958933e-02 8.298770747e-02
 9.082002285e-02 9.782279809e-02 1.039019162e-01 1.089971698e-01 1.130921297e-01
 1.162166382e-01 1.184411617e-01 1.198649254e-01 1.206016258e-01 1.207665661e-01
 1.204675202e-01 1.197997149e-01 1.188440833e-01 1.176674220e-01 1.163148051e-01
 3.877127091e-03 8.781693853e-03 1.566036746e-02 2.450903815e-02 3.466464355e-02
 3.968530908e-02 3.789564042e-02 3.511582761e-02 3.197419014e-02 2.845635274e-02
 2.455615475e-02 2.027419218e-02 1.561674405e-02 1.059718940e-02 5.237459373e-03
-4.305464717e-04-6.363668996e-03-1.250642985e-02-1.879032324e-02-2.513358468e-02
-3.144155711e-02-3.760775614e-02-4.351570147e-02-4.904153168e-02-5.405735631e-02
-5.843522882e-02-6.205155283e-02-6.479167365e-02-6.655436549e-02-6.725591122e-02
-6.683349078e-02-6.524764633e-02-6.248367237e-02-5.855187749e-02-5.348676921e-02
-4.734531110e-02-4.020448076e-02-3.215841178e-02-2.331542863e-02-1.379528476e-02
-3.726896757e-03 6.753157850e-03 1.750113644e-02 2.836539278e-02 3.918416948e-02
 4.988971005e-02 6.042848195e-02 7.071447810e-02 8.062048246e-02 8.997329759e-02
 9.856034547e-02 1.061542104e-01 1.125530382e-01 1.176245425e-01 1.213384856e-01
 1.237748831e-01 1.251022762e-01 1.255341448e-01 1.252835625e-01 1.245338656e-01
 1.234288554e-01 1.220755100e-01 1.205513583e-01 1.189121144e-01 1.172018535e-01
 3.896548021e-03 8.826107543e-03 1.574048385e-02 2.463630080e-02 3.486993972e-02
 4.000913355e-02 3.823988207e-02 3.556458690e-02 3.254381190e-02 2.916671414e-02
 2.542707887e-02 2.132666854e-02 1.687271024e-02 1.207921640e-02 6.968327379e-03
 1.571610705e-03-4.068765872e-03-9.899085680e-03-1.585346824e-02-2.185370193e-02
-2.780963214e-02-3.362019451e-02-3.917515061e-02-4.435753738e-02-4.904678413e-02
-5.312238724e-02-5.646796919e-02-5.897549440e-02-6.054937779e-02-6.111021012e-02
-6.059784162e-02-5.897361145e-02-5.622158206e-02-5.234872404e-02-4.738409003e-02
-4.137710203e-02-3.439514671e-02-2.652072046e-02-1.784838976e-02-8.481834639e-03
 1.468764351e-03 1.188873799e-02 2.266005050e-02 3.366115186e-02 4.480048852e-02
 5.608791430e-02 6.751566421e-02 7.903909664e-02 9.054125891e-02 1.017742978e-01
 1.122992565e-01 1.215236014e-01 1.288762349e-01 1.339604726e-01 1.366792202e-01
 1.373067924e-01 1.364089477e-01 1.346074978e-01 1.323625020e-01 1.299411472e-01
 1.274818604e-01 1.250518212e-01 1.226810222e-01 1.203806735e-01 1.181580384e-01
 3.922296957e-03 8.884980372e-03 1.584666705e-02 2.480483284e-02 3.512327634e-02
 4.037004061e-02 3.869734125e-02 3.615847154e-02 3.329714886e-02 3.010558537e-02
 2.657751768e-02 2.271613489e-02 1.852979761e-02 1.403323211e-02 9.248730972e-03
 4.207302459e-03-1.050306036e-03-6.472797907e-03-1.199782740e-02-1.755190894e-02
-2.305082832e-02-2.840063107e-02-3.349923377e-02-3.823866308e-02-4.250787713e-02
-4.619606829e-02-4.919629207e-02-5.140922080e-02-5.274678971e-02-5.313549361e-02
-5.251910723e-02-5.086064182e-02-4.814341047e-02-4.437114787e-02-3.956720721e-02
-3.377292748e-02-2.704531985e-02-1.945425526e-02-1.107934331e-02-2.006674637e-03
 7.674442868e-03 1.787468429e-02 2.850785534e-02 3.949402782e-02 5.086992371e-02
 6.272676410e-02 7.518043959e-02 8.837640689e-02 1.024917277e-01 1.177244864e-01
 1.340369421e-01 1.476880872e-01 1.584116088e-01 1.639257587e-01 1.637531057e-01
 1.587810208e-01 1.515039973e-01 1.452059953e-01 1.398188821e-01 1.351646943e-01
 1.310933887e-01 1.274838523e-01 1.242407592e-01 1.212898641e-01 1.185629784e-01
 3.952816962e-03 8.954750155e-03 1.597249921e-02 2.500439419e-02 3.538997313e-02
 4.068920993e-02 3.924170871e-02 3.686181367e-02 3.418884095e-02 3.121624835e-02
 2.793826875e-02 2.435915217e-02 2.048842613e-02 1.634149269e-02 1.194065456e-02
 7.316090542e-03 2.506711216e-03-2.439183257e-03-7.463526538e-03-1.249847442e-02
-1.746683442e-02-2.228299695e-02-2.685440204e-02-3.108354061e-02-3.487044662e-02
-3.811559007e-02-4.072303651e-02-4.260370053e-02-4.367849663e-02-4.388118308e-02
-4.316070747e-02-4.148289514e-02-3.883137031e-02-3.520765943e-02-3.063048767e-02
-2.513433581e-02-1.876736714e-02-1.158885580e-02-3.666246076e-03 4.928058883e-03
 1.412013954e-02 2.383829853e-02 3.401730176e-02 4.464272856e-02 5.581884534e-02
 6.769264133e-02 8.047561651e-02 9.448076434e-02 1.101852496e-01 1.283282133e-01
 1.498793519e-01 1.686264643e-01 1.808082962e-01 1.856702913e-01 1.826869313e-01
 1.729559344e-01 1.603301060e-01 1.506903813e-01 1.431711994e-01 1.371145473e-01
 1.320902758e-01 1.278151408e-01 1.240975546e-01 1.208043539e-01 1.178496821e-01
 3.986247946e-03 9.031175606e-03 1.611036828e-02 2.522342257e-02 3.575335178e-02
 4.127103419e-02 3.983248725e-02 3.763309466e-02 3.516656677e-02 3.243321864e-02
 2.943070340e-02 2.616184647e-02 2.263743896e-02 1.887350197e-02 1.489217236e-02
 1.072252032e-02 6.401244498e-03 1.973182655e-03-2.508429185e-03-6.982016295e-03
-1.137810355e-02-1.562017822e-02-1.962600060e-02-2.330935680e-02-2.658221281e-02
-2.935719267e-02-3.155026739e-02-3.308351282e-02-3.388777536e-02-3.390507991e-02
-3.309062530e-02-3.141423875e-02-2.886120038e-02-2.543239581e-02-2.114380478e-02
-1.602537922e-02-1.011939906e-02-3.478414497e-03 3.837115383e-03 1.176139799e-02
 2.022605868e-02 2.916308468e-02 3.850811370e-02 4.829586030e-02 5.860729471e-02
 6.955259789e-02 8.128261167e-02 9.400662810e-02 1.080242523e-01 1.238139818e-01
 1.429719088e-01 1.604151948e-01 1.722665549e-01 1.744560457e-01 1.716639590e-01
 1.639378399e-01 1.533486851e-01 1.454694414e-01 1.390499941e-01 1.336778844e-01
 1.290922715e-01 1.251094063e-01 1.215952995e-01 1.184503132e-01 1.155936043e-01
 4.020472603e-03 9.109453284e-03 1.625170286e-02 2.544791326e-02 3.604614862e-02
 4.161783010e-02 4.044898611e-02 3.842864403e-02 3.617585104e-02 3.369052973e-02
 3.097381504e-02 2.802733832e-02 2.486277284e-02 2.149644387e-02 1.795002065e-02
 1.425114875e-02 1.043397873e-02 6.539535198e-03 2.615869207e-03-1.282059974e-03
-5.092820107e-03-8.749291656e-03-1.217981865e-02-1.530971575e-02-1.806309535e-02
-2.036494968e-02-2.214339646e-02-2.333197464e-02-2.387186358e-02-2.371389639e-02
-2.282024761e-02-2.116569674e-02-1.873840025e-02-1.554014248e-02-1.158607602e-02
-6.904000922e-03-1.533265047e-03 4.476605574e-03 1.106742070e-02 1.817384160e-02
 2.572471519e-02 3.364408876e-02 4.188453339e-02 5.046589248e-02 5.941120617e-02
 6.874325426e-02 7.847651060e-02 8.859917621e-02 9.903321546e-02 1.095470748e-01
 1.196056032e-01 1.283335137e-01 1.348809423e-01 1.387703417e-01 1.399494380e-01
 1.388172161e-01 1.361684974e-01 1.328419941e-01 1.293645355e-01 1.259781601e-01
 1.227760963e-01 1.197835960e-01 1.169960318e-01 1.143966182e-01 1.119661436e-01
 4.053102382e-03 9.184196274e-03 1.638696064e-02 2.566346372e-02 3.636499624e-02
 4.206583810e-02 4.104181857e-02 3.920164803e-02 3.715941880e-02 3.491868843e-02
 3.248366602e-02 2.985878890e-02 2.705297686e-02 2.408276088e-02 2.096914237e-02
 1.773809690e-02 1.442097808e-02 1.105477606e-02 7.682188720e-03 4.351465273e-03
 1.115988524e-03-1.966426644e-03-4.834526333e-03-7.424891500e-03-9.673461238e-03
-1.151725289e-02-1.289620699e-02-1.375506981e-02-1.404521715e-02-1.372632250e-02
-1.276778052e-02-1.114981382e-02-8.864214783e-03-5.914703890e-03-2.316916727e-03
 1.901936946e-03 6.703672261e-03 1.203989503e-02 1.785281914e-02 2.407601127e-02
 3.063499617e-02 3.744728168e-02 4.449499454e-02 5.176263175e-02 5.922794258e-02
 6.685621108e-02 7.459162515e-02 8.234499098e-02 8.997841565e-02 9.729178941e-02
 1.040234408e-01 1.098807454e-01 1.146011399e-01 1.180179826e-01 1.201020393e-01
 1.209655497e-01 1.208272115e-01 1.199493607e-01 1.185764871e-01 1.169014284e-01
 1.150605567e-01 1.131437677e-01 1.112074572e-01 1.092856198e-01 1.074047603e-01
 4.081356037e-03 9.249181501e-03 1.650523417e-02 2.585334915e-02 3.668013962e-02
 4.256201843e-02 4.157482790e-02 3.990326309e-02 3.805896825e-02 3.604973656e-02
 3.388259231e-02 3.156483912e-02 2.910421422e-02 2.651560971e-02 2.381903103e-02
 2.103849449e-02 1.820232708e-02 1.534334154e-02 1.249884921e-02 9.710483280e-03
 7.023809718e-03 4.487712587e-03 2.153551350e-03 7.410178619e-05-1.697693168e-03
-3.110121323e-03-4.114193232e-03-4.665163441e-03-4.724010704e-03-4.258807217e-03
-3.245913635e-03-1.670949506e-03 4.704934931e-04 3.172406919e-03 6.418178131e-03
 1.018062717e-02 1.442221346e-02 1.909533746e-02 2.414267255e-02 2.949745514e-02
 3.508347478e-02 4.085803471e-02 4.679263055e-02 5.285351505e-02 5.899941575e-02
 6.517856809e-02 7.132531366e-02 7.735688340e-02 8.317162120e-02 8.865058078e-02
 9.366456199e-02 9.808741353e-02 1.018136806e-01 1.047758570e-01 1.069556756e-01
 1.083856480e-01 1.091404369e-01 1.093211851e-01 1.090381271e-01 1.083964318e-01
 1.074876811e-01 1.063866589e-01 1.051517215e-01 1.038267470e-01 1.024313800e-01
 4.101759317e-03 9.296684832e-03 1.659311313e-02 2.599694744e-02 3.685683023e-02
 4.274306651e-02 4.200794355e-02 4.047896501e-02 3.881187601e-02 3.701299108e-02
 3.509172001e-02 3.305754660e-02 3.092013499e-02 2.869010163e-02 2.638601688e-02
 2.402958219e-02 2.164586739e-02 1.926341578e-02 1.691421377e-02 1.463350362e-02
 1.245942707e-02 1.043249382e-02 8.594877255e-03 6.989548712e-03 5.659271953e-03
 4.645488852e-03 3.987136082e-03 3.719438672e-03 3.872729446e-03 4.471342077e-03
 5.532620257e-03 7.066076278e-03 9.072719247e-03 1.154455886e-02 1.446427573e-02
 1.780503302e-02 2.153040775e-02 2.559443508e-02 2.994158448e-02 3.450631671e-02
 3.924773506e-02 4.413217067e-02 4.912282446e-02 5.417900563e-02 5.925533027e-02
 6.430087470e-02 6.925848926e-02 7.406470577e-02 7.865074061e-02 8.294499919e-02
 8.687722742e-02 9.038402218e-02 9.341487634e-02 9.593751432e-02 9.794122251e-02
 9.943729897e-02 1.004565092e-01 1.010442402e-01 1.012545725e-01 1.011445529e-01
 1.007695961e-01 1.001804115e-01 9.942139068e-02 9.853031868e-02 9.754698976e-02
 4.109613534e-03 9.316261683e-03 1.663248695e-02 2.606757207e-02 3.700245995e-02
 4.302281376e-02 4.227620611e-02 4.086381081e-02 3.934673512e-02 3.773162688e-02
 3.603009449e-02 3.425281692e-02 3.241019181e-02 3.051271263e-02 2.857331567e-02
 2.661106055e-02 2.464757014e-02 2.270709990e-02 2.081646773e-02 1.900485435e-02
 1.730347324e-02 1.574511219e-02 1.436355235e-02 1.319287549e-02 1.226667580e-02
 1.161719814e-02 1.127442921e-02 1.126517173e-02 1.161213238e-02 1.233305448e-02
 1.343992134e-02 1.493824753e-02 1.682646694e-02 1.909542262e-02 2.172795498e-02
 2.469854596e-02 2.797298057e-02 3.150839764e-02 3.525447599e-02 3.918196347e-02
 4.325662195e-02 4.744043528e-02 5.169185599e-02 5.596702939e-02 6.022117263e-02
 6.440868531e-02 6.848243151e-02 7.239386788e-02 7.609452660e-02 7.953830596e-02
 8.268395889e-02 8.549741092e-02 8.795368573e-02 9.003825334e-02 9.174762599e-02
 9.308908010e-02 9.407950414e-02 9.474352813e-02 9.511122214e-02 9.521570465e-02
 9.509096561e-02 9.477010884e-02 9.428409688e-02 9.366090573e-02 9.292291684e-02
 4.098314686e-03 9.293055179e-03 1.659726165e-02 2.602508689e-02 3.695251572e-02
 4.297220252e-02 4.231026356e-02 4.097206722e-02 3.957187042e-02 3.811388727e-02
 3.660835731e-02 3.506502734e-02 3.349309772e-02 3.190188554e-02 3.030130589e-02
 2.870483329e-02 2.713054259e-02 2.559852476e-02 2.413073201e-02 2.275073182e-02
 2.148338115e-02 2.035442555e-02 1.939002814e-02 1.861623599e-02 1.805839407e-02
 1.774051947e-02 1.768464973e-02 1.791017900e-02 1.843319907e-02 1.926586347e-02
 2.041579301e-02 2.188553213e-02 2.367201911e-02 2.576608407e-02 2.815216875e-02
 3.080776371e-02 3.370050070e-02 3.681165710e-02 4.011794944e-02 4.359203287e-02
 4.720018627e-02 5.090019758e-02 5.463806561e-02 5.835128279e-02 6.199845952e-02
 6.555100320e-02 6.897112420e-02 7.221522874e-02 7.524205687e-02 7.801798765e-02
 8.051919804e-02 8.273155379e-02 8.464925280e-02 8.627317289e-02 8.760950009e-02
 8.866875877e-02 8.946509637e-02 9.001563115e-02 9.033974857e-02 9.045832816e-02
 9.039294823e-02 9.016513855e-02 8.979574109e-02 8.930434970e-02 8.870734615e-02
 4.059213299e-03 9.206769666e-03 1.644988875e-02 2.580938017e-02 3.665621391e-02
 4.259010716e-02 4.196765064e-02 4.065165409e-02 3.935560431e-02 3.804249740e-02
 3.672465063e-02 3.540671100e-02 3.409364792e-02 3.279187185e-02 3.150937289e-02
 3.025558562e-02 2.904404588e-02 2.789126986e-02 2.681497042e-02 2.583373582e-02
 2.496670046e-02 2.423320170e-02 2.365242112e-02 2.324301209e-02 2.302271900e-02
 2.300799434e-02 2.321361744e-02 2.365230556e-02 2.433428703e-02 2.526688325e-02
 2.645415344e-02 2.789671441e-02 2.959119492e-02 3.152874091e-02 3.369731665e-02
 3.609202839e-02 3.870417028e-02 4.152388678e-02 4.453933458e-02 4.773570848e-02
 5.109607282e-02 5.455862045e-02 5.811813848e-02 6.145964884e-02 6.462187416e-02
 6.774354965e-02 7.073397223e-02 7.350764091e-02 7.600687077e-02 7.820295381e-02
 8.009416216e-02 8.169711675e-02 8.303591640e-02 8.413444496e-02 8.501327416e-02
 8.568950537e-02 8.617777720e-02 8.649141810e-02 8.664330952e-02 8.664636097e-02
 8.651365488e-02 8.625836934e-02 8.589358702e-02 8.543225081e-02 8.489512667e-02
 3.984722085e-03 9.037342268e-03 1.614698186e-02 2.533746286e-02 3.603568883e-02
 4.188024262e-02 4.100236659e-02 3.969882697e-02 3.850972286e-02 3.737876588e-02
 3.628092058e-02 3.520764542e-02 3.415949195e-02 3.314198980e-02 3.216338547e-02
 3.123343869e-02 3.036278607e-02 2.956507209e-02 2.885477074e-02 2.824625065e-02
 2.775350276e-02 2.738989716e-02 2.716795934e-02 2.709917141e-02 2.719380901e-02
 2.746083495e-02 2.790789257e-02 2.854134653e-02 2.936593931e-02 3.038434437e-02
 3.159642901e-02 3.300232724e-02 3.460495304e-02 3.640558100e-02 3.840484552e-02
 4.060391818e-02 4.300420487e-02 4.560779197e-02 4.841856032e-02 5.144539508e-02
 5.471432667e-02 5.802096031e-02 6.124459171e-02 6.454550583e-02 6.782665674e-02
 7.101869148e-02 7.399274394e-02 7.657274625e-02 7.864931200e-02 8.020927881e-02
 8.133578228e-02 8.215491698e-02 8.275975674e-02 8.320509429e-02 8.352128118e-02
 8.372395018e-02 8.382112078e-02 8.381764860e-02 8.371763712e-02 8.352555683e-02
 8.324663081e-02 8.288683678e-02 8.245272784e-02 8.195098011e-02 8.137552387e-02
 3.878071747e-03 8.789876262e-03 1.568897226e-02 2.458020319e-02 3.481013901e-02
 3.993328304e-02 3.841168867e-02 3.760347570e-02 3.686164068e-02 3.607477679e-02
 3.527174943e-02 3.447256410e-02 3.369421173e-02 3.295216296e-02 3.226075944e-02
 3.163332066e-02 3.108217560e-02 3.061870339e-02 3.025490100e-02 3.000138751e-02
 2.986722602e-02 2.985984293e-02 2.998493579e-02 3.024641547e-02 3.064637903e-02
 3.118507109e-02 3.186151732e-02 3.267635928e-02 3.362996642e-02 3.472298621e-02
 3.595687428e-02 3.733458867e-02 3.886097652e-02 4.054244881e-02 4.238680646e-02
 4.440307867e-02 4.660126809e-02 4.899208827e-02 5.158659607e-02 5.439468399e-02
 5.741595749e-02 6.061456866e-02 6.397556894e-02 6.756511949e-02 7.143235616e-02
 7.579332380e-02 7.991651422e-02 8.288728864e-02 8.451459024e-02 8.474884181e-02
 8.415689027e-02 8.368297958e-02 8.328640507e-02 8.293619188e-02 8.261731775e-02
 8.230641378e-02 8.198401929e-02 8.163621658e-02 8.125404665e-02 8.083247524e-02
 8.036940004e-02 7.986481466e-02 7.932012780e-02 7.873774735e-02 7.812787449e-02
 3.757956134e-03 8.513414908e-03 1.518365518e-02 2.376066784e-02 3.358080421e-02
 3.818213419e-02 3.612341462e-02 3.542041561e-02 3.498855708e-02 3.446040512e-02
 3.388860346e-02 3.331086755e-02 3.275693349e-02 3.225083635e-02 3.181241122e-02
 3.145816344e-02 3.120177110e-02 3.105438439e-02 3.102487754e-02 3.111975164e-02
 3.134262131e-02 3.169454924e-02 3.217383427e-02 3.277611505e-02 3.349468993e-02
 3.432113381e-02 3.524629355e-02 3.626160992e-02 3.736022036e-02 3.853810643e-02
 3.979506302e-02 4.113532604e-02 4.256771053e-02 4.410510630e-02 4.576352471e-02
 4.756143082e-02 4.951902593e-02 5.165668281e-02 5.399346551e-02 5.654653063e-02
 5.933269237e-02 6.237428799e-02 6.570998697e-02 6.940866756e-02 7.358850357e-02
 7.840232677e-02 8.278318109e-02 8.580798081e-02 8.748372702e-02 8.776607231e-02
 8.656533504e-02 8.476110684e-02 8.346516453e-02 8.247711008e-02 8.165966323e-02
 8.093593811e-02 8.026140992e-02 7.960987311e-02 7.896586543e-02 7.832040477e-02
 7.766850324e-02 7.700767967e-02 7.633706283e-02 7.565691005e-02 7.496970808e-02
 3.638211442e-03 8.244474678e-03 1.471066066e-02 2.303686037e-02 3.259523105e-02
 3.695382293e-02 3.456776362e-02 3.377319606e-02 3.327792391e-02 3.276502568e-02
 3.225667848e-02 3.178050673e-02 3.136289659e-02 3.102738629e-02 3.079404985e-02
 3.067935691e-02 3.069623889e-02 3.085419624e-02 3.115933311e-02 3.161424222e-02
 3.221773039e-02 3.296450399e-02 3.384483094e-02 3.484437498e-02 3.594441866e-02
 3.712271620e-02 3.835515960e-02 3.961825478e-02 4.089211689e-02 4.216344644e-02
 4.342781786e-02 4.469059825e-02 4.596674368e-02 4.728566487e-02 4.867494795e-02
 5.015789845e-02 5.178256610e-02 5.358440188e-02 5.559661131e-02 5.784285159e-02
 6.033044589e-02 6.307650457e-02 6.609735568e-02 6.940763142e-02 7.302154628e-02
 7.700606930e-02 8.063252771e-02 8.325759049e-02 8.484549674e-02 8.533481752e-02
 8.464030410e-02 8.334570081e-02 8.223128333e-02 8.120213718e-02 8.022965945e-02
 7.929533733e-02 7.838879362e-02 7.750452967e-02 7.663968465e-02 7.579270392e-02
 7.496263094e-02 7.414877419e-02 7.335057764e-02 7.256748236e-02 7.179467390e-02
 3.510935772e-03 7.963224875e-03 1.422659685e-02 2.231395386e-02 3.158066165e-02
 3.560293891e-02 3.311182446e-02 3.207645790e-02 3.142333275e-02 3.079948680e-02
 3.023450695e-02 2.975720417e-02 2.939416073e-02 2.916841799e-02 2.909880474e-02
 2.919986049e-02 2.948211697e-02 2.995244902e-02 3.061424268e-02 3.146720485e-02
 3.250673092e-02 3.372282511e-02 3.509865518e-02 3.660897674e-02 3.821891005e-02
 3.988387350e-02 4.155171056e-02 4.316784742e-02 4.468337219e-02 4.606430495e-02
 4.729701308e-02 4.839065387e-02 4.941449274e-02 5.038015541e-02 5.134394539e-02
 5.235726899e-02 5.349714285e-02 5.481802205e-02 5.637289815e-02 5.820001491e-02
 6.030748913e-02 6.270327118e-02 6.536812265e-02 6.824451498e-02 7.122676176e-02
 7.415094621e-02 7.680339819e-02 7.897117050e-02 8.050425258e-02 8.134245725e-02
 8.152644487e-02 8.118818164e-02 8.049193914e-02 7.957590319e-02 7.853736375e-02
 7.744087957e-02 7.632824485e-02 7.522574526e-02 7.414921134e-02 7.310753810e-02
 7.210511005e-02 7.114344148e-02 7.022226703e-02 6.934042479e-02 6.850378724e-02
 3.349681034e-03 7.610658392e-03 1.362812841e-02 2.143384068e-02 3.043796482e-02
 3.424071166e-02 3.132295989e-02 2.999722337e-02 2.908215228e-02 2.824360769e-02
 2.752512791e-02 2.696551751e-02 2.659695314e-02 2.644340592e-02 2.652079281e-02
 2.683854459e-02 2.740176184e-02 2.821308460e-02 2.927371933e-02 3.058343280e-02
 3.213949248e-02 3.393448746e-02 3.595281239e-02 3.816552984e-02 4.052364732e-02
 4.295105631e-02 4.534093203e-02 4.756246637e-02 4.948430499e-02 5.100675110e-02
 5.213779939e-02 5.289771355e-02 5.336900788e-02 5.367102841e-02 5.391475421e-02
 5.419623948e-02 5.459841294e-02 5.519886520e-02 5.607796884e-02 5.731981940e-02
 5.899895662e-02 6.115394295e-02 6.376142045e-02 6.672735926e-02 6.989647225e-02
 7.306614254e-02 7.599826882e-02 7.844157079e-02 8.018000922e-02 8.109713309e-02
 8.121529998e-02 8.067606849e-02 7.967489626e-02 7.839657928e-02 7.698253090e-02
 7.552738687e-02 7.408890163e-02 7.269969837e-02 7.137655580e-02 7.012669938e-02
 6.895175625e-02 6.785014439e-02 6.681848323e-02 6.585225272e-02 6.493698527e-02
 3.105577672e-03 7.081245029e-03 1.274359197e-02 2.016782264e-02 2.878005632e-02
 3.219378440e-02 2.897813762e-02 2.724003967e-02 2.587946279e-02 2.468640366e-02
 2.369951481e-02 2.298180481e-02 2.257616288e-02 2.250299420e-02 2.276309446e-02
 2.334676246e-02 2.424316611e-02 2.544603685e-02 2.695540617e-02 2.877697921e-02
 3.092054935e-02 3.339784445e-02 3.621904186e-02 3.938578627e-02 4.287643884e-02
 4.661667194e-02 5.043014450e-02 5.398794072e-02 5.683479349e-02 5.862986053e-02
 5.928163083e-02 5.900693649e-02 5.821228986e-02 5.723607337e-02 5.627913319e-02
 5.543714210e-02 5.475182696e-02 5.425708959e-02 5.403257318e-02 5.427287168e-02
 5.529583357e-02 5.736611673e-02 6.049107307e-02 6.442079171e-02 6.884308243e-02
 7.350345915e-02 7.809364796e-02 8.206004504e-02 8.464621181e-02 8.536034942e-02
 8.437769362e-02 8.237988634e-02 8.001795386e-02 7.764615353e-02 7.540337805e-02
 7.333016088e-02 7.142939884e-02 6.969127390e-02 6.810266877e-02 6.665047482e-02
 6.532255218e-02 6.410781355e-02 6.299604208e-02 6.197779711e-02 6.104901560e-02
 2.693953026e-03 6.174438209e-03 1.120696919e-02 1.796965287e-02 2.605760999e-02
 2.933246460e-02 2.644471840e-02 2.362542264e-02 2.138476880e-02 1.952153333e-02
 1.806490765e-02 1.710350412e-02 1.670962068e-02 1.686648160e-02 1.749025998e-02
 1.849555341e-02 1.983309870e-02 2.148917774e-02 2.347300508e-02 2.580729274e-02
 2.852476467e-02 3.166975993e-02 3.530387347e-02 3.951516324e-02 4.443036842e-02
 5.022405117e-02 5.708002554e-02 6.480355930e-02 7.124789568e-02 7.362923931e-02
 7.153047588e-02 6.726836275e-02 6.337912184e-02 6.026787312e-02 5.778635696e-02
 5.573951057e-02 5.393800164e-02 5.216920938e-02 5.012272011e-02 4.714034168e-02
 4.561639479e-02 4.764269797e-02 5.362678996e-02 6.047520208e-02 6.701884267e-02
 7.410876332e-02 8.268261267e-02 9.486197787e-02 1.013127153e-01 1.004319275e-01
 9.165179279e-02 8.464747348e-02 7.965405165e-02 7.580684426e-02 7.267966541e-02
 7.004420265e-02 6.776849816e-02 6.577151691e-02 6.400099214e-02 6.242170149e-02
 6.100876096e-02 5.974332821e-02 5.860956610e-02 5.759317752e-02 5.668432025e-02
 2.042678882e-03 4.663948694e-03 8.434157165e-03 1.354045658e-02 1.994823163e-02
 2.254116955e-02 1.980487667e-02 1.711125551e-02 1.449723238e-02 1.176951339e-02
 9.228690371e-03 7.716613645e-03 7.798654810e-03 9.060997339e-03 1.067900541e-02
 1.240150999e-02 1.427224597e-02 1.636938020e-02 1.876314850e-02 2.150856016e-02
 2.465118098e-02 2.824002815e-02 3.234483349e-02 3.707875993e-02 4.263478402e-02
 4.935957800e-02 5.793634801e-02 6.999931038e-02 8.165260403e-02 8.460288906e-02
 7.842129204e-02 6.926196062e-02 6.363257925e-02 5.972581640e-02 5.681187146e-02
 5.450303985e-02 5.255015679e-02 5.075965142e-02 4.897296505e-02 4.725425464e-02
 4.680692286e-02 4.860946712e-02 5.255644172e-02 5.775896162e-02 6.331986788e-02
 6.935925562e-02 7.611256713e-02 8.301559416e-02 8.759210677e-02 8.759012329e-02
 8.332879469e-02 7.824663316e-02 7.395067214e-02 7.039458162e-02 6.739451278e-02
 6.481373855e-02 6.255931763e-02 6.056688686e-02 5.880104543e-02 5.722751845e-02
 5.583353112e-02 5.460723019e-02 5.353859864e-02 5.259969031e-02 5.176883701e-02
 1.284073371e-03 2.852281047e-03 4.916930254e-03 7.245580705e-03 9.345152993e-03
 1.054124147e-02 1.049717054e-02 9.378062518e-03 7.341614685e-03 4.169602591e-03
-2.550067671e-05-2.116376317e-03-1.581275654e-03 1.753218598e-03 4.123952937e-03
 6.089406122e-03 8.055117515e-03 1.026981316e-02 1.286806174e-02 1.588902799e-02
 1.931363949e-02 2.310955368e-02 2.726044426e-02 3.177245271e-02 3.666126975e-02
 4.191376429e-02 4.739364673e-02 5.265521004e-02 5.683038612e-02 5.908168140e-02
 5.924588608e-02 5.798965395e-02 5.617429871e-02 5.434958795e-02 5.270872573e-02
 5.130557411e-02 5.015115394e-02 4.925253308e-02 4.867827459e-02 4.855279532e-02
 4.905641178e-02 5.032079898e-02 5.233761734e-02 5.496775512e-02 5.799413963e-02
 6.118431938e-02 6.425137618e-02 6.680328104e-02 6.840351832e-02 6.876538818e-02
 6.794684404e-02 6.630372312e-02 6.424593818e-02 6.206298085e-02 5.990967082e-02
 5.785971454e-02 5.594484113e-02 5.417886617e-02 5.256841788e-02 5.111586253e-02
 4.982171733e-02 4.868759351e-02 4.773916552e-02 4.694661365e-02 4.628905649e-02
 7.007286344e-04 1.517767210e-03 2.525626612e-03 3.573836772e-03 4.473056605e-03
 5.031977227e-03 5.108375925e-03 4.638372847e-03 3.648994578e-03 2.220887759e-03
 6.830111122e-04-4.572734994e-04-8.730678257e-04-7.389641847e-04-4.386392347e-04
-3.904619103e-05 8.069715252e-04 2.556897054e-03 5.369116625e-03 8.982680753e-03
 1.298465814e-02 1.711803066e-02 2.128608743e-02 2.545503307e-02 2.959236400e-02
 3.363222117e-02 3.745361474e-02 4.087732847e-02 4.369972449e-02 4.576586504e-02
 4.704165303e-02 4.762970333e-02 4.771735461e-02 4.750255433e-02 4.714765233e-02
 4.677070199e-02 4.645702184e-02 4.627471982e-02 4.628580624e-02 4.654870322e-02
 4.711052061e-02 4.799225944e-02 4.917535138e-02 5.059713246e-02 5.215566392e-02
 5.371860786e-02 5.513326601e-02 5.624220075e-02 5.690999209e-02 5.705616125e-02
 5.667662071e-02 5.583794787e-02 5.464782342e-02 5.322131821e-02 5.165956094e-02
 5.004328751e-02 4.843519410e-02 4.688478750e-02 4.543221700e-02 4.410990607e-02
 4.294211913e-02 4.194182174e-02 4.116946800e-02 4.058050656e-02 4.013812641e-02
 3.608232041e-04 7.731599560e-04 1.270567892e-03 1.777584832e-03 2.209650094e-03
 2.485802224e-03 2.543017253e-03 2.352398693e-03 1.925458296e-03 1.295026577e-03
 5.265513165e-04-3.234681509e-04-1.267996900e-03-2.473471869e-03-4.303989839e-03
-7.482310973e-03-1.101322132e-02-1.023812802e-02-5.223192676e-03 1.937811433e-03
 7.365560958e-03 1.200238082e-02 1.618864861e-02 2.006797368e-02 2.369351300e-02
 2.706623912e-02 3.015378004e-02 3.290555307e-02 3.526981585e-02 3.721195802e-02
 3.872872258e-02 3.985258563e-02 4.064504936e-02 4.118337640e-02 4.154744607e-02
 4.181105938e-02 4.203821780e-02 4.228251152e-02 4.258727840e-02 4.298486072e-02
 4.349441050e-02 4.411885629e-02 4.484239443e-02 4.562983833e-02 4.642849016e-02
 4.717252046e-02 4.778960212e-02 4.820947094e-02 4.837351953e-02 4.824343236e-02
 4.780622874e-02 4.707400583e-02 4.607896728e-02 4.486637601e-02 4.348843746e-02
 4.200088071e-02 4.046228196e-02 3.893481700e-02 3.748427955e-02 3.617692077e-02
 3.507160043e-02 3.420786801e-02 3.365548963e-02 3.336616301e-02 3.329209520e-02
 1.851074913e-04 3.955850547e-04 6.485806866e-04 9.065906155e-04 1.128838858e-03
 1.276503415e-03 1.317760931e-03 1.234381663e-03 1.033653745e-03 6.991594566e-04
 2.342658028e-04-3.660832892e-04-1.131198529e-03-2.136356076e-03-3.454724163e-03
-4.979029007e-03-5.934125537e-03-5.082747506e-03-2.196420577e-03 1.846810691e-03
 5.930607249e-03 9.755123058e-03 1.331296958e-02 1.662596005e-02 1.970288665e-02
 2.253864166e-02 2.512065221e-02 2.743536056e-02 2.947319435e-02 3.123216151e-02
 3.272025600e-02 3.395631934e-02 3.496897529e-02 3.579388616e-02 3.647018767e-02
 3.703704148e-02 3.753086267e-02 3.798329542e-02 3.841970705e-02 3.885792895e-02
 3.930712369e-02 3.976687446e-02 4.022675305e-02 4.066665468e-02 4.105809459e-02
 4.136649893e-02 4.155434348e-02 4.158481343e-02 4.142548184e-02 4.105139298e-02
 4.044700036e-02 3.960671847e-02 3.853433957e-02 3.724206084e-02 3.575020095e-02
 3.408882846e-02 3.230250452e-02 3.045890926e-02 2.866007659e-02 2.704863709e-02
 2.579072014e-02 2.502142390e-02 2.477950809e-02 2.502393464e-02 2.560913997e-02
 9.918282357e-05 2.125759826e-04 3.503569964e-04 4.938848086e-04 6.230030986e-04
 7.183876838e-04 7.637075984e-04 7.508113705e-04 6.860194662e-04 5.545644929e-04
 3.593427555e-04 1.160750365e-04-1.596540319e-04-4.362392389e-04-6.369951154e-04
-6.242443332e-04-2.075816698e-04 7.833405428e-04 2.398922786e-03 4.539690382e-03
 7.024229358e-03 9.679021407e-03 1.237419184e-02 1.501333941e-02 1.751864485e-02
 1.983190562e-02 2.192406251e-02 2.379527864e-02 2.546173616e-02 2.694139506e-02
 2.824892961e-02 2.939720210e-02 3.039974004e-02 3.127193600e-02 3.203089077e-02
 3.269443544e-02 3.327982758e-02 3.380242993e-02 3.427452184e-02 3.470430568e-02
 3.509514565e-02 3.544508591e-02 3.574670858e-02 3.598738689e-02 3.614995549e-02
 3.621376402e-02 3.615601145e-02 3.595319210e-02 3.558243663e-02 3.502251887e-02
 3.425433973e-02 3.326079500e-02 3.202607613e-02 3.053463576e-02 2.877031569e-02
 2.671666501e-02 2.436080072e-02 2.170675540e-02 1.881433020e-02 1.590571740e-02
 1.358518499e-02 1.274757413e-02 1.354838618e-02 1.525692663e-02 1.720038577e-02
 5.916158618e-05 1.280319243e-04 2.142395919e-04 3.087724914e-04 4.020278472e-04
 4.850336829e-04 5.507792328e-04 5.995208741e-04 6.392980837e-04 6.646819206e-04
 6.850327977e-04 7.218173838e-04 7.952791773e-04 9.398849552e-04 1.204834542e-03
 1.649952586e-03 2.336572792e-03 3.312671442e-03 4.598809111e-03 6.183704580e-03
 8.032944604e-03 1.010249599e-02 1.234197523e-02 1.467282664e-02 1.689666215e-02
 1.877327941e-02 2.026456929e-02 2.150976561e-02 2.266324431e-02 2.375952145e-02
 2.479452170e-02 2.575846812e-02 2.664482010e-02 2.745139913e-02 2.817956787e-02
 2.883300302e-02 2.941645948e-02 2.993464485e-02 3.039125030e-02 3.078816035e-02
 3.112485684e-02 3.139802869e-02 3.160139533e-02 3.172574142e-02 3.175914367e-02
 3.168734621e-02 3.149421304e-02 3.116215841e-02 3.067243241e-02 3.000512122e-02
 2.913870553e-02 2.804899440e-02 2.670718859e-02 2.507667599e-02 2.310782578e-02
 2.072931563e-02 1.783290182e-02 1.424471224e-02 9.666059213e-03 3.535725860e-03
-4.941701342e-03-7.039302561e-03-5.992506798e-04 5.442265406e-03 9.755796856e-03
 4.179937834e-05 9.183464355e-05 1.571693748e-04 2.337038325e-04 3.172775996e-04
 4.044068677e-04 4.929078175e-04 5.832632365e-04 7.018520978e-04 8.301455111e-04
 9.871071582e-04 1.190251736e-03 1.448125689e-03 1.784337603e-03 2.226692086e-03
 2.803951219e-03 3.542029625e-03 4.461352644e-03 5.574953821e-03 6.888548475e-03
 8.406171278e-03 1.014235211e-02 1.213059258e-02 1.448994833e-02 1.688341427e-02
 1.848312537e-02 1.926961067e-02 1.963133853e-02 2.029382759e-02 2.107234417e-02
 2.188003940e-02 2.267585366e-02 2.343750806e-02 2.415234039e-02 2.481323416e-02
 2.541638386e-02 2.595984917e-02 2.644251017e-02 2.686326830e-02 2.722042875e-02
 2.751123607e-02 2.773154907e-02 2.787564419e-02 2.793613384e-02 2.790397872e-02
 2.776856173e-02 2.751777918e-02 2.713809116e-02 2.661446054e-02 2.593009555e-02
 2.506589238e-02 2.399944251e-02 2.270341074e-02 2.114297719e-02 1.927182465e-02
 1.702575839e-02 1.431232430e-02 1.099346799e-02 6.855210625e-03 1.536270647e-03
-6.342882717e-03-7.929738723e-03-2.178822320e-03 3.133397168e-03 7.137081325e-03
 3.520871243e-05 7.843955549e-05 1.368934459e-04 2.087458580e-04 2.922149623e-04
 3.859807849e-04 4.899091574e-04 6.106035590e-04 7.656016853e-04 9.576648576e-04
 1.193705870e-03 1.477684390e-03 1.812832689e-03 2.211751040e-03 2.702116000e-03
 3.311592305e-03 4.029015110e-03 4.863828483e-03 5.823913869e-03 6.912313151e-03
 8.127764519e-03 9.465344192e-03 1.089987781e-02 1.237608013e-02 1.378774744e-02
 1.502359560e-02 1.604691047e-02 1.691031205e-02 1.770015348e-02 1.846056189e-02
 1.920031464e-02 1.991501830e-02 2.059738407e-02 2.124059002e-02 2.183907948e-02
 2.238850217e-02 2.288538645e-02 2.332674933e-02 2.370972509e-02 2.403124657e-02
 2.428778682e-02 2.447515818e-02 2.458836888e-02 2.462153745e-02 2.456785918e-02
 2.441961116e-02 2.416817772e-02 2.380407516e-02 2.331695520e-02 2.269557177e-02
 2.192770877e-02 2.100009362e-02 1.989837831e-02 1.860738964e-02 1.711211083e-02
 1.540043212e-02 1.347000007e-02 1.134434101e-02 9.108971027e-03 6.982348306e-03
 5.393008071e-03 4.849982226e-03 5.495848245e-03 6.958225975e-03 8.755927284e-03
 3.356730259e-05 7.546139476e-05 1.332684895e-04 2.061198080e-04 2.930174811e-04
 3.927825928e-04 5.037797486e-04 6.274532463e-04 7.875616420e-04 1.032665739e-03
 1.313862781e-03 1.629318099e-03 1.986898782e-03 2.390164086e-03 2.890381964e-03
 3.467598598e-03 4.120311501e-03 4.852240214e-03 5.664987054e-03 6.556516793e-03
 7.520336497e-03 8.543968264e-03 9.606064593e-03 1.067754842e-02 1.172569706e-02
 1.272185292e-02 1.364991134e-02 1.450890253e-02 1.530772821e-02 1.605712605e-02
 1.676455954e-02 1.743333408e-02 1.806368428e-02 1.865405684e-02 1.920211796e-02
 1.970519995e-02 2.016056642e-02 2.056539583e-02 2.091665997e-02 2.121118440e-02
 2.144561524e-02 2.161638129e-02 2.171954837e-02 2.175077147e-02 2.170533691e-02
 2.157813198e-02 2.136379744e-02 2.105678102e-02 2.065152133e-02 2.014269917e-02
 1.952552114e-02 1.879633307e-02 1.795339953e-02 1.699832485e-02 1.593827432e-02
 1.478948254e-02 1.358248532e-02 1.236882815e-02 1.122757716e-02 1.026561053e-02
 9.601577494e-03 9.328521099e-03 9.472040261e-03 9.977983343e-03 1.074641671e-02
 3.408179262e-05 7.706333691e-05 1.371187289e-04 2.140478718e-04 3.076616102e-04
 4.177907703e-04 5.442051018e-04 6.850958598e-04 8.652545318e-04 1.095234754e-03
 1.379726784e-03 1.682779292e-03 2.049275511e-03 2.452437403e-03 2.905265796e-03
 3.428957313e-03 3.983865252e-03 4.630637218e-03 5.310418270e-03 6.045729208e-03
 6.834538750e-03 7.630571280e-03 8.492167841e-03 9.330619665e-03 1.017914791e-02
 1.100886354e-02 1.178636102e-02 1.257095430e-02 1.327991070e-02 1.398186470e-02
 1.463527490e-02 1.523713548e-02 1.583671719e-02 1.635523916e-02 1.687924836e-02
 1.733695834e-02 1.774842813e-02 1.813951210e-02 1.844103461e-02 1.874210030e-02
 1.895412087e-02 1.911994373e-02 1.923738798e-02 1.925646352e-02 1.926421397e-02
 1.916043665e-02 1.901118173e-02 1.878626639e-02 1.845940264e-02 1.810517752e-02
 1.762695273e-02 1.711526350e-02 1.651800135e-02 1.584601185e-02 1.516522656e-02
 1.441068187e-02 1.369833525e-02 1.300175039e-02 1.236540459e-02 1.189200082e-02
 1.153501423e-02 1.141269913e-02 1.147823740e-02 1.171800179e-02 1.216883003e-02
 0.766076141E+00 0.772836129E+00 0.780521099E+00 0.789018665E+00 0.797787114E+00
 0.807033044E+00 0.816733586E+00 0.826854355E+00 0.837407269E+00 0.848436461E+00
 0.859972855E+00 0.872040231E+00 0.884656973E+00 0.897847107E+00 0.911644364E+00
 0.926082681E+00 0.941200480E+00 0.957036257E+00 0.973634359E+00 0.991038194E+00
 0.100928758E+01 0.102843054E+01 0.104852389E+01 0.106963448E+01 0.109183805E+01
 0.111520127E+01 0.113978553E+01 0.116567281E+01 0.119295981E+01 0.122174982E+01
 0.125215956E+01 0.128431639E+01 0.131834146E+01 0.135437156E+01 0.139256638E+01
 0.143311528E+01 0.147623549E+01 0.152215901E+01 0.157111530E+01 0.162337981E+01
 0.167928045E+01 0.173918682E+01 0.180352395E+01 0.187277408E+01 0.194746552E+01
 0.202821558E+01 0.211575969E+01 0.221098135E+01 0.231491849E+01 0.242873195E+01
 0.255385338E+01 0.269205519E+01 0.284550577E+01 0.301685593E+01 0.320941942E+01
 0.342750457E+01 0.367680725E+01 0.396496065E+01 0.430244888E+01 0.470470238E+01
 0.519598835E+01 0.581856288E+01 0.665920340E+01 0.796039262E+01 0.162853802E+02
  361   98
 0.578216377E+00 0.111671872E+01 0.573055103E+00 0.110304015E+01 0.567902925E+00
 0.108935816E+01 0.562748330E+00 0.107567707E+01 0.557590342E+00 0.106199726E+01
 0.552433851E+00 0.104831688E+01 0.547284563E+00 0.103463380E+01 0.542147831E+00
 0.102094599E+01 0.537024393E+00 0.100725321E+01 0.531913573E+00 0.993555704E+00
 0.526814751E+00 0.979853732E+00 0.521726726E+00 0.966147747E+00 0.516647828E+00
 0.952438377E+00 0.511577674E+00 0.938725771E+00 0.506516738E+00 0.925009761E+00
 0.501465006E+00 0.911290357E+00 0.496421500E+00 0.897567928E+00 0.491384647E+00
 0.883843055E+00 0.486355345E+00 0.870115413E+00 0.481335696E+00 0.856384238E+00
 0.476327732E+00 0.842648798E+00 0.471333449E+00 0.828908378E+00 0.466354822E+00
 0.815162277E+00 0.461395389E+00 0.801409240E+00 0.456459085E+00 0.787647885E+00
 0.451549415E+00 0.773877006E+00 0.446670160E+00 0.760095322E+00 0.441825768E+00
 0.746301345E+00 0.437021440E+00 0.732493365E+00 0.432261993E+00 0.718669851E+00
 0.427551402E+00 0.704829614E+00 0.422893154E+00 0.690971672E+00 0.418290978E+00
 0.677095010E+00 0.413749846E+00 0.663198254E+00 0.409274761E+00 0.649280089E+00
 0.404869961E+00 0.635339523E+00 0.400538887E+00 0.621375877E+00 0.396284423E+00
 0.607388700E+00 0.392109556E+00 0.593377560E+00 0.388017630E+00 0.579341976E+00
 0.384012233E+00 0.565281454E+00 0.380096624E+00 0.551195666E+00 0.376273587E+00
 0.537084473E+00 0.372545243E+00 0.522947966E+00 0.368913089E+00 0.508786440E+00
 0.365378204E+00 0.494600323E+00 0.361941468E+00 0.480390109E+00 0.358603862E+00
 0.466156287E+00 0.355366837E+00 0.451899255E+00 0.352231629E+00 0.437619487E+00
 0.349199045E+00 0.423317575E+00 0.346269556E+00 0.408994189E+00 0.343443406E+00
 0.394650056E+00 0.340720746E+00 0.380285921E+00 0.338101773E+00 0.365902519E+00
 0.335586574E+00 0.351500608E+00 0.333174919E+00 0.337080996E+00 0.330866364E+00
 0.322644519E+00 0.328660984E+00 0.308191922E+00 0.326559274E+00 0.293723885E+00
 0.324562093E+00 0.279241049E+00 0.322670566E+00 0.264744037E+00 0.320885177E+00
 0.250233571E+00 0.319205868E+00 0.235710445E+00 0.317632489E+00 0.221175462E+00
 0.316164847E+00 0.206629422E+00 0.314802558E+00 0.192073137E+00 0.313544435E+00
 0.177507478E+00 0.312389253E+00 0.162933294E+00 0.311336093E+00 0.148351381E+00
 0.310384414E+00 0.133762494E+00 0.309534119E+00 0.119167347E+00 0.308785461E+00
 0.104566634E+00 0.308138804E+00 0.899610477E-01 0.307594587E+00 0.753512862E-01
 0.307153293E+00 0.607380539E-01 0.306814345E+00 0.461220889E-01 0.306576498E+00
 0.315041286E-01 0.306438989E+00 0.168848800E-01 0.306401496E+00 0.226503263E-02
 0.306463970E+00-0.123547294E-01 0.306626171E+00-0.269737252E-01 0.306887942E+00
-0.415912770E-01 0.307249432E+00-0.562067027E-01 0.307711125E+00-0.708193060E-01
 0.308273612E+00-0.854283763E-01 0.308937180E+00-0.100033204E+00 0.309702410E+00
-0.114633058E+00 0.310570286E+00-0.129227170E+00 0.311542119E+00-0.143814726E+00
 0.312618461E+00-0.158394945E+00 0.313798733E+00-0.172967118E+00 0.315082368E+00
-0.187530551E+00 0.316468999E+00-0.202084539E+00 0.317958656E+00-0.216628342E+00
 0.319552173E+00-0.231161131E+00 0.321250782E+00-0.245682012E+00 0.323055640E+00
-0.260190069E+00 0.324967592E+00-0.274684402E+00 0.326986765E+00-0.289164187E+00
 0.329112075E+00-0.303628775E+00 0.331342269E+00-0.318077564E+00 0.333676316E+00
-0.332509941E+00 0.336113773E+00-0.346925213E+00 0.338654981E+00-0.361322557E+00
 0.341300583E+00-0.375701085E+00 0.344051223E+00-0.390059888E+00 0.346907404E+00
-0.404398070E+00 0.349869365E+00-0.418714774E+00 0.352936661E+00-0.433009281E+00
 0.356108219E+00-0.447281019E+00 0.359382956E+00-0.461529435E+00 0.362759937E+00
-0.475753966E+00 0.366238392E+00-0.489954024E+00 0.369817805E+00-0.504128970E+00
 0.373497632E+00-0.518278181E+00 0.377276862E+00-0.532401168E+00 0.381153949E+00
-0.546497605E+00 0.385126791E+00-0.560567356E+00 0.389192916E+00-0.574610434E+00
 0.393349624E+00-0.588626968E+00 0.397594099E+00-0.602617176E+00 0.401923803E+00
-0.616581243E+00 0.406336180E+00-0.630519409E+00 0.410828556E+00-0.644431998E+00
 0.415397775E+00-0.658319541E+00 0.420040023E+00-0.672182845E+00 0.424750945E+00
-0.686022964E+00 0.429526267E+00-0.699840997E+00 0.434362987E+00-0.713637660E+00
 0.439258364E+00-0.727413620E+00 0.444209091E+00-0.741169786E+00 0.449211029E+00
-0.754907416E+00 0.454259509E+00-0.768628011E+00 0.459351133E+00-0.782332655E+00
 0.464483949E+00-0.796021925E+00 0.469656213E+00-0.809696339E+00 0.474865771E+00
-0.823356589E+00 0.480110211E+00-0.837003486E+00 0.485389099E+00-0.850637094E+00
 0.490703713E+00-0.864256815E+00 0.496056491E+00-0.877861582E+00 0.501450321E+00
-0.891450125E+00 0.506888834E+00-0.905020844E+00 0.512379536E+00-0.918570530E+00
 0.517933155E+00-0.932094544E+00 0.523563693E+00-0.945586709E+00 0.529289444E+00
-0.959038732E+00 0.535134713E+00-0.972439234E+00 0.541134707E+00-0.985771136E+00
 0.547340812E+00-0.999008270E+00 0.553829854E+00-0.101210886E+01 0.560720904E+00
-0.102500212E+01 0.568204673E+00-0.103755961E+01 0.576591847E+00-0.104952975E+01
 0.586367072E+00-0.106038769E+01 0.598063930E+00-0.106911683E+01 0.611612347E+00
-0.107451528E+01 0.626075447E+00-0.107650115E+01 0.640681791E+00-0.107609648E+01
 0.655182380E+00-0.107425476E+01 0.669548481E+00-0.107154827E+01 0.683800703E+00
-0.106829217E+01 0.697963377E+00-0.106466536E+01 0.712054976E+00-0.106077113E+01
 0.726088574E+00-0.105667263E+01 0.740072320E+00-0.105240705E+01 0.754011280E+00
-0.104799729E+01 0.767907774E+00-0.104345545E+01 0.781762699E+00-0.103878834E+01
 0.795575411E+00-0.103399774E+01 0.809343631E+00-0.102908074E+01 0.823063380E+00
-0.102403009E+01 0.836728722E+00-0.101883407E+01 0.850332208E+00-0.101347822E+01
 0.863865596E+00-0.100794768E+01 0.877320240E+00-0.100222828E+01 0.890686879E+00
-0.996306159E+00 0.903955976E+00-0.990168636E+00 0.917117897E+00-0.983804555E+00
 0.930163764E+00-0.977205862E+00 0.943085546E+00-0.970367389E+00 0.955875364E+00
-0.963285194E+00 0.968524860E+00-0.955955331E+00 0.981023391E+00-0.948370947E+00
 0.993358008E+00-0.940522834E+00 0.100551609E+01-0.932403945E+00 0.101748757E+01
-0.924012352E+00 0.102926520E+01-0.915350796E+00 0.104084381E+01-0.906424913E+00
 0.105222175E+01-0.897244583E+00 0.106339814E+01-0.887819916E+00 0.107436645E+01
-0.878153882E+00 0.108511407E+01-0.868243072E+00 0.109562937E+01-0.858086100E+00
 0.110590585E+01-0.847687560E+00 0.111594276E+01-0.837057583E+00 0.112574104E+01
-0.826207239E+00 0.113529726E+01-0.815143130E+00 0.114460059E+01-0.803865570E+00
 0.115363957E+01-0.792375057E+00 0.116240667E+01-0.780675784E+00 0.117090056E+01
-0.768776673E+00 0.117912341E+01-0.756688654E+00 0.118707585E+01-0.744421054E+00
 0.119475059E+01-0.731977843E+00 0.120214053E+01-0.719363415E+00 0.120924443E+01
-0.706585711E+00 0.121606586E+01-0.693654984E+00 0.122260835E+01-0.680580905E+00
 0.122887338E+01-0.667371620E+00 0.123486418E+01-0.654035708E+00 0.124058792E+01
-0.640582998E+00 0.124605458E+01-0.627023767E+00 0.125127377E+01-0.613367358E+00
 0.125625477E+01-0.599622264E+00 0.126100954E+01-0.585797264E+00 0.126555363E+01
-0.571901574E+00 0.126990528E+01-0.557944400E+00 0.127408364E+01-0.543934356E+00
 0.127810509E+01-0.529878456E+00 0.128198294E+01-0.515782254E+00 0.128573128E+01
-0.501651050E+00 0.128936569E+01-0.487490109E+00 0.129290329E+01-0.473304663E+00
 0.129636134E+01-0.459099607E+00 0.129975691E+01-0.444879483E+00 0.130310750E+01
-0.430648692E+00 0.130643063E+01-0.416411459E+00 0.130974251E+01-0.402171602E+00
 0.131305134E+01-0.387931037E+00 0.131636196E+01-0.373690889E+00 0.131968085E+01
-0.359452665E+00 0.132301634E+01-0.345218324E+00 0.132637710E+01-0.330989926E+00
 0.132976412E+01-0.316767758E+00 0.133317551E+01-0.302551415E+00 0.133660882E+01
-0.288340350E+00 0.134006023E+01-0.274133669E+00 0.134352308E+01-0.259929772E+00
 0.134698443E+01-0.245725509E+00 0.135042920E+01-0.231517217E+00 0.135384097E+01
-0.217300969E+00 0.135720133E+01-0.203072486E+00 0.136049047E+01-0.188827376E+00
 0.136368835E+01-0.174561513E+00 0.136677177E+01-0.160270488E+00 0.136971357E+01
-0.145949662E+00 0.137248313E+01-0.131594556E+00 0.137505151E+01-0.117202118E+00
 0.137739407E+01-0.102771233E+00 0.137948546E+01-0.883018438E-01 0.138129960E+01
-0.737951199E-01 0.138281071E+01-0.592537415E-01 0.138400075E+01-0.446825913E-01
 0.138485771E+01-0.300880814E-01 0.138537138E+01-0.154774750E-01 0.138553360E+01
-0.858753155E-03 0.138534018E+01 0.137595899E-01 0.138479691E+01 0.283691300E-01
 0.138391412E+01 0.429621075E-01 0.138270400E+01 0.575316141E-01 0.138118028E+01
 0.720716881E-01 0.137936157E+01 0.865778513E-01 0.137727481E+01 0.101047923E+00
 0.137494735E+01 0.115481263E+00 0.137240543E+01 0.129878408E+00 0.136967409E+01
 0.144240845E+00 0.136678160E+01 0.158571722E+00 0.136375857E+01 0.172875650E+00
 0.136063208E+01 0.187157333E+00 0.135742513E+01 0.201421175E+00 0.135415738E+01
 0.215671214E+00 0.135084740E+01 0.229911510E+00 0.134751240E+01 0.244145967E+00
 0.134416762E+01 0.258378130E+00 0.134082699E+01 0.272611268E+00 0.133750267E+01
 0.286848225E+00 0.133420017E+01 0.301090256E+00 0.133092186E+01 0.315337876E+00
 0.132766916E+01 0.329591364E+00 0.132444298E+01 0.343850877E+00 0.132124180E+01
 0.358116026E+00 0.131805548E+01 0.372384501E+00 0.131487320E+01 0.386653878E+00
 0.131168591E+01 0.400922137E+00 0.130848616E+01 0.415187607E+00 0.130526450E+01
 0.429448142E+00 0.130200433E+01 0.443699921E+00 0.129868793E+01 0.457938713E+00
 0.129529710E+01 0.472159958E+00 0.129181367E+01 0.486358796E+00 0.128821894E+01
 0.500529854E+00 0.128449390E+01 0.514667203E+00 0.128062087E+01 0.528764717E+00
 0.127658386E+01 0.542816138E+00 0.127236831E+01 0.556815018E+00 0.126795854E+01
 0.570753915E+00 0.126333611E+01 0.584623720E+00 0.125848305E+01 0.598414497E+00
 0.125338387E+01 0.612116159E+00 0.124802680E+01 0.625719044E+00 0.124240345E+01
 0.639214015E+00 0.123650642E+01 0.652591645E+00 0.123032837E+01 0.665841824E+00
 0.122386487E+01 0.678955120E+00 0.121711593E+01 0.691923823E+00 0.121008410E+01
 0.704741337E+00 0.120277036E+01 0.717400103E+00 0.119517533E+01 0.729892127E+00
 0.118730411E+01 0.742212005E+00 0.117916752E+01 0.754358272E+00 0.117077736E+01
 0.766330802E+00 0.116213816E+01 0.778124890E+00 0.115325115E+01 0.789733388E+00
 0.114411906E+01 0.801150092E+00 0.113474983E+01 0.812373024E+00 0.112515533E+01
 0.823404006E+00 0.111534732E+01 0.834245619E+00 0.110532882E+01 0.844893000E+00
 0.109509610E+01 0.855334667E+00 0.108464628E+01 0.865559048E+00 0.107398207E+01
 0.875559620E+00 0.106311129E+01 0.885335250E+00 0.105204322E+01 0.894886942E+00
 0.104078300E+01 0.904211321E+00 0.102933037E+01 0.913298321E+00 0.101768515E+01
 0.922137148E+00 0.100584982E+01 0.930719722E+00 0.993829116E+00 0.939040683E+00
 0.981631273E+00 0.947099751E+00 0.969267804E+00 0.954902380E+00 0.956751164E+00
 0.962456888E+00 0.944091941E+00 0.969769973E+00 0.931298536E+00 0.976845717E+00
 0.918378843E+00 0.983688169E+00 0.905341010E+00 0.990302758E+00 0.892194217E+00
 0.996698082E+00 0.878948735E+00 0.100288646E+01 0.865614997E+00 0.100888236E+01
 0.852203358E+00 0.101470196E+01 0.838723832E+00 0.102036258E+01 0.825186541E+00
 0.102588367E+01 0.811601384E+00 0.103128596E+01 0.797976511E+00 0.103658729E+01
 0.784317574E+00 0.104180025E+01 0.770629472E+00 0.104693616E+01 0.756917134E+00
 0.105200701E+01 0.743184969E+00 0.105702393E+01 0.729437421E+00 0.106199855E+01
 0.715678356E+00 0.106694124E+01 0.701911777E+00 0.107186295E+01 0.688141180E+00
 0.107677342E+01 0.674370096E+00 0.108168252E+01 0.660601779E+00 0.108659938E+01
 0.646839282E+00 0.109153250E+01 0.633086179E+00 0.109649174E+01 0.619345117E+00
 0.110148425E+01 0.605619201E+00 0.110651825E+01 0.591908402E+00 0.111159327E+01
 0.578216377E+00 0.111671872E+01
 0.156441580E+01 0.156423520E+01 0.173298350E+01 0.167901950E+01 0.134847970E+01
 0.206041340E+01 0.108819530E+01 0.205946000E+01 0.902253030E+00 0.187565310E+01
 0.903668760E+00 0.187424170E+01 0.533866470E+00 0.150285580E+01 0.538010660E+00
 0.149874330E+01 0.332797140E+00 0.129708960E+01 0.332797140E+00 0.109400000E+01
 0.334795920E+00 0.109400000E+01 0.303115250E+00 0.847500000E+00 0.305114030E+00
 0.847500000E+00 0.269135950E+00 0.565000000E+00 0.271134730E+00 0.565000000E+00
 0.260841000E+00 0.495257700E+00 0.260841000E+00-0.507257700E+00 0.271134730E+00
-0.576999960E+00 0.269135950E+00-0.576999960E+00 0.305114030E+00-0.859500000E+00
 0.303115250E+00-0.859500000E+00 0.334795920E+00-0.110600010E+01 0.332797140E+00
-0.110600010E+01 0.332797140E+00-0.130908970E+01 0.538598100E+00-0.150990190E+01
 0.534468950E+00-0.151402960E+01 0.905629600E+00-0.188405800E+01 0.904219000E+00
-0.188547470E+01 0.108819530E+01-0.206614000E+01 0.134847970E+01-0.206518650E+01
 0.173017910E+01-0.168098580E+01 0.156441580E+01-0.156883530E+01 0.137999130E+01
-0.157688300E+01 0.137989190E+01-0.157672700E+01 0.119622210E+01-0.158474990E+01
 0.119631650E+01-0.158489800E+01 0.105537410E+01-0.159104840E+01 0.105528350E+01
-0.159090630E+01 0.947502500E+00-0.159561420E+01 0.905686400E+00-0.159556230E+01
 0.899143000E+00-0.159478470E+01 0.883387860E+00-0.159026430E+01 0.867681200E+00
-0.158087360E+01 0.851322350E+00-0.156766880E+01 0.833481900E+00-0.154624210E+01
 0.826062560E+00-0.152875240E+01 0.822677700E+00-0.151516830E+01 0.821022750E+00
-0.149624060E+01 0.820691350E+00-0.147724350E+01 0.822887360E+00-0.144582030E+01
 0.827573000E+00-0.141923050E+01 0.839194600E+00-0.138728100E+01 0.855244300E+00
-0.135284130E+01 0.877566500E+00-0.132209860E+01 0.899473500E+00-0.130017830E+01
 0.118567730E+01-0.101380000E+01 0.127900000E+01-0.842300000E+00 0.129600000E+01
-0.820200000E+00 0.143300000E+01-0.820200000E+00 0.143300000E+01-0.711000000E+00
 0.149000000E+01-0.491000000E+00 0.146000000E+01-0.491000000E+00 0.146000000E+01
-0.233000000E+00 0.166100000E+01-0.233000000E+00 0.166100000E+01 0.226000000E+00
 0.146000000E+01 0.226000000E+00 0.146000000E+01 0.481000000E+00 0.149300000E+01
 0.481000000E+00 0.147400000E+01 0.554000000E+00 0.143300000E+01 0.711000000E+00
 0.143300000E+01 0.815600000E+00 0.129600000E+01 0.815600000E+00 0.127900000E+01
 0.837699950E+00 0.118567730E+01 0.100920000E+01 0.899473500E+00 0.129557820E+01
 0.877566500E+00 0.131749860E+01 0.855244300E+00 0.134824120E+01 0.839194600E+00
 0.138268090E+01 0.827573000E+00 0.141463040E+01 0.822887360E+00 0.144122030E+01
 0.820691350E+00 0.147264350E+01 0.821022750E+00 0.149164060E+01 0.822677700E+00
 0.151056830E+01 0.826062560E+00 0.152415240E+01 0.833481900E+00 0.154164210E+01
 0.851322350E+00 0.156306870E+01 0.867681200E+00 0.157627360E+01 0.883387860E+00
 0.158566430E+01 0.899143000E+00 0.159018470E+01 0.905686400E+00 0.159096230E+01
 0.947502500E+00 0.159101410E+01 0.105528350E+01 0.158630620E+01 0.105537410E+01
 0.158644830E+01 0.119631650E+01 0.158029800E+01 0.119622210E+01 0.158014990E+01
 0.137989190E+01 0.157212700E+01 0.137999130E+01 0.157228290E+01 0.156441580E+01
 0.156423520E+01
    0
