EFIT++      MAST # 47012 # 540ms                   0  65  65
 0.194000000E+01 0.440000000E+01 0.800000000E+00 0.600000000E-01 0.000000000E+00
 0.945042383E+00 0.277947532E-02-0.701236938E-01 0.327893563E-01-0.653145925E+00
 0.755064202E+06-0.701236938E-01 0.000000000E+00 0.945042383E+00 0.000000000E+00
 0.277947532E-02 0.000000000E+00 0.327893563E-01 0.000000000E+00 0.000000000E+00
-0.620368900E+00-0.616516990E+00-0.612752087E+00-0.609074195E+00-0.605483280E+00
-0.601979270E+00-0.598562054E+00-0.595231480E+00-0.591987355E+00-0.588829442E+00
-0.585757462E+00-0.582771093E+00-0.579869967E+00-0.577053670E+00-0.574321743E+00
-0.571673682E+00-0.569108935E+00-0.566626903E+00-0.564226941E+00-0.561908355E+00
-0.559670406E+00-0.557512305E+00-0.555433220E+00-0.553432269E+00-0.551508526E+00
-0.549661017E+00-0.547888725E+00-0.546190588E+00-0.544565498E+00-0.543012307E+00
-0.541529823E+00-0.540116814E+00-0.538772006E+00-0.537494088E+00-0.536281711E+00
-0.535133487E+00-0.534047995E+00-0.533023779E+00-0.532059352E+00-0.531153192E+00
-0.530303751E+00-0.529509450E+00-0.528768683E+00-0.528079820E+00-0.527441206E+00
-0.526851162E+00-0.526307990E+00-0.525809970E+00-0.525355366E+00-0.524942422E+00
-0.524569369E+00-0.524234420E+00-0.523935780E+00-0.523671638E+00-0.523440173E+00
-0.523239555E+00-0.523067947E+00-0.522923501E+00-0.522804366E+00-0.522708683E+00
-0.522634590E+00-0.522580220E+00-0.522543704E+00-0.522523168E+00-0.522516740E+00
 0.202300202E+05 0.197495883E+05 0.192697866E+05 0.187908370E+05 0.183129615E+05
 0.178363821E+05 0.173613206E+05 0.168879990E+05 0.164166393E+05 0.159474634E+05
 0.154806933E+05 0.150165509E+05 0.145552581E+05 0.140970369E+05 0.136421093E+05
 0.131906972E+05 0.127430225E+05 0.122993071E+05 0.118597731E+05 0.114246424E+05
 0.109941369E+05 0.105684785E+05 0.101478893E+05 0.973259109E+04 0.932280591E+04
 0.891875567E+04 0.852066233E+04 0.812874783E+04 0.774323411E+04 0.736434313E+04
 0.699229682E+04 0.662731714E+04 0.626962603E+04 0.591944543E+04 0.557699729E+04
 0.524250357E+04 0.491618619E+04 0.459826712E+04 0.428896829E+04 0.398851165E+04
 0.369711915E+04 0.341501274E+04 0.314241435E+04 0.287954594E+04 0.262662945E+04
 0.238388683E+04 0.215154002E+04 0.192981097E+04 0.171892163E+04 0.151909394E+04
 0.133054984E+04 0.115351129E+04 0.988200231E+03 0.834838605E+03 0.693648360E+03
 0.564851442E+03 0.448669798E+03 0.345325373E+03 0.255040113E+03 0.178035965E+03
 0.114534873E+03 0.647587852E+02 0.289296463E+02 0.726940257E+01 0.000000000E+00
-0.150283692E+01-0.146015266E+01-0.141807801E+01-0.137661295E+01-0.133575750E+01
-0.129551164E+01-0.125587539E+01-0.121684874E+01-0.117843169E+01-0.114062424E+01
-0.110342639E+01-0.106683815E+01-0.103085950E+01-0.995490454E+00-0.960731010E+00
-0.926581166E+00-0.893040924E+00-0.860110282E+00-0.827789242E+00-0.796077802E+00
-0.764975963E+00-0.734483725E+00-0.704601088E+00-0.675328052E+00-0.646664618E+00
-0.618610784E+00-0.591166550E+00-0.564331918E+00-0.538106887E+00-0.512491457E+00
-0.487485628E+00-0.463089399E+00-0.439302772E+00-0.416125746E+00-0.393558320E+00
-0.371600496E+00-0.350252272E+00-0.329513650E+00-0.309384628E+00-0.289865207E+00
-0.270955388E+00-0.252655169E+00-0.234964551E+00-0.217883534E+00-0.201412118E+00
-0.185550303E+00-0.170298089E+00-0.155655476E+00-0.141622464E+00-0.128199053E+00
-0.115385243E+00-0.103181034E+00-0.915864253E-01-0.806014179E-01-0.702260116E-01
-0.604602061E-01-0.513040016E-01-0.427573981E-01-0.348203955E-01-0.274929939E-01
-0.207751932E-01-0.146669935E-01-0.916839469E-02-0.427939687E-02 0.000000000E+00
-0.298922949E+06-0.298600056E+06-0.298139138E+06-0.297540196E+06-0.296803229E+06
-0.295928237E+06-0.294915220E+06-0.293764179E+06-0.292475113E+06-0.291048023E+06
-0.289482907E+06-0.287779767E+06-0.285938602E+06-0.283959413E+06-0.281842199E+06
-0.279586960E+06-0.277193696E+06-0.274662408E+06-0.271993095E+06-0.269185758E+06
-0.266240395E+06-0.263157008E+06-0.259935596E+06-0.256576160E+06-0.253078699E+06
-0.249443213E+06-0.245669703E+06-0.241758167E+06-0.237708607E+06-0.233521023E+06
-0.229195413E+06-0.224731779E+06-0.220130121E+06-0.215390437E+06-0.210512729E+06
-0.205496996E+06-0.200343239E+06-0.195051457E+06-0.189621650E+06-0.184053818E+06
-0.178347962E+06-0.172504081E+06-0.166522175E+06-0.160402244E+06-0.154144289E+06
-0.147748310E+06-0.141214305E+06-0.134542276E+06-0.127732222E+06-0.120784143E+06
-0.113698040E+06-0.106473912E+06-0.991117592E+05-0.916115818E+05-0.839733796E+05
-0.761971528E+05-0.682829013E+05-0.602306251E+05-0.520403242E+05-0.437119986E+05
-0.352456482E+05-0.266412732E+05-0.178988735E+05-0.901844911E+04 0.000000000E+00
 3.947321075e-05 8.923187809e-05 1.587120113e-04 2.476290712e-04 3.556732962e-04
 4.824674076e-04 6.273649492e-04 7.885559306e-04 9.820597525e-04 1.246853041e-03
 1.546501203e-03 1.879742909e-03 2.261278433e-03 2.690550287e-03 3.175623194e-03
 3.725069856e-03 4.328578379e-03 5.000307574e-03 5.724981461e-03 6.505758731e-03
 7.337769263e-03 8.199686321e-03 9.097635422e-03 9.995688530e-03 1.089316484e-02
 1.177121296e-02 1.261088703e-02 1.342778368e-02 1.419269450e-02 1.493077047e-02
 1.562805197e-02 1.628308134e-02 1.691549492e-02 1.749280396e-02 1.804895821e-02
 1.855484347e-02 1.901788723e-02 1.945087445e-02 1.982028633e-02 2.015132491e-02
 2.041375092e-02 2.062219845e-02 2.077509236e-02 2.085005047e-02 2.087955055e-02
 2.082189706e-02 2.070351463e-02 2.051043090e-02 2.022861231e-02 1.989187874e-02
 1.945476755e-02 1.896205777e-02 1.839085896e-02 1.774952468e-02 1.707911070e-02
 1.635250048e-02 1.564500047e-02 1.495719700e-02 1.433011619e-02 1.384307772e-02
 1.348170270e-02 1.333000515e-02 1.336074734e-02 1.355730847e-02 1.393330166e-02
 3.992170070e-05 8.980222552e-05 1.587321571e-04 2.458131811e-04 3.501108054e-04
 4.707419814e-04 6.069966544e-04 7.612642509e-04 9.470211530e-04 1.204722708e-03
 1.498799379e-03 1.831019798e-03 2.207824461e-03 2.625187488e-03 3.157692016e-03
 3.768752569e-03 4.458163395e-03 5.230581026e-03 6.088579110e-03 7.030531395e-03
 8.050188640e-03 9.135344227e-03 1.026298027e-02 1.140127757e-02 1.251366584e-02
 1.356787451e-02 1.454658226e-02 1.545054293e-02 1.629171716e-02 1.708317770e-02
 1.783341043e-02 1.854584814e-02 1.922050955e-02 1.985561511e-02 2.044866472e-02
 2.099693158e-02 2.149762717e-02 2.194776347e-02 2.234392650e-02 2.268248137e-02
 2.295985145e-02 2.317240904e-02 2.331624358e-02 2.338704754e-02 2.338011146e-02
 2.329032843e-02 2.311230126e-02 2.284043565e-02 2.246911097e-02 2.199292438e-02
 2.140700332e-02 2.070757071e-02 1.989275155e-02 1.896394761e-02 1.792802982e-02
 1.680078349e-02 1.561202461e-02 1.441220429e-02 1.327874905e-02 1.231629092e-02
 1.164084387e-02 1.134295220e-02 1.144639716e-02 1.189580005e-02 1.259133152e-02
 4.276216981e-05 9.540534021e-05 1.668115778e-04 2.549513283e-04 3.578526044e-04
 4.740599640e-04 6.031561056e-04 7.482844877e-04 9.267437897e-04 1.131691184e-03
 1.381959063e-03 1.684228319e-03 2.038494210e-03 2.461154171e-03 2.977393071e-03
 3.609031321e-03 4.357941935e-03 5.232506030e-03 6.240490087e-03 7.385457169e-03
 8.667183051e-03 1.008090345e-02 1.160606966e-02 1.318733424e-02 1.470044170e-02
 1.600721090e-02 1.706558546e-02 1.794793084e-02 1.876429265e-02 1.956132314e-02
 2.034354458e-02 2.110325580e-02 2.183134385e-02 2.252009206e-02 2.316355873e-02
 2.375727188e-02 2.429775598e-02 2.478205515e-02 2.520732059e-02 2.557048825e-02
 2.586803321e-02 2.609577416e-02 2.624872337e-02 2.632099082e-02 2.630574414e-02
 2.619521353e-02 2.598072223e-02 2.565271985e-02 2.520079591e-02 2.461365690e-02
 2.387906269e-02 2.298374635e-02 2.191339750e-02 2.065290871e-02 1.918734175e-02
 1.750463995e-02 1.560238715e-02 1.350370740e-02 1.129278490e-02 9.184397397e-03
 7.599214842e-03 7.037674800e-03 7.640587264e-03 9.041148330e-03 1.076678908e-02
 5.112799376e-05 1.126335151e-04 1.934539593e-04 2.889255119e-04 3.942200851e-04
 5.051029264e-04 6.187355319e-04 7.370238354e-04 8.699614309e-04 1.014742080e-03
 1.185162200e-03 1.398308709e-03 1.666554093e-03 2.014012514e-03 2.470304077e-03
 3.066863207e-03 3.832754709e-03 4.790822382e-03 5.954863184e-03 7.329331738e-03
 8.915102900e-03 1.072980007e-02 1.280167728e-02 1.525845693e-02 1.778669801e-02
 1.945935658e-02 2.027141958e-02 2.066795753e-02 2.139159406e-02 2.223087890e-02
 2.309599467e-02 2.394561940e-02 2.475770297e-02 2.551998411e-02 2.622581728e-02
 2.687188654e-02 2.745672454e-02 2.797964103e-02 2.843990499e-02 2.883611553e-02
 2.916573216e-02 2.942474831e-02 2.960749690e-02 2.970657474e-02 2.971286587e-02
 2.961563199e-02 2.940262475e-02 2.906016051e-02 2.857308497e-02 2.792454099e-02
 2.709543528e-02 2.606346892e-02 2.480154026e-02 2.327521847e-02 2.143877780e-02
 1.922889539e-02 1.655441028e-02 1.327927689e-02 9.193140273e-03 3.948507608e-03
-3.913219739e-03-5.520211591e-03 2.107936299e-04 5.412540097e-03 9.319424551e-03
 7.153671018e-05 1.554329825e-04 2.615729555e-04 3.798850224e-04 4.995368141e-04
 6.102338610e-04 7.035633636e-04 7.769738907e-04 8.348355592e-04 8.732255271e-04
 9.001106736e-04 9.383541323e-04 1.006957384e-03 1.141867050e-03 1.396484746e-03
 1.838019973e-03 2.537198189e-03 3.549720841e-03 4.898046695e-03 6.565462555e-03
 8.506465518e-03 1.066314797e-02 1.297136607e-02 1.534098131e-02 1.759985181e-02
 1.955963330e-02 2.117807722e-02 2.255976272e-02 2.382253193e-02 2.500547123e-02
 2.611149346e-02 2.713554803e-02 2.807404784e-02 2.892682789e-02 2.969678462e-02
 3.038885753e-02 3.100887724e-02 3.156246663e-02 3.205407380e-02 3.248617512e-02
 3.285867162e-02 3.316849518e-02 3.340943600e-02 3.357219179e-02 3.364462081e-02
 3.361215493e-02 3.345829862e-02 3.316511080e-02 3.271354145e-02 3.208347788e-02
 3.125334076e-02 3.019904712e-02 2.889209789e-02 2.729640121e-02 2.536311182e-02
 2.302204282e-02 2.016659512e-02 1.662534630e-02 1.210333905e-02 6.040797825e-03
-2.421608934e-03-4.533628582e-03 1.928777566e-03 7.834999374e-03 1.204965262e-02
 1.170064526e-04 2.518182633e-04 4.175952915e-04 5.938228430e-04 7.582211291e-04
 8.892885590e-04 9.685561871e-04 9.827526446e-04 9.400684875e-04 8.210316543e-04
 6.291519893e-04 3.760943451e-04 7.314446356e-05-2.539296759e-04-5.293384914e-04
-5.992289409e-04-2.323297679e-04 7.868162735e-04 2.519676411e-03 4.833986221e-03
 7.500555313e-03 1.031687971e-02 1.314635063e-02 1.589759147e-02 1.850218246e-02
 2.091031317e-02 2.309616539e-02 2.505773124e-02 2.680702579e-02 2.835929382e-02
 2.972864489e-02 3.092876345e-02 3.197465872e-02 3.288345909e-02 3.367404951e-02
 3.436597905e-02 3.497808522e-02 3.552712380e-02 3.602654296e-02 3.648545688e-02
 3.690785410e-02 3.729209194e-02 3.763074580e-02 3.791087710e-02 3.811474772e-02
 3.822094649e-02 3.820581938e-02 3.804502308e-02 3.771497030e-02 3.719392201e-02
 3.646252497e-02 3.550369535e-02 3.430190095e-02 3.284208434e-02 3.110873728e-02
 2.908615988e-02 2.676224430e-02 2.414166125e-02 2.128417859e-02 1.840919873e-02
 1.610985303e-02 1.526379204e-02 1.602442190e-02 1.766824660e-02 1.953606636e-02
 2.126793108e-04 4.560539331e-04 7.515475850e-04 1.058245291e-03 1.331482585e-03
 1.528549109e-03 1.614491431e-03 1.569429909e-03 1.389965427e-03 1.071319132e-03
 6.162403469e-04 1.791237131e-05-7.619830823e-04-1.828045366e-03-3.340673847e-03
-5.272112728e-03-6.740596184e-03-5.885560723e-03-2.540663285e-03 2.162603255e-03
 6.619671967e-03 1.066629930e-02 1.437725999e-02 1.780965458e-02 2.098837454e-02
 2.391568352e-02 2.658161558e-02 2.897241078e-02 3.107698978e-02 3.289183670e-02
 3.442427223e-02 3.569363957e-02 3.673011094e-02 3.757157191e-02 3.825965154e-02
 3.883597189e-02 3.933920938e-02 3.980300403e-02 4.025442253e-02 4.071265240e-02
 4.118778862e-02 4.167982570e-02 4.217815035e-02 4.266186111e-02 4.310113033e-02
 4.345963964e-02 4.369792647e-02 4.377728926e-02 4.366371311e-02 4.333115335e-02
 4.276357588e-02 4.195548545e-02 4.091120641e-02 3.964370991e-02 3.817412277e-02
 3.653317308e-02 3.476577110e-02 3.293946516e-02 3.115548307e-02 2.955487097e-02
 2.830170571e-02 2.752835906e-02 2.727187746e-02 2.746759428e-02 2.798318336e-02
 4.055941940e-04 8.714225276e-04 1.437737498e-03 2.022722116e-03 2.534029107e-03
 2.882552885e-03 2.997978408e-03 2.844393654e-03 2.433253647e-03 1.804243014e-03
 1.043332225e-03 2.300922359e-04-6.188633910e-04-1.667969677e-03-3.251805251e-03
-5.845510898e-03-8.549610704e-03-7.618897483e-03-3.019807803e-03 3.549602076e-03
 8.846605946e-03 1.347857409e-02 1.770409851e-02 2.164338387e-02 2.534040379e-02
 2.879043206e-02 3.195547345e-02 3.477853950e-02 3.720139328e-02 3.918448373e-02
 4.072272831e-02 4.185031059e-02 4.263299510e-02 4.315322224e-02 4.349564777e-02
 4.373791499e-02 4.394703934e-02 4.417915818e-02 4.447997754e-02 4.488405571e-02
 4.541234085e-02 4.606869888e-02 4.683701800e-02 4.768041150e-02 4.854322467e-02
 4.935574454e-02 5.004127339e-02 5.052523744e-02 5.074544579e-02 5.066137367e-02
 5.025955596e-02 4.955316555e-02 4.857642931e-02 4.737683770e-02 4.600847007e-02
 4.452832280e-02 4.299562444e-02 4.147271174e-02 4.002523368e-02 3.871922780e-02
 3.761354927e-02 3.674728477e-02 3.615855025e-02 3.581715070e-02 3.568604781e-02
 7.740006184e-04 1.680600765e-03 2.806691263e-03 3.990864678e-03 5.026220672e-03
 5.701069834e-03 5.858847605e-03 5.427553956e-03 4.408566446e-03 2.856274272e-03
 1.139535745e-03-1.244590486e-05-2.238717108e-04 3.388689659e-04 1.049875718e-03
 1.818560326e-03 2.955687590e-03 4.833740257e-03 7.595574137e-03 1.107071566e-02
 1.495338225e-02 1.902439694e-02 2.318254129e-02 2.738309289e-02 3.158507730e-02
 3.571515651e-02 3.964175752e-02 4.316831373e-02 4.606824348e-02 4.816707203e-02
 4.942559244e-02 4.995782155e-02 4.997008432e-02 4.967618808e-02 4.924714877e-02
 4.880421359e-02 4.843359747e-02 4.820450548e-02 4.818174091e-02 4.842852302e-02
 4.899751642e-02 4.991362863e-02 5.115850547e-02 5.266564370e-02 5.432639654e-02
 5.600017223e-02 5.752484993e-02 5.873257696e-02 5.947820198e-02 5.967551690e-02
 5.932124567e-02 5.848845163e-02 5.729320242e-02 5.585732424e-02 5.428580136e-02
 5.266083023e-02 5.104517532e-02 4.948781960e-02 4.802827662e-02 4.669847501e-02
 4.552250513e-02 4.451584487e-02 4.369848917e-02 4.305472532e-02 4.255690966e-02
 1.395533978e-03 3.106957983e-03 5.376557289e-03 7.973299963e-03 1.037624055e-02
 1.176442762e-02 1.177745348e-02 1.071133167e-02 8.756322174e-03 5.724019961e-03
 1.791166981e-03-1.443799999e-04 5.141871198e-04 3.672762545e-03 6.084664403e-03
 8.113879402e-03 1.013688502e-02 1.238465630e-02 1.498606837e-02 1.798903736e-02
 2.139130372e-02 2.517667799e-02 2.934069086e-02 3.389881455e-02 3.887736106e-02
 4.427813764e-02 4.998009368e-02 5.552060931e-02 5.992643094e-02 6.222329790e-02
 6.223041344e-02 6.071735759e-02 5.867420246e-02 5.667458852e-02 5.490225570e-02
 5.339233967e-02 5.214093784e-02 5.115018378e-02 5.048534970e-02 5.028749001e-02
 5.076357284e-02 5.206634475e-02 5.419003274e-02 5.697626329e-02 6.018692760e-02
 6.357744318e-02 6.685268295e-02 6.959744916e-02 7.133294769e-02 7.174064475e-02
 7.088737665e-02 6.917445097e-02 6.705079776e-02 6.481890134e-02 6.263239851e-02
 6.055955423e-02 5.862760483e-02 5.684709595e-02 5.522238756e-02 5.375473497e-02
 5.244394563e-02 5.128845794e-02 5.029432557e-02 4.944510951e-02 4.873370863e-02
 2.184739035e-03 4.991870875e-03 9.037451893e-03 1.453457043e-02 2.144931585e-02
 2.422832630e-02 2.149277471e-02 1.882165732e-02 1.640933433e-02 1.404909109e-02
 1.198157695e-02 1.077071719e-02 1.072718663e-02 1.166511643e-02 1.305347074e-02
 1.465712142e-02 1.646584636e-02 1.852771387e-02 2.089766480e-02 2.362466370e-02
 2.675389951e-02 3.033703163e-02 3.444788599e-02 3.920508004e-02 4.481053201e-02
 5.163093587e-02 6.041001729e-02 7.297252549e-02 8.505105953e-02 8.808331498e-02
 8.151495189e-02 7.183861705e-02 6.596863983e-02 6.193483178e-02 5.893131420e-02
 5.654234899e-02 5.450087043e-02 5.259141811e-02 5.061108404e-02 4.855012609e-02
 4.789839151e-02 4.975527433e-02 5.400256415e-02 5.960472743e-02 6.544835654e-02
 7.175785749e-02 7.889555256e-02 8.644287679e-02 9.147947866e-02 9.144161633e-02
 8.662295363e-02 8.118211714e-02 7.675723521e-02 7.315067122e-02 7.012998321e-02
 6.753801427e-02 6.527385955e-02 6.327191855e-02 6.149059381e-02 5.989979923e-02
 5.848056032e-02 5.721842337e-02 5.610072326e-02 5.511069500e-02 5.422508180e-02
 2.847936037e-03 6.524607741e-03 1.183351779e-02 1.894910936e-02 2.742779703e-02
 3.087181140e-02 2.789659727e-02 2.522677294e-02 2.316159772e-02 2.150524229e-02
 2.023843026e-02 1.940110106e-02 1.905516023e-02 1.919817260e-02 1.977768666e-02
 2.073381820e-02 2.202853359e-02 2.364997461e-02 2.560571943e-02 2.791631882e-02
 3.061267368e-02 3.373738527e-02 3.734946357e-02 4.153177352e-02 4.639958730e-02
 5.210094087e-02 5.875660396e-02 6.606067377e-02 7.207703129e-02 7.440748154e-02
 7.268532062e-02 6.888137188e-02 6.522431087e-02 6.221539675e-02 5.977620066e-02
 5.774170850e-02 5.593663387e-02 5.415938498e-02 5.212399222e-02 4.942496500e-02
 4.821439542e-02 5.028388823e-02 5.585993867e-02 6.258735740e-02 6.914287439e-02
 7.619835268e-02 8.455742228e-02 9.520051277e-02 1.014277513e-01 1.008405885e-01
 9.349671633e-02 8.696831252e-02 8.217069087e-02 7.841981232e-02 7.534344571e-02
 7.273321001e-02 7.046622016e-02 6.846616892e-02 6.668341004e-02 6.508415781e-02
 6.364427310e-02 6.234544904e-02 6.117275474e-02 6.011329747e-02 5.916032611e-02
 3.265267336e-03 7.442714453e-03 1.338716850e-02 2.117223294e-02 3.023721572e-02
 3.397906356e-02 3.072516028e-02 2.898297642e-02 2.770090281e-02 2.660559509e-02
 2.570696783e-02 2.506020061e-02 2.470238449e-02 2.465399599e-02 2.492041563e-02
 2.549812460e-02 2.638162889e-02 2.756812681e-02 2.905932748e-02 3.086128897e-02
 3.298319998e-02 3.543533163e-02 3.822541207e-02 4.135139230e-02 4.478672486e-02
 4.845239395e-02 5.217285074e-02 5.563595097e-02 5.842531091e-02 6.021212863e-02
 6.091261797e-02 6.073322151e-02 6.004016840e-02 5.915041957e-02 5.826157495e-02
 5.747455124e-02 5.683920617e-02 5.639890395e-02 5.624212012e-02 5.656274541e-02
 5.765767197e-02 5.976346649e-02 6.288482239e-02 6.679117303e-02 7.117613557e-02
 7.577008122e-02 8.025197018e-02 8.409653904e-02 8.662734496e-02 8.741266623e-02
 8.660258235e-02 8.479336160e-02 8.257678880e-02 8.029867235e-02 7.810911689e-02
 7.606083458e-02 7.416567422e-02 7.241973404e-02 7.081366155e-02 6.933671877e-02
 6.797828768e-02 6.672833308e-02 6.557746373e-02 6.451694866e-02 6.354350589e-02
 3.515617538e-03 7.986764365e-03 1.429961592e-02 2.248672241e-02 3.190176649e-02
 3.591959970e-02 3.319627378e-02 3.186628460e-02 3.098996910e-02 3.018802150e-02
 2.950858183e-02 2.898530962e-02 2.864659904e-02 2.851459402e-02 2.860508536e-02
 2.892847745e-02 2.949127918e-02 3.029745747e-02 3.134917705e-02 3.264669879e-02
 3.418734113e-02 3.596338693e-02 3.795872324e-02 4.014399544e-02 4.247042382e-02
 4.486360271e-02 4.722088150e-02 4.941836478e-02 5.133249992e-02 5.287034147e-02
 5.401918071e-02 5.480820597e-02 5.532240512e-02 5.567350213e-02 5.596905543e-02
 5.630378499e-02 5.676080652e-02 5.741886534e-02 5.835952725e-02 5.966706771e-02
 6.141477999e-02 6.363936106e-02 6.631625852e-02 6.935042859e-02 7.258368219e-02
 7.580822475e-02 7.878179874e-02 8.125425028e-02 8.301566839e-02 8.395506076e-02
 8.409468914e-02 8.357162946e-02 8.257721430e-02 8.129505912e-02 7.986770595e-02
 7.839174098e-02 7.692675482e-02 7.550676572e-02 7.414949998e-02 7.286278830e-02
 7.164864022e-02 7.050573190e-02 6.943088395e-02 6.841973177e-02 6.745695907e-02
 3.682730511e-03 8.352717767e-03 1.492210514e-02 2.340443664e-02 3.315134307e-02
 3.752945324e-02 3.502743772e-02 3.402995531e-02 3.338445044e-02 3.277761324e-02
 3.223082866e-02 3.177123689e-02 3.142410729e-02 3.121152118e-02 3.115177606e-02
 3.125926552e-02 3.154464017e-02 3.201501974e-02 3.267404849e-02 3.352164408e-02
 3.455335865e-02 3.575934372e-02 3.712300321e-02 3.861956724e-02 4.021505138e-02
 4.186635296e-02 4.352341936e-02 4.513420229e-02 4.665221490e-02 4.804503813e-02
 4.930045948e-02 5.042986127e-02 5.147372845e-02 5.247051966e-02 5.347386446e-02
 5.453734132e-02 5.572792956e-02 5.710045461e-02 5.870853666e-02 6.059569761e-02
 6.278483825e-02 6.528866981e-02 6.809159943e-02 7.113932898e-02 7.432404664e-02
 7.746207080e-02 8.029813111e-02 8.259085646e-02 8.417822243e-02 8.499728577e-02
 8.509477629e-02 8.462660690e-02 8.379852033e-02 8.276946543e-02 8.163804699e-02
 8.046445294e-02 7.928582920e-02 7.812479190e-02 7.699451476e-02 7.590202774e-02
 7.485042265e-02 7.384032631e-02 7.287087416e-02 7.194055971e-02 7.105701639e-02
 3.814893652e-03 8.645125466e-03 1.542610630e-02 2.415797335e-02 3.418560075e-02
 3.885419643e-02 3.660686870e-02 3.577037309e-02 3.528773077e-02 3.478052238e-02
 3.427709226e-02 3.380608466e-02 3.339406599e-02 3.306433937e-02 3.283658718e-02
 3.272688996e-02 3.274786060e-02 3.290876120e-02 3.321552726e-02 3.367065633e-02
 3.427295732e-02 3.501722239e-02 3.589392296e-02 3.688908525e-02 3.798455024e-02
 3.915883865e-02 4.038877855e-02 4.165186316e-02 4.292910644e-02 4.420789374e-02
 4.548419765e-02 4.676361266e-02 4.806125197e-02 4.940201483e-02 5.081460752e-02
 5.232984315e-02 5.398714264e-02 5.582359639e-02 5.787525577e-02 6.017450010e-02
 6.274782833e-02 6.562317188e-02 6.882878186e-02 7.239785799e-02 7.638706601e-02
 8.093513291e-02 8.506990365e-02 8.805508694e-02 8.974217108e-02 9.004028657e-02
 8.896932359e-02 8.720196380e-02 8.579218579e-02 8.457084866e-02 8.345926005e-02
 8.241809823e-02 8.142532444e-02 8.046826006e-02 7.953939687e-02 7.863408329e-02
 7.774926337e-02 7.688280788e-02 7.603316863e-02 7.519904947e-02 7.437251273e-02
 3.938009871e-03 8.922385836e-03 1.591579507e-02 2.491178681e-02 3.521136508e-02
 4.011427628e-02 3.818304998e-02 3.751058796e-02 3.706003610e-02 3.651588120e-02
 3.593189354e-02 3.534697580e-02 3.479027923e-02 3.428485973e-02 3.384960063e-02
 3.350018986e-02 3.324962789e-02 3.310849683e-02 3.308509540e-02 3.318543603e-02
 3.341305015e-02 3.376884961e-02 3.425107725e-02 3.485540620e-02 3.557526501e-02
 3.640247818e-02 3.732832934e-02 3.834453794e-02 3.944439657e-02 4.062390361e-02
 4.188270821e-02 4.322471460e-02 4.465819297e-02 4.619542915e-02 4.785208559e-02
 4.964660327e-02 5.159969635e-02 5.373390304e-02 5.607367259e-02 5.864639094e-02
 6.148435594e-02 6.462719330e-02 6.812592627e-02 7.205399489e-02 7.652515834e-02
 8.164410940e-02 8.626543134e-02 8.945256031e-02 9.120861541e-02 9.148628128e-02
 9.022529678e-02 8.831159874e-02 8.688234425e-02 8.577727843e-02 8.486144554e-02
 8.405424139e-02 8.330731705e-02 8.259127614e-02 8.188819684e-02 8.118726997e-02
 8.048218024e-02 7.976949846e-02 7.904768402e-02 7.831653143e-02 7.757955745e-02
 4.057716653e-03 9.198463533e-03 1.642233262e-02 2.573952578e-02 3.652549166e-02
 4.215603790e-02 4.087813187e-02 3.981313212e-02 3.896578520e-02 3.813270285e-02
 3.730563359e-02 3.649467399e-02 3.571242982e-02 3.497194156e-02 3.428601858e-02
 3.366693602e-02 3.312628539e-02 3.267491716e-02 3.232321792e-02 3.208148467e-02
 3.195848935e-02 3.196137582e-02 3.209555686e-02 3.236462620e-02 3.277027120e-02
 3.331211817e-02 3.399086302e-02 3.480658982e-02 3.575915391e-02 3.684865442e-02
 3.807595886e-02 3.944347776e-02 4.095509349e-02 4.261593616e-02 4.443221260e-02
 4.641096922e-02 4.855977547e-02 5.088651428e-02 5.339959267e-02 5.610966976e-02
 5.903754310e-02 6.224184585e-02 6.574926097e-02 6.955257600e-02 7.365587217e-02
 7.802638172e-02 8.204526508e-02 8.503112790e-02 8.687010153e-02 8.743678275e-02
 8.719080759e-02 8.683755626e-02 8.642963862e-02 8.605833492e-02 8.570754692e-02
 8.535865750e-02 8.499494484e-02 8.460383915e-02 8.417698866e-02 8.370961307e-02
 8.319971847e-02 8.264736669e-02 8.205404749e-02 8.142229500e-02 8.076294648e-02
 4.158783024e-03 9.432290990e-03 1.685294061e-02 2.644502583e-02 3.757284144e-02
 4.364475752e-02 4.294829151e-02 4.164416692e-02 4.047496468e-02 3.934390281e-02
 3.824675602e-02 3.717750230e-02 3.613692825e-02 3.513022886e-02 3.416521435e-02
 3.325123979e-02 3.239859157e-02 3.161948448e-02 3.092795230e-02 3.033796828e-02
 2.986314962e-02 2.951649879e-02 2.931017056e-02 2.925526735e-02 2.936167714e-02
 2.963798722e-02 3.009155402e-02 3.072821556e-02 3.155194862e-02 3.256435163e-02
 3.376374373e-02 3.515177544e-02 3.672948336e-02 3.849611063e-02 4.044995303e-02
 4.258861799e-02 4.490821557e-02 4.740254156e-02 5.006132312e-02 5.286624617e-02
 5.578498568e-02 5.880465253e-02 6.229353314e-02 6.590142238e-02 6.949250401e-02
 7.295083668e-02 7.613393992e-02 7.889459806e-02 8.114226302e-02 8.286670905e-02
 8.413536837e-02 8.505341150e-02 8.571777570e-02 8.619447660e-02 8.652163954e-02
 8.672015031e-02 8.680173725e-02 8.677392843e-02 8.664277936e-02 8.641421760e-02
 8.609458655e-02 8.569075355e-02 8.520999780e-02 8.465956769e-02 8.403229347e-02
 4.225468975e-03 9.583091248e-03 1.712013849e-02 2.685610379e-02 3.814185440e-02
 4.435613141e-02 4.374952521e-02 4.245653652e-02 4.118203263e-02 3.989632559e-02
 3.860282808e-02 3.730772110e-02 3.601728942e-02 3.473876970e-02 3.348062193e-02
 3.225252113e-02 3.106713613e-02 2.994076385e-02 2.889083471e-02 2.793560907e-02
 2.709385769e-02 2.638452405e-02 2.582636901e-02 2.543760091e-02 2.523549632e-02
 2.523601579e-02 2.545341069e-02 2.589979044e-02 2.658467421e-02 2.751455746e-02
 2.869255885e-02 3.011831806e-02 3.178690431e-02 3.368718756e-02 3.580812200e-02
 3.814176076e-02 4.067605039e-02 4.339704044e-02 4.628810130e-02 4.933017774e-02
 5.250268700e-02 5.576058255e-02 5.899591170e-02 6.258549146e-02 6.619799433e-02
 6.963086839e-02 7.286031559e-02 7.582985280e-02 7.849495601e-02 8.083238162e-02
 8.284128886e-02 8.453765325e-02 8.594583638e-02 8.709148590e-02 8.799778528e-02
 8.868462904e-02 8.916930235e-02 8.946752359e-02 8.959428810e-02 8.956435423e-02
 8.939240704e-02 8.909299992e-02 8.868038238e-02 8.816852022e-02 8.758089569e-02
 4.257787386e-03 9.653813112e-03 1.723939353e-02 2.702752601e-02 3.839621704e-02
 4.471253402e-02 4.398416226e-02 4.265932598e-02 4.130264351e-02 3.988373297e-02
 3.841435284e-02 3.690539608e-02 3.536703064e-02 3.380932822e-02 3.224276898e-02
 3.068047730e-02 2.914054788e-02 2.764296926e-02 2.620948728e-02 2.486337815e-02
 2.362913756e-02 2.253209230e-02 2.159794047e-02 2.085222817e-02 2.031977254e-02
 2.002404286e-02 1.998651238e-02 2.022599379e-02 2.075797761e-02 2.159399327e-02
 2.274100948e-02 2.420087228e-02 2.596972961e-02 2.803755157e-02 3.038798563e-02
 3.299732381e-02 3.583392693e-02 3.888101228e-02 4.211680724e-02 4.551766298e-02
 4.905782072e-02 5.271004703e-02 5.644586771e-02 6.022902749e-02 6.400765539e-02
 6.771791311e-02 7.129736183e-02 7.469138644e-02 7.785429669e-02 8.075030394e-02
 8.335408727e-02 8.565038749e-02 8.763280076e-02 8.930228494e-02 9.066580183e-02
 9.173523908e-02 9.252653219e-02 9.305884127e-02 9.335368968e-02 9.343405722e-02
 9.332348121e-02 9.304523870e-02 9.262166793e-02 9.207355464e-02 9.141619583e-02
 4.264215565e-03 9.666085432e-03 1.725542527e-02 2.704053118e-02 3.835022403e-02
 4.453600070e-02 4.389170983e-02 4.250071981e-02 4.102405958e-02 3.944886714e-02
 3.778692635e-02 3.604913595e-02 3.424622352e-02 3.238905254e-02 3.049038624e-02
 2.856934116e-02 2.664750809e-02 2.474900780e-02 2.290042548e-02 2.113061786e-02
 1.947039275e-02 1.795206279e-02 1.660887899e-02 1.547435466e-02 1.458149557e-02
 1.396195734e-02 1.364515560e-02 1.365735797e-02 1.402078837e-02 1.475277360e-02
 1.586495761e-02 1.736260228e-02 1.924398493e-02 2.149990620e-02 2.411330463e-02
 2.705891534e-02 3.030307033e-02 3.380368682e-02 3.751763874e-02 4.141915766e-02
 4.547969091e-02 4.966770510e-02 5.394762441e-02 5.827864020e-02 6.261408750e-02
 6.690211994e-02 7.108758179e-02 7.511431936e-02 7.892745020e-02 8.247559775e-02
 8.571317292e-02 8.860263029e-02 9.111648537e-02 9.323880398e-02 9.496587904e-02
 9.630590552e-02 9.727764126e-02 9.790824521e-02 9.823064255e-02 9.828082280e-02
 9.809542302e-02 9.770982056e-02 9.715681456e-02 9.646580110e-02 9.566149609e-02
 4.253119877e-03 9.639300450e-03 1.720354273e-02 2.695131723e-02 3.823497901e-02
 4.441270205e-02 4.358972277e-02 4.208932109e-02 4.045865773e-02 3.869820810e-02
 3.681691354e-02 3.482416765e-02 3.272968866e-02 3.054392054e-02 2.828539515e-02
 2.597575012e-02 2.363992223e-02 2.130623918e-02 1.900638032e-02 1.677518748e-02
 1.465031303e-02 1.267169899e-02 1.088088910e-02 9.320185269e-03 8.031668748e-03
 7.056116455e-03 6.431850417e-03 6.193564585e-03 6.371175993e-03 6.988746301e-03
 8.063514717e-03 9.605074435e-03 1.161471348e-02 1.408492748e-02 1.699909750e-02
 2.033131137e-02 2.404630576e-02 2.809948917e-02 3.243700851e-02 3.699435633e-02
 4.174086063e-02 4.664587697e-02 5.167494831e-02 5.678851151e-02 6.194070880e-02
 6.707844556e-02 7.214088318e-02 7.705962607e-02 8.175998212e-02 8.616373917e-02
 9.019373598e-02 9.378002626e-02 9.686675121e-02 9.941827019e-02 1.014229955e-01
 1.028938721e-01 1.038653677e-01 1.043878167e-01 1.045205930e-01 1.043256368e-01
 1.038623993e-01 1.031846056e-01 1.023386935e-01 1.013637036e-01 1.003009946e-01
 4.230626513e-03 9.587173748e-03 1.710769130e-02 2.679558673e-02 3.799314167e-02
 4.405505289e-02 4.313068709e-02 4.149573141e-02 3.968591905e-02 3.771384556e-02
 3.558642894e-02 3.331087814e-02 3.089491391e-02 2.835327102e-02 2.570588586e-02
 2.297665292e-02 2.019370741e-02 1.738958148e-02 1.460120487e-02 1.186972236e-02
 9.240106581e-03 6.760553315e-03 4.481657450e-03 2.455381080e-03 7.338393502e-04
-6.320560407e-04-1.594043207e-03-2.107984262e-03-2.135300289e-03-1.644300624e-03
-6.113464711e-04 9.781987552e-04 3.129262779e-03 5.836611386e-03 9.084636357e-03
 1.284734990e-02 1.708853073e-02 2.176194809e-02 2.681156601e-02 3.217161892e-02
 3.776675150e-02 4.356665977e-02 4.954477047e-02 5.566899261e-02 6.189911107e-02
 6.818346611e-02 7.445506141e-02 8.062766815e-02 8.659325935e-02 9.222305758e-02
 9.737488709e-02 1.019081927e-01 1.057046383e-01 1.086885122e-01 1.108400889e-01
 1.121973526e-01 1.128455929e-01 1.128987089e-01 1.124788153e-01 1.117002020e-01
 1.106603259e-01 1.094370617e-01 1.080898741e-01 1.066624839e-01 1.051712125e-01
 4.201025693e-03 9.519227750e-03 1.698436488e-02 2.659827201e-02 3.768314111e-02
 4.358455419e-02 4.259675219e-02 4.078022501e-02 3.877114859e-02 3.656680448e-02
 3.417123273e-02 3.158891546e-02 2.882882812e-02 2.590749337e-02 2.284586207e-02
 1.966979383e-02 1.641043708e-02 1.310446802e-02 9.794146651e-03 6.527151702e-03
 3.356162655e-03 3.381678691e-04-2.466507788e-03-4.995444687e-03-7.185608705e-03
-8.975019107e-03-1.030453487e-02-1.111967601e-02-1.137238846e-02-1.102266046e-02
-1.003990680e-02-8.404053077e-03-6.106275522e-03-3.149379830e-03 4.521677894e-04
 4.672514487e-03 9.474930285e-03 1.481246152e-02 2.062862063e-02 2.685799106e-02
 3.342660843e-02 4.026038144e-02 4.734972431e-02 5.468266365e-02 6.224107589e-02
 6.999480982e-02 7.789246851e-02 8.584754356e-02 9.371971701e-02 1.012958911e-01
 1.082860448e-01 1.143566287e-01 1.192047799e-01 1.226387455e-01 1.246269373e-01
 1.253026173e-01 1.249220178e-01 1.237870773e-01 1.221705559e-01 1.202788852e-01
 1.182515721e-01 1.161763508e-01 1.141055163e-01 1.120687444e-01 1.100905659e-01
 4.167466684e-03 9.442442986e-03 1.684561826e-02 2.637773705e-02 3.740517703e-02
 4.327767220e-02 4.197880403e-02 3.999514421e-02 3.777464205e-02 3.532473928e-02
 3.264682626e-02 2.974280773e-02 2.662447447e-02 2.330823647e-02 1.981578222e-02
 1.617468795e-02 1.241892242e-02 8.589193110e-03 4.733079524e-03 9.049024122e-04
-2.834714825e-03-6.419623514e-03-9.779278711e-03-1.284020991e-02-1.552779739e-02
-1.776829126e-02-1.949098478e-02-2.063043380e-02-2.112860163e-02-2.093680710e-02
-2.001736269e-02-1.834481035e-02-1.590669214e-02-1.270382836e-02-8.750113765e-03
-4.071878107e-03 1.293112427e-03 7.296913398e-03 1.388280465e-02 2.098671080e-02
 2.853849935e-02 3.646296074e-02 4.472754654e-02 5.335753434e-02 6.238337442e-02
 7.183858561e-02 8.175352171e-02 9.213975324e-02 1.029516044e-01 1.139888954e-01
 1.246828738e-01 1.339733145e-01 1.408386236e-01 1.447425388e-01 1.456239258e-01
 1.439412309e-01 1.406610691e-01 1.368023121e-01 1.329257771e-01 1.292452912e-01
 1.258237498e-01 1.226638574e-01 1.197452791e-01 1.170403689e-01 1.145210923e-01
 4.132505057e-03 9.362534450e-03 1.670146440e-02 2.614873740e-02 3.702531190e-02
 4.267628682e-02 4.136661592e-02 3.918897006e-02 3.675288769e-02 3.405352445e-02
 3.108860578e-02 2.786140085e-02 2.438292005e-02 2.066935376e-02 1.674293538e-02
 1.263273006e-02 8.375299865e-03 4.015185478e-03-3.948599252e-04-4.793948681e-03
-9.113505176e-03-1.327812334e-02-1.720685583e-02-2.081492729e-02-2.401583100e-02
-2.672373319e-02-2.885607592e-02-3.033624259e-02-3.109613279e-02-3.107848967e-02
-3.023883392e-02-2.854688392e-02-2.598737869e-02-2.256026509e-02-1.828025678e-02
-1.317581453e-02-7.287628921e-03-6.667030957e-04 6.627870134e-03 1.453136862e-02
 2.297612645e-02 3.189453576e-02 4.122264041e-02 5.101004994e-02 6.134226210e-02
 7.233787135e-02 8.416277376e-02 9.705348479e-02 1.113597721e-01 1.276453485e-01
 1.470885769e-01 1.639889150e-01 1.749308425e-01 1.792166813e-01 1.766274240e-01
 1.682927181e-01 1.571820498e-01 1.487750976e-01 1.420330358e-01 1.364555833e-01
 1.317321503e-01 1.276515025e-01 1.240639175e-01 1.208604447e-01 1.179553832e-01
 4.098393384e-03 9.284589743e-03 1.656093661e-02 2.592586162e-02 3.670821034e-02
 4.225622733e-02 4.076403631e-02 3.840614656e-02 3.576156904e-02 3.282089754e-02
 2.957854028e-02 2.603937337e-02 2.221321686e-02 1.811572552e-02 1.376938107e-02
 9.204432565e-03 4.459715571e-03-4.167258497e-04-5.367295097e-03-1.032485686e-02
-1.521318122e-02-1.994787403e-02-2.443782410e-02-2.858716365e-02-3.229769742e-02
-3.547171255e-02-3.801503874e-02-3.984019379e-02-4.086942669e-02-4.103746520e-02
-4.029378739e-02-3.860426859e-02-3.595210137e-02-3.233794269e-02-2.777930023e-02
-2.230922261e-02-1.597439764e-02-8.832783459e-03-9.508955995e-04 7.599154016e-03
 1.674282314e-02 2.640654640e-02 3.652152424e-02 4.707981534e-02 5.818272989e-02
 6.997250490e-02 8.265321785e-02 9.652611500e-02 1.120507571e-01 1.299522541e-01
 1.518603994e-01 1.691400905e-01 1.855379942e-01 1.879261122e-01 1.843042516e-01
 1.746538950e-01 1.618619225e-01 1.524289698e-01 1.450546259e-01 1.390950281e-01
 1.341355481e-01 1.299030851e-01 1.262123492e-01 1.229342012e-01 1.199867498e-01
 4.067171694e-03 9.213242831e-03 1.643231875e-02 2.572193896e-02 3.643336675e-02
 4.191103450e-02 4.019674119e-02 3.768947913e-02 3.485398331e-02 3.169134636e-02
 2.819613565e-02 2.437195960e-02 2.022757054e-02 1.577803970e-02 1.104592744e-02
 6.062396086e-03 8.681931344e-04-4.485579988e-03-9.937007058e-03-1.541329887e-02
-2.083122556e-02-2.609810972e-02-3.111342140e-02-3.577097666e-02-3.996169261e-02
-4.357679961e-02-4.651135991e-02-4.866789919e-02-4.995992956e-02-5.031513472e-02
-4.967800369e-02-4.801173790e-02-4.529931389e-02-4.154365339e-02-3.676692544e-02
-3.100907178e-02-2.432569937e-02-1.678551551e-02-8.467490133e-03 5.420853196e-04
 1.015250862e-02 2.027146826e-02 3.080772884e-02 4.167379934e-02 5.290386220e-02
 6.457493550e-02 7.678097644e-02 8.963123523e-02 1.032373707e-01 1.176539357e-01
 1.324439971e-01 1.451798094e-01 1.549300336e-01 1.602890034e-01 1.607508178e-01
 1.570582361e-01 1.512662224e-01 1.457447726e-01 1.408385985e-01 1.365039182e-01
 1.326520440e-01 1.291959089e-01 1.260607203e-01 1.231852107e-01 1.205067161e-01
 4.040658457e-03 9.152643996e-03 1.632306881e-02 2.554848857e-02 3.614296932e-02
 4.144060392e-02 3.974363289e-02 3.708082616e-02 3.408209041e-02 3.073016271e-02
 2.701947620e-02 2.295223769e-02 1.853611766e-02 1.378553785e-02 8.722979323e-03
 3.380241828e-03-2.200427282e-03-7.965430464e-03-1.384924977e-02-1.977431820e-02
-2.565143527e-02-3.138081068e-02-3.685378806e-02-4.195525595e-02-4.656669775e-02
-5.056977166e-02-5.385025198e-02-5.630211239e-02-5.783149914e-02-5.836033198e-02
-5.782928944e-02-5.619997981e-02-5.345616796e-02-4.960401071e-02-4.467134131e-02
-3.870612495e-02-3.177427343e-02-2.395705225e-02-1.534833649e-02-6.051976280e-03
 3.820471424e-03 1.415138428e-02 2.481778934e-02 3.569072530e-02 4.667422023e-02
 5.776858412e-02 6.895391614e-02 8.017184341e-02 9.129439525e-02 1.020786379e-01
 1.121302283e-01 1.209432051e-01 1.280331099e-01 1.330671434e-01 1.359675789e-01
 1.369609715e-01 1.365102587e-01 1.351363762e-01 1.332509514e-01 1.311147793e-01
 1.288757925e-01 1.266135051e-01 1.243689488e-01 1.221622902e-01 1.200096754e-01
 4.020391961e-03 9.106314122e-03 1.623953426e-02 2.541613444e-02 3.598584109e-02
 4.129170493e-02 3.937358209e-02 3.661436443e-02 3.349100893e-02 2.999377253e-02
 2.611757957e-02 2.186349938e-02 1.723828609e-02 1.225577180e-02 6.938284840e-03
 1.318025471e-03-4.561688552e-03-1.064541096e-02-1.686490682e-02-2.313896421e-02
-2.937379270e-02-3.546410409e-02-4.129493664e-02-4.674423517e-02-5.168613827e-02
-5.599485641e-02-5.954895797e-02-6.223582331e-02-6.395598943e-02-6.462709689e-02
-6.418717074e-02-6.259701844e-02-5.984160473e-02-5.593035754e-02-5.089645812e-02
-4.479526097e-02-3.770206356e-02-2.970949651e-02-2.092482846e-02-1.146747918e-02
-1.467014732e-03 8.938131800e-03 1.960100687e-02 3.036538804e-02 4.106386169e-02
 5.162809107e-02 6.200187729e-02 7.209900333e-02 8.179672283e-02 9.093345965e-02
 9.931643986e-02 1.067436962e-01 1.130382307e-01 1.180845782e-01 1.218554729e-01
 1.244183764e-01 1.259178596e-01 1.265404129e-01 1.264769795e-01 1.258970316e-01
 1.249379555e-01 1.237052831e-01 1.222777804e-01 1.207135389e-01 1.190587457e-01
 4.007552474e-03 9.076958993e-03 1.618660190e-02 2.533208260e-02 3.583798417e-02
 4.104727785e-02 3.914984810e-02 3.631886227e-02 3.311611284e-02 2.952653731e-02
 2.554513081e-02 2.117220688e-02 1.641390436e-02 1.128364423e-02 5.803619785e-03
 6.248543338e-06-6.064505606e-03-1.235204979e-02-1.878644207e-02-2.528416264e-02
-3.174849953e-02-3.807065194e-02-4.413161910e-02-4.980489026e-02-5.495988739e-02
-5.946603964e-02-6.319729718e-02-6.603683101e-02-6.788162463e-02-6.864665158e-02
-6.826835407e-02-6.670719326e-02-6.394912405e-02-6.000594866e-02-5.491460946e-02
-4.873557941e-02-4.155058702e-02-3.345996292e-02-2.457991350e-02-1.504001475e-02
-4.981179408e-03 5.445712662e-03 1.608041229e-02 2.675311740e-02 3.728361205e-02
 4.754659852e-02 5.748637387e-02 6.702833726e-02 7.608034411e-02 8.453682751e-02
 9.228651819e-02 9.922368114e-02 1.052613871e-01 1.103440539e-01 1.144560516e-01
 1.176239306e-01 1.199116583e-01 1.214104315e-01 1.222261661e-01 1.224678769e-01
 1.222390117e-01 1.216322714e-01 1.207273619e-01 1.195905558e-01 1.182668331e-01
 4.002889590e-03 9.066298997e-03 1.616738266e-02 2.530154765e-02 3.578496942e-02
 4.095650227e-02 3.907244548e-02 3.621182895e-02 3.298018626e-02 2.935716113e-02
 2.533765677e-02 2.092171078e-02 1.611523895e-02 1.093151258e-02 5.392674910e-03
-4.687790329e-04-6.608652288e-03-1.296993700e-02-1.948207225e-02-2.606070023e-02
-3.260804696e-02-3.901403367e-02-4.515818898e-02-5.091237886e-02-5.614430604e-02
-6.072165603e-02-6.451669408e-02-6.741105453e-02-6.930042218e-02-7.009879317e-02
-6.974202439e-02-6.819043714e-02-6.543032530e-02-6.147432191e-02-5.636068687e-02
-5.015167845e-02-4.293125034e-02-3.480236590e-02-2.588423646e-02-1.630977288e-02
-6.223489071e-03 4.219981496e-03 1.485670108e-02 2.551365421e-02 3.600863811e-02
 4.619808100e-02 5.602874030e-02 6.543190091e-02 7.432593302e-02 8.262091412e-02
 9.022545622e-02 9.705530372e-02 1.030425858e-01 1.081440872e-01 1.123468156e-01
 1.156696271e-01 1.181606039e-01 1.198909406e-01 1.209468641e-01 1.214213223e-01
 1.214068386e-01 1.209902849e-01 1.202497034e-01 1.192531060e-01 1.180676253e-01
 4.006670992e-03 9.074949230e-03 1.618299055e-02 2.532647674e-02 3.586512548e-02
 4.114010440e-02 3.912252999e-02 3.629909803e-02 3.309145368e-02 2.949604347e-02
 2.550806114e-02 2.112779532e-02 1.636136552e-02 1.122218631e-02 5.732461646e-03
-7.535873219e-05-6.157252946e-03-1.245654032e-02-1.890315804e-02-2.541343020e-02
-3.189045295e-02-3.822519925e-02-4.429841135e-02-4.998329678e-02-5.514897932e-02
-5.966458339e-02-6.340375895e-02-6.624939251e-02-6.809820883e-02-6.886495621e-02
-6.848588941e-02-6.692131976e-02-6.415708469e-02-6.020489077e-02-5.510159075e-02
-4.890755377e-02-4.170436664e-02-3.359215491e-02-2.468683184e-02-1.511757222e-02
-5.024770279e-03 5.441318382e-03 1.612112682e-02 2.684548660e-02 3.743457411e-02
 4.776504890e-02 5.778109055e-02 6.740669799e-02 7.654654364e-02 8.508982839e-02
 9.291826112e-02 9.991827201e-02 1.059958707e-01 1.110909303e-01 1.151870574e-01
 1.183140821e-01 1.205424028e-01 1.219711228e-01 1.227137823e-01 1.228855308e-01
 1.225940345e-01 1.219345059e-01 1.209880183e-01 1.198217595e-01 1.184826222e-01
 4.018662199e-03 9.102371726e-03 1.623245323e-02 2.540480826e-02 3.593366439e-02
 4.115526966e-02 3.935370956e-02 3.657634431e-02 3.344285159e-02 2.993425556e-02
 2.604529205e-02 2.177697310e-02 1.713601930e-02 1.213625453e-02 6.800031775e-03
 1.159616992e-03-4.741557359e-03-1.084787395e-02-1.709086448e-02-2.338901765e-02
-2.964817688e-02-3.576262406e-02-4.161691107e-02-4.708845151e-02-5.205082367e-02
-5.637766781e-02-5.994699321e-02-6.264565351e-02-6.437371048e-02-6.504839590e-02
-6.460740080e-02-6.301127355e-02-6.024478519e-02-5.631721571e-02-5.126161437e-02
-4.513318020e-02-3.800698388e-02-2.997530307e-02-2.114486735e-02-1.163430955e-02
-1.572102253e-03 8.904767289e-03 1.965115860e-02 3.051297799e-02 4.132506127e-02
 5.202439556e-02 6.255729203e-02 7.283776085e-02 8.273875386e-02 9.208736843e-02
 1.006713676e-01 1.082635827e-01 1.146622390e-01 1.197350536e-01 1.234518460e-01
 1.258927421e-01 1.272263013e-01 1.276658183e-01 1.274240479e-01 1.266840294e-01
 1.255893777e-01 1.242470082e-01 1.227344903e-01 1.211076394e-01 1.194101125e-01
 4.038141668e-03 9.146911142e-03 1.631277877e-02 2.553237058e-02 3.613996897e-02
 4.148096132e-02 3.969303588e-02 3.702523200e-02 3.401255481e-02 3.064437245e-02
 2.691543581e-02 2.282789363e-02 1.838937959e-02 1.361431404e-02 8.525222599e-03
 3.154006345e-03-2.456918630e-03-8.253709033e-03-1.417051659e-02-2.012935500e-02
-2.604051520e-02-3.180361403e-02-3.730932863e-02-4.244182406e-02-4.708182549e-02
-5.111022478e-02-5.441205094e-02-5.688058295e-02-5.842134954e-02-5.895575128e-02
-5.842405821e-02-5.678758254e-02-5.402989426e-02-5.015703195e-02-4.519674870e-02
-3.919691543e-02-3.222326988e-02-2.435674425e-02-1.569062653e-02-6.327813516e-03
 3.621592841e-03 1.404209257e-02 2.481370731e-02 3.581160111e-02 4.694692271e-02
 5.822977054e-02 6.965240243e-02 8.117018213e-02 9.266632238e-02 1.038936677e-01
 1.144149246e-01 1.236389494e-01 1.309933845e-01 1.360802860e-01 1.388026049e-01
 1.394361707e-01 1.385483647e-01 1.367595645e-01 1.345280254e-01 1.321202077e-01
 1.296743759e-01 1.272577484e-01 1.249004167e-01 1.226136890e-01 1.204042154e-01
 4.063947785e-03 9.205905285e-03 1.641916095e-02 2.570118127e-02 3.639386723e-02
 4.184274136e-02 4.014961834e-02 3.761935416e-02 3.476595628e-02 3.158297142e-02
 2.806498742e-02 2.421555440e-02 2.004339937e-02 1.556361041e-02 1.079881941e-02
 5.780327528e-03 5.491007265e-04-4.843450938e-03-1.033500440e-02-1.585226129e-02
-2.131138120e-02-2.661898182e-02-3.167374780e-02-3.636864997e-02-4.059372752e-02
-4.423933227e-02-4.719968249e-02-4.937652972e-02-5.068271418e-02-5.104537600e-02
-5.040860582e-02-4.873535683e-02-4.600849882e-02-4.223096527e-02-3.742501779e-02
-3.163071967e-02-2.490376227e-02-1.731281908e-02-8.936608877e-03 1.391693255e-04
 9.824908756e-03 2.003011839e-02 3.066642805e-02 4.165070999e-02 5.302433223e-02
 6.487811310e-02 7.732758134e-02 9.051768034e-02 1.046243352e-01 1.198401104e-01
 1.361582559e-01 1.498294905e-01 1.605643325e-01 1.660833214e-01 1.659078516e-01
 1.609201612e-01 1.536502312e-01 1.473787018e-01 1.420113557e-01 1.373745600e-01
 1.333193296e-01 1.297250232e-01 1.264966023e-01 1.235600544e-01 1.208487972e-01
 4.094547572e-03 9.275846492e-03 1.654527876e-02 2.590114788e-02 3.666021474e-02
 4.216050385e-02 4.070152092e-02 3.832358254e-02 3.565828411e-02 3.269415094e-02
 2.942555373e-02 2.585742297e-02 2.199957580e-02 1.786770989e-02 1.348440974e-02
 8.880100354e-03 4.093878825e-03-8.258534084e-04-5.821039189e-03-1.082397655e-02
-1.575776542e-02-2.053724721e-02-2.507046843e-02-2.926066465e-02-3.300871996e-02
-3.621601226e-02-3.878751196e-02-4.063496632e-02-4.167997861e-02-4.185678562e-02
-4.111455034e-02-3.941901887e-02-3.675343799e-02-3.311868715e-02-2.853263779e-02
-2.302880607e-02-1.665440528e-02-9.467924511e-03-1.536357296e-03 7.067825366e-03
 1.626992078e-02 2.599651274e-02 3.617944204e-02 4.680739380e-02 5.798481888e-02
 6.985864844e-02 8.264023696e-02 9.664246967e-02 1.123427311e-01 1.304827773e-01
 1.520634928e-01 1.708486819e-01 1.830528543e-01 1.879202864e-01 1.849242168e-01
 1.751643107e-01 1.625232114e-01 1.529013420e-01 1.454011308e-01 1.393624286e-01
 1.343549016e-01 1.300954490e-01 1.263926940e-01 1.231136476e-01 1.201713861e-01
 4.128110593e-03 9.352558296e-03 1.668362998e-02 2.612088259e-02 3.702595995e-02
 4.274674137e-02 4.128013972e-02 3.909599331e-02 3.663746698e-02 3.391254783e-02
 3.091897666e-02 2.766036957e-02 2.414775164e-02 2.039738398e-02 1.643163509e-02
 1.227978049e-02 7.978678490e-03 3.573260921e-03-8.832272862e-04-5.329304814e-03
-9.695704916e-03-1.390624395e-02-1.787912867e-02-2.152869476e-02-2.476753506e-02
-2.750894051e-02-2.966954263e-02-3.117201898e-02-3.194770558e-02-3.193895650e-02
-3.110110242e-02-2.940388578e-02-2.683228857e-02-2.338671456e-02-1.908253534e-02
-1.394905280e-02-8.027964136e-03-1.371433312e-03 5.960126902e-03 1.390048101e-02
 2.238017403e-02 3.132936430e-02 4.068109020e-02 5.047490235e-02 6.079143784e-02
 7.174059690e-02 8.347290108e-02 9.619718552e-02 1.102122263e-01 1.259950218e-01
 1.451765769e-01 1.626547213e-01 1.745281257e-01 1.767192004e-01 1.739190673e-01
 1.661733338e-01 1.555791987e-01 1.477252786e-01 1.413262378e-01 1.359719581e-01
 1.314024444e-01 1.274343969e-01 1.239341280e-01 1.208022479e-01 1.179588830e-01
 4.162563406e-03 9.431332275e-03 1.682580123e-02 2.634658661e-02 3.731910919e-02
 4.309285850e-02 4.191122038e-02 3.989432436e-02 3.764949515e-02 3.517270202e-02
 3.246488875e-02 2.952829731e-02 2.637480318e-02 2.302093829e-02 1.948856726e-02
 1.580550995e-02 1.200605771e-02 8.131328106e-03 4.229403019e-03 3.551977841e-04
-3.429983222e-03-7.059236154e-03-1.046120562e-02-1.356158085e-02-1.628490334e-02
-1.855662176e-02-2.030530377e-02-2.146489453e-02-2.197689858e-02-2.179236055e-02
-2.087352964e-02-1.919511394e-02-1.674506123e-02-1.352483946e-02-9.549228986e-03
-4.845675833e-03 5.467130775e-04 6.578426461e-03 1.319093248e-02 2.031804742e-02
 2.788711649e-02 3.581978896e-02 4.407233464e-02 5.266482484e-02 6.162028785e-02
 7.096137490e-02 8.070236389e-02 9.083123340e-02 1.012698334e-01 1.117871372e-01
 1.218503734e-01 1.305874628e-01 1.371445773e-01 1.410424623e-01 1.422290474e-01
 1.411055829e-01 1.384713903e-01 1.351614090e-01 1.316997830e-01 1.283280012e-01
 1.251393608e-01 1.221592974e-01 1.193833669e-01 1.167949495e-01 1.143747942e-01
 4.195591682e-03 9.506945411e-03 1.696252800e-02 2.656426638e-02 3.764077094e-02
 4.354397325e-02 4.250527088e-02 4.067137346e-02 3.863759791e-02 3.640586771e-02
 3.398028809e-02 3.136519475e-02 2.857010346e-02 2.561169493e-02 2.251112057e-02
 1.929449979e-02 1.599331235e-02 1.264464494e-02 9.291250647e-03 5.981382307e-03
 2.768367616e-03-2.900955447e-04-3.132930253e-03-5.696946783e-03-7.918352403e-03
-9.734452672e-03-1.108547352e-02-1.191641888e-02-1.217887039e-02-1.183263540e-02
-1.084715783e-02-9.202622982e-03-6.890711225e-03-3.914983628e-03-2.909131828e-04
 3.954395402e-03 8.782728196e-03 1.414543671e-02 1.998415831e-02 2.623147016e-02
 3.281137788e-02 3.963985207e-02 4.670387800e-02 5.398765324e-02 6.146869084e-02
 6.911205783e-02 7.686175394e-02 8.462846847e-02 9.227432423e-02 9.959940070e-02
 1.063423199e-01 1.122106371e-01 1.169417371e-01 1.203688989e-01 1.224630254e-01
 1.233366859e-01 1.232088053e-01 1.223416042e-01 1.209792483e-01 1.193143005e-01
 1.174830001e-01 1.155752268e-01 1.136474285e-01 1.117336663e-01 1.098595862e-01
 4.224531215e-03 9.573446971e-03 1.708340678e-02 2.675801436e-02 3.796217116e-02
 4.404896711e-02 4.303824418e-02 4.137839017e-02 3.954331909e-02 3.754397811e-02
 3.538719342e-02 3.308008969e-02 3.063028223e-02 2.805332284e-02 2.536932096e-02
 2.260241580e-02 1.978105954e-02 1.693817625e-02 1.411116264e-02 1.134170202e-02
 8.675369061e-03 6.161012108e-03 3.849911352e-03 1.794724412e-03 4.824572212e-05
-1.337979522e-03-2.315133157e-03-2.838630241e-03-2.869585273e-03-2.376170686e-03
-1.334806721e-03 2.688655730e-04 2.439259025e-03 5.170372716e-03 8.445570019e-03
 1.223756866e-02 1.650858981e-02 2.121059434e-02 2.628552187e-02 3.166543099e-02
 3.727259394e-02 4.306870566e-02 4.902529963e-02 5.510851465e-02 6.127682732e-02
 6.747812503e-02 7.364635811e-02 7.969838505e-02 8.553225021e-02 9.102881090e-02
 9.605877381e-02 1.004959782e-01 1.042350257e-01 1.072085274e-01 1.093983880e-01
 1.108373207e-01 1.116001770e-01 1.117882439e-01 1.115118549e-01 1.108762537e-01
 1.099730954e-01 1.088772470e-01 1.076471591e-01 1.063268389e-01 1.049377359e-01
 4.246041385e-03 9.623429366e-03 1.717563780e-02 2.690829248e-02 3.814692592e-02
 4.423913117e-02 4.348861393e-02 4.195973276e-02 4.030397734e-02 3.851689167e-02
 3.660748838e-02 3.458510686e-02 3.245930966e-02 3.024127348e-02 2.794973983e-02
 2.560659129e-02 2.323706691e-02 2.086986149e-02 1.853708821e-02 1.627408593e-02
 1.411905904e-02 1.211254412e-02 1.029670593e-02 8.714474291e-03 7.408543173e-03
 6.420262778e-03 5.788463637e-03 5.548257648e-03 5.729863744e-03 6.357504657e-03
 7.448415861e-03 9.011998629e-03 1.104913682e-02 1.355168381e-02 1.650211116e-02
 1.987329804e-02 2.362844183e-02 2.772106754e-02 3.209505005e-02 3.668354871e-02
 4.144996538e-02 4.636094436e-02 5.137985935e-02 5.646589965e-02 6.157319534e-02
 6.665001788e-02 7.163825009e-02 7.647347832e-02 8.108613804e-02 8.540409352e-02
 8.935680535e-02 9.288081729e-02 9.592575646e-02 9.845961671e-02 1.004720373e-01
 1.019747061e-01 1.029987775e-01 1.035900004e-01 1.038027758e-01 1.036944272e-01
 1.033206047e-01 1.027322177e-01 1.019738272e-01 1.010833363e-01 1.000995064e-01
 4.255533630e-03 9.646693570e-03 1.722152450e-02 2.698897521e-02 3.830775585e-02
 4.454072430e-02 4.376521022e-02 4.235259689e-02 4.085142963e-02 3.925060992e-02
 3.756265022e-02 3.579832372e-02 3.396816155e-02 3.208280695e-02 3.015582923e-02
 2.820652425e-02 2.625673415e-02 2.433090602e-02 2.245602048e-02 2.066139016e-02
 1.897832831e-02 1.743968962e-02 1.607928927e-02 1.493121110e-02 1.402902098e-02
 1.340490703e-02 1.308877274e-02 1.310731223e-02 1.348309832e-02 1.423371301e-02
 1.537094563e-02 1.690007548e-02 1.881924748e-02 2.111894732e-02 2.378157008e-02
 2.678101521e-02 3.008236871e-02 3.364189051e-02 3.741235891e-02 4.136496150e-02
 4.546669491e-02 4.968092710e-02 5.396739430e-02 5.828272688e-02 6.258106863e-02
 6.681442611e-02 7.093296154e-02 7.488586314e-02 7.862308915e-02 8.209766205e-02
 8.526805933e-02 8.810039717e-02 9.057021338e-02 9.266368253e-02 9.437810069e-02
 9.572152502e-02 9.671156754e-02 9.737349542e-02 9.773791866e-02 9.783840023e-02
 9.770928818e-02 9.738397006e-02 9.689363060e-02 9.626642838e-02 9.552519469e-02
 4.246489382e-03 9.628589935e-03 1.719538161e-02 2.696064788e-02 3.827766752e-02
 4.451613202e-02 4.384007362e-02 4.248579949e-02 4.110070719e-02 3.965827717e-02
 3.816654366e-02 3.663590026e-02 3.507600584e-02 3.349650371e-02 3.190756050e-02
 3.032326543e-02 2.876193578e-02 2.724387204e-02 2.579120249e-02 2.442763872e-02
 2.317815033e-02 2.206856394e-02 2.112509170e-02 2.037379702e-02 1.984000746e-02
 1.954768720e-02 1.951878241e-02 1.977255326e-02 2.032490902e-02 2.118776628e-02
 2.236844741e-02 2.386912221e-02 2.568624338e-02 2.781004989e-02 3.022436362e-02
 3.290561839e-02 3.582110259e-02 3.895380995e-02 4.228052342e-02 4.577459797e-02
 4.940446455e-02 5.313087793e-02 5.690470590e-02 6.067588223e-02 6.439707980e-02
 6.802559735e-02 7.151636006e-02 7.482176115e-02 7.789859998e-02 8.071274447e-02
 8.324090753e-02 8.547020470e-02 8.739646644e-02 8.902230220e-02 9.035553093e-02
 9.140810295e-02 9.219534534e-02 9.273531437e-02 9.304811916e-02 9.315518458e-02
 9.307849191e-02 9.283986357e-02 9.246035015e-02 9.195969966e-02 9.135462348e-02
 4.210273946e-03 9.548878475e-03 1.705981729e-02 2.676358582e-02 3.800804271e-02
 4.417014090e-02 4.354870301e-02 4.221300880e-02 4.092957700e-02 3.962681007e-02
 3.831895733e-02 3.701069140e-02 3.570720702e-02 3.441516559e-02 3.314278415e-02
 3.189968966e-02 3.069988939e-02 2.956008038e-02 2.849812745e-02 2.753274322e-02
 2.668315917e-02 2.596878179e-02 2.540883211e-02 2.502197098e-02 2.482591567e-02
 2.483705358e-02 2.507005436e-02 2.553746151e-02 2.624925432e-02 2.721242099e-02
 2.843060857e-02 2.990400062e-02 3.162845786e-02 3.359389182e-02 3.578970557e-02
 3.821005243e-02 4.084536998e-02 4.368484411e-02 4.671505250e-02 4.991775498e-02
 5.326276428e-02 5.676250927e-02 6.046908989e-02 6.380315552e-02 6.706969971e-02
 7.033136432e-02 7.343426940e-02 7.629626629e-02 7.885934102e-02 8.109608590e-02
 8.300793401e-02 8.461575888e-02 8.594799026e-02 8.703225465e-02 8.789206050e-02
 8.854667461e-02 8.901226071e-02 8.930318275e-02 8.943300353e-02 8.941506755e-02
 8.926272579e-02 8.898931478e-02 8.860800283e-02 8.813174475e-02 8.758017961e-02
 4.139160665e-03 9.387222621e-03 1.677103993e-02 2.631421470e-02 3.742190651e-02
 4.350923117e-02 4.263749216e-02 4.132243733e-02 4.013736014e-02 3.901084520e-02
 3.791735598e-02 3.684887035e-02 3.580624810e-02 3.479522015e-02 3.382418055e-02
 3.290300978e-02 3.204244630e-02 3.125642079e-02 3.055949747e-02 2.996611974e-02
 2.949033654e-02 2.914555507e-02 2.894431235e-02 2.889807131e-02 2.901705458e-02
 2.931014214e-02 2.978489147e-02 3.044747696e-02 3.130231744e-02 3.235157399e-02
 3.359430170e-02 3.503174138e-02 3.666622184e-02 3.849849865e-02 4.052882580e-02
 4.275770267e-02 4.518558321e-02 4.781320168e-02 5.064248022e-02 5.367968263e-02
 5.694758059e-02 6.045338029e-02 6.370052574e-02 6.702526960e-02 7.045563401e-02
 7.384661939e-02 7.698484884e-02 7.968297181e-02 8.182769173e-02 8.340949867e-02
 8.452322146e-02 8.530991440e-02 8.587265052e-02 8.627217014e-02 8.654243551e-02
 8.670105910e-02 8.675701760e-02 8.671554013e-02 8.658079353e-02 8.635715972e-02
 8.604971008e-02 8.566425679e-02 8.520720016e-02 8.468511465e-02 8.409354179e-02
 4.035916924e-03 9.147747072e-03 1.632801683e-02 2.558206277e-02 3.623448191e-02
 4.161870852e-02 4.013454797e-02 3.930002173e-02 3.854820131e-02 3.775578377e-02
 3.694940487e-02 3.614894705e-02 3.537134657e-02 3.463202454e-02 3.394527882e-02
 3.332439642e-02 3.278169281e-02 3.232858287e-02 3.197713602e-02 3.173798060e-02
 3.162019228e-02 3.163120007e-02 3.177668156e-02 3.206048634e-02 3.248457828e-02
 3.304894269e-02 3.375307974e-02 3.459747137e-02 3.558231460e-02 3.670806836e-02
 3.797601642e-02 3.938905307e-02 4.095183298e-02 4.267052488e-02 4.455266603e-02
 4.660698584e-02 4.884312748e-02 5.127133957e-02 5.390197986e-02 5.674406668e-02
 5.979992449e-02 6.305562773e-02 6.653339914e-02 7.028906265e-02 7.441282470e-02
 7.908119321e-02 8.348725768e-02 8.662967896e-02 8.830359510e-02 8.845787874e-02
 8.771464890e-02 8.711196152e-02 8.660847729e-02 8.616431994e-02 8.576442060e-02
 8.538360512e-02 8.500059075e-02 8.459990807e-02 8.417134155e-02 8.370885820e-02
 8.320957049e-02 8.267286671e-02 8.209971455e-02 8.149223404e-02 8.085954466e-02
 3.918302183e-03 8.877216396e-03 1.583397269e-02 2.478166959e-02 3.503596472e-02
 3.991501148e-02 3.790620238e-02 3.716569210e-02 3.671947916e-02 3.617751822e-02
 3.559593388e-02 3.501198563e-02 3.445501533e-02 3.394874930e-02 3.351277561e-02
 3.316340576e-02 3.291417439e-02 3.277613986e-02 3.275813273e-02 3.286657997e-02
 3.310512254e-02 3.347482926e-02 3.397401538e-02 3.459834068e-02 3.534112798e-02
 3.619398983e-02 3.714785869e-02 3.819420759e-02 3.932617473e-02 4.053971710e-02
 4.183458107e-02 4.321492228e-02 4.468942043e-02 4.627083720e-02 4.797519751e-02
 4.982108473e-02 5.182893224e-02 5.401992723e-02 5.641518857e-02 5.903590340e-02
 6.190551114e-02 6.505538698e-02 6.853433829e-02 7.242202911e-02 7.684900383e-02
 8.198464319e-02 8.665864885e-02 8.985756593e-02 9.158963054e-02 9.180741403e-02
 9.041380341e-02 8.837489827e-02 8.690864876e-02 8.579044115e-02 8.486930669e-02
 8.406055241e-02 8.331476015e-02 8.260247717e-02 8.190598411e-02 8.121467019e-02
 8.052233529e-02 7.982556923e-02 7.912275992e-02 7.841350194e-02 7.769925245e-02
 3.799223289e-03 8.609935345e-03 1.536427023e-02 2.406354143e-02 3.405977714e-02
 3.870049079e-02 3.636629239e-02 3.553976218e-02 3.502164615e-02 3.449270230e-02
 3.397259246e-02 3.348866063e-02 3.306693256e-02 3.273054507e-02 3.249919780e-02
 3.238905018e-02 3.241280169e-02 3.257979761e-02 3.289605603e-02 3.336413699e-02
 3.398286666e-02 3.474700717e-02 3.564691372e-02 3.666836443e-02 3.779277909e-02
 3.899806629e-02 4.026028011e-02 4.155607898e-02 4.286571019e-02 4.417599029e-02
 4.548260712e-02 4.679111073e-02 4.811665497e-02 4.948619721e-02 5.092815165e-02
 5.247004878e-02 5.415460781e-02 5.601740473e-02 5.809237585e-02 6.040714325e-02
 6.297873536e-02 6.582861133e-02 6.897669112e-02 7.244143945e-02 7.624032315e-02
 8.045501872e-02 8.429153199e-02 8.704521576e-02 8.868057478e-02 8.913201059e-02
 8.830630698e-02 8.684579776e-02 8.560333531e-02 8.446700864e-02 8.340453222e-02
 8.239379726e-02 8.142161752e-02 8.048034423e-02 7.956546637e-02 7.867414843e-02
 7.780442250e-02 7.695477842e-02 7.612397280e-02 7.531084985e-02 7.451034815e-02
 3.670170299e-03 8.324842589e-03 1.487378010e-02 2.333135362e-02 3.303190903e-02
 3.733099838e-02 3.489207259e-02 3.382127955e-02 3.314815087e-02 3.250918206e-02
 3.193423806e-02 3.145155271e-02 3.108692539e-02 3.086266154e-02 3.079700704e-02
 3.090409609e-02 3.119421550e-02 3.167412297e-02 3.234718156e-02 3.321314331e-02
 3.426750034e-02 3.550039748e-02 3.689518617e-02 3.842685236e-02 4.006079671e-02
 4.175276451e-02 4.345095384e-02 4.510113104e-02 4.665463367e-02 4.807753209e-02
 4.935676083e-02 5.050258532e-02 5.156909558e-02 5.258309447e-02 5.360057822e-02
 5.467565156e-02 5.587695983e-02 5.725906058e-02 5.887402607e-02 6.076235667e-02
 6.294158609e-02 6.542028854e-02 6.817850669e-02 7.115706421e-02 7.424650831e-02
 7.727559480e-02 8.001955867e-02 8.225365760e-02 8.382047237e-02 8.465831624e-02
 8.481266137e-02 8.442571559e-02 8.367222165e-02 8.269747262e-02 8.160246984e-02
 8.045331065e-02 7.929219966e-02 7.814530371e-02 7.702811216e-02 7.594910624e-02
 7.491225390e-02 7.391868044e-02 7.296777055e-02 7.205804459e-02 7.119460521e-02
 3.503977178e-03 7.961437484e-03 1.425683214e-02 2.242397883e-02 3.185400861e-02
 3.592762614e-02 3.305022233e-02 3.168449644e-02 3.074987478e-02 2.990202117e-02
 2.918205878e-02 2.862585771e-02 2.826349276e-02 2.811764669e-02 2.820356662e-02
 2.853043688e-02 2.910337090e-02 2.992515753e-02 3.099720802e-02 3.231950809e-02
 3.388954562e-02 3.570013866e-02 3.773594041e-02 3.996833437e-02 4.234875434e-02
 4.480167132e-02 4.722101950e-02 4.947683722e-02 5.143831200e-02 5.300728146e-02
 5.417554822e-02 5.497270815e-02 5.548680747e-02 5.583585883e-02 5.613068721e-02
 5.646669568e-02 5.692590435e-02 5.758517932e-02 5.852457265e-02 5.982824239e-02
 6.157087774e-02 6.379083910e-02 6.646412312e-02 6.949551170e-02 7.272771919e-02
 7.595528387e-02 7.893683198e-02 8.141815947e-02 8.318141599e-02 8.410981243e-02
 8.422675777e-02 8.367590962e-02 8.265534622e-02 8.135243642e-02 7.991073624e-02
 7.842646562e-02 7.695844803e-02 7.553997197e-02 7.418819487e-02 7.291053203e-02
 7.170868583e-02 7.058108782e-02 6.952434449e-02 6.853392782e-02 6.759598361e-02
 3.250464436e-03 7.411297394e-03 1.333682750e-02 2.110545991e-02 3.012465874e-02
 3.378976081e-02 3.060217385e-02 2.880554923e-02 2.742648774e-02 2.625490863e-02
 2.529280358e-02 2.459860263e-02 2.421327851e-02 2.415696278e-02 2.443093461e-02
 2.502637231e-02 2.593339328e-02 2.714654194e-02 2.866645767e-02 3.049926630e-02
 3.265504530e-02 3.514572407e-02 3.798165006e-02 4.116466357e-02 4.467343132e-02
 4.843419188e-02 5.227170900e-02 5.585923060e-02 5.874619883e-02 6.057591074e-02
 6.125869045e-02 6.102412406e-02 6.027505830e-02 5.934812073e-02 5.844324987e-02
 5.765565563e-02 5.702678575e-02 5.659025961e-02 5.642518338e-02 5.672490846e-02
 5.780494520e-02 5.992541555e-02 6.309333340e-02 6.706165927e-02 7.151822504e-02
 7.620781904e-02 8.082154566e-02 8.480636709e-02 8.740801375e-02 8.813737809e-02
 8.716837282e-02 8.517988633e-02 8.282161349e-02 8.044779935e-02 7.819813847e-02
 7.611419387e-02 7.419981633e-02 7.244595781e-02 7.084007518e-02 6.936947030e-02
 6.802230147e-02 6.678772344e-02 6.565574870e-02 6.461716184e-02 6.366780110e-02
 2.822849900e-03 6.468853152e-03 1.173853698e-02 1.881560692e-02 2.727971931e-02
 3.077598833e-02 2.789281466e-02 2.505363682e-02 2.283731939e-02 2.102063224e-02
 1.961945555e-02 1.870456644e-02 1.834374165e-02 1.852141092e-02 1.915774715e-02
 2.017139008e-02 2.151585171e-02 2.317890726e-02 2.517044122e-02 2.751340207e-02
 3.024054188e-02 3.339612028e-02 3.704157015e-02 4.126468559e-02 4.619179368e-02
 5.199684910e-02 5.886294273e-02 6.659533056e-02 7.305342992e-02 7.546367593e-02
 7.341581869e-02 6.920994258e-02 6.537734798e-02 6.232136519e-02 5.989474072e-02
 5.790332157e-02 5.615865681e-02 5.444920766e-02 5.246518560e-02 4.957883558e-02
 4.816895763e-02 5.023146081e-02 5.616435879e-02 6.301268293e-02 6.956748101e-02
 7.666381651e-02 8.523585663e-02 9.737084212e-02 1.038011806e-01 1.029516974e-01
 9.425360256e-02 8.728187520e-02 8.231198933e-02 7.847913677e-02 7.535948289e-02
 7.272630898e-02 7.044877163e-02 6.844662456e-02 6.666813526e-02 6.507840753e-02
 6.365273583e-02 6.237245390e-02 6.122212476e-02 6.018808854e-02 5.926091027e-02
 2.147452822e-03 4.902537142e-03 8.863568873e-03 1.422390518e-02 2.094720721e-02
 2.373949984e-02 2.103348537e-02 1.839158738e-02 1.586636759e-02 1.325045997e-02
 1.082082258e-02 9.409032426e-03 9.503973963e-03 1.076194931e-02 1.236523354e-02
 1.407907801e-02 1.594692899e-02 1.804549858e-02 2.044365083e-02 2.319541996e-02
 2.634575243e-02 2.994325197e-02 3.405727950e-02 3.880051651e-02 4.436517456e-02
 5.109658486e-02 5.967546328e-02 7.172738378e-02 8.335248418e-02 8.632862150e-02
 8.022672277e-02 7.114991006e-02 6.558124363e-02 6.173006941e-02 5.886940046e-02
 5.661300586e-02 5.471269338e-02 5.297570032e-02 5.124389241e-02 4.958302848e-02
 4.919502465e-02 5.102491614e-02 5.498143457e-02 6.019505901e-02 6.576503871e-02
 7.180964271e-02 7.856283199e-02 8.546300433e-02 9.003085232e-02 9.005933500e-02
 8.582791160e-02 8.077854747e-02 7.650850356e-02 7.297150312e-02 6.998556594e-02
 6.741429299e-02 6.516538427e-02 6.317594680e-02 6.140906759e-02 5.983281208e-02
 5.843213199e-02 5.719408718e-02 5.610773854e-02 5.515051656e-02 5.430217438e-02
 1.361092459e-03 3.025010980e-03 5.219699423e-03 7.705290121e-03 9.972805500e-03
 1.132673014e-02 1.142296630e-02 1.043970267e-02 8.553516807e-03 5.575076565e-03
 1.640267782e-03-2.997579188e-04 2.446692453e-04 3.456616254e-03 5.784850087e-03
 7.736397102e-03 9.700717922e-03 1.191957691e-02 1.452408106e-02 1.755206193e-02
 2.098425917e-02 2.478851087e-02 2.894861499e-02 3.347066479e-02 3.837019967e-02
 4.363402761e-02 4.912629083e-02 5.440302840e-02 5.860038412e-02 6.088038929e-02
 6.108277133e-02 5.986703603e-02 5.809731379e-02 5.631630909e-02 5.471995816e-02
 5.336123104e-02 5.224957991e-02 5.139450894e-02 5.086124118e-02 5.077515737e-02
 5.131412604e-02 5.260773182e-02 5.464872263e-02 5.729795469e-02 6.034050367e-02
 6.354411195e-02 6.662283656e-02 6.918645587e-02 7.079962068e-02 7.117765024e-02
 7.037768430e-02 6.875389535e-02 6.671463781e-02 6.454806747e-02 6.240883380e-02
 6.037033107e-02 5.846448427e-02 5.670531274e-02 5.509955503e-02 5.364997615e-02
 5.235732065e-02 5.122220151e-02 5.026021988e-02 4.944902430e-02 4.877331818e-02
 7.554081176e-04 1.639482289e-03 2.737115152e-03 3.893241822e-03 4.912916201e-03
 5.599593552e-03 5.808000748e-03 5.473933236e-03 4.623953189e-03 3.339719271e-03
 1.939890350e-03 9.166038586e-04 5.721664806e-04 7.549638976e-04 1.092892713e-03
 1.527182952e-03 2.404596925e-03 4.177283375e-03 7.001317467e-03 1.062132622e-02
 1.462884957e-02 1.876959783e-02 2.294749148e-02 2.712851267e-02 3.127982109e-02
 3.533539058e-02 3.917435625e-02 4.261791445e-02 4.546293113e-02 4.755475834e-02
 4.885923765e-02 4.947854329e-02 4.959933313e-02 4.941885703e-02 4.909888741e-02
 4.875702185e-02 4.847818339e-02 4.833007312e-02 4.837423388e-02 4.866856136e-02
 4.925964661e-02 5.016811466e-02 5.137528872e-02 5.281867422e-02 5.439669398e-02
 5.597748395e-02 5.740889275e-02 5.853405754e-02 5.921806497e-02 5.938073320e-02
 5.901795965e-02 5.819602913e-02 5.702219937e-02 5.561113909e-02 5.406368245e-02
 5.246040026e-02 5.086394088e-02 4.932386100e-02 4.788044494e-02 4.656633272e-02
 4.540610271e-02 4.441369671e-02 4.363110486e-02 4.302690805e-02 4.256997109e-02
 4.007619552e-04 8.622267509e-04 1.425969091e-03 2.014106014e-03 2.539347709e-03
 2.918036816e-03 3.084755072e-03 3.008165343e-03 2.697074951e-03 2.182645671e-03
 1.527488408e-03 7.848252241e-04-6.069523249e-05-1.168952880e-03-2.897528105e-03
-5.985823809e-03-9.361677920e-03-8.533672826e-03-3.563642532e-03 3.543639569e-03
 8.969735569e-03 1.361451905e-02 1.781420655e-02 2.171023161e-02 2.535438032e-02
 2.874679919e-02 3.185471744e-02 3.462748260e-02 3.701348769e-02 3.897832460e-02
 4.051888980e-02 4.166769890e-02 4.248616957e-02 4.305138290e-02 4.344297682e-02
 4.373447910e-02 4.398960049e-02 4.426162975e-02 4.459360043e-02 4.501756399e-02
 4.555242173e-02 4.620092298e-02 4.694718102e-02 4.775602990e-02 4.857488517e-02
 4.933809987e-02 4.997356833e-02 5.041125167e-02 5.059273378e-02 5.047982224e-02
 5.005957282e-02 4.934403742e-02 4.836531866e-02 4.716855722e-02 4.580584490e-02
 4.433282467e-02 4.280802323e-02 4.129361017e-02 3.985543190e-02 3.855988588e-02
 3.746612919e-02 3.661449336e-02 3.605636907e-02 3.575501627e-02 3.566753202e-02
 2.155871025e-04 4.637922650e-04 7.681926595e-04 1.089871300e-03 1.386422691e-03
 1.617294495e-03 1.748935054e-03 1.761199204e-03 1.658353513e-03 1.423976878e-03
 1.060091985e-03 5.599633285e-04-1.067641611e-04-1.011788807e-03-2.229702493e-03
-3.666905593e-03-4.540712568e-03-3.626280687e-03-7.139256104e-04 3.351440808e-03
 7.456412886e-03 1.130598726e-02 1.489126936e-02 1.823238108e-02 2.133662455e-02
 2.419782408e-02 2.680296297e-02 2.913867935e-02 3.119603281e-02 3.297380704e-02
 3.448068318e-02 3.573598691e-02 3.676860637e-02 3.761428335e-02 3.831209905e-02
 3.890107359e-02 3.941743056e-02 3.989259992e-02 4.035173264e-02 4.081245826e-02
 4.128376638e-02 4.176510795e-02 4.224597092e-02 4.270621730e-02 4.311737593e-02
 4.344492423e-02 4.365141391e-02 4.370011586e-02 4.355868401e-02 4.320222702e-02
 4.261523971e-02 4.179215444e-02 4.073676275e-02 3.946124927e-02 3.798591295e-02
 3.634079333e-02 3.457039976e-02 3.274231052e-02 3.095837193e-02 2.936093348e-02
 2.811584919e-02 2.735759322e-02 2.712342863e-02 2.736025558e-02 2.792740231e-02
 1.233963555e-04 2.669136095e-04 4.460174045e-04 6.411784585e-04 8.311886293e-04
 9.955627654e-04 1.116753759e-03 1.185072582e-03 1.204537122e-03 1.160462039e-03
 1.054876471e-03 9.003864728e-04 7.121733296e-04 5.223027717e-04 4.058674217e-04
 4.987709933e-04 9.897447925e-04 2.047806528e-03 3.723515904e-03 5.919424687e-03
 8.456521634e-03 1.116281910e-02 1.390842759e-02 1.659515507e-02 1.914207440e-02
 2.148814281e-02 2.360379694e-02 2.549137428e-02 2.717019784e-02 2.866084805e-02
 2.997963741e-02 3.114024386e-02 3.215649155e-02 3.304378327e-02 3.381908464e-02
 3.450002535e-02 3.510363894e-02 3.564506573e-02 3.613637816e-02 3.658559537e-02
 3.699592706e-02 3.736529440e-02 3.768618906e-02 3.794592548e-02 3.812730847e-02
 3.820968251e-02 3.817026050e-02 3.798556410e-02 3.763275926e-02 3.709065925e-02
 3.634020671e-02 3.536434224e-02 3.414730793e-02 3.267361694e-02 3.092718475e-02
 2.889164624e-02 2.655420326e-02 2.391892695e-02 2.104546632e-02 1.815520061e-02
 1.584979310e-02 1.502005693e-02 1.582040210e-02 1.752174861e-02 1.945541624e-02
 7.906595391e-05 1.727960823e-04 2.932799330e-04 4.309250842e-04 5.754265660e-04
 7.170153787e-04 8.478041459e-04 9.667444087e-04 1.080193114e-03 1.182603331e-03
 1.282054911e-03 1.397477984e-03 1.549707315e-03 1.772965790e-03 2.115705240e-03
 2.637117251e-03 3.398191900e-03 4.447017886e-03 5.804857970e-03 7.461714541e-03
 9.384663720e-03 1.153124762e-02 1.385326206e-02 1.627067938e-02 1.857035403e-02
 2.048968466e-02 2.198277956e-02 2.321879456e-02 2.436293911e-02 2.545489755e-02
 2.649051801e-02 2.745915686e-02 2.835342960e-02 2.917045894e-02 2.991104825e-02
 3.057842810e-02 3.117699655e-02 3.171117539e-02 3.218442704e-02 3.259845359e-02
 3.295259195e-02 3.324341706e-02 3.346456020e-02 3.360674012e-02 3.365798711e-02
 3.360401606e-02 3.342867697e-02 3.311438358e-02 3.264239790e-02 3.199283024e-02
 3.114419894e-02 3.007236753e-02 2.874861398e-02 2.713643593e-02 2.518636046e-02
 2.282729677e-02 1.995135038e-02 1.638519693e-02 1.183104507e-02 5.728676060e-03
-2.724411713e-03-4.812505866e-03 1.627135777e-03 7.647537178e-03 1.194573477e-02
 5.863423132e-05 1.297653924e-04 2.243141193e-04 3.378035155e-04 4.656076372e-04
 6.037000046e-04 7.493044098e-04 9.022269900e-04 1.086122062e-03 1.283906396e-03
 1.511658707e-03 1.784976229e-03 2.114700594e-03 2.523652162e-03 3.038851760e-03
 3.688678191e-03 4.499302068e-03 5.491824807e-03 6.680274170e-03 8.071844760e-03
 9.672379353e-03 1.149857024e-02 1.359262539e-02 1.609725218e-02 1.866990433e-02
 2.032758837e-02 2.104688728e-02 2.131935342e-02 2.195230838e-02 2.271755942e-02
 2.352132402e-02 2.431914710e-02 2.508683482e-02 2.581053465e-02 2.648233836e-02
 2.709789189e-02 2.765486891e-02 2.815187911e-02 2.858763664e-02 2.896031597e-02
 2.926706592e-02 2.950366917e-02 2.966433700e-02 2.974162452e-02 2.972644274e-02
 2.960813366e-02 2.937456249e-02 2.901216912e-02 2.850590800e-02 2.783899190e-02
 2.699233639e-02 2.594357022e-02 2.466541823e-02 2.312315114e-02 2.127058531e-02
 1.904372258e-02 1.635040283e-02 1.305302787e-02 8.938400547e-03 3.647562485e-03
-4.207041036e-03-5.784735744e-03-3.693296339e-05 5.260628279e-03 9.253020273e-03
 4.975891303e-05 1.112813009e-04 1.951758121e-04 2.993986387e-04 4.218965377e-04
 5.610242239e-04 7.162402145e-04 8.932175979e-04 1.107753593e-03 1.362291020e-03
 1.661814244e-03 2.010427994e-03 2.413319852e-03 2.882994239e-03 3.442846071e-03
 4.116348885e-03 4.899742486e-03 5.802895885e-03 6.833627811e-03 7.995243265e-03
 9.286689604e-03 1.070221196e-02 1.221692906e-02 1.377215118e-02 1.525285296e-02
 1.653656550e-02 1.758352529e-02 1.845573170e-02 1.924926553e-02 2.001382259e-02
 2.075975678e-02 2.148272038e-02 2.217506695e-02 2.282955816e-02 2.344026408e-02
 2.400253935e-02 2.451271449e-02 2.496771527e-02 2.536467685e-02 2.570057840e-02
 2.597193084e-02 2.617454866e-02 2.630340821e-02 2.635257587e-02 2.631518752e-02
 2.618346233e-02 2.594873324e-02 2.560147407e-02 2.513130405e-02 2.452695506e-02
 2.377619937e-02 2.286576321e-02 2.178130741e-02 2.050767647e-02 1.902987674e-02
 1.733581827e-02 1.542314239e-02 1.331529195e-02 1.109748898e-02 8.987391809e-03
 7.411869469e-03 6.878071244e-03 7.528150078e-03 8.991011740e-03 1.078725066e-02
 4.629527721e-05 1.042371576e-04 1.844571844e-04 2.859989040e-04 4.077824746e-04
 5.485755101e-04 7.067228447e-04 8.832044782e-04 1.098833444e-03 1.397299337e-03
 1.734564180e-03 2.109644556e-03 2.530526500e-03 3.002051728e-03 3.562050635e-03
 4.198736281e-03 4.912736780e-03 5.707686520e-03 6.584868156e-03 7.541836118e-03
 8.571421109e-03 9.660093239e-03 1.078533434e-02 1.191628354e-02 1.301791170e-02
 1.405964171e-02 1.502479254e-02 1.591340656e-02 1.673632984e-02 1.750625337e-02
 1.823210450e-02 1.891807561e-02 1.956484063e-02 2.017100329e-02 2.073419875e-02
 2.125165056e-02 2.172052416e-02 2.213811196e-02 2.250192838e-02 2.280944572e-02
 2.305758699e-02 2.324277563e-02 2.336097494e-02 2.340772169e-02 2.337819105e-02
 2.326717669e-02 2.306923815e-02 2.277875642e-02 2.239011426e-02 2.189794384e-02
 2.129741180e-02 2.058482462e-02 1.975840923e-02 1.881972627e-02 1.777588406e-02
 1.664303443e-02 1.545158347e-02 1.425288003e-02 1.312570055e-02 1.217654183e-02
 1.152365166e-02 1.125980812e-02 1.141067416e-02 1.192258655e-02 1.269607547e-02
 4.522497761e-05 1.022765452e-04 1.820219479e-04 2.842277933e-04 4.087021109e-04
 5.553597548e-04 7.242956223e-04 9.150428016e-04 1.146245312e-03 1.426662749e-03
 1.759401568e-03 2.119680693e-03 2.539008855e-03 2.999909032e-03 3.512244684e-03
 4.091325567e-03 4.710295421e-03 5.410750149e-03 6.151482487e-03 6.946404289e-03
 7.791583139e-03 8.651621661e-03 9.562045910e-03 1.045660655e-02 1.135277565e-02
 1.222601575e-02 1.305005032e-02 1.386396836e-02 1.461058968e-02 1.533759032e-02
 1.601712919e-02 1.664768458e-02 1.726333018e-02 1.780975005e-02 1.834594349e-02
 1.882174139e-02 1.924966560e-02 1.964510337e-02 1.995539901e-02 2.026605949e-02
 2.049190103e-02 2.067204910e-02 2.080390052e-02 2.084029898e-02 2.086226572e-02
 2.077581685e-02 2.064242786e-02 2.043364813e-02 2.012471558e-02 1.978523569e-02
 1.932482929e-02 1.882821900e-02 1.824694173e-02 1.759161411e-02 1.692465198e-02
 1.618648910e-02 1.548716055e-02 1.480408554e-02 1.418141806e-02 1.371795882e-02
 1.337279730e-02 1.325833581e-02 1.333148744e-02 1.357889831e-02 1.403334366e-02
 0.770330403E+00 0.777165024E+00 0.784908167E+00 0.793463566E+00 0.802292677E+00
 0.811603707E+00 0.821367470E+00 0.831555824E+00 0.842176434E+00 0.853275859E+00
 0.864884021E+00 0.877025019E+00 0.889716545E+00 0.902982612E+00 0.916857290E+00
 0.931376288E+00 0.946576559E+00 0.962496560E+00 0.979180599E+00 0.996671669E+00
 0.101501079E+01 0.103424571E+01 0.105443357E+01 0.107564196E+01 0.109794578E+01
 0.112141008E+01 0.114609848E+01 0.117209359E+01 0.119949199E+01 0.122839658E+01
 0.125892487E+01 0.129120373E+01 0.132535537E+01 0.136151565E+01 0.139984650E+01
 0.144053808E+01 0.148380842E+01 0.152988676E+01 0.157900556E+01 0.163144272E+01
 0.168752747E+01 0.174762814E+01 0.181217280E+01 0.188164640E+01 0.195658002E+01
 0.203759161E+01 0.212542233E+01 0.222096102E+01 0.232524712E+01 0.243945077E+01
 0.256501381E+01 0.270371773E+01 0.285773643E+01 0.302974493E+01 0.322307942E+01
 0.344206881E+01 0.369244537E+01 0.398189827E+01 0.432091945E+01 0.472497542E+01
 0.521842588E+01 0.584367523E+01 0.668708696E+01 0.798650351E+01 0.162424963E+02
  361   98
 0.576789465E+00 0.111574622E+01 0.571585959E+00 0.110212606E+01 0.566389981E+00
 0.108850303E+01 0.561190134E+00 0.107488147E+01 0.555986597E+00 0.106126132E+01
 0.550784443E+00 0.104764064E+01 0.545589491E+00 0.103401722E+01 0.540407270E+00
 0.102038894E+01 0.535238884E+00 0.100675542E+01 0.530083915E+00 0.993116812E+00
 0.524941720E+00 0.979473385E+00 0.519811008E+00 0.965825636E+00 0.514690135E+00
 0.952174193E+00 0.509579160E+00 0.938519040E+00 0.504479069E+00 0.924859819E+00
 0.499389982E+00 0.911196494E+00 0.494310886E+00 0.897529452E+00 0.489240127E+00
 0.883859314E+00 0.484178639E+00 0.870185742E+00 0.479128820E+00 0.856507855E+00
 0.474093111E+00 0.842824768E+00 0.469073647E+00 0.829135713E+00 0.464072394E+00
 0.815439995E+00 0.459092732E+00 0.801736412E+00 0.454138560E+00 0.788023594E+00
 0.449213602E+00 0.774300257E+00 0.444322008E+00 0.760564993E+00 0.439468259E+00
 0.746816311E+00 0.434657284E+00 0.733052604E+00 0.429893622E+00 0.719272451E+00
 0.425181120E+00 0.705474720E+00 0.420523331E+00 0.691658425E+00 0.415924239E+00
 0.677822481E+00 0.411388626E+00 0.663965600E+00 0.406920980E+00 0.650086658E+00
 0.402524919E+00 0.636184877E+00 0.398203279E+00 0.622259782E+00 0.393958492E+00
 0.608311069E+00 0.389793582E+00 0.594338299E+00 0.385712367E+00 0.580340856E+00
 0.381718513E+00 0.566318238E+00 0.377815133E+00 0.552270169E+00 0.374004723E+00
 0.538196598E+00 0.370289122E+00 0.524097700E+00 0.366669681E+00 0.509973812E+00
 0.363147510E+00 0.495825353E+00 0.359723615E+00 0.481652792E+00 0.356398965E+00
 0.467456621E+00 0.353174833E+00 0.453237286E+00 0.350052125E+00 0.438995333E+00
 0.347031242E+00 0.424731435E+00 0.344112291E+00 0.410446329E+00 0.341295389E+00
 0.396140750E+00 0.338580867E+00 0.381815392E+00 0.335969142E+00 0.367470937E+00
 0.333460416E+00 0.353108110E+00 0.331054394E+00 0.338727721E+00 0.328750711E+00
 0.324330583E+00 0.326549414E+00 0.309917436E+00 0.324451000E+00 0.295488951E+00
 0.322456504E+00 0.281045735E+00 0.320567346E+00 0.266588365E+00 0.318784201E+00
 0.252117537E+00 0.317106874E+00 0.237634061E+00 0.315535001E+00 0.223138762E+00
 0.314068138E+00 0.208632459E+00 0.312705699E+00 0.194115976E+00 0.311446275E+00
 0.179590193E+00 0.310288366E+00 0.165055964E+00 0.309230894E+00 0.150514083E+00
 0.308273289E+00 0.135965283E+00 0.307415571E+00 0.121410253E+00 0.306658203E+00
 0.106849657E+00 0.306001571E+00 0.922841709E-01 0.305445910E+00 0.777144833E-01
 0.304991369E+00 0.631412905E-01 0.304637328E+00 0.485653092E-01 0.304382502E+00
 0.339872554E-01 0.304226218E+00 0.194078120E-01 0.304168350E+00 0.482764582E-02
 0.304209107E+00-0.975257808E-02 0.304348427E+00-0.243321934E-01 0.304586129E+00
-0.389105367E-01 0.304922282E+00-0.534869421E-01 0.305357283E+00-0.680607321E-01
 0.305891749E+00-0.826312134E-01 0.306525946E+00-0.971976943E-01 0.307260400E+00
-0.111759464E+00 0.308096130E+00-0.126315772E+00 0.309034618E+00-0.140865815E+00
 0.310076958E+00-0.155408788E+00 0.311222742E+00-0.169943976E+00 0.312471251E+00
-0.184470702E+00 0.313821766E+00-0.198988300E+00 0.315273805E+00-0.213496095E+00
 0.316828018E+00-0.227993300E+00 0.318486149E+00-0.242478986E+00 0.320250085E+00
-0.256952168E+00 0.322121475E+00-0.271411848E+00 0.324101223E+00-0.285857091E+00
 0.326188277E+00-0.300287222E+00 0.328380838E+00-0.314701699E+00 0.330677341E+00
-0.329099984E+00 0.333076621E+00-0.343481499E+00 0.335578247E+00-0.357845565E+00
 0.338182999E+00-0.372191288E+00 0.340891883E+00-0.386517712E+00 0.343705782E+00
-0.400823880E+00 0.346625325E+00-0.415108863E+00 0.349650505E+00-0.429371848E+00
 0.352780338E+00-0.443612236E+00 0.356013685E+00-0.457829478E+00 0.359349563E+00
-0.472023012E+00 0.362787259E+00-0.486192231E+00 0.366326588E+00-0.500336406E+00
 0.369967354E+00-0.514454810E+00 0.373708812E+00-0.528546865E+00 0.377549761E+00
-0.542612130E+00 0.381488550E+00-0.556650311E+00 0.385523115E+00-0.570661266E+00
 0.389651055E+00-0.584644998E+00 0.393869593E+00-0.598601667E+00 0.398175806E+00
-0.612531536E+00 0.402567158E+00-0.626434800E+00 0.407041415E+00-0.640311608E+00
 0.411596194E+00-0.654162196E+00 0.416228424E+00-0.667987075E+00 0.420934276E+00
-0.681787069E+00 0.425709419E+00-0.695563241E+00 0.430550445E+00-0.709316401E+00
 0.435455027E+00-0.723047026E+00 0.440420633E+00-0.736755700E+00 0.445444037E+00
-0.750443302E+00 0.450521204E+00-0.764111053E+00 0.455648365E+00-0.777760130E+00
 0.460823087E+00-0.791391247E+00 0.466043834E+00-0.805004803E+00 0.471309057E+00
-0.818601220E+00 0.476616869E+00-0.832181067E+00 0.481966551E+00-0.845744475E+00
 0.487359339E+00-0.859290801E+00 0.492797814E+00-0.872818848E+00 0.498285629E+00
-0.886326955E+00 0.503827132E+00-0.899813125E+00 0.509429648E+00-0.913274058E+00
 0.515104820E+00-0.926704515E+00 0.520867663E+00-0.940097580E+00 0.526738033E+00
-0.953443849E+00 0.532742113E+00-0.966730478E+00 0.538916565E+00-0.979938748E+00
 0.545315000E+00-0.993039889E+00 0.552016190E+00-0.100598860E+01 0.559139444E+00
-0.101870958E+01 0.566869431E+00-0.103107025E+01 0.575493887E+00-0.104282159E+01
 0.585432368E+00-0.105347750E+01 0.597119075E+00-0.106216190E+01 0.610512385E+00
-0.106784876E+01 0.624858122E+00-0.107033676E+01 0.639429420E+00-0.107040600E+01
 0.653931255E+00-0.106892882E+01 0.668304070E+00-0.106648620E+01 0.682556944E+00
-0.106341660E+01 0.696711141E+00-0.105991879E+01 0.710785074E+00-0.105611032E+01
 0.724792711E+00-0.105206457E+01 0.738743288E+00-0.104782613E+01 0.752642766E+00
-0.104342295E+01 0.766494262E+00-0.103887105E+01 0.780299678E+00-0.103418123E+01
 0.794059469E+00-0.102935918E+01 0.807771057E+00-0.102440175E+01 0.821429118E+00
-0.101929872E+01 0.835027368E+00-0.101403842E+01 0.848559118E+00-0.100860936E+01
 0.862016816E+00-0.100299929E+01 0.875392358E+00-0.997196102E+00 0.888677154E+00
-0.991188114E+00 0.901862428E+00-0.984964777E+00 0.914939386E+00-0.978516972E+00
 0.927900502E+00-0.971839371E+00 0.940739848E+00-0.964930540E+00 0.953450310E+00
-0.957787389E+00 0.966020724E+00-0.950400602E+00 0.978438470E+00-0.942759987E+00
 0.990691871E+00-0.934858517E+00 0.100277062E+01-0.926692576E+00 0.101466670E+01
-0.918262727E+00 0.102637561E+01-0.909574781E+00 0.103789475E+01-0.900636718E+00
 0.104922154E+01-0.891456122E+00 0.106035126E+01-0.882037577E+00 0.107127540E+01
-0.872381366E+00 0.108198390E+01-0.862486551E+00 0.109246822E+01-0.852354507E+00
 0.110272378E+01-0.841990963E+00 0.111275138E+01-0.831406682E+00 0.112255285E+01
-0.820612648E+00 0.113212372E+01-0.809613642E+00 0.114145108E+01-0.798407421E+00
 0.115052355E+01-0.786993877E+00 0.115933457E+01-0.775377314E+00 0.116788258E+01
-0.763565861E+00 0.117616741E+01-0.751568345E+00 0.118418585E+01-0.739391177E+00
 0.119193020E+01-0.727037899E+00 0.119939468E+01-0.714513524E+00 0.120657956E+01
-0.701826669E+00 0.121348935E+01-0.688987907E+00 0.122012720E+01-0.676006454E+00
 0.122649122E+01-0.662888587E+00 0.123258225E+01-0.649641744E+00 0.123840666E+01
-0.636275515E+00 0.124397498E+01-0.622800567E+00 0.124929788E+01-0.609226789E+00
 0.125438369E+01-0.595562392E+00 0.125924241E+01-0.581815597E+00 0.126388778E+01
-0.567995225E+00 0.126833667E+01-0.554110342E+00 0.127260749E+01-0.540169635E+00
 0.127671663E+01-0.526180408E+00 0.128067830E+01-0.512148695E+00 0.128450704E+01
-0.498080117E+00 0.128821854E+01-0.483980146E+00 0.129182964E+01-0.469854120E+00
 0.129535718E+01-0.455706990E+00 0.129881857E+01-0.441543524E+00 0.130223195E+01
-0.427368404E+00 0.130561568E+01-0.413186175E+00 0.130898556E+01-0.399000650E+00
 0.131234797E+01-0.384813350E+00 0.131570764E+01-0.370625402E+00 0.131907094E+01
-0.356438314E+00 0.132244616E+01-0.342254058E+00 0.132584073E+01-0.328074421E+00
 0.132925507E+01-0.313899530E+00 0.133268816E+01-0.299729167E+00 0.133613838E+01
-0.285562967E+00 0.133960257E+01-0.271400177E+00 0.134307336E+01-0.257239003E+00
 0.134653697E+01-0.243076070E+00 0.134997792E+01-0.228907617E+00 0.135337932E+01
-0.214729620E+00 0.135672231E+01-0.200537746E+00 0.135998754E+01-0.186327784E+00
 0.136315541E+01-0.172095812E+00 0.136620312E+01-0.157837640E+00 0.136910391E+01
-0.143548875E+00 0.137182770E+01-0.129225341E+00 0.137434704E+01-0.114864461E+00
 0.137663747E+01-0.100465327E+00 0.137867367E+01-0.860280774E-01 0.138042970E+01
-0.715541137E-01 0.138188065E+01-0.570464216E-01 0.138301031E+01-0.425102016E-01
 0.138380740E+01-0.279519721E-01 0.138426228E+01-0.133790496E-01 0.138436739E+01
 0.120058092E-02 0.138411988E+01 0.157784936E-01 0.138352663E+01 0.303464479E-01
 0.138259811E+01 0.448968983E-01 0.138134657E+01 0.594231495E-01 0.137978571E+01
 0.739194462E-01 0.137793515E+01 0.883816515E-01 0.137582208E+01 0.102807873E+00
 0.137347359E+01 0.117197674E+00 0.137091573E+01 0.131551763E+00 0.136817347E+01
 0.145871790E+00 0.136527520E+01 0.160161083E+00 0.136225030E+01 0.174424122E+00
 0.135912423E+01 0.188665345E+00 0.135591858E+01 0.202888871E+00 0.135265195E+01
 0.217098524E+00 0.134934269E+01 0.231298310E+00 0.134600793E+01 0.245492133E+00
 0.134266304E+01 0.259683575E+00 0.133932219E+01 0.273875966E+00 0.133599728E+01
 0.288072099E+00 0.133269286E+01 0.302273015E+00 0.132941038E+01 0.316479020E+00
 0.132615025E+01 0.330690169E+00 0.132291257E+01 0.344906450E+00 0.131969489E+01
 0.359127274E+00 0.131648710E+01 0.373350329E+00 0.131327917E+01 0.387573354E+00
 0.131006286E+01 0.401794488E+00 0.130683147E+01 0.416012200E+00 0.130357542E+01
 0.430224283E+00 0.130027758E+01 0.444426726E+00 0.129691943E+01 0.458615020E+00
 0.129348215E+01 0.472784346E+00 0.128994715E+01 0.486929600E+00 0.128629599E+01
 0.501045308E+00 0.128251088E+01 0.515125672E+00 0.127857560E+01 0.529164797E+00
 0.127447565E+01 0.543156706E+00 0.127019754E+01 0.557095160E+00 0.126572512E+01
 0.570972468E+00 0.126103944E+01 0.584779203E+00 0.125612282E+01 0.598505373E+00
 0.125096083E+01 0.612141145E+00 0.124554323E+01 0.625677381E+00 0.123986274E+01
 0.639105402E+00 0.123391155E+01 0.652415646E+00 0.122768202E+01 0.665597901E+00
 0.122117042E+01 0.678643124E+00 0.121437818E+01 0.691544454E+00 0.120730891E+01
 0.704296090E+00 0.119996242E+01 0.716890046E+00 0.119233817E+01 0.729317811E+00
 0.118444025E+01 0.741573489E+00 0.117627844E+01 0.753655046E+00 0.116786301E+01
 0.765561350E+00 0.115919851E+01 0.777287636E+00 0.115028649E+01 0.788826928E+00
 0.114113001E+01 0.800173222E+00 0.113173729E+01 0.811324759E+00 0.112212071E+01
 0.822283858E+00 0.111229274E+01 0.833053796E+00 0.110225568E+01 0.843629142E+00
 0.109200591E+01 0.853998450E+00 0.108154120E+01 0.864150781E+00 0.107086512E+01
 0.874080608E+00 0.105998518E+01 0.883786634E+00 0.104891009E+01 0.893269392E+00
 0.103764596E+01 0.902526791E+00 0.102619480E+01 0.911551803E+00 0.101455755E+01
 0.920335532E+00 0.100273608E+01 0.928869710E+00 0.990734499E+00 0.937148673E+00
 0.978560773E+00 0.945172381E+00 0.966225546E+00 0.952945543E+00 0.953740533E+00
 0.960475800E+00 0.941117200E+00 0.967771841E+00 0.928365195E+00 0.974840600E+00
 0.915491777E+00 0.981685765E+00 0.902503824E+00 0.988311054E+00 0.889409750E+00
 0.994724090E+00 0.876219250E+00 0.100093641E+01 0.862942189E+00 0.100696155E+01
 0.849588399E+00 0.101281471E+01 0.836167499E+00 0.101851234E+01 0.822689259E+00
 0.102407301E+01 0.809163088E+00 0.102951609E+01 0.795597042E+00 0.103485903E+01
 0.781997400E+00 0.104011588E+01 0.768369375E+00 0.104529872E+01 0.754717464E+00
 0.105041832E+01 0.741045753E+00 0.105548482E+01 0.727358586E+00 0.106050942E+01
 0.713659773E+00 0.106550219E+01 0.699953290E+00 0.107047387E+01 0.686242504E+00
 0.107543367E+01 0.672531031E+00 0.108039157E+01 0.658822008E+00 0.108535623E+01
 0.645118666E+00 0.109033656E+01 0.631424395E+00 0.109534177E+01 0.617741958E+00
 0.110037924E+01 0.604074394E+00 0.110545692E+01 0.590422117E+00 0.111057556E+01
 0.576789465E+00 0.111574622E+01
 0.156441580E+01 0.156423520E+01 0.173298350E+01 0.167901950E+01 0.134847970E+01
 0.206041340E+01 0.108819530E+01 0.205946000E+01 0.902253030E+00 0.187565310E+01
 0.903668760E+00 0.187424170E+01 0.533866470E+00 0.150285580E+01 0.538010660E+00
 0.149874330E+01 0.332797140E+00 0.129708960E+01 0.332797140E+00 0.109400000E+01
 0.334795920E+00 0.109400000E+01 0.303115250E+00 0.847500000E+00 0.305114030E+00
 0.847500000E+00 0.269135950E+00 0.565000000E+00 0.271134730E+00 0.565000000E+00
 0.260841000E+00 0.495257700E+00 0.260841000E+00-0.507257700E+00 0.271134730E+00
-0.576999960E+00 0.269135950E+00-0.576999960E+00 0.305114030E+00-0.859500000E+00
 0.303115250E+00-0.859500000E+00 0.334795920E+00-0.110600010E+01 0.332797140E+00
-0.110600010E+01 0.332797140E+00-0.130908970E+01 0.538598100E+00-0.150990190E+01
 0.534468950E+00-0.151402960E+01 0.905629600E+00-0.188405800E+01 0.904219000E+00
-0.188547470E+01 0.108819530E+01-0.206614000E+01 0.134847970E+01-0.206518650E+01
 0.173017910E+01-0.168098580E+01 0.156441580E+01-0.156883530E+01 0.137999130E+01
-0.157688300E+01 0.137989190E+01-0.157672700E+01 0.119622210E+01-0.158474990E+01
 0.119631650E+01-0.158489800E+01 0.105537410E+01-0.159104840E+01 0.105528350E+01
-0.159090630E+01 0.947502500E+00-0.159561420E+01 0.905686400E+00-0.159556230E+01
 0.899143000E+00-0.159478470E+01 0.883387860E+00-0.159026430E+01 0.867681200E+00
-0.158087360E+01 0.851322350E+00-0.156766880E+01 0.833481900E+00-0.154624210E+01
 0.826062560E+00-0.152875240E+01 0.822677700E+00-0.151516830E+01 0.821022750E+00
-0.149624060E+01 0.820691350E+00-0.147724350E+01 0.822887360E+00-0.144582030E+01
 0.827573000E+00-0.141923050E+01 0.839194600E+00-0.138728100E+01 0.855244300E+00
-0.135284130E+01 0.877566500E+00-0.132209860E+01 0.899473500E+00-0.130017830E+01
 0.118567730E+01-0.101380000E+01 0.127900000E+01-0.842300000E+00 0.129600000E+01
-0.820200000E+00 0.143300000E+01-0.820200000E+00 0.143300000E+01-0.711000000E+00
 0.149000000E+01-0.491000000E+00 0.146000000E+01-0.491000000E+00 0.146000000E+01
-0.233000000E+00 0.166100000E+01-0.233000000E+00 0.166100000E+01 0.226000000E+00
 0.146000000E+01 0.226000000E+00 0.146000000E+01 0.481000000E+00 0.149300000E+01
 0.481000000E+00 0.147400000E+01 0.554000000E+00 0.143300000E+01 0.711000000E+00
 0.143300000E+01 0.815600000E+00 0.129600000E+01 0.815600000E+00 0.127900000E+01
 0.837699950E+00 0.118567730E+01 0.100920000E+01 0.899473500E+00 0.129557820E+01
 0.877566500E+00 0.131749860E+01 0.855244300E+00 0.134824120E+01 0.839194600E+00
 0.138268090E+01 0.827573000E+00 0.141463040E+01 0.822887360E+00 0.144122030E+01
 0.820691350E+00 0.147264350E+01 0.821022750E+00 0.149164060E+01 0.822677700E+00
 0.151056830E+01 0.826062560E+00 0.152415240E+01 0.833481900E+00 0.154164210E+01
 0.851322350E+00 0.156306870E+01 0.867681200E+00 0.157627360E+01 0.883387860E+00
 0.158566430E+01 0.899143000E+00 0.159018470E+01 0.905686400E+00 0.159096230E+01
 0.947502500E+00 0.159101410E+01 0.105528350E+01 0.158630620E+01 0.105537410E+01
 0.158644830E+01 0.119631650E+01 0.158029800E+01 0.119622210E+01 0.158014990E+01
 0.137989190E+01 0.157212700E+01 0.137999130E+01 0.157228290E+01 0.156441580E+01
 0.156423520E+01
    0
