EFIT++      MAST # 47012 # 440ms                   0  65  65
 0.194000000E+01 0.440000000E+01 0.800000000E+00 0.600000000E-01 0.000000000E+00
 0.938104584E+00 0.282834617E-03-0.775233620E-01 0.210135236E-01-0.655569695E+00
 0.745686626E+06-0.775233620E-01 0.000000000E+00 0.938104584E+00 0.000000000E+00
 0.282834617E-03 0.000000000E+00 0.210135236E-01 0.000000000E+00 0.000000000E+00
-0.619222471E+00-0.615664686E+00-0.612182593E+00-0.608776210E+00-0.605445525E+00
-0.602190497E+00-0.599011056E+00-0.595907101E+00-0.592878502E+00-0.589925096E+00
-0.587046687E+00-0.584243047E+00-0.581513915E+00-0.578858997E+00-0.576277963E+00
-0.573770449E+00-0.571336057E+00-0.568974353E+00-0.566684868E+00-0.564467098E+00
-0.562320503E+00-0.560244507E+00-0.558238499E+00-0.556301832E+00-0.554433827E+00
-0.552633764E+00-0.550900894E+00-0.549234431E+00-0.547633556E+00-0.546097414E+00
-0.544625122E+00-0.543215759E+00-0.541868377E+00-0.540581995E+00-0.539355601E+00
-0.538188155E+00-0.537078588E+00-0.536025801E+00-0.535028673E+00-0.534086051E+00
-0.533196760E+00-0.532359603E+00-0.531573355E+00-0.530836772E+00-0.530148589E+00
-0.529507520E+00-0.528912260E+00-0.528361485E+00-0.527853857E+00-0.527388019E+00
-0.526962600E+00-0.526576216E+00-0.526227469E+00-0.525914949E+00-0.525637235E+00
-0.525392897E+00-0.525180494E+00-0.524998578E+00-0.524845693E+00-0.524720376E+00
-0.524621160E+00-0.524546569E+00-0.524495127E+00-0.524465351E+00-0.524455756E+00
 0.155664718E+05 0.151960336E+05 0.148261281E+05 0.144569249E+05 0.140885937E+05
 0.137213040E+05 0.133552256E+05 0.129905281E+05 0.126273810E+05 0.122659541E+05
 0.119064169E+05 0.115489392E+05 0.111936904E+05 0.108408404E+05 0.104905587E+05
 0.101430149E+05 0.979837864E+04 0.945681963E+04 0.911850747E+04 0.878361179E+04
 0.845230224E+04 0.812474843E+04 0.780112002E+04 0.748158662E+04 0.716631789E+04
 0.685548345E+04 0.654925294E+04 0.624779599E+04 0.595128224E+04 0.565988133E+04
 0.537376289E+04 0.509309655E+04 0.481805195E+04 0.454879872E+04 0.428550651E+04
 0.402834494E+04 0.377748365E+04 0.353309228E+04 0.329534045E+04 0.306439782E+04
 0.284043400E+04 0.262361864E+04 0.241412137E+04 0.221211183E+04 0.201775965E+04
 0.183123446E+04 0.165270591E+04 0.148234362E+04 0.132031724E+04 0.116679639E+04
 0.102195071E+04 0.885949844E+03 0.758963418E+03 0.641161069E+03 0.532712434E+03
 0.433787145E+03 0.344554840E+03 0.265185153E+03 0.195847719E+03 0.136712174E+03
 0.879481515E+02 0.497252879E+02 0.222132180E+02 0.558157703E+01 0.000000000E+00
-0.144611090E+01-0.140754125E+01-0.136947871E+01-0.133192329E+01-0.129487499E+01
-0.125833380E+01-0.122229973E+01-0.118677278E+01-0.115175294E+01-0.111724022E+01
-0.108323462E+01-0.104973613E+01-0.101674476E+01-0.984260502E+00-0.952283364E+00
-0.920813342E+00-0.889850437E+00-0.859394649E+00-0.829445977E+00-0.800004421E+00
-0.771069982E+00-0.742642660E+00-0.714722454E+00-0.687309364E+00-0.660403391E+00
-0.634004535E+00-0.608112794E+00-0.582728171E+00-0.557850664E+00-0.533480273E+00
-0.509616999E+00-0.486260842E+00-0.463411801E+00-0.441069876E+00-0.419235068E+00
-0.397907377E+00-0.377086802E+00-0.356773343E+00-0.336967001E+00-0.317667776E+00
-0.298875667E+00-0.280590674E+00-0.262812798E+00-0.245542038E+00-0.228778395E+00
-0.212521869E+00-0.196772459E+00-0.181530165E+00-0.166794988E+00-0.152566928E+00
-0.138845984E+00-0.125632156E+00-0.112925445E+00-0.100725851E+00-0.890333727E-01
-0.778480112E-01-0.671697661E-01-0.569986376E-01-0.473346256E-01-0.381777301E-01
-0.295279511E-01-0.213852885E-01-0.137497425E-01-0.662131301E-02 0.000000000E+00
-0.240736974E+06-0.240446082E+06-0.240045012E+06-0.239533763E+06-0.238912336E+06
-0.238180730E+06-0.237338945E+06-0.236386982E+06-0.235324841E+06-0.234152521E+06
-0.232870023E+06-0.231477346E+06-0.229974490E+06-0.228361456E+06-0.226638243E+06
-0.224804852E+06-0.222861283E+06-0.220807535E+06-0.218643608E+06-0.216369503E+06
-0.213985219E+06-0.211490757E+06-0.208886116E+06-0.206171297E+06-0.203346299E+06
-0.200411123E+06-0.197365768E+06-0.194210235E+06-0.190944523E+06-0.187568632E+06
-0.184082563E+06-0.180486316E+06-0.176779890E+06-0.172963286E+06-0.169036503E+06
-0.164999541E+06-0.160852401E+06-0.156595082E+06-0.152227585E+06-0.147749910E+06
-0.143162056E+06-0.138464023E+06-0.133655812E+06-0.128737422E+06-0.123708854E+06
-0.118570107E+06-0.113321182E+06-0.107962078E+06-0.102492796E+06-0.969133350E+05
-0.912236956E+05-0.854238778E+05-0.795138814E+05-0.734937065E+05-0.673633530E+05
-0.611228211E+05-0.547721106E+05-0.483112216E+05-0.417401541E+05-0.350589080E+05
-0.282674835E+05-0.213658804E+05-0.143540988E+05-0.723213865E+04 0.000000000E+00
-4.289394032e-05-9.684987763e-05-1.719397560e-04-2.675368821e-04-3.828857865e-04
-5.172301980e-04-6.700665306e-04-8.419566519e-04-1.004185114e-03-1.092899652e-03
-1.166424359e-03-1.228316808e-03-1.255415373e-03-1.246397869e-03-1.186049881e-03
-1.061041623e-03-8.885441687e-04-6.463387983e-04-3.550061575e-04-3.829916341e-06
 4.088762163e-04 8.631447583e-04 1.384892177e-03 1.937704435e-03 2.539370870e-03
 3.175869758e-03 3.825948004e-03 4.513376494e-03 5.186242746e-03 5.872925284e-03
 6.541134701e-03 7.179366195e-03 7.810829042e-03 8.380518328e-03 8.937476173e-03
 9.434724313e-03 9.882233132e-03 1.029813198e-02 1.063007168e-02 1.092934122e-02
 1.113988556e-02 1.128952137e-02 1.137683914e-02 1.136249271e-02 1.130817258e-02
 1.113929968e-02 1.090650037e-02 1.058598652e-02 1.015354122e-02 9.672387124e-03
 9.059185953e-03 8.395303876e-03 7.636021900e-03 6.791727323e-03 5.929798187e-03
 4.988266871e-03 4.088608006e-03 3.209717899e-03 2.400309173e-03 1.777434547e-03
 1.288391792e-03 1.069672626e-03 1.066585393e-03 1.259358848e-03 1.698805827e-03
-5.652177271e-05-1.280022160e-04-2.281076556e-04-3.565777102e-04-5.130595844e-04
-6.972409377e-04-9.090078908e-04-1.142893559e-03-1.371812196e-03-1.512659227e-03
-1.642294259e-03-1.761165626e-03-1.863090690e-03-1.972645590e-03-1.891584379e-03
-1.736654260e-03-1.519340047e-03-1.233781853e-03-8.746053678e-04-4.405244257e-04
 6.799377216e-05 6.502333639e-04 1.297992431e-03 2.004516218e-03 2.765503928e-03
 3.575013723e-03 4.422710249e-03 5.293461561e-03 6.169648353e-03 7.034635233e-03
 7.874736076e-03 8.679419377e-03 9.440716237e-03 1.015251222e-02 1.081003375e-02
 1.140936746e-02 1.194710822e-02 1.241995391e-02 1.282434291e-02 1.315654444e-02
 1.341280358e-02 1.358924153e-02 1.368163634e-02 1.368532176e-02 1.359520684e-02
 1.340576312e-02 1.311116576e-02 1.270537801e-02 1.218234490e-02 1.153627658e-02
 1.076198570e-02 9.855569736e-03 8.815332960e-03 7.643413162e-03 6.348365009e-03
 4.949223136e-03 3.481544564e-03 2.005149019e-03 6.115619639e-04-5.757526575e-04
-1.420016957e-03-1.814418865e-03-1.730789851e-03-1.234432206e-03-4.435521219e-04
-7.040318147e-05-1.599153106e-04-2.860245827e-04-4.488731526e-04-6.481315369e-04
-8.825906572e-04-1.149675649e-03-1.440772405e-03-1.719614833e-03-2.003768708e-03
-2.248839515e-03-2.448285003e-03-2.620360675e-03-2.741513116e-03-2.766506021e-03
-2.660996349e-03-2.446323435e-03-2.122156255e-03-1.685105705e-03-1.138227983e-03
-4.892444812e-04 2.519643475e-04 1.064174220e-03 1.936848344e-03 2.885403871e-03
 3.926759884e-03 5.048607547e-03 6.214126130e-03 7.367449615e-03 8.478562123e-03
 9.533412835e-03 1.052460374e-02 1.144761112e-02 1.229941501e-02 1.307791408e-02
 1.378154888e-02 1.440897094e-02 1.495873124e-02 1.542900560e-02 1.581737521e-02
 1.612065618e-02 1.633476232e-02 1.645460100e-02 1.647401161e-02 1.638574800e-02
 1.618149457e-02 1.585189752e-02 1.538658892e-02 1.477418190e-02 1.400222108e-02
 1.305708717e-02 1.192388659e-02 1.058642261e-02 9.027485436e-03 7.230002963e-03
 5.180267756e-03 2.875960113e-03 3.449612125e-04-2.312839285e-03-4.844275879e-03
-6.755551187e-03-7.457965515e-03-6.784622639e-03-5.169018848e-03-3.166002759e-03
-8.275703520e-05-1.890589628e-04-3.406877406e-04-5.393735236e-04-7.863288395e-04
-1.081578327e-03-1.423229410e-03-1.801357430e-03-2.191786761e-03-2.600539979e-03
-2.999593035e-03-3.360333023e-03-3.677198765e-03-3.921439942e-03-4.057721651e-03
-4.051161310e-03-3.873382971e-03-3.506773013e-03-2.948197692e-03-2.211893435e-03
-1.325498223e-03-3.018383390e-04 7.736481661e-04 1.831773683e-03 2.960514638e-03
 4.310919637e-03 5.831866908e-03 7.490870360e-03 9.013365397e-03 1.040592260e-02
 1.169055116e-02 1.287346170e-02 1.395741712e-02 1.494458244e-02 1.583726835e-02
 1.663794388e-02 1.734895231e-02 1.797211531e-02 1.850832142e-02 1.895715447e-02
 1.931659367e-02 1.958280237e-02 1.975001200e-02 1.981049772e-02 1.975463078e-02
 1.957097802e-02 1.924640353e-02 1.876611114e-02 1.811355103e-02 1.727009593e-02
 1.621436989e-02 1.492107453e-02 1.335908778e-02 1.148847825e-02 9.255830258e-03
 6.586817210e-03 3.374139690e-03-5.424676559e-04-5.409996077e-03-1.162077978e-02
-2.110165608e-02-2.307487195e-02-1.615288636e-02-1.004502598e-02-5.468816586e-03
-8.917974749e-05-2.062156050e-04-3.774880530e-04-6.087156326e-04-9.054419594e-04
-1.271927277e-03-1.709911905e-03-2.211651015e-03-2.758840178e-03-3.355593947e-03
-3.986617703e-03-4.607906147e-03-5.203605242e-03-5.732688893e-03-6.132182908e-03
-6.325044805e-03-6.232611687e-03-5.796397199e-03-4.999350938e-03-3.872526596e-03
-2.481722795e-03-9.070005078e-04 7.721636925e-04 2.500656620e-03 4.271499560e-03
 6.093486717e-03 7.938144971e-03 9.756279435e-03 1.148187150e-02 1.308743407e-02
 1.456296630e-02 1.590683059e-02 1.712187260e-02 1.821376313e-02 1.918994818e-02
 2.005869600e-02 2.082816090e-02 2.150549657e-02 2.209606695e-02 2.260279278e-02
 2.302566223e-02 2.336142587e-02 2.360348956e-02 2.374200709e-02 2.376415595e-02
 2.365455346e-02 2.339573963e-02 2.296862154e-02 2.235274590e-02 2.152624414e-02
 2.046527336e-02 1.914274353e-02 1.752604489e-02 1.557331101e-02 1.322735666e-02
 1.040556813e-02 6.982104823e-03 2.754224224e-03-2.627716363e-03-9.838484248e-03
-2.004867878e-02-2.261925364e-02-1.472334483e-02-7.810358289e-03-2.863417503e-03
-7.978337449e-05-1.902437401e-04-3.617299256e-04-6.082492622e-04-9.443278414e-04
-1.382837126e-03-1.933225889e-03-2.599231815e-03-3.345833338e-03-4.202553042e-03
-5.156297940e-03-6.176954441e-03-7.248290396e-03-8.344774498e-03-9.373193270e-03
-1.015169550e-02-1.041377685e-02-9.912436586e-03-8.580573755e-03-6.577752861e-03
-4.172820236e-03-1.595395050e-03 1.014308961e-03 3.584025507e-03 6.078274141e-03
 8.476109226e-03 1.075853172e-02 1.290460427e-02 1.489386801e-02 1.671101251e-02
 1.834871920e-02 1.980804120e-02 2.109734583e-02 2.223055934e-02 2.322511484e-02
 2.409987587e-02 2.487323045e-02 2.556146049e-02 2.617741330e-02 2.672946280e-02
 2.722075197e-02 2.764873699e-02 2.800508027e-02 2.827594426e-02 2.844271103e-02
 2.848309853e-02 2.837257306e-02 2.808588321e-02 2.759848228e-02 2.688758692e-02
 2.593265945e-02 2.471520769e-02 2.321795881e-02 2.142367587e-02 1.931419736e-02
 1.687090556e-02 1.407939314e-02 1.094530058e-02 7.539798671e-03 4.122106566e-03
 1.387595669e-03 3.649455807e-04 1.238379913e-03 3.149313378e-03 5.331604114e-03
-3.440085795e-05-9.769097498e-05-2.215509538e-04-4.367582145e-04-7.762257885e-04
-1.270065487e-03-1.940254506e-03-2.790335677e-03-3.804296931e-03-4.981537264e-03
-6.310129599e-03-7.787615954e-03-9.450897088e-03-1.144337569e-02-1.397396132e-02
-1.682117347e-02-1.915707302e-02-1.878096111e-02-1.542060055e-02-1.048514132e-02
-5.840968933e-03-1.675953659e-03 2.113195111e-03 5.610821675e-03 8.864083402e-03
 1.189094157e-02 1.468919547e-02 1.724503359e-02 1.954154558e-02 2.156661759e-02
 2.331882225e-02 2.481009137e-02 2.606494475e-02 2.711715562e-02 2.800531657e-02
 2.876862125e-02 2.944356602e-02 3.006164224e-02 3.064772204e-02 3.121878920e-02
 3.178283342e-02 3.233796534e-02 3.287199285e-02 3.336275285e-02 3.377941810e-02
 3.408484948e-02 3.423888364e-02 3.420224221e-02 3.394052726e-02 3.342761051e-02
 3.264777211e-02 3.159629470e-02 3.027879308e-02 2.871013938e-02 2.691423017e-02
 2.492599768e-02 2.279702781e-02 2.060562386e-02 1.846976887e-02 1.655417847e-02
 1.505036609e-02 1.411295921e-02 1.378832690e-02 1.401409796e-02 1.462883033e-02
 8.548131051e-05 1.561205327e-04 1.862064789e-04 1.110333282e-04-1.424375702e-04
-6.443268026e-04-1.448322889e-03-2.573126780e-03-3.981689746e-03-5.621197882e-03
-7.373520295e-03-9.130103797e-03-1.083981009e-02-1.274224025e-02-1.526473294e-02
-1.878348515e-02-2.253984427e-02-2.196254249e-02-1.699625262e-02-9.732068387e-03
-4.012196251e-03 9.171203054e-04 5.371811068e-03 9.504528276e-03 1.337975822e-02
 1.700583304e-02 2.035226905e-02 2.336524317e-02 2.598654442e-02 2.817480760e-02
 2.992245644e-02 3.126126553e-02 3.225495165e-02 3.298415872e-02 3.353169908e-02
 3.397300884e-02 3.437229649e-02 3.478219689e-02 3.524431685e-02 3.578884550e-02
 3.643260352e-02 3.717610668e-02 3.800099973e-02 3.886921759e-02 3.972460269e-02
 4.049709775e-02 4.110947172e-02 4.148645258e-02 4.156537855e-02 4.130604079e-02
 4.069652509e-02 3.975293507e-02 3.851364982e-02 3.703124340e-02 3.536560419e-02
 3.358026652e-02 3.174191583e-02 2.992147498e-02 2.819425214e-02 2.663635292e-02
 2.531561362e-02 2.427459912e-02 2.358547515e-02 2.319331627e-02 2.304995814e-02
 3.438931164e-04 7.209470617e-04 1.133590449e-03 1.452821703e-03 1.511987242e-03
 1.136908303e-03 1.905073467e-04-1.402493936e-03-3.649205069e-03-6.513909666e-03
-9.517547817e-03-1.167789816e-02-1.248576539e-02-1.219291849e-02-1.167847463e-02
-1.110796925e-02-1.012882179e-02-8.304056021e-03-5.464635729e-03-1.812870105e-03
 2.292000273e-03 6.594188051e-03 1.097865675e-02 1.539927941e-02 1.981801794e-02
 2.416475747e-02 2.830953800e-02 3.205519792e-02 3.517304815e-02 3.748668435e-02
 3.895656221e-02 3.969840521e-02 3.992142471e-02 3.984199924e-02 3.963230798e-02
 3.941287728e-02 3.926704393e-02 3.925870565e-02 3.944486374e-02 3.987912494e-02
 4.060461691e-02 4.163936007e-02 4.296255142e-02 4.450942788e-02 4.617497297e-02
 4.782109432e-02 4.928508337e-02 5.039557447e-02 5.100314137e-02 5.101950741e-02
 5.044361828e-02 4.935515024e-02 4.787945004e-02 4.614806450e-02 4.427473798e-02
 4.234913774e-02 4.044046990e-02 3.860347542e-02 3.688289444e-02 3.531522758e-02
 3.392814542e-02 3.274012709e-02 3.179271904e-02 3.105587952e-02 3.049001016e-02
 8.039173834e-04 1.777279183e-03 3.037772924e-03 4.402986328e-03 5.464354415e-03
 5.576448234e-03 4.435692783e-03 2.222403796e-03-1.013135983e-03-5.639841180e-03
-1.146569021e-02-1.452943940e-02-1.402777668e-02-1.010733157e-02-7.254812689e-03
-4.991094804e-03-2.823071081e-03-4.554392805e-04 2.274622069e-03 5.428311962e-03
 9.004116203e-03 1.298169039e-02 1.735258337e-02 2.213039496e-02 2.734152556e-02
 3.298856097e-02 3.894941041e-02 4.475387277e-02 4.940995980e-02 5.193342699e-02
 5.213654469e-02 5.081403768e-02 4.896183393e-02 4.717765949e-02 4.564186940e-02
 4.439242747e-02 4.342807779e-02 4.273908584e-02 4.238413211e-02 4.247366388e-02
 4.318293539e-02 4.464279859e-02 4.684407600e-02 4.965288537e-02 5.285793002e-02
 5.623358082e-02 5.948234242e-02 6.216673009e-02 6.378032814e-02 6.398554252e-02
 6.285310470e-02 6.080866121e-02 5.833147666e-02 5.574589660e-02 5.321602139e-02
 5.081612082e-02 4.857611556e-02 4.650840706e-02 4.461916094e-02 4.291053287e-02
 4.138338746e-02 4.003783299e-02 3.889504051e-02 3.792642340e-02 3.711757293e-02
 1.399530073e-03 3.202189290e-03 5.812258478e-03 9.393259448e-03 1.392073242e-02
 1.513060263e-02 1.197023556e-02 8.732728550e-03 5.599774139e-03 2.395680719e-03
-5.057896928e-04-2.309006908e-03-2.577878949e-03-1.567818728e-03-1.325570295e-05
 1.754560390e-03 3.711583564e-03 5.913095436e-03 8.423880215e-03 1.130044041e-02
 1.459253377e-02 1.835432069e-02 2.266138321e-02 2.763460316e-02 3.347987481e-02
 4.057130490e-02 4.966750162e-02 6.262698086e-02 7.509927692e-02 7.837830601e-02
 7.190209427e-02 6.227505272e-02 5.654463704e-02 5.271190567e-02 4.996141956e-02
 4.787786664e-02 4.620148731e-02 4.473132097e-02 4.328684241e-02 4.184212181e-02
 4.163572452e-02 4.367954103e-02 4.784564166e-02 5.323478227e-02 5.896744113e-02
 6.528776274e-02 7.255854699e-02 8.030498833e-02 8.528837855e-02 8.512647641e-02
 7.969135059e-02 7.365026317e-02 6.870287418e-02 6.464217429e-02 6.121789627e-02
 5.826238759e-02 5.566820260e-02 5.336506254e-02 5.131065668e-02 4.947209500e-02
 4.783184480e-02 4.637664823e-02 4.509396027e-02 4.396009303e-02 4.294719644e-02
 1.902095855e-03 4.363781467e-03 7.931256374e-03 1.273756040e-02 1.844237263e-02
 2.013607315e-02 1.683448155e-02 1.395302147e-02 1.162843746e-02 9.681562979e-03
 8.126967763e-03 7.046063393e-03 6.538365685e-03 6.608226220e-03 7.186288039e-03
 8.189354678e-03 9.561631400e-03 1.128133975e-02 1.335176346e-02 1.579222373e-02
 1.863379474e-02 2.191986728e-02 2.571064734e-02 3.009070355e-02 3.517774125e-02
 4.112305873e-02 4.805050881e-02 5.564973438e-02 6.195016479e-02 6.451227665e-02
 6.296617214e-02 5.931898874e-02 5.584513697e-02 5.305950915e-02 5.088885461e-02
 4.917484084e-02 4.775402245e-02 4.644609790e-02 4.500719015e-02 4.304530047e-02
 4.236166798e-02 4.463930896e-02 5.007642199e-02 5.650649066e-02 6.293462047e-02
 7.002189636e-02 7.858775631e-02 8.951610816e-02 9.574476447e-02 9.493137582e-02
 8.700380845e-02 7.978632294e-02 7.443904442e-02 7.022317226e-02 6.673927134e-02
 6.376447216e-02 6.116760636e-02 5.886745960e-02 5.681141135e-02 5.496383081e-02
 5.329935121e-02 5.179861704e-02 5.044541505e-02 4.922525658e-02 4.813072574e-02
 2.220201306e-03 5.062289289e-03 9.109172302e-03 1.441166423e-02 2.052873955e-02
 2.236643315e-02 1.874590206e-02 1.697079861e-02 1.566428434e-02 1.451813919e-02
 1.354590282e-02 1.282497916e-02 1.240947704e-02 1.233011474e-02 1.259558621e-02
 1.320092145e-02 1.413711392e-02 1.539774540e-02 1.698171005e-02 1.889321426e-02
 2.114038011e-02 2.373293694e-02 2.667834862e-02 2.997432754e-02 3.359376475e-02
 3.745617078e-02 4.138265952e-02 4.505469714e-02 4.804413623e-02 5.004151850e-02
 5.096077530e-02 5.099501721e-02 5.052308108e-02 4.987113396e-02 4.924355907e-02
 4.874602626e-02 4.843090206e-02 4.833971849e-02 4.854930252e-02 4.922392595e-02
 5.061472955e-02 5.292599181e-02 5.616112763e-02 6.012012831e-02 6.453871541e-02
 6.916871499e-02 7.368342222e-02 7.752573087e-02 7.997466719e-02 8.057507342e-02
 7.948194869e-02 7.732752755e-02 7.474547897e-02 7.210644343e-02 6.957155664e-02
 6.719773050e-02 6.499813812e-02 6.296905180e-02 6.110083302e-02 5.938225449e-02
 5.780208141e-02 5.634953737e-02 5.501435595e-02 5.378682712e-02 5.266362738e-02
 2.417880486e-03 5.492232039e-03 9.831474404e-03 1.545599185e-02 2.186321173e-02
 2.395415838e-02 2.082665704e-02 1.950782813e-02 1.868646330e-02 1.791412930e-02
 1.724921606e-02 1.673331787e-02 1.640249715e-02 1.628518590e-02 1.640150905e-02
 1.676430291e-02 1.738105034e-02 1.825578579e-02 1.939029473e-02 2.078430360e-02
 2.243457500e-02 2.433283412e-02 2.646235330e-02 2.879300182e-02 3.127492592e-02
 3.383221203e-02 3.636021642e-02 3.873278325e-02 4.082445264e-02 4.253820123e-02
 4.388470320e-02 4.488108484e-02 4.560811666e-02 4.618122389e-02 4.670954976e-02
 4.728901303e-02 4.800236469e-02 4.892493222e-02 5.013085322e-02 5.169330117e-02
 5.367334069e-02 5.609848142e-02 5.894065418e-02 6.210622645e-02 6.543958842e-02
 6.873211650e-02 7.173485477e-02 7.418656548e-02 7.586696562e-02 7.666116643e-02
 7.659693039e-02 7.582472135e-02 7.455241687e-02 7.297881124e-02 7.125811740e-02
 6.949492556e-02 6.775388424e-02 6.607198544e-02 6.446854645e-02 6.295209405e-02
 6.152475247e-02 6.018492692e-02 5.892890671e-02 5.775158431e-02 5.663465064e-02
 2.560313870e-03 5.805355318e-03 1.036726222e-02 1.625257963e-02 2.295856148e-02
 2.538178295e-02 2.248220395e-02 2.151773848e-02 2.094704028e-02 2.040384266e-02
 1.990987638e-02 1.949570653e-02 1.919051056e-02 1.902013676e-02 1.900612199e-02
 1.916539057e-02 1.951040352e-02 2.004946371e-02 2.078690286e-02 2.172295434e-02
 2.285320722e-02 2.416762787e-02 2.564923934e-02 2.727270334e-02 2.900328542e-02
 3.079697350e-02 3.260270940e-02 3.436746579e-02 3.604399223e-02 3.759950894e-02
 3.902118798e-02 4.032087978e-02 4.155156640e-02 4.274115197e-02 4.394223454e-02
 4.520275708e-02 4.660207765e-02 4.819236058e-02 5.002715537e-02 5.214515537e-02
 5.455348177e-02 5.726342036e-02 6.025896395e-02 6.348464572e-02 6.682929886e-02
 7.010193588e-02 7.303269310e-02 7.535169300e-02 7.688041069e-02 7.755437275e-02
 7.743595616e-02 7.671293823e-02 7.561064226e-02 7.430041401e-02 7.288998733e-02
 7.144542145e-02 7.000740019e-02 6.860055155e-02 6.723907913e-02 6.593039577e-02
 6.467753185e-02 6.348073388e-02 6.233852551e-02 6.124868193e-02 6.022003157e-02
 2.684258574e-03 6.080684089e-03 1.084438517e-02 1.697052707e-02 2.394890617e-02
 2.665587580e-02 2.402557729e-02 2.321999300e-02 2.282315415e-02 2.239060746e-02
 2.195247525e-02 2.153985500e-02 2.118203993e-02 2.090500923e-02 2.073087481e-02
 2.067779812e-02 2.076008642e-02 2.098831221e-02 2.136936425e-02 2.190636359e-02
 2.259844640e-02 2.344047065e-02 2.442274716e-02 2.553095315e-02 2.674643702e-02
 2.804713722e-02 2.940924032e-02 3.080959678e-02 3.222864121e-02 3.365329331e-02
 3.507919427e-02 3.651168774e-02 3.796590135e-02 3.946920940e-02 4.104965348e-02
 4.273468525e-02 4.456914942e-02 4.659138855e-02 4.883824832e-02 5.134065441e-02
 5.411991839e-02 5.720562701e-02 6.063077313e-02 6.443472225e-02 6.867903178e-02
 7.361539792e-02 7.810989202e-02 8.126414776e-02 8.291960527e-02 8.297555373e-02
 8.145283068e-02 7.918830864e-02 7.743887302e-02 7.590211911e-02 7.449981444e-02
 7.318941068e-02 7.194654090e-02 7.075696276e-02 6.961206610e-02 6.850632406e-02
 6.743586839e-02 6.639769780e-02 6.538922287e-02 6.440781974e-02 6.344260724e-02
 2.809600952e-03 6.364066044e-03 1.134746017e-02 1.774954142e-02 2.502299570e-02
 2.799862287e-02 2.567184022e-02 2.503776354e-02 2.466820851e-02 2.419072950e-02
 2.366455087e-02 2.313218658e-02 2.262538935e-02 2.216927913e-02 2.178447859e-02
 2.148817681e-02 2.129466940e-02 2.121564666e-02 2.126033284e-02 2.143538985e-02
 2.174472100e-02 2.218933766e-02 2.276732928e-02 2.347400606e-02 2.430231500e-02
 2.524365361e-02 2.628871482e-02 2.742855158e-02 2.865580171e-02 2.996589933e-02
 3.135809037e-02 3.283603581e-02 3.440792816e-02 3.608610243e-02 3.788631555e-02
 3.982726269e-02 4.193021070e-02 4.421840018e-02 4.671707730e-02 4.945491223e-02
 5.246705014e-02 5.579900878e-02 5.951163134e-02 6.369358322e-02 6.848570382e-02
 7.408166880e-02 7.913775018e-02 8.252138678e-02 8.424133828e-02 8.424703516e-02
 8.247141277e-02 7.999976807e-02 7.818330730e-02 7.675627637e-02 7.555770354e-02
 7.449620156e-02 7.351763182e-02 7.258925675e-02 7.169109321e-02 7.081095765e-02
 6.994152327e-02 6.907851530e-02 6.821954895e-02 6.736321276e-02 6.650974369e-02
 2.937738844e-03 6.660633662e-03 1.189423334e-02 1.864836894e-02 2.644623988e-02
 3.020285245e-02 2.866142181e-02 2.757316679e-02 2.674596475e-02 2.593989195e-02
 2.514233969e-02 2.436292420e-02 2.361436956e-02 2.291011196e-02 2.226352333e-02
 2.168754193e-02 2.119448410e-02 2.079594806e-02 2.050361807e-02 2.032841380e-02
 2.027942842e-02 2.036378666e-02 2.058649699e-02 2.095029357e-02 2.145541440e-02
 2.210239875e-02 2.289094155e-02 2.381998982e-02 2.488828721e-02 2.609500368e-02
 2.744057183e-02 2.892698795e-02 3.055771298e-02 3.233759558e-02 3.427276609e-02
 3.637030521e-02 3.863789197e-02 4.108351375e-02 4.371546346e-02 4.654352116e-02
 4.958769363e-02 5.290672778e-02 5.656103870e-02 6.053088376e-02 6.485553198e-02
 6.953185061e-02 7.384267791e-02 7.694207648e-02 7.872080295e-02 7.903506914e-02
 7.841269876e-02 7.774130289e-02 7.709301279e-02 7.647940297e-02 7.590016940e-02
 7.533881367e-02 7.477858531e-02 7.420641504e-02 7.361341097e-02 7.299432537e-02
 7.234680267e-02 7.167068692e-02 7.096748777e-02 7.024015708e-02 6.949894086e-02
 3.048603643e-03 6.917721191e-03 1.236916567e-02 1.942953449e-02 2.762319853e-02
 3.190341992e-02 3.098078384e-02 2.961542373e-02 2.842647183e-02 2.728677175e-02
 2.619125666e-02 2.513116968e-02 2.410568241e-02 2.311916750e-02 2.217912276e-02
 2.129492741e-02 2.047710665e-02 1.973930643e-02 1.909651895e-02 1.856341381e-02
 1.815399539e-02 1.788131439e-02 1.775722148e-02 1.779217449e-02 1.799513295e-02
 1.837363947e-02 1.893359600e-02 1.967897658e-02 2.061141950e-02 2.172950244e-02
 2.303361132e-02 2.452504603e-02 2.620336061e-02 2.806702986e-02 3.011442865e-02
 3.234306159e-02 3.474902597e-02 3.732621385e-02 4.006477847e-02 4.294790204e-02
 4.593006933e-02 4.917207791e-02 5.267503818e-02 5.627506192e-02 5.993545272e-02
 6.348775308e-02 6.673105928e-02 6.949940285e-02 7.169189216e-02 7.330245454e-02
 7.441705723e-02 7.516423487e-02 7.565199166e-02 7.595138753e-02 7.610508012e-02
 7.613747783e-02 7.606266165e-02 7.588959739e-02 7.562516513e-02 7.527573195e-02
 7.484785239e-02 7.434848358e-02 7.378494327e-02 7.316454111e-02 7.248299746e-02
 3.122786328e-03 7.085647637e-03 1.266710671e-02 1.988857296e-02 2.825958747e-02
 3.270034434e-02 3.187770005e-02 3.053073580e-02 2.922930714e-02 2.792657222e-02
 2.662290232e-02 2.532369934e-02 2.403463419e-02 2.276250653e-02 2.151553876e-02
 2.030334689e-02 1.914003951e-02 1.804322923e-02 1.703144740e-02 1.612376798e-02
 1.533943626e-02 1.469749350e-02 1.421640106e-02 1.391366856e-02 1.380549103e-02
 1.390638809e-02 1.422882424e-02 1.478282161e-02 1.557559599e-02 1.661127498e-02
 1.789088155e-02 1.941164231e-02 2.116563792e-02 2.313944259e-02 2.532808099e-02
 2.772209767e-02 3.030939566e-02 3.307572098e-02 3.600394511e-02 3.907333300e-02
 4.225787595e-02 4.555130781e-02 4.888537349e-02 5.242173431e-02 5.600887585e-02
 5.944209945e-02 6.264975054e-02 6.557297854e-02 6.816556359e-02 7.040600643e-02
 7.229835312e-02 7.386503312e-02 7.513669457e-02 7.614424576e-02 7.691503204e-02
 7.747214375e-02 7.783521965e-02 7.802161228e-02 7.804736484e-02 7.792782958e-02
 7.767795012e-02 7.731230046e-02 7.684498386e-02 7.628965168e-02 7.566731852e-02
 3.159574316e-03 7.166226197e-03 1.280317336e-02 2.008446514e-02 2.853685360e-02
 3.306649514e-02 3.214632051e-02 3.077359763e-02 2.939719762e-02 2.796078246e-02
 2.647657104e-02 2.495594838e-02 2.340932289e-02 2.184686928e-02 2.027913518e-02
 1.872076683e-02 1.719169136e-02 1.571352173e-02 1.430934081e-02 1.300340991e-02
 1.182080058e-02 1.078696247e-02 9.927236449e-03 9.266322707e-03 8.827714765e-03
 8.633111543e-03 8.701816355e-03 9.050141079e-03 9.690833287e-03 1.063254138e-02
 1.187930853e-02 1.343005883e-02 1.527812019e-02 1.741095789e-02 1.981024721e-02
 2.244933485e-02 2.530538457e-02 2.836038291e-02 3.159292275e-02 3.497969803e-02
 3.849562863e-02 4.211386793e-02 4.580653558e-02 4.954119459e-02 5.326423718e-02
 5.690802947e-02 6.040889874e-02 6.371190788e-02 6.677206559e-02 6.955543516e-02
 7.203955590e-02 7.421266335e-02 7.607201759e-02 7.762200500e-02 7.887251539e-02
 7.983773592e-02 8.053524723e-02 8.098524315e-02 8.120975444e-02 8.123184792e-02
 8.107483682e-02 8.076156230e-02 8.031379700e-02 7.975171461e-02 7.909071990e-02
 3.168279347e-03 7.183397562e-03 1.282728938e-02 2.010883646e-02 2.851505538e-02
 3.293815401e-02 3.207076890e-02 3.064390135e-02 2.914615767e-02 2.755023060e-02
 2.586861858e-02 2.411255963e-02 2.229302920e-02 2.042108239e-02 1.851094112e-02
 1.658412707e-02 1.466445933e-02 1.277801046e-02 1.095296096e-02 9.219328663e-03
 7.608581130e-03 6.153137046e-03 4.885766917e-03 3.838906961e-03 3.043904238e-03
 2.530214451e-03 2.324577895e-03 2.450199897e-03 2.925962626e-03 3.765692094e-03
 4.977501142e-03 6.563217172e-03 8.517912333e-03 1.082954858e-02 1.347869322e-02
 1.643828591e-02 1.967388832e-02 2.314195231e-02 2.680963443e-02 3.065117218e-02
 3.463857261e-02 3.874109152e-02 4.292405299e-02 4.714757009e-02 5.136577076e-02
 5.552760215e-02 5.957904001e-02 6.346562825e-02 6.713481267e-02 7.053811699e-02
 7.363325412e-02 7.638612137e-02 7.877251256e-02 8.077931911e-02 8.240498932e-02
 8.365908948e-02 8.456096054e-02 8.513764464e-02 8.542139919e-02 8.544716860e-02
 8.525033397e-02 8.486494473e-02 8.432250172e-02 8.365120905e-02 8.287492377e-02
 3.158183108e-03 7.158708794e-03 1.277873840e-02 2.002401051e-02 2.839847230e-02
 3.279816017e-02 3.177881532e-02 3.024907006e-02 2.859383136e-02 2.680864381e-02
 2.490247587e-02 2.288487327e-02 2.076567050e-02 1.855634104e-02 1.627829305e-02
 1.395596183e-02 1.161686542e-02 9.291591534e-03 7.013651390e-03 4.819192797e-03
 2.746563760e-03 8.357266760e-04-8.724694186e-04-2.337142861e-03-3.518335947e-03
-4.378042981e-03-4.881273077e-03-4.997107091e-03-4.699707485e-03-3.969242492e-03
-2.792692340e-03-1.164512037e-03 9.128632330e-04 3.428672026e-03 6.363633389e-03
 9.689869101e-03 1.337091232e-02 1.736173021e-02 2.160917331e-02 2.605588321e-02
 3.067510812e-02 3.543714456e-02 4.030863420e-02 4.525133272e-02 5.022105254e-02
 5.516686041e-02 6.003071576e-02 6.474776378e-02 6.924760613e-02 7.345694543e-02
 7.730385903e-02 8.072351935e-02 8.366454646e-02 8.609465282e-02 8.800414243e-02
 8.940628566e-02 9.033445010e-02 9.083677790e-02 9.096978558e-02 9.079230709e-02
 9.036076901e-02 8.972616744e-02 8.893261142e-02 8.801719469e-02 8.701782506e-02
 3.136022398e-03 7.107239905e-03 1.268383067e-02 1.986931083e-02 2.815907808e-02
 3.244489977e-02 3.131723186e-02 2.966021502e-02 2.782314313e-02 2.582239551e-02
 2.366502616e-02 2.135831312e-02 1.891003337e-02 1.633819596e-02 1.366600665e-02
 1.092052709e-02 8.132823365e-03 5.337981283e-03 2.574972904e-03-1.136494986e-04
-2.682246292e-03-5.082775582e-03-7.265665088e-03-9.180853412e-03-1.077897116e-02
-1.201262102e-02-1.283770650e-02-1.321475282e-02-1.311016151e-02-1.249734281e-02
-1.135767755e-02-9.681272402e-03-7.467487786e-03-4.725235403e-03-1.473063056e-03
 2.260943468e-03 6.439394695e-03 1.101589934e-02 1.593533612e-02 2.113408358e-02
 2.654107570e-02 3.213362855e-02 3.788573642e-02 4.376645594e-02 4.973737360e-02
 5.574949746e-02 6.173965008e-02 6.762687102e-02 7.331005811e-02 7.866896521e-02
 8.357106008e-02 8.788551595e-02 9.150240090e-02 9.435168670e-02 9.641568499e-02
 9.773061629e-02 9.837686004e-02 9.846147783e-02 9.809917119e-02 9.739731358e-02
 9.644754577e-02 9.532320674e-02 9.408042201e-02 9.276061953e-02 9.138164956e-02
 3.106434129e-03 7.039276598e-03 1.256037068e-02 1.967163158e-02 2.785262231e-02
 3.198915899e-02 3.079001321e-02 2.894196533e-02 2.690298115e-02 2.466631977e-02
 2.223593913e-02 1.961628427e-02 1.681865772e-02 1.386330727e-02 1.077491823e-02
 7.582951928e-03 4.321865576e-03 1.031187812e-03-2.244586890e-03-5.456313745e-03
-8.550744808e-03-1.147131835e-02-1.415918718e-02-1.655446664e-02-1.859766647e-02
-2.023125428e-02-2.140128502e-02-2.205902110e-02-2.216246394e-02-2.167772022e-02
-2.058013572e-02-1.885514507e-02-1.649880651e-02-1.351801474e-02-9.930409293e-03
-5.764021390e-03-1.056723498e-03 4.144437208e-03 9.783931102e-03 1.579831597e-02
 2.211651299e-02 2.867407923e-02 3.546201924e-02 4.246886763e-02 4.967737800e-02
 5.705909669e-02 6.456580493e-02 7.211662596e-02 7.958062687e-02 8.675915656e-02
 9.338196182e-02 9.913823035e-02 1.037457450e-01 1.070259939e-01 1.089500334e-01
 1.096428350e-01 1.093440658e-01 1.083358835e-01 1.068731491e-01 1.051488855e-01
 1.032937429e-01 1.013901061e-01 9.948730045e-02 9.761350627e-02 9.579086810e-02
 3.072738033e-03 6.962157050e-03 1.242096920e-02 1.944992200e-02 2.756210802e-02
 3.164463940e-02 3.015933318e-02 2.815065897e-02 2.589786660e-02 2.341221173e-02
 2.069508180e-02 1.774924692e-02 1.459045849e-02 1.123929920e-02 7.721656001e-03
 4.069146926e-03 3.194344347e-04-3.483626525e-03-7.290050990e-03-1.104403742e-02
-1.468456293e-02-1.814627763e-02-2.136069799e-02-2.425767858e-02-2.676711945e-02
-2.882084503e-02-3.035457097e-02-3.130986229e-02-3.163597924e-02-3.129150975e-02
-3.024569827e-02-2.847940059e-02-2.598562011e-02-2.276961072e-02-1.884856250e-02
-1.425091379e-02-9.015356917e-03-3.189622166e-03 3.170862288e-03 1.000433976e-02
 1.724402063e-02 2.481911997e-02 3.270276497e-02 4.091852906e-02 4.949478364e-02
 5.846273317e-02 6.785062056e-02 7.766917438e-02 8.787577008e-02 9.828392340e-02
 1.083642090e-01 1.171300655e-01 1.236261498e-01 1.273522582e-01 1.282517910e-01
 1.267533349e-01 1.237619817e-01 1.202260115e-01 1.166679965e-01 1.132877566e-01
 1.101445058e-01 1.072413115e-01 1.045597217e-01 1.020744389e-01 9.975975505e-02
 3.037581661e-03 6.881791919e-03 1.227595816e-02 1.921952708e-02 2.719030441e-02
 3.107216248e-02 2.954845441e-02 2.733806768e-02 2.486721850e-02 2.212912480e-02
 1.912130667e-02 1.585000862e-02 1.233073824e-02 8.584374229e-03 4.637850858e-03
 5.247414843e-04-3.714299881e-03-8.031290530e-03-1.237091838e-02-1.667083841e-02
-2.086230643e-02-2.487117506e-02-2.861925588e-02-3.202602635e-02-3.501063213e-02
-3.749410767e-02-3.940171291e-02-4.066526534e-02-4.122533741e-02-4.103319065e-02
-4.005233106e-02-3.825959439e-02-3.564570169e-02-3.221526266e-02-2.798624029e-02
-2.298892280e-02-1.726447141e-02-1.086312214e-02-3.842113499e-03 3.736612243e-03
 1.180893713e-02 2.031143272e-02 2.918497364e-02 3.847816759e-02 4.827088719e-02
 5.867385524e-02 6.984188391e-02 8.199561741e-02 9.546129473e-02 1.107655289e-01
 1.290171918e-01 1.448931196e-01 1.552000749e-01 1.592871896e-01 1.569503350e-01
 1.492442949e-01 1.389481646e-01 1.311785141e-01 1.249567027e-01 1.198161253e-01
 1.154676571e-01 1.117147845e-01 1.084183260e-01 1.054771151e-01 1.028123056e-01
 3.003282092e-03 6.803413578e-03 1.213462849e-02 1.899532357e-02 2.686902396e-02
 3.064180405e-02 2.894280608e-02 2.654973088e-02 2.386853208e-02 2.088691748e-02
 1.759961599e-02 1.401612758e-02 1.015124189e-02 6.025809717e-03 1.667519582e-03
-2.888400612e-03-7.598624150e-03-1.241137669e-02-1.726636584e-02-2.209505217e-02
-2.682131348e-02-3.136253676e-02-3.563114712e-02-3.953655276e-02-4.298745056e-02
-4.589440268e-02-4.817256250e-02-4.974440500e-02-5.054230373e-02-5.051079731e-02
-4.960840458e-02-4.780887618e-02-4.510181047e-02-4.149260680e-02-3.700177493e-02
-3.166365860e-02-2.552466002e-02-1.864106481e-02-1.107656159e-02-2.899524421e-03
 5.819921373e-03 1.501309492e-02 2.461631537e-02 3.462428774e-02 4.513192801e-02
 5.627218768e-02 6.823562601e-02 8.130341415e-02 9.590444858e-02 1.127149161e-01
 1.332696755e-01 1.495017661e-01 1.649040852e-01 1.672218817e-01 1.639235681e-01
 1.549914557e-01 1.431283852e-01 1.344067141e-01 1.276002050e-01 1.221089000e-01
 1.175463662e-01 1.136582598e-01 1.102721524e-01 1.072679428e-01 1.045681751e-01
 2.971924540e-03 6.731758145e-03 1.200544707e-02 1.879046924e-02 2.658725535e-02
 3.027743053e-02 2.836404003e-02 2.582922054e-02 2.295608294e-02 1.975101445e-02
 1.621074970e-02 1.234398108e-02 8.164956753e-03 3.694466812e-03-1.039216261e-03
-5.999488787e-03-1.114072524e-02-1.640782045e-02-2.173604244e-02-2.705127013e-02
-3.227067928e-02-3.730392037e-02-4.205480392e-02-4.642347356e-02-5.030900660e-02
-5.361234037e-02-5.623938485e-02-5.810415290e-02-5.913172323e-02-5.926085222e-02
-5.844606902e-02-5.665912372e-02-5.388970681e-02-5.014541381e-02-4.545098573e-02
-3.984690632e-02-3.338747547e-02-2.613850028e-02-1.817474959e-02-9.577303328e-03
-4.308978798e-04 9.178678920e-03 1.916716117e-02 2.945455256e-02 4.007413966e-02
 5.109797275e-02 6.261384789e-02 7.472372677e-02 8.753160515e-02 1.010876773e-01
 1.149879784e-01 1.269764691e-01 1.361691703e-01 1.412607821e-01 1.417789129e-01
 1.384108791e-01 1.330924369e-01 1.280229720e-01 1.235219455e-01 1.195495487e-01
 1.160236797e-01 1.128635838e-01 1.099998969e-01 1.073758693e-01 1.049352602e-01
 2.945352384e-03 6.671031893e-03 1.189597179e-02 1.861670286e-02 2.630483952e-02
 2.983523640e-02 2.792021947e-02 2.521961375e-02 2.218273713e-02 1.878808026e-02
 1.503350537e-02 1.092670347e-02 6.481284436e-03 1.717846605e-03-3.334968121e-03
-8.639506297e-03-1.414829875e-02-1.980350486e-02-2.553669379e-02-3.126904820e-02
-3.691206477e-02-4.236880442e-02-4.753571432e-02-5.230500357e-02-5.656750869e-02
-6.021593714e-02-6.314833346e-02-6.527157804e-02-6.650470998e-02-6.678186577e-02
-6.605464680e-02-6.429377028e-02-6.148991495e-02-5.765373915e-02-5.281511672e-02
-4.702169796e-02-4.033695207e-02-3.283788113e-02-2.461261284e-02-1.575808367e-02
-6.378024706e-03 3.418526699e-03 1.351791774e-02 2.380134918e-02 3.418189995e-02
 4.466012412e-02 5.521758469e-02 6.579995146e-02 7.628803014e-02 8.645554574e-02
 9.593520966e-02 1.042555111e-01 1.109644592e-01 1.157514831e-01 1.185442664e-01
 1.195546810e-01 1.192150638e-01 1.180112369e-01 1.163269315e-01 1.144054381e-01
 1.123849578e-01 1.103399646e-01 1.083090752e-01 1.063114314e-01 1.043614388e-01
 2.925109225e-03 6.624764861e-03 1.181256184e-02 1.848452878e-02 2.613949384e-02
 2.965781778e-02 2.754457600e-02 2.475426773e-02 2.159352547e-02 1.805433206e-02
 1.413633263e-02 9.846413355e-03 5.197619998e-03 2.103248875e-04-5.086625831e-03
-1.065485063e-02-1.644553876e-02-2.239881612e-02-2.844346805e-02-3.449711377e-02
-4.046691588e-02-4.625088579e-02-5.173981260e-02-5.681979941e-02-6.137534041e-02
-6.529281956e-02-6.846426262e-02-7.079113595e-02-7.218796421e-02-7.258553943e-02
-7.193351729e-02-7.020224319e-02-6.738371428e-02-6.349165823e-02-5.856078615e-02
-5.264534634e-02-4.581716161e-02-3.816337021e-02-2.978410782e-02-2.079036884e-02
-1.130227210e-02-1.447936235e-03 8.636854002e-03 1.880804717e-02 2.891176748e-02
 3.888626871e-02 4.867900431e-02 5.820950079e-02 6.736328190e-02 7.598971494e-02
 8.390910493e-02 9.093318176e-02 9.689694534e-02 1.016927884e-01 1.052953978e-01
 1.077678435e-01 1.092451137e-01 1.099012707e-01 1.099145266e-01 1.094431109e-01
 1.086154045e-01 1.075301735e-01 1.062613114e-01 1.048634862e-01 1.033797892e-01
 2.912367813e-03 6.595639110e-03 1.176004768e-02 1.840116921e-02 2.599841101e-02
 2.943232119e-02 2.732566459e-02 2.446207640e-02 2.122321253e-02 1.759330909e-02
 1.357272197e-02 9.167791348e-03 4.391180186e-03-7.369097030e-04-6.187532568e-03
-1.192187700e-02-1.789031393e-02-2.403171129e-02-3.027311820e-02-3.652991943e-02
-4.270654959e-02-4.869783331e-02-5.439098257e-02-5.966823660e-02-6.441007640e-02
-6.849888957e-02-7.182290919e-02-7.428020927e-02-7.578251638e-02-7.625859697e-02
-7.565700542e-02-7.394802686e-02-7.112471773e-02-6.720302608e-02-6.222105566e-02
-5.623761114e-02-4.933021988e-02-4.159286225e-02-3.313365526e-02-2.407272435e-02
-1.454046704e-02-4.676363332e-03 5.371576205e-03 1.544671183e-02 2.538309331e-02
 3.506730075e-02 4.444703540e-02 5.345248841e-02 6.199758341e-02 6.998380043e-02
 7.730735511e-02 8.386965844e-02 8.958967802e-02 9.441562390e-02 9.833296748e-02
 1.013665172e-01 1.035759755e-01 1.050464453e-01 1.058767785e-01 1.061687655e-01
 1.060190934e-01 1.055145771e-01 1.047301635e-01 1.037286876e-01 1.025547195e-01
 2.907874916e-03 6.585362330e-03 1.174149960e-02 1.837166107e-02 2.594871955e-02
 2.935056593e-02 2.725382542e-02 2.435951603e-02 2.109385041e-02 1.743286091e-02
 1.337702129e-02 8.932510330e-03 4.111875232e-03-1.064731958e-03-6.568325548e-03
-1.235994161e-02-1.838966464e-02-2.459592375e-02-3.090516296e-02-3.723198845e-02
-4.347988436e-02-4.954256504e-02-5.530599649e-02-6.065107277e-02-6.545687884e-02
-6.960441392e-02-7.298059598e-02-7.548232615e-02-7.702036796e-02-7.752279651e-02
-7.693779843e-02-7.523565389e-02-7.240980190e-02-6.847697168e-02-6.347644576e-02
-5.746859556e-02-5.053288833e-02-4.276560001e-02-3.427747909e-02-2.519159080e-02
-1.564153179e-02-5.770142488e-03 4.271240970e-03 1.432306615e-02 2.421759282e-02
 3.382507187e-02 4.309541420e-02 5.196424365e-02 6.035526084e-02 6.818453122e-02
 7.536682679e-02 8.182361500e-02 8.749165540e-02 9.233068271e-02 9.632857760e-02
 9.950287404e-02 1.018983206e-01 1.035811947e-01 1.046317871e-01 1.051366682e-01
 1.051820362e-01 1.048488485e-01 1.042098583e-01 1.033284984e-01 1.022681791e-01
 2.911912960e-03 6.594590213e-03 1.175812792e-02 1.839812808e-02 2.602092727e-02
 2.950478998e-02 2.729672879e-02 2.445278267e-02 2.121377662e-02 1.758308953e-02
 1.356147167e-02 9.155316801e-03 4.377322774e-03-7.522791163e-04-6.204514122e-03
-1.194053925e-02-1.791068927e-02-2.405379012e-02-3.029684242e-02-3.655517590e-02
-4.273316416e-02-4.872556594e-02-5.441952426e-02-5.969720845e-02-6.443903125e-02
-6.852731602e-02-7.185023785e-02-7.430582030e-02-7.580574723e-02-7.627874862e-02
-7.567334520e-02-7.395978557e-02-7.113107862e-02-6.720310328e-02-6.221385967e-02
-5.622199920e-02-4.930482959e-02-4.155602749e-02-3.308330515e-02-2.400626874e-02
-1.445467709e-02-4.567264832e-03 5.508765130e-03 1.561754728e-02 2.559372874e-02
 3.532632476e-02 4.476289599e-02 5.383233753e-02 6.244566911e-02 7.049961949e-02
 7.788404707e-02 8.449328651e-02 9.023993050e-02 9.506805760e-02 9.896236335e-02
 1.019504659e-01 1.040976774e-01 1.054960129e-01 1.062509408e-01 1.064694397e-01
 1.062515008e-01 1.056854382e-01 1.048462151e-01 1.037954802e-01 1.025725814e-01
 2.924256979e-03 6.622813014e-03 1.180902921e-02 1.847878130e-02 2.610360896e-02
 2.955971347e-02 2.754591564e-02 2.473872871e-02 2.157608582e-02 1.803499289e-02
 1.411480121e-02 9.822414528e-03 5.170912136e-03 1.807063553e-04-5.119309257e-03
-1.069069665e-02-1.648457784e-02-2.244099964e-02-2.848865599e-02-3.454506282e-02
-4.051726900e-02-4.630316433e-02-5.179341200e-02-5.687398932e-02-6.142926978e-02
-6.534552666e-02-6.851468923e-02-7.083814441e-02-7.223035499e-02-7.262206615e-02
-7.196289567e-02-7.022314960e-02-6.739476935e-02-6.349139080e-02-5.854757264e-02
-5.261732059e-02-4.577209026e-02-3.809848852e-02-2.969591134e-02-2.067435719e-02
-1.115264395e-02-1.257240916e-03 8.878088953e-03 1.911165318e-02 2.929198381e-02
 3.936362510e-02 4.927619914e-02 5.894939706e-02 6.826480444e-02 7.706144789e-02
 8.514194003e-02 9.229529456e-02 9.833437950e-02 1.031365926e-01 1.066738349e-01
 1.090201052e-01 1.103314821e-01 1.108058432e-01 1.106408180e-01 1.100065102e-01
 1.090363534e-01 1.078296090e-01 1.064582053e-01 1.049738459e-01 1.034183482e-01
 2.944169604e-03 6.668336732e-03 1.189112952e-02 1.860914234e-02 2.630952726e-02
 2.987491235e-02 2.788848009e-02 2.519756032e-02 2.215855938e-02 1.876093920e-02
 1.500306992e-02 1.089267829e-02 6.443412305e-03 1.675920603e-03-3.381091253e-03
-8.689891680e-03-1.420291782e-02-1.986221920e-02-2.559923922e-02-3.133502017e-02
-3.698090646e-02-4.243979902e-02-4.760798283e-02-5.237750926e-02-5.663906885e-02
-6.028524208e-02-6.321397177e-02-6.533206626e-02-6.655852367e-02-6.682746795e-02
-6.609050911e-02-6.431838137e-02-6.150177020e-02-5.765130540e-02-5.279676559e-02
-4.698560027e-02-4.028092531e-02-3.275917973e-02-2.450764806e-02-1.562205589e-02
-6.204445028e-03 3.638454990e-03 1.379609818e-02 2.415386987e-02 3.463402563e-02
 4.524589429e-02 5.598221245e-02 6.680143423e-02 7.759489563e-02 8.813233533e-02
 9.800584919e-02 1.066655684e-01 1.135834847e-01 1.183931417e-01 1.210045773e-01
 1.216707044e-01 1.209142688e-01 1.193122238e-01 1.172920482e-01 1.151018538e-01
 1.128701271e-01 1.106592526e-01 1.084971519e-01 1.063943814e-01 1.043590247e-01
 2.970457520e-03 6.728426674e-03 1.199948924e-02 1.878109468e-02 2.656652127e-02
 3.023869789e-02 2.835265266e-02 2.580289131e-02 2.292620757e-02 1.971724839e-02
 1.617279113e-02 1.230156038e-02 8.117859539e-03 3.642547880e-03-1.096018070e-03
-6.061134374e-03-1.120705808e-02-1.647854932e-02-2.181072517e-02-2.712929982e-02
-3.235127461e-02-3.738612173e-02-4.213747699e-02-4.650532167e-02-5.038859247e-02
-5.368811723e-02-5.630973592e-02-5.816743693e-02-5.918632298e-02-5.930522153e-02
-5.847877349e-02-5.667886940e-02-5.389535086e-02-5.013595121e-02-4.542550564e-02
-3.980451140e-02-3.332715596e-02-2.605895242e-02-1.807412251e-02-9.452849587e-03
-2.784862583e-04 9.365257374e-03 1.939719013e-02 2.974164087e-02 4.044177790e-02
 5.158168209e-02 6.326850550e-02 7.563699949e-02 8.885170453e-02 1.030999247e-01
 1.183235726e-01 1.310645398e-01 1.410933320e-01 1.462953665e-01 1.462294515e-01
 1.417211659e-01 1.350541941e-01 1.292720646e-01 1.243312234e-01 1.200638969e-01
 1.163306158e-01 1.130191540e-01 1.100413157e-01 1.073284526e-01 1.048152086e-01
 3.001548261e-03 6.799487028e-03 1.212763188e-02 1.898432405e-02 2.684385838e-02
 3.058486939e-02 2.891938716e-02 2.651906943e-02 2.383362867e-02 2.084743654e-02
 1.755526935e-02 1.396672955e-02 1.009669039e-02 5.966095637e-03 1.602740681e-03
-2.958024227e-03-7.672734045e-03-1.248946066e-02-1.734774445e-02-2.217886888e-02
-2.690653034e-02-3.144793747e-02-3.571534925e-02-3.961803043e-02-4.306456853e-02
-4.596546147e-02-4.823585374e-02-4.979827482e-02-5.058522104e-02-5.054142306e-02
-4.962565748e-02-4.781199002e-02-4.509037839e-02-4.146660837e-02-3.696158236e-02
-3.161001949e-02-2.545865474e-02-1.856403690e-02-1.099001957e-02-2.805013498e-03
 5.920981169e-03 1.511961613e-02 2.472791032e-02 3.474206190e-02 4.525916978e-02
 5.641550854e-02 6.840693262e-02 8.152316821e-02 9.620570360e-02 1.131368583e-01
 1.331913031e-01 1.506343267e-01 1.620010008e-01 1.665935203e-01 1.639262829e-01
 1.550144747e-01 1.434038317e-01 1.345258302e-01 1.276029939e-01 1.220279184e-01
 1.174027743e-01 1.134655384e-01 1.100390205e-01 1.070001898e-01 1.042718548e-01
 3.035564349e-03 6.877235492e-03 1.226786733e-02 1.920704269e-02 2.720388937e-02
 3.114349212e-02 2.949518040e-02 2.730259841e-02 2.482745070e-02 2.208433785e-02
 1.907114119e-02 1.579446191e-02 1.226990021e-02 8.518450296e-03 4.567175625e-03
 4.497919370e-04-3.792891295e-03-8.112724306e-03-1.245421928e-02-1.675485150e-02
-2.094569982e-02-2.495245130e-02-2.869677380e-02-3.209803471e-02-3.507531587e-02
-3.754964676e-02-3.944635279e-02-4.069739726e-02-4.124358593e-02-4.103650494e-02
-4.004007654e-02-3.823164096e-02-3.560250571e-02-3.215794049e-02-2.791663298e-02
-2.290965351e-02-1.717899976e-02-1.077580449e-02-3.758285063e-03 3.810513041e-03
 1.186516723e-02 2.034059145e-02 2.917502962e-02 3.841327957e-02 4.812962219e-02
 5.842566449e-02 6.944083801e-02 8.136888665e-02 9.448753274e-02 1.092407234e-01
 1.270803743e-01 1.433140999e-01 1.543694249e-01 1.564834087e-01 1.539820994e-01
 1.469112239e-01 1.371694026e-01 1.299058781e-01 1.239895950e-01 1.190373424e-01
 1.148074325e-01 1.111298671e-01 1.078808355e-01 1.049683528e-01 1.023165895e-01
 3.070376811e-03 6.956838614e-03 1.241155938e-02 1.943524293e-02 2.750958807e-02
 3.152272788e-02 3.014405314e-02 2.811103191e-02 2.585254890e-02 2.336143227e-02
 2.063868047e-02 1.768738433e-02 1.452347463e-02 1.116768186e-02 7.646045247e-03
 3.990343554e-03 2.384075356e-04-3.565733225e-03-7.371916071e-03-1.112416399e-02
-1.476128824e-02-1.821779201e-02-2.142507497e-02-2.431291744e-02-2.681120110e-02
-2.885180113e-02-3.037056580e-02-3.130928581e-02-3.161754937e-02-3.125438138e-02
-3.018957643e-02-2.840465530e-02-2.589340108e-02-2.266196088e-02-1.872853064e-02
-1.412266878e-02-8.884309275e-03-3.062561125e-03 3.285607143e-03 1.009667442e-02
 1.730174905e-02 2.482747618e-02 3.264283433e-02 4.076615395e-02 4.921841330e-02
 5.802026781e-02 6.718469337e-02 7.670039154e-02 8.649473030e-02 9.635255880e-02
 1.057763570e-01 1.139531712e-01 1.200990474e-01 1.237732538e-01 1.249275610e-01
 1.239301737e-01 1.215142635e-01 1.184598395e-01 1.152573478e-01 1.121319629e-01
 1.091706132e-01 1.063971914e-01 1.038079072e-01 1.013876999e-01 9.911955695e-02
 3.103606515e-03 7.032929420e-03 1.254919003e-02 1.965443165e-02 2.783320582e-02
 3.197559145e-02 3.074083899e-02 2.889489060e-02 2.685025357e-02 2.460777373e-02
 2.217175327e-02 1.954668388e-02 1.674432677e-02 1.378509341e-02 1.069383701e-02
 7.500186123e-03 4.238769479e-03 9.492896166e-04-2.323586019e-03-5.530546105e-03
-8.618190178e-03-1.152982752e-02-1.420651661e-02-1.658832555e-02-1.861577704e-02
-2.023142512e-02-2.138149757e-02-2.201752805e-02-2.209789834e-02-2.158921396e-02
-2.046744577e-02-1.871878635e-02-1.634019046e-02-1.333959307e-02-9.735822834e-03
-5.558252585e-03-8.462481445e-04 4.351498299e-03 9.977641507e-03 1.596678559e-02
 2.224583714e-02 2.874859684e-02 3.546239813e-02 4.237192177e-02 4.945559865e-02
 5.668033372e-02 6.399354537e-02 7.131180944e-02 7.850668024e-02 8.539218299e-02
 9.172549641e-02 9.723546462e-02 1.016791734e-01 1.049027617e-01 1.068796246e-01
 1.077141574e-01 1.076095125e-01 1.068095696e-01 1.055418691e-01 1.039860905e-01
 1.022695030e-01 1.004762183e-01 9.865923062e-02 9.685074508e-02 9.507751785e-02
 3.132501067e-03 7.099374765e-03 1.267007341e-02 1.984834378e-02 2.814705886e-02
 3.245678032e-02 3.126958268e-02 2.960302232e-02 2.775926442e-02 2.575239725e-02
 2.358948957e-02 2.127788277e-02 1.882545192e-02 1.625076730e-02 1.357717207e-02
 1.083188554e-02 8.046134102e-03 5.255166598e-03 2.498116819e-03-1.823081141e-04
-2.740328116e-03-5.127784427e-03-7.295022016e-03-9.191942336e-03-1.076919646e-02
-1.197947729e-02-1.277886019e-02-1.312813555e-02-1.299407448e-02-1.235057230e-02
-1.117962210e-02-9.472082159e-03-7.228217600e-03-4.458012697e-03-1.181268996e-03
 2.572478690e-03 6.764177384e-03 1.134556381e-02 1.625955759e-02 2.144045946e-02
 2.681759146e-02 3.236514379e-02 3.805466461e-02 4.385304011e-02 4.972030264e-02
 5.560687877e-02 6.145047838e-02 6.717317625e-02 7.267982947e-02 7.785960888e-02
 8.259255069e-02 8.676188523e-02 9.027035331e-02 9.305612277e-02 9.510317176e-02
 9.644265528e-02 9.714487294e-02 9.730471780e-02 9.702552542e-02 9.640590989e-02
 9.553183004e-02 9.447359235e-02 9.328618359e-02 9.201102924e-02 9.066423576e-02
 3.153543529e-03 7.148397679e-03 1.276083638e-02 1.999684633e-02 2.833992088e-02
 3.267844314e-02 3.172135664e-02 3.017524019e-02 2.851293335e-02 2.672145011e-02
 2.480998826e-02 2.278820421e-02 2.066594275e-02 1.845521873e-02 1.617763161e-02
 1.385775020e-02 1.152323474e-02 9.204817877e-03 6.936157649e-03 4.753545299e-03
 2.695461653e-03 8.019826626e-04-8.859577423e-04-2.327431354e-03-3.482481891e-03
-4.313162551e-03-4.784607761e-03-4.866098972e-03-4.532083720e-03-3.763110251e-03
-2.546645233e-03-8.777536564e-04 1.240373253e-03 3.796038748e-03 6.768796310e-03
 1.012932749e-02 1.383944032e-02 1.785201379e-02 2.211122474e-02 2.656140659e-02
 3.117215250e-02 3.591069334e-02 4.074093399e-02 4.562290417e-02 5.051209104e-02
 5.535879511e-02 6.010769692e-02 6.469798601e-02 6.906446533e-02 7.313997625e-02
 7.685927184e-02 8.016407855e-02 8.300859894e-02 8.536432545e-02 8.722298830e-02
 8.859684600e-02 8.951622463e-02 9.002495054e-02 9.017480429e-02 9.002018001e-02
 8.961380722e-02 8.900389723e-02 8.823265406e-02 8.733605836e-02 8.635368566e-02
 3.161778126e-03 7.168988344e-03 1.280238288e-02 2.007153953e-02 2.848668078e-02
 3.294885929e-02 3.197770116e-02 3.054513396e-02 2.904024045e-02 2.743767739e-02
 2.575128698e-02 2.399231317e-02 2.217166538e-02 2.030029177e-02 1.839295247e-02
 1.647126257e-02 1.455913149e-02 1.268274814e-02 1.087042404e-02 9.152313804e-03
 7.560017870e-03 6.126074778e-03 4.883353688e-03 3.864361193e-03 3.100480551e-03
 2.621165477e-03 2.453112486e-03 2.619439038e-03 3.138893534e-03 4.025120043e-03
 5.285990679e-03 6.923022446e-03 8.930885644e-03 1.129701297e-02 1.400125177e-02
 1.701557450e-02 2.030417157e-02 2.382057573e-02 2.753469690e-02 3.141652069e-02
 3.543294093e-02 3.954697041e-02 4.371789354e-02 4.790207710e-02 5.205403728e-02
 5.612688595e-02 6.007244395e-02 6.384205149e-02 6.738834825e-02 7.066755440e-02
 7.364174073e-02 7.628078686e-02 7.856387317e-02 8.048039932e-02 8.203022721e-02
 8.322317670e-02 8.407778891e-02 8.461949657e-02 8.487845151e-02 8.488730671e-02
 8.467921966e-02 8.428625464e-02 8.373825358e-02 8.306206841e-02 8.227868304e-02
 3.150043387e-03 7.145056111e-03 1.276652723e-02 2.002942812e-02 2.844193660e-02
 3.291277685e-02 3.203753202e-02 3.064510418e-02 2.925331276e-02 2.781044883e-02
 2.632304853e-02 2.480211675e-02 2.325761014e-02 2.169932189e-02 2.013754998e-02
 1.858753511e-02 1.706928195e-02 1.560451859e-02 1.421647157e-02 1.292955443e-02
 1.176898683e-02 1.076035350e-02 9.929111826e-03 9.300057420e-03 8.896758469e-03
 8.740968311e-03 8.852030372e-03 9.246289844e-03 9.936530580e-03 1.093145048e-02
 1.223518376e-02 1.384678172e-02 1.575978829e-02 1.796207386e-02 2.043511169e-02
 2.315136605e-02 2.609322370e-02 2.924173084e-02 3.257442817e-02 3.606463911e-02
 3.967984558e-02 4.337961350e-02 4.711297106e-02 5.082231393e-02 5.446079048e-02
 5.798878532e-02 6.136116909e-02 6.453051662e-02 6.745462827e-02 7.010146743e-02
 7.245093309e-02 7.449413913e-02 7.623127758e-02 7.766919932e-02 7.881945100e-02
 7.969696088e-02 8.031920661e-02 8.070560793e-02 8.087695968e-02 8.085483245e-02
 8.066095294e-02 8.031661406e-02 7.984216544e-02 7.925654365e-02 7.857514551e-02
 3.108769958e-03 7.054124911e-03 1.261166394e-02 1.980394120e-02 2.813892962e-02
 3.253669214e-02 3.170227756e-02 3.031805725e-02 2.902392197e-02 2.771881926e-02
 2.641786790e-02 2.512469285e-02 2.384373314e-02 2.258117651e-02 2.134501468e-02
 2.014487334e-02 1.899577823e-02 1.791557531e-02 1.692302131e-02 1.603739615e-02
 1.527812301e-02 1.466439095e-02 1.421478054e-02 1.394689612e-02 1.387700904e-02
 1.401971364e-02 1.438755460e-02 1.499065748e-02 1.583639568e-02 1.692916596e-02
 1.827039620e-02 1.985757072e-02 2.168283230e-02 2.373734894e-02 2.601747146e-02
 2.851597780e-02 3.122443976e-02 3.413292242e-02 3.722914172e-02 4.049709807e-02
 4.391533602e-02 4.744613923e-02 5.108978975e-02 5.451723935e-02 5.780630728e-02
 6.102600487e-02 6.406402313e-02 6.683126655e-02 6.926755559e-02 7.134675686e-02
 7.307490477e-02 7.447985659e-02 7.559795972e-02 7.646424024e-02 7.710818528e-02
 7.755341709e-02 7.781903164e-02 7.792121298e-02 7.787452118e-02 7.769270793e-02
 7.738911901e-02 7.697680559e-02 7.646846796e-02 7.587652984e-02 7.522234446e-02
 3.029524260e-03 6.873783318e-03 1.228903604e-02 1.930099819e-02 2.746553049e-02
 3.174317125e-02 3.067731065e-02 2.931391027e-02 2.811789697e-02 2.699805723e-02
 2.592275016e-02 2.488107261e-02 2.387238177e-02 2.290172175e-02 2.197728984e-02
 2.110907046e-02 2.030812118e-02 1.958936162e-02 1.896813722e-02 1.845937144e-02
 1.807724993e-02 1.783494571e-02 1.774438499e-02 1.781606911e-02 1.805899184e-02
 1.848071892e-02 1.908717345e-02 1.988234859e-02 2.086787857e-02 2.204225001e-02
 2.340820756e-02 2.496779691e-02 2.672187621e-02 2.867109925e-02 3.081669710e-02
 3.316004539e-02 3.570273160e-02 3.844681080e-02 4.139553895e-02 4.455571871e-02
 4.794702910e-02 5.145718349e-02 5.489367721e-02 5.841714102e-02 6.195882101e-02
 6.540078011e-02 6.855237524e-02 7.120723334e-02 7.324094050e-02 7.464538243e-02
 7.552847270e-02 7.604907759e-02 7.633200739e-02 7.645305144e-02 7.645385683e-02
 7.635578205e-02 7.616953041e-02 7.590099097e-02 7.555440622e-02 7.513390668e-02
 7.464412950e-02 7.409035519e-02 7.347840540e-02 7.281419345e-02 7.208901440e-02
 2.916192761e-03 6.610308856e-03 1.180009455e-02 1.848990866e-02 2.615980584e-02
 2.967847936e-02 2.786781089e-02 2.704979660e-02 2.634139773e-02 2.559265816e-02
 2.483098702e-02 2.407721731e-02 2.334904858e-02 2.266264907e-02 2.203308050e-02
 2.147440238e-02 2.099968949e-02 2.062115720e-02 2.035164713e-02 2.020223039e-02
 2.018208332e-02 2.029834179e-02 2.055595326e-02 2.095751761e-02 2.150305775e-02
 2.219313712e-02 2.302743136e-02 2.400492355e-02 2.512451035e-02 2.638571991e-02
 2.778978964e-02 2.933972717e-02 3.104032211e-02 3.289816250e-02 3.492155336e-02
 3.712031667e-02 3.950557486e-02 4.208954902e-02 4.488534686e-02 4.790604845e-02
 5.115885677e-02 5.462966472e-02 5.832809020e-02 6.232198282e-02 6.668933063e-02
 7.163406160e-02 7.626045849e-02 7.946864133e-02 8.102656660e-02 8.087957728e-02
 7.973397362e-02 7.873523116e-02 7.782478547e-02 7.701277167e-02 7.627658576e-02
 7.558677565e-02 7.491878762e-02 7.425464061e-02 7.358217272e-02 7.289381202e-02
 7.218542425e-02 7.145537146e-02 7.070379074e-02 6.993223556e-02 6.915154630e-02
 2.790435456e-03 6.320062009e-03 1.126758631e-02 1.762228758e-02 2.484858975e-02
 2.779411971e-02 2.541130832e-02 2.470251993e-02 2.434547043e-02 2.387754653e-02
 2.336248988e-02 2.284095941e-02 2.234492718e-02 2.190026354e-02 2.152834971e-02
 2.124699932e-02 2.107098516e-02 2.101234756e-02 2.108059851e-02 2.128250526e-02
 2.162195611e-02 2.209984668e-02 2.271406297e-02 2.345963305e-02 2.432915833e-02
 2.531370259e-02 2.640363757e-02 2.758975721e-02 2.886457224e-02 3.022359696e-02
 3.166640792e-02 3.319727017e-02 3.482526054e-02 3.656378713e-02 3.842967050e-02
 4.044258079e-02 4.262450787e-02 4.499841031e-02 4.758713166e-02 5.041350031e-02
 5.350284681e-02 5.688965770e-02 6.062884792e-02 6.481137140e-02 6.958523218e-02
 7.511231334e-02 8.008824675e-02 8.340117484e-02 8.506507110e-02 8.503062388e-02
 8.319227067e-02 8.061491792e-02 7.865940384e-02 7.711502105e-02 7.581519318e-02
 7.466413272e-02 7.360540776e-02 7.260500115e-02 7.164210009e-02 7.070389063e-02
 6.978250951e-02 6.887320573e-02 6.797319835e-02 6.708089856e-02 6.619623399e-02
 2.669659463e-03 6.047932941e-03 1.078697367e-02 1.688327812e-02 2.383296291e-02
 2.651544721e-02 2.380265594e-02 2.301194850e-02 2.257576038e-02 2.212193633e-02
 2.166947186e-02 2.124806884e-02 2.088648831e-02 2.061054431e-02 2.044232392e-02
 2.039996354e-02 2.049768772e-02 2.074592734e-02 2.115138066e-02 2.171693761e-02
 2.244146710e-02 2.331951161e-02 2.434099100e-02 2.549108090e-02 2.675048877e-02
 2.809636072e-02 2.950398088e-02 3.094928228e-02 3.241190782e-02 3.387825593e-02
 3.534381981e-02 3.681410037e-02 3.830440324e-02 3.984538066e-02 4.146518363e-02
 4.318699554e-02 4.506153079e-02 4.712593807e-02 4.941570872e-02 5.195706060e-02
 5.475989869e-02 5.784720692e-02 6.124363740e-02 6.497502223e-02 6.907394646e-02
 7.359653197e-02 7.765531685e-02 8.049357426e-02 8.206891767e-02 8.231412251e-02
 8.113406829e-02 7.922295133e-02 7.753836350e-02 7.600384995e-02 7.457467306e-02
 7.322363526e-02 7.193441764e-02 7.069724173e-02 6.950603600e-02 6.835672652e-02
 6.724627792e-02 6.617218513e-02 6.513221144e-02 6.412410916e-02 6.313954905e-02
 2.549351496e-03 5.781039523e-03 1.032515886e-02 1.618906129e-02 2.285696678e-02
 2.521730079e-02 2.237276598e-02 2.132232119e-02 2.072038788e-02 2.014014614e-02
 1.961471773e-02 1.917628789e-02 1.885486390e-02 1.867664249e-02 1.866304966e-02
 1.883052811e-02 1.919083465e-02 1.975150394e-02 2.051616205e-02 2.148446644e-02
 2.265156761e-02 2.400708180e-02 2.553366800e-02 2.720545712e-02 2.898683028e-02
 3.083236760e-02 3.268901905e-02 3.450135432e-02 3.621978789e-02 3.781001575e-02
 3.925833934e-02 4.057410764e-02 4.183133630e-02 4.303856012e-02 4.425291975e-02
 4.552551614e-02 4.693541499e-02 4.853625884e-02 5.037990318e-02 5.250227692e-02
 5.490731553e-02 5.760125935e-02 6.056309403e-02 6.373128093e-02 6.698997263e-02
 7.015380693e-02 7.297734393e-02 7.521893576e-02 7.671147512e-02 7.739205846e-02
 7.731430948e-02 7.663840068e-02 7.556435305e-02 7.425813803e-02 7.283321921e-02
 7.136273348e-02 6.989284275e-02 6.845189158e-02 6.705647205e-02 6.571549228e-02
 6.443290628e-02 6.320952713e-02 6.204422203e-02 6.093494340e-02 5.988993595e-02
 2.408604796e-03 5.472050869e-03 9.797337206e-03 1.540566668e-02 2.182278397e-02
 2.395335012e-02 2.069888440e-02 1.933470918e-02 1.843812369e-02 1.760735848e-02
 1.689167196e-02 1.633578874e-02 1.597821425e-02 1.584819736e-02 1.596506771e-02
 1.633979995e-02 1.697765999e-02 1.788068254e-02 1.904918138e-02 2.048202666e-02
 2.217569640e-02 2.412209484e-02 2.630496876e-02 2.869466392e-02 3.124127207e-02
 3.386743933e-02 3.646469899e-02 3.890032818e-02 4.104124030e-02 4.278640799e-02
 4.414828891e-02 4.514616719e-02 4.586340697e-02 4.642216230e-02 4.693539692e-02
 4.750015625e-02 4.819865707e-02 4.910520097e-02 5.029358706e-02 5.183822525e-02
 5.380275435e-02 5.621686445e-02 5.905261201e-02 6.221483560e-02 6.554687616e-02
 6.884059165e-02 7.184698300e-02 7.430087840e-02 7.597430997e-02 7.674622245e-02
 7.664467074e-02 7.582598487e-02 7.450477532e-02 7.288421612e-02 7.112033055e-02
 6.931803545e-02 6.754176287e-02 6.582821878e-02 6.419652139e-02 6.265509667e-02
 6.120602957e-02 5.984770482e-02 5.857637703e-02 5.738686395e-02 5.625982441e-02
 2.209288841e-03 5.039357415e-03 9.073089264e-03 1.436536105e-02 2.045082832e-02
 2.223210133e-02 1.864351138e-02 1.678899554e-02 1.535299646e-02 1.410482151e-02
 1.304712329e-02 1.226304859e-02 1.181294990e-02 1.172744931e-02 1.200947719e-02
 1.264630912e-02 1.362229042e-02 1.492671712e-02 1.655640463e-02 1.851506117e-02
 2.081139491e-02 2.345663143e-02 2.646076410e-02 2.982533993e-02 3.352841187e-02
 3.749462819e-02 4.154507707e-02 4.534581344e-02 4.843411352e-02 5.046818351e-02
 5.135593628e-02 5.131654818e-02 5.076576252e-02 5.004995210e-02 4.937583964e-02
 4.884318620e-02 4.849599881e-02 4.836696721e-02 4.852607627e-02 4.914141963e-02
 5.048715182e-02 5.279389810e-02 5.606719400e-02 6.008748076e-02 6.458014412e-02
 6.930777504e-02 7.395529327e-02 7.793929126e-02 8.046020634e-02 8.099968252e-02
 7.974081322e-02 7.740250561e-02 7.467412073e-02 7.193240942e-02 6.932698287e-02
 6.690346762e-02 6.466739865e-02 6.261045035e-02 6.072037724e-02 5.898453953e-02
 5.739095378e-02 5.592841276e-02 5.458632637e-02 5.335470141e-02 5.223081526e-02
 1.883532591e-03 4.322676646e-03 7.861805246e-03 1.264187914e-02 1.834278250e-02
 2.009508489e-02 1.688517039e-02 1.377897555e-02 1.124687830e-02 9.072002282e-03
 7.323951075e-03 6.130448022e-03 5.601808825e-03 5.724275647e-03 6.389225455e-03
 7.482004577e-03 8.933645749e-03 1.072082356e-02 1.284935883e-02 1.534151486e-02
 1.823068683e-02 2.156225224e-02 2.539907894e-02 2.983090406e-02 3.498684269e-02
 4.104475469e-02 4.819209993e-02 5.623236329e-02 6.298564305e-02 6.562219393e-02
 6.371242631e-02 5.962534127e-02 5.593706691e-02 5.306416864e-02 5.086108754e-02
 4.913768861e-02 4.771448262e-02 4.639748599e-02 4.491406793e-02 4.266648276e-02
 4.171726949e-02 4.395961611e-02 4.976157632e-02 5.635187282e-02 6.280848440e-02
 6.994221298e-02 7.869905134e-02 9.124827125e-02 9.778067651e-02 9.663625316e-02
 8.720527839e-02 7.958237845e-02 7.408975392e-02 6.980765251e-02 6.628737150e-02
 6.328948192e-02 6.067634626e-02 5.836404349e-02 5.629890815e-02 5.444510362e-02
 5.277749119e-02 5.127698268e-02 4.992716603e-02 4.871278534e-02 4.762418936e-02
 1.371536001e-03 3.134777103e-03 5.680066608e-03 9.154709801e-03 1.353002156e-02
 1.473614097e-02 1.156621484e-02 8.291990952e-03 4.946450442e-03 1.339806401e-03
-2.101251455e-03-4.209038515e-03-4.282032766e-03-2.813751010e-03-9.401727670e-04
 1.001054381e-03 3.058444695e-03 5.326154263e-03 7.888149812e-03 1.080853000e-02
 1.413784940e-02 1.792753357e-02 2.224876323e-02 2.721651935e-02 3.302706722e-02
 4.003323023e-02 4.893010801e-02 6.138331943e-02 7.345739059e-02 7.666820807e-02
 7.058353601e-02 6.149939684e-02 5.603516322e-02 5.234357922e-02 4.968716176e-02
 4.767817135e-02 4.607250136e-02 4.468636358e-02 4.337373483e-02 4.218262564e-02
 4.214177634e-02 4.412565788e-02 4.803679645e-02 5.310929319e-02 5.860334178e-02
 6.465711214e-02 7.150315829e-02 7.853344245e-02 8.310326640e-02 8.289545142e-02
 7.817314832e-02 7.259452836e-02 6.784674811e-02 6.388220585e-02 6.050674166e-02
 5.757762973e-02 5.499821712e-02 5.270131904e-02 5.065266532e-02 4.881581344e-02
 4.718054576e-02 4.573632336e-02 4.447405961e-02 4.336016049e-02 4.236827217e-02
 7.788270882e-04 1.717196867e-03 2.921750183e-03 4.202623518e-03 5.159394174e-03
 5.241541654e-03 4.156033916e-03 1.990233493e-03-1.215200667e-03-5.839529319e-03
-1.175305368e-02-1.486361538e-02-1.450563875e-02-1.044653444e-02-7.664412240e-03
-5.471489431e-03-3.355492173e-03-1.007588722e-03 1.738078738e-03 4.931316044e-03
 8.551270472e-03 1.255964992e-02 1.693523299e-02 2.168192194e-02 2.681529908e-02
 3.232282695e-02 3.806725497e-02 4.359672544e-02 4.802902412e-02 5.051689078e-02
 5.089302112e-02 4.984074169e-02 4.823075183e-02 4.662745385e-02 4.522449209e-02
 4.407715126e-02 4.319632572e-02 4.258137804e-02 4.229219630e-02 4.243068841e-02
 4.315189032e-02 4.456918706e-02 4.667217659e-02 4.933898185e-02 5.237267713e-02
 5.555411101e-02 5.859472879e-02 6.108694356e-02 6.257343960e-02 6.275262580e-02
 6.168588723e-02 5.974817149e-02 5.737216950e-02 5.486433329e-02 5.238894481e-02
 5.002547574e-02 4.780912177e-02 4.575641285e-02 4.387643573e-02 4.217342875e-02
 4.064953454e-02 3.930862566e-02 3.818690643e-02 3.724707337e-02 3.646479844e-02
 3.324409927e-04 6.958446931e-04 1.091941662e-03 1.396944711e-03 1.454153417e-03
 1.102713149e-03 2.178016594e-04-1.263263553e-03-3.308624523e-03-5.839934564e-03
-8.440514934e-03-1.044908096e-02-1.143163904e-02-1.163912547e-02-1.159677635e-02
-1.142948091e-02-1.075517300e-02-9.051104839e-03-6.135396235e-03-2.311843066e-03
 1.940742330e-03 6.326081661e-03 1.073582203e-02 1.513682447e-02 1.950071019e-02
 2.376549355e-02 2.781228301e-02 3.146179385e-02 3.450877576e-02 3.679655250e-02
 3.829047976e-02 3.909425794e-02 3.939723865e-02 3.939912386e-02 3.926288709e-02
 3.910566731e-02 3.901010903e-02 3.903969759e-02 3.924986701e-02 3.969108464e-02
 4.040258823e-02 4.139956056e-02 4.266104983e-02 4.412525386e-02 4.569260012e-02
 4.723238008e-02 4.859134531e-02 4.960942251e-02 5.014803780e-02 5.012527009e-02
 4.953892947e-02 4.846092887e-02 4.700644122e-02 4.529857334e-02 4.344601518e-02
 4.153632722e-02 3.963845147e-02 3.780777138e-02 3.608998362e-02 3.452252510e-02
 3.313371525e-02 3.193858147e-02 3.101715552e-02 3.031140820e-02 2.977431578e-02
 8.586314237e-05 1.585453965e-04 1.946733582e-04 1.331209453e-04-9.438945758e-05
-5.524995846e-04-1.289253011e-03-2.316989212e-03-3.604322970e-03-5.104743295e-03
-6.730209779e-03-8.401188174e-03-1.012009548e-02-1.210617356e-02-1.479693879e-02
-1.889918029e-02-2.344539862e-02-2.297937554e-02-1.757863058e-02-9.691634248e-03
-3.834653150e-03 1.100583858e-03 5.517969458e-03 9.594390698e-03 1.340307610e-02
 1.695745063e-02 2.023213803e-02 2.317933307e-02 2.574703682e-02 2.789860694e-02
 2.962810040e-02 3.096539633e-02 3.196977268e-02 3.271656434e-02 3.328376550e-02
 3.374305747e-02 3.415587811e-02 3.457272076e-02 3.503336452e-02 3.556638461e-02
 3.618735552e-02 3.689623490e-02 3.767511509e-02 3.848755053e-02 3.928014378e-02
 3.998654243e-02 4.053381538e-02 4.085103208e-02 4.087915252e-02 4.058009105e-02
 3.994211474e-02 3.897972349e-02 3.772859929e-02 3.623839449e-02 3.456652793e-02
 3.277484856e-02 3.092918453e-02 2.910031161e-02 2.736390147e-02 2.579666175e-02
 2.446695144e-02 2.342050963e-02 2.274771585e-02 2.238644162e-02 2.227901915e-02
-2.753019600e-05-8.106197597e-05-1.892494560e-04-3.809797911e-04-6.869821014e-04
-1.135226823e-03-1.746437924e-03-2.526018673e-03-3.445498721e-03-4.521797095e-03
-5.742635764e-03-7.104056178e-03-8.632867287e-03-1.043185421e-02-1.257518387e-02
-1.487032886e-02-1.650525659e-02-1.604401206e-02-1.321743878e-02-9.050667851e-03
-4.837323636e-03-9.187706045e-04 2.708790608e-03 6.086560112e-03 9.241692101e-03
 1.218261043e-02 1.490306966e-02 1.738836192e-02 1.962230843e-02 2.159393699e-02
 2.330247038e-02 2.475954145e-02 2.598841077e-02 2.702091785e-02 2.789342284e-02
 2.864289721e-02 2.930380852e-02 2.990589137e-02 3.047256292e-02 3.101968488e-02
 3.155451296e-02 3.207488406e-02 3.256885356e-02 3.301504530e-02 3.338391137e-02
 3.363996343e-02 3.374486893e-02 3.366111454e-02 3.335573829e-02 3.280349609e-02
 3.198888239e-02 3.090674899e-02 2.956179161e-02 2.796771000e-02 2.614722377e-02
 2.413430755e-02 2.198001487e-02 1.976277374e-02 1.760163979e-02 1.566357061e-02
 1.414321888e-02 1.319905077e-02 1.287686596e-02 1.313384852e-02 1.379784283e-02
-7.033680819e-05-1.682640618e-04-3.211222535e-04-5.419873635e-04-8.443642012e-04
-1.240146691e-03-1.737772940e-03-2.335065434e-03-3.009717385e-03-3.777654826e-03
-4.630004464e-03-5.532285161e-03-6.465247299e-03-7.397131105e-03-8.235984882e-03
-8.822212164e-03-8.939468706e-03-8.396229640e-03-7.139145640e-03-5.286796644e-03
-3.049162802e-03-6.203308549e-04 1.867604016e-03 4.336948352e-03 6.743364741e-03
 9.058585351e-03 1.125961275e-02 1.332496208e-02 1.523620709e-02 1.698066256e-02
 1.855281637e-02 1.995437079e-02 2.119337272e-02 2.228277778e-02 2.323869031e-02
 2.407851064e-02 2.481918502e-02 2.547567779e-02 2.605970929e-02 2.657876218e-02
 2.703535606e-02 2.742661265e-02 2.774415463e-02 2.797438356e-02 2.809915705e-02
 2.809683448e-02 2.794359493e-02 2.761486231e-02 2.708661972e-02 2.633637823e-02
 2.534360296e-02 2.408949801e-02 2.255620414e-02 2.072566497e-02 1.857872625e-02
 1.609566166e-02 1.326089693e-02 1.007896141e-02 6.620510851e-03 3.147632990e-03
 3.703292558e-04-6.600360956e-04 2.416049666e-04 2.209991714e-03 4.456238108e-03
-7.933682625e-05-1.836398087e-04-3.365529479e-04-5.433619004e-04-8.091335705e-04
-1.137651717e-03-1.530158447e-03-1.977491971e-03-2.459908002e-03-2.982360308e-03
-3.527182818e-03-4.056969607e-03-4.552880118e-03-4.976422708e-03-5.270713634e-03
-5.368380287e-03-5.202596544e-03-4.724388376e-03-3.918921685e-03-2.810646633e-03
-1.452193201e-03 9.118473697e-05 1.746364754e-03 3.455098736e-03 5.192537290e-03
 6.953792128e-03 8.716811657e-03 1.042532674e-02 1.204197267e-02 1.354770140e-02
 1.493500053e-02 1.620172606e-02 1.734929107e-02 1.838176276e-02 1.930503257e-02
 2.012592985e-02 2.085131263e-02 2.148719791e-02 2.203798574e-02 2.250581605e-02
 2.289008495e-02 2.318713939e-02 2.339016121e-02 2.348924064e-02 2.347162151e-02
 2.332207579e-02 2.302333619e-02 2.255648565e-02 2.190117540e-02 2.103552109e-02
 1.993550391e-02 1.857366723e-02 1.691681894e-02 1.492226588e-02 1.253170480e-02
 9.661026249e-03 6.182360329e-03 1.890140941e-03-3.569131462e-03-1.086618651e-02
-2.103260154e-02-2.358602623e-02-1.586037361e-02-8.799634163e-03-3.758458581e-03
-7.356683885e-05-1.681434771e-04-3.031571566e-04-4.802096402e-04-7.003839850e-04
-9.635823265e-04-1.268080543e-03-1.608861867e-03-1.940116882e-03-2.291096685e-03
-2.625031949e-03-2.912431781e-03-3.156593911e-03-3.328099486e-03-3.393422097e-03
-3.320736327e-03-3.085565065e-03-2.672814530e-03-2.078876198e-03-1.313509601e-03
-3.949774840e-04 6.583597693e-04 1.791849630e-03 2.940263452e-03 4.100676859e-03
 5.421091543e-03 6.880941375e-03 8.353815946e-03 9.707919888e-03 1.097582675e-02
 1.215906077e-02 1.325613563e-02 1.426568804e-02 1.518724374e-02 1.602121967e-02
 1.676861797e-02 1.743059184e-02 1.800797594e-02 1.850083848e-02 1.890809142e-02
 1.922718002e-02 1.945386209e-02 1.958207987e-02 1.960391942e-02 1.950964202e-02
 1.928775851e-02 1.892510248e-02 1.840684253e-02 1.771635855e-02 1.683488894e-02
 1.574083230e-02 1.440854780e-02 1.280642639e-02 1.089387033e-02 8.616566379e-03
 5.898972411e-03 2.632092827e-03-1.346895295e-03-6.289832965e-03-1.261255348e-02
-2.206490463e-02-2.401912565e-02-1.717675907e-02-1.096536889e-02-6.301411810e-03
-6.223435103e-05-1.414203724e-04-2.530819492e-04-3.974516799e-04-5.743883438e-04
-7.830191153e-04-1.020921595e-03-1.275437892e-03-1.517197411e-03-1.741764509e-03
-1.931575297e-03-2.083250504e-03-2.203875856e-03-2.279512753e-03-2.257559524e-03
-2.086322302e-03-1.819475391e-03-1.451097312e-03-9.749345025e-04-3.923209670e-04
 2.908909471e-04 1.072088094e-03 1.927790516e-03 2.842953309e-03 3.812377924e-03
 4.833445128e-03 5.893205682e-03 6.964586955e-03 8.019754457e-03 9.039195487e-03
 1.001104964e-02 1.092750361e-02 1.178298693e-02 1.257340221e-02 1.329567897e-02
 1.394740897e-02 1.452649928e-02 1.503084362e-02 1.545803880e-02 1.580516737e-02
 1.606863247e-02 1.624401871e-02 1.632597869e-02 1.630815880e-02 1.618316806e-02
 1.594257997e-02 1.557694883e-02 1.507581867e-02 1.442770385e-02 1.362002614e-02
 1.263900824e-02 1.146955531e-02 1.009522216e-02 8.498505386e-03 6.662006795e-03
 4.571694929e-03 2.225015950e-03-3.500499839e-04-3.052444183e-03-5.624775529e-03
-7.563188351e-03-8.268365928e-03-7.571712403e-03-5.912770157e-03-3.856764024e-03
-4.935581258e-05-1.118071974e-04-1.993325702e-04-3.118026631e-04-4.491105984e-04
-6.114265792e-04-7.998475512e-04-1.010899520e-03-1.205455652e-03-1.304214035e-03
-1.387319984e-03-1.459674474e-03-1.512822924e-03-1.549866390e-03-1.442664159e-03
-1.257389858e-03-1.007522278e-03-6.888153880e-04-2.977025904e-04 1.666306517e-04
 7.030408334e-04 1.308438301e-03 1.974436950e-03 2.691743405e-03 3.451920852e-03
 4.245820946e-03 5.062558558e-03 5.889552412e-03 6.713624946e-03 7.522550418e-03
 8.305809408e-03 9.054766947e-03 9.762438231e-03 1.042310282e-02 1.103209458e-02
 1.158540815e-02 1.207947644e-02 1.251075790e-02 1.287531844e-02 1.316906003e-02
 1.338796211e-02 1.352798034e-02 1.358475118e-02 1.355348372e-02 1.342899734e-02
 1.320566766e-02 1.287760820e-02 1.243871475e-02 1.188287315e-02 1.120424565e-02
 1.039758522e-02 9.458959276e-03 8.386650831e-03 7.182833446e-03 5.856185225e-03
 4.426022397e-03 2.928466371e-03 1.424324513e-03 6.734514671e-06-1.198535021e-03
-2.052006577e-03-2.444521906e-03-2.346629107e-03-1.823243053e-03-9.921864162e-04
-3.660353992e-05-8.261151499e-05-1.465665489e-04-2.278424391e-04-3.256361830e-04
-4.390040415e-04-5.669798603e-04-7.106709020e-04-8.316944623e-04-9.129345220e-04
-9.473641661e-04-9.878039396e-04-9.674782255e-04-9.239454274e-04-8.360901860e-04
-6.723120374e-04-4.913211884e-04-2.033255522e-04 1.078188512e-04 4.802301132e-04
 9.186499409e-04 1.365712343e-03 1.920537780e-03 2.467879220e-03 3.071439390e-03
 3.700611280e-03 4.312717804e-03 4.995083673e-03 5.621086641e-03 6.283715434e-03
 6.913486532e-03 7.498558320e-03 8.105573893e-03 8.614653077e-03 9.150342200e-03
 9.605616221e-03 1.000939978e-02 1.040031934e-02 1.067937912e-02 1.096199961e-02
 1.113314729e-02 1.124975375e-02 1.130946080e-02 1.124708562e-02 1.117755514e-02
 1.096975262e-02 1.071104653e-02 1.036231869e-02 9.889507390e-03 9.391002670e-03
 8.740003297e-03 8.055418750e-03 7.268334050e-03 6.392054350e-03 5.511593696e-03
 4.539076685e-03 3.623328586e-03 2.724904819e-03 1.896534876e-03 1.266940921e-03
 7.691287373e-04 5.541866412e-04 5.587307717e-04 7.656127855e-04 1.225680460e-03
 0.832128312E+00 0.839681858E+00 0.848156330E+00 0.857464384E+00 0.867029644E+00
 0.877118935E+00 0.887665221E+00 0.898639316E+00 0.910058439E+00 0.921975941E+00
 0.934415594E+00 0.947398134E+00 0.960941729E+00 0.975073246E+00 0.989826605E+00
 0.100523956E+01 0.102134763E+01 0.103819013E+01 0.105581171E+01 0.107425024E+01
 0.109354806E+01 0.111375772E+01 0.113493980E+01 0.115715988E+01 0.118048665E+01
 0.120498211E+01 0.123071661E+01 0.125777549E+01 0.128624916E+01 0.131624338E+01
 0.134787992E+01 0.138127711E+01 0.141654806E+01 0.145383559E+01 0.149330683E+01
 0.153515241E+01 0.157957821E+01 0.162680572E+01 0.167706841E+01 0.173064771E+01
 0.178785769E+01 0.184906404E+01 0.191469518E+01 0.198521885E+01 0.206114189E+01
 0.214307894E+01 0.223176379E+01 0.232806231E+01 0.243297012E+01 0.254763461E+01
 0.267346945E+01 0.281218899E+01 0.296590689E+01 0.313723317E+01 0.332939991E+01
 0.354659963E+01 0.379440935E+01 0.408030224E+01 0.441446180E+01 0.481207441E+01
 0.529733094E+01 0.591235627E+01 0.674364589E+01 0.803567194E+01 0.163657555E+02
  361   98
 0.571354904E+00 0.110281345E+01 0.566181258E+00 0.108926705E+01 0.561001516E+00
 0.107572298E+01 0.555820665E+00 0.106217933E+01 0.550645432E+00 0.104863353E+01
 0.545482345E+00 0.103508310E+01 0.540337440E+00 0.102152576E+01 0.535211626E+00
 0.100796119E+01 0.530103355E+00 0.994389997E+00 0.525010756E+00 0.980812919E+00
 0.519931233E+00 0.967230944E+00 0.514861825E+00 0.953645189E+00 0.509801888E+00
 0.940055905E+00 0.504752327E+00 0.926462761E+00 0.499712918E+00 0.912865851E+00
 0.494681985E+00 0.899265801E+00 0.489656878E+00 0.885663598E+00 0.484637710E+00
 0.872059203E+00 0.479626929E+00 0.858451716E+00 0.474627087E+00 0.844840207E+00
 0.469640354E+00 0.831223889E+00 0.464668527E+00 0.817602122E+00 0.459714712E+00
 0.803973794E+00 0.454782953E+00 0.790337470E+00 0.449877046E+00 0.776691825E+00
 0.445001259E+00 0.763035388E+00 0.440160263E+00 0.749366582E+00 0.435359156E+00
 0.735683714E+00 0.430602702E+00 0.721985261E+00 0.425894792E+00 0.708270050E+00
 0.421238882E+00 0.694537100E+00 0.416638885E+00 0.680785322E+00 0.412099763E+00
 0.667013333E+00 0.407626410E+00 0.653219841E+00 0.403222671E+00 0.639403969E+00
 0.398891364E+00 0.625565219E+00 0.394634671E+00 0.611703337E+00 0.390455305E+00
 0.597817947E+00 0.386357227E+00 0.583908350E+00 0.382344498E+00 0.569973894E+00
 0.378420609E+00 0.556014161E+00 0.374588341E+00 0.542029000E+00 0.370849599E+00
 0.528018548E+00 0.367205600E+00 0.513983155E+00 0.363657295E+00 0.499923266E+00
 0.360205607E+00 0.485839346E+00 0.356851575E+00 0.471731851E+00 0.353596717E+00
 0.457601147E+00 0.350442379E+00 0.443447665E+00 0.347389289E+00 0.429271998E+00
 0.344437732E+00 0.415074843E+00 0.341587839E+00 0.400856932E+00 0.338839780E+00
 0.386618987E+00 0.336193835E+00 0.372361713E+00 0.333650163E+00 0.358085838E+00
 0.331208506E+00 0.343792161E+00 0.328868353E+00 0.329481515E+00 0.326629560E+00
 0.315154662E+00 0.324492492E+00 0.300812283E+00 0.322458072E+00 0.286454984E+00
 0.320527704E+00 0.272083327E+00 0.318702517E+00 0.257697933E+00 0.316982375E+00
 0.243299601E+00 0.315366836E+00 0.228889157E+00 0.313855366E+00 0.214467425E+00
 0.312447398E+00 0.200035221E+00 0.311141815E+00 0.185593394E+00 0.309937002E+00
 0.171142811E+00 0.308831718E+00 0.156684274E+00 0.307825242E+00 0.142218522E+00
 0.306917434E+00 0.127746244E+00 0.306108700E+00 0.113268092E+00 0.305399452E+00
 0.987847251E-01 0.304789860E+00 0.842968219E-01 0.304279906E+00 0.698050694E-01
 0.303869273E+00 0.553101622E-01 0.303556712E+00 0.408128080E-01 0.303341313E+00
 0.263136845E-01 0.303222825E+00 0.118134452E-01 0.303201470E+00-0.268726237E-02
 0.303277450E+00-0.171877866E-01 0.303450445E+00-0.316874781E-01 0.303720228E+00
-0.461856918E-01 0.304086852E+00-0.606817798E-01 0.304550712E+00-0.751750818E-01
 0.305112149E+00-0.896649320E-01 0.305771405E+00-0.104150661E+00 0.306529187E+00
-0.118631570E+00 0.307386690E+00-0.133106915E+00 0.308345434E+00-0.147575907E+00
 0.309405838E+00-0.162037803E+00 0.310567408E+00-0.176491927E+00 0.311829492E+00
-0.190937621E+00 0.313191453E+00-0.205374241E+00 0.314653100E+00-0.219801109E+00
 0.316215673E+00-0.234217394E+00 0.317881101E+00-0.248622158E+00 0.319651400E+00
-0.263014409E+00 0.321528293E+00-0.277393146E+00 0.323512200E+00-0.291757510E+00
 0.325601465E+00-0.306106930E+00 0.327794240E+00-0.320440897E+00 0.330089003E+00
-0.334758892E+00 0.332484728E+00-0.349060340E+00 0.334981241E+00-0.363344538E+00
 0.337579458E+00-0.377610588E+00 0.340280476E+00-0.391857530E+00 0.343085240E+00
-0.406084412E+00 0.345994401E+00-0.420290313E+00 0.349007630E+00-0.434474505E+00
 0.352123737E+00-0.448636453E+00 0.355341411E+00-0.462775670E+00 0.358659424E+00
-0.476891679E+00 0.362076791E+00-0.490983965E+00 0.365593293E+00-0.505051841E+00
 0.369208639E+00-0.519094640E+00 0.372922043E+00-0.533111828E+00 0.376732361E+00
-0.547102983E+00 0.380638037E+00-0.561067820E+00 0.384636924E+00-0.575006253E+00
 0.388726290E+00-0.588918411E+00 0.392902859E+00-0.602804640E+00 0.397163048E+00
-0.616665445E+00 0.401503887E+00-0.630501206E+00 0.405923346E+00-0.644312055E+00
 0.410419230E+00-0.658098216E+00 0.414988485E+00-0.671860235E+00 0.419627050E+00
-0.685599049E+00 0.424330193E+00-0.699315892E+00 0.429094142E+00-0.713011736E+00
 0.433916208E+00-0.726687227E+00 0.438793575E+00-0.740343094E+00 0.443722677E+00
-0.753980374E+00 0.448699063E+00-0.767600471E+00 0.453718559E+00-0.781204741E+00
 0.458777851E+00-0.794794262E+00 0.463874550E+00-0.808369798E+00 0.469006372E+00
-0.821932097E+00 0.474170805E+00-0.835482011E+00 0.479366918E+00-0.849019809E+00
 0.484595015E+00-0.862545286E+00 0.489856058E+00-0.876057983E+00 0.495152050E+00
-0.889557020E+00 0.500485895E+00-0.903041144E+00 0.505864567E+00-0.916507447E+00
 0.511298387E+00-0.929951588E+00 0.516799768E+00-0.943368220E+00 0.522384806E+00
-0.956750234E+00 0.528075742E+00-0.970087541E+00 0.533906055E+00-0.983364477E+00
 0.539925938E+00-0.996556473E+00 0.546210865E+00-0.100962412E+01 0.552881056E+00
-0.102249899E+01 0.560139077E+00-0.103505079E+01 0.568338329E+00-0.104700551E+01
 0.578073898E+00-0.105773479E+01 0.590004327E+00-0.106591302E+01 0.603829240E+00
-0.107014163E+01 0.618295097E+00-0.107082301E+01 0.632715744E+00-0.106935750E+01
 0.646969328E+00-0.106670186E+01 0.661077564E+00-0.106335390E+01 0.675075557E+00
-0.105956988E+01 0.688990553E+00-0.105549065E+01 0.702840898E+00-0.105119682E+01
 0.716638385E+00-0.104673595E+01 0.730390353E+00-0.104213664E+01 0.744101203E+00
-0.103741612E+01 0.757774021E+00-0.103258654E+01 0.771409230E+00-0.102765178E+01
 0.785004146E+00-0.102260709E+01 0.798554336E+00-0.101744349E+01 0.812054777E+00
-0.101215120E+01 0.825499688E+00-0.100671941E+01 0.838882838E+00-0.100113720E+01
 0.852197680E+00-0.995393989E+00 0.865437305E+00-0.989479474E+00 0.878594716E+00
-0.983384276E+00 0.891663027E+00-0.977100335E+00 0.904636690E+00-0.970623253E+00
 0.917510348E+00-0.963949624E+00 0.930276874E+00-0.957073298E+00 0.942926679E+00
-0.949984571E+00 0.955448877E+00-0.942672818E+00 0.967832517E+00-0.935128798E+00
 0.980067627E+00-0.927346216E+00 0.992146322E+00-0.919323028E+00 0.100406246E+01
-0.911060329E+00 0.101581274E+01-0.902563419E+00 0.102739709E+01-0.893841613E+00
 0.103881378E+01-0.884901471E+00 0.105005302E+01-0.875739260E+00 0.106110226E+01
-0.866348808E+00 0.107195163E+01-0.856728135E+00 0.108259673E+01-0.846881905E+00
 0.109303616E+01-0.836817857E+00 0.110326883E+01-0.826543645E+00 0.111329086E+01
-0.816063871E+00 0.112309359E+01-0.805378698E+00 0.113266619E+01-0.794486897E+00
 0.114199988E+01-0.783389684E+00 0.115109007E+01-0.772092152E+00 0.115993487E+01
-0.760601494E+00 0.116853067E+01-0.748923393E+00 0.117686971E+01-0.737060608E+00
 0.118494285E+01-0.725015297E+00 0.119274346E+01-0.712791736E+00 0.120026965E+01
-0.700397320E+00 0.120752327E+01-0.687841426E+00 0.121450623E+01-0.675133017E+00
 0.122121583E+01-0.662278185E+00 0.122764969E+01-0.649283151E+00 0.123381128E+01
-0.636156815E+00 0.123970934E+01-0.622909959E+00 0.124535477E+01-0.609553463E+00
 0.125075494E+01-0.596095925E+00 0.125591621E+01-0.582544958E+00 0.126084858E+01
-0.568908993E+00 0.126556607E+01-0.555197183E+00 0.127008552E+01-0.541418809E+00
 0.127442384E+01-0.527582324E+00 0.127859643E+01-0.513694944E+00 0.128261812E+01
-0.499763107E+00 0.128650459E+01-0.485792932E+00 0.129027255E+01-0.471790316E+00
 0.129393884E+01-0.457760729E+00 0.129752100E+01-0.443709416E+00 0.130103757E+01
-0.429641542E+00 0.130450766E+01-0.415562123E+00 0.130794889E+01-0.401475623E+00
 0.131136991E+01-0.387384199E+00 0.131477603E+01-0.373289165E+00 0.131817390E+01
-0.359192141E+00 0.132157193E+01-0.345095154E+00 0.132497894E+01-0.331000336E+00
 0.132839732E+01-0.316908271E+00 0.133182696E+01-0.302818941E+00 0.133526722E+01
-0.288732203E+00 0.133871607E+01-0.274647564E+00 0.134216832E+01-0.260563757E+00
 0.134561198E+01-0.246477850E+00 0.134903263E+01-0.232386336E+00 0.135241442E+01
-0.218285452E+00 0.135573967E+01-0.204171133E+00 0.135898946E+01-0.190039253E+00
 0.136214534E+01-0.175886118E+00 0.136518629E+01-0.161707856E+00 0.136808756E+01
-0.147500372E+00 0.137082074E+01-0.133259620E+00 0.137335778E+01-0.118982647E+00
 0.137567485E+01-0.104668352E+00 0.137774759E+01-0.903166704E-01 0.137955098E+01
-0.759286928E-01 0.138105997E+01-0.615069014E-01 0.138225588E+01-0.470557986E-01
 0.138312707E+01-0.325815056E-01 0.138366366E+01-0.180909642E-01 0.138385769E+01
-0.359180051E-02 0.138370415E+01 0.109078456E-01 0.138320692E+01 0.253997900E-01
 0.138237538E+01 0.398764164E-01 0.138122083E+01 0.543308858E-01 0.137975598E+01
 0.687572319E-01 0.137799674E+01 0.831506726E-01 0.137596797E+01 0.975086357E-01
 0.137369627E+01 0.111830204E+00 0.137120741E+01 0.126115660E+00 0.136852593E+01
 0.140366239E+00 0.136567741E+01 0.154584393E+00 0.136269052E+01 0.168774143E+00
 0.135959086E+01 0.182939700E+00 0.135640008E+01 0.197085018E+00 0.135313652E+01
 0.211213731E+00 0.134981741E+01 0.225329503E+00 0.134646002E+01 0.239436220E+00
 0.134307980E+01 0.253537487E+00 0.133969080E+01 0.267636647E+00 0.133630574E+01
 0.281736753E+00 0.133293155E+01 0.295839463E+00 0.132956890E+01 0.309944932E+00
 0.132621683E+01 0.324052917E+00 0.132287378E+01 0.338163041E+00 0.131953772E+01
 0.352274822E+00 0.131620100E+01 0.366386446E+00 0.131285286E+01 0.380495362E+00
 0.130948424E+01 0.394599404E+00 0.130608764E+01 0.408696732E+00 0.130265576E+01
 0.422785511E+00 0.129917349E+01 0.436861917E+00 0.129562077E+01 0.450920698E+00
 0.129197756E+01 0.464956292E+00 0.128822457E+01 0.478962922E+00 0.128434371E+01
 0.492934651E+00 0.128031751E+01 0.506865177E+00 0.127612942E+01 0.520747880E+00
 0.127176404E+01 0.534575843E+00 0.126720630E+01 0.548341585E+00 0.126244011E+01
 0.562036528E+00 0.125744876E+01 0.575651002E+00 0.125221761E+01 0.589175132E+00
 0.124673595E+01 0.602599664E+00 0.124099742E+01 0.615916404E+00 0.123499746E+01
 0.629117412E+00 0.122872831E+01 0.642192707E+00 0.122218247E+01 0.655131686E+00
 0.121535681E+01 0.667925263E+00 0.120825411E+01 0.680567132E+00 0.120088017E+01
 0.693052744E+00 0.119323846E+01 0.705376279E+00 0.118533043E+01 0.717530639E+00
 0.117715925E+01 0.729509671E+00 0.116873197E+01 0.741309961E+00 0.116005983E+01
 0.752931500E+00 0.115115590E+01 0.764376439E+00 0.114202889E+01 0.775644296E+00
 0.113268053E+01 0.786729190E+00 0.112311211E+01 0.797624697E+00 0.111332833E+01
 0.808327248E+00 0.110333881E+01 0.818838049E+00 0.109315496E+01 0.829160692E+00
 0.108278469E+01 0.839296041E+00 0.107222787E+01 0.849236916E+00 0.106148175E+01
 0.858972826E+00 0.105054605E+01 0.868495295E+00 0.103942622E+01 0.877802081E+00
 0.102813107E+01 0.886895312E+00 0.101666974E+01 0.895778179E+00 0.100504744E+01
 0.904449363E+00 0.993265729E+00 0.912902673E+00 0.981326115E+00 0.921131437E+00
 0.969231574E+00 0.929130744E+00 0.956987323E+00 0.936898967E+00 0.944601319E+00
 0.944439133E+00 0.932082984E+00 0.951757526E+00 0.919443359E+00 0.958864421E+00
 0.906694367E+00 0.965773241E+00 0.893845650E+00 0.972494795E+00 0.880902500E+00
 0.979032666E+00 0.867869724E+00 0.985390012E+00 0.854754040E+00 0.991574525E+00
 0.841562882E+00 0.997596403E+00 0.828303776E+00 0.100346718E+01 0.814984257E+00
 0.100919961E+01 0.801611830E+00 0.101480753E+01 0.788194045E+00 0.102030606E+01
 0.774738115E+00 0.102571060E+01 0.761251424E+00 0.103103792E+01 0.747740737E+00
 0.103630411E+01 0.734210504E+00 0.104151988E+01 0.720663240E+00 0.104669126E+01
 0.707101672E+00 0.105182501E+01 0.693529163E+00 0.105692977E+01 0.679948613E+00
 0.106201310E+01 0.666363176E+00 0.106708336E+01 0.652775251E+00 0.107214695E+01
 0.639188016E+00 0.107721239E+01 0.625603727E+00 0.108228572E+01 0.612025546E+00
 0.108737538E+01 0.598455996E+00 0.109248800E+01 0.584897616E+00 0.109763016E+01
 0.571354904E+00 0.110281345E+01
 0.156441580E+01 0.156423520E+01 0.173298350E+01 0.167901950E+01 0.134847970E+01
 0.206041340E+01 0.108819530E+01 0.205946000E+01 0.902253030E+00 0.187565310E+01
 0.903668760E+00 0.187424170E+01 0.533866470E+00 0.150285580E+01 0.538010660E+00
 0.149874330E+01 0.332797140E+00 0.129708960E+01 0.332797140E+00 0.109400000E+01
 0.334795920E+00 0.109400000E+01 0.303115250E+00 0.847500000E+00 0.305114030E+00
 0.847500000E+00 0.269135950E+00 0.565000000E+00 0.271134730E+00 0.565000000E+00
 0.260841000E+00 0.495257700E+00 0.260841000E+00-0.507257700E+00 0.271134730E+00
-0.576999960E+00 0.269135950E+00-0.576999960E+00 0.305114030E+00-0.859500000E+00
 0.303115250E+00-0.859500000E+00 0.334795920E+00-0.110600010E+01 0.332797140E+00
-0.110600010E+01 0.332797140E+00-0.130908970E+01 0.538598100E+00-0.150990190E+01
 0.534468950E+00-0.151402960E+01 0.905629600E+00-0.188405800E+01 0.904219000E+00
-0.188547470E+01 0.108819530E+01-0.206614000E+01 0.134847970E+01-0.206518650E+01
 0.173017910E+01-0.168098580E+01 0.156441580E+01-0.156883530E+01 0.137999130E+01
-0.157688300E+01 0.137989190E+01-0.157672700E+01 0.119622210E+01-0.158474990E+01
 0.119631650E+01-0.158489800E+01 0.105537410E+01-0.159104840E+01 0.105528350E+01
-0.159090630E+01 0.947502500E+00-0.159561420E+01 0.905686400E+00-0.159556230E+01
 0.899143000E+00-0.159478470E+01 0.883387860E+00-0.159026430E+01 0.867681200E+00
-0.158087360E+01 0.851322350E+00-0.156766880E+01 0.833481900E+00-0.154624210E+01
 0.826062560E+00-0.152875240E+01 0.822677700E+00-0.151516830E+01 0.821022750E+00
-0.149624060E+01 0.820691350E+00-0.147724350E+01 0.822887360E+00-0.144582030E+01
 0.827573000E+00-0.141923050E+01 0.839194600E+00-0.138728100E+01 0.855244300E+00
-0.135284130E+01 0.877566500E+00-0.132209860E+01 0.899473500E+00-0.130017830E+01
 0.118567730E+01-0.101380000E+01 0.127900000E+01-0.842300000E+00 0.129600000E+01
-0.820200000E+00 0.143300000E+01-0.820200000E+00 0.143300000E+01-0.711000000E+00
 0.149000000E+01-0.491000000E+00 0.146000000E+01-0.491000000E+00 0.146000000E+01
-0.233000000E+00 0.166100000E+01-0.233000000E+00 0.166100000E+01 0.226000000E+00
 0.146000000E+01 0.226000000E+00 0.146000000E+01 0.481000000E+00 0.149300000E+01
 0.481000000E+00 0.147400000E+01 0.554000000E+00 0.143300000E+01 0.711000000E+00
 0.143300000E+01 0.815600000E+00 0.129600000E+01 0.815600000E+00 0.127900000E+01
 0.837699950E+00 0.118567730E+01 0.100920000E+01 0.899473500E+00 0.129557820E+01
 0.877566500E+00 0.131749860E+01 0.855244300E+00 0.134824120E+01 0.839194600E+00
 0.138268090E+01 0.827573000E+00 0.141463040E+01 0.822887360E+00 0.144122030E+01
 0.820691350E+00 0.147264350E+01 0.821022750E+00 0.149164060E+01 0.822677700E+00
 0.151056830E+01 0.826062560E+00 0.152415240E+01 0.833481900E+00 0.154164210E+01
 0.851322350E+00 0.156306870E+01 0.867681200E+00 0.157627360E+01 0.883387860E+00
 0.158566430E+01 0.899143000E+00 0.159018470E+01 0.905686400E+00 0.159096230E+01
 0.947502500E+00 0.159101410E+01 0.105528350E+01 0.158630620E+01 0.105537410E+01
 0.158644830E+01 0.119631650E+01 0.158029800E+01 0.119622210E+01 0.158014990E+01
 0.137989190E+01 0.157212700E+01 0.137999130E+01 0.157228290E+01 0.156441580E+01
 0.156423520E+01
    0
