EFIT++      MAST # 47051 # 580ms                   0  65  65
 0.194000000E+01 0.440000000E+01 0.800000000E+00 0.600000000E-01 0.000000000E+00
 0.987002873E+00 0.951937466E-03-0.723415068E-01-0.268440621E-02-0.653650289E+00
 0.745153390E+06-0.723415068E-01 0.000000000E+00 0.987002873E+00 0.000000000E+00
 0.951937466E-03 0.000000000E+00-0.268440621E-02 0.000000000E+00 0.000000000E+00
-0.538635815E+00-0.538369767E+00-0.538097652E+00-0.537819785E+00-0.537536482E+00
-0.537248059E+00-0.536954832E+00-0.536657119E+00-0.536355236E+00-0.536049504E+00
-0.535740239E+00-0.535427763E+00-0.535112395E+00-0.534794456E+00-0.534474268E+00
-0.534152154E+00-0.533828436E+00-0.533503439E+00-0.533177487E+00-0.532850907E+00
-0.532524023E+00-0.532197164E+00-0.531870658E+00-0.531544832E+00-0.531220018E+00
-0.530896544E+00-0.530574743E+00-0.530254946E+00-0.529937486E+00-0.529622696E+00
-0.529310911E+00-0.529002465E+00-0.528697695E+00-0.528396937E+00-0.528100527E+00
-0.527808804E+00-0.527522107E+00-0.527240773E+00-0.526965143E+00-0.526695556E+00
-0.526432354E+00-0.526175877E+00-0.525926466E+00-0.525684464E+00-0.525450213E+00
-0.525224055E+00-0.525006333E+00-0.524797389E+00-0.524597567E+00-0.524407209E+00
-0.524226659E+00-0.524056259E+00-0.523896352E+00-0.523747282E+00-0.523609389E+00
-0.523483016E+00-0.523368506E+00-0.523266198E+00-0.523176433E+00-0.523099552E+00
-0.523035893E+00-0.522985794E+00-0.522949594E+00-0.522927628E+00-0.522920231E+00
 0.268626378E+05 0.262369109E+05 0.256112512E+05 0.249859718E+05 0.243613858E+05
 0.237378065E+05 0.231155471E+05 0.224949208E+05 0.218762407E+05 0.212598200E+05
 0.206459719E+05 0.200350096E+05 0.194272463E+05 0.188229951E+05 0.182225693E+05
 0.176262820E+05 0.170344464E+05 0.164473758E+05 0.158653832E+05 0.152887819E+05
 0.147178851E+05 0.141530059E+05 0.135944575E+05 0.130425532E+05 0.124976061E+05
 0.119599294E+05 0.114298362E+05 0.109076398E+05 0.103936533E+05 0.988819002E+04
 0.939156302E+04 0.890408552E+04 0.842607071E+04 0.795783178E+04 0.749968191E+04
 0.705193429E+04 0.661490209E+04 0.618889852E+04 0.577423675E+04 0.537122997E+04
 0.498019136E+04 0.460143412E+04 0.423527142E+04 0.388201645E+04 0.354198240E+04
 0.321548245E+04 0.290282979E+04 0.260433761E+04 0.232031909E+04 0.205108741E+04
 0.179695576E+04 0.155823734E+04 0.133524531E+04 0.112829287E+04 0.937693209E+03
 0.763759506E+03 0.606804948E+03 0.467142721E+03 0.345086011E+03 0.240948003E+03
 0.155041884E+03 0.876808382E+02 0.391780519E+02 0.984671058E+01 0.000000000E+00
-0.130111762E+00-0.133126285E+00-0.135980570E+00-0.138674616E+00-0.141208423E+00
-0.143581991E+00-0.145795321E+00-0.147848411E+00-0.149741264E+00-0.151473877E+00
-0.153046252E+00-0.154458388E+00-0.155710285E+00-0.156801944E+00-0.157733364E+00
-0.158504545E+00-0.159115487E+00-0.159566191E+00-0.159856656E+00-0.159986883E+00
-0.159956870E+00-0.159766619E+00-0.159416129E+00-0.158905401E+00-0.158234434E+00
-0.157403228E+00-0.156411783E+00-0.155260100E+00-0.153948178E+00-0.152476017E+00
-0.150843617E+00-0.149050979E+00-0.147098102E+00-0.144984987E+00-0.142711632E+00
-0.140278039E+00-0.137684207E+00-0.134930137E+00-0.132015828E+00-0.128941280E+00
-0.125706493E+00-0.122311468E+00-0.118756204E+00-0.115040701E+00-0.111164959E+00
-0.107128979E+00-0.102932760E+00-0.985763027E-01-0.940596064E-01-0.893826713E-01
-0.845454976E-01-0.795480851E-01-0.743904339E-01-0.690725440E-01-0.635944154E-01
-0.579560481E-01-0.521574420E-01-0.461985973E-01-0.400795138E-01-0.338001916E-01
-0.273606307E-01-0.207608311E-01-0.140007928E-01-0.708051575E-02 0.000000000E+00
-0.574844273E+06-0.574926480E+06-0.574720935E+06-0.574227640E+06-0.573446595E+06
-0.572377798E+06-0.571021251E+06-0.569376953E+06-0.567444904E+06-0.565225105E+06
-0.562717555E+06-0.559922254E+06-0.556839202E+06-0.553468400E+06-0.549809847E+06
-0.545863543E+06-0.541629488E+06-0.537107683E+06-0.532298127E+06-0.527200820E+06
-0.521815762E+06-0.516142954E+06-0.510182395E+06-0.503934085E+06-0.497398025E+06
-0.490574213E+06-0.483462652E+06-0.476063339E+06-0.468376275E+06-0.460401461E+06
-0.452138896E+06-0.443588581E+06-0.434750514E+06-0.425624697E+06-0.416211129E+06
-0.406509811E+06-0.396520741E+06-0.386243921E+06-0.375679350E+06-0.364827029E+06
-0.353686956E+06-0.342259133E+06-0.330543560E+06-0.318540235E+06-0.306249160E+06
-0.293670334E+06-0.280803757E+06-0.267649430E+06-0.254207351E+06-0.240477523E+06
-0.226459943E+06-0.212154612E+06-0.197561531E+06-0.182680699E+06-0.167512117E+06
-0.152055783E+06-0.136311699E+06-0.120279864E+06-0.103960279E+06-0.873529426E+05
-0.704578556E+05-0.532750178E+05-0.358044293E+05-0.180460900E+05 0.000000000E+00
-7.544410060e-05-1.690930305e-04-2.970459971e-04-4.558008206e-04-6.408542062e-04
-8.467503922e-04-1.067199335e-03-1.295479440e-03-1.512758069e-03-1.685667614e-03
-1.827202033e-03-1.928550103e-03-1.970495500e-03-1.942734260e-03-1.830170530e-03
-1.618936305e-03-1.308440202e-03-8.854609949e-04-3.572466268e-04 2.763700098e-04
 1.006172259e-03 1.807838337e-03 2.668397831e-03 3.545893304e-03 4.419096602e-03
 5.259858078e-03 6.047890520e-03 6.792963296e-03 7.485416000e-03 8.152135486e-03
 8.796846084e-03 9.428965949e-03 1.006801135e-02 1.069971074e-02 1.134778759e-02
 1.199664322e-02 1.265167640e-02 1.332078353e-02 1.398377458e-02 1.465823133e-02
 1.532374004e-02 1.598983646e-02 1.665539923e-02 1.730556582e-02 1.796184689e-02
 1.859658839e-02 1.922720855e-02 1.984420939e-02 2.043778545e-02 2.102939876e-02
 2.158727931e-02 2.213839985e-02 2.266333955e-02 2.316116534e-02 2.364956333e-02
 2.409704337e-02 2.453509576e-02 2.494037527e-02 2.531166957e-02 2.567095289e-02
 2.598050758e-02 2.627601986e-02 2.653243820e-02 2.674605109e-02 2.694457113e-02
-1.069759412e-04-2.403679872e-04-4.236830792e-04-6.529454731e-04-9.229510224e-04
-1.227258860e-03-1.558181765e-03-1.904697110e-03-2.246497068e-03-2.541610151e-03
-2.804690972e-03-3.021227054e-03-3.172827920e-03-3.249655111e-03-3.175522468e-03
-2.968708988e-03-2.617898375e-03-2.109533558e-03-1.434605988e-03-5.917620866e-04
 4.102768079e-04 1.548380502e-03 2.776845084e-03 4.026917977e-03 5.216099377e-03
 6.273463234e-03 7.168929174e-03 7.921471156e-03 8.579353871e-03 9.191995096e-03
 9.794394047e-03 1.040593616e-02 1.103504203e-02 1.168384220e-02 1.235133717e-02
 1.303515830e-02 1.373246212e-02 1.444026894e-02 1.515553659e-02 1.587532089e-02
 1.659690592e-02 1.731774727e-02 1.803534882e-02 1.874719936e-02 1.945077077e-02
 2.014351715e-02 2.082293565e-02 2.148660456e-02 2.213224638e-02 2.275779137e-02
 2.336140259e-02 2.394152747e-02 2.449687583e-02 2.502639636e-02 2.552920079e-02
 2.600443753e-02 2.645111729e-02 2.686783855e-02 2.725253839e-02 2.760236439e-02
 2.791390450e-02 2.818391900e-02 2.840991662e-02 2.858967711e-02 2.872507485e-02
-1.458980682e-04-3.285548561e-04-5.808958824e-04-8.986744598e-04-1.276079500e-03
-1.705465679e-03-2.177023937e-03-2.676898990e-03-3.179117872e-03-3.674757743e-03
-4.132624271e-03-4.530274636e-03-4.849705628e-03-5.057949984e-03-5.113843105e-03
-4.978883589e-03-4.632005307e-03-4.047957069e-03-3.203776648e-03-2.081926190e-03
-6.702414400e-04 1.034496831e-03 3.003328113e-03 5.113531639e-03 7.054206670e-03
 8.465013353e-03 9.247675025e-03 9.638835701e-03 9.954061532e-03 1.033755425e-02
 1.081390055e-02 1.137165603e-02 1.199332678e-02 1.266324407e-02 1.336901559e-02
 1.410125803e-02 1.485294568e-02 1.561875249e-02 1.639449272e-02 1.717668213e-02
 1.796220762e-02 1.874808506e-02 1.953129535e-02 2.030869627e-02 2.107700488e-02
 2.183283935e-02 2.257280565e-02 2.329361217e-02 2.399219537e-02 2.466584057e-02
 2.531228464e-02 2.592979007e-02 2.651718319e-02 2.707385015e-02 2.759968134e-02
 2.809494097e-02 2.856000449e-02 2.899483184e-02 2.939790537e-02 2.976427552e-02
 3.008351045e-02 3.034298455e-02 3.054001404e-02 3.068659929e-02 3.079864739e-02
-1.921893686e-04-4.338857533e-04-7.698041374e-04-1.196238404e-03-1.707819026e-03
-2.297094512e-03-2.954044471e-03-3.663581220e-03-4.402936357e-03-5.157329049e-03
-5.896812548e-03-6.586390514e-03-7.192202047e-03-7.667248409e-03-7.956840884e-03
-8.002834111e-03-7.749252466e-03-7.147928020e-03-6.162073981e-03-4.764590460e-03
-2.925914731e-03-5.798891405e-04 2.413830183e-03 6.498942453e-03 1.091667015e-02
 1.290064930e-02 1.242135678e-02 1.104371884e-02 1.080129198e-02 1.102699783e-02
 1.149826846e-02 1.211214788e-02 1.281325765e-02 1.356933768e-02 1.436088183e-02
 1.517595657e-02 1.600725549e-02 1.685025113e-02 1.770195328e-02 1.856004551e-02
 1.942228622e-02 2.028611445e-02 2.114842637e-02 2.200549915e-02 2.285304121e-02
 2.368634465e-02 2.450051154e-02 2.529072174e-02 2.605250931e-02 2.678201724e-02
 2.747620754e-02 2.813301364e-02 2.875143483e-02 2.933158568e-02 2.987472762e-02
 3.038332500e-02 3.086118883e-02 3.131380005e-02 3.174893881e-02 3.217741964e-02
 3.265369473e-02 3.291822677e-02 3.293761801e-02 3.295597843e-02 3.298428287e-02
-2.441433410e-04-5.528674228e-04-9.850800546e-04-1.539039461e-03-2.211540529e-03
-2.997305545e-03-3.888306880e-03-4.870991146e-03-5.925565217e-03-7.037400655e-03
-8.180935659e-03-9.315428425e-03-1.039846004e-02-1.136529807e-02-1.212579413e-02
-1.256789764e-02-1.257309002e-02-1.204503775e-02-1.093786132e-02-9.265089750e-03
-7.083393835e-03-4.467673728e-03-1.508042451e-03 1.624157926e-03 4.522112973e-03
 6.711350924e-03 8.106038752e-03 9.056820202e-03 9.898212487e-03 1.075595509e-02
 1.164847368e-02 1.256564536e-02 1.349492906e-02 1.442763559e-02 1.535945845e-02
 1.628952445e-02 1.721917616e-02 1.815082824e-02 1.908699133e-02 2.002948758e-02
 2.097886594e-02 2.193402426e-02 2.289204445e-02 2.384824134e-02 2.479641259e-02
 2.572925956e-02 2.663893014e-02 2.751761978e-02 2.835816036e-02 2.915453054e-02
 2.990223712e-02 3.059854170e-02 3.124253778e-02 3.183511308e-02 3.237885985e-02
 3.287802333e-02 3.333862078e-02 3.376896180e-02 3.418108511e-02 3.459514997e-02
 3.504777228e-02 3.528376241e-02 3.523387738e-02 3.519207513e-02 3.517903670e-02
-2.969702814e-04-6.752210304e-04-1.209763570e-03-1.903114098e-03-2.756786807e-03
-3.770189974e-03-4.939697793e-03-6.257712530e-03-7.700961414e-03-9.268661736e-03
-1.094456002e-02-1.270725170e-02-1.453434070e-02-1.638040197e-02-1.812708339e-02
-1.953245294e-02-2.022951275e-02-1.987476712e-02-1.836780655e-02-1.591414844e-02
-1.287254743e-02-9.562102525e-03-6.203562909e-03-2.954310503e-03 5.968979790e-05
 2.749498137e-03 5.086062959e-03 7.101054661e-03 8.857291823e-03 1.041644850e-02
 1.182514664e-02 1.311603610e-02 1.431331173e-02 1.543713418e-02 1.650591993e-02
 1.753705115e-02 1.854670704e-02 1.954929806e-02 2.055677080e-02 2.157792525e-02
 2.261783858e-02 2.367748261e-02 2.475362192e-02 2.583906048e-02 2.692326297e-02
 2.799331812e-02 2.903515189e-02 3.003484933e-02 3.097991663e-02 3.186031621e-02
 3.266914388e-02 3.340288433e-02 3.406126275e-02 3.464678205e-02 3.516407060e-02
 3.561915296e-02 3.601868849e-02 3.636907938e-02 3.667504486e-02 3.693659306e-02
 3.714333550e-02 3.727686133e-02 3.733784237e-02 3.735082654e-02 3.732666864e-02
-3.406285204e-04-7.791487179e-04-1.407422601e-03-2.236442168e-03-3.277279762e-03
-4.538576400e-03-6.023559542e-03-7.725185077e-03-9.625437716e-03-1.171043365e-02
-1.396843330e-02-1.641220873e-02-1.910918403e-02-2.222283788e-02-2.600689129e-02
-3.051308806e-02-3.425969063e-02-3.434760320e-02-3.049127048e-02-2.450663592e-02
-1.891400854e-02-1.397245231e-02-9.559859001e-03-5.578587882e-03-1.975831998e-03
 1.273616747e-03 4.184254402e-03 6.770559894e-03 9.051514777e-03 1.105142113e-02
 1.279954790e-02 1.432958585e-02 1.567871526e-02 1.688606261e-02 1.799078810e-02
 1.903026167e-02 2.003861658e-02 2.104566812e-02 2.207599723e-02 2.314800962e-02
 2.427294374e-02 2.545400644e-02 2.668594628e-02 2.795536093e-02 2.924189112e-02
 3.052025911e-02 3.176294095e-02 3.294314168e-02 3.403765487e-02 3.502914336e-02
 3.590743560e-02 3.666963615e-02 3.731915248e-02 3.786400672e-02 3.831490516e-02
 3.868345520e-02 3.898073313e-02 3.921623013e-02 3.939713689e-02 3.952804060e-02
 3.961137458e-02 3.964943147e-02 3.964853722e-02 3.962416340e-02 3.958415992e-02
-3.564555940e-04-8.232386960e-04-1.507024684e-03-2.435113464e-03-3.638967808e-03
-5.149571757e-03-6.990378045e-03-9.165167225e-03-1.164044773e-02-1.434788786e-02
-1.716764323e-02-1.999541436e-02-2.283859292e-02-2.596091714e-02-2.990253494e-02
-3.551978646e-02-4.133433955e-02-4.142709608e-02-3.575094468e-02-2.702447440e-02
-2.036869635e-02-1.481428678e-02-9.945680295e-03-5.556032872e-03-1.544980054e-03
 2.127430910e-03 5.464723394e-03 8.450648182e-03 1.106475911e-02 1.329759206e-02
 1.516200925e-02 1.669655183e-02 1.796008857e-02 1.902157870e-02 1.995031841e-02
 2.080995032e-02 2.165638480e-02 2.253791084e-02 2.349546725e-02 2.456166395e-02
 2.575820202e-02 2.709250364e-02 2.855510890e-02 3.011924241e-02 3.174303236e-02
 3.337394189e-02 3.495467962e-02 3.643001470e-02 3.775382027e-02 3.889504988e-02
 3.984089448e-02 4.059597087e-02 4.117799318e-02 4.161181543e-02 4.192395803e-02
 4.213885299e-02 4.227695913e-02 4.235427380e-02 4.238266311e-02 4.237059401e-02
 4.232401739e-02 4.224588495e-02 4.215853849e-02 4.205304394e-02 4.193155720e-02
-3.149563160e-04-7.383691297e-04-1.381580397e-03-2.298600657e-03-3.561216853e-03
-5.252301428e-03-7.455175112e-03-1.024631120e-02-1.368150112e-02-1.774375807e-02
-2.192956823e-02-2.514432121e-02-2.686667473e-02-2.736504223e-02-2.766019939e-02
-2.791383903e-02-2.765293780e-02-2.630474233e-02-2.365895742e-02-2.000014589e-02
-1.582412562e-02-1.148705274e-02-7.152584603e-03-2.882553757e-03 1.290213106e-03
 5.320019390e-03 9.123589226e-03 1.257286701e-02 1.551862344e-02 1.784776600e-02
 1.954170545e-02 2.068886826e-02 2.144171260e-02 2.195726298e-02 2.236226261e-02
 2.274902558e-02 2.318680428e-02 2.373553777e-02 2.445528784e-02 2.540725433e-02
 2.664415605e-02 2.819331217e-02 3.004221421e-02 3.213544431e-02 3.438306998e-02
 3.667316420e-02 3.888273147e-02 4.088941509e-02 4.258948999e-02 4.392013881e-02
 4.487375992e-02 4.549275116e-02 4.584725080e-02 4.601046457e-02 4.604348610e-02
 4.599094693e-02 4.588288568e-02 4.573850558e-02 4.556966841e-02 4.538351987e-02
 4.518430107e-02 4.497502152e-02 4.476937477e-02 4.456087950e-02 4.434078941e-02
-1.869608387e-04-4.455380746e-04-8.568345605e-04-1.493370913e-03-2.501182319e-03
-4.107770473e-03-6.470629114e-03-9.657629793e-03-1.386660912e-02-1.962131305e-02
-2.673891343e-02-3.076298642e-02-3.079801166e-02-2.699844252e-02-2.443592742e-02
-2.257390750e-02-2.083973797e-02-1.888791265e-02-1.653610900e-02-1.373340420e-02
-1.051289635e-02-6.935585010e-03-3.050473295e-03 1.119824257e-03 5.572701510e-03
 1.029774987e-02 1.520468141e-02 1.996747883e-02 2.390396595e-02 2.632832238e-02
 2.711418423e-02 2.680886028e-02 2.610705052e-02 2.541254314e-02 2.485341840e-02
 2.445411508e-02 2.421391611e-02 2.414203966e-02 2.430669521e-02 2.485054643e-02
 2.597792544e-02 2.783729746e-02 3.041942333e-02 3.356464883e-02 3.704371190e-02
 4.064171800e-02 4.413611966e-02 4.724372905e-02 4.964944814e-02 5.114495922e-02
 5.177157285e-02 5.178607269e-02 5.147600153e-02 5.103471250e-02 5.055924028e-02
 5.009110036e-02 4.964450189e-02 4.922222504e-02 4.882277790e-02 4.844288274e-02
 4.807938309e-02 4.773005854e-02 4.740120259e-02 4.708441733e-02 4.678053612e-02
 1.258104972e-05 3.031766062e-05 6.408224139e-05 1.443194887e-04 2.426417758e-04
-8.563960670e-04-3.483668485e-03-6.483455087e-03-9.790826403e-03-1.342483341e-02
-1.689165502e-02-1.923503810e-02-1.994107145e-02-1.926932034e-02-1.805107689e-02
-1.665529981e-02-1.510509743e-02-1.333836727e-02-1.128911205e-02-8.909079615e-03
-6.166989676e-03-3.037101605e-03 5.171916780e-04 4.563532784e-03 9.230101929e-03
 1.476375956e-02 2.167900709e-02 3.127260587e-02 4.060035268e-02 4.348140952e-02
 3.951985615e-02 3.341504579e-02 3.001277609e-02 2.787572696e-02 2.643028582e-02
 2.537091135e-02 2.448881896e-02 2.360048142e-02 2.251922750e-02 2.123912336e-02
 2.123487485e-02 2.358543283e-02 2.814805230e-02 3.385483307e-02 3.954223891e-02
 4.534968188e-02 5.154041476e-02 5.786683555e-02 6.246703527e-02 6.370403114e-02
 6.177247251e-02 5.934823619e-02 5.748823110e-02 5.607056226e-02 5.495035400e-02
 5.403048304e-02 5.324909441e-02 5.256612099e-02 5.195650711e-02 5.140193284e-02
 5.089158641e-02 5.041786067e-02 4.997481674e-02 4.955397475e-02 4.914327467e-02
 2.104945618e-04 4.902180887e-04 9.111224532e-04 1.507714205e-03 2.183175131e-03
 1.570542306e-03-6.223525245e-04-2.939465531e-03-5.189616906e-03-7.294039636e-03
-9.136857113e-03-1.056494026e-02-1.144564667e-02-1.176001562e-02-1.157761774e-02
-1.098784332e-02-1.005265896e-02-8.799308928e-03-7.231047996e-03-5.338098360e-03
-3.103354433e-03-5.028818461e-04 2.497445731e-03 5.947873082e-03 9.921532467e-03
 1.451525187e-02 1.980788518e-02 2.558136066e-02 3.047880451e-02 3.280796708e-02
 3.229299611e-02 3.033928847e-02 2.849108118e-02 2.709410411e-02 2.608079911e-02
 2.531806514e-02 2.465626895e-02 2.391007643e-02 2.280143130e-02 2.092458103e-02
 2.040682165e-02 2.301008226e-02 2.892693354e-02 3.576498449e-02 4.213265871e-02
 4.856927765e-02 5.564764371e-02 6.402405132e-02 6.941132532e-02 7.027957780e-02
 6.667505426e-02 6.346941658e-02 6.126198659e-02 5.962553527e-02 5.833265591e-02
 5.726002972e-02 5.633766690e-02 5.552377973e-02 5.479210994e-02 5.412527344e-02
 5.351112270e-02 5.294064457e-02 5.240667728e-02 5.190330141e-02 5.142898801e-02
 3.637770280e-04 8.356952996e-04 1.519789214e-03 2.437409650e-03 3.478058334e-03
 3.245210171e-03 1.395636691e-03-2.629211342e-04-1.796405485e-03-3.214286930e-03
-4.489791338e-03-5.546050637e-03-6.323669226e-03-6.787338658e-03-6.926120609e-03
-6.745107519e-03-6.255150306e-03-5.465712610e-03-4.381981742e-03-3.004903446e-03
-1.332539959e-03 6.380038715e-04 2.907776005e-03 5.470852510e-03 8.304063453e-03
 1.134739810e-02 1.447290786e-02 1.745560573e-02 1.998966692e-02 2.189194444e-02
 2.309612531e-02 2.370490538e-02 2.398002026e-02 2.414187524e-02 2.432553276e-02
 2.459780336e-02 2.499089795e-02 2.553786022e-02 2.631846809e-02 2.751608077e-02
 2.941351463e-02 3.222991049e-02 3.595013293e-02 4.032317499e-02 4.502680079e-02
 4.979532552e-02 5.436552664e-02 5.836572074e-02 6.134289263e-02 6.301463890e-02
 6.348414488e-02 6.315064231e-02 6.241638200e-02 6.152756009e-02 6.060329349e-02
 5.969674688e-02 5.883071061e-02 5.801389430e-02 5.724816456e-02 5.653192129e-02
 5.586179604e-02 5.523356901e-02 5.464269617e-02 5.408468715e-02 5.355876363e-02
 4.748761643e-04 1.084423145e-03 1.955804066e-03 3.104683613e-03 4.405382490e-03
 4.458810509e-03 2.991498322e-03 1.723460314e-03 5.841708221e-04-5.173135844e-04
-1.527381459e-03-2.404382651e-03-3.111903192e-03-3.621157592e-03-3.911934051e-03
-3.971694518e-03-3.793587331e-03-3.374383876e-03-2.713075827e-03-1.810410362e-03
-6.693816996e-04 7.033640081e-04 2.295167681e-03 4.083946581e-03 6.033857132e-03
 8.090954021e-03 1.018138881e-02 1.221653743e-02 1.410863925e-02 1.578561431e-02
 1.728645438e-02 1.860361274e-02 1.978361129e-02 2.090850036e-02 2.205529106e-02
 2.329555557e-02 2.469627801e-02 2.632452384e-02 2.825214886e-02 3.055389112e-02
 3.329300817e-02 3.649598807e-02 4.012745488e-02 4.408021703e-02 4.818324657e-02
 5.221874193e-02 5.594382958e-02 5.912242705e-02 6.156997882e-02 6.319931833e-02
 6.404322699e-02 6.423485861e-02 6.395444858e-02 6.337461012e-02 6.263008800e-02
 6.181285188e-02 6.097998443e-02 6.016411528e-02 5.938208948e-02 5.864107663e-02
 5.794255946e-02 5.728483651e-02 5.666455395e-02 5.607748890e-02 5.551180116e-02
 5.543914313e-04 1.262241492e-03 2.267210944e-03 3.580847110e-03 5.076159960e-03
 5.349893908e-03 4.089302458e-03 3.066377292e-03 2.121816504e-03 1.199258554e-03
 3.239359801e-04-4.745895836e-04-1.169005591e-03-1.735411313e-03-2.153885105e-03
-2.408558443e-03-2.487320808e-03-2.381398285e-03-2.085017513e-03-1.595417826e-03
-9.132185901e-04-4.311958608e-05 1.005151789e-03 2.215840532e-03 3.566465759e-03
 5.027980308e-03 6.566418020e-03 8.146450252e-03 9.736860382e-03 1.131671542e-02
 1.287826427e-02 1.443230441e-02 1.603528236e-02 1.769536860e-02 1.945308888e-02
 2.134224871e-02 2.344711642e-02 2.581618502e-02 2.850590100e-02 3.155730151e-02
 3.497249213e-02 3.877018082e-02 4.294020174e-02 4.742540499e-02 5.209399960e-02
 5.669531940e-02 6.085800024e-02 6.422507979e-02 6.657279559e-02 6.783400098e-02
 6.811077724e-02 6.767464535e-02 6.685268999e-02 6.587398224e-02 6.485966086e-02
 6.386846645e-02 6.292710725e-02 6.204565634e-02 6.122541120e-02 6.046311935e-02
 5.975334011e-02 5.908978631e-02 5.846608505e-02 5.787635382e-02 5.732208494e-02
 6.110881110e-04 1.388774376e-03 2.487968353e-03 3.916150773e-03 5.542981940e-03
 5.957752225e-03 4.832421848e-03 3.920522101e-03 3.087309218e-03 2.241815886e-03
 1.408232125e-03 6.101440657e-04-1.300714613e-04-7.918403457e-04-1.356721904e-03
-1.808506064e-03-2.133153582e-03-2.318608218e-03-2.354661064e-03-2.233326095e-03
-1.949325662e-03-1.500536656e-03-8.883732365e-04-1.179962046e-04 8.018725330e-04
 1.859852965e-03 3.043381465e-03 4.340126076e-03 5.739922789e-03 7.236891958e-03
 8.831312216e-03 1.053057253e-02 1.234977987e-02 1.431696082e-02 1.645774856e-02
 1.879567638e-02 2.138105858e-02 2.425675777e-02 2.746701067e-02 3.105205474e-02
 3.504395947e-02 3.949500340e-02 4.447206397e-02 5.006294698e-02 5.640579503e-02
 6.386318115e-02 7.065927676e-02 7.543141200e-02 7.794740922e-02 7.806549675e-02
 7.583258902e-02 7.254153048e-02 7.017127278e-02 6.831251462e-02 6.680141815e-02
 6.554028669e-02 6.446403763e-02 6.352742212e-02 6.269791069e-02 6.195141633e-02
 6.126965030e-02 6.063844803e-02 6.004667516e-02 5.948538129e-02 5.894248569e-02
 6.519450505e-04 1.480245592e-03 2.648200820e-03 4.160397465e-03 5.875246109e-03
 6.370270296e-03 5.341531802e-03 4.487518929e-03 3.675797476e-03 2.821919749e-03
 1.950485549e-03 1.082774409e-03 2.380317207e-04-5.659944567e-04-1.312800647e-03
-1.986953603e-03-2.573859459e-03-3.059763245e-03-3.428110578e-03-3.663346007e-03
-3.752190287e-03-3.683841224e-03-3.450340706e-03-3.047134292e-03-2.473958556e-03
-1.732483502e-03-8.209423467e-04 2.608783368e-04 1.512597840e-03 2.934474248e-03
 4.529343830e-03 6.303803362e-03 8.267976980e-03 1.043548455e-02 1.282360083e-02
 1.545342137e-02 1.835028836e-02 2.154378522e-02 2.506841521e-02 2.896598649e-02
 3.329049489e-02 3.811580084e-02 4.354731492e-02 4.974363260e-02 5.694928262e-02
 6.543758765e-02 7.308698097e-02 7.814309300e-02 8.063816073e-02 8.050410657e-02
 7.764123726e-02 7.374838082e-02 7.097054761e-02 6.894771064e-02 6.741434369e-02
 6.620863882e-02 6.522790361e-02 6.440435492e-02 6.369180458e-02 6.305796551e-02
 6.247981594e-02 6.194069980e-02 6.142844816e-02 6.093411726e-02 6.045256158e-02
 6.808350796e-04 1.545869774e-03 2.766041301e-03 4.347632667e-03 6.162265813e-03
 6.799765391e-03 5.887220303e-03 4.948744462e-03 4.027707983e-03 3.073202117e-03
 2.089658552e-03 1.089568246e-03 8.616844380e-05-9.071704757e-04-1.877113717e-03
-2.810355844e-03-3.692685010e-03-4.502690451e-03-5.219335413e-03-5.822130891e-03
-6.291432622e-03-6.608701755e-03-6.756764300e-03-6.720055644e-03-6.484791477e-03
-6.038856216e-03-5.371783793e-03-4.476007969e-03-3.348529721e-03-1.993724311e-03
-4.121428868e-04 1.404533305e-03 3.461367044e-03 5.762804724e-03 8.315921108e-03
 1.112951399e-02 1.421437397e-02 1.758359473e-02 2.125311351e-02 2.524353578e-02
 2.958652338e-02 3.434398068e-02 3.957310432e-02 4.530869293e-02 5.161797247e-02
 5.849177300e-02 6.479725751e-02 6.924400303e-02 7.165215136e-02 7.180287942e-02
 7.056243489e-02 6.930299484e-02 6.813389574e-02 6.716220247e-02 6.636726855e-02
 6.571229955e-02 6.516047786e-02 6.468062420e-02 6.424810106e-02 6.384416960e-02
 6.345496649e-02 6.307050274e-02 6.268380739e-02 6.229032714e-02 6.189203783e-02
 6.975683142e-04 1.584054314e-03 2.835133827e-03 4.458557408e-03 6.321398352e-03
 7.017618971e-03 6.183900571e-03 5.143000167e-03 4.111355923e-03 3.020910428e-03
 1.885794174e-03 7.132275337e-04-4.882989882e-04-1.709396771e-03-2.940059854e-03
-4.167606689e-03-5.369774111e-03-6.523156059e-03-7.603614765e-03-8.586531963e-03
-9.447067830e-03-1.016042109e-02-1.070209090e-02-1.104814645e-02-1.117551469e-02
-1.106232672e-02-1.068841538e-02-1.003602871e-02-9.090744638e-03-7.842437748e-03
-6.285693289e-03-4.422070201e-03-2.265889623e-03 1.587006565e-04 2.856618194e-03
 5.824661428e-03 9.057956057e-03 1.255092870e-02 1.629597889e-02 2.028047208e-02
 2.447797848e-02 2.891373309e-02 3.372163134e-02 3.869060608e-02 4.369284520e-02
 4.852638473e-02 5.292223934e-02 5.662282903e-02 5.947542076e-02 6.147795752e-02
 6.277345706e-02 6.357253193e-02 6.406038697e-02 6.436083633e-02 6.454530749e-02
 6.465138762e-02 6.469721175e-02 6.469072468e-02 6.463510553e-02 6.453172871e-02
 6.438165839e-02 6.418631133e-02 6.394766580e-02 6.366808980e-02 6.334158586e-02
 7.014256568e-04 1.592223351e-03 2.848150455e-03 4.475189510e-03 6.336808875e-03
 7.020122215e-03 6.153892379e-03 5.059260652e-03 3.909065327e-03 2.681394053e-03
 1.381295457e-03 1.564559538e-05-1.408746284e-03-2.884849278e-03-4.403510237e-03
-5.943078799e-03-7.479837019e-03-8.988367951e-03-1.044177583e-02-1.181194556e-02
-1.306980595e-02-1.418560039e-02-1.512917131e-02-1.587026842e-02-1.637889868e-02
-1.662574345e-02-1.658268254e-02-1.622347904e-02-1.552464698e-02-1.446654570e-02
-1.303482432e-02-1.122237188e-02-9.031701055e-03-6.477057910e-03-3.586625790e-03
-4.142144963e-04 3.015584963e-03 6.687288543e-03 1.057940413e-02 1.466695940e-02
 1.892077696e-02 2.330152516e-02 2.772309322e-02 3.233819114e-02 3.693018133e-02
 4.131187388e-02 4.539502254e-02 4.908864390e-02 5.232904134e-02 5.509356966e-02
 5.740040209e-02 5.929639736e-02 6.084023078e-02 6.208873904e-02 6.308995443e-02
 6.388168247e-02 6.449295821e-02 6.494634065e-02 6.526001231e-02 6.544933636e-02
 6.552786420e-02 6.550791237e-02 6.540085152e-02 6.521736193e-02 6.497353912e-02
 6.941745501e-04 1.574888705e-03 2.814933624e-03 4.418397473e-03 6.254030982e-03
 6.906067865e-03 5.951372192e-03 4.774165639e-03 3.499094515e-03 2.119683956e-03
 6.406193250e-04-9.333736079e-04-2.597510214e-03-4.347015046e-03-6.162328303e-03
-8.020423837e-03-9.895943365e-03-1.176136128e-02-1.358721927e-02-1.534237419e-02
-1.699426460e-02-1.850919299e-02-1.985262409e-02-2.098950473e-02-2.188461763e-02
-2.250299078e-02-2.281039345e-02-2.277395758e-02-2.236297983e-02-2.154996860e-02
-2.031200088e-02-1.863248563e-02-1.650339131e-02-1.392796030e-02-1.092411346e-02
-7.528237320e-03-3.797059584e-03 1.801434868e-04 4.357947474e-03 8.706203772e-03
 1.319074986e-02 1.777411711e-02 2.241465325e-02 2.706283040e-02 3.165464889e-02
 3.611623891e-02 4.037603254e-02 4.437183413e-02 4.805477220e-02 5.139200736e-02
 5.436730269e-02 5.697916856e-02 5.923740904e-02 6.115934214e-02 6.276666861e-02
 6.408334291e-02 6.513430687e-02 6.594475722e-02 6.653965753e-02 6.694332966e-02
 6.717907106e-02 6.726880825e-02 6.723281506e-02 6.708945440e-02 6.685288933e-02
 6.788553933e-04 1.539341961e-03 2.749475977e-03 4.311755887e-03 6.083622221e-03
 6.644883081e-03 5.632096054e-03 4.350416861e-03 2.940834644e-03 1.400238783e-03
-2.680471204e-04-2.061158157e-03-3.976546000e-03-6.000636587e-03-8.111591482e-03
-1.028485049e-02-1.249322627e-02-1.470709454e-02-1.689461555e-02-1.902199100e-02
-2.105374445e-02-2.295301748e-02-2.468187671e-02-2.620163078e-02-2.747316319e-02
-2.845729488e-02-2.911520167e-02-2.940892474e-02-2.930202545e-02-2.876045239e-02
-2.775370753e-02-2.625640271e-02-2.425030401e-02-2.172695370e-02-1.869090621e-02
-1.516365246e-02-1.118823019e-02-6.834179897e-03-2.199792994e-03 2.587172678e-03
 7.497996326e-03 1.249526257e-02 1.753829398e-02 2.258178610e-02 2.757556623e-02
 3.246562795e-02 3.719636932e-02 4.171331139e-02 4.596575448e-02 4.990915598e-02
 5.350712153e-02 5.673292076e-02 5.957046146e-02 6.201466801e-02 6.407120933e-02
 6.575554395e-02 6.709132455e-02 6.810831582e-02 6.884007944e-02 6.932171739e-02
 6.958792420e-02 6.967150219e-02 6.960238266e-02 6.940707251e-02 6.910791908e-02
 6.583574269e-04 1.492221986e-03 2.663786274e-03 4.174377868e-03 5.885712988e-03
 6.378064118e-03 5.247124435e-03 3.847620548e-03 2.293733094e-03 5.845561018e-04
-1.278899555e-03-3.295944275e-03-5.460839086e-03-7.753739491e-03-1.015159879e-02
-1.262832123e-02-1.515494387e-02-1.769985095e-02-2.022903115e-02-2.270636538e-02
-2.509393520e-02-2.735234006e-02-2.944101334e-02-3.131853041e-02-3.294290797e-02
-3.427190251e-02-3.526332639e-02-3.587541438e-02-3.606728964e-02-3.579959745e-02
-3.503539401e-02-3.374140018e-02-3.188974617e-02-2.946034338e-02-2.644402105e-02
-2.284650262e-02-1.869320668e-02-1.403485064e-02-8.953751070e-03-3.569718686e-03
 1.955948899e-03 7.568887057e-03 1.323643667e-02 1.892146751e-02 2.458135451e-02
 3.016752889e-02 3.562540848e-02 4.089492021e-02 4.591187838e-02 5.061053342e-02
 5.492748273e-02 5.880676141e-02 6.220539063e-02 6.509821274e-02 6.748076680e-02
 6.936936781e-02 7.079830981e-02 7.181491424e-02 7.247366035e-02 7.283067094e-02
 7.293943745e-02 7.284810968e-02 7.259821899e-02 7.222458871e-02 7.176140672e-02
 6.350252339e-04 1.438836414e-03 2.567297776e-03 4.020821400e-03 5.658351437e-03
 6.058609898e-03 4.825941365e-03 3.304741720e-03 1.603887225e-03-2.753442204e-04
-2.333645592e-03-4.572160292e-03-6.976311390e-03-9.525039775e-03-1.219390439e-02
-1.495522585e-02-1.777828745e-02-2.062958980e-02-2.347314716e-02-2.627081448e-02
-2.898263002e-02-3.156715726e-02-3.398181083e-02-3.618315372e-02-3.812715894e-02
-3.976943684e-02-4.106544061e-02-4.197067676e-02-4.244096500e-02-4.243281283e-02
-4.190399473e-02-4.081445207e-02-3.912765783e-02-3.681261490e-02-3.384667085e-02
-3.021933535e-02-2.593725015e-02-2.103032991e-02-1.555886053e-02-9.621306599e-03
-3.362253284e-03 3.024526255e-03 9.495571798e-03 1.602577029e-02 2.258249826e-02
 2.912298363e-02 3.559132244e-02 4.191546659e-02 4.800529068e-02 5.375365016e-02
 5.904268571e-02 6.375650159e-02 6.779844017e-02 7.110810471e-02 7.367242852e-02
 7.552698931e-02 7.674717435e-02 7.743238659e-02 7.768880381e-02 7.761579040e-02
 7.729824961e-02 7.680427978e-02 7.618616300e-02 7.548268869e-02 7.471286105e-02
 6.106684760e-04 1.383258077e-03 2.467201504e-03 3.862210005e-03 5.422470295e-03
 5.724290733e-03 4.402814323e-03 2.753572714e-03 9.081675483e-04-1.137113359e-03
-3.384752037e-03-5.831684303e-03-8.459280965e-03-1.124522245e-02-1.416362549e-02
-1.718522397e-02-2.027760981e-02-2.340552872e-02-2.653122081e-02-2.961479026e-02
-3.261458468e-02-3.548756349e-02-3.818963458e-02-4.067594132e-02-4.290108737e-02
-4.481929455e-02-4.638450044e-02-4.755041628e-02-4.827058394e-02-4.849849227e-02
-4.818783952e-02-4.729305940e-02-4.577026332e-02-4.357878874e-02-4.068357930e-02
-3.705864500e-02-3.269184829e-02-2.759122142e-02-2.179290284e-02-1.537046475e-02
-8.444968491e-03-1.195525375e-03 6.193682119e-03 1.371900460e-02 2.136982133e-02
 2.912439271e-02 3.694234917e-02 4.475324128e-02 5.244097438e-02 5.982798322e-02
 6.667198032e-02 7.269448632e-02 7.764345624e-02 8.136045641e-02 8.382139847e-02
 8.514044861e-02 8.553529439e-02 8.526260725e-02 8.455479129e-02 8.358826928e-02
 8.248283127e-02 8.131441126e-02 8.012887861e-02 7.895281359e-02 7.780617273e-02
 5.866659353e-04 1.328578941e-03 2.368926415e-03 3.706923246e-03 5.205865961e-03
 5.442454602e-03 3.984449848e-03 2.219990074e-03 2.376329829e-04-1.964087752e-03
-4.388941293e-03-7.026718819e-03-9.857588976e-03-1.285791391e-02-1.600037514e-02
-1.925417903e-02-2.258533457e-02-2.595699315e-02-2.932983496e-02-3.266248243e-02
-3.591191730e-02-3.903387623e-02-4.198319963e-02-4.471411140e-02-4.718041194e-02
-4.933557494e-02-5.113274917e-02-5.252468033e-02-5.346358543e-02-5.390103397e-02
-5.378791644e-02-5.307461331e-02-5.171151663e-02-4.965010113e-02-4.684479055e-02
-4.325591140e-02-3.885405789e-02-3.362618266e-02-2.758364727e-02-2.077228790e-02
-1.328419036e-02-5.270007941e-03 3.049524785e-03 1.160961929e-02 2.044286838e-02
 2.958268625e-02 3.905860905e-02 4.888360034e-02 5.902194587e-02 6.930701407e-02
 7.925938808e-02 8.798209496e-02 9.462858985e-02 9.875132181e-02 1.003005886e-01
 9.966141767e-02 9.763668195e-02 9.509372953e-02 9.250935572e-02 9.006543308e-02
 8.781627672e-02 8.576550729e-02 8.389733354e-02 8.218976020e-02 8.062035398e-02
 5.640816395e-04 1.277186167e-03 2.276677099e-03 3.561318721e-03 4.984484685e-03
 5.121687380e-03 3.600949167e-03 1.724448398e-03-3.834034687e-04-2.727374819e-03
-5.311621538e-03-8.119567884e-03-1.113042042e-02-1.431936491e-02-1.765776707e-02
-2.111343657e-02-2.465095755e-02-2.823207885e-02-3.181614869e-02-3.536057244e-02
-3.882126730e-02-4.215308553e-02-4.531017753e-02-4.824626884e-02-5.091482977e-02
-5.326912448e-02-5.526213661e-02-5.684638173e-02-5.797363411e-02-5.859461529e-02
-5.865871850e-02-5.811387454e-02-5.690670528e-02-5.498315910e-02-5.228987919e-02
-4.877661549e-02-4.440004468e-02-3.912939048e-02-3.295420492e-02-2.589452242e-02
-1.801327307e-02-9.430339873e-03-3.366014576e-04 9.093963352e-03 1.893794086e-02
 2.929847033e-02 4.031775542e-02 5.219691377e-02 6.523201156e-02 7.989566975e-02
 9.714388657e-02 1.122108701e-01 1.222561379e-01 1.266960092e-01 1.253481803e-01
 1.191601383e-01 1.105951149e-01 1.042399899e-01 9.926025940e-02 9.523811907e-02
 9.191311808e-02 8.910847062e-02 8.669915889e-02 8.459447392e-02 8.272438924e-02
 5.437457967e-04 1.230943897e-03 2.193746094e-03 3.430600273e-03 4.796444190e-03
 4.867334706e-03 3.256042017e-03 1.281824662e-03-9.373913598e-04-3.407731228e-03
-6.128807112e-03-9.082765181e-03-1.224760460e-02-1.559727442e-02-1.910187083e-02
-2.272792099e-02-2.643874614e-02-3.019489073e-02-3.395459806e-02-3.767430735e-02
-4.130914282e-02-4.481336343e-02-4.814074176e-02-5.124484339e-02-5.407918317e-02
-5.659724268e-02-5.875234312e-02-6.049738132e-02-6.178445199e-02-6.256439956e-02
-6.278636726e-02-6.239744274e-02-6.134253886e-02-5.956469808e-02-5.700606866e-02
-5.360986930e-02-4.932372659e-02-4.410482034e-02-3.792727203e-02-3.079210963e-02
-2.273985751e-02-1.386521470e-02-4.332379788e-03 5.612546036e-03 1.599162124e-02
 2.692451471e-02 3.858297150e-02 5.122031538e-02 6.522258940e-02 8.120041852e-02
 1.004698989e-01 1.158228138e-01 1.304149371e-01 1.332523247e-01 1.310336870e-01
 1.237464821e-01 1.137807006e-01 1.065673315e-01 1.010645605e-01 9.673107084e-02
 9.321928064e-02 9.030024976e-02 8.781876279e-02 8.566673709e-02 8.377337456e-02
 5.263004927e-04 1.191298595e-03 2.122696542e-03 3.318713504e-03 4.639035824e-03
 4.658789637e-03 2.957583444e-03 9.048129708e-04-1.408284409e-03-3.984740475e-03
-6.819788757e-03-9.894723733e-03-1.318656896e-02-1.666822698e-02-2.030871041e-02
-2.407345976e-02-2.792474267e-02-3.182212054e-02-3.572296176e-02-3.958297413e-02
-4.335672531e-02-4.699811747e-02-5.046078313e-02-5.369837175e-02-5.666470213e-02
-5.931376383e-02-6.159956065e-02-6.347580234e-02-6.489546603e-02-6.581026799e-02
-6.617011011e-02-6.592259585e-02-6.501274941e-02-6.338312152e-02-6.097452724e-02
-5.772773406e-02-5.358649740e-02-4.850241022e-02-4.244206664e-02-3.539698784e-02
-2.739655346e-02-1.852374170e-02-8.932707379e-03 1.133662288e-03 1.150103298e-02
 2.223277671e-02 3.340622228e-02 4.511185646e-02 5.744310696e-02 7.044760213e-02
 8.374446741e-02 9.526240125e-02 1.042751716e-01 1.095803421e-01 1.107551357e-01
 1.084445259e-01 1.043059065e-01 1.003730480e-01 9.694437202e-02 9.398058154e-02
 9.140626354e-02 8.914805272e-02 8.714316156e-02 8.534035457e-02 8.369050384e-02
 5.122276087e-04 1.159334332e-03 2.065447249e-03 3.228578925e-03 4.500479160e-03
 4.454192849e-03 2.725688805e-03 6.028312110e-04-1.785039636e-03-4.445534986e-03
-7.370482058e-03-1.054045585e-02-1.393168855e-02-1.751624029e-02-2.126225699e-02
-2.513431784e-02-2.909386600e-02-3.309970783e-02-3.710855810e-02-4.107560266e-02
-4.495504572e-02-4.870060677e-02-5.226593298e-02-5.560489586e-02-5.867174694e-02
-6.142111511e-02-6.380783902e-02-6.578664037e-02-6.731165935e-02-6.833589225e-02
-6.881059427e-02-6.868474041e-02-6.790467515e-02-6.641413119e-02-6.415485874e-02
-6.106818148e-02-5.709787624e-02-5.219484994e-02-4.632412979e-02-3.947464662e-02
-3.167210168e-02-2.299476639e-02-1.359127116e-02-3.698158084e-03 6.347698810e-03
 1.649905986e-02 2.673313285e-02 3.699638402e-02 4.717757563e-02 5.706899460e-02
 6.633544241e-02 7.454877419e-02 8.130126437e-02 8.631309876e-02 8.951784661e-02
 9.110366035e-02 9.145764487e-02 9.101814301e-02 9.013238069e-02 8.902015401e-02
 8.780595790e-02 8.655664389e-02 8.530671635e-02 8.407315280e-02 8.286793163e-02
 5.018702048e-04 1.135819234e-03 2.023351672e-03 3.162403848e-03 4.412388403e-03
 4.348250950e-03 2.549609010e-03 3.816723079e-04-2.060387112e-03-4.781792212e-03
-7.771712028e-03-1.101017316e-02-1.447281430e-02-1.813107131e-02-2.195245412e-02
-2.590091612e-02-2.993730874e-02-3.401990525e-02-3.810497032e-02-4.214734572e-02
-4.610101827e-02-4.991963447e-02-5.355692685e-02-5.696702076e-02-6.010459625e-02
-6.292488817e-02-6.538351810e-02-6.743616479e-02-6.903809486e-02-7.014359394e-02
-7.070536148e-02-7.067396127e-02-6.999745687e-02-6.862140950e-02-6.648947573e-02
-6.354491501e-02-5.973339686e-02-5.500757173e-02-4.933391345e-02-4.270230775e-02
-3.513868364e-02-2.672057173e-02-1.759473199e-02-7.994891977e-03 1.743488238e-03
 1.138380951e-02 2.087558070e-02 3.014268991e-02 3.907834056e-02 4.754329955e-02
 5.537243874e-02 6.239334991e-02 6.845509128e-02 7.345880596e-02 7.737998906e-02
 8.027394879e-02 8.226110237e-02 8.349748190e-02 8.414317597e-02 8.434039104e-02
 8.420442542e-02 8.382382792e-02 8.326467288e-02 8.257568311e-02 8.179482453e-02
 4.954543049e-04 1.121255842e-03 1.997287224e-03 3.121406242e-03 4.347692984e-03
 4.251170219e-03 2.443796239e-03 2.454353816e-04-2.229811105e-03-4.988367403e-03
-8.017833957e-03-1.129789343e-02-1.480381103e-02-1.850663186e-02-2.237347061e-02
-2.636789513e-02-3.045039591e-02-3.457892525e-02-3.870948206e-02-4.279671197e-02
-4.679448826e-02-5.065643782e-02-5.433637668e-02-5.778862401e-02-6.096816926e-02
-6.383067597e-02-6.633231649e-02-6.842944478e-02-7.007812959e-02-7.123358896e-02
-7.184958920e-02-7.187790021e-02-7.126793524e-02-6.996675008e-02-6.791963463e-02
-6.507159933e-02-6.137013389e-02-5.676968386e-02-5.123832427e-02-4.476706350e-02
-3.738201436e-02-2.915923119e-02-2.024123378e-02-1.085305883e-02-1.314091262e-03
 8.023924925e-03 1.710870848e-02 2.587269467e-02 3.423408463e-02 4.210026834e-02
 4.937429192e-02 5.596428523e-02 6.179459266e-02 6.681627981e-02 7.101432915e-02
 7.440948545e-02 7.705423205e-02 7.902420634e-02 8.040764920e-02 8.129559181e-02
 8.177452216e-02 8.192198434e-02 8.180464236e-02 8.147790719e-02 8.098137420e-02
 4.931130339e-04 1.115938874e-03 1.987763036e-03 3.106398403e-03 4.324117588e-03
 4.215078751e-03 2.405852620e-03 1.959718748e-04-2.290875843e-03-5.062454257e-03
-8.105787056e-03-1.140041117e-02-1.492144290e-02-1.863977693e-02-2.252237902e-02
-2.653267380e-02-3.063101927e-02-3.477525121e-02-3.892127322e-02-4.302366175e-02
-4.703625150e-02-5.091266501e-02-5.460675119e-02-5.807290141e-02-6.126621813e-02
-6.414251954e-02-6.665817478e-02-6.876977704e-02-7.043367717e-02-7.160541875e-02
-7.223913793e-02-7.228701961e-02-7.169893774e-02-7.042245339e-02-6.840340182e-02
-6.558736758e-02-6.192242002e-02-5.736354621e-02-5.187924822e-02-4.546071972e-02
-3.813381383e-02-2.997356949e-02-2.112028351e-02-1.179495204e-02-2.310436816e-03
 6.945413569e-03 1.592138476e-02 2.455420204e-02 3.277047343e-02 4.049044515e-02
 4.763365743e-02 5.412611537e-02 5.990802429e-02 6.494070686e-02 6.921125093e-02
 7.273384380e-02 7.554753622e-02 7.771106985e-02 7.929605102e-02 8.037993161e-02
 8.103997113e-02 8.134881571e-02 8.137180316e-02 8.116586457e-02 8.078420613e-02
 4.949028791e-04 1.119999015e-03 1.995022645e-03 3.117828718e-03 4.349970327e-03
 4.265952071e-03 2.430586815e-03 2.343815506e-04-2.242464892e-03-5.002974362e-03
-8.034505223e-03-1.131667665e-02-1.482469863e-02-1.852956620e-02-2.239834839e-02
-2.639457178e-02-3.047869050e-02-3.460862607e-02-3.874035263e-02-4.282849731e-02
-4.682692124e-02-5.068924493e-02-5.436928303e-02-5.782135687e-02-6.100045978e-02
-6.386225848e-02-6.636292471e-02-6.845880435e-02-7.010594612e-02-7.125953064e-02
-7.187326279e-02-7.189881908e-02-7.128547807e-02-6.998010837e-02-6.792774791e-02
-6.507307719e-02-6.136316603e-02-5.675194213e-02-5.120686642e-02-4.471825644e-02
-3.731150744e-02-2.906202588e-02-2.011191432e-02-1.068626892e-02-1.105494192e-03
 8.282920076e-03 1.742644198e-02 2.625621092e-02 3.468765802e-02 4.262369465e-02
 4.996138459e-02 5.660218449e-02 6.246441573e-02 6.749525823e-02 7.167903044e-02
 7.503925411e-02 7.763386031e-02 7.954517125e-02 8.086786534e-02 8.169816243e-02
 8.212615907e-02 8.223164031e-02 8.208266739e-02 8.173587593e-02 8.123456009e-02
 5.007946725e-04 1.133375025e-03 2.018969278e-03 3.155463853e-03 4.394669396e-03
 4.310148422e-03 2.534551460e-03 3.606751618e-04-2.085129960e-03-4.810672253e-03
-7.804871113e-03-1.104766581e-02-1.451460449e-02-1.817703369e-02-2.200237790e-02
-2.595451133e-02-2.999421467e-02-3.407970069e-02-3.816718528e-02-4.221147396e-02
-4.616653004e-02-4.998598856e-02-5.362358117e-02-5.703344050e-02-6.017025860e-02
-6.298928266e-02-6.544614139e-02-6.749650877e-02-6.909562646e-02-7.019772518e-02
-7.075540748e-02-7.071908382e-02-7.003659061e-02-6.865316742e-02-6.651203086e-02
-6.355585594e-02-5.972955668e-02-5.498483469e-02-4.928701110e-02-4.262462950e-02
-3.502214668e-02-2.655562373e-02-1.737060154e-02-7.700230650e-03 2.119973059e-03
 1.186211289e-02 2.147760456e-02 3.089033086e-02 3.998974926e-02 4.862704148e-02
 5.662064234e-02 6.377675070e-02 6.992324791e-02 7.494683758e-02 7.882052149e-02
 8.161047907e-02 8.345757207e-02 8.454048075e-02 8.503757472e-02 8.510237126e-02
 8.485536747e-02 8.438632093e-02 8.376041735e-02 8.302461255e-02 8.221412046e-02
 5.106592799e-04 1.155776723e-03 2.059086267e-03 3.218613977e-03 4.490429769e-03
 4.449929433e-03 2.698094447e-03 5.720877423e-04-1.821494825e-03-4.488416838e-03
-7.419975269e-03-1.059662302e-02-1.399446550e-02-1.758543563e-02-2.133755579e-02
-2.521528930e-02-2.917997495e-02-3.319032937e-02-3.720299479e-02-4.117310344e-02
-4.505482540e-02-4.880186512e-02-5.236787205e-02-5.570673437e-02-5.877273030e-02
-6.152051990e-02-6.390497031e-02-6.588082055e-02-6.740220653e-02-6.842208628e-02
-6.889162776e-02-6.875965158e-02-6.797225885e-02-6.647282359e-02-6.420259112e-02
-6.110219855e-02-5.711451598e-02-5.218928494e-02-4.629007589e-02-3.940405326e-02
-3.155484985e-02-2.281841547e-02-1.334089953e-02-3.356434405e-03 6.797793400e-03
 1.709174302e-02 2.751186604e-02 3.801553892e-02 4.850062674e-02 5.875616635e-02
 6.841195140e-02 7.696855770e-02 8.394186800e-02 8.899494903e-02 9.204495468e-02
 9.332376800e-02 9.330903773e-02 9.252221469e-02 9.134825100e-02 9.001106450e-02
 8.862691295e-02 8.725238551e-02 8.591290488e-02 8.461810868e-02 8.337169397e-02
 5.242621067e-04 1.186678587e-03 2.114446487e-03 3.305773289e-03 4.618350665e-03
 4.627568330e-03 2.926603662e-03 8.647998570e-04-1.456234049e-03-4.041467535e-03
-6.885545885e-03-9.969600768e-03-1.327049027e-02-1.676094957e-02-2.040982789e-02
-2.418241186e-02-2.804082980e-02-3.194452296e-02-3.585076229e-02-3.971518359e-02
-4.349230923e-02-4.713602288e-02-5.059996384e-02-5.383781064e-02-5.680342907e-02
-5.945086750e-02-6.173419296e-02-6.360717383e-02-6.502283056e-02-6.593289477e-02
-6.628724065e-02-6.603338307e-02-6.511617528e-02-6.347788940e-02-6.105892438e-02
-5.779946045e-02-5.364245835e-02-4.853847319e-02-4.245278856e-02-3.537532818e-02
-2.733360066e-02-1.840848334e-02-8.751898337e-03 1.395858831e-03 1.186760120e-02
 2.273840123e-02 3.410341491e-02 4.608251082e-02 5.882164447e-02 7.247960321e-02
 8.705956541e-02 9.940029483e-02 1.092495529e-01 1.146877981e-01 1.153111193e-01
 1.118604990e-01 1.064780390e-01 1.019253933e-01 9.811471578e-02 9.490135410e-02
 9.216041275e-02 8.979073311e-02 8.771270504e-02 8.586451270e-02 8.419480768e-02
 5.412510896e-04 1.225291788e-03 2.183659381e-03 3.414781063e-03 4.771020175e-03
 4.826299256e-03 3.216488543e-03 1.232611651e-03-9.966879334e-04-3.478196647e-03
-6.210778493e-03-9.176395524e-03-1.235283364e-02-1.571382848e-02-1.922926904e-02
-2.286548760e-02-2.658562864e-02-3.035008343e-02-3.411697027e-02-3.784263503e-02
-4.148214256e-02-4.498972708e-02-4.831917023e-02-5.142407800e-02-5.425803291e-02
-5.677460592e-02-5.892722244e-02-6.066889007e-02-6.195181128e-02-6.272692429e-02
-6.294343966e-02-6.254847146e-02-6.148690156e-02-5.970166519e-02-5.713470639e-02
-5.372892069e-02-4.943147200e-02-4.419892334e-02-3.800462471e-02-3.084870018e-02
-2.277069349e-02-1.386438406e-02-4.293274660e-03 5.695450898e-03 1.612399674e-02
 2.711585715e-02 3.884889353e-02 5.158648540e-02 6.573064925e-02 8.190684777e-02
 1.009681930e-01 1.176550515e-01 1.287716512e-01 1.336813961e-01 1.319405749e-01
 1.244763018e-01 1.145686047e-01 1.071934507e-01 1.015850310e-01 9.718732736e-02
 9.363852771e-02 9.070093393e-02 8.821411808e-02 8.606672895e-02 8.418260286e-02
 5.611366643e-04 1.270515881e-03 2.264779340e-03 3.542721874e-03 4.966421140e-03
 5.111908736e-03 3.549587060e-03 1.666117293e-03-4.538124396e-04-2.811277345e-03
-5.409610823e-03-8.231877414e-03-1.125701599e-02-1.445995167e-02-1.781179914e-02
-2.128013167e-02-2.482931782e-02-2.842091765e-02-3.201412304e-02-3.556621987e-02
-3.903304596e-02-4.236941580e-02-4.552948373e-02-4.846701904e-02-5.113557246e-02
-5.348852048e-02-5.547898505e-02-5.705963926e-02-5.818242633e-02-5.879823998e-02
-5.885663984e-02-5.830570807e-02-5.709219285e-02-5.516213385e-02-5.246222111e-02
-4.894220008e-02-4.455869110e-02-3.928082047e-02-3.309803038e-02-2.603030114e-02
-1.814070099e-02-9.549540951e-03-4.487395523e-04 8.976767402e-03 1.879834654e-02
 2.911149564e-02 4.004524460e-02 5.177719300e-02 6.456021021e-02 7.879680341e-02
 9.587313941e-02 1.114871761e-01 1.223465929e-01 1.250160261e-01 1.234507648e-01
 1.176897212e-01 1.095088145e-01 1.036208145e-01 9.893289559e-02 9.510161121e-02
 9.190942417e-02 8.920321781e-02 8.687156131e-02 8.483188419e-02 8.302023938e-02
 5.832677570e-04 1.320885084e-03 2.355211218e-03 3.685439937e-03 5.166122017e-03
 5.374001293e-03 3.933332399e-03 2.152944479e-03 1.564470195e-04-2.060785180e-03
-4.502566428e-03-7.157488597e-03-1.000545718e-02-1.302255213e-02-1.618117092e-02
-1.945024592e-02-2.279553180e-02-2.617995314e-02-2.956399774e-02-3.290613556e-02
-3.616323992e-02-3.929098551e-02-4.224419798e-02-4.497713261e-02-4.744366479e-02
-4.959738291e-02-5.139158520e-02-5.277919599e-02-5.371263433e-02-5.414368928e-02
-5.402348302e-02-5.330263510e-02-5.193178018e-02-4.986263678e-02-4.704987394e-02
-4.345406883e-02-3.904608066e-02-3.381316451e-02-2.776707757e-02-2.095421529e-02
-1.346744862e-02-5.458998484e-03 2.847874467e-03 1.137330626e-02 2.014400879e-02
 2.918424437e-02 3.850987445e-02 4.811372864e-02 5.793242139e-02 6.777369414e-02
 7.719159941e-02 8.545463409e-02 9.184429552e-02 9.595828488e-02 9.775470841e-02
 9.757412988e-02 9.609308049e-02 9.401534730e-02 9.178328991e-02 8.960186009e-02
 8.755132406e-02 8.565473298e-02 8.390986281e-02 8.230411622e-02 8.082200484e-02
 6.068002384e-04 1.374504750e-03 2.451610911e-03 3.837855461e-03 5.388802862e-03
 5.682081046e-03 4.339710887e-03 2.677373972e-03 8.159808952e-04-1.246983941e-03
-3.514021417e-03-5.980779717e-03-8.628238642e-03-1.143371979e-02-1.437100051e-02
-1.741049382e-02-2.051949297e-02-2.366247374e-02-2.680144138e-02-2.989630595e-02
-3.290526607e-02-3.578518014e-02-3.849190403e-02-4.098057736e-02-4.320584604e-02
-4.512201649e-02-4.668314874e-02-4.784310949e-02-4.855562439e-02-4.877439062e-02
-4.845333692e-02-4.754714930e-02-4.601221516e-02-4.380817624e-02-4.090031507e-02
-3.726302644e-02-3.288462553e-02-2.777368487e-02-2.196695040e-02-1.553872236e-02
-8.611184371e-03-1.363655044e-03 6.007867919e-03 1.349494447e-02 2.108316373e-02
 2.874667982e-02 3.644117687e-02 4.409383052e-02 5.159070802e-02 5.876561280e-02
 6.540068198e-02 7.125198263e-02 7.610078454e-02 7.980925280e-02 8.235563268e-02
 8.383759307e-02 8.444233279e-02 8.439333828e-02 8.389871158e-02 8.312296326e-02
 8.218303956e-02 8.115668945e-02 8.009332887e-02 7.902327566e-02 7.796680808e-02
 6.306448764e-04 1.428934449e-03 2.549689007e-03 3.993371217e-03 5.623768607e-03
 6.019245655e-03 4.756818990e-03 3.219126480e-03 1.500452212e-03-3.982708393e-04
-2.477755195e-03-4.739027866e-03-7.165850753e-03-9.736847063e-03-1.242722941e-02
-1.520896891e-02-1.805101363e-02-2.091955202e-02-2.377831748e-02-2.658892172e-02
-2.931120206e-02-3.190356619e-02-3.432331893e-02-3.652695835e-02-3.847043461e-02
-4.010937313e-02-4.139927511e-02-4.229572302e-02-4.275463633e-02-4.273264395e-02
-4.218766401e-02-4.107980851e-02-3.937275868e-02-3.703578055e-02-3.404656898e-02
-3.039509377e-02-2.608857582e-02-2.115765730e-02-1.566368772e-02-9.706443005e-03
-3.431133303e-03 2.963828885e-03 9.427217812e-03 1.593262012e-02 2.244609302e-02
 2.892425618e-02 3.531180749e-02 4.153916406e-02 4.752125923e-02 5.315908753e-02
 5.834571801e-02 6.297748170e-02 6.696874922e-02 7.026633735e-02 7.285886353e-02
 7.477785898e-02 7.609031070e-02 7.688530774e-02 7.725930665e-02 7.730417458e-02
 7.710000745e-02 7.671243042e-02 7.619291994e-02 7.558057039e-02 7.490014607e-02
 6.533750484e-04 1.480975563e-03 2.643831126e-03 4.143320070e-03 5.835447969e-03
 6.298278489e-03 5.170220408e-03 3.751374571e-03 2.178063931e-03 4.477166134e-04
-1.438700280e-03-3.480642197e-03-5.670563322e-03-7.988117894e-03-1.040982465e-02
-1.290918698e-02-1.545685750e-02-1.802085994e-02-2.056685060e-02-2.305841121e-02
-2.545736098e-02-2.772407575e-02-2.981780380e-02-3.169697146e-02-3.331947818e-02
-3.464298904e-02-3.562524408e-02-3.622441855e-02-3.639958418e-02-3.611134138e-02
-3.532271359e-02-3.400041523e-02-3.211662072e-02-2.965137389e-02-2.659575960e-02
-2.295595556e-02-1.875821819e-02-1.405457648e-02-8.928570842e-03-3.501495108e-03
 2.059315890e-03 7.695694212e-03 1.337291869e-02 1.905221598e-02 2.469042204e-02
 3.023958331e-02 3.564691829e-02 4.085532320e-02 4.580470771e-02 5.043440713e-02
 5.468675194e-02 5.851156108e-02 6.187091386e-02 6.474322500e-02 6.712560579e-02
 6.903383537e-02 7.049988709e-02 7.156761162e-02 7.228760375e-02 7.271231828e-02
 7.289219614e-02 7.287311186e-02 7.269507127e-02 7.239193732e-02 7.199457069e-02
 6.731049554e-04 1.526380923e-03 2.726530296e-03 4.276216691e-03 6.039308015e-03
 6.598086345e-03 5.542315954e-03 4.241623096e-03 2.811328353e-03 1.248278013e-03
-4.440359398e-04-2.262833121e-03-4.205561291e-03-6.256388818e-03-8.393121522e-03
-1.059078004e-02-1.282176946e-02-1.505606572e-02-1.726144892e-02-1.940376594e-02
-2.144721461e-02-2.335464074e-02-2.508784342e-02-2.660788741e-02-2.787542903e-02
-2.885107005e-02-2.949576639e-02-2.977132915e-02-2.964107333e-02-2.907068451e-02
-2.802938768e-02-2.649151782e-02-2.443860355e-02-2.186205925e-02-1.876659921e-02
-1.517429668e-02-1.112901839e-02-6.701587231e-03-1.994522115e-03 2.863436591e-03
 7.836962904e-03 1.288475451e-02 1.796179002e-02 2.301990422e-02 2.800861419e-02
 3.287602395e-02 3.756985923e-02 4.203919900e-02 4.623688808e-02 5.012204902e-02
 5.366213997e-02 5.683430293e-02 5.962599078e-02 6.203496266e-02 6.406872833e-02
 6.574348628e-02 6.708260652e-02 6.811476816e-02 6.887193503e-02 6.938739007e-02
 6.969402691e-02 6.982302802e-02 6.980297204e-02 6.965931467e-02 6.941345407e-02
 6.873944469e-04 1.559617246e-03 2.787931978e-03 4.376614236e-03 6.189149664e-03
 6.810380389e-03 5.850927189e-03 4.650426166e-03 3.352240611e-03 1.949779468e-03
 4.463459137e-04-1.153583669e-03-2.845472329e-03-4.623033183e-03-6.465288989e-03
-8.348799071e-03-1.024773974e-02-1.213413767e-02-1.397810249e-02-1.574808209e-02
-1.741113149e-02-1.893319403e-02-2.027939531e-02-2.141435599e-02-2.230253601e-02
-2.290863176e-02-2.319805568e-02-2.313754691e-02-2.269596277e-02-2.184531740e-02
-2.056215651e-02-1.882935623e-02-1.663838888e-02-1.399209344e-02-1.090789540e-02
-7.421799237e-03-3.591986273e-03 4.882351116e-04 4.776395620e-03 9.238024813e-03
 1.383501396e-02 1.852037510e-02 2.323614980e-02 2.791741656e-02 3.250280448e-02
 3.693436167e-02 4.115126307e-02 4.509466575e-02 4.871665114e-02 5.198598478e-02
 5.488953723e-02 5.742999511e-02 5.962148393e-02 6.148497096e-02 6.304469727e-02
 6.432597603e-02 6.535407872e-02 6.615375111e-02 6.674898728e-02 6.716285375e-02
 6.741729147e-02 6.753290142e-02 6.752874682e-02 6.742218173e-02 6.722821399e-02
 6.932802078e-04 1.573841764e-03 2.815581898e-03 4.424729754e-03 6.264108420e-03
 6.920338402e-03 6.031632251e-03 4.899345560e-03 3.739421513e-03 2.489748666e-03
 1.166127927e-03-2.244537057e-04-1.675346043e-03-3.179743333e-03-4.725676641e-03
-6.290790733e-03-7.850852542e-03-9.379923262e-03-1.085062444e-02-1.223439191e-02
-1.350173623e-02-1.462250800e-02-1.556617531e-02-1.630212232e-02-1.679998593e-02
-1.703005709e-02-1.696379706e-02-1.657449981e-02-1.583815930e-02-1.473458505e-02
-1.324880017e-02-1.137288906e-02-9.108423994e-03-6.468762374e-03-3.482336327e-03
-2.038884434e-04 3.345950565e-03 7.152967055e-03 1.119950721e-02 1.546405744e-02
 1.991667508e-02 2.452663586e-02 2.928816614e-02 3.384156815e-02 3.827081255e-02
 4.257965537e-02 4.661204956e-02 5.024983100e-02 5.341547206e-02 5.608409245e-02
 5.828079153e-02 6.006345638e-02 6.150064369e-02 6.265551231e-02 6.357908671e-02
 6.430989059e-02 6.487633824e-02 6.529967401e-02 6.559647685e-02 6.578045684e-02
 6.586359590e-02 6.585679220e-02 6.577017403e-02 6.561327642e-02 6.539784158e-02
 6.878111908e-04 1.561891793e-03 2.795472124e-03 4.396304378e-03 6.240369523e-03
 6.923197685e-03 6.033605232e-03 4.978861395e-03 3.913987374e-03 2.803118046e-03
 1.646651814e-03 4.512663545e-04-7.745338279e-04-2.021279533e-03-3.278935178e-03
-4.531453166e-03-5.755840469e-03-6.928164749e-03-8.023788382e-03-9.017644077e-03
-9.884486900e-03-1.059914510e-02-1.113677315e-02-1.147311863e-02-1.158481224e-02
-1.144970486e-02-1.104727000e-02-1.035930569e-02-9.370839711e-03-8.071101596e-03
-6.454341891e-03-4.521849720e-03-2.287648025e-03 2.234488817e-04 3.017948908e-03
 6.094320859e-03 9.451884059e-03 1.309173546e-02 1.701647716e-02 2.123219816e-02
 2.575608242e-02 3.052858295e-02 3.530639450e-02 4.024486496e-02 4.526585287e-02
 5.016761295e-02 5.463477906e-02 5.834579182e-02 6.111311725e-02 6.293790174e-02
 6.400947414e-02 6.459829241e-02 6.491123980e-02 6.507260017e-02 6.514998539e-02
 6.517611151e-02 6.516438896e-02 6.511869565e-02 6.503890756e-02 6.492378445e-02
 6.477234328e-02 6.458440941e-02 6.436073678e-02 6.410283469e-02 6.380843527e-02
 6.696575921e-04 1.520377748e-03 2.720053627e-03 4.274211373e-03 6.044086505e-03
 6.611593899e-03 5.639327919e-03 4.720600284e-03 3.797132474e-03 2.827868059e-03
 1.825237187e-03 8.038920038e-04-2.219257126e-04-1.238296292e-03-2.231603312e-03
-3.188441970e-03-4.090805037e-03-4.916740623e-03-5.644737908e-03-6.253952961e-03
-6.724449102e-03-7.037414962e-03-7.175416335e-03-7.122648201e-03-6.865145210e-03
-6.390834634e-03-5.689308806e-03-4.752791500e-03-3.577882038e-03-2.168364092e-03
-5.281130087e-04 1.352138981e-03 3.477943406e-03 5.854074232e-03 8.489231637e-03
 1.139424576e-02 1.458223986e-02 1.806913496e-02 2.187417711e-02 2.601994467e-02
 3.052908865e-02 3.541543826e-02 4.072469667e-02 4.655622660e-02 5.304727871e-02
 6.054686069e-02 6.759662693e-02 7.239606514e-02 7.458082264e-02 7.407267720e-02
 7.203500276e-02 7.036279436e-02 6.896954764e-02 6.784133515e-02 6.694080397e-02
 6.621458442e-02 6.561531870e-02 6.510523942e-02 6.465550055e-02 6.424458817e-02
 6.385675406e-02 6.348071678e-02 6.310866873e-02 6.273562213e-02 6.236132902e-02
 6.398401319e-04 1.452822413e-03 2.599301880e-03 4.083986148e-03 5.768663074e-03
 6.234950619e-03 5.162408292e-03 4.262786017e-03 3.434429732e-03 2.556311353e-03
 1.660819612e-03 7.695338978e-04-9.783479001e-05-9.231016229e-04-1.689449648e-03
-2.381290065e-03-2.984010139e-03-3.480998776e-03-3.854552265e-03-4.089114021e-03
-4.171412779e-03-4.090559421e-03-3.838421787e-03-3.410148960e-03-2.804939464e-03
-2.027328798e-03-1.076865727e-03 4.691794277e-05 1.343552847e-03 2.812876951e-03
 4.457167999e-03 6.283181097e-03 8.301432708e-03 1.052607681e-02 1.297465776e-02
 1.566851258e-02 1.863324277e-02 2.189796374e-02 2.549501149e-02 2.946152294e-02
 3.384442124e-02 3.871063104e-02 4.416326322e-02 5.036575916e-02 5.757784220e-02
 6.610129368e-02 7.381535542e-02 7.890524439e-02 8.141043296e-02 8.126243637e-02
 7.829497084e-02 7.426684439e-02 7.140895470e-02 6.934511971e-02 6.778920713e-02
 6.657111827e-02 6.558462825e-02 6.476040056e-02 6.405148524e-02 6.342514329e-02
 6.285801209e-02 6.233311704e-02 6.183792974e-02 6.136292332e-02 6.090010021e-02
 5.980579589e-04 1.359408552e-03 2.436016102e-03 3.835818809e-03 5.430304984e-03
 5.809684074e-03 4.635103286e-03 3.698739657e-03 2.823927235e-03 1.945151573e-03
 1.080827756e-03 2.550050160e-04-5.093177775e-04-1.191059297e-03-1.771424883e-03
-2.233982281e-03-2.564530692e-03-2.750768905e-03-2.781586041e-03-2.648519298e-03
-2.347389942e-03-1.876116551e-03-1.236307808e-03-4.335156001e-04 5.228374617e-04
 1.620188529e-03 2.844904259e-03 4.183729251e-03 5.625673725e-03 7.164189604e-03
 8.799053130e-03 1.053720056e-02 1.239304937e-02 1.439836176e-02 1.657790328e-02
 1.894803273e-02 2.156716817e-02 2.447631043e-02 2.771824306e-02 3.132744202e-02
 3.532067433e-02 3.974163800e-02 4.464448170e-02 5.009303873e-02 5.616626975e-02
 6.301454611e-02 6.922272080e-02 7.357154526e-02 7.602614367e-02 7.649493805e-02
 7.482533584e-02 7.216494920e-02 7.006706645e-02 6.835556304e-02 6.693429115e-02
 6.573228145e-02 6.469795800e-02 6.379351700e-02 6.299073872e-02 6.226808951e-02
 6.160878259e-02 6.099948019e-02 6.042940113e-02 5.988962247e-02 5.936977570e-02
 5.399336255e-04 1.229616986e-03 2.209359079e-03 3.491008601e-03 4.944162545e-03
 5.163723403e-03 3.874520214e-03 2.792223157e-03 1.809690771e-03 8.446131419e-04
-6.941549888e-05-9.009773347e-04-1.621516930e-03-2.206385951e-03-2.635426079e-03
-2.892952793e-03-2.967286236e-03-2.850142579e-03-2.536176586e-03-2.023033210e-03
-1.311794891e-03-4.075199209e-04 6.796790283e-04 1.933496943e-03 3.330589162e-03
 4.840609716e-03 6.427827809e-03 8.054878151e-03 9.688600134e-03 1.130681568e-02
 1.290061174e-02 1.447620233e-02 1.611958351e-02 1.780838504e-02 1.958817175e-02
 2.149613371e-02 2.361483628e-02 2.599416848e-02 2.868729120e-02 3.173045747e-02
 3.512058510e-02 3.886833719e-02 4.295584331e-02 4.731746700e-02 5.181768488e-02
 5.622437864e-02 6.021771155e-02 6.348194935e-02 6.580964172e-02 6.713727014e-02
 6.755760358e-02 6.730428128e-02 6.665019864e-02 6.580275386e-02 6.488639352e-02
 6.396865183e-02 6.308393534e-02 6.224791164e-02 6.146570756e-02 6.073662656e-02
 6.005690304e-02 5.942131943e-02 5.882415544e-02 5.825986389e-02 5.772857632e-02
 4.585505291e-04 1.047447993e-03 1.889863330e-03 3.001471600e-03 4.264442163e-03
 4.281076997e-03 2.725962960e-03 1.400800249e-03 1.894185383e-04-9.710131035e-04
-2.032582348e-03-2.950761602e-03-3.686663123e-03-4.210481761e-03-4.502587527e-03
-4.552140970e-03-4.354388220e-03-3.908006896e-03-3.213393424e-03-2.272146956e-03
-1.087635558e-03 3.334761743e-04 1.978707135e-03 3.826104108e-03 5.839498753e-03
 7.963548169e-03 1.012125165e-02 1.221889936e-02 1.416329531e-02 1.588117250e-02
 1.741481811e-02 1.875690201e-02 1.995242500e-02 2.108829816e-02 2.224389417e-02
 2.349089594e-02 2.489486253e-02 2.652065746e-02 2.843808666e-02 3.072095143e-02
 3.343286531e-02 3.660081812e-02 4.018906215e-02 4.409024943e-02 4.813625568e-02
 5.211670950e-02 5.579821553e-02 5.895137210e-02 6.139315869e-02 6.303464671e-02
 6.390599093e-02 6.413702837e-02 6.390350769e-02 6.337334334e-02 6.267775917e-02
 6.190680018e-02 6.111686676e-02 6.034063807e-02 5.959535119e-02 5.888867264e-02
 5.822255952e-02 5.759570338e-02 5.700504508e-02 5.644658899e-02 5.590953542e-02
 3.455460462e-04 7.942667373e-04 1.445649913e-03 2.320978585e-03 3.301609013e-03
 2.989310980e-03 1.078340319e-03-6.793176583e-04-2.320648525e-03-3.828706692e-03
-5.182605630e-03-6.296780994e-03-7.103945581e-03-7.568032884e-03-7.683698928e-03
-7.464005444e-03-6.926669489e-03-6.085498877e-03-4.947707581e-03-3.514708544e-03
-1.784099955e-03 2.481262269e-04 2.584795556e-03 5.222589934e-03 8.141755035e-03
 1.128548054e-02 1.452508697e-02 1.762378260e-02 2.025173361e-02 2.220644796e-02
 2.341764979e-02 2.400332838e-02 2.425090848e-02 2.439577155e-02 2.457510584e-02
 2.485144752e-02 2.524999819e-02 2.579488969e-02 2.655664331e-02 2.771732442e-02
 2.957685771e-02 3.237735352e-02 3.610443021e-02 4.048840336e-02 4.519997964e-02
 4.998628282e-02 5.459860478e-02 5.865538135e-02 6.166185753e-02 6.330460513e-02
 6.369934457e-02 6.329094041e-02 6.251209998e-02 6.160970324e-02 6.069334298e-02
 5.980746276e-02 5.896897923e-02 5.818307454e-02 5.744964380e-02 5.676605888e-02
 5.612845154e-02 5.553236005e-02 5.497309400e-02 5.444604404e-02 5.395013167e-02
 1.909496739e-04 4.452651697e-04 8.295180694e-04 1.378120622e-03 1.996177092e-03
 1.321605271e-03-9.475262933e-04-3.419624816e-03-5.829857656e-03-8.140213977e-03
-1.016969110e-02-1.170870049e-02-1.260316015e-02-1.285081625e-02-1.256404104e-02
-1.186702501e-02-1.083585082e-02-9.498743929e-03-7.855491665e-03-5.892666490e-03
-3.590546081e-03-9.233542339e-04 2.145052476e-03 5.668635948e-03 9.728728155e-03
 1.444115197e-02 1.992949134e-02 2.605156825e-02 3.129275365e-02 3.369586238e-02
 3.297732239e-02 3.074014770e-02 2.877037674e-02 2.734335337e-02 2.634435925e-02
 2.561977808e-02 2.501031241e-02 2.432230219e-02 2.325559384e-02 2.117190676e-02
 2.041673888e-02 2.298949984e-02 2.925435035e-02 3.616946531e-02 4.247912055e-02
 4.887530380e-02 5.601731924e-02 6.523045533e-02 7.067909250e-02 7.139883777e-02
 6.703341925e-02 6.359985660e-02 6.133303498e-02 5.968934903e-02 5.841007323e-02
 5.736082508e-02 5.646675746e-02 5.568366867e-02 5.498407504e-02 5.435004177e-02
 5.376926691e-02 5.323269503e-02 5.273288401e-02 5.226331651e-02 5.182059903e-02
-5.520716532e-06-1.253646650e-05-1.764327701e-05 3.279641731e-06 1.782835798e-05
-1.139933912e-03-3.851434105e-03-6.980146920e-03-1.056140326e-02-1.467242590e-02
-1.877505232e-02-2.144460757e-02-2.195757401e-02-2.075372576e-02-1.917081251e-02
-1.757501291e-02-1.590544213e-02-1.405407458e-02-1.193197269e-02-9.481713885e-03
-6.670943582e-03-3.476801960e-03 1.331149161e-04 4.221761684e-03 8.910873183e-03
 1.443374721e-02 2.126391318e-02 3.054027798e-02 3.947742311e-02 4.233773140e-02
 3.881411836e-02 3.316538082e-02 2.996277663e-02 2.795285009e-02 2.661386838e-02
 2.566042805e-02 2.489866041e-02 2.416579214e-02 2.331883073e-02 2.242485087e-02
 2.266555684e-02 2.497695082e-02 2.923729121e-02 3.454112741e-02 3.994771975e-02
 4.550286429e-02 5.137406580e-02 5.722146680e-02 6.146634165e-02 6.275731091e-02
 6.123132435e-02 5.910066614e-02 5.737920109e-02 5.604268462e-02 5.497856605e-02
 5.410369447e-02 5.336185686e-02 5.271412050e-02 5.213954456e-02 5.161729728e-02
 5.114057154e-02 5.070344018e-02 5.030179250e-02 4.992048856e-02 4.954914316e-02
-1.976600476e-04-4.707527902e-04-9.044491396e-04-1.573446891e-03-2.621624929e-03
-4.250220387e-03-6.614034647e-03-9.807205823e-03-1.402939795e-02-1.980775499e-02
-2.700622647e-02-3.108443996e-02-3.132072803e-02-2.742294712e-02-2.495573947e-02
-2.318407987e-02-2.151246102e-02-1.957596009e-02-1.718674292e-02-1.430769807e-02
-1.099629026e-02-7.335594573e-03-3.388765799e-03 8.132943754e-04 5.260954166e-03
 9.934454754e-03 1.473371588e-02 1.934469210e-02 2.315844896e-02 2.558965582e-02
 2.652696963e-02 2.643915569e-02 2.593468901e-02 2.540061298e-02 2.497383267e-02
 2.469284178e-02 2.456773480e-02 2.461191141e-02 2.489314022e-02 2.553667349e-02
 2.671763396e-02 2.856181837e-02 3.105875163e-02 3.406984709e-02 3.739101380e-02
 4.082246741e-02 4.415095006e-02 4.711161974e-02 4.942016807e-02 5.089149234e-02
 5.155966019e-02 5.164768343e-02 5.141346432e-02 5.103867166e-02 5.061918776e-02
 5.019884193e-02 4.979404229e-02 4.940918869e-02 4.904386101e-02 4.869525085e-02
 4.836046142e-02 4.803916517e-02 4.774928223e-02 4.747469913e-02 4.720783212e-02
-3.149790815e-04-7.376447962e-04-1.377930919e-03-2.286891210e-03-3.530945831e-03
-5.184683591e-03-7.319640671e-03-9.992992356e-03-1.321883261e-02-1.691945564e-02
-2.066021858e-02-2.371101507e-02-2.565841314e-02-2.675089081e-02-2.761796665e-02
-2.837873140e-02-2.850400144e-02-2.729695339e-02-2.452666508e-02-2.060758469e-02
-1.619591934e-02-1.170140166e-02-7.277776466e-03-2.968305159e-03 1.207932846e-03
 5.215263635e-03 8.980668159e-03 1.239002599e-02 1.531148784e-02 1.764672604e-02
 1.938147748e-02 2.059661230e-02 2.143167399e-02 2.203297647e-02 2.252149394e-02
 2.298737125e-02 2.349891427e-02 2.411441194e-02 2.489038795e-02 2.588249097e-02
 2.713728011e-02 2.867787771e-02 3.049168776e-02 3.252760580e-02 3.470295610e-02
 3.691427296e-02 3.904743348e-02 4.098906203e-02 4.264333757e-02 4.395195563e-02
 4.490667735e-02 4.554480234e-02 4.592969353e-02 4.612873449e-02 4.619917544e-02
 4.618351884e-02 4.611072260e-02 4.599940535e-02 4.586101433e-02 4.570230375e-02
 4.552707220e-02 4.533625564e-02 4.516830290e-02 4.499900418e-02 4.481473931e-02
-3.481167951e-04-8.032221214e-04-1.468356727e-03-2.368253220e-03-3.530775801e-03
-4.982290635e-03-6.740862477e-03-8.804884817e-03-1.114270394e-02-1.369552572e-02
-1.637488968e-02-1.911610591e-02-2.196663397e-02-2.519159563e-02-2.937355597e-02
-3.574756090e-02-4.253814393e-02-4.276678460e-02-3.653954277e-02-2.697632061e-02
-2.008834031e-02-1.447944599e-02-9.611781941e-03-5.244992859e-03-1.267387383e-03
 2.366323290e-03 5.663998238e-03 8.614194939e-03 1.120148020e-02 1.342040579e-02
 1.528562921e-02 1.683487796e-02 1.812425016e-02 1.921912653e-02 2.018534132e-02
 2.108355691e-02 2.196709876e-02 2.288181379e-02 2.386617997e-02 2.495041234e-02
 2.615423853e-02 2.748402565e-02 2.893058285e-02 3.046884705e-02 3.205989967e-02
 3.365498762e-02 3.520094561e-02 3.664649004e-02 3.794871182e-02 3.907855694e-02
 4.002372840e-02 4.078800471e-02 4.138737012e-02 4.184461015e-02 4.218425116e-02
 4.242898735e-02 4.259779084e-02 4.270532843e-02 4.276219089e-02 4.277556916e-02
 4.275015924e-02 4.268859644e-02 4.263103904e-02 4.255890754e-02 4.246856739e-02
-3.278339519e-04-7.493486148e-04-1.352229930e-03-2.145967963e-03-3.139827597e-03
-4.340564666e-03-5.749980999e-03-7.361377249e-03-9.153409717e-03-1.111947448e-02
-1.324922785e-02-1.555383859e-02-1.808634756e-02-2.096074765e-02-2.430684827e-02
-2.800951363e-02-3.081155857e-02-3.078655364e-02-2.762060778e-02-2.263108491e-02
-1.758094235e-02-1.293240306e-02-8.696181567e-03-4.833386431e-03-1.319796880e-03
 1.855100182e-03 4.699213504e-03 7.225693083e-03 9.454987023e-03 1.141346610e-02
 1.313166356e-02 1.464324306e-02 1.598421231e-02 1.719178715e-02 1.830288696e-02
 1.935259955e-02 2.037289266e-02 2.139160653e-02 2.243158857e-02 2.350982481e-02
 2.463655248e-02 2.581450985e-02 2.703859137e-02 2.829616606e-02 2.956819522e-02
 3.083111604e-02 3.205930566e-02 3.322782532e-02 3.431505989e-02 3.530482664e-02
 3.618758217e-02 3.696054117e-02 3.762679253e-02 3.819373668e-02 3.867126258e-02
 3.907001205e-02 3.939991664e-02 3.966904722e-02 3.988279329e-02 4.004355335e-02
 4.015143240e-02 4.020759882e-02 4.021854654e-02 4.021584844e-02 4.020217376e-02
-2.826946534e-04-6.424109043e-04-1.150092709e-03-1.807475241e-03-2.615188566e-03
-3.571754488e-03-4.672686623e-03-5.907952656e-03-7.258930434e-03-8.718608363e-03
-1.027046077e-02-1.189024935e-02-1.354842419e-02-1.518968214e-02-1.669560436e-02
-1.785178048e-02-1.835913928e-02-1.794873180e-02-1.653756794e-02-1.427524723e-02
-1.144035148e-02-8.302644647e-03-5.070993444e-03-1.912986117e-03 1.024681302e-03
 3.633500033e-03 5.877701980e-03 7.796294669e-03 9.463668726e-03 1.094873304e-02
 1.229988082e-02 1.354841267e-02 1.471604643e-02 1.582030022e-02 1.687713137e-02
 1.790174351e-02 1.890843248e-02 1.991001682e-02 2.091714270e-02 2.193761177e-02
 2.297582303e-02 2.403240794e-02 2.510413372e-02 2.618413324e-02 2.726248167e-02
 2.832708901e-02 2.936482341e-02 3.036273611e-02 3.130923327e-02 3.219504122e-02
 3.301384435e-02 3.376253545e-02 3.444109225e-02 3.505215634e-02 3.560041888e-02
 3.609189217e-02 3.653304953e-02 3.692960612e-02 3.728436166e-02 3.759325935e-02
 3.783998118e-02 3.799805726e-02 3.806437974e-02 3.808005917e-02 3.805824369e-02
-2.301394633e-04-5.209059630e-04-9.274970801e-04-1.447793991e-03-2.078169228e-03
-2.812914201e-03-3.643575870e-03-4.556028802e-03-5.530064037e-03-6.550757264e-03
-7.592015158e-03-8.616495249e-03-9.580264738e-03-1.042134257e-02-1.105717180e-02
-1.138840681e-02-1.131220909e-02-1.074475024e-02-9.642511928e-03-8.008623690e-03
-5.879518085e-03-3.303771729e-03-3.392788790e-04 2.872393783e-03 5.853465294e-03
 7.989846720e-03 9.181574494e-03 9.914862034e-03 1.060086708e-02 1.135559242e-02
 1.217813792e-02 1.304625173e-02 1.394047174e-02 1.484794116e-02 1.576161458e-02
 1.667866660e-02 1.759896727e-02 1.852379136e-02 1.945477258e-02 2.039308697e-02
 2.133885337e-02 2.229074664e-02 2.324582281e-02 2.419955186e-02 2.514604328e-02
 2.607843433e-02 2.698939446e-02 2.787168663e-02 2.871872077e-02 2.952503881e-02
 3.028668601e-02 3.100144724e-02 3.166895695e-02 3.229072347e-02 3.287014219e-02
 3.341261645e-02 3.392598862e-02 3.442169114e-02 3.491774378e-02 3.545451728e-02
 3.620573732e-02 3.652845641e-02 3.615821124e-02 3.606713200e-02 3.601200164e-02
-1.793464774e-04-4.046987053e-04-7.175239487e-04-1.113988350e-03-1.588596004e-03
-2.133790168e-03-2.739579754e-03-3.392690880e-03-4.063534960e-03-4.745049484e-03
-5.406770521e-03-6.015684662e-03-6.539683725e-03-6.934387169e-03-7.149487965e-03
-7.132086830e-03-6.831386134e-03-6.202985065e-03-5.211347189e-03-3.827670151e-03
-2.018814345e-03 2.778420434e-04 3.204037678e-03 7.169445198e-03 1.143529268e-02
 1.338247926e-02 1.296637909e-02 1.160756261e-02 1.133922767e-02 1.153568934e-02
 1.197962560e-02 1.256956008e-02 1.325030211e-02 1.398933930e-02 1.476675675e-02
 1.557017297e-02 1.639185483e-02 1.722690461e-02 1.807203799e-02 1.892472885e-02
 1.978261189e-02 2.064308760e-02 2.150309747e-02 2.235904533e-02 2.320684220e-02
 2.404204965e-02 2.486009398e-02 2.565652074e-02 2.642725946e-02 2.716887128e-02
 2.787875956e-02 2.855533342e-02 2.919812761e-02 2.980789641e-02 3.038671702e-02
 3.093815821e-02 3.146759339e-02 3.198272286e-02 3.249393380e-02 3.300383230e-02
 3.375230006e-02 3.409372753e-02 3.389102249e-02 3.384970342e-02 3.384548376e-02
-1.345682670e-04-3.028790597e-04-5.350866891e-04-8.269742671e-04-1.172817089e-03
-1.565152026e-03-1.994365336e-03-2.445584333e-03-2.896270395e-03-3.330310570e-03
-3.727531124e-03-4.067402748e-03-4.327919666e-03-4.480504220e-03-4.487513453e-03
-4.311231043e-03-3.935838778e-03-3.336460797e-03-2.491920212e-03-1.387085621e-03
-1.372150396e-05 1.625260208e-03 3.490632297e-03 5.458829401e-03 7.266720380e-03
 8.627012140e-03 9.457675827e-03 9.936978113e-03 1.031686260e-02 1.073350467e-02
 1.122306565e-02 1.178322222e-02 1.240170651e-02 1.306566971e-02 1.376422467e-02
 1.448879885e-02 1.523283313e-02 1.599132390e-02 1.676036079e-02 1.753670683e-02
 1.831745355e-02 1.909977657e-02 1.988079048e-02 2.065748545e-02 2.142672813e-02
 2.218531325e-02 2.293005279e-02 2.365788879e-02 2.436601526e-02 2.505199520e-02
 2.571386042e-02 2.635018406e-02 2.696011681e-02 2.754337653e-02 2.810017210e-02
 2.863101680e-02 2.913632997e-02 2.961562396e-02 3.006596067e-02 3.047949243e-02
 3.084136051e-02 3.113253069e-02 3.134750199e-02 3.150437351e-02 3.162425949e-02
-9.720458096e-05-2.182542456e-04-3.843004544e-04-5.914377488e-04-8.345858902e-04
-1.107532602e-03-1.403128407e-03-1.711484598e-03-2.009628281e-03-2.259604511e-03
-2.475513769e-03-2.644619760e-03-2.748328745e-03-2.770076008e-03-2.667747892e-03
-2.438351178e-03-2.070486534e-03-1.552405144e-03-8.770986888e-04-4.466572372e-05
 9.350037310e-04 2.038207353e-03 3.222290003e-03 4.425177184e-03 5.574406558e-03
 6.608466297e-03 7.500111149e-03 8.263051128e-03 8.936780557e-03 9.563995023e-03
 1.017674023e-02 1.079402103e-02 1.142492811e-02 1.207244114e-02 1.273626783e-02
 1.341453889e-02 1.410480572e-02 1.480460954e-02 1.551179931e-02 1.622439197e-02
 1.694018471e-02 1.765682438e-02 1.837187814e-02 1.908287375e-02 1.978734638e-02
 2.048282481e-02 2.116691819e-02 2.183732986e-02 2.249192447e-02 2.312878948e-02
 2.374623630e-02 2.434286511e-02 2.491750742e-02 2.546919502e-02 2.599704678e-02
 2.650009563e-02 2.697706165e-02 2.742599307e-02 2.784398987e-02 2.822713111e-02
 2.857094395e-02 2.887165154e-02 2.912740150e-02 2.933818459e-02 2.950838128e-02
-6.715445563e-05-1.503398725e-04-2.636567143e-04-4.036408010e-04-5.658093330e-04
-7.446505608e-04-9.336061479e-04-1.125492543e-03-1.301474526e-03-1.447616573e-03
-1.552913601e-03-1.621638582e-03-1.626136125e-03-1.566272058e-03-1.427071775e-03
-1.191709270e-03-8.687386069e-04-4.303982654e-04 1.018027209e-04 7.337819586e-04
 1.457175913e-03 2.241217970e-03 3.090441287e-03 3.949093652e-03 4.808184461e-03
 5.638680231e-03 6.417410614e-03 7.165947162e-03 7.858437415e-03 8.531571973e-03
 9.180284499e-03 9.812965289e-03 1.045586381e-02 1.108345338e-02 1.173207419e-02
 1.237542362e-02 1.302142534e-02 1.367872472e-02 1.431658958e-02 1.499072651e-02
 1.564596417e-02 1.630735528e-02 1.697320149e-02 1.761319541e-02 1.827946225e-02
 1.891157800e-02 1.954900824e-02 2.017324437e-02 2.076787922e-02 2.137673873e-02
 2.194007777e-02 2.250968190e-02 2.305013732e-02 2.356179272e-02 2.407523983e-02
 2.453861629e-02 2.500420602e-02 2.543367890e-02 2.582693627e-02 2.621682054e-02
 2.654873518e-02 2.687487325e-02 2.716042760e-02 2.740397345e-02 2.764494513e-02
 0.164255334E+01 0.165913158E+01 0.167389952E+01 0.168913992E+01 0.170465665E+01
 0.172042034E+01 0.173649045E+01 0.175289266E+01 0.176967423E+01 0.178688584E+01
 0.180457404E+01 0.182279373E+01 0.184159153E+01 0.186100886E+01 0.188111201E+01
 0.190196238E+01 0.192360829E+01 0.194608977E+01 0.196947742E+01 0.199385328E+01
 0.201927932E+01 0.204581477E+01 0.207351662E+01 0.210247517E+01 0.213279694E+01
 0.216456827E+01 0.219787626E+01 0.223281129E+01 0.226947793E+01 0.230802686E+01
 0.234860093E+01 0.239134014E+01 0.243639108E+01 0.248391525E+01 0.253410257E+01
 0.258719553E+01 0.264343752E+01 0.270308664E+01 0.276642800E+01 0.283377953E+01
 0.290550014E+01 0.298202960E+01 0.306385566E+01 0.315151901E+01 0.324562367E+01
 0.334686898E+01 0.345607139E+01 0.357419323E+01 0.370234632E+01 0.384184766E+01
 0.399426493E+01 0.416145877E+01 0.434569403E+01 0.454976470E+01 0.477716513E+01
 0.503234436E+01 0.532111481E+01 0.565110915E+01 0.603261900E+01 0.648057158E+01
 0.701789592E+01 0.768321355E+01 0.855183787E+01 0.982331975E+01 0.161492721E+02
  361   98
 0.573572334E+00 0.119437778E+01 0.567003888E+00 0.118045415E+01 0.560430586E+00
 0.116653282E+01 0.553868603E+00 0.115260615E+01 0.547322645E+00 0.113867193E+01
 0.540798040E+00 0.112472771E+01 0.534302721E+00 0.111076983E+01 0.527847416E+00
 0.109679339E+01 0.521443605E+00 0.108279329E+01 0.515099728E+00 0.106876593E+01
 0.508822362E+00 0.105470869E+01 0.502618197E+00 0.104061899E+01 0.496493848E+00
 0.102649441E+01 0.490455112E+00 0.101233303E+01 0.484505945E+00 0.998133779E+00
 0.478649229E+00 0.983896152E+00 0.472888178E+00 0.969619549E+00 0.467225645E+00
 0.955303587E+00 0.461663760E+00 0.940948223E+00 0.456203424E+00 0.926553926E+00
 0.450844408E+00 0.912121602E+00 0.445587101E+00 0.897651918E+00 0.440432940E+00
 0.883145173E+00 0.435383410E+00 0.868601679E+00 0.430438556E+00 0.854022260E+00
 0.425596820E+00 0.839408273E+00 0.420856101E+00 0.824761203E+00 0.416216194E+00
 0.810081886E+00 0.411679672E+00 0.795370293E+00 0.407248906E+00 0.780626505E+00
 0.402924957E+00 0.765851037E+00 0.398707564E+00 0.751044801E+00 0.394595594E+00
 0.736208942E+00 0.390588271E+00 0.721344474E+00 0.386686312E+00 0.706452002E+00
 0.382891290E+00 0.691531922E+00 0.379204750E+00 0.676584668E+00 0.375626539E+00
 0.661611112E+00 0.372155217E+00 0.646612414E+00 0.368788926E+00 0.631589793E+00
 0.365525633E+00 0.616544461E+00 0.362363604E+00 0.601477521E+00 0.359302138E+00
 0.586389826E+00 0.356341266E+00 0.571282068E+00 0.353481283E+00 0.556154888E+00
 0.350722445E+00 0.541008934E+00 0.348063899E+00 0.525845053E+00 0.345504016E+00
 0.510664205E+00 0.343041235E+00 0.495467301E+00 0.340674075E+00 0.480255209E+00
 0.338400810E+00 0.465028801E+00 0.336218797E+00 0.449789047E+00 0.334125431E+00
 0.434536863E+00 0.332118495E+00 0.419273065E+00 0.330196381E+00 0.403998354E+00
 0.328358365E+00 0.388713294E+00 0.326604044E+00 0.373418403E+00 0.324932857E+00
 0.358114204E+00 0.323344045E+00 0.342801234E+00 0.321836519E+00 0.327480048E+00
 0.320408714E+00 0.312151226E+00 0.319059256E+00 0.296815308E+00 0.317787066E+00
 0.281472787E+00 0.316591285E+00 0.266124121E+00 0.315470855E+00 0.250769770E+00
 0.314424531E+00 0.235410191E+00 0.313451172E+00 0.220045815E+00 0.312549757E+00
 0.204677050E+00 0.311719262E+00 0.189304289E+00 0.310958424E+00 0.173927923E+00
 0.310266087E+00 0.158548320E+00 0.309641281E+00 0.143165825E+00 0.309083231E+00
 0.127780764E+00 0.308591519E+00 0.112393439E+00 0.308165948E+00 0.970041434E-01
 0.307806381E+00 0.816131638E-01 0.307512752E+00 0.662207851E-01 0.307284850E+00
 0.508272928E-01 0.307122038E+00 0.354329743E-01 0.307023769E+00 0.200381083E-01
 0.306989653E+00 0.464296645E-02 0.307019438E+00-0.107521845E-01 0.307113070E+00
-0.261470795E-01 0.307270653E+00-0.415414526E-01 0.307492408E+00-0.569350350E-01
 0.307778681E+00-0.723275527E-01 0.308129918E+00-0.877187248E-01 0.308546636E+00
-0.103108263E+00 0.309029496E+00-0.118495868E+00 0.309579324E+00-0.133881225E+00
 0.310197043E+00-0.149264006E+00 0.310883240E+00-0.164643884E+00 0.311638351E+00
-0.180020532E+00 0.312462897E+00-0.195393613E+00 0.313357518E+00-0.210762775E+00
 0.314323149E+00-0.226127639E+00 0.315361152E+00-0.241487783E+00 0.316473088E+00
-0.256842751E+00 0.317660652E+00-0.272192055E+00 0.318925527E+00-0.287535181E+00
 0.320268836E+00-0.302871638E+00 0.321691586E+00-0.318200930E+00 0.323194988E+00
-0.333522521E+00 0.324780490E+00-0.348835833E+00 0.326449260E+00-0.364140295E+00
 0.328201762E+00-0.379435395E+00 0.330038467E+00-0.394720612E+00 0.331959957E+00
-0.409995402E+00 0.333967087E+00-0.425259174E+00 0.336061766E+00-0.440511177E+00
 0.338246482E+00-0.455750543E+00 0.340523914E+00-0.470976328E+00 0.342896918E+00
-0.486187508E+00 0.345367873E+00-0.501383084E+00 0.347938266E+00-0.516562156E+00
 0.350609591E+00-0.531723789E+00 0.353383370E+00-0.546867013E+00 0.356260990E+00
-0.561990847E+00 0.359243003E+00-0.577094444E+00 0.362329694E+00-0.592176996E+00
 0.365521686E+00-0.607237614E+00 0.368820310E+00-0.622275236E+00 0.372227529E+00
-0.637288625E+00 0.375745365E+00-0.652276478E+00 0.379375559E+00-0.667237514E+00
 0.383119345E+00-0.682170530E+00 0.386977317E+00-0.697074453E+00 0.390949081E+00
-0.711948456E+00 0.395034129E+00-0.726791747E+00 0.399233043E+00-0.741603228E+00
 0.403547762E+00-0.756381388E+00 0.407980596E+00-0.771124548E+00 0.412532412E+00
-0.785831409E+00 0.417202606E+00-0.800501108E+00 0.421989445E+00-0.815133162E+00
 0.426891035E+00-0.829727176E+00 0.431908541E+00-0.844281743E+00 0.437046264E+00
-0.858794306E+00 0.442307846E+00-0.873262422E+00 0.447694867E+00-0.887684302E+00
 0.453206990E+00-0.902058832E+00 0.458845363E+00-0.916384309E+00 0.464615488E+00
-0.930657223E+00 0.470523781E+00-0.944873492E+00 0.476575093E+00-0.959029473E+00
 0.482772732E+00-0.973122000E+00 0.489122618E+00-0.987146578E+00 0.495636780E+00
-0.100109560E+01 0.502330426E+00-0.101495936E+01 0.509219825E+00-0.102872688E+01
 0.516324448E+00-0.104238454E+01 0.523677036E+00-0.105591026E+01 0.531332615E+00
-0.106926668E+01 0.539370974E+00-0.108239602E+01 0.547907069E+00-0.109520682E+01
 0.557115710E+00-0.110754178E+01 0.567275062E+00-0.111910296E+01 0.578776160E+00
-0.112932144E+01 0.591943271E+00-0.113725401E+01 0.606568117E+00-0.114196773E+01
 0.621872339E+00-0.114345357E+01 0.637233604E+00-0.114256447E+01 0.652436665E+00
-0.114016053E+01 0.667460839E+00-0.113680722E+01 0.682334059E+00-0.113283477E+01
 0.697087904E+00-0.112843859E+01 0.711746557E+00-0.112373430E+01 0.726327674E+00
-0.111879472E+01 0.740842862E+00-0.111366452E+01 0.755300835E+00-0.110837518E+01
 0.769706829E+00-0.110294583E+01 0.784063808E+00-0.109738816E+01 0.798370424E+00
-0.109170211E+01 0.812618399E+00-0.108587072E+01 0.826796214E+00-0.107987082E+01
 0.840892536E+00-0.107368193E+01 0.854896118E+00-0.106728601E+01 0.868795919E+00
-0.106066762E+01 0.882581879E+00-0.105381530E+01 0.896246586E+00-0.104672426E+01
 0.909787320E+00-0.103939925E+01 0.923202301E+00-0.103184639E+01 0.936486180E+00
-0.102406528E+01 0.949626144E+00-0.101604359E+01 0.962602822E+00-0.100776042E+01
 0.975397894E+00-0.999199436E+00 0.988000541E+00-0.990357616E+00 0.100040844E+01
-0.981244486E+00 0.101262635E+01-0.971878124E+00 0.102466880E+01-0.962287152E+00
 0.103654855E+01-0.952495360E+00 0.104825492E+01-0.942496965E+00 0.105976592E+01
-0.932274295E+00 0.107106813E+01-0.921821249E+00 0.108216796E+01-0.911153493E+00
 0.109308422E+01-0.900297912E+00 0.110383291E+01-0.889276361E+00 0.111440877E+01
-0.878088898E+00 0.112479195E+01-0.866722421E+00 0.113496553E+01-0.855167978E+00
 0.114492704E+01-0.843430192E+00 0.115468672E+01-0.831524029E+00 0.116425238E+01
-0.819461442E+00 0.117361071E+01-0.807237335E+00 0.118273539E+01-0.794837894E+00
 0.119160440E+01-0.782254336E+00 0.120021203E+01-0.769490550E+00 0.120856569E+01
-0.756559099E+00 0.121666943E+01-0.743469588E+00 0.122449944E+01-0.730214577E+00
 0.123202744E+01-0.716785777E+00 0.123924225E+01-0.703186146E+00 0.124614628E+01
-0.689426123E+00 0.125273715E+01-0.675513401E+00 0.125900227E+01-0.661450998E+00
 0.126493572E+01-0.647245460E+00 0.127054409E+01-0.632908444E+00 0.127584175E+01
-0.618453704E+00 0.128083898E+01-0.603892361E+00 0.128554014E+01-0.589232744E+00
 0.128995391E+01-0.574484030E+00 0.129409669E+01-0.559656890E+00 0.129799152E+01
-0.544762659E+00 0.130166570E+01-0.529812439E+00 0.130514660E+01-0.514816014E+00
 0.130845799E+01-0.499781230E+00 0.131162188E+01-0.484714702E+00 0.131466043E+01
-0.469622383E+00 0.131759664E+01-0.454509807E+00 0.132045478E+01-0.439382263E+00
 0.132326031E+01-0.424244868E+00 0.132603979E+01-0.409102664E+00 0.132881723E+01
-0.393960086E+00 0.133160965E+01-0.378820266E+00 0.133443306E+01-0.363686194E+00
 0.133730262E+01-0.348560811E+00 0.134023152E+01-0.333446805E+00 0.134321949E+01
-0.318344367E+00 0.134625830E+01-0.303252073E+00 0.134934020E+01-0.288168520E+00
 0.135245833E+01-0.273092411E+00 0.135560594E+01-0.258022429E+00 0.135877439E+01
-0.242956815E+00 0.136195306E+01-0.227893351E+00 0.136512791E+01-0.212829084E+00
 0.136827876E+01-0.197759782E+00 0.137137672E+01-0.182679524E+00 0.137438713E+01
-0.167581563E+00 0.137727276E+01-0.152459277E+00 0.137999440E+01-0.137306653E+00
 0.138251460E+01-0.122119254E+00 0.138480724E+01-0.106895865E+00 0.138684787E+01
-0.916366831E-01 0.138861084E+01-0.763429664E-01 0.139006999E+01-0.610173132E-01
 0.139120495E+01-0.456642700E-01 0.139200235E+01-0.302900163E-01 0.139245121E+01
-0.149016576E-01 0.139254322E+01 0.492959912E-03 0.139227513E+01 0.158855215E-01
 0.139165418E+01 0.312679061E-01 0.139069211E+01 0.466327474E-01 0.138940297E+01
 0.619736322E-01 0.138780294E+01 0.772852389E-01 0.138591517E+01 0.925640746E-01
 0.138376755E+01 0.107808589E+00 0.138138682E+01 0.123018470E+00 0.137879797E+01
 0.138194338E+00 0.137602809E+01 0.153338237E+00 0.137311590E+01 0.168455443E+00
 0.137010124E+01 0.183552568E+00 0.136702177E+01 0.198636617E+00 0.136391206E+01
 0.213714466E+00 0.136079854E+01 0.228791530E+00 0.135769716E+01 0.243871094E+00
 0.135461870E+01 0.258955353E+00 0.135157137E+01 0.274045931E+00 0.134856188E+01
 0.289144100E+00 0.134559495E+01 0.304250689E+00 0.134267558E+01 0.319366538E+00
 0.133980970E+01 0.334492620E+00 0.133700366E+01 0.349629916E+00 0.133425458E+01
 0.364777662E+00 0.133154690E+01 0.379932867E+00 0.132886363E+01 0.395092416E+00
 0.132618720E+01 0.410253172E+00 0.132349872E+01 0.425411797E+00 0.132077228E+01
 0.440563634E+00 0.131797968E+01 0.455703409E+00 0.131509339E+01 0.470825589E+00
 0.131208670E+01 0.485924277E+00 0.130893496E+01 0.500993337E+00 0.130561612E+01
 0.516026462E+00 0.130210894E+01 0.531016747E+00 0.129839098E+01 0.545956122E+00
 0.129443598E+01 0.560834466E+00 0.129021702E+01 0.575640089E+00 0.128571110E+01
 0.590360886E+00 0.128090231E+01 0.604985527E+00 0.127578322E+01 0.619504456E+00
 0.127035125E+01 0.633909238E+00 0.126459827E+01 0.648188824E+00 0.125851276E+01
 0.662329874E+00 0.125209194E+01 0.676321863E+00 0.124534613E+01 0.690160129E+00
 0.123829108E+01 0.703843336E+00 0.123092985E+01 0.717364283E+00 0.122326231E+01
 0.730713915E+00 0.121530295E+01 0.743891678E+00 0.120708270E+01 0.756908357E+00
 0.119862494E+01 0.769771982E+00 0.118992766E+01 0.782474883E+00 0.118098639E+01
 0.795007230E+00 0.117180903E+01 0.807367768E+00 0.116241890E+01 0.819567498E+00
 0.115284348E+01 0.831622376E+00 0.114309604E+01 0.843538583E+00 0.113316553E+01
 0.855302638E+00 0.112303908E+01 0.866898440E+00 0.111271698E+01 0.878320449E+00
 0.110221529E+01 0.889577583E+00 0.109155319E+01 0.900682936E+00 0.108073396E+01
 0.911635241E+00 0.106973806E+01 0.922410113E+00 0.105854462E+01 0.932979579E+00
 0.104714699E+01 0.943328522E+00 0.103555888E+01 0.953463757E+00 0.102380190E+01
 0.963402643E+00 0.101188356E+01 0.973147420E+00 0.999788339E+00 0.982671703E+00
 0.987501375E+00 0.991947246E+00 0.975018497E+00 0.100095738E+01 0.962342685E+00
 0.100969400E+01 0.949486418E+00 0.101816288E+01 0.936470730E+00 0.102638473E+01
 0.923316221E+00 0.103438264E+01 0.910031714E+00 0.104216270E+01 0.896619072E+00
 0.104971971E+01 0.883081139E+00 0.105704991E+01 0.869423451E+00 0.106415450E+01
 0.855655988E+00 0.107104400E+01 0.841791548E+00 0.107773625E+01 0.827844520E+00
 0.108425470E+01 0.813830193E+00 0.109062722E+01 0.799764063E+00 0.109688462E+01
 0.785661699E+00 0.110305996E+01 0.771534426E+00 0.110917811E+01 0.757385177E+00
 0.111524527E+01 0.743214950E+00 0.112126327E+01 0.729028306E+00 0.112724248E+01
 0.714830187E+00 0.113319439E+01 0.700626072E+00 0.113913198E+01 0.686421164E+00
 0.114506767E+01 0.672221668E+00 0.115101629E+01 0.658033805E+00 0.115699260E+01
 0.643865279E+00 0.116301460E+01 0.629725814E+00 0.116910450E+01 0.615623717E+00
 0.117528042E+01 0.601562457E+00 0.118154877E+01 0.587542378E+00 0.118790868E+01
 0.573572334E+00 0.119437778E+01
 0.156441580E+01 0.156423520E+01 0.173298350E+01 0.167901950E+01 0.134847970E+01
 0.206041340E+01 0.108819530E+01 0.205946000E+01 0.902253030E+00 0.187565310E+01
 0.903668760E+00 0.187424170E+01 0.533866470E+00 0.150285580E+01 0.538010660E+00
 0.149874330E+01 0.332797140E+00 0.129708960E+01 0.332797140E+00 0.109400000E+01
 0.334795920E+00 0.109400000E+01 0.303115250E+00 0.847500000E+00 0.305114030E+00
 0.847500000E+00 0.269135950E+00 0.565000000E+00 0.271134730E+00 0.565000000E+00
 0.260841000E+00 0.495257700E+00 0.260841000E+00-0.507257700E+00 0.271134730E+00
-0.576999960E+00 0.269135950E+00-0.576999960E+00 0.305114030E+00-0.859500000E+00
 0.303115250E+00-0.859500000E+00 0.334795920E+00-0.110600010E+01 0.332797140E+00
-0.110600010E+01 0.332797140E+00-0.130908970E+01 0.538598100E+00-0.150990190E+01
 0.534468950E+00-0.151402960E+01 0.905629600E+00-0.188405800E+01 0.904219000E+00
-0.188547470E+01 0.108819530E+01-0.206614000E+01 0.134847970E+01-0.206518650E+01
 0.173017910E+01-0.168098580E+01 0.156441580E+01-0.156883530E+01 0.137999130E+01
-0.157688300E+01 0.137989190E+01-0.157672700E+01 0.119622210E+01-0.158474990E+01
 0.119631650E+01-0.158489800E+01 0.105537410E+01-0.159104840E+01 0.105528350E+01
-0.159090630E+01 0.947502500E+00-0.159561420E+01 0.905686400E+00-0.159556230E+01
 0.899143000E+00-0.159478470E+01 0.883387860E+00-0.159026430E+01 0.867681200E+00
-0.158087360E+01 0.851322350E+00-0.156766880E+01 0.833481900E+00-0.154624210E+01
 0.826062560E+00-0.152875240E+01 0.822677700E+00-0.151516830E+01 0.821022750E+00
-0.149624060E+01 0.820691350E+00-0.147724350E+01 0.822887360E+00-0.144582030E+01
 0.827573000E+00-0.141923050E+01 0.839194600E+00-0.138728100E+01 0.855244300E+00
-0.135284130E+01 0.877566500E+00-0.132209860E+01 0.899473500E+00-0.130017830E+01
 0.118567730E+01-0.101380000E+01 0.127900000E+01-0.842300000E+00 0.129600000E+01
-0.820200000E+00 0.143300000E+01-0.820200000E+00 0.143300000E+01-0.711000000E+00
 0.149000000E+01-0.491000000E+00 0.146000000E+01-0.491000000E+00 0.146000000E+01
-0.233000000E+00 0.166100000E+01-0.233000000E+00 0.166100000E+01 0.226000000E+00
 0.146000000E+01 0.226000000E+00 0.146000000E+01 0.481000000E+00 0.149300000E+01
 0.481000000E+00 0.147400000E+01 0.554000000E+00 0.143300000E+01 0.711000000E+00
 0.143300000E+01 0.815600000E+00 0.129600000E+01 0.815600000E+00 0.127900000E+01
 0.837699950E+00 0.118567730E+01 0.100920000E+01 0.899473500E+00 0.129557820E+01
 0.877566500E+00 0.131749860E+01 0.855244300E+00 0.134824120E+01 0.839194600E+00
 0.138268090E+01 0.827573000E+00 0.141463040E+01 0.822887360E+00 0.144122030E+01
 0.820691350E+00 0.147264350E+01 0.821022750E+00 0.149164060E+01 0.822677700E+00
 0.151056830E+01 0.826062560E+00 0.152415240E+01 0.833481900E+00 0.154164210E+01
 0.851322350E+00 0.156306870E+01 0.867681200E+00 0.157627360E+01 0.883387860E+00
 0.158566430E+01 0.899143000E+00 0.159018470E+01 0.905686400E+00 0.159096230E+01
 0.947502500E+00 0.159101410E+01 0.105528350E+01 0.158630620E+01 0.105537410E+01
 0.158644830E+01 0.119631650E+01 0.158029800E+01 0.119622210E+01 0.158014990E+01
 0.137989190E+01 0.157212700E+01 0.137999130E+01 0.157228290E+01 0.156441580E+01
 0.156423520E+01
    0
