EFIT++      MAST # 47051 # 620ms                   0  65  65
 0.194000000E+01 0.440000000E+01 0.800000000E+00 0.600000000E-01 0.000000000E+00
 0.989820167E+00 0.619272040E-03-0.689675770E-01 0.512657287E-04-0.654428202E+00
 0.744725803E+06-0.689675770E-01 0.000000000E+00 0.989820167E+00 0.000000000E+00
 0.619272040E-03 0.000000000E+00 0.512657287E-04 0.000000000E+00 0.000000000E+00
-0.537951785E+00-0.537740353E+00-0.537521324E+00-0.537295036E+00-0.537061828E+00
-0.536822037E+00-0.536576003E+00-0.536324064E+00-0.536066561E+00-0.535803834E+00
-0.535536223E+00-0.535264069E+00-0.534987715E+00-0.534707503E+00-0.534423775E+00
-0.534136875E+00-0.533847148E+00-0.533554939E+00-0.533260593E+00-0.532964457E+00
-0.532666878E+00-0.532368204E+00-0.532068785E+00-0.531768969E+00-0.531469106E+00
-0.531169549E+00-0.530870648E+00-0.530572757E+00-0.530276229E+00-0.529981419E+00
-0.529688681E+00-0.529398371E+00-0.529110846E+00-0.528826463E+00-0.528545581E+00
-0.528268557E+00-0.527995752E+00-0.527727525E+00-0.527464237E+00-0.527206249E+00
-0.526953923E+00-0.526707622E+00-0.526467707E+00-0.526234543E+00-0.526008494E+00
-0.525789922E+00-0.525579193E+00-0.525376670E+00-0.525182719E+00-0.524997704E+00
-0.524821991E+00-0.524655944E+00-0.524499927E+00-0.524354307E+00-0.524219447E+00
-0.524095711E+00-0.523983464E+00-0.523883069E+00-0.523794889E+00-0.523719286E+00
-0.523656622E+00-0.523607258E+00-0.523571554E+00-0.523549870E+00-0.523542562E+00
 0.268972922E+05 0.262711504E+05 0.256450511E+05 0.250193084E+05 0.243942367E+05
 0.237701499E+05 0.231473624E+05 0.225261883E+05 0.219069418E+05 0.212899371E+05
 0.206754884E+05 0.200639098E+05 0.194555155E+05 0.188506197E+05 0.182495366E+05
 0.176525804E+05 0.170600652E+05 0.164723053E+05 0.158896148E+05 0.153123079E+05
 0.147406988E+05 0.141751017E+05 0.136158307E+05 0.130632000E+05 0.125175239E+05
 0.119791165E+05 0.114482919E+05 0.109253644E+05 0.104106482E+05 0.990445738E+04
 0.940710619E+04 0.891890879E+04 0.844017937E+04 0.797123212E+04 0.751238121E+04
 0.706394082E+04 0.662622514E+04 0.619954836E+04 0.578422465E+04 0.538056820E+04
 0.498889319E+04 0.460951381E+04 0.424274422E+04 0.388889863E+04 0.354829121E+04
 0.322123614E+04 0.290804761E+04 0.260903979E+04 0.232452688E+04 0.205482306E+04
 0.180024250E+04 0.156109939E+04 0.133770791E+04 0.113038225E+04 0.939436581E+03
 0.765185097E+03 0.607941976E+03 0.468021400E+03 0.345737554E+03 0.241404618E+03
 0.155336776E+03 0.878482104E+02 0.392531042E+02 0.986563983E+01 0.000000000E+00
-0.103518464E+00-0.107350065E+00-0.111008679E+00-0.114494307E+00-0.117806949E+00
-0.120946603E+00-0.123913271E+00-0.126706953E+00-0.129327648E+00-0.131775356E+00
-0.134050078E+00-0.136151814E+00-0.138080562E+00-0.139836324E+00-0.141419100E+00
-0.142828889E+00-0.144065691E+00-0.145129507E+00-0.146020337E+00-0.146738179E+00
-0.147283035E+00-0.147654905E+00-0.147853788E+00-0.147879684E+00-0.147732594E+00
-0.147412518E+00-0.146919454E+00-0.146253404E+00-0.145414368E+00-0.144402345E+00
-0.143217335E+00-0.141859339E+00-0.140328357E+00-0.138624387E+00-0.136747431E+00
-0.134697489E+00-0.132474560E+00-0.130078644E+00-0.127509742E+00-0.124767854E+00
-0.121852978E+00-0.118765116E+00-0.115504268E+00-0.112070433E+00-0.108463611E+00
-0.104683803E+00-0.100731009E+00-0.966052273E-01-0.923064595E-01-0.878347050E-01
-0.831899640E-01-0.783722365E-01-0.733815223E-01-0.682178216E-01-0.628811343E-01
-0.573714605E-01-0.516888000E-01-0.458331530E-01-0.398045194E-01-0.336028993E-01
-0.272282926E-01-0.206806993E-01-0.139601194E-01-0.706655300E-02 0.000000000E+00
-0.580533261E+06-0.580639521E+06-0.580454445E+06-0.579978032E+06-0.579210283E+06
-0.578151198E+06-0.576800776E+06-0.575159019E+06-0.573225925E+06-0.571001495E+06
-0.568485728E+06-0.565678625E+06-0.562580187E+06-0.559190411E+06-0.555509300E+06
-0.551536852E+06-0.547273068E+06-0.542717948E+06-0.537871491E+06-0.532733699E+06
-0.527304570E+06-0.521584104E+06-0.515572303E+06-0.509269165E+06-0.502674691E+06
-0.495788881E+06-0.488611734E+06-0.481143252E+06-0.473383432E+06-0.465332277E+06
-0.456989786E+06-0.448355958E+06-0.439430794E+06-0.430214293E+06-0.420706457E+06
-0.410907284E+06-0.400816775E+06-0.390434930E+06-0.379761748E+06-0.368797230E+06
-0.357541376E+06-0.345994186E+06-0.334155659E+06-0.322025796E+06-0.309604597E+06
-0.296892061E+06-0.283888190E+06-0.270592982E+06-0.257006438E+06-0.243128557E+06
-0.228959341E+06-0.214498788E+06-0.199746898E+06-0.184703673E+06-0.169369111E+06
-0.153743213E+06-0.137825979E+06-0.121617409E+06-0.105117502E+06-0.883262588E+05
-0.712436796E+05-0.538697641E+05-0.362045123E+05-0.182479243E+05 0.000000000E+00
-6.225622372e-05-1.393987596e-04-2.445341352e-04-3.745012067e-04-5.252232834e-04
-6.917379307e-04-8.682439267e-04-1.048225683e-03-1.211889074e-03-1.324485193e-03
-1.401589936e-03-1.435930133e-03-1.408513340e-03-1.308825806e-03-1.121138833e-03
-8.320250869e-04-4.424241198e-04 6.011920766e-05 6.674117205e-04 1.379272127e-03
 2.186069807e-03 3.062712990e-03 3.995886482e-03 4.942394130e-03 5.880513880e-03
 6.781464683e-03 7.624673250e-03 8.420670964e-03 9.159959435e-03 9.870757356e-03
 1.055731482e-02 1.122968338e-02 1.190824692e-02 1.257838961e-02 1.326456674e-02
 1.395037597e-02 1.464056026e-02 1.534096584e-02 1.602935560e-02 1.674900538e-02
 1.745823424e-02 1.817629354e-02 1.890233891e-02 1.960895141e-02 2.034014112e-02
 2.104368089e-02 2.175565163e-02 2.245935309e-02 2.313737123e-02 2.383337263e-02
 2.448650063e-02 2.515066588e-02 2.578849896e-02 2.639836170e-02 2.701449828e-02
 2.757410835e-02 2.813697080e-02 2.865461294e-02 2.912123257e-02 2.957617454e-02
 2.994231695e-02 3.028780948e-02 3.056429668e-02 3.076855818e-02 3.096386347e-02
-9.115107234e-05-2.047776242e-04-3.608514159e-04-5.558976013e-04-7.853678839e-04
-1.043663895e-03-1.324185897e-03-1.616644652e-03-1.899154284e-03-2.121165692e-03
-2.308567798e-03-2.448765063e-03-2.524969653e-03-2.534490876e-03-2.367647033e-03
-2.066164231e-03-1.622610390e-03-1.023602415e-03-2.597692153e-04 6.704412360e-04
 1.758573920e-03 2.981735146e-03 4.292603374e-03 5.620194495e-03 6.879620032e-03
 7.997990765e-03 8.944860371e-03 9.740753678e-03 1.043647303e-02 1.108385875e-02
 1.171967591e-02 1.236440601e-02 1.302708939e-02 1.371018517e-02 1.441286211e-02
 1.513286278e-02 1.586754002e-02 1.661445271e-02 1.737166834e-02 1.813751933e-02
 1.891011571e-02 1.968736830e-02 2.046709141e-02 2.124706207e-02 2.202507611e-02
 2.279894324e-02 2.356656960e-02 2.432597715e-02 2.507536147e-02 2.581314522e-02
 2.653795299e-02 2.724863247e-02 2.794411748e-02 2.862325681e-02 2.928448089e-02
 2.992526834e-02 3.054137275e-02 3.112570105e-02 3.166725075e-02 3.215086200e-02
 3.255927936e-02 3.287831375e-02 3.310211791e-02 3.323373712e-02 3.328598467e-02
-1.264685054e-04-2.848828320e-04-5.038537192e-04-7.797721944e-04-1.107624023e-03
-1.480697503e-03-1.890226171e-03-2.322954201e-03-2.750393483e-03-3.168314874e-03
-3.540417908e-03-3.846199923e-03-4.074613954e-03-4.192349173e-03-4.153977741e-03
-3.918391493e-03-3.471304366e-03-2.789161307e-03-1.848661057e-03-6.314644156e-04
 8.760634829e-04 2.679181361e-03 4.748302690e-03 6.957180020e-03 8.985602696e-03
 1.045903620e-02 1.127464888e-02 1.168386265e-02 1.201321435e-02 1.241305403e-02
 1.290923508e-02 1.349023691e-02 1.413829486e-02 1.483752439e-02 1.557542815e-02
 1.634264839e-02 1.713233328e-02 1.793948965e-02 1.876040369e-02 1.959214136e-02
 2.043214869e-02 2.127797497e-02 2.212711518e-02 2.297694782e-02 2.382474590e-02
 2.466774421e-02 2.550324819e-02 2.632876975e-02 2.714217463e-02 2.794182623e-02
 2.872671186e-02 2.949653781e-02 3.025177672e-02 3.099364033e-02 3.172392092e-02
 3.244456903e-02 3.315669743e-02 3.385827519e-02 3.453881753e-02 3.516834537e-02
 3.568460305e-02 3.601514740e-02 3.614241032e-02 3.612002190e-02 3.602292086e-02
-1.678658335e-04-3.792434790e-04-6.734766102e-04-1.047687054e-03-1.497514669e-03
-2.016657390e-03-2.596334290e-03-3.222054964e-03-3.870243811e-03-4.529452274e-03
-5.168494013e-03-5.751832498e-03-6.250116811e-03-6.617512717e-03-6.799937846e-03
-6.739974800e-03-6.382590136e-03-5.680297015e-03-4.596281931e-03-3.102592698e-03
-1.167117665e-03 1.285953532e-03 4.400341043e-03 8.652834421e-03 1.327760417e-02
 1.532923192e-02 1.476409017e-02 1.330204561e-02 1.304480566e-02 1.326962053e-02
 1.374954589e-02 1.437884711e-02 1.510066008e-02 1.588192460e-02 1.670273021e-02
 1.755099481e-02 1.841944682e-02 1.930373438e-02 2.020115292e-02 2.110975567e-02
 2.202773414e-02 2.295301212e-02 2.388302112e-02 2.481463306e-02 2.574422705e-02
 2.666786466e-02 2.758154507e-02 2.848150988e-02 2.936456765e-02 3.022841362e-02
 3.107192982e-02 3.189546572e-02 3.270111991e-02 3.349307041e-02 3.427803993e-02
 3.506604386e-02 3.587168561e-02 3.671654946e-02 3.763449730e-02 3.870124591e-02
 3.985163278e-02 4.024099858e-02 3.986497777e-02 3.927550671e-02 3.883111766e-02
-2.131905118e-04-4.833979208e-04-8.627708435e-04-1.350720362e-03-1.945434506e-03
-2.643208955e-03-3.437683640e-03-4.316239347e-03-5.259169817e-03-6.255237065e-03
-7.280286701e-03-8.291035908e-03-9.249354843e-03-1.009276247e-02-1.073261257e-02
-1.105869957e-02-1.095447641e-02-1.032506251e-02-9.124784099e-03-7.365741349e-03
-5.101558980e-03-2.403526857e-03 6.401012576e-04 3.855962336e-03 6.826728867e-03
 9.060454970e-03 1.046654021e-02 1.141901563e-02 1.226111250e-02 1.312372506e-02
 1.402608700e-02 1.495787368e-02 1.590623209e-02 1.686224257e-02 1.782148410e-02
 1.878307938e-02 1.974846361e-02 2.072022770e-02 2.170113169e-02 2.269331287e-02
 2.369769738e-02 2.471362251e-02 2.573867680e-02 2.676875849e-02 2.779834001e-02
 2.882090904e-02 2.982953834e-02 3.081752323e-02 3.177902019e-02 3.270962672e-02
 3.360686171e-02 3.447053700e-02 3.530305145e-02 3.610968932e-02 3.689906956e-02
 3.768399554e-02 3.848315566e-02 3.932457345e-02 4.025266923e-02 4.133269517e-02
 4.248185643e-02 4.288061541e-02 4.248820593e-02 4.170313297e-02 4.117704613e-02
-2.569286909e-04-5.854837565e-04-1.052085811e-03-1.660943147e-03-2.415591985e-03
-3.317701954e-03-4.366093282e-03-5.555609552e-03-6.861229228e-03-8.288976960e-03
-9.824198133e-03-1.144369158e-02-1.312635378e-02-1.482975504e-02-1.643616181e-02
-1.770718136e-02-1.828365604e-02-1.782933378e-02-1.624570343e-02-1.373416494e-02
-1.064583260e-02-7.293557222e-03-3.895239250e-03-6.084173101e-04 2.438943122e-03
 5.155788061e-03 7.512676869e-03 9.542991891e-03 1.131209905e-02 1.288391854e-02
 1.430663251e-02 1.561385008e-02 1.683034349e-02 1.797664735e-02 1.907145690e-02
 2.013239574e-02 2.117587650e-02 2.221655107e-02 2.326662612e-02 2.433518994e-02
 2.542764602e-02 2.654534112e-02 2.768547416e-02 2.884135387e-02 3.000303121e-02
 3.115827470e-02 3.229379765e-02 3.339659770e-02 3.445524194e-02 3.546093223e-02
 3.640822144e-02 3.729531675e-02 3.812398547e-02 3.889914221e-02 3.962821282e-02
 4.032030822e-02 4.098504113e-02 4.163028760e-02 4.225656789e-02 4.284072476e-02
 4.329922722e-02 4.350400107e-02 4.344267217e-02 4.321584005e-02 4.292492128e-02
-2.878157267e-04-6.610372335e-04-1.200486712e-03-1.919757601e-03-2.832954396e-03
-3.951998278e-03-5.283497084e-03-6.823099737e-03-8.554905590e-03-1.047050811e-02
-1.256194617e-02-1.484310543e-02-1.737966555e-02-2.033755401e-02-2.396831729e-02
-2.825855445e-02-3.182020170e-02-3.182546949e-02-2.793798550e-02-2.198677411e-02
-1.641830294e-02-1.148821943e-02-7.076772827e-03-3.089780136e-03 5.226976390e-04
 3.783781083e-03 6.706696434e-03 9.305409194e-03 1.159895611e-02 1.361202636e-02
 1.537441645e-02 1.692037265e-02 1.828760670e-02 1.951573124e-02 2.064433748e-02
 2.171116668e-02 2.275066473e-02 2.379290917e-02 2.486270831e-02 2.597868169e-02
 2.715229231e-02 2.838700576e-02 2.967788252e-02 3.101189736e-02 3.236913763e-02
 3.372483893e-02 3.505205000e-02 3.632459742e-02 3.751993211e-02 3.862139287e-02
 3.961947692e-02 4.051190687e-02 4.130257899e-02 4.199973158e-02 4.261375688e-02
 4.315496829e-02 4.363141363e-02 4.404665093e-02 4.439753306e-02 4.467293886e-02
 4.485611671e-02 4.493373264e-02 4.490917059e-02 4.481129024e-02 4.466408527e-02
-2.850732549e-04-6.640194573e-04-1.229171724e-03-2.012160773e-03-3.049348183e-03
-4.376549261e-03-6.021487379e-03-7.991121223e-03-1.025408297e-02-1.275110281e-02
-1.537184297e-02-1.802166245e-02-2.070347718e-02-2.368583494e-02-2.749495455e-02
-3.289496483e-02-3.855323068e-02-3.857963028e-02-3.291341091e-02-2.427496869e-02
-1.768278334e-02-1.216687662e-02-7.319943905e-03-2.940689582e-03 1.067702098e-03
 4.742732636e-03 8.086152232e-03 1.108043882e-02 1.370431123e-02 1.594788925e-02
 1.782401145e-02 1.937152549e-02 2.064983208e-02 2.172851712e-02 2.267747629e-02
 2.356084077e-02 2.443486063e-02 2.534801620e-02 2.634131870e-02 2.744738158e-02
 2.868790086e-02 3.007034196e-02 3.158537718e-02 3.320646929e-02 3.489208041e-02
 3.659007033e-02 3.824356441e-02 3.979772731e-02 4.120676532e-02 4.243985505e-02
 4.348424653e-02 4.434439330e-02 4.503754777e-02 4.558768704e-02 4.601986694e-02
 4.635624369e-02 4.661394378e-02 4.680438730e-02 4.693364182e-02 4.700361071e-02
 4.701395002e-02 4.696247038e-02 4.687750068e-02 4.674689309e-02 4.657630065e-02
-2.157063162e-04-5.171727509e-04-9.966506135e-04-1.716306692e-03-2.758103724e-03
-4.214359850e-03-6.173148594e-03-8.708715239e-03-1.186814738e-02-1.563624220e-02
-1.953256340e-02-2.255094660e-02-2.414466863e-02-2.462315892e-02-2.490814031e-02
-2.514211618e-02-2.486006946e-02-2.350213123e-02-2.086365574e-02-1.722581263e-02
-1.307462627e-02-8.759160193e-03-4.440079857e-03-1.785976676e-04 3.991956029e-03
 8.024803858e-03 1.183517792e-02 1.529324750e-02 1.824809675e-02 2.058556698e-02
 2.228686402e-02 2.344109324e-02 2.420205900e-02 2.472826532e-02 2.514763537e-02
 2.555322249e-02 2.601458837e-02 2.659160310e-02 2.734395133e-02 2.833226937e-02
 2.960871739e-02 3.120023010e-02 3.309416669e-02 3.523528063e-02 3.753408841e-02
 3.987920748e-02 4.214810085e-02 4.421875099e-02 4.598768536e-02 4.739214897e-02
 4.842422903e-02 4.912566282e-02 4.956570979e-02 4.981646342e-02 4.993755856e-02
 4.997172935e-02 4.994664765e-02 4.987872861e-02 4.977677550e-02 4.964487601e-02
 4.948458745e-02 4.929719781e-02 4.910044400e-02 4.888512143e-02 4.864113118e-02
-4.714970402e-05-1.311807795e-04-3.037583152e-04-6.494409483e-04-1.343041243e-03
-2.657553834e-03-4.764457670e-03-7.698654358e-03-1.161912566e-02-1.702013626e-02
-2.375807386e-02-2.755534173e-02-2.754124314e-02-2.389004131e-02-2.145140932e-02
-1.966373007e-02-1.797417529e-02-1.605182307e-02-1.372243592e-02-1.093861175e-02
-7.734048586e-03-4.168942110e-03-2.911464467e-04 3.877737664e-03 8.335831956e-03
 1.307297816e-02 1.799793750e-02 2.278087856e-02 2.673148592e-02 2.916261536e-02
 2.994679928e-02 2.963429123e-02 2.892475875e-02 2.822912258e-02 2.767537922e-02
 2.728889666e-02 2.706979112e-02 2.702518760e-02 2.722352048e-02 2.780389472e-02
 2.896850101e-02 3.086569629e-02 3.348466452e-02 3.666601504e-02 4.018240373e-02
 4.382134517e-02 4.736067108e-02 5.051613810e-02 5.297344078e-02 5.452699333e-02
 5.521638042e-02 5.529521934e-02 5.505050554e-02 5.467527771e-02 5.426540689e-02
 5.386116152e-02 5.347509281e-02 5.310823328e-02 5.275740326e-02 5.241759852e-02
 5.208430542e-02 5.175458811e-02 5.143776493e-02 5.112282437e-02 5.081045588e-02
 1.999042527e-04 4.580489832e-04 8.371105197e-04 1.382099630e-03 2.064387823e-03
 1.328161699e-03-1.239497125e-03-4.135458209e-03-7.294988558e-03-1.074268111e-02
-1.402016382e-02-1.624143432e-02-1.689617261e-02-1.625971468e-02-1.509534458e-02
-1.374775343e-02-1.223581012e-02-1.049869892e-02-8.472412110e-03-6.110131534e-03
-3.381216787e-03-2.598582599e-04 3.291189559e-03 7.340735230e-03 1.201882091e-02
 1.757541942e-02 2.453102117e-02 3.417393142e-02 4.346971646e-02 4.635583845e-02
 4.243738856e-02 3.630575778e-02 3.286202820e-02 3.070613187e-02 2.925722338e-02
 2.820697382e-02 2.734580712e-02 2.649076178e-02 2.545759235e-02 2.422577185e-02
 2.423349375e-02 2.663365171e-02 3.124292414e-02 3.695710736e-02 4.265752484e-02
 4.849129492e-02 5.472120023e-02 6.108845242e-02 6.561613269e-02 6.704575725e-02
 6.511490919e-02 6.273981613e-02 6.092746011e-02 5.955984569e-02 5.848984746e-02
 5.761904156e-02 5.688431540e-02 5.624420810e-02 5.567288900e-02 5.515068229e-02
 5.466646677e-02 5.421245016e-02 5.378252048e-02 5.336667816e-02 5.295140780e-02
 4.349632790e-04 1.003616765e-03 1.839851433e-03 2.989507012e-03 4.328920715e-03
 4.096353522e-03 1.909646894e-03-3.779156660e-04-2.571466532e-03-4.613717062e-03
-6.394747899e-03-7.769426531e-03-8.615050915e-03-8.914646950e-03-8.733277158e-03
-8.153771165e-03-7.232885171e-03-5.994689464e-03-4.440731288e-03-2.560309213e-03
-3.357093193e-04 2.257560756e-03 5.254276068e-03 8.705510383e-03 1.268549052e-02
 1.729247728e-02 2.260669421e-02 2.840762975e-02 3.332107394e-02 3.564785785e-02
 3.512630694e-02 3.314445950e-02 3.127611941e-02 2.986816454e-02 2.885414463e-02
 2.810114911e-02 2.746004986e-02 2.674697615e-02 2.568997017e-02 2.383548612e-02
 2.326964647e-02 2.591370861e-02 3.195220911e-02 3.880067920e-02 4.517260663e-02
 5.162816484e-02 5.874571776e-02 6.703667516e-02 7.232333585e-02 7.331290776e-02
 6.991706296e-02 6.673876326e-02 6.456999134e-02 6.297498878e-02 6.172390444e-02
 6.069224049e-02 5.980899995e-02 5.903148430e-02 5.833262282e-02 5.769433262e-02
 5.710389196e-02 5.655182277e-02 5.603056795e-02 5.553390127e-02 5.506073200e-02
 6.088542317e-04 1.393833386e-03 2.522498358e-03 4.020901196e-03 5.744174286e-03
 5.888769977e-03 4.000921778e-03 2.364895708e-03 8.602544829e-04-5.333666482e-04
-1.782625909e-03-2.814438217e-03-3.572499615e-03-4.023294852e-03-4.156055393e-03
-3.974867607e-03-3.489069716e-03-2.706613335e-03-1.631413466e-03-2.634314055e-04
 1.400006188e-03 3.362330690e-03 5.624946115e-03 8.182065747e-03 1.101030415e-02
 1.404878470e-02 1.716748181e-02 2.013704112e-02 2.263998788e-02 2.453653163e-02
 2.575612928e-02 2.636774308e-02 2.664260638e-02 2.680529626e-02 2.699346472e-02
 2.727564216e-02 2.768512387e-02 2.825524187e-02 2.906469620e-02 3.029371999e-02
 3.222098933e-02 3.506662293e-02 3.881388677e-02 4.320939597e-02 4.793483706e-02
 5.272716569e-02 5.732351400e-02 6.135115386e-02 6.435780130e-02 6.606756799e-02
 6.657841605e-02 6.628468998e-02 6.558975762e-02 6.474018872e-02 6.385474958e-02
 6.298598461e-02 6.215600671e-02 6.137286562e-02 6.063781331e-02 5.994869355e-02
 5.930164792e-02 5.869203811e-02 5.811497960e-02 5.756574059e-02 5.704401302e-02
 7.298576584e-04 1.663391020e-03 2.991616585e-03 4.731942199e-03 6.718317417e-03
 7.141962303e-03 5.637053885e-03 4.377030399e-03 3.249971946e-03 2.162973929e-03
 1.166955551e-03 3.025248857e-04-3.948869851e-04-8.972287164e-04-1.184625056e-03
-1.244471295e-03-1.069545671e-03-6.560810226e-04-2.487622340e-06 8.910292992e-04
 2.021922513e-03 3.383859932e-03 4.964326299e-03 6.741163699e-03 8.678170541e-03
 1.072070029e-02 1.279384707e-02 1.480780962e-02 1.667410226e-02 1.831488246e-02
 1.981174244e-02 2.113300823e-02 2.231415103e-02 2.344051287e-02 2.458956764e-02
 2.583480291e-02 2.724561986e-02 2.889061655e-02 3.084152552e-02 3.317122441e-02
 3.594025861e-02 3.917312095e-02 4.283357829e-02 4.681447914e-02 5.094547804e-02
 5.500967668e-02 5.876490405e-02 6.197547097e-02 6.445708223e-02 6.612268317e-02
 6.700477673e-02 6.723591387e-02 6.699562948e-02 6.645584035e-02 6.575064702e-02
 6.497143922e-02 6.417477107e-02 6.339277981e-02 6.264184534e-02 6.192869629e-02
 6.125440020e-02 6.061687241e-02 6.001241933e-02 5.943651553e-02 5.887581287e-02
 8.143805602e-04 1.851717804e-03 3.319766942e-03 5.230566175e-03 7.416569110e-03
 8.064379611e-03 6.759377850e-03 5.738608979e-03 4.802835879e-03 3.887799795e-03
 3.019091766e-03 2.225759829e-03 1.534668498e-03 9.693845795e-04 5.496350970e-04
 2.912427295e-04 2.064083340e-04 3.040974250e-04 5.903530102e-04 1.068218284e-03
 1.737333690e-03 2.593204291e-03 3.626223150e-03 4.820644316e-03 6.153865234e-03
 7.596578154e-03 9.114526986e-03 1.067214313e-02 1.223816400e-02 1.379193626e-02
 1.532498762e-02 1.684885003e-02 1.844240091e-02 2.009417205e-02 2.184297368e-02
 2.371342842e-02 2.581485054e-02 2.819474306e-02 3.091456817e-02 3.401231644e-02
 3.746668090e-02 4.129799169e-02 4.549840179e-02 5.001220491e-02 5.470889583e-02
 5.933985021e-02 6.353599296e-02 6.693854698e-02 6.932261428e-02 7.062089997e-02
 7.093662374e-02 7.054345238e-02 6.976613034e-02 6.883146978e-02 6.785973974e-02
 6.690928689e-02 6.600653342e-02 6.516127105e-02 6.437449575e-02 6.364262479e-02
 6.295985265e-02 6.231949006e-02 6.171473319e-02 6.113929990e-02 6.059553840e-02
 8.743718372e-04 1.985330831e-03 3.552224019e-03 5.582390313e-03 7.904861793e-03
 8.698012206e-03 7.529178555e-03 6.617943113e-03 5.789366947e-03 4.946831569e-03
 4.114383806e-03 3.315588332e-03 2.572781839e-03 1.906471400e-03 1.335029764e-03
 8.746279991e-04 5.393208662e-04 3.412726468e-04 2.908728414e-04 3.963012625e-04
 6.630421941e-04 1.093434286e-03 1.686275459e-03 2.436586840e-03 3.335736270e-03
 4.372242424e-03 5.533483178e-03 6.807195246e-03 8.183347761e-03 9.656197463e-03
 1.122609759e-02 1.290052521e-02 1.469502844e-02 1.664254987e-02 1.876794436e-02
 2.108918180e-02 2.366720702e-02 2.654787979e-02 2.977723782e-02 3.339229818e-02
 3.741345664e-02 4.189142772e-02 4.689415050e-02 5.250993419e-02 5.887526332e-02
 6.637560223e-02 7.322552667e-02 7.804420047e-02 8.060018560e-02 8.075076696e-02
 7.854114530e-02 7.528213030e-02 7.296742444e-02 7.115858185e-02 6.969449096e-02
 6.847789601e-02 6.744380996e-02 6.654695032e-02 6.575467463e-02 6.504270743e-02
 6.439247601e-02 6.378939066e-02 6.322167461e-02 6.267942309e-02 6.214854493e-02
 9.182557444e-04 2.083599407e-03 3.724424293e-03 5.844979307e-03 8.260801307e-03
 9.136650060e-03 8.073523614e-03 7.221252603e-03 6.410316424e-03 5.553662855e-03
 4.676991825e-03 3.802192793e-03 2.948720702e-03 2.134312254e-03 1.375355188e-03
 6.871316615e-04 8.409117232e-05-4.202977867e-04-8.086548095e-04-1.065349503e-03
-1.176916576e-03-1.132251148e-03-9.229422695e-04-5.437563480e-04 6.631067295e-06
 7.243854567e-04 1.611468656e-03 2.668836652e-03 3.896727993e-03 5.295807486e-03
 6.868860092e-03 8.622709424e-03 1.056797822e-02 1.271874765e-02 1.509271050e-02
 1.771144885e-02 2.060101548e-02 2.379146420e-02 2.731715122e-02 3.121924055e-02
 3.555137854e-02 4.038822579e-02 4.583656632e-02 5.205612368e-02 5.929277074e-02
 6.783620750e-02 7.555081430e-02 8.066201773e-02 8.320160378e-02 8.310097396e-02
 8.025976235e-02 7.639640927e-02 7.367058560e-02 7.169996331e-02 7.021671753e-02
 6.905888460e-02 6.812385060e-02 6.734393738e-02 6.667303521e-02 6.607889688e-02
 6.553849573e-02 6.503510660e-02 6.455635211e-02 6.409256020e-02 6.363494459e-02
 9.501199268e-04 2.156197491e-03 3.855393798e-03 6.054463726e-03 8.586275093e-03
 9.631478606e-03 8.703526205e-03 7.746533559e-03 6.809874431e-03 5.840253255e-03
 4.842202864e-03 3.827686205e-03 2.809419888e-03 1.800274098e-03 8.131024586e-04
-1.392573133e-04-1.042456748e-03-1.875204053e-03-2.616368828e-03-3.245347751e-03
-3.742328073e-03-4.088534446e-03-4.266483425e-03-4.260238766e-03-4.055630552e-03
-3.640333864e-03-3.003245691e-03-2.135735792e-03-1.033227185e-03 3.022812361e-04
 1.863764683e-03 3.661357006e-03 5.701165815e-03 7.987789451e-03 1.052801530e-02
 1.333037901e-02 1.640513300e-02 1.976458735e-02 2.342326406e-02 2.739938641e-02
 3.172325922e-02 3.646162900e-02 4.169937774e-02 4.745139489e-02 5.381151456e-02
 6.074934428e-02 6.712528814e-02 7.162962293e-02 7.408740468e-02 7.427900362e-02
 7.307151495e-02 7.185899719e-02 7.075354044e-02 6.983772363e-02 6.909531129e-02
 6.849053547e-02 6.798707707e-02 6.755408411e-02 6.716718532e-02 6.680790471e-02
 6.646269193e-02 6.612200004e-02 6.577957371e-02 6.543204943e-02 6.508040702e-02
 9.690262487e-04 2.199501455e-03 3.934190114e-03 6.181963846e-03 8.770159941e-03
 9.885375819e-03 9.058124328e-03 7.990491689e-03 6.927868980e-03 5.813570504e-03
 4.658069353e-03 3.466802603e-03 2.246982710e-03 1.007046383e-03-2.437543768e-04
-1.493057447e-03-2.718811226e-03-3.897692613e-03-5.005590987e-03-6.017854403e-03
-6.909552730e-03-7.655734534e-03-8.231683465e-03-8.613181400e-03-8.776787346e-03
-8.700150364e-03-8.362484087e-03-7.745242243e-03-6.833068756e-03-5.614893835e-03
-4.084761147e-03-2.242376633e-03-9.914965608e-05 2.314225329e-03 5.001260986e-03
 7.959850776e-03 1.118412112e-02 1.466723676e-02 1.840014167e-02 2.236883430e-02
 2.653079160e-02 3.106376858e-02 3.584615566e-02 4.077965635e-02 4.581641246e-02
 5.071583487e-02 5.517255257e-02 5.892957522e-02 6.183498964e-02 6.388809983e-02
 6.523403343e-02 6.608532729e-02 6.662618601e-02 6.697901165e-02 6.721477841e-02
 6.737109079e-02 6.746625214e-02 6.750841965e-02 6.750100905e-02 6.744566449e-02
 6.734377215e-02 6.719714515e-02 6.700824788e-02 6.678009715e-02 6.651266557e-02
 9.736288570e-04 2.209247761e-03 3.949685221e-03 6.201603836e-03 8.787799575e-03
 9.886308666e-03 9.018607380e-03 7.890673880e-03 6.719053416e-03 5.474520168e-03
 4.158387108e-03 2.776584664e-03 1.335325650e-03-1.588857724e-04-1.697397957e-03
-3.258759020e-03-4.819344538e-03-6.353811790e-03-7.835303823e-03-9.235713874e-03
-1.052594475e-02-1.167617286e-02-1.265612240e-02-1.343535981e-02-1.398362607e-02
-1.427123592e-02-1.426956815e-02-1.395173733e-02-1.329345487e-02-1.227412624e-02
-1.087827082e-02-9.097515522e-03-6.933079379e-03-4.398485836e-03-1.519855779e-03
 1.652606059e-03 5.079821916e-03 8.748398446e-03 1.263584816e-02 1.671508184e-02
 2.095258366e-02 2.534073940e-02 2.981716319e-02 3.441923793e-02 3.904447412e-02
 4.348443979e-02 4.762095521e-02 5.136588321e-02 5.465622489e-02 5.746988267e-02
 5.982554034e-02 6.177040885e-02 6.336326762e-02 6.466088570e-02 6.571120347e-02
 6.655199235e-02 6.721232292e-02 6.771484579e-02 6.807787773e-02 6.831695113e-02
 6.844581746e-02 6.847701920e-02 6.842216593e-02 6.829208211e-02 6.809918470e-02
 9.660242142e-04 2.190880717e-03 3.913990842e-03 6.139485415e-03 8.696626722e-03
 9.758699411e-03 8.776494648e-03 7.563763690e-03 6.287986766e-03 4.903905804e-03
 3.416867014e-03 1.832399778e-03 1.556288463e-04-1.608726843e-03-3.441221247e-03
-5.318760905e-03-7.215982069e-03-9.105375579e-03-1.095751538e-02-1.274129671e-02
-1.442419425e-02-1.597253360e-02-1.735177570e-02-1.852681894e-02-1.946233103e-02
-2.012313167e-02-2.047466258e-02-2.048357845e-02-2.011852152e-02-1.935114475e-02
-1.815745721e-02-1.651955394e-02-1.442787903e-02-1.188392944e-02-8.903799383e-03
-5.522125765e-03-1.794466569e-03 2.193797179e-03 6.379948726e-03 1.073665947e-02
 1.523081194e-02 1.982635111e-02 2.448416235e-02 2.915985792e-02 3.378803670e-02
 3.829019258e-02 4.259253975e-02 4.663185067e-02 5.035882871e-02 5.374051053e-02
 5.676067021e-02 5.941787242e-02 6.172197058e-02 6.369031267e-02 6.534461740e-02
 6.670885890e-02 6.780801034e-02 6.866731584e-02 6.931180295e-02 6.976587274e-02
 7.005291453e-02 7.019495504e-02 7.021237095e-02 7.012366280e-02 6.994449073e-02
 9.500206107e-04 2.153645975e-03 3.845184772e-03 6.026946754e-03 8.514028228e-03
 9.474895084e-03 8.440293633e-03 7.139333836e-03 5.730025853e-03 4.187221751e-03
 2.514629500e-03 7.151384537e-04-1.208741215e-03-3.243766897e-03-5.367972422e-03
-7.556732065e-03-9.782834775e-03-1.201667602e-02-1.422647356e-02-1.637851924e-02
-1.843745166e-02-2.036654163e-02-2.212798411e-02-2.368319563e-02-2.499312229e-02
-2.601857278e-02-2.672060062e-02-2.706097648e-02-2.700280201e-02-2.651133512e-02
-2.555511471e-02-2.410749150e-02-2.214864927e-02-1.966824008e-02-1.666860811e-02
-1.316880404e-02-9.209325910e-03-4.857296812e-03-2.089081457e-04 4.598128975e-03
 9.530018738e-03 1.455011365e-02 1.961831550e-02 2.468986656e-02 2.971466442e-02
 3.463829844e-02 3.940461213e-02 4.395866460e-02 4.824945674e-02 5.223229010e-02
 5.587071411e-02 5.913799990e-02 6.201808302e-02 6.450592224e-02 6.660721724e-02
 6.833744963e-02 6.972028674e-02 7.078550082e-02 7.156665659e-02 7.209885798e-02
 7.241680349e-02 7.255330321e-02 7.253830032e-02 7.239833840e-02 7.215617971e-02
 9.290135545e-04 2.105330979e-03 3.757270508e-03 5.885942578e-03 8.312389061e-03
 9.206218369e-03 8.055262190e-03 6.647854162e-03 5.093567046e-03 3.383583814e-03
 1.518392869e-03-5.015308267e-04-2.671177803e-03-4.970735695e-03-7.377148245e-03
-9.864318691e-03-1.240331475e-02-1.496259289e-02-1.750826184e-02-2.000437173e-02
-2.241321884e-02-2.469565427e-02-2.681138571e-02-2.871926531e-02-3.037756275e-02
-3.174423086e-02-3.277718318e-02-3.343461581e-02-3.367542414e-02-3.345978394e-02
-3.274998750e-02-3.151164573e-02-2.971539435e-02-2.733924176e-02-2.437172841e-02
-2.081596224e-02-1.669454857e-02-1.205538173e-02-6.978408822e-03-1.582447078e-03
 3.974197735e-03 9.616664383e-03 1.531315430e-02 2.102715743e-02 2.671649630e-02
 3.233289126e-02 3.782192970e-02 4.312364896e-02 4.817396172e-02 5.290722593e-02
 5.726015531e-02 6.117689898e-02 6.461457868e-02 6.754811713e-02 6.997310932e-02
 7.190589616e-02 7.338076153e-02 7.444497904e-02 7.515294950e-02 7.556070114e-02
 7.572163066e-02 7.568380486e-02 7.548868789e-02 7.517097461e-02 7.476123717e-02
 9.055189008e-04 2.051585227e-03 3.660160358e-03 5.731454593e-03 8.083257950e-03
 8.882897099e-03 7.631464967e-03 6.117023364e-03 4.417813258e-03 2.540204985e-03
 4.833107733e-04-1.754308467e-03-4.158890217e-03-6.709379995e-03-9.381355323e-03
-1.214717980e-02-1.497621863e-02-1.783510668e-02-2.068805375e-02-2.349717588e-02
-2.622283658e-02-2.882398164e-02-3.125845126e-02-3.348325693e-02-3.545481586e-02
-3.712914403e-02-3.846202049e-02-3.940915006e-02-3.992636912e-02-3.996996081e-02
-3.949717143e-02-3.846704787e-02-3.684174433e-02-3.458847759e-02-3.168232107e-02
-2.811004856e-02-2.387519577e-02-1.900439147e-02-1.355472187e-02-7.621828656e-03
-1.348738874e-03 5.071120902e-03 1.157178802e-02 1.812958351e-02 2.471287836e-02
 3.127956334e-02 3.777422707e-02 4.412524431e-02 5.024289961e-02 5.602045824e-02
 6.134043844e-02 6.608723931e-02 7.016439743e-02 7.351164557e-02 7.611602498e-02
 7.801319007e-02 7.927851353e-02 8.001124932e-02 8.031731831e-02 8.029579444e-02
 8.003132255e-02 7.959180424e-02 7.902938934e-02 7.838288375e-02 7.767696743e-02
 8.813281039e-04 1.996418712e-03 3.560894079e-03 5.574356651e-03 7.848920944e-03
 8.550785708e-03 7.228491507e-03 5.577524722e-03 3.736936541e-03 1.697011118e-03
-5.449326927e-04-2.986792851e-03-5.610002803e-03-8.392275087e-03-1.130776868e-02
-1.432729307e-02-1.741856804e-02-2.054653410e-02-2.367370372e-02-2.676053611e-02
-2.976581607e-02-3.264701524e-02-3.536061490e-02-3.786237207e-02-4.010751627e-02
-4.205087225e-02-4.364691539e-02-4.484978025e-02-4.561326141e-02-4.589086707e-02
-4.563601317e-02-4.480247722e-02-4.334526859e-02-4.122211103e-02-3.839577462e-02
-3.483751839e-02-3.053190995e-02-2.548324763e-02-1.972370515e-02-1.332299235e-02
-6.398682801e-03 8.725792787e-04 8.283115802e-03 1.582927379e-02 2.350028491e-02
 3.127451056e-02 3.911182190e-02 4.694215041e-02 5.465000999e-02 6.205875904e-02
 6.892719618e-02 7.497750466e-02 7.995753062e-02 8.370855454e-02 8.620670663e-02
 8.756684873e-02 8.800707825e-02 8.778353607e-02 8.712757856e-02 8.621475365e-02
 8.516433259e-02 8.405199348e-02 8.292349667e-02 8.180531554e-02 8.071399708e-02
 8.577057997e-04 1.942635618e-03 3.464302644e-03 5.421888832e-03 7.639495293e-03
 8.282789997e-03 6.806547357e-03 5.055613504e-03 3.081866990e-03 8.894363077e-04
-1.525336908e-03-4.153270171e-03-6.974486965e-03-9.965337362e-03-1.309853343e-02
-1.634337008e-02-1.966601816e-02-2.302987745e-02-2.639597257e-02-2.972337078e-02
-3.296959767e-02-3.609102466e-02-3.904320302e-02-4.178112165e-02-4.425937120e-02
-4.643220522e-02-4.825349935e-02-4.967662389e-02-5.065426188e-02-5.113822690e-02
-5.107936118e-02-5.042762826e-02-4.913255419e-02-4.714421956e-02-4.441505649e-02
-4.090275835e-02-3.657464806e-02-3.141385246e-02-2.542755511e-02-1.865742933e-02
-1.119204445e-02-3.179999345e-03 5.156920327e-03 1.373198074e-02 2.257851324e-02
 3.173028091e-02 4.121688135e-02 5.105113800e-02 6.119716775e-02 7.148926056e-02
 8.145324130e-02 9.020411350e-02 9.688034209e-02 1.010325810e-01 1.026114190e-01
 1.020049606e-01 1.000328484e-01 9.754835950e-02 9.502265087e-02 9.263690145e-02
 9.044571395e-02 8.845303083e-02 8.664330501e-02 8.499473966e-02 8.348501521e-02
 8.355989367e-04 1.892348363e-03 3.374080459e-03 5.279554528e-03 7.420293480e-03
 7.961424145e-03 6.441194950e-03 4.572628898e-03 2.476692266e-03 1.460286503e-04
-2.423937304e-03-5.217323806e-03-8.213280021e-03-1.138697185e-02-1.470980080e-02
-1.814968562e-02-2.167140913e-02-2.523702182e-02-2.880628563e-02-3.233713531e-02
-3.578613058e-02-3.910886991e-02-4.226033744e-02-4.519515675e-02-4.786773089e-02
-5.023225529e-02-5.224260113e-02-5.385207935e-02-5.501311229e-02-5.567686026e-02
-5.579287628e-02-5.530889469e-02-5.417090067e-02-5.232367818e-02-4.971209426e-02
-4.628344289e-02-4.199123314e-02-3.680084326e-02-3.069744043e-02-2.369642076e-02
-1.585627481e-02-7.293288797e-03 1.803841283e-03 1.123860564e-02 2.108686652e-02
 3.145106811e-02 4.247286750e-02 5.435277023e-02 6.738602022e-02 8.204886467e-02
 9.935025542e-02 1.144900531e-01 1.245854035e-01 1.290504884e-01 1.277021273e-01
 1.214920770e-01 1.129330722e-01 1.066398456e-01 1.017221923e-01 9.776023386e-02
 9.449445363e-02 9.174867326e-02 8.939829141e-02 8.735295607e-02 8.554476534e-02
 8.157565086e-04 1.847240505e-03 3.293210196e-03 5.152136716e-03 7.237712835e-03
 7.716150391e-03 6.106974534e-03 4.142075964e-03 1.938081230e-03-5.149816095e-04
-3.217962496e-03-6.152983357e-03-9.298012767e-03-1.262700023e-02-1.611010021e-02
-1.971397918e-02-2.340219808e-02-2.713565628e-02-3.087307655e-02-3.457150512e-02
-3.818679712e-02-4.167405555e-02-4.498799245e-02-4.808318397e-02-5.091419609e-02
-5.343556571e-02-5.560163193e-02-5.736622479e-02-5.868223452e-02-5.950110373e-02
-5.977230938e-02-5.944293274e-02-5.845745612e-02-5.675797642e-02-5.428508894e-02
-5.097976863e-02-4.678665211e-02-4.165918535e-02-3.556711478e-02-2.850671114e-02
-2.051384266e-02-1.167941544e-02-2.165831111e-03 7.779213422e-03 1.815718965e-02
 2.908803404e-02 4.074344803e-02 5.337664865e-02 6.737394924e-02 8.334405463e-02
 1.026831013e-01 1.181120715e-01 1.327756084e-01 1.356250270e-01 1.333942073e-01
 1.260667473e-01 1.160868855e-01 1.089331366e-01 1.034884324e-01 9.921290380e-02
 9.575877331e-02 9.289733890e-02 9.047370861e-02 8.838000365e-02 8.654169501e-02
 7.987666876e-04 1.808638906e-03 3.224049210e-03 5.043262662e-03 7.086182223e-03
 7.516858210e-03 5.804013756e-03 3.775548453e-03 1.480793213e-03-1.075077496e-03
-3.888387444e-03-6.940345894e-03-1.020792387e-02-1.366402106e-02-1.727771951e-02
-2.101462303e-02-2.483727496e-02-2.870563903e-02-3.257762103e-02-3.640960325e-02
-4.015695979e-02-4.377451896e-02-4.721693998e-02-5.043897396e-02-5.339558512e-02
-5.604191566e-02-5.833308821e-02-6.022385182e-02-6.166809259e-02-6.261824876e-02
-6.302469314e-02-6.283517654e-02-6.199446472e-02-6.044435294e-02-5.812430691e-02
-5.497305666e-02-5.093155628e-02-4.594780229e-02-3.998404903e-02-3.302691919e-02
-2.510070586e-02-1.628371133e-02-6.726626659e-03 3.329003497e-03 1.368786845e-02
 2.441215150e-02 3.557813214e-02 4.727521862e-02 5.959485590e-02 7.257985459e-02
 8.586817852e-02 9.743414821e-02 1.064660606e-01 1.117926026e-01 1.129869641e-01
 1.106624942e-01 1.065802131e-01 1.027104087e-01 9.933851603e-02 9.642928930e-02
 9.390905418e-02 9.170524267e-02 8.975553721e-02 8.800911533e-02 8.642227474e-02
 7.850728334e-04 1.777542159e-03 3.168368049e-03 4.955614278e-03 6.949065651e-03
 7.311621486e-03 5.593836505e-03 3.482775278e-03 1.115303067e-03-1.521872780e-03
-4.422007485e-03-7.565591325e-03-1.092880069e-02-1.448369697e-02-1.819850841e-02
-2.203799955e-02-2.596392066e-02-2.993552064e-02-3.391010000e-02-3.784357439e-02
-4.169101549e-02-4.540713429e-02-4.894667300e-02-5.226467513e-02-5.531660914e-02
-5.805832938e-02-6.044586797e-02-6.243506368e-02-6.398104883e-02-6.503763286e-02
-6.555664451e-02-6.548732339e-02-6.477589038e-02-6.336547661e-02-6.119665480e-02
-5.820889541e-02-5.434335877e-02-4.954752028e-02-4.378218205e-02-3.703140238e-02
-2.931569694e-02-2.070842562e-02-1.135447112e-02-1.488975453e-03 8.549247329e-03
 1.869285331e-02 2.891950763e-02 3.917597121e-02 4.935152635e-02 5.923975030e-02
 6.850784315e-02 7.672936879e-02 8.349526285e-02 8.852406280e-02 9.174945740e-02
 9.336166769e-02 9.374965128e-02 9.335010438e-02 9.250773979e-02 9.144107953e-02
 9.027422383e-02 8.907401379e-02 8.787508365e-02 8.669452598e-02 8.554175262e-02
 7.749887850e-04 1.754652699e-03 3.127404038e-03 4.891252408e-03 6.865891537e-03
 7.215619906e-03 5.413375117e-03 3.267904584e-03 8.483113154e-04-1.847670076e-03
-4.810414659e-03-8.019860038e-03-1.145159317e-02-1.507705925e-02-1.886386362e-02
-2.277616414e-02-2.677514462e-02-3.081955227e-02-3.486627454e-02-3.887092480e-02
-4.278840294e-02-4.657339522e-02-5.018077914e-02-5.356590278e-02-5.668471426e-02
-5.949372530e-02-6.194980320e-02-6.400979804e-02-6.563002639e-02-6.676565086e-02
-6.737001690e-02-6.739403686e-02-6.678574883e-02-6.549022644e-02-6.345007837e-02
-6.060685249e-02-5.690374596e-02-5.229010649e-02-4.672826553e-02-4.020322465e-02
-3.273554857e-02-2.439740446e-02-1.533091838e-02-5.766852881e-03 3.959532707e-03
 1.358966172e-02 2.307306380e-02 3.233382171e-02 4.126549744e-02 4.972936226e-02
 5.756082812e-02 6.458788066e-02 7.065973770e-02 7.567758536e-02 7.961701284e-02
 8.253347135e-02 8.454738530e-02 8.581451660e-02 8.649449660e-02 8.672909975e-02
 8.663336049e-02 8.629577045e-02 8.578253156e-02 8.514260553e-02 8.441293717e-02
 7.687201056e-04 1.740424704e-03 3.101942976e-03 4.851208249e-03 6.801085425e-03
 7.116362990e-03 5.314093338e-03 3.135525197e-03 6.838841042e-04-2.047837996e-03
-5.048544517e-03-8.297838935e-03-1.177094015e-02-1.543890875e-02-1.926896384e-02
-2.322489032e-02-2.726752767e-02-3.135532271e-02-3.544492123e-02-3.949176761e-02
-4.345067774e-02-4.727634941e-02-5.092377584e-02-5.434853160e-02-5.750690708e-02
-6.035587585e-02-6.285288970e-02-6.495550903e-02-6.662089028e-02-6.780517028e-02
-6.846280907e-02-6.854598069e-02-6.800413811e-02-6.678392544e-02-6.482967105e-02
-6.208476787e-02-5.849432836e-02-5.400957838e-02-4.859449973e-02-4.223519799e-02
-3.495228713e-02-2.681614509e-02-1.796409688e-02-8.617345386e-03 9.062457073e-04
 1.023170242e-02 1.930648819e-02 2.806297244e-02 3.641946219e-02 4.428355040e-02
 5.155852125e-02 5.815272504e-02 6.399067450e-02 6.902353909e-02 7.323633897e-02
 7.664978560e-02 7.931625033e-02 8.131118574e-02 8.272260851e-02 8.364134514e-02
 8.415377310e-02 8.433751140e-02 8.425961294e-02 8.397642493e-02 8.353229175e-02
 7.663952665e-04 1.735140040e-03 3.092462321e-03 4.836231694e-03 6.776980164e-03
 7.078965929e-03 5.280631212e-03 3.086776295e-03 6.241618298e-04-2.119828438e-03
-5.133621622e-03-8.396662171e-03-1.188401232e-02-1.556657957e-02-1.941143503e-02
-2.338222422e-02-2.743966038e-02-3.154208221e-02-3.564605048e-02-3.970695226e-02
-4.367957800e-02-4.751863538e-02-5.117916548e-02-5.461683073e-02-5.778805080e-02
-6.064997082e-02-6.316025726e-02-6.527672895e-02-6.695684553e-02-6.815709308e-02
-6.883232859e-02-6.893517242e-02-6.841557426e-02-6.722072448e-02-6.529554204e-02
-6.258404141e-02-5.903196013e-02-5.459110180e-02-4.922589099e-02-4.292259806e-02
-3.570150122e-02-2.763181292e-02-1.884840499e-02-9.568162210e-03-1.022494551e-04
 9.140828035e-03 1.810578941e-02 2.672963775e-02 3.493922996e-02 4.265506955e-02
 4.979696000e-02 5.629115189e-02 6.207804487e-02 6.711907164e-02 7.140132252e-02
 7.493887283e-02 7.777055788e-02 7.995482511e-02 8.156293889e-02 8.267199135e-02
 8.335888879e-02 8.369594675e-02 8.374820100e-02 8.357226311e-02 8.321961681e-02
 7.680869256e-04 1.738971527e-03 3.099297727e-03 4.846970597e-03 6.804429315e-03
 7.134991951e-03 5.287516891e-03 3.122916867e-03 6.706214117e-04-2.062361877e-03
-5.064482560e-03-8.315253289e-03-1.178982421e-02-1.545919906e-02-1.929054879e-02
-2.324761764e-02-2.729121174e-02-3.137975208e-02-3.546986645e-02-3.951698914e-02
-4.347593380e-02-4.730140330e-02-5.094840238e-02-5.437252233e-02-5.753007367e-02
-6.037805134e-02-6.287392707e-02-6.497527643e-02-6.663926232e-02-6.782201437e-02
-6.847796569e-02-6.855923604e-02-6.801518716e-02-6.679232321e-02-6.483476944e-02
-6.208563564e-02-5.848965261e-02-5.399754798e-02-4.857267544e-02-4.220038148e-02
-3.490041330e-02-2.674223944e-02-1.786236148e-02-8.481467149e-03 1.082244930e-03
 1.045569690e-02 1.958597945e-02 2.840424254e-02 3.682611231e-02 4.475482614e-02
 5.208786622e-02 5.872714617e-02 6.459139406e-02 6.962803445e-02 7.382138043e-02
 7.719468236e-02 7.980539504e-02 8.173525311e-02 8.307830783e-02 8.393013695e-02
 8.438016057e-02 8.450739223e-02 8.437891292e-02 8.404998672e-02 8.356088245e-02
 7.737864266e-04 1.751908444e-03 3.122454240e-03 4.883348835e-03 6.844483046e-03
 7.169377088e-03 5.404610064e-03 3.245597207e-03 8.231667811e-04-1.875826617e-03
-4.841695307e-03-8.054290758e-03-1.148910638e-02-1.511749714e-02-1.890698493e-02
-2.282165342e-02-2.682262370e-02-3.086859358e-02-3.491641569e-02-3.892168406e-02
-4.283929476e-02-4.662394513e-02-5.023053721e-02-5.361445481e-02-5.673168989e-02
-5.953880212e-02-6.199270601e-02-6.405029217e-02-6.566790378e-02-6.680070729e-02
-6.740201810e-02-6.742267074e-02-6.681056001e-02-6.551052860e-02-6.346483888e-02
-6.061454360e-02-5.690215733e-02-5.227611639e-02-4.669757399e-02-4.015006342e-02
-3.265240276e-02-2.427481186e-02-1.515746353e-02-5.529511003e-03 4.275308785e-03
 1.400198912e-02 2.360218091e-02 3.300008009e-02 4.208556060e-02 5.071035909e-02
 5.869370845e-02 6.584296076e-02 7.198734500e-02 7.701454592e-02 8.089762228e-02
 8.370182245e-02 8.556658936e-02 8.666929852e-02 8.718732688e-02 8.727339220e-02
 8.704726217e-02 8.659798591e-02 8.599005140e-02 8.526975520e-02 8.447232152e-02
 7.833767454e-04 1.773684985e-03 3.161448322e-03 4.944733121e-03 6.938855204e-03
 7.308829213e-03 5.557152777e-03 3.450835270e-03 1.079308262e-03-1.562791111e-03
-4.467948522e-03-7.616533949e-03-1.098460199e-02-1.454409257e-02-1.826311808e-02
-2.210633776e-02-2.603541121e-02-3.000951496e-02-3.398589805e-02-3.792044739e-02
-4.176822926e-02-4.548397229e-02-4.902245772e-02-5.233878678e-02-5.538850052e-02
-5.812753572e-02-6.051201059e-02-6.249784624e-02-6.404024442e-02-6.509306008e-02
-6.560812961e-02-6.553464493e-02-6.481870145e-02-6.340319826e-02-6.122833283e-02
-5.823301143e-02-5.435758557e-02-4.954841266e-02-4.376479775e-02-3.698885506e-02
-2.923865536e-02-2.058459575e-02-1.116810884e-02-1.220614156e-03 8.919447911e-03
 1.919643801e-02 2.959766721e-02 4.008118864e-02 5.054551465e-02 6.078004631e-02
 7.041420756e-02 7.895002979e-02 8.591073063e-02 9.096533939e-02 9.403163559e-02
 9.533584990e-02 9.534743806e-02 9.458620172e-02 9.343757388e-02 9.212503045e-02
 9.076412523e-02 8.941085740e-02 8.809022396e-02 8.681158006e-02 8.557919455e-02
 7.966351542e-04 1.803800182e-03 3.215391029e-03 5.029647160e-03 7.063895716e-03
 7.482921009e-03 5.778136925e-03 3.735697951e-03 1.434697423e-03-1.128077479e-03
-3.948404407e-03-7.007337670e-03-1.028168882e-02-1.374419794e-02-1.736379437e-02
-2.110594226e-02-2.493306385e-02-2.880502513e-02-3.267966128e-02-3.651331394e-02
-4.026134800e-02-4.387861417e-02-4.731982445e-02-5.053981048e-02-5.349364079e-02
-5.613658057e-02-5.842388766e-02-6.031045080e-02-6.175029106e-02-6.269596568e-02
-6.309793674e-02-6.290399702e-02-6.205888459e-02-6.050426841e-02-5.817935213e-02
-5.502242121e-02-5.097374534e-02-4.598033005e-02-4.000305863e-02-3.302673095e-02
-2.507330981e-02-1.621822074e-02-6.608762731e-03 3.517768934e-03 1.396854417e-02
 2.481640327e-02 3.615542733e-02 4.810499272e-02 6.081195327e-02 7.444593775e-02
 8.893956687e-02 1.011799505e-01 1.109697583e-01 1.164022112e-01 1.170798241e-01
 1.137482724e-01 1.084489691e-01 1.039252167e-01 1.001492721e-01 9.696805604e-02
 9.425550324e-02 9.191040337e-02 8.985331907e-02 8.802260173e-02 8.636552773e-02
 8.132299173e-04 1.841509884e-03 3.282968746e-03 5.136042109e-03 7.211101638e-03
 7.671918803e-03 6.069048660e-03 4.094462444e-03 1.882469611e-03-5.794639764e-04
-3.291506704e-03-6.235574533e-03-9.389416812e-03-1.272677453e-02-1.621760662e-02
-1.982840135e-02-2.352256415e-02-2.726086692e-02-3.100193781e-02-3.470276517e-02
-3.831918537e-02-4.180632286e-02-4.511895079e-02-4.821174403e-02-5.103940148e-02
-5.355662254e-02-5.571793254e-02-5.747736461e-02-5.878802095e-02-5.960155552e-02
-5.986764458e-02-5.953354243e-02-5.854386007e-02-5.684075560e-02-5.436478864e-02
-5.105676521e-02-4.686097669e-02-4.173030117e-02-3.563365305e-02-2.856618093e-02
-2.056234288e-02-1.171146128e-02-2.174290054e-03 7.801417039e-03 1.821186758e-02
 2.918045765e-02 4.088393174e-02 5.358342792e-02 6.767659135e-02 8.377695741e-02
 1.026586934e-01 1.191659255e-01 1.301878504e-01 1.350964655e-01 1.334550432e-01
 1.261776011e-01 1.164456732e-01 1.091443475e-01 1.035877881e-01 9.923014927e-02
 9.571354743e-02 9.280231234e-02 9.033716820e-02 8.820750764e-02 8.633897273e-02
 8.327056421e-04 1.885788728e-03 3.362364661e-03 5.261221686e-03 7.405070523e-03
 7.958749345e-03 6.378273761e-03 4.517380502e-03 2.412243248e-03 7.107122176e-05
-2.510286329e-03-5.314981875e-03-8.321940108e-03-1.150609663e-02-1.483862616e-02
-1.828723385e-02-2.181651089e-02-2.538834591e-02-2.896237539e-02-3.249645045e-02
-3.594709259e-02-3.926990975e-02-4.241994357e-02-4.535192202e-02-4.802039679e-02
-5.037975251e-02-5.238408531e-02-5.398696145e-02-5.514108280e-02-5.579790668e-02
-5.590729273e-02-5.541728230e-02-5.427415639e-02-5.242296903e-02-4.980881330e-02
-4.637914382e-02-4.208754264e-02-3.689935440e-02-3.079959544e-02-2.380341569e-02
-1.596907515e-02-7.412669056e-03 1.676715834e-03 1.109006578e-02 2.089644623e-02
 3.119022832e-02 4.209948968e-02 5.380089189e-02 6.654658401e-02 8.073852075e-02
 9.767043621e-02 1.131244668e-01 1.238937426e-01 1.265924956e-01 1.251143410e-01
 1.195023022e-01 1.114562351e-01 1.056092371e-01 1.009588845e-01 9.715981247e-02
 9.399478837e-02 9.131130075e-02 8.899847011e-02 8.697414634e-02 8.517388442e-02
 8.544673326e-04 1.935294003e-03 3.451192733e-03 5.401301013e-03 7.598451199e-03
 8.209417384e-03 6.768774131e-03 4.993936978e-03 3.008794527e-03 8.040712284e-04
-1.624240621e-03-4.265662980e-03-7.100058586e-03-1.010350025e-02-1.324842565e-02
-1.650386887e-02-1.983576315e-02-2.320730214e-02-2.657934328e-02-2.991083187e-02
-3.315922137e-02-3.628086390e-02-3.923134546e-02-4.196574333e-02-4.443878830e-02
-4.660492289e-02-4.841825680e-02-4.983243543e-02-5.080045383e-02-5.127447043e-02
-5.120570135e-02-5.054450880e-02-4.924083790e-02-4.724520305e-02-4.451047901e-02
-4.099480292e-02-3.666593402e-02-3.150742675e-02-2.552691589e-02-1.876660126e-02
-1.131562893e-02-3.323930742e-03 4.985264800e-03 1.350787985e-02 2.227149542e-02
 3.130069705e-02 4.061159518e-02 5.019741832e-02 5.999542382e-02 6.981376069e-02
 7.920510254e-02 8.743742538e-02 9.380793800e-02 9.792202861e-02 9.973783333e-02
 9.958772962e-02 9.813188169e-02 9.607627697e-02 9.386548251e-02 9.170404931e-02
 8.967161332e-02 8.779086955e-02 8.605946826e-02 8.446481156e-02 8.299166943e-02
 8.777626506e-04 1.988337028e-03 3.546465610e-03 5.551749860e-03 7.818022421e-03
 8.512458078e-03 7.164977121e-03 5.508399520e-03 3.655354463e-03 1.601424948e-03
-6.559521867e-04-3.113396465e-03-5.751932994e-03-8.548921125e-03-1.147818598e-02
-1.451022210e-02-1.761245800e-02-2.074957487e-02-2.388386517e-02-2.697561402e-02
-2.998348310e-02-3.286487531e-02-3.557625916e-02-3.807343474e-02-4.031172887e-02
-4.224611526e-02-4.383126653e-02-4.502155975e-02-4.577107459e-02-4.603364556e-02
-4.576305631e-02-4.491349574e-02-4.344043190e-02-4.130210003e-02-3.846183789e-02
-3.489153586e-02-3.057647321e-02-2.552175461e-02-1.976040739e-02-1.336304987e-02
-6.448731328e-03 8.057468767e-04 8.182800412e-03 1.567230146e-02 2.325962980e-02
 3.091906230e-02 3.860658298e-02 4.624980836e-02 5.373538333e-02 6.089786726e-02
 6.752050967e-02 7.336111682e-02 7.820311388e-02 8.191024391e-02 8.446085412e-02
 8.595124024e-02 8.656668233e-02 8.652922629e-02 8.604617163e-02 8.528152850e-02
 8.435185756e-02 8.333460696e-02 8.227897724e-02 8.121516720e-02 8.016439799e-02
 9.016348425e-04 2.042791454e-03 3.644487561e-03 5.706954656e-03 8.054161727e-03
 8.852857297e-03 7.569601917e-03 6.040860327e-03 4.327722223e-03 2.434878013e-03
 3.613454131e-04-1.894182717e-03-4.316293594e-03-6.883617405e-03-9.571376324e-03
-1.235157399e-02-1.519323268e-02-1.806267067e-02-2.092381679e-02-2.373854870e-02
-2.646703948e-02-2.906809565e-02-3.149947064e-02-3.371814118e-02-3.568053943e-02
-3.734274291e-02-3.866063529e-02-3.959006588e-02-4.008705397e-02-4.010810538e-02
-3.961073395e-02-3.855430831e-02-3.690137590e-02-3.461964085e-02-3.168479979e-02
-2.808441795e-02-2.382299176e-02-1.892828802e-02-1.345894514e-02-7.512610586e-03
-1.232946335e-03 5.180455126e-03 1.165654096e-02 1.817013986e-02 2.468796708e-02
 3.116717145e-02 3.755296908e-02 4.377633421e-02 4.975282133e-02 5.538412495e-02
 6.056409218e-02 6.518986771e-02 6.917656031e-02 7.247149216e-02 7.506343390e-02
 7.698371696e-02 7.829889438e-02 7.909754468e-02 7.947564671e-02 7.952466246e-02
 7.932435533e-02 7.894008104e-02 7.842310063e-02 7.781230873e-02 7.713051563e-02
 9.247790790e-04 2.095763532e-03 3.740270979e-03 5.859424011e-03 8.266848544e-03
 9.129518005e-03 7.990416131e-03 6.563397864e-03 4.994495754e-03 3.268292286e-03
 1.385287235e-03-6.541408266e-04-2.843199324e-03-5.161507995e-03-7.585542856e-03
-1.008878104e-02-1.264188067e-02-1.521291656e-02-1.776764802e-02-2.026981331e-02
-2.268143848e-02-2.496314810e-02-2.707446715e-02-2.897410697e-02-3.062023457e-02
-3.197073339e-02-3.298347522e-02-3.361663794e-02-3.382912066e-02-3.358112767e-02
-3.283501575e-02-3.155652269e-02-2.971650794e-02-2.729335978e-02-2.427618888e-02
-2.066897226e-02-1.649572641e-02-1.180648711e-02-6.683290155e-03-1.246766036e-03
 4.335510910e-03 9.989885013e-03 1.568119730e-02 2.137065774e-02 2.701532477e-02
 3.256762772e-02 3.797528113e-02 4.318173693e-02 4.812747868e-02 5.275240768e-02
 5.699939335e-02 6.081874414e-02 6.417294959e-02 6.704072325e-02 6.941934190e-02
 7.132461576e-02 7.278843641e-02 7.385449494e-02 7.457318479e-02 7.499674579e-02
 7.517540846e-02 7.515485193e-02 7.497490727e-02 7.466931297e-02 7.427003597e-02
 9.453260345e-04 2.143066057e-03 3.826454907e-03 5.997940620e-03 8.480784305e-03
 9.446344205e-03 8.358438434e-03 7.046044924e-03 5.622025387e-03 4.062070838e-03
 2.370824082e-03 5.512098324e-04-1.394129829e-03-3.449728841e-03-5.593215951e-03
-7.799485756e-03-1.004087867e-02-1.228735397e-02-1.450671711e-02-1.666487594e-02
-1.872611703e-02-2.065339209e-02-2.240860858e-02-2.395292304e-02-2.524704276e-02
-2.625155082e-02-2.692728166e-02-2.723578593e-02-2.713994107e-02-2.660478169e-02
-2.559863748e-02-2.409467798e-02-2.207299593e-02-1.952331515e-02-1.644850619e-02
-1.286874557e-02-8.826027112e-03-4.389405665e-03 3.393024546e-04 5.218634963e-03
 1.021298031e-02 1.527925180e-02 2.037117764e-02 2.543977503e-02 3.043450433e-02
 3.530407365e-02 3.999703809e-02 4.446324303e-02 4.865615698e-02 5.253539413e-02
 5.606880603e-02 5.923386037e-02 6.201828535e-02 6.442006748e-02 6.644688816e-02
 6.811505313e-02 6.944797223e-02 7.047430238e-02 7.122593491e-02 7.173604418e-02
 7.203739328e-02 7.216102400e-02 7.213537312e-02 7.198574850e-02 7.173308076e-02
 9.606462420e-04 2.178789262e-03 3.892672377e-03 6.106623502e-03 8.643057377e-03
 9.675943214e-03 8.701031929e-03 7.467442486e-03 6.170693475e-03 4.768188683e-03
 3.261517491e-03 1.656285565e-03-4.248827004e-05-1.828960937e-03-3.681960119e-03
-5.577988146e-03-7.491184008e-03-9.393558002e-03-1.125521340e-02-1.304459578e-02
-1.472875449e-02-1.627361428e-02-1.764425617e-02-1.880521364e-02-1.972079627e-02
-2.035546326e-02-2.067427592e-02-2.064348041e-02-2.023127431e-02-1.940882371e-02
-1.815162406e-02-1.644132072e-02-1.426799572e-02-1.163302548e-02-8.552204067e-03
-5.060006864e-03-1.213945778e-03 2.893230566e-03 7.209650302e-03 1.169976130e-02
 1.632473839e-02 2.103605068e-02 2.577325395e-02 3.046445829e-02 3.505010607e-02
 3.947760858e-02 4.368817107e-02 4.762394865e-02 5.123748735e-02 5.449773500e-02
 5.739162142e-02 5.992189479e-02 6.210282126e-02 6.395558634e-02 6.550466923e-02
 6.677557886e-02 6.779370630e-02 6.858383611e-02 6.916993271e-02 6.957498243e-02
 6.982081289e-02 6.992789295e-02 6.991514600e-02 6.979977701e-02 6.959641139e-02
 9.672274530e-04 2.194819843e-03 3.924185007e-03 6.162277264e-03 8.731076789e-03
 9.808202691e-03 8.928345722e-03 7.772734510e-03 6.589292102e-03 5.324606701e-03
 3.988364919e-03 2.585999721e-03 1.123377925e-03-3.932993319e-04-1.952829921e-03
-3.532944058e-03-5.109487234e-03-6.656546773e-03-8.146735159e-03-9.551444089e-03
-1.084110325e-02-1.198543943e-02-1.295374495e-02-1.371516383e-02-1.423901316e-02
-1.449516659e-02-1.445455467e-02-1.408981292e-02-1.337613873e-02-1.229241438e-02
-1.082262876e-02-8.957663669e-03-6.697870059e-03-4.055522444e-03-1.057949216e-03
 2.241424944e-03 5.815483672e-03 9.651074428e-03 1.373077288e-02 1.803490020e-02
 2.254065019e-02 2.717511639e-02 3.189507329e-02 3.651751423e-02 4.095793406e-02
 4.524652736e-02 4.926323423e-02 5.288701974e-02 5.603992397e-02 5.869632533e-02
 6.088025781e-02 6.264887450e-02 6.407085723e-02 6.521007568e-02 6.611825872e-02
 6.683435909e-02 6.738695948e-02 6.779730204e-02 6.808186738e-02 6.825421726e-02
 6.832616192e-02 6.830841990e-02 6.821094194e-02 6.804312067e-02 6.781775149e-02
 9.613626185e-04 2.182050731e-03 3.902844491e-03 6.132532600e-03 8.709716834e-03
 9.822477924e-03 8.938265078e-03 7.861178172e-03 6.771736237e-03 5.640894815e-03
 4.467941904e-03 3.258054999e-03 2.018633654e-03 7.583328358e-04-5.134536059e-04
-1.781293819e-03-3.022273878e-03-4.212496368e-03-5.327287337e-03-6.341484615e-03
-7.229689135e-03-7.966514471e-03-8.526833456e-03-8.886038542e-03-9.020325906e-03
-8.907028872e-03-8.525004122e-03-7.855300714e-03-6.882083482e-03-5.593648091e-03
-3.983357165e-03-2.051367006e-03 1.898432922e-04 2.710657068e-03 5.519002857e-03
 8.613925223e-03 1.199478252e-02 1.566346561e-02 1.962344136e-02 2.388150633e-02
 2.845453414e-02 3.317190119e-02 3.802209082e-02 4.303975376e-02 4.807152531e-02
 5.294865577e-02 5.739056175e-02 6.108146518e-02 6.383588830e-02 6.565301376e-02
 6.671517602e-02 6.728333353e-02 6.757057564e-02 6.770732936e-02 6.776270313e-02
 6.776932882e-02 6.774020186e-02 6.767877871e-02 6.758456010e-02 6.745597453e-02
 6.729174276e-02 6.709142171e-02 6.685551910e-02 6.658528734e-02 6.627640568e-02
 9.414889330e-04 2.136449036e-03 3.819564831e-03 5.996684744e-03 8.487461716e-03
 9.463001491e-03 8.483088876e-03 7.559466915e-03 6.625415523e-03 5.644511472e-03
 4.630546258e-03 3.598087287e-03 2.561104819e-03 1.533187201e-03 5.276087319e-04
-4.425425389e-04-1.359501773e-03-2.201246862e-03-2.946162915e-03-3.573241635e-03
-4.062325733e-03-4.394314911e-03-4.551416160e-03-4.517391751e-03-4.277770480e-03
-3.819914520e-03-3.132898255e-03-2.208234080e-03-1.041582606e-03 3.644912260e-04
 2.003136401e-03 3.884652732e-03 6.015098462e-03 8.398977170e-03 1.104545900e-02
 1.396591110e-02 1.717398766e-02 2.068626474e-02 2.452303437e-02 2.870847466e-02
 3.326593215e-02 3.820192628e-02 4.354532954e-02 4.940300888e-02 5.589739581e-02
 6.333958268e-02 7.030570585e-02 7.506248955e-02 7.724400407e-02 7.677269705e-02
 7.479795800e-02 7.314290676e-02 7.169916187e-02 7.053828682e-02 6.961200143e-02
 6.886425837e-02 6.824642089e-02 6.771992820e-02 6.725535840e-02 6.683074126e-02
 6.642994828e-02 6.604136925e-02 6.565690021e-02 6.527129010e-02 6.488506629e-02
 9.092203193e-04 2.063178210e-03 3.688144896e-03 5.788630775e-03 8.184674925e-03
 9.046484945e-03 7.951087608e-03 7.055762370e-03 6.224962433e-03 5.343998654e-03
 4.444015299e-03 3.547039212e-03 2.672977285e-03 1.840036060e-03 1.064962499e-03
 3.632329568e-04-2.506349076e-04-7.599900135e-04-1.146927101e-03-1.395652160e-03
-1.492614088e-03-1.426597264e-03-1.189077795e-03-7.747359255e-04-1.821979440e-04
 5.847319891e-04 1.525279341e-03 2.640523044e-03 3.930440402e-03 5.395099659e-03
 7.036602015e-03 8.861951392e-03 1.088195030e-02 1.311105751e-02 1.556704570e-02
 1.827151619e-02 2.125036851e-02 2.453295138e-02 2.815156942e-02 3.214280945e-02
 3.655224096e-02 4.144461535e-02 4.692066058e-02 5.314137799e-02 6.035964440e-02
 6.881864011e-02 7.644371333e-02 8.148732129e-02 8.398837768e-02 8.387949905e-02
 8.099755519e-02 7.703241327e-02 7.415949125e-02 7.207381211e-02 7.049747965e-02
 6.926130167e-02 6.825890047e-02 6.742051896e-02 6.669875597e-02 6.606045982e-02
 6.548190974e-02 6.494582800e-02 6.443943720e-02 6.395302864e-02 6.347871639e-02
 8.647698727e-04 1.963832511e-03 3.514564010e-03 5.524970155e-03 7.826505034e-03
 8.598748766e-03 7.392962115e-03 6.458517091e-03 5.587069304e-03 4.709343622e-03
 3.844987396e-03 3.018042337e-03 2.251455721e-03 1.566245372e-03 9.811483604e-04
 5.125678136e-04 1.747149045e-04-2.002473192e-05-6.030288264e-05 6.269465805e-05
 3.532278336e-04 8.136681822e-04 1.442694186e-03 2.235024251e-03 3.181462863e-03
 4.269578811e-03 5.485725213e-03 6.816771169e-03 8.251868301e-03 9.784602228e-03
 1.141488272e-02 1.314975286e-02 1.500377340e-02 1.700938315e-02 1.919143471e-02
 2.156572831e-02 2.419199016e-02 2.711146416e-02 3.036705532e-02 3.399272992e-02
 3.800366448e-02 4.244318297e-02 4.736571417e-02 5.283681952e-02 5.894698007e-02
 6.577655945e-02 7.193212100e-02 7.626155509e-02 7.871668591e-02 7.920980151e-02
 7.760032823e-02 7.496698692e-02 7.283193175e-02 7.110040877e-02 6.966413198e-02
 6.844987765e-02 6.740508794e-02 6.649133988e-02 6.567994780e-02 6.494900264e-02
 6.428141024e-02 6.366358403e-02 6.308454876e-02 6.253522622e-02 6.200455774e-02
 8.033480311e-04 1.826987583e-03 3.276326739e-03 5.163926906e-03 7.317956656e-03
 7.922684855e-03 6.609220815e-03 5.530096895e-03 4.551571417e-03 3.590903048e-03
 2.680965044e-03 1.852716928e-03 1.134341149e-03 5.501992467e-04 1.202777126e-04
-1.397794639e-04-2.182054780e-04-1.065296283e-04 2.008559577e-04 7.066011051e-04
 1.409881046e-03 2.305897153e-03 3.384762207e-03 4.630346140e-03 6.019416305e-03
 7.521671474e-03 9.101358962e-03 1.072105985e-02 1.234757829e-02 1.395876292e-02
 1.554566939e-02 1.711444693e-02 1.875424739e-02 2.043998116e-02 2.221751301e-02
 2.412374614e-02 2.624310749e-02 2.862569070e-02 3.132505057e-02 3.437720115e-02
 3.777739950e-02 4.153630122e-02 4.563614410e-02 5.001112776e-02 5.452463920e-02
 5.894149533e-02 6.293929954e-02 6.620682222e-02 6.854038483e-02 6.987663736e-02
 7.030443811e-02 7.005203972e-02 6.939474914e-02 6.854364695e-02 6.762430181e-02
 6.670421339e-02 6.581745475e-02 6.497934148e-02 6.419469276e-02 6.346255435e-02
 6.277894738e-02 6.213847956e-02 6.153529032e-02 6.096374690e-02 6.042494946e-02
 7.164540886e-04 1.633226322e-03 2.938298545e-03 4.649438754e-03 6.611129763e-03
 7.016795550e-03 5.431222210e-03 4.113577970e-03 2.911794088e-03 1.761473476e-03
 7.098668981e-04-1.991308881e-04-9.274691151e-04-1.446044473e-03-1.735570271e-03
-1.785163843e-03-1.589742759e-03-1.147507035e-03-4.583415317e-04 4.766287545e-04
 1.654442145e-03 3.068755779e-03 4.707323096e-03 6.548327398e-03 8.555619592e-03
 1.067373339e-02 1.282538819e-02 1.491647075e-02 1.685339216e-02 1.856237142e-02
 2.008883328e-02 2.142384202e-02 2.261167301e-02 2.373986769e-02 2.488814457e-02
 2.612855195e-02 2.752700695e-02 2.914867638e-02 3.106360902e-02 3.334579778e-02
 3.605898287e-02 3.923011876e-02 4.282307002e-02 4.672976260e-02 5.078130379e-02
 5.476690893e-02 5.845349775e-02 6.161270357e-02 6.406261013e-02 6.571467782e-02
 6.659849771e-02 6.684279875e-02 6.662232420e-02 6.610438156e-02 6.541987726e-02
 6.465866591e-02 6.387700635e-02 6.310745972e-02 6.236716042e-02 6.166368339e-02
 6.099890240e-02 6.037143238e-02 5.977814484e-02 5.921496229e-02 5.866974959e-02
 5.923421293e-04 1.356542964e-03 2.456395069e-03 3.918466375e-03 5.588282069e-03
 5.661512535e-03 3.733015968e-03 2.001657594e-03 3.858211840e-04-1.106076974e-03
-2.440278047e-03-3.534790765e-03-4.325905782e-03-4.779648994e-03-4.890887848e-03
-4.671657272e-03-4.138214035e-03-3.303009411e-03-2.172209398e-03-7.464859197e-04
 9.770733327e-04 3.002837124e-03 5.333891383e-03 7.967091279e-03 1.088273848e-02
 1.402387331e-02 1.726129022e-02 2.035702706e-02 2.297902562e-02 2.492631478e-02
 2.612794502e-02 2.670066199e-02 2.693390659e-02 2.706428653e-02 2.722957563e-02
 2.749245775e-02 2.787806913e-02 2.841044508e-02 2.916020937e-02 3.031010130e-02
 3.216152534e-02 3.495950204e-02 3.868864767e-02 4.307518483e-02 4.778787333e-02
 5.257311452e-02 5.718331116e-02 6.124063048e-02 6.425530211e-02 6.591500413e-02
 6.633570291e-02 6.595863575e-02 6.521135754e-02 6.433810412e-02 6.344757941e-02
 6.258408443e-02 6.176463164e-02 6.099454314e-02 6.027383693e-02 5.959997648e-02
 5.896915081e-02 5.837691760e-02 5.781856955e-02 5.728947196e-02 5.678917183e-02
 4.151019340e-04 9.580531780e-04 1.757532904e-03 2.859917691e-03 4.144894132e-03
 3.857842017e-03 1.604898988e-03-8.375311169e-04-3.199147244e-03-5.448237276e-03
-7.416365726e-03-8.903902725e-03-9.766337340e-03-1.000270752e-02-9.719473103e-03
-9.033461663e-03-8.015702882e-03-6.691857077e-03-5.060672272e-03-3.108387424e-03
-8.151750461e-04 1.844845120e-03 4.908009682e-03 8.428594876e-03 1.248838504e-02
 1.720377855e-02 2.269892411e-02 2.883247036e-02 3.408578500e-02 3.648861811e-02
 3.573627752e-02 3.347086205e-02 3.147362305e-02 3.002335363e-02 2.900359022e-02
 2.825954722e-02 2.763081706e-02 2.692234879e-02 2.583273459e-02 2.369818417e-02
 2.287780345e-02 2.544809500e-02 3.177949884e-02 3.871469477e-02 4.502531102e-02
 5.141149983e-02 5.852491794e-02 6.772740201e-02 7.319493993e-02 7.393046508e-02
 6.958898406e-02 6.624058842e-02 6.403232622e-02 6.243618931e-02 6.119677553e-02
 6.018133089e-02 5.931590668e-02 5.855682618e-02 5.787694452e-02 5.725858718e-02
 5.668968262e-02 5.616132939e-02 5.566603274e-02 5.519704189e-02 5.475118366e-02
 1.791871120e-04 4.089265785e-04 7.432024322e-04 1.219419910e-03 1.804753273e-03
 1.009024825e-03-1.642454258e-03-4.667147101e-03-8.097445391e-03-1.201491341e-02
-1.590661333e-02-1.845775845e-02-1.891995699e-02-1.777356290e-02-1.624994448e-02
-1.469954183e-02-1.306228736e-02-1.123398859e-02-9.128988341e-03-6.692035158e-03
-3.891910093e-03-7.061263449e-04 2.897827513e-03 6.983316176e-03 1.167276952e-02
 1.720066466e-02 2.404241401e-02 3.335128624e-02 4.239194323e-02 4.525166801e-02
 4.162716567e-02 3.589935895e-02 3.266518164e-02 3.062966981e-02 2.926841626e-02
 2.829472334e-02 2.751366604e-02 2.676141786e-02 2.589411640e-02 2.497706513e-02
 2.519348453e-02 2.750594352e-02 3.178001961e-02 3.709233413e-02 4.250195184e-02
 4.805328041e-02 5.391255419e-02 5.974339126e-02 6.401302273e-02 6.531230888e-02
 6.385603044e-02 6.179282778e-02 6.013165342e-02 5.884821616e-02 5.783047883e-02
 5.699646256e-02 5.629033987e-02 5.567253316e-02 5.512357606e-02 5.462093648e-02
 5.415970930e-02 5.373495428e-02 5.334348753e-02 5.296620303e-02 5.259138608e-02
-6.167625663e-05-1.654356252e-04-3.684878566e-04-7.583946262e-04-1.507481292e-03
-2.855321264e-03-4.970543652e-03-7.922819119e-03-1.187514866e-02-1.732423737e-02
-2.416156913e-02-2.802151465e-02-2.820173712e-02-2.444001279e-02-2.206804075e-02
-2.034535013e-02-1.869786181e-02-1.677466214e-02-1.439569863e-02-1.152704589e-02
-8.226377264e-03-4.575732568e-03-6.371847853e-04 3.559045869e-03 8.003581815e-03
 1.267653274e-02 1.747716576e-02 2.208966192e-02 2.590114200e-02 2.832392634e-02
 2.924362488e-02 2.913733576e-02 2.861166920e-02 2.805956337e-02 2.761575376e-02
 2.731930261e-02 2.718138975e-02 2.721331770e-02 2.748530960e-02 2.812166816e-02
 2.929924164e-02 3.114517759e-02 3.364770199e-02 3.666777784e-02 3.999939235e-02
 4.344309631e-02 4.678665728e-02 4.976722950e-02 5.210356434e-02 5.361114828e-02
 5.432388313e-02 5.446228246e-02 5.428074949e-02 5.395848204e-02 5.358935304e-02
 5.321611702e-02 5.285407302e-02 5.250664420e-02 5.217257498e-02 5.184808049e-02
 5.152957435e-02 5.121723443e-02 5.093694282e-02 5.066700402e-02 5.039667166e-02
-2.195168643e-04-5.251334858e-04-1.008696485e-03-1.729414052e-03-2.763746180e-03
-4.195733373e-03-6.102505808e-03-8.541279911e-03-1.151950321e-02-1.496615220e-02
-1.846693338e-02-2.133307205e-02-2.314949640e-02-2.417364393e-02-2.498667431e-02
-2.568855758e-02-2.576024486e-02-2.451970316e-02-2.174104970e-02-1.783447228e-02
-1.344200420e-02-8.965049001e-03-4.554653953e-03-2.540470451e-04 3.916715997e-03
 7.920687690e-03 1.168352106e-02 1.508980434e-02 1.800658287e-02 2.033487784e-02
 2.206043022e-02 2.326474675e-02 2.408831552e-02 2.467837055e-02 2.515661935e-02
 2.561374845e-02 2.611847867e-02 2.672946391e-02 2.750359962e-02 2.849692713e-02
 2.975638041e-02 3.130535113e-02 3.313134424e-02 3.518324252e-02 3.737839761e-02
 3.961355424e-02 4.177502845e-02 4.375002043e-02 4.544319992e-02 4.679641091e-02
 4.780105308e-02 4.849353595e-02 4.893593027e-02 4.919410605e-02 4.932369204e-02
 4.936547562e-02 4.934657124e-02 4.928360817e-02 4.918594533e-02 4.905828438e-02
 4.890260656e-02 4.871805553e-02 4.855737782e-02 4.838644837e-02 4.818771061e-02
-2.800342555e-04-6.514972707e-04-1.203910244e-03-1.966355061e-03-2.971634739e-03
-4.251046306e-03-5.827057209e-03-7.701007319e-03-9.843633691e-03-1.220331579e-02
-1.469861299e-02-1.726935878e-02-1.996015023e-02-2.303872622e-02-2.707077583e-02
-3.318682897e-02-3.981835404e-02-3.995373049e-02-3.369903005e-02-2.420675657e-02
-1.737786786e-02-1.179812454e-02-6.943592336e-03-2.581280822e-03 1.396055814e-03
 5.030785708e-03 8.328875223e-03 1.127779751e-02 1.386169441e-02 1.607521041e-02
 1.793346709e-02 1.947488007e-02 2.075632316e-02 2.184393315e-02 2.280421687e-02
 2.369840474e-02 2.458029456e-02 2.549613231e-02 2.648474393e-02 2.757665512e-02
 2.879187083e-02 3.013700175e-02 3.160307215e-02 3.316522319e-02 3.478475540e-02
 3.641316858e-02 3.799758020e-02 3.948698415e-02 4.083868238e-02 4.202369445e-02
 4.302959784e-02 4.385980377e-02 4.452965804e-02 4.506099948e-02 4.547703073e-02
 4.579863189e-02 4.604232610e-02 4.621957318e-02 4.633700152e-02 4.639735609e-02
 4.640104156e-02 4.634724085e-02 4.628982291e-02 4.620247122e-02 4.608101040e-02
-2.777522254e-04-6.374108398e-04-1.156269463e-03-1.846383744e-03-2.719994436e-03
-3.787046706e-03-5.052609702e-03-6.512659475e-03-8.145613693e-03-9.951620437e-03
-1.192281032e-02-1.406980917e-02-1.644304516e-02-1.916079524e-02-2.234184294e-02
-2.583750856e-02-2.845841624e-02-2.832228932e-02-2.509405592e-02-2.009745733e-02
-1.503993570e-02-1.037759107e-02-6.122080811e-03-2.238118305e-03 1.294774337e-03
 4.484214776e-03 7.336579209e-03 9.864953626e-03 1.209087131e-02 1.404237541e-02
 1.575174245e-02 1.725415035e-02 1.858679713e-02 1.978778672e-02 2.089468798e-02
 2.194306617e-02 2.296524999e-02 2.398936633e-02 2.503850514e-02 2.612987177e-02
 2.727391364e-02 2.847358052e-02 2.972398854e-02 3.101274728e-02 3.232108485e-02
 3.362573536e-02 3.490140074e-02 3.612348553e-02 3.727072059e-02 3.832725213e-02
 3.928382574e-02 4.013787609e-02 4.089259747e-02 4.155529755e-02 4.213541775e-02
 4.264251440e-02 4.308431296e-02 4.346481051e-02 4.378251173e-02 4.402953588e-02
 4.419354447e-02 4.426592627e-02 4.425192756e-02 4.419920256e-02 4.411826391e-02
-2.448628046e-04-5.576477092e-04-1.001203282e-03-1.578882671e-03-2.293229119e-03
-3.144869986e-03-4.131520500e-03-5.244587097e-03-6.464842929e-03-7.790124404e-03
-9.205845826e-03-1.068344742e-02-1.219509761e-02-1.368935921e-02-1.504807027e-02
-1.605980232e-02-1.643179730e-02-1.590098184e-02-1.438613890e-02-1.203393326e-02
-9.117272202e-03-5.901532915e-03-2.595045652e-03 6.307785008e-04 3.622574396e-03
 6.266145632e-03 8.524241306e-03 1.043932360e-02 1.209245836e-02 1.355890391e-02
 1.489135002e-02 1.612352210e-02 1.727835433e-02 1.837391767e-02 1.942639428e-02
 2.045106661e-02 2.146225587e-02 2.247279858e-02 2.349337456e-02 2.453184690e-02
 2.559271125e-02 2.667673636e-02 2.778087244e-02 2.889848608e-02 3.001994238e-02
 3.113350341e-02 3.222645824e-02 3.328635638e-02 3.430219112e-02 3.526538154e-02
 3.617043387e-02 3.701522308e-02 3.780090644e-02 3.853153758e-02 3.921346342e-02
 3.985452612e-02 4.046290239e-02 4.104494271e-02 4.160020560e-02 4.210916582e-02
 4.250927042e-02 4.270505941e-02 4.268431840e-02 4.254062366e-02 4.234130815e-02
-2.009894585e-04-4.554845853e-04-8.123148686e-04-1.270434953e-03-1.827498518e-03
-2.479218591e-03-3.218601689e-03-4.032028969e-03-4.898838380e-03-5.807328968e-03
-6.731555492e-03-7.630991982e-03-8.466027518e-03-9.176890690e-03-9.682036666e-03
-9.883334001e-03-9.679227126e-03-8.986648657e-03-7.761611932e-03-6.005028032e-03
-3.748725985e-03-1.035104558e-03 2.080852199e-03 5.451254530e-03 8.560143712e-03
 1.074988586e-02 1.193823321e-02 1.260945399e-02 1.323451997e-02 1.393876364e-02
 1.472290643e-02 1.556334417e-02 1.643897090e-02 1.733560762e-02 1.824523793e-02
 1.916434278e-02 2.009230374e-02 2.103005936e-02 2.197902473e-02 2.294025408e-02
 2.391383031e-02 2.489847307e-02 2.589136268e-02 2.688817405e-02 2.788330612e-02
 2.887027704e-02 2.984224036e-02 3.079256478e-02 3.171541566e-02 3.260628228e-02
 3.346241226e-02 3.428314246e-02 3.507015314e-02 3.582771679e-02 3.656307291e-02
 3.728715610e-02 3.801609962e-02 3.877439747e-02 3.960190113e-02 4.057406713e-02
 4.184651025e-02 4.228500011e-02 4.156596461e-02 4.099014490e-02 4.059179769e-02
-1.565488331e-04-3.534855303e-04-6.272409942e-04-9.747486566e-04-1.391436617e-03
-1.870782714e-03-2.403926431e-03-2.978646915e-03-3.561435257e-03-4.151445379e-03
-4.713681668e-03-5.212788647e-03-5.624451369e-03-5.904225567e-03-6.001368411e-03
-5.862943674e-03-5.438776975e-03-4.684760098e-03-3.564487704e-03-2.046735664e-03
-9.259575332e-05 2.372800080e-03 5.503392402e-03 9.721207333e-03 1.413821304e-02
 1.616304440e-02 1.576460116e-02 1.427766316e-02 1.389243630e-02 1.401887640e-02
 1.441810120e-02 1.497972118e-02 1.564402392e-02 1.637591237e-02 1.715387867e-02
 1.796450314e-02 1.879934353e-02 1.965299980e-02 2.052182859e-02 2.140306019e-02
 2.229419231e-02 2.319259283e-02 2.409527270e-02 2.499880414e-02 2.589936342e-02
 2.679287595e-02 2.767523775e-02 2.854258511e-02 2.939158408e-02 3.021971618e-02
 3.102554519e-02 3.180896378e-02 3.257143657e-02 3.331628047e-02 3.404905682e-02
 3.477820031e-02 3.551609229e-02 3.628090934e-02 3.709969265e-02 3.801086190e-02
 3.925491691e-02 3.968308283e-02 3.913532985e-02 3.868333951e-02 3.835931545e-02
-1.164883222e-04-2.622536333e-04-4.634504737e-04-7.164759172e-04-1.016367949e-03
-1.356546032e-03-1.728311989e-03-2.116632279e-03-2.496932642e-03-2.854466286e-03
-3.166249320e-03-3.413826218e-03-3.581531956e-03-3.641865275e-03-3.547658588e-03
-3.251468252e-03-2.755704449e-03-2.035872422e-03-1.069197012e-03 1.610124080e-04
 1.665104779e-03 3.443972118e-03 5.454537165e-03 7.563639872e-03 9.486733655e-03
 1.091911442e-02 1.177677313e-02 1.224641591e-02 1.260454324e-02 1.300036687e-02
 1.347479438e-02 1.402668732e-02 1.464370626e-02 1.531260790e-02 1.602208877e-02
 1.676320105e-02 1.752903164e-02 1.831421005e-02 1.911444608e-02 1.992616423e-02
 2.074622905e-02 2.157173346e-02 2.239984379e-02 2.322771087e-02 2.405244907e-02
 2.487117549e-02 2.568109526e-02 2.647961710e-02 2.726448282e-02 2.803389547e-02
 2.878663247e-02 2.952213029e-02 3.024052576e-02 3.094262887e-02 3.162977542e-02
 3.230344102e-02 3.296434696e-02 3.361046412e-02 3.423272681e-02 3.480691510e-02
 3.528509243e-02 3.560961562e-02 3.576495023e-02 3.579691505e-02 3.576470667e-02
-8.259455985e-05-1.854232291e-04-3.264105632e-04-5.021739486e-04-7.083269442e-04
-9.395576016e-04-1.189890257e-03-1.450071272e-03-1.692964387e-03-1.871367114e-03
-2.011696805e-03-2.103989260e-03-2.131154430e-03-2.080983092e-03-1.879371368e-03
-1.544265811e-03-1.070173675e-03-4.456915971e-04 3.364072009e-04 1.276135857e-03
 2.363527495e-03 3.574087469e-03 4.862079180e-03 6.160921560e-03 7.393370749e-03
 8.494288616e-03 9.435478804e-03 1.023281250e-02 1.093007873e-02 1.157463596e-02
 1.220230920e-02 1.283473740e-02 1.348272777e-02 1.415036462e-02 1.483811524e-02
 1.554464234e-02 1.626781587e-02 1.700506190e-02 1.775339605e-02 1.850981841e-02
 1.927171331e-02 2.003677486e-02 2.080279821e-02 2.156759371e-02 2.232898984e-02
 2.308481833e-02 2.383299037e-02 2.457151645e-02 2.529856664e-02 2.601251969e-02
 2.671195169e-02 2.739565596e-02 2.806253330e-02 2.871145374e-02 2.934097605e-02
 2.994890693e-02 3.053166855e-02 3.108341573e-02 3.159522854e-02 3.205497129e-02
 3.244895030e-02 3.276597914e-02 3.300171299e-02 3.315942158e-02 3.325132832e-02
-5.502705079e-05-1.230620425e-04-2.154927741e-04-3.292372245e-04-4.603162208e-04
-6.038648786e-04-7.541836360e-04-9.056987343e-04-1.033861381e-03-1.123220571e-03
-1.162492261e-03-1.167485055e-03-1.098739672e-03-9.648516320e-04-7.479391706e-04
-4.263747791e-04-2.177541983e-05 5.101010995e-04 1.130286877e-03 1.851541832e-03
 2.665879822e-03 3.530656414e-03 4.469333163e-03 5.402819761e-03 6.334364834e-03
 7.229199678e-03 8.056956726e-03 8.858636943e-03 9.586379979e-03 1.029856794e-02
 1.097976540e-02 1.163909677e-02 1.231866022e-02 1.297163531e-02 1.366103648e-02
 1.434147678e-02 1.502887978e-02 1.574322184e-02 1.644189915e-02 1.716605306e-02
 1.787451841e-02 1.858832116e-02 1.930643015e-02 2.000461304e-02 2.072466616e-02
 2.141799135e-02 2.211610355e-02 2.280395428e-02 2.346814238e-02 2.414355447e-02
 2.478188833e-02 2.542423516e-02 2.604153998e-02 2.663319876e-02 2.722252462e-02
 2.776618547e-02 2.830383346e-02 2.880174114e-02 2.925626132e-02 2.968985817e-02
 3.005502407e-02 3.039079295e-02 3.066767455e-02 3.088414253e-02 3.107136913e-02
 0.167818108E+01 0.169515884E+01 0.171013391E+01 0.172551826E+01 0.174112396E+01
 0.175692994E+01 0.177300651E+01 0.178937720E+01 0.180609602E+01 0.182322435E+01
 0.184081003E+01 0.185891101E+01 0.187757509E+01 0.189685283E+01 0.191681475E+01
 0.193752039E+01 0.195901506E+01 0.198134374E+01 0.200459296E+01 0.202883529E+01
 0.205413014E+01 0.208053306E+01 0.210810698E+01 0.213696116E+01 0.216718791E+01
 0.219886856E+01 0.223208983E+01 0.226693810E+01 0.230353966E+01 0.234204251E+01
 0.238257877E+01 0.242528353E+01 0.247030249E+01 0.251779607E+01 0.256797488E+01
 0.262107543E+01 0.267733268E+01 0.273699946E+01 0.280035648E+01 0.286771919E+01
 0.293946515E+01 0.301603092E+01 0.309789464E+01 0.318559207E+01 0.327972279E+01
 0.338097871E+01 0.349018197E+01 0.360829479E+01 0.373641748E+01 0.387585535E+01
 0.402816549E+01 0.419519606E+01 0.437918696E+01 0.458291916E+01 0.480987506E+01
 0.506447851E+01 0.535250364E+01 0.568150086E+01 0.606168498E+01 0.650787822E+01
 0.704292180E+01 0.770562346E+01 0.857195221E+01 0.984459294E+01 0.162042026E+02
  361   98
 0.573908631E+00 0.119562037E+01 0.567365317E+00 0.118163620E+01 0.560818143E+00
 0.116765383E+01 0.554284573E+00 0.115366510E+01 0.547770357E+00 0.113966734E+01
 0.541280455E+00 0.112565830E+01 0.534822201E+00 0.111163464E+01 0.528405744E+00
 0.109759181E+01 0.522042216E+00 0.108352492E+01 0.515739820E+00 0.106943054E+01
 0.509504665E+00 0.105530629E+01 0.503342924E+00 0.104114985E+01 0.497260798E+00
 0.102695903E+01 0.491263728E+00 0.101273206E+01 0.485355245E+00 0.998468074E+00
 0.479537480E+00 0.984166847E+00 0.473812826E+00 0.969828096E+00 0.468183543E+00
 0.955451636E+00 0.462651461E+00 0.941037495E+00 0.457217325E+00 0.926586143E+00
 0.451880537E+00 0.912098558E+00 0.446640912E+00 0.897575551E+00 0.441499804E+00
 0.883017378E+00 0.436459209E+00 0.868424100E+00 0.431519877E+00 0.853796237E+00
 0.426680884E+00 0.839134875E+00 0.421940704E+00 0.824441267E+00 0.417299681E+00
 0.809716041E+00 0.412761384E+00 0.794958833E+00 0.408329454E+00 0.780169334E+00
 0.404006281E+00 0.765347680E+00 0.399792806E+00 0.750494469E+00 0.395688389E+00
 0.735610752E+00 0.391691844E+00 0.720697706E+00 0.387803198E+00 0.705756163E+00
 0.384023499E+00 0.690786690E+00 0.380353845E+00 0.675789860E+00 0.376794045E+00
 0.660766575E+00 0.373342933E+00 0.645717949E+00 0.369998890E+00 0.630645169E+00
 0.366759980E+00 0.615549447E+00 0.363624232E+00 0.600431958E+00 0.360590178E+00
 0.585293731E+00 0.357657010E+00 0.570135632E+00 0.354824388E+00 0.554958423E+00
 0.352092183E+00 0.539762816E+00 0.349459604E+00 0.524549632E+00 0.346925501E+00
 0.509319734E+00 0.344488811E+00 0.494073947E+00 0.342148496E+00 0.478813068E+00
 0.339902857E+00 0.463537969E+00 0.337748647E+00 0.448249707E+00 0.335682630E+00
 0.432949276E+00 0.333702069E+00 0.417637548E+00 0.331805024E+00 0.402315248E+00
 0.329991066E+00 0.386982889E+00 0.328260298E+00 0.371640917E+00 0.326612369E+00
 0.356289826E+00 0.325046378E+00 0.340930159E+00 0.323560834E+00 0.325562503E+00
 0.322154007E+00 0.310187440E+00 0.320824638E+00 0.294805486E+00 0.319571943E+00
 0.279417098E+00 0.318395447E+00 0.264022696E+00 0.317294259E+00 0.248622724E+00
 0.316267198E+00 0.233217630E+00 0.315313143E+00 0.217807842E+00 0.314431051E+00
 0.202393767E+00 0.313619700E+00 0.186975806E+00 0.312877454E+00 0.171554363E+00
 0.312202789E+00 0.156129816E+00 0.311594380E+00 0.140702512E+00 0.311051220E+00
 0.125272774E+00 0.310573352E+00 0.109840875E+00 0.310161281E+00 0.944070795E-01
 0.309815538E+00 0.789716558E-01 0.309536674E+00 0.635348792E-01 0.309324501E+00
 0.480970416E-01 0.309177754E+00 0.326584431E-01 0.309095263E+00 0.172193672E-01
 0.309076028E+00 0.178008267E-02 0.309119280E+00-0.136591534E-01 0.309224990E+00
-0.290980881E-01 0.309393452E+00-0.445364655E-01 0.309625075E+00-0.599740243E-01
 0.309920400E+00-0.754104957E-01 0.310280077E+00-0.908456015E-01 0.310704855E+00
-0.106279053E+00 0.311195642E+00-0.121710546E+00 0.311753504E+00-0.137139759E+00
 0.312379430E+00-0.152566361E+00 0.313073552E+00-0.167990044E+00 0.313835809E+00
-0.183410511E+00 0.314666244E+00-0.198827456E+00 0.315565100E+00-0.214240564E+00
 0.316533599E+00-0.229649451E+00 0.317573869E+00-0.245053659E+00 0.318688174E+00
-0.260452688E+00 0.319878761E+00-0.275846005E+00 0.321147367E+00-0.291233089E+00
 0.322494420E+00-0.306613504E+00 0.323920291E+00-0.321986813E+00 0.325425691E+00
-0.337352536E+00 0.327011738E+00-0.352710145E+00 0.328679457E+00-0.368059099E+00
 0.330429640E+00-0.383398868E+00 0.332263167E+00-0.398728899E+00 0.334181024E+00
-0.414048607E+00 0.336184665E+00-0.429357332E+00 0.338276291E+00-0.444654282E+00
 0.340458283E+00-0.459938603E+00 0.342733161E+00-0.475209374E+00 0.345103603E+00
-0.490465601E+00 0.347571598E+00-0.505706352E+00 0.350138596E+00-0.520930738E+00
 0.352806034E+00-0.536137848E+00 0.355575218E+00-0.551326759E+00 0.358447080E+00
-0.566496591E+00 0.361421972E+00-0.581646555E+00 0.364500592E+00-0.596775780E+00
 0.367684389E+00-0.611883221E+00 0.370975563E+00-0.626967632E+00 0.374376403E+00
-0.642027697E+00 0.377888720E+00-0.657062152E+00 0.381513826E+00-0.672069811E+00
 0.385252463E+00-0.687049590E+00 0.389104774E+00-0.702000540E+00 0.393070393E+00
-0.716921836E+00 0.397149459E+00-0.731812518E+00 0.401343440E+00-0.746671241E+00
 0.405654612E+00-0.761496385E+00 0.410084528E+00-0.776286481E+00 0.414632586E+00
-0.791040676E+00 0.419296838E+00-0.805758554E+00 0.424074528E+00-0.820440000E+00
 0.428963733E+00-0.835084688E+00 0.433966155E+00-0.849691087E+00 0.439084857E+00
-0.864257143E+00 0.444321696E+00-0.878781143E+00 0.449676500E+00-0.893262067E+00
 0.455148142E+00-0.907699249E+00 0.460738879E+00-0.922090727E+00 0.466454450E+00
-0.936433080E+00 0.472300313E+00-0.950722819E+00 0.478280056E+00-0.964957051E+00
 0.484396711E+00-0.979132986E+00 0.490657328E+00-0.993245924E+00 0.497073903E+00
-0.100728863E+01 0.503660136E+00-0.102125255E+01 0.510430618E+00-0.103512805E+01
 0.517404758E+00-0.104890229E+01 0.524616619E+00-0.106255349E+01 0.532119973E+00
-0.107604655E+01 0.539991698E+00-0.108932784E+01 0.548345167E+00-0.110231103E+01
 0.557365097E+00-0.111483908E+01 0.567365341E+00-0.112659571E+01 0.578805863E+00
-0.113694491E+01 0.592074231E+00-0.114478355E+01 0.606871894E+00-0.114906706E+01
 0.622265597E+00-0.114997298E+01 0.637633886E+00-0.114857168E+01 0.652815525E+00
-0.114577728E+01 0.667818625E+00-0.114213766E+01 0.682680531E+00-0.113795656E+01
 0.697434331E+00-0.113340790E+01 0.712103135E+00-0.112859185E+01 0.726703044E+00
-0.112357068E+01 0.741243905E+00-0.111838091E+01 0.755731779E+00-0.111304498E+01
 0.770169950E+00-0.110757597E+01 0.784563204E+00-0.110198978E+01 0.798913582E+00
-0.109629436E+01 0.813213410E+00-0.109047324E+01 0.827449962E+00-0.108449908E+01
 0.841610629E+00-0.107834727E+01 0.855682582E+00-0.107199521E+01 0.869653095E+00
-0.106542311E+01 0.883510434E+00-0.105861565E+01 0.897244406E+00-0.105156264E+01
 0.910847567E+00-0.104426053E+01 0.924316415E+00-0.103671353E+01 0.937652720E+00
-0.102893467E+01 0.950852511E+00-0.102092639E+01 0.963895046E+00-0.101266456E+01
 0.976757509E+00-0.100412514E+01 0.989425201E+00-0.995299391E+00 0.100189089E+01
-0.986190550E+00 0.101415574E+01-0.976812964E+00 0.102623667E+01-0.967199503E+00
 0.103815436E+01-0.957384363E+00 0.104990431E+01-0.947369066E+00 0.106146365E+01
-0.937134406E+00 0.107281582E+01-0.926670439E+00 0.108396106E+01-0.915986308E+00
 0.109491118E+01-0.905102234E+00 0.110568105E+01-0.894039753E+00 0.111627787E+01
-0.882811387E+00 0.112669127E+01-0.871412741E+00 0.113690205E+01-0.859832262E+00
 0.114689824E+01-0.848066064E+00 0.115668144E+01-0.836122169E+00 0.116625822E+01
-0.824012127E+00 0.117562606E+01-0.811739758E+00 0.118476486E+01-0.799295930E+00
 0.119365002E+01-0.786669789E+00 0.120227087E+01-0.773861721E+00 0.121063420E+01
-0.760884009E+00 0.121874825E+01-0.747748995E+00 0.122659190E+01-0.734450802E+00
 0.123413502E+01-0.720979904E+00 0.124136201E+01-0.707336810E+00 0.124827064E+01
-0.693529766E+00 0.125485748E+01-0.679566351E+00 0.126111479E+01-0.665452199E+00
 0.126703904E+01-0.651195042E+00 0.127263540E+01-0.636805992E+00 0.127791318E+01
-0.622297049E+00 0.128287806E+01-0.607678066E+00 0.128753675E+01-0.592958625E+00
 0.129190297E+01-0.578149770E+00 0.129599828E+01-0.563263681E+00 0.129984969E+01
-0.548312598E+00 0.130348538E+01-0.533307571E+00 0.130692886E+01-0.518257248E+00
 0.131019960E+01-0.503168429E+00 0.131331693E+01-0.488047157E+00 0.131630154E+01
-0.472899114E+00 0.131917807E+01-0.457730163E+00 0.132197453E+01-0.442546235E+00
 0.132471978E+01-0.427352958E+00 0.132744327E+01-0.412155762E+00 0.133017190E+01
-0.396959489E+00 0.133292179E+01-0.381767051E+00 0.133570600E+01-0.366580867E+00
 0.133853661E+01-0.351403263E+00 0.134142527E+01-0.336236605E+00 0.134437484E+01
-0.321081674E+00 0.134737940E+01-0.305937547E+00 0.135043347E+01-0.290803327E+00
 0.135353248E+01-0.275678242E+00 0.135667155E+01-0.260561420E+00 0.135984136E+01
-0.245451013E+00 0.136302932E+01-0.230344423E+00 0.136621901E+01-0.215238199E+00
 0.136938772E+01-0.200127562E+00 0.137250632E+01-0.185006512E+00 0.137554134E+01
-0.169868478E+00 0.137845677E+01-0.154706980E+00 0.138121452E+01-0.139516039E+00
 0.138377661E+01-0.124290908E+00 0.138611547E+01-0.109029914E+00 0.138820657E+01
-0.937330314E-01 0.139002407E+01-0.784012675E-01 0.139154140E+01-0.630369293E-01
 0.139273630E+01-0.476441831E-01 0.139359381E+01-0.322289807E-01 0.139410155E+01
-0.167983147E-01 0.139424986E+01-0.136002290E-02 0.139403380E+01 0.140774697E-01
 0.139345983E+01 0.295058185E-01 0.139254010E+01 0.449174422E-01 0.139128931E+01
 0.603057582E-01 0.138972418E+01 0.756653125E-01 0.138786746E+01 0.909923889E-01
 0.138574726E+01 0.106285277E+00 0.138339067E+01 0.121543556E+00 0.138082309E+01
 0.136767774E+00 0.137807080E+01 0.151959714E+00 0.137517110E+01 0.167124235E+00
 0.137216285E+01 0.182267617E+00 0.136908272E+01 0.197396553E+00 0.136596473E+01
 0.212517740E+00 0.136283763E+01 0.227637045E+00 0.135972224E+01 0.242758766E+00
 0.135663314E+01 0.257885880E+00 0.135358137E+01 0.273020565E+00 0.135057519E+01
 0.288164373E+00 0.134761769E+01 0.303317759E+00 0.134471086E+01 0.318480948E+00
 0.134185769E+01 0.333654326E+00 0.133906198E+01 0.348838393E+00 0.133632095E+01
 0.364032430E+00 0.133362137E+01 0.379233888E+00 0.133094949E+01 0.394440241E+00
 0.132829091E+01 0.409648926E+00 0.132562915E+01 0.424857055E+00 0.132293732E+01
 0.440059886E+00 0.132018407E+01 0.455251703E+00 0.131733805E+01 0.470426401E+00
 0.131436830E+01 0.485577354E+00 0.131124722E+01 0.500697838E+00 0.130795315E+01
 0.515781565E+00 0.130446671E+01 0.530821974E+00 0.130076929E+01 0.545811893E+00
 0.129683926E+01 0.560742483E+00 0.129264945E+01 0.575602228E+00 0.128817294E+01
 0.590378095E+00 0.128338840E+01 0.605057084E+00 0.127828301E+01 0.619627568E+00
 0.127285176E+01 0.634079739E+00 0.126709109E+01 0.648403777E+00 0.126099357E+01
 0.662587676E+00 0.125455657E+01 0.676620773E+00 0.124778785E+01 0.690496934E+00
 0.124070063E+01 0.704213168E+00 0.123330102E+01 0.717763423E+00 0.122559173E+01
 0.731139926E+00 0.121758968E+01 0.744343429E+00 0.120932893E+01 0.757386700E+00
 0.120083742E+01 0.770280940E+00 0.119211157E+01 0.783017749E+00 0.118314429E+01
 0.795585738E+00 0.117394249E+01 0.807983080E+00 0.116452974E+01 0.820221072E+00
 0.115493210E+01 0.832314634E+00 0.114516077E+01 0.844268302E+00 0.113520697E+01
 0.856070426E+00 0.112506008E+01 0.867706959E+00 0.111472227E+01 0.879174221E+00
 0.110420870E+01 0.890480580E+00 0.109353505E+01 0.901635972E+00 0.108270111E+01
 0.912635724E+00 0.107168868E+01 0.923456739E+00 0.106047814E+01 0.934072326E+00
 0.104906253E+01 0.944467074E+00 0.103745602E+01 0.954648260E+00 0.102568244E+01
 0.964635826E+00 0.101375013E+01 0.974433165E+00 0.100163902E+01 0.984008514E+00
 0.989330367E+00 0.993328499E+00 0.976820341E+00 0.100237637E+01 0.964113909E+00
 0.101114629E+01 0.951224542E+00 0.101964511E+01 0.938175036E+00 0.102789602E+01
 0.924987593E+00 0.103592468E+01 0.911668005E+00 0.104373212E+01 0.898214936E+00
 0.105130723E+01 0.884631604E+00 0.105864620E+01 0.870925460E+00 0.106575319E+01
 0.857107498E+00 0.107264030E+01 0.843191182E+00 0.107932651E+01 0.829191734E+00
 0.108583692E+01 0.815125789E+00 0.109220245E+01 0.801009363E+00 0.109845528E+01
 0.786856297E+00 0.110462476E+01 0.772676072E+00 0.111073157E+01 0.758472222E+00
 0.111678323E+01 0.744246466E+00 0.112278322E+01 0.730003425E+00 0.112874206E+01
 0.715748156E+00 0.113467160E+01 0.701486317E+00 0.114058532E+01 0.687223396E+00
 0.114649643E+01 0.672965676E+00 0.115242007E+01 0.658719530E+00 0.115837149E+01
 0.644492713E+00 0.116436896E+01 0.630295440E+00 0.117043600E+01 0.616136131E+00
 0.117659112E+01 0.602017597E+00 0.118283920E+01 0.587938883E+00 0.118917648E+01
 0.573908631E+00 0.119562037E+01
 0.156441580E+01 0.156423520E+01 0.173298350E+01 0.167901950E+01 0.134847970E+01
 0.206041340E+01 0.108819530E+01 0.205946000E+01 0.902253030E+00 0.187565310E+01
 0.903668760E+00 0.187424170E+01 0.533866470E+00 0.150285580E+01 0.538010660E+00
 0.149874330E+01 0.332797140E+00 0.129708960E+01 0.332797140E+00 0.109400000E+01
 0.334795920E+00 0.109400000E+01 0.303115250E+00 0.847500000E+00 0.305114030E+00
 0.847500000E+00 0.269135950E+00 0.565000000E+00 0.271134730E+00 0.565000000E+00
 0.260841000E+00 0.495257700E+00 0.260841000E+00-0.507257700E+00 0.271134730E+00
-0.576999960E+00 0.269135950E+00-0.576999960E+00 0.305114030E+00-0.859500000E+00
 0.303115250E+00-0.859500000E+00 0.334795920E+00-0.110600010E+01 0.332797140E+00
-0.110600010E+01 0.332797140E+00-0.130908970E+01 0.538598100E+00-0.150990190E+01
 0.534468950E+00-0.151402960E+01 0.905629600E+00-0.188405800E+01 0.904219000E+00
-0.188547470E+01 0.108819530E+01-0.206614000E+01 0.134847970E+01-0.206518650E+01
 0.173017910E+01-0.168098580E+01 0.156441580E+01-0.156883530E+01 0.137999130E+01
-0.157688300E+01 0.137989190E+01-0.157672700E+01 0.119622210E+01-0.158474990E+01
 0.119631650E+01-0.158489800E+01 0.105537410E+01-0.159104840E+01 0.105528350E+01
-0.159090630E+01 0.947502500E+00-0.159561420E+01 0.905686400E+00-0.159556230E+01
 0.899143000E+00-0.159478470E+01 0.883387860E+00-0.159026430E+01 0.867681200E+00
-0.158087360E+01 0.851322350E+00-0.156766880E+01 0.833481900E+00-0.154624210E+01
 0.826062560E+00-0.152875240E+01 0.822677700E+00-0.151516830E+01 0.821022750E+00
-0.149624060E+01 0.820691350E+00-0.147724350E+01 0.822887360E+00-0.144582030E+01
 0.827573000E+00-0.141923050E+01 0.839194600E+00-0.138728100E+01 0.855244300E+00
-0.135284130E+01 0.877566500E+00-0.132209860E+01 0.899473500E+00-0.130017830E+01
 0.118567730E+01-0.101380000E+01 0.127900000E+01-0.842300000E+00 0.129600000E+01
-0.820200000E+00 0.143300000E+01-0.820200000E+00 0.143300000E+01-0.711000000E+00
 0.149000000E+01-0.491000000E+00 0.146000000E+01-0.491000000E+00 0.146000000E+01
-0.233000000E+00 0.166100000E+01-0.233000000E+00 0.166100000E+01 0.226000000E+00
 0.146000000E+01 0.226000000E+00 0.146000000E+01 0.481000000E+00 0.149300000E+01
 0.481000000E+00 0.147400000E+01 0.554000000E+00 0.143300000E+01 0.711000000E+00
 0.143300000E+01 0.815600000E+00 0.129600000E+01 0.815600000E+00 0.127900000E+01
 0.837699950E+00 0.118567730E+01 0.100920000E+01 0.899473500E+00 0.129557820E+01
 0.877566500E+00 0.131749860E+01 0.855244300E+00 0.134824120E+01 0.839194600E+00
 0.138268090E+01 0.827573000E+00 0.141463040E+01 0.822887360E+00 0.144122030E+01
 0.820691350E+00 0.147264350E+01 0.821022750E+00 0.149164060E+01 0.822677700E+00
 0.151056830E+01 0.826062560E+00 0.152415240E+01 0.833481900E+00 0.154164210E+01
 0.851322350E+00 0.156306870E+01 0.867681200E+00 0.157627360E+01 0.883387860E+00
 0.158566430E+01 0.899143000E+00 0.159018470E+01 0.905686400E+00 0.159096230E+01
 0.947502500E+00 0.159101410E+01 0.105528350E+01 0.158630620E+01 0.105537410E+01
 0.158644830E+01 0.119631650E+01 0.158029800E+01 0.119622210E+01 0.158014990E+01
 0.137989190E+01 0.157212700E+01 0.137999130E+01 0.157228290E+01 0.156441580E+01
 0.156423520E+01
    0
