EFIT++      MAST # 47051 # 640ms                   0  65  65
 0.194000000E+01 0.440000000E+01 0.800000000E+00 0.600000000E-01 0.000000000E+00
 0.982603059E+00 0.603252979E-03-0.687645303E-01 0.954900941E-03-0.654925175E+00
 0.736810026E+06-0.687645303E-01 0.000000000E+00 0.982603059E+00 0.000000000E+00
 0.603252979E-03 0.000000000E+00 0.954900941E-03 0.000000000E+00 0.000000000E+00
-0.539835932E+00-0.539520952E+00-0.539202679E+00-0.538881365E+00-0.538557264E+00
-0.538230629E+00-0.537901714E+00-0.537570775E+00-0.537238067E+00-0.536903846E+00
-0.536568370E+00-0.536231895E+00-0.535894680E+00-0.535556984E+00-0.535219065E+00
-0.534881184E+00-0.534543602E+00-0.534206580E+00-0.533870380E+00-0.533535265E+00
-0.533201497E+00-0.532869342E+00-0.532539063E+00-0.532210926E+00-0.531885197E+00
-0.531562143E+00-0.531242030E+00-0.530925126E+00-0.530611699E+00-0.530302019E+00
-0.529996355E+00-0.529694977E+00-0.529398154E+00-0.529106160E+00-0.528819264E+00
-0.528537738E+00-0.528261856E+00-0.527991889E+00-0.527728110E+00-0.527470794E+00
-0.527220214E+00-0.526976644E+00-0.526740358E+00-0.526511630E+00-0.526290735E+00
-0.526077948E+00-0.525873544E+00-0.525677797E+00-0.525490982E+00-0.525313374E+00
-0.525145247E+00-0.524986877E+00-0.524838536E+00-0.524700500E+00-0.524573043E+00
-0.524456436E+00-0.524350954E+00-0.524256868E+00-0.524174452E+00-0.524103975E+00
-0.524045709E+00-0.523999924E+00-0.523966889E+00-0.523946871E+00-0.523940140E+00
 0.272584342E+05 0.266231107E+05 0.259878790E+05 0.253530565E+05 0.247189602E+05
 0.240859076E+05 0.234542157E+05 0.228242018E+05 0.221961832E+05 0.215704770E+05
 0.209474006E+05 0.203272711E+05 0.197104057E+05 0.190971218E+05 0.184877364E+05
 0.178825670E+05 0.172819306E+05 0.166861445E+05 0.160955260E+05 0.155103922E+05
 0.149310604E+05 0.143578479E+05 0.137910719E+05 0.132310495E+05 0.126780981E+05
 0.121325348E+05 0.115946769E+05 0.110648416E+05 0.105433462E+05 0.100305078E+05
 0.952664378E+04 0.903207126E+04 0.854710751E+04 0.807206975E+04 0.760727522E+04
 0.715304114E+04 0.670968475E+04 0.627752328E+04 0.585687395E+04 0.544805399E+04
 0.505138064E+04 0.466717113E+04 0.429574268E+04 0.393741253E+04 0.359249790E+04
 0.326131603E+04 0.294418414E+04 0.264141947E+04 0.235333925E+04 0.208026070E+04
 0.182250106E+04 0.158037755E+04 0.135420741E+04 0.114430787E+04 0.950996147E+03
 0.774589485E+03 0.615405108E+03 0.473760248E+03 0.349972134E+03 0.244357996E+03
 0.157235064E+03 0.889205686E+02 0.397317394E+02 0.998580653E+01 0.000000000E+00
-0.155230498E+00-0.156833583E+00-0.158308777E+00-0.159656080E+00-0.160875492E+00
-0.161967014E+00-0.162930644E+00-0.163766384E+00-0.164474233E+00-0.165054191E+00
-0.165506258E+00-0.165830434E+00-0.166026720E+00-0.166095115E+00-0.166035619E+00
-0.165848232E+00-0.165532954E+00-0.165089785E+00-0.164518726E+00-0.163819776E+00
-0.162992935E+00-0.162038203E+00-0.160955580E+00-0.159745066E+00-0.158406662E+00
-0.156940366E+00-0.155346180E+00-0.153624103E+00-0.151774136E+00-0.149796277E+00
-0.147690528E+00-0.145456887E+00-0.143095356E+00-0.140605934E+00-0.137988621E+00
-0.135243418E+00-0.132370323E+00-0.129369338E+00-0.126240462E+00-0.122983695E+00
-0.119599037E+00-0.116086489E+00-0.112446049E+00-0.108677719E+00-0.104781498E+00
-0.100757386E+00-0.966053829E-01-0.923254893E-01-0.879177048E-01-0.833820295E-01
-0.787184634E-01-0.739270064E-01-0.690076586E-01-0.639604200E-01-0.587852905E-01
-0.534822702E-01-0.480513591E-01-0.424925571E-01-0.368058643E-01-0.309912807E-01
-0.250488062E-01-0.189784409E-01-0.127801848E-01-0.645403780E-02 0.000000000E+00
-0.583149861E+06-0.583211136E+06-0.582981205E+06-0.582460067E+06-0.581647724E+06
-0.580544175E+06-0.579149419E+06-0.577463458E+06-0.575486290E+06-0.573217916E+06
-0.570658337E+06-0.567807551E+06-0.564665559E+06-0.561232361E+06-0.557507957E+06
-0.553492346E+06-0.549185530E+06-0.544587508E+06-0.539698279E+06-0.534517845E+06
-0.529046204E+06-0.523283358E+06-0.517229305E+06-0.510884046E+06-0.504247581E+06
-0.497319910E+06-0.490101033E+06-0.482590950E+06-0.474789661E+06-0.466697166E+06
-0.458313464E+06-0.449638557E+06-0.440672443E+06-0.431415124E+06-0.421866598E+06
-0.412026866E+06-0.401895928E+06-0.391473784E+06-0.380760434E+06-0.369755878E+06
-0.358460116E+06-0.346873148E+06-0.334994973E+06-0.322825593E+06-0.310365007E+06
-0.297613214E+06-0.284570215E+06-0.271236011E+06-0.257610600E+06-0.243693983E+06
-0.229486160E+06-0.214987131E+06-0.200196896E+06-0.185115455E+06-0.169742807E+06
-0.154078954E+06-0.138123894E+06-0.121877629E+06-0.105340157E+06-0.885114796E+05
-0.713915959E+05-0.539805060E+05-0.362782101E+05-0.182847081E+05 0.000000000E+00
-5.377996015e-05-1.201745303e-04-2.101845181e-04-3.205948466e-04-4.472437300e-04
-5.850499445e-04-7.281211714e-04-8.702040770e-04-9.950031584e-04-1.073738461e-03
-1.115634949e-03-1.111414613e-03-1.042960099e-03-8.990150030e-04-6.640939274e-04
-3.255929912e-04 1.163744245e-04 6.721993573e-04 1.334664568e-03 2.102094463e-03
 2.963654985e-03 3.894134347e-03 4.876273845e-03 5.867076490e-03 6.841103428e-03
 7.768632186e-03 8.629564717e-03 9.432690893e-03 1.017307010e-02 1.087811649e-02
 1.155571311e-02 1.221786883e-02 1.288416619e-02 1.354460580e-02 1.422058208e-02
 1.489948932e-02 1.558580569e-02 1.628488202e-02 1.697876079e-02 1.769976589e-02
 1.841629045e-02 1.914285149e-02 1.987860637e-02 2.060246374e-02 2.134759779e-02
 2.207400400e-02 2.280878892e-02 2.353892297e-02 2.425081990e-02 2.497730512e-02
 2.567171796e-02 2.637458498e-02 2.705695543e-02 2.771689899e-02 2.837955289e-02
 2.899599696e-02 2.961012719e-02 3.018315028e-02 3.070836710e-02 3.121327771e-02
 3.163714763e-02 3.203051827e-02 3.235671404e-02 3.261499525e-02 3.285705588e-02
-8.169777370e-05-1.833246992e-04-3.224826672e-04-4.955899693e-04-6.979028894e-04
-9.234556766e-04-1.164976654e-03-1.412296327e-03-1.648015533e-03-1.838895428e-03
-1.991084412e-03-2.090661345e-03-2.122176508e-03-2.084484066e-03-1.863478483e-03
-1.504289246e-03-1.000066920e-03-3.374598421e-04 4.929036660e-04 1.492364039e-03
 2.651808634e-03 3.946788585e-03 5.326706518e-03 6.715415985e-03 8.021712771e-03
 9.167494361e-03 1.012090798e-02 1.090560357e-02 1.157810602e-02 1.219593278e-02
 1.280005653e-02 1.341360168e-02 1.404713297e-02 1.470396550e-02 1.538375568e-02
 1.608454015e-02 1.680384339e-02 1.753926702e-02 1.828876568e-02 1.905051731e-02
 1.982260246e-02 2.060300573e-02 2.138966275e-02 2.218048750e-02 2.297340936e-02
 2.376637178e-02 2.455740276e-02 2.534463981e-02 2.612638405e-02 2.690114738e-02
 2.766763194e-02 2.842473108e-02 2.917138806e-02 2.990639426e-02 3.062801126e-02
 3.133336319e-02 3.201754324e-02 3.267235283e-02 3.328508972e-02 3.383831630e-02
 3.431237769e-02 3.469158210e-02 3.497070708e-02 3.515618338e-02 3.526403569e-02
-1.161509623e-04-2.614966656e-04-4.621063640e-04-7.143431456e-04-1.013155205e-03
-1.351804056e-03-1.721553670e-03-2.110306793e-03-2.497048734e-03-2.872804715e-03
-3.200056579e-03-3.457222402e-03-3.633703848e-03-3.695977898e-03-3.597923170e-03
-3.297901721e-03-2.782248142e-03-2.027063444e-03-1.008081571e-03 2.944534558e-04
 1.896008385e-03 3.803598316e-03 5.986990864e-03 8.310983161e-03 1.042937706e-02
 1.193566740e-02 1.271909856e-02 1.305693664e-02 1.330576193e-02 1.363060480e-02
 1.406057701e-02 1.458392691e-02 1.518197449e-02 1.583796199e-02 1.653870906e-02
 1.727436043e-02 1.803771217e-02 1.882352404e-02 1.962791334e-02 2.044784541e-02
 2.128073185e-02 2.212414756e-02 2.297566046e-02 2.383275515e-02 2.469283215e-02
 2.555326716e-02 2.641151565e-02 2.726524762e-02 2.811249648e-02 2.895180691e-02
 2.978236693e-02 3.060410984e-02 3.141776759e-02 3.222484426e-02 3.302744281e-02
 3.382779084e-02 3.462710360e-02 3.542292498e-02 3.620296039e-02 3.693219009e-02
 3.753789637e-02 3.793556458e-02 3.810465252e-02 3.810703985e-02 3.802886540e-02
-1.567145308e-04-3.540099754e-04-6.285409552e-04-9.774904889e-04-1.396585336e-03
-1.879652809e-03-2.418113688e-03-2.999042304e-03-3.603058554e-03-4.214708136e-03
-4.802305718e-03-5.330045773e-03-5.769044512e-03-6.073560259e-03-6.189587959e-03
-6.059756956e-03-5.628881042e-03-4.848805607e-03-3.681154367e-03-2.095065294e-03
-5.329125351e-05 2.529815922e-03 5.815610163e-03 1.033260912e-02 1.525687792e-02
 1.735683137e-02 1.658263388e-02 1.484238411e-02 1.442398320e-02 1.453069507e-02
 1.491744120e-02 1.546995487e-02 1.612684426e-02 1.685243034e-02 1.762520998e-02
 1.843211088e-02 1.926524861e-02 2.011990647e-02 2.099318443e-02 2.188305958e-02
 2.278773296e-02 2.370519941e-02 2.463300445e-02 2.556816265e-02 2.650721401e-02
 2.744639266e-02 2.838187973e-02 2.931010986e-02 3.022810240e-02 3.113379324e-02
 3.202635432e-02 3.290650323e-02 3.377682765e-02 3.464217881e-02 3.551023191e-02
 3.639238219e-02 3.730528118e-02 3.827365583e-02 3.933655743e-02 4.058282118e-02
 4.192264733e-02 4.239191071e-02 4.199188199e-02 4.133664232e-02 4.085628065e-02
-2.010870311e-04-4.560555147e-04-8.141865379e-04-1.275018205e-03-1.836880383e-03
-2.496213693e-03-3.246831477e-03-4.077714282e-03-4.972244405e-03-5.915874273e-03
-6.883890941e-03-7.832501187e-03-8.724202112e-03-9.497137861e-03-1.006353931e-02
-1.031442513e-02-1.013450253e-02-9.429576409e-03-8.153463699e-03-6.316261291e-03
-3.968291427e-03-1.177109604e-03 1.970814054e-03 5.294600136e-03 8.346011148e-03
 1.059265418e-02 1.193768684e-02 1.279371249e-02 1.353445132e-02 1.430339630e-02
 1.512197642e-02 1.597917276e-02 1.686098264e-02 1.775749532e-02 1.866356858e-02
 1.957785623e-02 2.050153291e-02 2.143709291e-02 2.238732422e-02 2.335448265e-02
 2.433967412e-02 2.534245243e-02 2.636063981e-02 2.739037085e-02 2.842634773e-02
 2.946227650e-02 3.049143641e-02 3.150732075e-02 3.250428330e-02 3.347813176e-02
 3.442663002e-02 3.534990336e-02 3.625078364e-02 3.713518513e-02 3.801267397e-02
 3.889751224e-02 3.981069074e-02 4.078398471e-02 4.186816802e-02 4.313745372e-02
 4.448440079e-02 4.497423078e-02 4.457180140e-02 4.369624205e-02 4.312416277e-02
-2.435676328e-04-5.553763647e-04-9.987658697e-04-1.578186227e-03-2.297419310e-03
-3.158340885e-03-4.159836013e-03-5.296838626e-03-6.552060867e-03-7.922936317e-03
-9.395576357e-03-1.094591378e-02-1.255262260e-02-1.417387708e-02-1.569343159e-02
-1.687680524e-02-1.737136064e-02-1.684704229e-02-1.520735863e-02-1.265068497e-02
-9.522937212e-03-6.133666851e-03-2.701317008e-03 6.121726470e-04 3.672046418e-03
 6.381374073e-03 8.709340352e-03 1.069311583e-02 1.240434237e-02 1.391274527e-02
 1.527057748e-02 1.651388825e-02 1.766880190e-02 1.875660080e-02 1.979644235e-02
 2.080631129e-02 2.180297739e-02 2.280148787e-02 2.381449074e-02 2.485154869e-02
 2.591854889e-02 2.701730501e-02 2.814544438e-02 2.929665230e-02 3.046129969e-02
 3.162741994e-02 3.278194010e-02 3.391202384e-02 3.500635893e-02 3.605622587e-02
 3.705622174e-02 3.800457842e-02 3.890309115e-02 3.975673310e-02 4.057304251e-02
 4.136129658e-02 4.213125954e-02 4.289068430e-02 4.363885250e-02 4.434756160e-02
 4.491813882e-02 4.520007522e-02 4.517847113e-02 4.496965820e-02 4.469784710e-02
-2.725651469e-04-6.268244044e-04-1.140264966e-03-1.826994993e-03-2.701648069e-03
-3.776593594e-03-5.058753517e-03-6.545300409e-03-8.222888349e-03-1.007923127e-02
-1.210470566e-02-1.431143745e-02-1.676266857e-02-1.962204839e-02-2.313763464e-02
-2.728564943e-02-3.071541681e-02-3.065267796e-02-2.675845575e-02-2.083933705e-02
-1.529604464e-02-1.038205201e-02-5.982243999e-03-2.007248503e-03 1.588855321e-03
 4.826367143e-03 7.717197930e-03 1.027549366e-02 1.252156619e-02 1.448188802e-02
 1.618804998e-02 1.767583321e-02 1.898416433e-02 2.015361570e-02 2.122459405e-02
 2.223561794e-02 2.322194799e-02 2.421454890e-02 2.523918194e-02 2.631544355e-02
 2.745573431e-02 2.866435364e-02 2.993704751e-02 3.126131588e-02 3.261762988e-02
 3.398150162e-02 3.532617715e-02 3.662560765e-02 3.785727843e-02 3.900444214e-02
 4.005736318e-02 4.101337576e-02 4.187584104e-02 4.265232948e-02 4.335242894e-02
 4.398546205e-02 4.455817361e-02 4.507227922e-02 4.552193951e-02 4.589227074e-02
 4.616201789e-02 4.631427610e-02 4.635312109e-02 4.631610353e-02 4.622501278e-02
-2.666375510e-04-6.229170573e-04-1.157485131e-03-1.903102633e-03-2.897368457e-03
-4.177212770e-03-5.771095257e-03-7.687349212e-03-9.898385066e-03-1.233922668e-02
-1.489770443e-02-1.747691898e-02-2.007574906e-02-2.296024397e-02-2.665016143e-02
-3.188667635e-02-3.738466330e-02-3.734486538e-02-3.170660740e-02-2.315312300e-02
-1.661523158e-02-1.113791502e-02-6.322445976e-03-1.972762855e-03 2.004619440e-03
 5.645136307e-03 8.949467559e-03 1.189982758e-02 1.447524803e-02 1.666646093e-02
 1.848696369e-02 1.997616295e-02 2.119390959e-02 2.221022331e-02 2.309554830e-02
 2.391479867e-02 2.472532250e-02 2.557703642e-02 2.651267159e-02 2.756669783e-02
 2.876258028e-02 3.010923069e-02 3.159829441e-02 3.320373963e-02 3.488421967e-02
 3.658768273e-02 3.825739234e-02 3.983871752e-02 4.128601488e-02 4.256837235e-02
 4.367256483e-02 4.460214772e-02 4.537313009e-02 4.600803389e-02 4.653036397e-02
 4.696068346e-02 4.731447342e-02 4.760141171e-02 4.782569952e-02 4.798730053e-02
 4.808401786e-02 4.811110824e-02 4.811026323e-02 4.805997791e-02 4.796357772e-02
-1.916161801e-04-4.636433006e-04-9.039419238e-04-1.577079671e-03-2.568097679e-03
-3.972350643e-03-5.879811834e-03-8.365937037e-03-1.148240256e-02-1.520679313e-02
-1.905586676e-02-2.201978523e-02-2.354691719e-02-2.395027749e-02-2.415548700e-02
-2.431171838e-02-2.396394618e-02-2.256239060e-02-1.990599218e-02-1.627124048e-02
-1.213572838e-02-7.842727906e-03-3.550677294e-03 6.794847627e-04 4.814023714e-03
 8.805789482e-03 1.257006380e-02 1.597764775e-02 1.887870411e-02 2.116010288e-02
 2.280336657e-02 2.389704120e-02 2.459390785e-02 2.505157284e-02 2.539759549e-02
 2.572540552e-02 2.610581007e-02 2.660092342e-02 2.727371786e-02 2.818889288e-02
 2.940268634e-02 3.094503288e-02 3.280441668e-02 3.492493525e-02 3.721562657e-02
 3.956400539e-02 4.184756210e-02 4.394542223e-02 4.575564329e-02 4.721633089e-02
 4.831899101e-02 4.910330789e-02 4.963564883e-02 4.998514702e-02 5.020888013e-02
 5.034753983e-02 5.042717978e-02 5.046288441e-02 5.046231059e-02 5.042853993e-02
 5.036227994e-02 5.026453327e-02 5.016180709e-02 5.003917244e-02 4.988581265e-02
-1.380609611e-05-5.630230443e-05-1.723439296e-04-4.499649817e-04-1.072413199e-03
-2.326282799e-03-4.388345802e-03-7.288451746e-03-1.118286264e-02-1.656226128e-02
-2.328216592e-02-2.704691397e-02-2.698244149e-02-2.326619900e-02-2.077015145e-02
-1.893201206e-02-1.720043392e-02-1.524660416e-02-1.289755900e-02-1.010586202e-02
-6.904231462e-03-3.351688804e-03 5.047032689e-04 4.643560754e-03 9.062749501e-03
 1.375170643e-02 1.861934480e-02 2.333792068e-02 2.722172965e-02 2.959156348e-02
 3.031819856e-02 2.995151608e-02 2.917821917e-02 2.841058777e-02 2.777151566e-02
 2.728670087e-02 2.695857520e-02 2.679369556e-02 2.686895954e-02 2.733181383e-02
 2.839933697e-02 3.023095300e-02 3.281492261e-02 3.598403946e-02 3.949830168e-02
 4.313912676e-02 4.668474062e-02 4.985741668e-02 5.235382669e-02 5.397502172e-02
 5.475992625e-02 5.495339744e-02 5.483236107e-02 5.458346006e-02 5.429883110e-02
 5.401744096e-02 5.375107070e-02 5.350039794e-02 5.326215762e-02 5.303102807e-02
 5.280243619e-02 5.257392421e-02 5.236147405e-02 5.214916632e-02 5.193105513e-02
 2.443810022e-04 5.598470766e-04 1.021831258e-03 1.679888469e-03 2.505979245e-03
 1.846877043e-03-7.325853201e-04-3.628772051e-03-6.787624211e-03-1.022586460e-02
-1.348794991e-02-1.568686945e-02-1.631090624e-02-1.563915032e-02-1.443874013e-02
-1.305753665e-02-1.151642362e-02-9.756122876e-03-7.713768286e-03-5.343300034e-03
-2.614548889e-03 4.979266351e-04 4.030880452e-03 8.052260831e-03 1.269056928e-02
 1.819300074e-02 2.507466392e-02 3.461382785e-02 4.380786046e-02 4.662799668e-02
 4.268142931e-02 3.653434203e-02 3.304316415e-02 3.081342109e-02 2.926743440e-02
 2.809644974e-02 2.708795938e-02 2.605340906e-02 2.480055085e-02 2.330829351e-02
 2.310734788e-02 2.543433311e-02 3.008774780e-02 3.588244558e-02 4.162267461e-02
 4.745354662e-02 5.363979112e-02 5.994002194e-02 6.445282781e-02 6.596871094e-02
 6.423612424e-02 6.207017618e-02 6.044292999e-02 5.924149808e-02 5.832400145e-02
 5.759585895e-02 5.699626916e-02 5.648486640e-02 5.603741497e-02 5.563421483e-02
 5.526558661e-02 5.492491255e-02 5.460676822e-02 5.429892795e-02 5.399122191e-02
 4.873748864e-04 1.123685326e-03 2.057621279e-03 3.338300972e-03 4.834525014e-03
 4.671446039e-03 2.450403178e-03 1.658836888e-04-2.015351461e-03-4.051017840e-03
-5.823346846e-03-7.181876978e-03-8.006369471e-03-8.281856573e-03-8.075313202e-03
-7.471359134e-03-6.528323858e-03-5.271603419e-03-3.703837395e-03-1.815217827e-03
 4.112222297e-04 2.999302951e-03 5.983113933e-03 9.412929665e-03 1.336195490e-02
 1.792712113e-02 2.318722894e-02 2.892244441e-02 3.376844179e-02 3.603654237e-02
 3.546426879e-02 3.343144963e-02 3.149673637e-02 3.000293171e-02 2.888153202e-02
 2.799682584e-02 2.719488566e-02 2.628347517e-02 2.497582677e-02 2.278516220e-02
 2.193243955e-02 2.448243345e-02 3.062941279e-02 3.759368368e-02 4.400520706e-02
 5.044488902e-02 5.749114042e-02 6.564869190e-02 7.089509720e-02 7.198821349e-02
 6.884528126e-02 6.590729886e-02 6.393954728e-02 6.252218251e-02 6.143370212e-02
 6.055406869e-02 5.981478026e-02 5.917462165e-02 5.860748411e-02 5.809598296e-02
 5.762795298e-02 5.719434166e-02 5.678782428e-02 5.640221204e-02 5.603477940e-02
 6.647121299e-04 1.520894164e-03 2.750349301e-03 4.379699448e-03 6.252799822e-03
 6.445973682e-03 4.485650784e-03 2.880333432e-03 1.405798214e-03 3.043543019e-05
-1.199681205e-03-2.210814812e-03-2.946650771e-03-3.374304118e-03-3.483861490e-03
-3.280338220e-03-2.773999914e-03-1.973676117e-03-8.840819643e-04 4.941142312e-04
 2.162978515e-03 4.125441440e-03 6.382531888e-03 8.928266748e-03 1.173936859e-02
 1.475564393e-02 1.784886918e-02 2.079385211e-02 2.328598690e-02 2.513289075e-02
 2.626861528e-02 2.680206095e-02 2.699311458e-02 2.706147453e-02 2.714154089e-02
 2.729946796e-02 2.756713365e-02 2.797840531e-02 2.861678345e-02 2.967487977e-02
 3.145096420e-02 3.418200509e-02 3.785279008e-02 4.219670894e-02 4.688062804e-02
 5.163480524e-02 5.619938326e-02 6.021346527e-02 6.324118030e-02 6.501709626e-02
 6.563607471e-02 6.547844984e-02 6.493294609e-02 6.423687145e-02 6.350422766e-02
 6.278520731e-02 6.210076457e-02 6.145841617e-02 6.085924032e-02 6.030112525e-02
 5.978038658e-02 5.929262626e-02 5.883322173e-02 5.839767441e-02 5.798420005e-02
 7.871806633e-04 1.793194981e-03 3.222938310e-03 5.093447422e-03 7.225816378e-03
 7.691199429e-03 6.111185960e-03 4.878035868e-03 3.781821873e-03 2.725437196e-03
 1.758390616e-03 9.218645611e-04 2.516223449e-04-2.242604539e-04-4.861219455e-04
-5.217304181e-04-3.243337381e-04 1.093179468e-04 7.802901324e-04 1.687877992e-03
 2.829091067e-03 4.197243463e-03 5.779595724e-03 7.553947846e-03 9.484304721e-03
 1.151653706e-02 1.357658204e-02 1.557555833e-02 1.742535094e-02 1.905458888e-02
 2.049334328e-02 2.173865306e-02 2.283912721e-02 2.387616122e-02 2.492684660e-02
 2.606281535e-02 2.735148228e-02 2.886127278e-02 3.066675283e-02 3.284676777e-02
 3.546939539e-02 3.856523943e-02 4.210132246e-02 4.597171222e-02 5.000733797e-02
 5.399455702e-02 5.769694384e-02 6.088575400e-02 6.338234801e-02 6.510156206e-02
 6.607282233e-02 6.642143563e-02 6.631787956e-02 6.592561390e-02 6.537219062e-02
 6.474454431e-02 6.409648697e-02 6.345863373e-02 6.284665016e-02 6.226706376e-02
 6.172105675e-02 6.120684546e-02 6.072113799e-02 6.025991867e-02 5.981395002e-02
 8.732961169e-04 1.984865823e-03 3.556440220e-03 5.599355409e-03 7.933276368e-03
 8.624858541e-03 7.243096277e-03 6.249632058e-03 5.350735111e-03 4.470505383e-03
 3.635409888e-03 2.874511027e-03 2.214733304e-03 1.679670649e-03 1.288990144e-03
 1.058350797e-03 9.996933137e-04 1.121643401e-03 1.429840748e-03 1.926903980e-03
 2.612058626e-03 3.480435710e-03 4.522125045e-03 5.721174995e-03 7.054890773e-03
 8.493991475e-03 1.000425695e-02 1.155007240e-02 1.309989270e-02 1.463240737e-02
 1.613971988e-02 1.763223247e-02 1.916170738e-02 2.074016712e-02 2.240851278e-02
 2.420258230e-02 2.620200242e-02 2.845608162e-02 3.102108717e-02 3.393961314e-02
 3.721937584e-02 4.087953374e-02 4.491031335e-02 4.925616815e-02 5.379031755e-02
 5.827422053e-02 6.235615719e-02 6.569605081e-02 6.807980093e-02 6.944160989e-02
 6.987601945e-02 6.963785672e-02 6.903226935e-02 6.827292863e-02 6.747321807e-02
 6.668829695e-02 6.594330982e-02 6.524775476e-02 6.460285310e-02 6.400553061e-02
 6.345065299e-02 6.293230184e-02 6.244450093e-02 6.198172649e-02 6.154370647e-02
 9.360371166e-04 2.124591594e-03 3.799491317e-03 5.967097167e-03 8.443440541e-03
 9.286425846e-03 8.047655131e-03 7.166977543e-03 6.377259394e-03 5.572190707e-03
 4.775795821e-03 4.011877936e-03 3.303020316e-03 2.669897166e-03 2.130937949e-03
 1.702251887e-03 1.397704693e-03 1.229141480e-03 1.206495929e-03 1.337432439e-03
 1.626897263e-03 2.076691736e-03 2.685100635e-03 3.446690068e-03 4.352496992e-03
 5.390902296e-03 6.549048464e-03 7.814300739e-03 9.176184436e-03 1.062849559e-02
 1.217118471e-02 1.381132671e-02 1.556363830e-02 1.745485768e-02 1.951045210e-02
 2.175474058e-02 2.423555212e-02 2.699474095e-02 3.007564488e-02 3.351834836e-02
 3.735595204e-02 4.163878623e-02 4.642963636e-02 5.180967639e-02 5.790541118e-02
 6.506654490e-02 7.161977842e-02 7.627466330e-02 7.881132441e-02 7.909415972e-02
 7.716454191e-02 7.424324902e-02 7.219308320e-02 7.061393238e-02 6.935330499e-02
 6.831965256e-02 6.745192866e-02 6.670769077e-02 6.605644238e-02 6.547562456e-02
 6.494813809e-02 6.446077529e-02 6.400319567e-02 6.356715976e-02 6.314274650e-02
 9.842430079e-04 2.232734182e-03 3.989461780e-03 6.257642879e-03 8.838836293e-03
 9.775663196e-03 8.652749868e-03 7.837655452e-03 7.066368823e-03 6.246187292e-03
 5.404422587e-03 4.564018529e-03 3.745017592e-03 2.965461287e-03 2.241859330e-03
 1.589467691e-03 1.022591402e-03 5.545664104e-04 2.016421363e-04-2.131888861e-05
-1.016336839e-04-2.901697615e-05 2.040488807e-04 6.017653489e-04 1.164161463e-03
 1.889412718e-03 2.778903029e-03 3.832518338e-03 5.049602278e-03 6.430186117e-03
 7.976794928e-03 9.695538094e-03 1.159596580e-02 1.369104010e-02 1.599733284e-02
 1.853508279e-02 2.132853495e-02 2.440600704e-02 2.780066903e-02 3.155297794e-02
 3.571549771e-02 4.035994139e-02 4.558702470e-02 5.154597943e-02 5.846541235e-02
 6.660789734e-02 7.397365012e-02 7.890424476e-02 8.142765190e-02 8.147806253e-02
 7.896021732e-02 7.547657357e-02 7.304553902e-02 7.131674577e-02 7.003943248e-02
 6.906141182e-02 6.828618953e-02 6.765013242e-02 6.710993768e-02 6.663539948e-02
 6.620505193e-02 6.580344296e-02 6.541936552e-02 6.504465907e-02 6.467429810e-02
 1.021664984e-03 2.318306567e-03 4.144626548e-03 6.507452402e-03 9.228433457e-03
 1.037012704e-02 9.422990355e-03 8.481109171e-03 7.566683949e-03 6.621937828e-03
 5.651606075e-03 4.667441111e-03 3.682067527e-03 2.708309689e-03 1.758983316e-03
 8.469051995e-04-1.439477025e-05-8.044440360e-04-1.502994673e-03-2.090291643e-03
-2.547353132e-03-2.856229524e-03-3.000268347e-03-2.964369445e-03-2.735173256e-03
-2.300954305e-03-1.651593538e-03-7.798263497e-04 3.171496455e-04 1.634974169e-03
 3.173055701e-03 4.939077467e-03 6.937607673e-03 9.172622431e-03 1.165028901e-02
 1.437832108e-02 1.736627509e-02 2.062566145e-02 2.417020084e-02 2.801731693e-02
 3.219617630e-02 3.677166319e-02 4.182410796e-02 4.736564564e-02 5.348382398e-02
 6.014045825e-02 6.626714765e-02 7.064233167e-02 7.309905645e-02 7.343066913e-02
 7.244890461e-02 7.145134813e-02 7.054117126e-02 6.980482984e-02 6.922477767e-02
 6.876664053e-02 6.839587267e-02 6.808324511e-02 6.780573350e-02 6.754592153e-02
 6.729103666e-02 6.703200287e-02 6.676262877e-02 6.647901255e-02 6.618210768e-02
 1.046105520e-03 2.374495407e-03 4.247340649e-03 6.674496576e-03 9.472932267e-03
 1.071313696e-02 9.897421664e-03 8.839226612e-03 7.782187367e-03 6.682897666e-03
 5.548703378e-03 4.384102458e-03 3.195785105e-03 1.991922744e-03 7.816650026e-04
-4.237849945e-04-1.603341806e-03-2.734602668e-03-3.794316613e-03-4.758635196e-03
-5.603379013e-03-6.304307452e-03-6.837394181e-03-7.179114268e-03-7.306751721e-03
-7.198771753e-03-6.835347196e-03-6.199082706e-03-5.275946820e-03-4.056261300e-03
-2.535056097e-03-7.142816624e-04 1.391513689e-03 3.758808553e-03 6.391410882e-03
 9.285365879e-03 1.243487436e-02 1.583305972e-02 1.947100753e-02 2.333469464e-02
 2.738265384e-02 3.178310829e-02 3.643602731e-02 4.123575628e-02 4.613426219e-02
 5.090381650e-02 5.525653353e-02 5.895061691e-02 6.184270717e-02 6.393080513e-02
 6.534924395e-02 6.629563417e-02 6.694224897e-02 6.740369060e-02 6.774610513e-02
 6.800432467e-02 6.819518770e-02 6.832615573e-02 6.840036923e-02 6.841940138e-02
 6.838463711e-02 6.829787203e-02 6.816148723e-02 6.797830970e-02 6.774575502e-02
 1.055064209e-03 2.394157134e-03 4.280573080e-03 6.721802050e-03 9.529684631e-03
 1.076470637e-02 9.917755426e-03 8.801747873e-03 7.639779537e-03 6.409984673e-03
 5.114417502e-03 3.758943812e-03 2.349754107e-03 8.934401272e-04-6.025937091e-04
-2.117966220e-03-3.630037951e-03-5.114350933e-03-6.544828401e-03-7.894034153e-03
-9.133438255e-03-1.023369730e-02-1.116495588e-02-1.189717924e-02-1.240053434e-02
-1.264584166e-02-1.260513537e-02-1.225238715e-02-1.156440672e-02-1.052195971e-02
-9.111245806e-03-7.325858328e-03-5.169140496e-03-2.656203913e-03 1.840539933e-04
 3.297373599e-03 6.661177494e-03 1.025919349e-02 1.406956181e-02 1.806633011e-02
 2.221734184e-02 2.651414906e-02 3.089430617e-02 3.540946977e-02 3.995120220e-02
 4.431617605e-02 4.839377734e-02 5.210016876e-02 5.537481742e-02 5.819544031e-02
 6.057801170e-02 6.256540584e-02 6.421159657e-02 6.556894547e-02 6.668178425e-02
 6.758514147e-02 6.830611202e-02 6.886598211e-02 6.928215859e-02 6.956958430e-02
 6.974163708e-02 6.981062699e-02 6.978802681e-02 6.968463889e-02 6.951462242e-02
 1.050418520e-03 2.382407069e-03 4.256426630e-03 6.677167465e-03 9.463180444e-03
 1.066968536e-02 9.712465437e-03 8.514222104e-03 7.250869505e-03 5.883870119e-03
 4.419042110e-03 2.862230339e-03 1.218832870e-03-5.061062093e-04-2.295351058e-03
-4.126719807e-03-5.975705906e-03-7.815550846e-03-9.617437444e-03-1.135071113e-02
-1.298313645e-02-1.448118314e-02-1.581034098e-02-1.693546768e-02-1.782118067e-02
-1.843231283e-02-1.873446118e-02-1.869466318e-02-1.828225483e-02-1.746997077e-02
-1.623534048e-02-1.456247871e-02-1.244432218e-02-9.885335991e-03-6.904930922e-03
-3.541120775e-03 1.482346812e-04 4.072849901e-03 8.195129910e-03 1.248609664e-02
 1.691312864e-02 2.144167085e-02 2.603419153e-02 3.064801417e-02 3.521997810e-02
 3.967398824e-02 4.393831836e-02 4.795125666e-02 5.166421951e-02 5.504400629e-02
 5.807324166e-02 6.074864248e-02 6.307782759e-02 6.507583432e-02 6.676223344e-02
 6.815915604e-02 6.929009339e-02 7.017916362e-02 7.085058312e-02 7.132820004e-02
 7.163505074e-02 7.179295786e-02 7.182220237e-02 7.174125134e-02 7.156518126e-02
 1.036264822e-03 2.349277015e-03 4.194717516e-03 6.575274054e-03 9.294327740e-03
 1.040184575e-02 9.398261780e-03 8.112103291e-03 6.717842450e-03 5.194300735e-03
 3.545605902e-03 1.775123435e-03-1.141374204e-04-2.110590510e-03-4.193301988e-03
-6.338572610e-03-8.519989043e-03-1.070857019e-02-1.287294882e-02-1.497960327e-02
-1.699312720e-02-1.887653033e-02-2.059156474e-02-2.209907498e-02-2.335937645e-02
-2.433267399e-02-2.497954348e-02-2.526151260e-02-2.514178892e-02-2.458620030e-02
-2.356443267e-02-2.205165096e-02-2.003059503e-02-1.749423273e-02-1.444898681e-02
-1.091863631e-02-6.948982510e-03-2.612736412e-03 1.989105594e-03 6.743701005e-03
 1.162243275e-02 1.659052727e-02 2.160996121e-02 2.663740506e-02 3.162387769e-02
 3.651585045e-02 4.125776138e-02 4.579490019e-02 5.007607424e-02 5.405595210e-02
 5.769705653e-02 6.097134226e-02 6.386128110e-02 6.636037087e-02 6.847298219e-02
 7.021348802e-02 7.160470879e-02 7.267583065e-02 7.346006163e-02 7.399233079e-02
 7.430729272e-02 7.443779911e-02 7.441388476e-02 7.426220045e-02 7.400545773e-02
 1.016317284e-03 2.303301881e-03 4.110827256e-03 6.440278485e-03 9.101344408e-03
 1.014520612e-02 9.024198090e-03 7.631400136e-03 6.093676043e-03 4.403905847e-03
 2.563146528e-03 5.724542020e-04-1.564258160e-03-3.828271610e-03-6.197548821e-03
-8.646896634e-03-1.114810019e-02-1.367009334e-02-1.617918189e-02-1.863930944e-02
-2.101235843e-02-2.325847595e-02-2.533641412e-02-2.720387784e-02-2.881787729e-02
-3.013509136e-02-3.111225831e-02-3.170662405e-02-3.187649522e-02-3.158196325e-02
-3.078588426e-02-2.945522255e-02-2.756288026e-02-2.509014374e-02-2.202987798e-02
-1.839051884e-02-1.420079829e-02-9.515198930e-03-4.420123615e-03 9.613494797e-04
 6.463391482e-03 1.205942968e-02 1.771698674e-02 2.339935084e-02 2.906417033e-02
 3.466288510e-02 4.014061258e-02 4.543665845e-02 5.048590287e-02 5.522138292e-02
 5.957827623e-02 6.349910949e-02 6.693945781e-02 6.987293354e-02 7.229417920e-02
 7.421899748e-02 7.568153204e-02 7.672923872e-02 7.741691544e-02 7.780109273e-02
 7.793568528e-02 7.786923404e-02 7.764360376e-02 7.729384226e-02 7.685235774e-02
 9.933193352e-04 2.250637666e-03 4.015542075e-03 6.288446716e-03 8.875578394e-03
 9.825876674e-03 8.605371879e-03 7.103533933e-03 5.420570850e-03 3.562403216e-03
 1.528545982e-03-6.820071522e-04-3.057396275e-03-5.577660652e-03-8.219409512e-03
-1.095587405e-02-1.375704476e-02-1.658987503e-02-1.941854007e-02-2.220474239e-02
-2.490804990e-02-2.748625100e-02-2.989571092e-02-3.209171562e-02-3.402879425e-02
-3.566101948e-02-3.694229568e-02-3.782665980e-02-3.826863786e-02-3.822372140e-02
-3.764905355e-02-3.650444083e-02-3.475383413e-02-3.236744619e-02-2.932468287e-02
-2.561806846e-02-2.125830737e-02-1.628046489e-02-1.075098936e-02-4.775566784e-03
 1.492908636e-03 7.872967723e-03 1.434585588e-02 2.088608876e-02 2.746079028e-02
 3.402683271e-02 4.052766967e-02 4.689020525e-02 5.302279104e-02 5.881627578e-02
 6.415039998e-02 6.890670716e-02 7.298619751e-02 7.632678320e-02 7.891466893e-02
 8.078571219e-02 8.201635957e-02 8.270748092e-02 8.296678469e-02 8.289500778e-02
 8.257816674e-02 8.208519506e-02 8.146895918e-02 8.076868096e-02 8.000675676e-02
 9.692210611e-04 2.195643908e-03 3.916497345e-03 6.131521425e-03 8.640846489e-03
 9.491768101e-03 8.198875540e-03 6.561083186e-03 4.735089623e-03 2.712446672e-03
 4.908722602e-04-1.928519868e-03-4.528515446e-03-7.288091343e-03-1.018251222e-02
-1.318345273e-02-1.625917923e-02-1.937479589e-02-2.249254969e-02-2.557218122e-02
-2.857130389e-02-3.144579109e-02-3.415015005e-02-3.663786277e-02-3.886167903e-02
-4.077385415e-02-4.232633549e-02-4.347091644e-02-4.415939526e-02-4.434379943e-02
-4.397676333e-02-4.301217906e-02-4.140627598e-02-3.911932110e-02-3.611816671e-02
-3.237988889e-02-2.789675031e-02-2.268267657e-02-1.678131287e-02-1.027532326e-02
-3.296266319e-03 3.965080906e-03 1.137158762e-02 1.892175217e-02 2.660607632e-02
 3.440311175e-02 4.227211988e-02 5.014156793e-02 5.789336877e-02 6.534680316e-02
 7.225505770e-02 7.833385235e-02 8.332514987e-02 8.706639404e-02 8.953279640e-02
 9.084131963e-02 9.121447314e-02 9.091373686e-02 9.017529689e-02 8.917826992e-02
 8.804421475e-02 8.685011496e-02 8.564237672e-02 8.444773852e-02 8.328425477e-02
 9.454114019e-04 2.141404235e-03 3.819019171e-03 5.977527483e-03 8.429805164e-03
 9.222915720e-03 7.773515393e-03 6.031624664e-03 4.069646999e-03 1.891022595e-03
-5.077013126e-04-3.118963546e-03-5.924316723e-03-8.901447830e-03-1.202420568e-02
-1.526272371e-02-1.858362789e-02-2.195032169e-02-2.532333536e-02-2.866072214e-02
-3.191847917e-02-3.505096755e-02-3.801130528e-02-4.075170782e-02-4.322375617e-02
-4.537857919e-02-4.716694883e-02-4.853930076e-02-4.944571240e-02-4.983589283e-02
-4.965926796e-02-4.886527801e-02-4.740404445e-02-4.522760890e-02-4.229199271e-02
-3.856036832e-02-3.400765520e-02-2.862682599e-02-2.243709892e-02-1.549399444e-02
-7.900782990e-03 1.801202286e-04 8.518558330e-03 1.711287113e-02 2.599421557e-02
 3.519568582e-02 4.474692192e-02 5.466077307e-02 6.490042794e-02 7.529627364e-02
 8.536289954e-02 9.419419407e-02 1.009106009e-01 1.050526670e-01 1.065695910e-01
 1.058575826e-01 1.037527038e-01 1.011283670e-01 9.846648207e-02 9.595200505e-02
 9.364038855e-02 9.153529425e-02 8.962047645e-02 8.787331388e-02 8.627069043e-02
 9.229389120e-04 2.090260953e-03 3.727209635e-03 5.832588670e-03 8.205854547e-03
 8.893264847e-03 7.398847162e-03 5.537897801e-03 3.450300941e-03 1.129181840e-03
-1.429974409e-03-4.213342163e-03-7.201595457e-03-1.037129694e-02-1.369499976e-02
-1.714142271e-02-2.067570619e-02-2.425974548e-02-2.785258877e-02-3.141088063e-02
-3.488932520e-02-3.824114005e-02-4.141847015e-02-4.437273259e-02-4.705486725e-02
-4.941547637e-02-5.140484638e-02-5.297286026e-02-5.406882670e-02-5.464127498e-02
-5.463779252e-02-5.400501670e-02-5.268893403e-02-5.063568971e-02-4.779316646e-02
-4.411364839e-02-3.955793274e-02-3.410126906e-02-2.774145744e-02-2.050926272e-02
-1.248097007e-02-3.792423692e-03 5.346800042e-03 1.483087946e-02 2.474035152e-02
 3.518185866e-02 4.630114097e-02 5.830365093e-02 7.149150446e-02 8.635132946e-02
 1.039095472e-01 1.192617937e-01 1.294646535e-01 1.339192547e-01 1.324382224e-01
 1.259940055e-01 1.171505875e-01 1.106230912e-01 1.055064957e-01 1.013714448e-01
 9.795223991e-02 9.506841783e-02 9.259226915e-02 9.043109667e-02 8.851437869e-02
 9.026361598e-04 2.044086587e-03 3.644385764e-03 5.702014378e-03 8.018718075e-03
 8.641831330e-03 7.055224421e-03 5.095161017e-03 2.895886275e-03 4.480635804e-04
-2.249936848e-03-5.181968493e-03-8.327653204e-03-1.166240961e-02-1.515756122e-02
-1.878053649e-02-2.249515997e-02-2.626202699e-02-3.003894591e-02-3.378142520e-02
-3.744317673e-02-4.097660262e-02-4.433323166e-02-4.746407295e-02-5.031985875e-02
-5.285115622e-02-5.500833880e-02-5.674142170e-02-5.799978422e-02-5.873182318e-02
-5.888460924e-02-5.840365164e-02-5.723291891e-02-5.531531438e-02-5.259386581e-02
-4.901395406e-02-4.452696810e-02-3.909581065e-02-3.270265678e-02-2.535923192e-02
-1.711953668e-02-8.094285937e-03 1.534744786e-03 1.152953911e-02 2.197525454e-02
 3.299278547e-02 4.475697404e-02 5.752649931e-02 7.169626073e-02 8.788878877e-02
 1.075237490e-01 1.231659489e-01 1.380314652e-01 1.408294061e-01 1.384409144e-01
 1.308494406e-01 1.205485337e-01 1.131345916e-01 1.074725907e-01 1.030102044e-01
 9.939164912e-02 9.638283686e-02 9.382513370e-02 9.160801645e-02 8.965674204e-02
 8.851615016e-04 2.004366284e-03 3.573185550e-03 5.589864482e-03 7.862746016e-03
 8.437128132e-03 6.744943857e-03 4.716317019e-03 2.422606264e-03-1.323989730e-04
-2.946179725e-03-6.001736776e-03-9.277755427e-03-1.274863776e-02-1.638463112e-02
-2.015205514e-02-2.401362604e-02-2.792886869e-02-3.185459850e-02-3.574544785e-02
-3.955440579e-02-4.323333574e-02-4.673343506e-02-5.000560157e-02-5.300067737e-02
-5.566954787e-02-5.796308514e-02-5.983193858e-02-6.122619347e-02-6.209493945e-02
-6.238581741e-02-6.204464665e-02-6.101527557e-02-5.923985149e-02-5.665976775e-02
-5.321761859e-02-4.886056561e-02-4.354557933e-02-3.724703233e-02-2.996703839e-02
-2.174868375e-02-1.269180633e-02-2.970178515e-03 7.152049894e-03 1.758414192e-02
 2.839183752e-02 3.965470609e-02 5.146505961e-02 6.391701978e-02 7.705505909e-02
 9.050733230e-02 1.021984321e-01 1.113067280e-01 1.166316149e-01 1.177370250e-01
 1.152529783e-01 1.109697664e-01 1.069077649e-01 1.033598695e-01 1.002894520e-01
 9.762080736e-02 9.527944467e-02 9.320138024e-02 9.133435726e-02 8.963121055e-02
 8.710171929e-04 1.972232483e-03 3.515619155e-03 5.499193159e-03 7.720495649e-03
 8.223190217e-03 6.523889216e-03 4.412280790e-03 2.042659540e-03-5.975303429e-04
-3.502873163e-03-6.655725130e-03-1.003402577e-02-1.361136030e-02-1.735711214e-02
-2.123671727e-02-2.521201937e-02-2.924171501e-02-3.328186985e-02-3.728647883e-02
-4.120803721e-02-4.499808572e-02-4.860769179e-02-5.198783104e-02-5.508963826e-02
-5.786450516e-02-6.026401374e-02-6.223970792e-02-6.374272361e-02-6.472331874e-02
-6.513037046e-02-6.491093969e-02-6.401004405e-02-6.237083188e-02-5.993541344e-02
-5.664667888e-02-5.245151057e-02-4.730586408e-02-4.118221803e-02-3.407982917e-02
-2.603800057e-02-1.715208429e-02-7.591101947e-03 2.385387110e-03 1.248075633e-02
 2.268870610e-02 3.298653149e-02 4.331987303e-02 5.357554251e-02 6.354240267e-02
 7.287997988e-02 8.115211220e-02 8.794066991e-02 9.295798815e-02 9.613617557e-02
 9.766940451e-02 9.795503132e-02 9.743953590e-02 9.647541853e-02 9.528602530e-02
 9.399806610e-02 9.267966080e-02 9.136598094e-02 9.007428088e-02 8.881511741e-02
 8.605643377e-04 1.948495222e-03 3.473116978e-03 5.432376875e-03 7.634359422e-03
 8.124498251e-03 6.338084850e-03 4.188498003e-03 1.764185927e-03-9.378189234e-04
-3.909414599e-03-7.132459820e-03-1.058434113e-02-1.423804187e-02-1.806231247e-02
-2.202194645e-02-2.607815963e-02-3.018906121e-02-3.431019650e-02-3.839513308e-02
-4.239605623e-02-4.626433569e-02-4.995102491e-02-5.340725634e-02-5.658450167e-02
-5.943467434e-02-6.191006348e-02-6.396310222e-02-6.554599128e-02-6.661021939e-02
-6.710604791e-02-6.698205924e-02-6.618490838e-02-6.465946819e-02-6.234961997e-02
-5.920001371e-02-5.515919800e-02-5.018458465e-02-4.424973778e-02-3.735441293e-02
-2.953754491e-02-2.089290368e-02-1.158631277e-02-1.872122314e-03 7.895188659e-03
 1.757230281e-02 2.710603458e-02 3.641794469e-02 4.539877990e-02 5.390646134e-02
 6.177256420e-02 6.882112437e-02 7.489791621e-02 7.990184852e-02 8.380787615e-02
 8.667257667e-02 8.861894431e-02 8.980610427e-02 9.039713221e-02 9.053682207e-02
 9.034259132e-02 8.990468015e-02 8.929050473e-02 8.854983879e-02 8.772072521e-02
 8.540438195e-04 1.933687868e-03 3.446603737e-03 5.390649664e-03 7.566629774e-03
 8.020407468e-03 6.233619883e-03 4.050193336e-03 1.592288315e-03-1.147303234e-03
-4.159098205e-03-7.424658560e-03-1.092102557e-02-1.462080590e-02-1.849235619e-02
-2.250007363e-02-2.660479067e-02-3.076426252e-02-3.493372648e-02-3.906650456e-02
-4.311461421e-02-4.702934898e-02-5.076178955e-02-5.426320854e-02-5.748533797e-02
-6.038047699e-02-6.290142912e-02-6.500127294e-02-6.663298728e-02-6.774897312e-02
-6.830053988e-02-6.823745514e-02-6.750769638e-02-6.605759255e-02-6.383260322e-02
-6.077905213e-02-5.684720428e-02-5.199613463e-02-4.620085437e-02-3.946208678e-02
-3.181884888e-02-2.336350581e-02-1.425813719e-02-4.749854088e-03 4.818677224e-03
 1.418793915e-02 2.330496458e-02 3.210102949e-02 4.049283456e-02 4.838602831e-02
 5.568179984e-02 6.228648223e-02 6.812290364e-02 7.314111683e-02 7.732575300e-02
 8.069790400e-02 8.331100306e-02 8.524205674e-02 8.658089265e-02 8.742018381e-02
 8.784801985e-02 8.794348661e-02 8.777479041e-02 8.739904579e-02 8.685954212e-02
 8.516107432e-04 1.928151518e-03 3.436657935e-03 5.374908295e-03 7.541198165e-03
 7.980624177e-03 6.197109031e-03 3.998928177e-03 1.529757013e-03-1.222568958e-03
-4.248082749e-03-7.528188740e-03-1.103977413e-02-1.475529266e-02-1.864294912e-02
-2.266699252e-02-2.678811522e-02-3.096394548e-02-3.514961247e-02-3.929835428e-02
-4.336213403e-02-4.729222504e-02-5.103972582e-02-5.455596795e-02-5.779278572e-02
-6.070262539e-02-6.323848331e-02-6.535367708e-02-6.700147102e-02-6.813459829e-02
-6.870474728e-02-6.866211122e-02-6.795513897e-02-6.653067360e-02-6.433472468e-02
-6.131418770e-02-5.741989473e-02-5.261143664e-02-4.686421154e-02-4.017907512e-02
-3.259472702e-02-2.420247028e-02-1.516214462e-02-5.716823453e-03 3.797603395e-03
 1.308272194e-02 2.208718137e-02 3.074703876e-02 3.898786211e-02 4.672863298e-02
 5.388754869e-02 6.038934227e-02 6.617316110e-02 7.119960449e-02 7.545545096e-02
 7.895501769e-02 8.173789237e-02 8.386367999e-02 8.540506612e-02 8.644068092e-02
 8.704895825e-02 8.730363756e-02 8.727101942e-02 8.700882689e-02 8.657061218e-02
 8.533577736e-04 1.932107879e-03 3.443713334e-03 5.385986501e-03 7.569902620e-03
 8.039891899e-03 6.207076124e-03 4.036693447e-03 1.578587778e-03-1.161856604e-03
-4.174713188e-03-7.441443309e-03-1.093901498e-02-1.463997639e-02-1.851263552e-02
-2.252134855e-02-2.662691389e-02-3.078705964e-02-3.495700318e-02-3.909005404e-02
-4.313822469e-02-4.705281102e-02-5.078490273e-02-5.428578720e-02-5.750721540e-02
-6.040150767e-02-6.292148848e-02-6.502025382e-02-6.665079249e-02-6.776550307e-02
-6.831567394e-02-6.825102531e-02-6.751945113e-02-6.606714857e-02-6.383938235e-02
-6.078220089e-02-5.684549419e-02-5.198784358e-02-4.618363324e-02-3.943282341e-02
-3.177355336e-02-2.329725974e-02-1.416517499e-02-4.623878768e-03 4.984012351e-03
 1.440029577e-02 2.357189329e-02 3.242891613e-02 4.088543524e-02 4.884278935e-02
 5.619640431e-02 6.284620973e-02 6.870927981e-02 7.373195254e-02 7.789818286e-02
 8.123163552e-02 8.379086713e-02 8.565921332e-02 8.693259082e-02 8.770849164e-02
 8.807814696e-02 8.812220406e-02 8.790919590e-02 8.749569139e-02 8.692270459e-02
 8.592789172e-04 1.945554731e-03 3.467797222e-03 5.423850308e-03 7.611336888e-03
 8.074578990e-03 6.326278971e-03 4.165104077e-03 1.738677119e-03-9.656671071e-04
-3.939761635e-03-7.165386033e-03-1.061983931e-02-1.427601961e-02-1.810259767e-02
-2.206429504e-02-2.612226528e-02-3.023456682e-02-3.435670722e-02-3.844223043e-02
-4.244331287e-02-4.631133006e-02-4.999735507e-02-5.345255211e-02-5.662843421e-02
-5.947696223e-02-6.195047424e-02-6.400144812e-02-6.558211801e-02-6.664398581e-02
-6.713729465e-02-6.701056306e-02-6.621031875e-02-6.468122104e-02-6.236682346e-02
-5.921129981e-02-5.516253459e-02-5.017704485e-02-4.422722885e-02-3.731137710e-02
-2.946666178e-02-2.078484911e-02-1.142966277e-02-1.653520072e-03 8.189632086e-03
 1.796100019e-02 2.760938522e-02 3.705653305e-02 4.618962270e-02 5.485714244e-02
 6.287454600e-02 7.004527519e-02 7.619517139e-02 8.120970460e-02 8.506134574e-02
 8.781651268e-02 8.961729379e-02 9.064453994e-02 9.107917381e-02 9.107698956e-02
 9.076016866e-02 9.021955467e-02 8.952093975e-02 8.871156241e-02 8.782750654e-02
 8.692347702e-04 1.968173426e-03 3.508324774e-03 5.487699014e-03 7.709721224e-03
 8.220529819e-03 6.486700304e-03 4.379647385e-03 2.006816697e-03-6.373935547e-04
-3.546886984e-03-6.703917961e-03-1.008632055e-02-1.366757172e-02-1.741694899e-02
-2.129978957e-02-2.527784958e-02-2.930975303e-02-3.335151105e-02-3.735708441e-02
-4.127895606e-02-4.506867675e-02-4.867734559e-02-5.205598980e-02-5.515581260e-02
-5.792828672e-02-6.032508219e-02-6.229783077e-02-6.379774730e-02-6.477514860e-02
-6.517893678e-02-6.495614608e-02-6.405169317e-02-6.240852220e-02-5.996839920e-02
-5.667368436e-02-5.247048919e-02-4.731369426e-02-4.117433180e-02-3.404977810e-02
-2.597697901e-02-1.704845562e-02-7.430014187e-03 2.622115304e-03 1.281749855e-02
 2.315563787e-02 3.362427875e-02 4.418100469e-02 5.472247186e-02 6.503379518e-02
 7.473654368e-02 8.332252970e-02 9.030633379e-02 9.535114558e-02 9.837310415e-02
 9.960208002e-02 9.951580708e-02 9.864471207e-02 9.738242881e-02 9.595702876e-02
 9.448633034e-02 9.302736290e-02 9.160552926e-02 9.023028031e-02 8.890607613e-02
 8.829610604e-04 1.999367055e-03 3.564231554e-03 5.575767147e-03 7.839565214e-03
 8.401581408e-03 6.716850952e-03 4.676353597e-03 2.377503942e-03-1.832492144e-04
-3.002902524e-03-6.064332150e-03-9.346086937e-03-1.282242935e-02-1.646346991e-02
-2.023539981e-02-2.410082055e-02-2.801916088e-02-3.194716307e-02-3.583941281e-02
-3.964888140e-02-4.332744486e-02-4.682634340e-02-5.009654662e-02-5.308899453e-02
-5.575469245e-02-5.804464875e-02-5.990965840e-02-6.129995273e-02-6.216475691e-02
-6.245182308e-02-6.210703997e-02-6.107426108e-02-5.929554541e-02-5.671206737e-02
-5.326602466e-02-4.890394761e-02-4.358187344e-02-3.727286535e-02-2.997727852e-02
-2.173592946e-02-1.264582922e-02-2.877317169e-03 7.309753986e-03 1.782614571e-02
 2.874924478e-02 4.017642866e-02 5.223034652e-02 6.506161682e-02 7.884586511e-02
 9.350057972e-02 1.058566100e-01 1.157232709e-01 1.211559519e-01 1.217499872e-01
 1.182676888e-01 1.127737890e-01 1.080659226e-01 1.041274756e-01 1.008003740e-01
 9.795555050e-02 9.548953371e-02 9.332112439e-02 9.138727771e-02 8.963363881e-02
 9.000715674e-04 2.038267048e-03 3.633980163e-03 5.685650933e-03 7.991483497e-03
 8.596140112e-03 7.016630288e-03 5.048280885e-03 2.842359075e-03 3.871231343e-04
-2.318486423e-03-5.258133719e-03-8.411255200e-03-1.175308888e-02-1.525478491e-02
-1.888360963e-02-2.260324202e-02-2.637415381e-02-3.015405707e-02-3.389839596e-02
-3.756085365e-02-4.109384152e-02-4.444893660e-02-4.757723477e-02-5.042959159e-02
-5.295673087e-02-5.510921130e-02-5.683725613e-02-5.809046814e-02-5.881747418e-02
-5.896557043e-02-5.848047312e-02-5.730632145e-02-5.538613002e-02-5.266294920e-02
-4.908205736e-02-4.459457227e-02-3.916290885e-02-3.276849223e-02-2.542199681e-02
-1.717605639e-02-8.139761566e-03 1.506742588e-03 1.152157457e-02 2.198830858e-02
 3.303061431e-02 4.482793347e-02 5.764622182e-02 7.189062708e-02 8.818533620e-02
 1.073054010e-01 1.240062855e-01 1.351280597e-01 1.400310705e-01 1.382706419e-01
 1.307774432e-01 1.207808201e-01 1.132511848e-01 1.075037541e-01 1.029829707e-01
 9.932398166e-02 9.628635429e-02 9.370749100e-02 9.147441147e-02 8.951145243e-02
 9.200460409e-04 2.083700858e-03 3.715490953e-03 5.814250311e-03 8.191352358e-03
 8.892980695e-03 7.337930276e-03 5.484381009e-03 3.389160458e-03 1.059286695e-03
-1.509404002e-03-4.302236797e-03-7.299693880e-03-1.047813853e-02-1.380992322e-02
-1.726357306e-02-2.080404995e-02-2.439309335e-02-2.798962539e-02-3.155020034e-02
-3.502947273e-02-3.838065488e-02-4.155593296e-02-4.450681243e-02-4.718436801e-02
-4.953938116e-02-5.152235893e-02-5.308344230e-02-5.417223053e-02-5.473757034e-02
-5.472738678e-02-5.408866657e-02-5.276774674e-02-5.071111050e-02-4.786694880e-02
-4.418780376e-02-3.963465959e-02-3.418286322e-02-2.783021150e-02-2.060739938e-02
-1.259066927e-02-3.915925644e-03 5.207374986e-03 1.465779561e-02 2.451152757e-02
 3.486678450e-02 4.585508024e-02 5.765705538e-02 7.053025294e-02 8.488510830e-02
 1.020245736e-01 1.176580789e-01 1.285276384e-01 1.311855006e-01 1.295953669e-01
 1.238017997e-01 1.155254602e-01 1.094815652e-01 1.046640186e-01 1.007195314e-01
 9.742608945e-02 9.462782737e-02 9.221138385e-02 9.009271181e-02 8.820560954e-02
 9.422140449e-04 2.134155937e-03 3.806077430e-03 5.957204402e-03 8.388410098e-03
 9.147663916e-03 7.735155783e-03 5.972646251e-03 4.001207079e-03 1.812387205e-03
-5.975807674e-04-3.220016934e-03-6.036256636e-03-9.023744853e-03-1.215608633e-02
-1.540317806e-02-1.873142530e-02-2.210403425e-02-2.548136885e-02-2.882135387e-02
-3.207990157e-02-3.521133634e-02-3.816879075e-02-4.090454787e-02-4.337030968e-02
-4.551737883e-02-4.729675232e-02-4.865914039e-02-4.955494255e-02-4.993423565e-02
-4.974685724e-02-4.894270114e-02-4.747238200e-02-4.528847063e-02-4.234754875e-02
-3.861337340e-02-3.406146218e-02-2.868539673e-02-2.250504589e-02-1.557662341e-02
-8.004168141e-03 4.854375301e-05 8.346924434e-03 1.687589816e-02 2.566005610e-02
 3.472309440e-02 4.408087872e-02 5.372629903e-02 6.359528516e-02 7.349192662e-02
 8.295907749e-02 9.124901113e-02 9.764700074e-02 1.017513970e-01 1.035192138e-01
 1.032879724e-01 1.017282788e-01 9.956116036e-02 9.724068480e-02 9.497531061e-02
 9.284589639e-02 9.087521684e-02 8.906052900e-02 8.738866387e-02 8.584384624e-02
 9.657342792e-04 2.187742475e-03 3.902396326e-03 6.109440621e-03 8.610847124e-03
 9.455143015e-03 8.137940020e-03 6.495745187e-03 4.659481872e-03 2.625312576e-03
 3.910609322e-04-2.041104780e-03-4.653589003e-03-7.425061189e-03-1.033049281e-02
-1.334127486e-02-1.642540453e-02-1.954773921e-02-2.267030895e-02-2.575267436e-02
-2.875231200e-02-3.162500653e-02-3.432522821e-02-3.680647607e-02-3.902157204e-02
-4.092289893e-02-4.246258686e-02-4.359266728e-02-4.426523291e-02-4.443266442e-02
-4.404801255e-02-4.306565546e-02-4.144238639e-02-3.913912281e-02-3.612346089e-02
-3.237331996e-02-2.788191930e-02-2.266424580e-02-1.676501510e-02-1.026808167e-02
-3.306494123e-03 3.928499192e-03 1.128884573e-02 1.876914739e-02 2.635593867e-02
 3.402357700e-02 4.172746459e-02 4.939393491e-02 5.690743345e-02 6.409918288e-02
 7.074800353e-02 7.660677484e-02 8.145453642e-02 8.515215541e-02 8.767717283e-02
 8.912723348e-02 8.969070751e-02 8.959358386e-02 8.904691367e-02 8.821760908e-02
 8.722416738e-02 8.614518510e-02 8.503045739e-02 8.391042566e-02 8.280667602e-02
 9.895428278e-04 2.242091319e-03 4.000320087e-03 6.264672189e-03 8.847963064e-03
 9.798522654e-03 8.545704524e-03 7.032042823e-03 5.337635238e-03 3.467031859e-03
 1.419668369e-03-8.053850315e-04-3.194831586e-03-5.728448648e-03-8.382528381e-03
-1.112997652e-02-1.394046645e-02-1.678065081e-02-1.961442929e-02-2.240326131e-02
-2.510651020e-02-2.768180315e-02-3.008539087e-02-3.227249345e-02-3.419762379e-02
-3.581488816e-02-3.707827487e-02-3.794195662e-02-3.836065084e-02-3.829010358e-02
-3.768778746e-02-3.651393168e-02-3.473302853e-02-3.231598497e-02-2.924309843e-02
-2.550802062e-02-2.112280105e-02-1.612408402e-02-1.058039654e-02-4.599403446e-03
 1.665090452e-03 8.028509197e-03 1.446600507e-02 2.095010832e-02 2.744650920e-02
 3.391163168e-02 4.028991971e-02 4.651132317e-02 5.248999714e-02 5.812583384e-02
 6.331056898e-02 6.793914553e-02 7.192467935e-02 7.521300298e-02 7.779210403e-02
 7.969329456e-02 8.098377211e-02 8.175320312e-02 8.209883219e-02 8.211333692e-02
 8.187750543e-02 8.145747458e-02 8.090505073e-02 8.025946515e-02 7.954310011e-02
 1.012205197e-03 2.294017784e-03 4.094347688e-03 6.414600041e-03 9.056573222e-03
 1.006858278e-02 8.961888186e-03 7.552269189e-03 6.002629198e-03 4.299754623e-03
 2.444716485e-03 4.385023880e-04-1.713532721e-03-3.992134822e-03-6.374861673e-03
-8.836135392e-03-1.134736263e-02-1.387711597e-02-1.639136091e-02-1.885372709e-02
-2.122581392e-02-2.346751984e-02-2.553738480e-02-2.739293856e-02-2.899105275e-02
-3.028830322e-02-3.124135981e-02-3.180743625e-02-3.194484841e-02-3.161374950e-02
-3.077713343e-02-2.940221382e-02-2.746230549e-02-2.493933609e-02-2.182710750e-02
-1.813539713e-02-1.389498216e-02-9.163165645e-03-4.028859063e-03 1.380849913e-03
 6.902471774e-03 1.250150024e-02 1.814324518e-02 2.378891027e-02 2.939564184e-02
 3.491607546e-02 4.029809257e-02 4.548510096e-02 5.041721056e-02 5.503358332e-02
 5.927603073e-02 6.309359791e-02 6.644745657e-02 6.931510189e-02 7.169281635e-02
 7.359571264e-02 7.505529460e-02 7.611513716e-02 7.682571855e-02 7.723948457e-02
 7.740692244e-02 7.737396759e-02 7.718067721e-02 7.686098214e-02 7.644740987e-02
 1.031686793e-03 2.338969326e-03 4.176493362e-03 6.547104662e-03 9.262897390e-03
 1.037697713e-02 9.320120147e-03 8.024238496e-03 6.618143437e-03 5.080884919e-03
 3.417456004e-03 1.631258591e-03-2.746359321e-04-2.286820095e-03-4.383941575e-03
-6.541857797e-03-8.733741031e-03-1.093019963e-02-1.309946868e-02-1.520764553e-02
-1.721896339e-02-1.909609428e-02-2.080047562e-02-2.229265869e-02-2.353268369e-02
-2.448049449e-02-2.509641790e-02-2.534174241e-02-2.517945079e-02-2.457517464e-02
-2.349844952e-02-2.192437622e-02-1.983578772e-02-1.722603748e-02-1.410248427e-02
-1.049061050e-02-6.438297721e-03-2.021207115e-03 2.651606872e-03 7.475469157e-03
 1.241120200e-02 1.741818753e-02 2.245098398e-02 2.746160182e-02 3.240114757e-02
 3.722052120e-02 4.187041983e-02 4.630226652e-02 5.047032199e-02 5.433419837e-02
 5.786105837e-02 6.102716650e-02 6.381873665e-02 6.623213126e-02 6.827346871e-02
 6.995767369e-02 7.130702321e-02 7.234930697e-02 7.311579643e-02 7.363925470e-02
 7.395219590e-02 7.408553094e-02 7.406764690e-02 7.392385166e-02 7.367499794e-02
 1.045126231e-03 2.370514810e-03 4.235477549e-03 6.644918863e-03 9.410111973e-03
 1.058702747e-02 9.638909316e-03 8.422024427e-03 7.141317135e-03 5.759696063e-03
 4.279602569e-03 2.706959648e-03 1.047128070e-03-6.946274622e-04-2.498949419e-03
-4.343342675e-03-6.202864338e-03-8.050316753e-03-9.856438123e-03-1.159013666e-02
-1.321875236e-02-1.470834466e-02-1.602400571e-02-1.713020435e-02-1.799117219e-02
-1.857135143e-02-1.883593111e-02-1.875152059e-02-1.828700290e-02-1.741463318e-02
-1.611148297e-02-1.436128276e-02-1.215672859e-02-9.502218164e-03-6.417134994e-03
-2.939624870e-03 8.694600028e-04 4.911922906e-03 9.164379203e-03 1.359105401e-02
 1.815160581e-02 2.279595878e-02 2.746113900e-02 3.207108460e-02 3.657108639e-02
 4.091838881e-02 4.506088079e-02 4.894447468e-02 5.252336145e-02 5.576648247e-02
 5.865942126e-02 6.120261299e-02 6.340748466e-02 6.529227469e-02 6.687872194e-02
 6.818998402e-02 6.924955606e-02 7.008076969e-02 7.070652440e-02 7.114905843e-02
 7.142969750e-02 7.156859327e-02 7.158448803e-02 7.149450318e-02 7.131317562e-02
 1.048708729e-03 2.379819738e-03 4.255205183e-03 6.682643490e-03 9.473095185e-03
 1.068660428e-02 9.828271295e-03 8.687490471e-03 7.516050494e-03 6.270542976e-03
 4.959724070e-03 3.588931954e-03 2.164014217e-03 6.912731365e-04-8.197604529e-04
-2.347916416e-03-3.870064334e-03-5.361210546e-03-6.794773662e-03-8.142835011e-03
-9.376403190e-03-1.046569093e-02-1.138041167e-02-1.209010483e-02-1.256450637e-02
-1.277399153e-02-1.269013986e-02-1.228643733e-02-1.153918357e-02-1.042863996e-02
-8.940405051e-03-7.067321336e-03-4.811742148e-03-2.187731202e-03 7.742804956e-04
 4.016430066e-03 7.531216035e-03 1.130295595e-02 1.531712100e-02 1.955601288e-02
 2.400130442e-02 2.856129020e-02 3.319114981e-02 3.770106525e-02 4.198412080e-02
 4.613318286e-02 5.004185265e-02 5.359004767e-02 5.670123048e-02 5.934853181e-02
 6.155183354e-02 6.336221796e-02 6.484180365e-02 6.604854530e-02 6.702944566e-02
 6.781996976e-02 6.844626071e-02 6.892791997e-02 6.928036014e-02 6.951646889e-02
 6.964764451e-02 6.968436444e-02 6.963645157e-02 6.951326328e-02 6.932803929e-02
 1.038511500e-03 2.357146383e-03 4.216029435e-03 6.624820836e-03 9.412375389e-03
 1.065078526e-02 9.775425189e-03 8.706828623e-03 7.630288629e-03 6.519816363e-03
 5.373564691e-03 4.195825012e-03 2.993562653e-03 1.775263509e-03 5.502752730e-04
-6.675830865e-04-1.856398951e-03-2.993231658e-03-4.054302714e-03-5.015283980e-03
-5.851557281e-03-6.538476532e-03-7.051636801e-03-7.367160753e-03-7.462013323e-03
-7.314365263e-03-6.904030170e-03-6.213225129e-03-5.227458075e-03-3.936422652e-03
-2.334838495e-03-4.252632422e-04 1.776198913e-03 4.252787336e-03 7.009099796e-03
 1.004300056e-02 1.335586066e-02 1.695078699e-02 2.083318288e-02 2.501353043e-02
 2.951664300e-02 3.409446968e-02 3.878182179e-02 4.362586518e-02 4.844980403e-02
 5.311917075e-02 5.739447680e-02 6.097822027e-02 6.369396684e-02 6.553805881e-02
 6.667815521e-02 6.735567893e-02 6.776684066e-02 6.803125384e-02 6.821206713e-02
 6.833885398e-02 6.842317418e-02 6.846791817e-02 6.847246370e-02 6.843531940e-02
 6.835535156e-02 6.823224658e-02 6.806658156e-02 6.785960582e-02 6.760637327e-02
 1.013328422e-03 2.299154907e-03 4.109657610e-03 6.450504200e-03 9.128835371e-03
 1.019561791e-02 9.186135863e-03 8.291535118e-03 7.387567477e-03 6.437499019e-03
 5.456514823e-03 4.459465170e-03 3.460463685e-03 2.473193159e-03 1.511002665e-03
 5.869945304e-04-2.824323068e-04-1.076164513e-03-1.773492782e-03-2.354300218e-03
-2.799301560e-03-3.090276017e-03-3.210326475e-03-3.144131376e-03-2.878134237e-03
-2.400557526e-03-1.701381203e-03-7.734808402e-04 3.856001752e-04 1.770719246e-03
 3.382759904e-03 5.229505977e-03 7.315665301e-03 9.646299505e-03 1.223007527e-02
 1.507785265e-02 1.820290239e-02 2.162155841e-02 2.535383869e-02 2.942300607e-02
 3.384791738e-02 3.861828018e-02 4.374545799e-02 4.934045148e-02 5.550976199e-02
 6.256831510e-02 6.919115294e-02 7.375987049e-02 7.593216503e-02 7.563392273e-02
 7.393386166e-02 7.253163817e-02 7.132649997e-02 7.037832039e-02 6.964200284e-02
 6.906488540e-02 6.860129283e-02 6.821505139e-02 6.787860524e-02 6.757141777e-02
 6.727843065e-02 6.698876488e-02 6.669466067e-02 6.639067690e-02 6.607684882e-02
 9.759556247e-04 2.214003935e-03 3.956197783e-03 6.206055024e-03 8.770045659e-03
 9.696992485e-03 8.546658529e-03 7.686406380e-03 6.895843713e-03 6.054070470e-03
 5.192235192e-03 4.333218209e-03 3.497457728e-03 2.703456691e-03 1.968092342e-03
 1.306854352e-03 7.341275761e-04 2.654623756e-04-8.211848922e-05-2.936907600e-04
-3.565353310e-04-2.603252132e-04 2.485940094e-06 4.361040212e-04 1.040552465e-03
 1.811789581e-03 2.751266850e-03 3.858656893e-03 5.132878660e-03 6.573345165e-03
 8.182475817e-03 9.966735257e-03 1.193616330e-02 1.410436171e-02 1.648831123e-02
 1.910857024e-02 2.198950950e-02 2.515864844e-02 2.864631377e-02 3.248660854e-02
 3.672114572e-02 4.140830637e-02 4.663992165e-02 5.256486727e-02 5.941898560e-02
 6.743333851e-02 7.467495674e-02 7.951303264e-02 8.198293943e-02 8.202071790e-02
 7.947312377e-02 7.591603982e-02 7.337645938e-02 7.156512783e-02 7.022230880e-02
 6.919006616e-02 6.836912733e-02 6.769443510e-02 6.712184061e-02 6.662054309e-02
 6.616859990e-02 6.575015554e-02 6.535368762e-02 6.497096351e-02 6.459747125e-02
 9.276616263e-04 2.105915752e-03 3.766986800e-03 5.918022407e-03 8.377755010e-03
 9.205536835e-03 7.933118412e-03 7.028513848e-03 6.197246913e-03 5.358107196e-03
 4.531496317e-03 3.741599468e-03 3.011504976e-03 2.362311352e-03 1.812737098e-03
 1.379043456e-03 1.075172213e-03 9.130574979e-04 9.031617792e-04 1.053268626e-03
 1.367664400e-03 1.847990288e-03 2.492235157e-03 3.294482462e-03 4.245003918e-03
 5.331086087e-03 6.539041817e-03 7.855373901e-03 9.268795539e-03 1.077248193e-02
 1.236595053e-02 1.405596453e-02 1.585673454e-02 1.779574919e-02 1.989823245e-02
 2.218576488e-02 2.470710386e-02 2.750091640e-02 3.060730400e-02 3.406122742e-02
 3.788660544e-02 4.212442033e-02 4.682368226e-02 5.204332579e-02 5.786472037e-02
 6.436511524e-02 7.024427463e-02 7.442358207e-02 7.685710529e-02 7.746125633e-02
 7.610306908e-02 7.378987241e-02 7.193949443e-02 7.045804666e-02 6.924538664e-02
 6.823348167e-02 6.737353023e-02 6.662991811e-02 6.597613215e-02 6.539201656e-02
 6.486197067e-02 6.437377213e-02 6.391780259e-02 6.348647902e-02 6.307219434e-02
 8.638226510e-04 1.963718724e-03 3.519519187e-03 5.543174339e-03 7.849848661e-03
 8.503769409e-03 7.122598222e-03 6.068779271e-03 5.125903329e-03 4.200539248e-03
 3.325198375e-03 2.530772799e-03 1.845430759e-03 1.293468278e-03 8.947085246e-04
 6.645215337e-04 6.142885958e-04 7.520006087e-04 1.082692096e-03 1.608425826e-03
 2.327898849e-03 3.235816135e-03 4.321837589e-03 5.569457405e-03 6.955169751e-03
 8.448501676e-03 1.001357819e-02 1.161282356e-02 1.321271229e-02 1.479043109e-02
 1.633728477e-02 1.786059514e-02 1.942311967e-02 2.102481097e-02 2.271038586e-02
 2.452075942e-02 2.652572620e-02 2.877523100e-02 3.132105324e-02 3.420283732e-02
 3.743156737e-02 4.101890013e-02 4.494686671e-02 4.915112341e-02 5.350017029e-02
 5.777021950e-02 6.165626368e-02 6.486372169e-02 6.719901164e-02 6.860046266e-02
 6.914944943e-02 6.905815190e-02 6.858273026e-02 6.791987690e-02 6.718700020e-02
 6.644751381e-02 6.573364903e-02 6.506008422e-02 6.443165406e-02 6.384777925e-02
 6.330505803e-02 6.279879154e-02 6.232387428e-02 6.187536279e-02 6.145162308e-02
 7.754800711e-04 1.766948444e-03 3.176754051e-03 5.022383640e-03 7.136203238e-03
 7.591739923e-03 5.935159012e-03 4.641081618e-03 3.471850155e-03 2.352378664e-03
 1.330430434e-03 4.504731229e-04-2.492349035e-04-7.397068623e-04-1.002000542e-03
-1.025725546e-03-8.063798313e-04-3.427903426e-04 3.645240310e-04 1.313830753e-03
 2.501611236e-03 3.921041089e-03 5.559489965e-03 7.394893070e-03 9.391038335e-03
 1.149263608e-02 1.362283751e-02 1.568803306e-02 1.759456618e-02 1.927028083e-02
 2.073228924e-02 2.198671235e-02 2.308653170e-02 2.411644417e-02 2.515549411e-02
 2.627462907e-02 2.753905655e-02 2.901493961e-02 3.077595307e-02 3.290240788e-02
 3.546563069e-02 3.849877559e-02 4.196886073e-02 4.576853805e-02 4.972952104e-02
 5.364372863e-02 5.728350614e-02 6.042735831e-02 6.289917936e-02 6.461261890e-02
 6.559450820e-02 6.596650709e-02 6.589422411e-02 6.553622804e-02 6.501651990e-02
 6.442016121e-02 6.380038735e-02 6.318801672e-02 6.259930051e-02 6.204148388e-02
 6.151645724e-02 6.102306222e-02 6.055851779e-02 6.011922835e-02 5.969772354e-02
 6.498176214e-04 1.487356142e-03 2.691173253e-03 4.288605493e-03 6.113472418e-03
 6.241305003e-03 4.247487455e-03 2.544521033e-03 9.577354018e-04-5.151588377e-04
-1.828996844e-03-2.901026262e-03-3.667904203e-03-4.096512755e-03-4.182697222e-03
-3.939503221e-03-3.384180546e-03-2.530117594e-03-1.384337532e-03 5.172391764e-05
 1.780313260e-03 3.805226760e-03 6.129075705e-03 8.748364878e-03 1.164324960e-02
 1.475701457e-02 1.796146976e-02 2.102118889e-02 2.361049865e-02 2.549954473e-02
 2.661928721e-02 2.710792130e-02 2.724824623e-02 2.727297114e-02 2.731700064e-02
 2.744077077e-02 2.766798813e-02 2.802320576e-02 2.858234260e-02 2.954285025e-02
 3.123067430e-02 3.391267083e-02 3.757455719e-02 4.192387666e-02 4.660963999e-02
 5.136924271e-02 5.595780356e-02 6.001058194e-02 6.305644167e-02 6.479408642e-02
 6.533694863e-02 6.511116809e-02 6.452810277e-02 6.382238869e-02 6.309808620e-02
 6.239727147e-02 6.173584172e-02 6.111856435e-02 6.054522699e-02 6.001326894e-02
 5.951898829e-02 5.905813237e-02 5.862622534e-02 5.821884589e-02 5.783366045e-02
 4.687425330e-04 1.080960453e-03 1.980543305e-03 3.217414024e-03 4.664349498e-03
 4.454899931e-03 2.176527229e-03-2.699871302e-04-2.626441453e-03-4.865076547e-03
-6.818645151e-03-8.285990008e-03-9.123990599e-03-9.333496771e-03-9.022823141e-03
-8.310540928e-03-7.269230762e-03-5.925877686e-03-4.280325171e-03-2.319695476e-03
-2.487625952e-05 2.629394783e-03 5.678841093e-03 9.177025535e-03 1.320480161e-02
 1.787729420e-02 2.331709555e-02 2.938334872e-02 3.456707645e-02 3.690675590e-02
 3.608859339e-02 3.375913223e-02 3.168058559e-02 3.012925196e-02 2.898600897e-02
 2.809252833e-02 2.728243524e-02 2.635011888e-02 2.497453985e-02 2.243040642e-02
 2.125858555e-02 2.373313429e-02 3.025379997e-02 3.735982419e-02 4.373975911e-02
 5.012987482e-02 5.718176243e-02 6.625352318e-02 7.170573313e-02 7.255452874e-02
 6.847502409e-02 6.539571890e-02 6.340506307e-02 6.200072712e-02 6.093699450e-02
 6.008597881e-02 5.937634860e-02 5.876591311e-02 5.822843488e-02 5.774685620e-02
 5.730957739e-02 5.690806282e-02 5.653504262e-02 5.618385674e-02 5.585009644e-02
 2.243490231e-04 5.121883848e-04 9.302613885e-04 1.520121895e-03 2.249363777e-03
 1.534727748e-03-1.124731612e-03-4.147684535e-03-7.569919309e-03-1.147280480e-02
-1.534334863e-02-1.786935693e-02-1.829509823e-02-1.711101773e-02-1.554913529e-02
-1.396336386e-02-1.229556191e-02-1.044316574e-02-8.321717706e-03-5.876683377e-03
-3.077171778e-03 9.915196682e-05 3.684574189e-03 7.741928803e-03 1.239256934e-02
 1.786897512e-02 2.464257458e-02 3.386256519e-02 4.284213156e-02 4.563390978e-02
 4.193822948e-02 3.615616258e-02 3.285480787e-02 3.072866881e-02 2.925445903e-02
 2.814413993e-02 2.719926237e-02 2.625022543e-02 2.514636787e-02 2.395932329e-02
 2.396106010e-02 2.620032995e-02 3.052403855e-02 3.592725549e-02 4.139388009e-02
 4.696103672e-02 5.279782415e-02 5.858724718e-02 6.287540966e-02 6.426152202e-02
 6.300564873e-02 6.115549047e-02 5.968868402e-02 5.858235044e-02 5.772853174e-02
 5.704865084e-02 5.648891992e-02 5.601063236e-02 5.559584079e-02 5.522169050e-02
 5.488459696e-02 5.458038432e-02 5.430654118e-02 5.404222161e-02 5.377891481e-02
-2.792845460e-05-8.972226189e-05-2.358037704e-04-5.573925533e-04-1.235060220e-03
-2.519729977e-03-4.584870381e-03-7.496777861e-03-1.141662358e-02-1.683590260e-02
-2.364735419e-02-2.746864149e-02-2.759459359e-02-2.376576763e-02-2.133523775e-02
-1.955998369e-02-1.786843246e-02-1.591264717e-02-1.351422779e-02-1.063903174e-02
-7.343215627e-03-3.707074796e-03 2.085355983e-04 4.373897329e-03 8.779585683e-03
 1.340546533e-02 1.815095697e-02 2.270172575e-02 2.644792746e-02 2.880563244e-02
 2.965942347e-02 2.948587168e-02 2.888456551e-02 2.824752351e-02 2.770674772e-02
 2.730123114e-02 2.704347405e-02 2.694635908e-02 2.708736050e-02 2.760119253e-02
 2.867960802e-02 3.046085645e-02 3.293309308e-02 3.594837140e-02 3.928842402e-02
 4.274674310e-02 4.611079616e-02 4.912363104e-02 5.151320883e-02 5.310082769e-02
 5.391969411e-02 5.418281233e-02 5.413542538e-02 5.395032930e-02 5.371771151e-02
 5.347864725e-02 5.324749716e-02 5.302714165e-02 5.281597975e-02 5.260984726e-02
 5.240491989e-02 5.220171676e-02 5.203016274e-02 5.186571384e-02 5.169197151e-02
-1.950355726e-04-4.707082055e-04-9.143421557e-04-1.587445467e-03-2.569354489e-03
-3.946884571e-03-5.798857709e-03-8.183245974e-03-1.111372244e-02-1.451015979e-02
-1.795683784e-02-2.076282942e-02-2.250771397e-02-2.345258268e-02-2.417964888e-02
-2.479502825e-02-2.479315212e-02-2.350602276e-02-2.071230994e-02-1.681555927e-02
-1.244550922e-02-7.996254516e-03-3.616587574e-03 6.502155523e-04 4.783358073e-03
 8.745193647e-03 1.246105130e-02 1.581567131e-02 1.867660215e-02 2.094538929e-02
 2.260795473e-02 2.374553650e-02 2.449810278e-02 2.501248355e-02 2.541041883e-02
 2.578328405e-02 2.620132767e-02 2.672573898e-02 2.741700635e-02 2.833552845e-02
 2.953255797e-02 3.103464025e-02 3.283044971e-02 3.486813989e-02 3.706339707e-02
 3.931157434e-02 4.149864431e-02 4.351253031e-02 4.525902740e-02 4.668055085e-02
 4.776781859e-02 4.855524322e-02 4.910210267e-02 4.947135251e-02 4.971602316e-02
 4.987474086e-02 4.997282873e-02 5.002538035e-02 5.004039463e-02 5.002137137e-02
 4.996928180e-02 4.988229717e-02 4.982022856e-02 4.974396356e-02 4.963749583e-02
-2.612266363e-04-6.095288249e-04-1.130615509e-03-1.854643120e-03-2.815580905e-03
-4.045770022e-03-5.568432366e-03-7.386749448e-03-9.473930137e-03-1.177422085e-02
-1.420399817e-02-1.670064162e-02-1.930480960e-02-2.228114840e-02-2.618587953e-02
-3.211280440e-02-3.856927569e-02-3.863340683e-02-3.241152783e-02-2.302295878e-02
-1.626024503e-02-1.072496535e-02-5.905324270e-03-1.574813159e-03 2.369878924e-03
 5.968673277e-03 9.226185281e-03 1.212940670e-02 1.466263498e-02 1.682104745e-02
 1.862044195e-02 2.009990751e-02 2.131695424e-02 2.233837426e-02 2.323145080e-02
 2.405841691e-02 2.487437664e-02 2.572720904e-02 2.665764241e-02 2.769821914e-02
 2.887084026e-02 3.018364525e-02 3.162866100e-02 3.318150754e-02 3.480359609e-02
 3.644638859e-02 3.805698271e-02 3.958440673e-02 4.098595426e-02 4.223243004e-02
 4.331085303e-02 4.422368877e-02 4.498500579e-02 4.561513924e-02 4.613565125e-02
 4.656567777e-02 4.691986933e-02 4.720763507e-02 4.743335967e-02 4.759744379e-02
 4.769809517e-02 4.773270187e-02 4.776182676e-02 4.775499193e-02 4.770590168e-02
-2.622274340e-04-6.025644004e-04-1.094887562e-03-1.751747937e-03-2.585896642e-03
-3.607714040e-03-4.822503968e-03-6.227185445e-03-7.805604585e-03-9.551173356e-03
-1.145536234e-02-1.352698053e-02-1.581404610e-02-1.843369812e-02-2.150078606e-02
-2.486198121e-02-2.736156436e-02-2.715575225e-02-2.390971818e-02-1.893208147e-02
-1.389386558e-02-9.245204565e-03-5.000176000e-03-1.127609783e-03 2.389045946e-03
 5.554503719e-03 8.373767343e-03 1.086015247e-02 1.303661187e-02 1.493315382e-02
 1.658401891e-02 1.802606210e-02 1.929781814e-02 2.043846403e-02 2.148649623e-02
 2.247837034e-02 2.344734272e-02 2.442253718e-02 2.542809921e-02 2.648230139e-02
 2.759660185e-02 2.877483569e-02 3.001283159e-02 3.129872619e-02 3.261411023e-02
 3.393595483e-02 3.523910855e-02 3.649904743e-02 3.769449016e-02 3.880946384e-02
 3.983446522e-02 4.076653914e-02 4.160834935e-02 4.236653055e-02 4.304968045e-02
 4.366625382e-02 4.422243462e-02 4.471993374e-02 4.515383006e-02 4.551143286e-02
 4.577472993e-02 4.593064925e-02 4.598372163e-02 4.598888881e-02 4.595703371e-02
-2.313712645e-04-5.272414482e-04-9.473436656e-04-1.495271515e-03-2.173816940e-03
-2.983825266e-03-3.923152157e-03-4.984507065e-03-6.153087424e-03-7.421624707e-03
-8.775195434e-03-1.018383157e-02-1.161977931e-02-1.303270446e-02-1.430590905e-02
-1.523158060e-02-1.552263456e-02-1.492121768e-02-1.334787737e-02-1.094689451e-02
-7.986798517e-03-4.729987953e-03-1.385368558e-03 1.870931903e-03 4.877975537e-03
 7.514982113e-03 9.743171333e-03 1.160929971e-02 1.320167658e-02 1.460211689e-02
 1.586770208e-02 1.703466284e-02 1.812726208e-02 1.916428880e-02 2.016237866e-02
 2.113719032e-02 2.210343514e-02 2.307438850e-02 2.406121912e-02 2.507231087e-02
 2.611268451e-02 2.718360976e-02 2.828249090e-02 2.940308847e-02 3.053609834e-02
 3.167005458e-02 3.279246769e-02 3.389106649e-02 3.495498953e-02 3.597577596e-02
 3.694803987e-02 3.786977137e-02 3.874227642e-02 3.956981986e-02 4.035904231e-02
 4.111814529e-02 4.185560922e-02 4.257762682e-02 4.328192608e-02 4.394194884e-02
 4.447521657e-02 4.475676151e-02 4.477003928e-02 4.463129153e-02 4.443494261e-02
-1.889126138e-04-4.282029759e-04-7.638414030e-04-1.194914065e-03-1.719226121e-03
-2.332653599e-03-3.028415602e-03-3.794659165e-03-4.613891067e-03-5.471079505e-03
-6.339447125e-03-7.177672765e-03-7.947043627e-03-8.588518269e-03-9.021347249e-03
-9.148470980e-03-8.869398164e-03-8.101575307e-03-6.800400481e-03-4.964688675e-03
-2.622601884e-03 1.881699331e-04 3.416034417e-03 6.907410310e-03 1.010832123e-02
 1.231172991e-02 1.343642078e-02 1.399884836e-02 1.451531582e-02 1.512217167e-02
 1.582108633e-02 1.658692914e-02 1.739698570e-02 1.823585952e-02 1.909471226e-02
 1.996952047e-02 2.085940229e-02 2.176521205e-02 2.268841150e-02 2.363019403e-02
 2.459084340e-02 2.556931715e-02 2.656305135e-02 2.756798101e-02 2.857876139e-02
 2.958916050e-02 3.059257745e-02 3.158262946e-02 3.255374615e-02 3.350171699e-02
 3.442415614e-02 3.532087906e-02 3.619422510e-02 3.704941059e-02 3.789506742e-02
 3.874424077e-02 3.961636287e-02 4.054129325e-02 4.156807648e-02 4.278777564e-02
 4.435696135e-02 4.491210642e-02 4.409224734e-02 4.337760365e-02 4.289668616e-02
-1.455804785e-04-3.286669875e-04-5.830466627e-04-9.057144358e-04-1.292186830e-03
-1.736078360e-03-2.228691758e-03-2.758255619e-03-3.300069073e-03-3.844772252e-03
-4.357671753e-03-4.802678657e-03-5.156822425e-03-5.375548754e-03-5.408022173e-03
-5.201274906e-03-4.705051332e-03-3.874700471e-03-2.672381536e-03-1.064106805e-03
 9.940934270e-04 3.586414184e-03 6.882665066e-03 1.133772585e-02 1.597421448e-02
 1.804322201e-02 1.751668552e-02 1.579649497e-02 1.525131073e-02 1.526255581e-02
 1.557175062e-02 1.605992555e-02 1.666291666e-02 1.734308935e-02 1.807741322e-02
 1.885153321e-02 1.965643184e-02 2.048636476e-02 2.133749999e-02 2.220699117e-02
 2.309234524e-02 2.399100678e-02 2.490011534e-02 2.581640998e-02 2.673626124e-02
 2.765580956e-02 2.857118512e-02 2.947878116e-02 3.037555347e-02 3.125932319e-02
 3.212907021e-02 3.298521893e-02 3.382993901e-02 3.466751126e-02 3.550484960e-02
 3.635233337e-02 3.722521105e-02 3.814601413e-02 3.914873283e-02 4.028600031e-02
 4.181025440e-02 4.233866423e-02 4.169469328e-02 4.113126164e-02 4.073840158e-02
-1.065071674e-04-2.396322976e-04-4.230718324e-04-6.531899178e-04-9.249654837e-04
-1.231735701e-03-1.564799501e-03-1.911052591e-03-2.251229392e-03-2.569787474e-03
-2.840234979e-03-3.042431463e-03-3.161536473e-03-3.170222053e-03-3.019400709e-03
-2.659602555e-03-2.096727888e-03-1.305969556e-03-2.635971665e-04 1.048275445e-03
 2.641430612e-03 4.518156949e-03 6.633242133e-03 8.844238778e-03 1.084479631e-02
 1.230802258e-02 1.314539345e-02 1.355877427e-02 1.384921085e-02 1.417945835e-02
 1.459494743e-02 1.509541130e-02 1.566826348e-02 1.629978850e-02 1.697825091e-02
 1.769436100e-02 1.844093286e-02 1.921235805e-02 2.000413076e-02 2.081250584e-02
 2.163425935e-02 2.246648850e-02 2.330644216e-02 2.415140808e-02 2.499867170e-02
 2.584554224e-02 2.668943149e-02 2.752796789e-02 2.835912854e-02 2.918137293e-02
 2.999376361e-02 3.079605952e-02 3.158876363e-02 3.237309375e-02 3.315081029e-02
 3.392375055e-02 3.469272740e-02 3.545503162e-02 3.619898267e-02 3.689343172e-02
 3.747650571e-02 3.787420141e-02 3.806663557e-02 3.811121241e-02 3.808183647e-02
-7.361732413e-05-1.650628126e-04-2.900261157e-04-4.450443963e-04-6.255665672e-04
-8.259316191e-04-1.039382064e-03-1.256316010e-03-1.455868035e-03-1.605839960e-03
-1.714246763e-03-1.769295150e-03-1.755456687e-03-1.662030108e-03-1.408763828e-03
-1.018008685e-03-4.855620294e-04 1.998358486e-04 1.045337063e-03 2.050691665e-03
 3.205258387e-03 4.483034026e-03 5.835252142e-03 7.190809079e-03 8.467245528e-03
 9.595296249e-03 1.054563871e-02 1.133654433e-02 1.201644700e-02 1.263760182e-02
 1.323972188e-02 1.384709262e-02 1.447219984e-02 1.512018526e-02 1.579221492e-02
 1.648744076e-02 1.720404601e-02 1.793947157e-02 1.869027652e-02 1.945287281e-02
 2.022444922e-02 2.100278962e-02 2.178588753e-02 2.257177605e-02 2.335849250e-02
 2.414407404e-02 2.492661224e-02 2.570428804e-02 2.647542511e-02 2.723853096e-02
 2.799229483e-02 2.873557494e-02 2.946728587e-02 3.018621243e-02 3.089066734e-02
 3.157794505e-02 3.224352024e-02 3.287997442e-02 3.347598256e-02 3.401618813e-02
 3.448344477e-02 3.486418758e-02 3.515431960e-02 3.536063639e-02 3.549873404e-02
-4.711547254e-05-1.051406695e-04-1.835310235e-04-2.792128783e-04-3.882295607e-04
-5.057955913e-04-6.265087301e-04-7.457953912e-04-8.407114707e-04-8.972688154e-04
-9.027797745e-04-8.723198696e-04-7.650921516e-04-5.901423635e-04-3.293654713e-04
 3.901362577e-05 4.921189788e-04 1.074921350e-03 1.746753300e-03 2.520212870e-03
 3.386464387e-03 4.300851155e-03 5.286641784e-03 6.261425443e-03 7.227685665e-03
 8.149104466e-03 8.994447783e-03 9.806585918e-03 1.053737707e-02 1.124835086e-02
 1.192506285e-02 1.257825252e-02 1.325245224e-02 1.390048102e-02 1.458817398e-02
 1.526975787e-02 1.596284360e-02 1.669027569e-02 1.741332011e-02 1.814710244e-02
 1.887528600e-02 1.960816550e-02 2.034510875e-02 2.107439519e-02 2.181490652e-02
 2.254333535e-02 2.327363387e-02 2.399803589e-02 2.470952156e-02 2.542353918e-02
 2.611675518e-02 2.680740003e-02 2.748090595e-02 2.813574364e-02 2.878119774e-02
 2.939505450e-02 2.999316338e-02 3.055654342e-02 3.107965135e-02 3.156886636e-02
 3.199836606e-02 3.238381897e-02 3.271081935e-02 3.298000612e-02 3.320887320e-02
 0.159421308E+01 0.161064933E+01 0.162548607E+01 0.164083852E+01 0.165652733E+01
 0.167252170E+01 0.168886657E+01 0.170558627E+01 0.172271645E+01 0.174030504E+01
 0.175839410E+01 0.177702883E+01 0.179625753E+01 0.181611934E+01 0.183666803E+01
 0.185796738E+01 0.188006495E+01 0.190300814E+01 0.192684689E+01 0.195166572E+01
 0.197753373E+01 0.200451003E+01 0.203265770E+01 0.206204447E+01 0.209278040E+01
 0.212496428E+01 0.215868487E+01 0.219403370E+01 0.223111233E+01 0.227004823E+01
 0.231100200E+01 0.235412277E+01 0.239956264E+01 0.244748295E+01 0.249806351E+01
 0.255153135E+01 0.260814726E+01 0.266817625E+01 0.273190923E+01 0.279967070E+01
 0.287181615E+01 0.294876434E+01 0.303101371E+01 0.311911716E+01 0.321368643E+01
 0.331542716E+01 0.342515948E+01 0.354384465E+01 0.367260397E+01 0.381276197E+01
 0.396590185E+01 0.413390712E+01 0.431906756E+01 0.452419492E+01 0.475281564E+01
 0.500942366E+01 0.529990510E+01 0.563207800E+01 0.601638980E+01 0.646801998E+01
 0.701048466E+01 0.768399149E+01 0.856780102E+01 0.987511206E+01 0.165738533E+02
  361   98
 0.573864735E+00 0.118939600E+01 0.567405702E+00 0.117546691E+01 0.560950722E+00
 0.116153593E+01 0.554508520E+00 0.114759905E+01 0.548081720E+00 0.113365505E+01
 0.541676423E+00 0.111970116E+01 0.535302025E+00 0.110573314E+01 0.528971213E+00
 0.109174531E+01 0.522695249E+00 0.107773278E+01 0.516481129E+00 0.106369273E+01
 0.510333808E+00 0.104962330E+01 0.504258889E+00 0.103552246E+01 0.498263009E+00
 0.102138783E+01 0.492351574E+00 0.100721768E+01 0.486527268E+00 0.993011496E+00
 0.480790828E+00 0.978769605E+00 0.475143269E+00 0.964492237E+00 0.469586574E+00
 0.950179261E+00 0.464122918E+00 0.935830512E+00 0.458752587E+00 0.921446574E+00
 0.453473928E+00 0.907028740E+00 0.448285181E+00 0.892578304E+00 0.443187131E+00
 0.878095624E+00 0.438182507E+00 0.863580395E+00 0.433272682E+00 0.849032827E+00
 0.428457175E+00 0.834453765E+00 0.423734579E+00 0.819844342E+00 0.419105034E+00
 0.805205167E+00 0.414571914E+00 0.790535849E+00 0.410139051E+00 0.775835925E+00
 0.405809443E+00 0.761105260E+00 0.401584834E+00 0.746344140E+00 0.397464826E+00
 0.731553483E+00 0.393448273E+00 0.716734397E+00 0.389534678E+00 0.701887788E+00
 0.385724661E+00 0.687014262E+00 0.382019264E+00 0.672114328E+00 0.378419102E+00
 0.657188618E+00 0.374924284E+00 0.642237891E+00 0.371534403E+00 0.627263021E+00
 0.368248565E+00 0.612264978E+00 0.365065260E+00 0.597244837E+00 0.361982808E+00
 0.582203675E+00 0.359000023E+00 0.567142430E+00 0.356116271E+00 0.552061910E+00
 0.353331251E+00 0.536962845E+00 0.350644455E+00 0.521845992E+00 0.348055324E+00
 0.506712105E+00 0.345563318E+00 0.491561923E+00 0.343167819E+00 0.476396180E+00
 0.340867240E+00 0.461215748E+00 0.338658605E+00 0.446021665E+00 0.336539039E+00
 0.430814900E+00 0.334506126E+00 0.415596308E+00 0.332558184E+00 0.400366606E+00
 0.330694717E+00 0.385126337E+00 0.328915641E+00 0.369875987E+00 0.327220495E+00
 0.354616079E+00 0.325608308E+00 0.339347183E+00 0.324077602E+00 0.324069903E+00
 0.322626857E+00 0.308784821E+00 0.321255032E+00 0.293492455E+00 0.319961532E+00
 0.278193264E+00 0.318746012E+00 0.262887681E+00 0.317607604E+00 0.247576168E+00
 0.316545173E+00 0.232259195E+00 0.315557652E+00 0.216937210E+00 0.314644058E+00
 0.201610639E+00 0.313803203E+00 0.186279905E+00 0.313033521E+00 0.170945433E+00
 0.312333569E+00 0.155607619E+00 0.311702105E+00 0.140266832E+00 0.311138211E+00
 0.124923413E+00 0.310641938E+00 0.109577658E+00 0.310213747E+00 0.942298520E-01
 0.309854135E+00 0.788802867E-01 0.309563635E+00 0.635292580E-01 0.309342054E+00
 0.481770795E-01 0.309188147E+00 0.328240731E-01 0.309100775E+00 0.174705435E-01
 0.309078971E+00 0.211678058E-02 0.309121991E+00-0.132369377E-01 0.309229729E+00
-0.285903382E-01 0.309402387E+00-0.439431459E-01 0.309640292E+00-0.592950809E-01
 0.309943913E+00-0.746458567E-01 0.310313844E+00-0.899951775E-01 0.310750794E+00
-0.105342736E+00 0.311255636E+00-0.120688212E+00 0.311829408E+00-0.136031264E+00
 0.312473125E+00-0.151371541E+00 0.313186968E+00-0.166708715E+00 0.313970882E+00
-0.182042466E+00 0.314824919E+00-0.197372472E+00 0.315749318E+00-0.212698396E+00
 0.316745131E+00-0.228019845E+00 0.317814326E+00-0.243336347E+00 0.318959022E+00
-0.258647391E+00 0.320181337E+00-0.273952434E+00 0.321483010E+00-0.289250931E+00
 0.322864469E+00-0.304542429E+00 0.324325935E+00-0.319826489E+00 0.325867939E+00
-0.335102632E+00 0.327491399E+00-0.350370334E+00 0.329197332E+00-0.365629040E+00
 0.330986601E+00-0.380878198E+00 0.332860167E+00-0.396117229E+00 0.334819136E+00
-0.411345516E+00 0.336864972E+00-0.426562375E+00 0.338999566E+00-0.441767037E+00
 0.341224958E+00-0.456958674E+00 0.343543321E+00-0.472136400E+00 0.345957027E+00
-0.487299255E+00 0.348467994E+00-0.502446306E+00 0.351077333E+00-0.517576721E+00
 0.353786017E+00-0.532689667E+00 0.356594829E+00-0.547784324E+00 0.359504319E+00
-0.562859898E+00 0.362514910E+00-0.577915608E+00 0.365627491E+00-0.592950563E+00
 0.368843722E+00-0.607963686E+00 0.372165867E+00-0.622953727E+00 0.375596002E+00
-0.637919425E+00 0.379135042E+00-0.652859744E+00 0.382783220E+00-0.667773789E+00
 0.386540170E+00-0.682660806E+00 0.390405122E+00-0.697520149E+00 0.394377499E+00
-0.712351136E+00 0.398457686E+00-0.727152826E+00 0.402647188E+00-0.741923945E+00
 0.406947786E+00-0.756663102E+00 0.411360632E+00-0.771369041E+00 0.415884712E+00
-0.786041143E+00 0.420517971E+00-0.800679136E+00 0.425258116E+00-0.815282868E+00
 0.430103968E+00-0.829851865E+00 0.435056741E+00-0.844384860E+00 0.440118434E+00
-0.858880278E+00 0.445289844E+00-0.873336917E+00 0.450569938E+00-0.887754216E+00
 0.455956702E+00-0.902132001E+00 0.461452114E+00-0.916468607E+00 0.467062775E+00
-0.930760500E+00 0.472794938E+00-0.945004091E+00 0.478652692E+00-0.959196492E+00
 0.484638396E+00-0.973335403E+00 0.490757922E+00-0.987416904E+00 0.497023076E+00
-0.100143421E+01 0.503447564E+00-0.101537919E+01 0.510045447E+00-0.102924295E+01
 0.516833235E+00-0.104301471E+01 0.523839391E+00-0.105667662E+01 0.531112119E+00
-0.107019841E+01 0.538722377E+00-0.108353295E+01 0.546775464E+00-0.109660441E+01
 0.555439326E+00-0.110927827E+01 0.565002523E+00-0.112128502E+01 0.575924434E+00
-0.113206146E+01 0.588699053E+00-0.114053011E+01 0.603208383E+00-0.114543292E+01
 0.618486883E+00-0.114669841E+01 0.633780474E+00-0.114544061E+01 0.648882612E+00
-0.114268861E+01 0.663798549E+00-0.113905278E+01 0.678569154E+00-0.113486310E+01
 0.693230440E+00-0.113030476E+01 0.707807322E+00-0.112548300E+01 0.722316741E+00
-0.112046172E+01 0.736769236E+00-0.111527882E+01 0.751172151E+00-0.110995965E+01
 0.765529947E+00-0.110451984E+01 0.779844739E+00-0.109896785E+01 0.794115612E+00
-0.109330394E+01 0.808335338E+00-0.108751286E+01 0.822492272E+00-0.108156997E+01
 0.836574367E+00-0.107545191E+01 0.850570041E+00-0.106913871E+01 0.864467606E+00
-0.106261242E+01 0.878256250E+00-0.105585908E+01 0.891926737E+00-0.104886967E+01
 0.905474513E+00-0.104164527E+01 0.918897264E+00-0.103419114E+01 0.932190424E+00
-0.102650831E+01 0.945343053E+00-0.101858734E+01 0.958336885E+00-0.101040855E+01
 0.971152090E+00-0.100195268E+01 0.983774346E+00-0.993211408E+00 0.996198425E+00
-0.984190666E+00 0.100842579E+01-0.974904981E+00 0.102046705E+01-0.965379141E+00
 0.103233653E+01-0.955640039E+00 0.104403179E+01-0.945692441E+00 0.105553151E+01
-0.935519470E+00 0.106681770E+01-0.925110116E+00 0.107788926E+01-0.914472735E+00
 0.108876207E+01-0.903632220E+00 0.109945555E+01-0.892614736E+00 0.110997106E+01
-0.881427288E+00 0.112028953E+01-0.870057885E+00 0.113039032E+01-0.858494691E+00
 0.114026627E+01-0.846738874E+00 0.114992581E+01-0.834804567E+00 0.115938213E+01
-0.822708586E+00 0.116862872E+01-0.810451566E+00 0.117763984E+01-0.798020453E+00
 0.118639181E+01-0.785405577E+00 0.119487330E+01-0.772607289E+00 0.120308605E+01
-0.759634886E+00 0.121103408E+01-0.746498630E+00 0.121870550E+01-0.733198976E+00
 0.122607584E+01-0.719730177E+00 0.123313369E+01-0.706095024E+00 0.123988468E+01
-0.692305341E+00 0.124633940E+01-0.678374500E+00 0.125248992E+01-0.664306739E+00
 0.125832138E+01-0.650103761E+00 0.126383185E+01-0.635773174E+00 0.126903357E+01
-0.621327623E+00 0.127394617E+01-0.606781174E+00 0.127858281E+01-0.592144417E+00
 0.128294891E+01-0.577424682E+00 0.128705175E+01-0.562629393E+00 0.129090360E+01
-0.547766766E+00 0.129452505E+01-0.532846295E+00 0.129794781E+01-0.517878960E+00
 0.130120510E+01-0.502874718E+00 0.130432884E+01-0.487842088E+00 0.130734776E+01
-0.472788040E+00 0.131028173E+01-0.457717201E+00 0.131314502E+01-0.442632769E+00
 0.131595256E+01-0.427537857E+00 0.131872079E+01-0.412435684E+00 0.132146785E+01
-0.397329642E+00 0.132421252E+01-0.382223169E+00 0.132697468E+01-0.367119882E+00
 0.132977513E+01-0.352023654E+00 0.133263478E+01-0.336938534E+00 0.133556141E+01
-0.321866263E+00 0.133854605E+01-0.306805367E+00 0.134157738E+01-0.291753799E+00
 0.134464371E+01-0.276709320E+00 0.134773347E+01-0.261669632E+00 0.135083509E+01
-0.246632388E+00 0.135393676E+01-0.231595151E+00 0.135702554E+01-0.216555265E+00
 0.136008620E+01-0.201509632E+00 0.136309897E+01-0.186454340E+00 0.136603813E+01
-0.171384516E+00 0.136887245E+01-0.156294641E+00 0.137156666E+01-0.141179144E+00
 0.137408346E+01-0.126033128E+00 0.137639236E+01-0.110854055E+00 0.137846648E+01
-0.956411513E-01 0.138027853E+01-0.803948447E-01 0.138180118E+01-0.651169574E-01
 0.138301167E+01-0.498111961E-01 0.138389674E+01-0.344831918E-01 0.138444587E+01
-0.191394928E-01 0.138465060E+01-0.378734699E-02 0.138450566E+01 0.115654767E-01
 0.138401508E+01 0.269111586E-01 0.138318875E+01 0.422424432E-01 0.138203859E+01
 0.575528591E-01 0.138057821E+01 0.728368242E-01 0.137882695E+01 0.880902322E-01
 0.137681314E+01 0.103311237E+00 0.137456578E+01 0.118499547E+00 0.137211325E+01
 0.133656106E+00 0.136948393E+01 0.148783023E+00 0.136671264E+01 0.163884600E+00
 0.136383531E+01 0.178966351E+00 0.136088405E+01 0.194033821E+00 0.135788583E+01
 0.209092021E+00 0.135486210E+01 0.224145122E+00 0.135182873E+01 0.239196284E+00
 0.134879848E+01 0.254248073E+00 0.134578249E+01 0.269302726E+00 0.134279119E+01
 0.284362303E+00 0.133983372E+01 0.299428561E+00 0.133691890E+01 0.314503124E+00
 0.133405585E+01 0.329587604E+00 0.133125331E+01 0.344683440E+00 0.132851241E+01
 0.359790592E+00 0.132581419E+01 0.374905433E+00 0.132313578E+01 0.390023796E+00
 0.132045482E+01 0.405141707E+00 0.131774975E+01 0.420255321E+00 0.131499975E+01
 0.435360820E+00 0.131218532E+01 0.450454441E+00 0.130928863E+01 0.465532484E+00
 0.130629312E+01 0.480591199E+00 0.130318136E+01 0.495626311E+00 0.129992835E+01
 0.510631475E+00 0.129650405E+01 0.525598454E+00 0.129287618E+01 0.540517360E+00
 0.128901175E+01 0.555376711E+00 0.128488391E+01 0.570165023E+00 0.128047723E+01
 0.584872636E+00 0.127578289E+01 0.599490965E+00 0.127079689E+01 0.614012398E+00
 0.126551284E+01 0.628428029E+00 0.125991471E+01 0.642724586E+00 0.125398850E+01
 0.656888271E+00 0.124773262E+01 0.670909474E+00 0.124116055E+01 0.684785318E+00
 0.123428964E+01 0.698515650E+00 0.122711868E+01 0.712091667E+00 0.121964265E+01
 0.725502102E+00 0.121186896E+01 0.738742237E+00 0.120382010E+01 0.751816959E+00
 0.119551802E+01 0.764732403E+00 0.118697034E+01 0.777486633E+00 0.117817691E+01
 0.790072681E+00 0.116914329E+01 0.802487484E+00 0.115989000E+01 0.814739469E+00
 0.115044954E+01 0.826847884E+00 0.114084514E+01 0.838826675E+00 0.113106290E+01
 0.850660653E+00 0.112108128E+01 0.862326908E+00 0.111089207E+01 0.873812302E+00
 0.110051084E+01 0.885124477E+00 0.108996368E+01 0.896282150E+00 0.107926451E+01
 0.907294128E+00 0.106839266E+01 0.918135607E+00 0.105732176E+01 0.928773682E+00
 0.104604031E+01 0.939188205E+00 0.103455732E+01 0.949380098E+00 0.102289027E+01
 0.959360786E+00 0.101105042E+01 0.969135881E+00 0.999032585E+00 0.978691243E+00
 0.986825908E+00 0.988004109E+00 0.974423133E+00 0.997054128E+00 0.961823168E+00
 0.100582751E+01 0.949035505E+00 0.101432502E+01 0.936078130E+00 0.102256150E+01
 0.922971125E+00 0.103055777E+01 0.909730460E+00 0.103833077E+01 0.896364524E+00
 0.104588632E+01 0.882875712E+00 0.105322024E+01 0.869266759E+00 0.106032875E+01
 0.855546058E+00 0.106721914E+01 0.841725653E+00 0.107390735E+01 0.827818869E+00
 0.108041410E+01 0.813839536E+00 0.108676354E+01 0.799802459E+00 0.109298433E+01
 0.785724431E+00 0.109911193E+01 0.771619601E+00 0.110517760E+01 0.757492962E+00
 0.111119231E+01 0.743346243E+00 0.111715963E+01 0.729183591E+00 0.112308905E+01
 0.715009228E+00 0.112899043E+01 0.700828126E+00 0.113487559E+01 0.686645011E+00
 0.114075590E+01 0.672465568E+00 0.114664506E+01 0.658295537E+00 0.115255682E+01
 0.644141676E+00 0.115850719E+01 0.630012089E+00 0.116451495E+01 0.615914386E+00
 0.117059714E+01 0.601854401E+00 0.117676602E+01 0.587834919E+00 0.118302638E+01
 0.573864735E+00 0.118939600E+01
 0.156441580E+01 0.156423520E+01 0.173298350E+01 0.167901950E+01 0.134847970E+01
 0.206041340E+01 0.108819530E+01 0.205946000E+01 0.902253030E+00 0.187565310E+01
 0.903668760E+00 0.187424170E+01 0.533866470E+00 0.150285580E+01 0.538010660E+00
 0.149874330E+01 0.332797140E+00 0.129708960E+01 0.332797140E+00 0.109400000E+01
 0.334795920E+00 0.109400000E+01 0.303115250E+00 0.847500000E+00 0.305114030E+00
 0.847500000E+00 0.269135950E+00 0.565000000E+00 0.271134730E+00 0.565000000E+00
 0.260841000E+00 0.495257700E+00 0.260841000E+00-0.507257700E+00 0.271134730E+00
-0.576999960E+00 0.269135950E+00-0.576999960E+00 0.305114030E+00-0.859500000E+00
 0.303115250E+00-0.859500000E+00 0.334795920E+00-0.110600010E+01 0.332797140E+00
-0.110600010E+01 0.332797140E+00-0.130908970E+01 0.538598100E+00-0.150990190E+01
 0.534468950E+00-0.151402960E+01 0.905629600E+00-0.188405800E+01 0.904219000E+00
-0.188547470E+01 0.108819530E+01-0.206614000E+01 0.134847970E+01-0.206518650E+01
 0.173017910E+01-0.168098580E+01 0.156441580E+01-0.156883530E+01 0.137999130E+01
-0.157688300E+01 0.137989190E+01-0.157672700E+01 0.119622210E+01-0.158474990E+01
 0.119631650E+01-0.158489800E+01 0.105537410E+01-0.159104840E+01 0.105528350E+01
-0.159090630E+01 0.947502500E+00-0.159561420E+01 0.905686400E+00-0.159556230E+01
 0.899143000E+00-0.159478470E+01 0.883387860E+00-0.159026430E+01 0.867681200E+00
-0.158087360E+01 0.851322350E+00-0.156766880E+01 0.833481900E+00-0.154624210E+01
 0.826062560E+00-0.152875240E+01 0.822677700E+00-0.151516830E+01 0.821022750E+00
-0.149624060E+01 0.820691350E+00-0.147724350E+01 0.822887360E+00-0.144582030E+01
 0.827573000E+00-0.141923050E+01 0.839194600E+00-0.138728100E+01 0.855244300E+00
-0.135284130E+01 0.877566500E+00-0.132209860E+01 0.899473500E+00-0.130017830E+01
 0.118567730E+01-0.101380000E+01 0.127900000E+01-0.842300000E+00 0.129600000E+01
-0.820200000E+00 0.143300000E+01-0.820200000E+00 0.143300000E+01-0.711000000E+00
 0.149000000E+01-0.491000000E+00 0.146000000E+01-0.491000000E+00 0.146000000E+01
-0.233000000E+00 0.166100000E+01-0.233000000E+00 0.166100000E+01 0.226000000E+00
 0.146000000E+01 0.226000000E+00 0.146000000E+01 0.481000000E+00 0.149300000E+01
 0.481000000E+00 0.147400000E+01 0.554000000E+00 0.143300000E+01 0.711000000E+00
 0.143300000E+01 0.815600000E+00 0.129600000E+01 0.815600000E+00 0.127900000E+01
 0.837699950E+00 0.118567730E+01 0.100920000E+01 0.899473500E+00 0.129557820E+01
 0.877566500E+00 0.131749860E+01 0.855244300E+00 0.134824120E+01 0.839194600E+00
 0.138268090E+01 0.827573000E+00 0.141463040E+01 0.822887360E+00 0.144122030E+01
 0.820691350E+00 0.147264350E+01 0.821022750E+00 0.149164060E+01 0.822677700E+00
 0.151056830E+01 0.826062560E+00 0.152415240E+01 0.833481900E+00 0.154164210E+01
 0.851322350E+00 0.156306870E+01 0.867681200E+00 0.157627360E+01 0.883387860E+00
 0.158566430E+01 0.899143000E+00 0.159018470E+01 0.905686400E+00 0.159096230E+01
 0.947502500E+00 0.159101410E+01 0.105528350E+01 0.158630620E+01 0.105537410E+01
 0.158644830E+01 0.119631650E+01 0.158029800E+01 0.119622210E+01 0.158014990E+01
 0.137989190E+01 0.157212700E+01 0.137999130E+01 0.157228290E+01 0.156441580E+01
 0.156423520E+01
    0
