EFIT++      MAST # 47051 # 560ms                   0  65  65
 0.194000000E+01 0.440000000E+01 0.800000000E+00 0.600000000E-01 0.000000000E+00
 0.981224123E+00-0.108491665E-04-0.743638318E-01-0.425195833E-02-0.654405865E+00
 0.739846564E+06-0.743638318E-01 0.000000000E+00 0.981224123E+00 0.000000000E+00
-0.108491665E-04 0.000000000E+00-0.425195833E-02 0.000000000E+00 0.000000000E+00
-0.541296624E+00-0.540928468E+00-0.540557636E+00-0.540184386E+00-0.539808976E+00
-0.539431667E+00-0.539052717E+00-0.538672389E+00-0.538290943E+00-0.537908641E+00
-0.537525747E+00-0.537142525E+00-0.536759239E+00-0.536376153E+00-0.535993535E+00
-0.535611651E+00-0.535230768E+00-0.534851154E+00-0.534473080E+00-0.534096814E+00
-0.533722627E+00-0.533350791E+00-0.532981577E+00-0.532615258E+00-0.532252107E+00
-0.531892399E+00-0.531536408E+00-0.531184411E+00-0.530836682E+00-0.530493498E+00
-0.530155138E+00-0.529821879E+00-0.529493999E+00-0.529171777E+00-0.528855493E+00
-0.528545427E+00-0.528241860E+00-0.527945071E+00-0.527655343E+00-0.527372957E+00
-0.527098194E+00-0.526831337E+00-0.526572668E+00-0.526322470E+00-0.526081026E+00
-0.525848617E+00-0.525625528E+00-0.525412040E+00-0.525208437E+00-0.525015001E+00
-0.524832014E+00-0.524659759E+00-0.524498518E+00-0.524348573E+00-0.524210204E+00
-0.524083692E+00-0.523969319E+00-0.523867362E+00-0.523778102E+00-0.523701817E+00
-0.523638784E+00-0.523589280E+00-0.523553580E+00-0.523531960E+00-0.523524692E+00
 0.266025708E+05 0.259823250E+05 0.253621820E+05 0.247424511E+05 0.241234416E+05
 0.235054628E+05 0.228888238E+05 0.222738341E+05 0.216608028E+05 0.210500394E+05
 0.204418530E+05 0.198365529E+05 0.192344484E+05 0.186358489E+05 0.180410635E+05
 0.174504016E+05 0.168641724E+05 0.162826853E+05 0.157062494E+05 0.151351742E+05
 0.145697688E+05 0.140103426E+05 0.134572048E+05 0.129106647E+05 0.123710317E+05
 0.118386149E+05 0.113137236E+05 0.107966673E+05 0.102877550E+05 0.978729613E+04
 0.929559995E+04 0.881297575E+04 0.833973280E+04 0.787618038E+04 0.742262777E+04
 0.697938426E+04 0.654675912E+04 0.612506165E+04 0.571460112E+04 0.531568680E+04
 0.492862800E+04 0.455373397E+04 0.419131402E+04 0.384167741E+04 0.350513343E+04
 0.318199137E+04 0.287256050E+04 0.257715010E+04 0.229606946E+04 0.202962786E+04
 0.177813458E+04 0.154189890E+04 0.132123011E+04 0.111643748E+04 0.927830298E+03
 0.755717843E+03 0.600409399E+03 0.462214246E+03 0.341441666E+03 0.238400942E+03
 0.153401354E+03 0.867521840E+02 0.387627140E+02 0.974222543E+01 0.000000000E+00
-0.181206094E+00-0.182467799E+00-0.183599567E+00-0.184601396E+00-0.185473288E+00
-0.186215241E+00-0.186827256E+00-0.187309333E+00-0.187661472E+00-0.187883672E+00
-0.187975935E+00-0.187938260E+00-0.187770646E+00-0.187473094E+00-0.187045604E+00
-0.186488176E+00-0.185800810E+00-0.184983506E+00-0.184036263E+00-0.182959083E+00
-0.181751964E+00-0.180414907E+00-0.178947912E+00-0.177350979E+00-0.175624108E+00
-0.173767299E+00-0.171780551E+00-0.169663866E+00-0.167417242E+00-0.165040680E+00
-0.162534181E+00-0.159897743E+00-0.157131366E+00-0.154235052E+00-0.151208800E+00
-0.148052609E+00-0.144766481E+00-0.141350414E+00-0.137804409E+00-0.134128466E+00
-0.130322585E+00-0.126386765E+00-0.122321008E+00-0.118125312E+00-0.113799679E+00
-0.109344107E+00-0.104758597E+00-0.100043149E+00-0.951977630E-01-0.902224388E-01
-0.851171764E-01-0.798819759E-01-0.745168373E-01-0.690217605E-01-0.633967456E-01
-0.576417926E-01-0.517569015E-01-0.457420722E-01-0.395973049E-01-0.333225994E-01
-0.269179557E-01-0.203833740E-01-0.137188541E-01-0.692439612E-02 0.000000000E+00
-0.566129796E+06-0.566177117E+06-0.565942116E+06-0.565424795E+06-0.564625154E+06
-0.563543191E+06-0.562178909E+06-0.560532305E+06-0.558603382E+06-0.556392137E+06
-0.553898572E+06-0.551122686E+06-0.548064480E+06-0.544723953E+06-0.541101106E+06
-0.537195938E+06-0.533008450E+06-0.528538641E+06-0.523786511E+06-0.518752061E+06
-0.513435290E+06-0.507836198E+06-0.501954786E+06-0.495791054E+06-0.489345001E+06
-0.482616627E+06-0.475605933E+06-0.468312918E+06-0.460737582E+06-0.452879926E+06
-0.444739950E+06-0.436317652E+06-0.427613035E+06-0.418626096E+06-0.409356837E+06
-0.399805258E+06-0.389971358E+06-0.379855137E+06-0.369456596E+06-0.358775734E+06
-0.347812552E+06-0.336567049E+06-0.325039225E+06-0.313229081E+06-0.301136616E+06
-0.288761831E+06-0.276104725E+06-0.263165298E+06-0.249943551E+06-0.236439484E+06
-0.222653096E+06-0.208584387E+06-0.194233357E+06-0.179600008E+06-0.164684337E+06
-0.149486346E+06-0.134006034E+06-0.118243402E+06-0.102198449E+06-0.858711758E+05
-0.692615818E+05-0.523696672E+05-0.351954320E+05-0.177388763E+05 0.000000000E+00
-8.631164497e-05-1.936704993e-04-3.407872192e-04-5.241034042e-04-7.390741200e-04
-9.802389812e-04-1.241334449e-03-1.515578699e-03-1.779644779e-03-1.991200492e-03
-2.172294272e-03-2.315845997e-03-2.400177141e-03-2.414907883e-03-2.342909480e-03
-2.169169155e-03-1.896286802e-03-1.508826810e-03-1.016981036e-03-4.191357543e-04
 2.760195165e-04 1.042053339e-03 1.869949605e-03 2.713703578e-03 3.555184972e-03
 4.365350940e-03 5.122241144e-03 5.839935819e-03 6.503332151e-03 7.144284030e-03
 7.763528406e-03 8.370083041e-03 8.987455001e-03 9.595108191e-03 1.022392827e-02
 1.085296307e-02 1.148964446e-02 1.214506110e-02 1.279295440e-02 1.345576658e-02
 1.410833693e-02 1.476350050e-02 1.542050542e-02 1.606110727e-02 1.671333449e-02
 1.734264805e-02 1.797183738e-02 1.858941469e-02 1.918345994e-02 1.978178417e-02
 2.034440382e-02 2.090600238e-02 2.144214771e-02 2.195183398e-02 2.245763801e-02
 2.291944832e-02 2.337716245e-02 2.380078533e-02 2.418838833e-02 2.456751858e-02
 2.488987044e-02 2.520080634e-02 2.546888844e-02 2.569056449e-02 2.590363525e-02
-1.197505566e-04-2.692492367e-04-4.750666916e-04-7.331645144e-04-1.038326350e-03
-1.384233536e-03-1.763569600e-03-2.164803132e-03-2.562668727e-03-2.897706664e-03
-3.203323541e-03-3.466712157e-03-3.670082023e-03-3.811682104e-03-3.770318275e-03
-3.594132221e-03-3.276214872e-03-2.802733810e-03-2.163842589e-03-1.357606926e-03
-3.919399045e-04 7.112286083e-04 1.905770489e-03 3.122738566e-03 4.279870994e-03
 5.306375530e-03 6.172276133e-03 6.896659820e-03 7.527728470e-03 8.114721300e-03
 8.692473110e-03 9.280277048e-03 9.886542892e-03 1.051345562e-02 1.116012226e-02
 1.182430725e-02 1.250330376e-02 1.319422506e-02 1.389403452e-02 1.459977771e-02
 1.530880704e-02 1.601871666e-02 1.672717617e-02 1.743184471e-02 1.813036370e-02
 1.882034741e-02 1.949944796e-02 2.016538842e-02 2.081602598e-02 2.144941589e-02
 2.206382753e-02 2.265779606e-02 2.323008181e-02 2.377962740e-02 2.430544438e-02
 2.480642556e-02 2.528107867e-02 2.572710936e-02 2.614103057e-02 2.651800205e-02
 2.685236449e-02 2.713912762e-02 2.737531646e-02 2.755964667e-02 2.769566626e-02
-1.608252662e-04-3.622389704e-04-6.406556077e-04-9.915991757e-04-1.408985602e-03
-1.884853464e-03-2.409025639e-03-2.966265916e-03-3.523388255e-03-4.076998451e-03
-4.587437967e-03-5.033365695e-03-5.404396893e-03-5.665698486e-03-5.769303985e-03
-5.672368292e-03-5.362150916e-03-4.815487168e-03-4.009311300e-03-2.925866913e-03
-1.552305155e-03 1.159598544e-04 2.049000432e-03 4.124168060e-03 6.033202376e-03
 7.414044876e-03 8.165600918e-03 8.531019607e-03 8.821958803e-03 9.182056557e-03
 9.635403215e-03 1.017039866e-02 1.076962207e-02 1.141756367e-02 1.210201824e-02
 1.281379588e-02 1.354605985e-02 1.429366272e-02 1.505258737e-02 1.581951601e-02
 1.659150947e-02 1.736576927e-02 1.813947179e-02 1.890967567e-02 1.967330023e-02
 2.042716510e-02 2.116807637e-02 2.189294232e-02 2.259890149e-02 2.328344715e-02
 2.394453447e-02 2.458065958e-02 2.519090178e-02 2.577491998e-02 2.633288777e-02
 2.686532953e-02 2.737276424e-02 2.785492764e-02 2.830902402e-02 2.872609317e-02
 2.908675906e-02 2.936855916e-02 2.956679322e-02 2.969949453e-02 2.979256050e-02
-2.097785492e-04-4.734886007e-04-8.398373312e-04-1.304663333e-03-1.862021190e-03
-2.503764117e-03-3.219052543e-03-3.990627773e-03-4.790941315e-03-5.608057882e-03
-6.407947109e-03-7.152571338e-03-7.811847801e-03-8.338386200e-03-8.676643319e-03
-8.768148780e-03-8.557414733e-03-7.997161652e-03-7.051535170e-03-5.694499765e-03
-3.896913440e-03-1.586200359e-03 1.370995693e-03 5.437793633e-03 9.887289159e-03
 1.184516115e-02 1.125946906e-02 9.834401991e-03 9.581718031e-03 9.788696267e-03
 1.023875213e-02 1.083029641e-02 1.150858613e-02 1.224177689e-02 1.301069399e-02
 1.380369951e-02 1.461376648e-02 1.543663873e-02 1.626959284e-02 1.711057631e-02
 1.795760943e-02 1.880839087e-02 1.966007319e-02 2.050918552e-02 2.135168307e-02
 2.218310012e-02 2.299877829e-02 2.379413861e-02 2.456496461e-02 2.530766728e-02
 2.601950990e-02 2.669878170e-02 2.734492301e-02 2.795861977e-02 2.854190283e-02
 2.909831029e-02 2.963321004e-02 3.015447863e-02 3.067420171e-02 3.121972650e-02
 3.174847875e-02 3.203043415e-02 3.207840932e-02 3.201999383e-02 3.199015421e-02
-2.653107042e-04-6.004406735e-04-1.068993222e-03-1.668523306e-03-2.394944138e-03
-3.241932636e-03-4.200233097e-03-5.253533984e-03-6.377710085e-03-7.559905726e-03
-8.773180162e-03-9.970384721e-03-1.111193526e-02-1.213346596e-02-1.294429715e-02
-1.343238268e-02-1.347977745e-02-1.299109003e-02-1.192144205e-02-1.028511066e-02
-8.138839232e-03-5.557333238e-03-2.631551736e-03 4.670694091e-04 3.334864233e-03
 5.495561407e-03 6.858379846e-03 7.786256778e-03 8.605157808e-03 9.440070116e-03
 1.030894625e-02 1.120168138e-02 1.210596005e-02 1.301337904e-02 1.391994159e-02
 1.482510036e-02 1.573053719e-02 1.663901619e-02 1.755340298e-02 1.847587481e-02
 1.940733022e-02 2.034700585e-02 2.129230762e-02 2.223885697e-02 2.318074018e-02
 2.411093034e-02 2.502183329e-02 2.590589365e-02 2.675619140e-02 2.756696346e-02
 2.833400170e-02 2.905490438e-02 2.972918977e-02 3.035831352e-02 3.094566332e-02
 3.149664117e-02 3.201900251e-02 3.252375038e-02 3.302713873e-02 3.355065217e-02
 3.405275228e-02 3.431276312e-02 3.434329887e-02 3.419544968e-02 3.412193915e-02
-3.231367618e-04-7.339474311e-04-1.313148089e-03-2.062249678e-03-2.981518502e-03
-4.068899523e-03-5.319172260e-03-6.722847538e-03-8.247099844e-03-9.897272023e-03
-1.165434168e-02-1.349076968e-02-1.538303102e-02-1.728742210e-02-1.908367472e-02
-2.052951800e-02-2.126063878e-02-2.093659688e-02-1.945895576e-02-1.703431993e-02
-1.402154214e-02-1.073956716e-02-7.409066278e-03-4.187377261e-03-1.200462577e-03
 1.462618834e-03 3.772772602e-03 5.761674714e-03 7.491851217e-03 9.024555856e-03
 1.040611615e-02 1.166907588e-02 1.283769213e-02 1.393231827e-02 1.497166063e-02
 1.597346329e-02 1.695432019e-02 1.792909262e-02 1.891019796e-02 1.990691060e-02
 2.092477004e-02 2.196518482e-02 2.302532093e-02 2.409834361e-02 2.517403835e-02
 2.623977703e-02 2.728173504e-02 2.828621688e-02 2.924092149e-02 3.013598136e-02
 3.096464643e-02 3.172355050e-02 3.241257875e-02 3.303442430e-02 3.359395503e-02
 3.409749425e-02 3.455203774e-02 3.496423536e-02 3.533841104e-02 3.567118567e-02
 3.593934822e-02 3.610520367e-02 3.616870217e-02 3.616409824e-02 3.612079640e-02
-3.738620231e-04-8.536395342e-04-1.538329008e-03-2.437508013e-03-3.560530107e-03
-4.914059924e-03-6.499061857e-03-8.304526782e-03-1.030684571e-02-1.249216662e-02
-1.484619731e-02-1.737744344e-02-2.014923070e-02-2.333186642e-02-2.718532313e-02
-3.168293135e-02-3.543324960e-02-3.554281420e-02-3.169605586e-02-2.573537650e-02
-2.016545781e-02-1.524627353e-02-1.085563967e-02-6.896354453e-03-3.316007347e-03
-8.970963199e-05 2.796767153e-03 5.357665252e-03 7.611754580e-03 9.583171922e-03
 1.130110507e-02 1.279927848e-02 1.411503312e-02 1.528777962e-02 1.635707369e-02
 1.736077728e-02 1.833359600e-02 1.930597879e-02 2.030317671e-02 2.134427033e-02
 2.244114215e-02 2.359757954e-02 2.480882679e-02 2.606188765e-02 2.733672978e-02
 2.860834058e-02 2.984941368e-02 3.103332726e-02 3.213699461e-02 3.314312906e-02
 3.404152620e-02 3.482916798e-02 3.550925031e-02 3.608949511e-02 3.658020506e-02
 3.699243230e-02 3.733643967e-02 3.762045443e-02 3.784967401e-02 3.802573214e-02
 3.814738300e-02 3.821396275e-02 3.823254321e-02 3.822665471e-02 3.820401364e-02
-3.997543542e-04-9.201427302e-04-1.676944906e-03-2.695373915e-03-4.004467317e-03
-5.632664593e-03-7.600886807e-03-9.909047845e-03-1.251601000e-02-1.535258511e-02
-1.829172382e-02-2.122211549e-02-2.413647667e-02-2.731431010e-02-3.130518953e-02
-3.688546114e-02-4.270335769e-02-4.279343079e-02-3.710226355e-02-2.837739218e-02
-2.173354718e-02-1.619148895e-02-1.133591787e-02-6.960620795e-03-2.965685957e-03
 6.884566693e-04 4.004963100e-03 6.967233261e-03 9.554526822e-03 1.175719705e-02
 1.358807921e-02 1.508586363e-02 1.630973926e-02 1.732913316e-02 1.821393308e-02
 1.902848695e-02 1.982952751e-02 2.066628444e-02 2.158073365e-02 2.260655729e-02
 2.376646463e-02 2.506871413e-02 2.650444097e-02 2.804722964e-02 2.965540975e-02
 3.127659021e-02 3.285364266e-02 3.433152307e-02 3.566425395e-02 3.682080482e-02
 3.778817068e-02 3.857053868e-02 3.918499460e-02 3.965562363e-02 4.000808007e-02
 4.026584105e-02 4.044829653e-02 4.057022118e-02 4.064208426e-02 4.067082772e-02
 4.066088704e-02 4.061294075e-02 4.056203999e-02 4.049032735e-02 4.039840133e-02
-3.727550620e-04-8.676208180e-04-1.607751755e-03-2.643596551e-03-4.042588447e-03
-5.883546195e-03-8.247630678e-03-1.121090983e-02-1.482595333e-02-1.908055188e-02
-2.344887815e-02-2.679277596e-02-2.855625022e-02-2.903327650e-02-2.928692424e-02
-2.949906196e-02-2.920230860e-02-2.782592605e-02-2.515977067e-02-2.148814541e-02
-1.730523460e-02-1.296587003e-02-8.632919533e-03-4.367819717e-03-2.033168057e-04
 3.814683857e-03 7.602403752e-03 1.103105070e-02 1.395066491e-02 1.624773610e-02
 1.790362138e-02 1.900707748e-02 1.971124652e-02 2.017399025e-02 2.052288927e-02
 2.085111896e-02 2.122894275e-02 2.171761506e-02 2.237891700e-02 2.327610040e-02
 2.446394146e-02 2.597129583e-02 2.778626305e-02 2.985316339e-02 3.208142579e-02
 3.435867568e-02 3.656200072e-02 3.856966426e-02 4.027877309e-02 4.162700715e-02
 4.260648198e-02 4.325853359e-02 4.365182580e-02 4.385804953e-02 4.393693634e-02
 4.393194140e-02 4.387206669e-02 4.377556087e-02 4.365337829e-02 4.351180472e-02
 4.335430766e-02 4.318360815e-02 4.302165179e-02 4.285637930e-02 4.267585807e-02
-2.652526779e-04-6.215020914e-04-1.166564804e-03-1.967581828e-03-3.159084491e-03
-4.951206408e-03-7.495466683e-03-1.087006854e-02-1.528824316e-02-2.130626105e-02
-2.874297179e-02-3.293731820e-02-3.295354245e-02-2.896222491e-02-2.627463667e-02
-2.432920814e-02-2.253507700e-02-2.053858658e-02-1.815322713e-02-1.532560327e-02
-1.208712786e-02-8.497544607e-03-4.604898600e-03-4.310819334e-04 4.021800691e-03
 8.743521866e-03 1.364324905e-02 1.839277302e-02 2.230497472e-02 2.469516057e-02
 2.543472362e-02 2.507508257e-02 2.430908991e-02 2.354751590e-02 2.291578670e-02
 2.243917999e-02 2.211883445e-02 2.196219468e-02 2.204268981e-02 2.250573060e-02
 2.356314581e-02 2.536953638e-02 2.791446612e-02 3.103460989e-02 3.449441572e-02
 3.807670611e-02 4.155904807e-02 4.466073406e-02 4.707245473e-02 4.859026502e-02
 4.925472833e-02 4.931735938e-02 4.906100194e-02 4.867625135e-02 4.825812756e-02
 4.784740495e-02 4.745758262e-02 4.709093771e-02 4.674567172e-02 4.641797295e-02
 4.610440601e-02 4.580299530e-02 4.552615720e-02 4.526073302e-02 4.500430970e-02
-9.069279570e-05-2.042849159e-04-3.563737911e-04-5.198684697e-04-7.200347125e-04
-2.049470251e-03-4.803905867e-03-7.941546298e-03-1.138373200e-02-1.516192698e-02
-1.876078116e-02-2.118742859e-02-2.190404311e-02-2.118997420e-02-1.991292348e-02
-1.846133947e-02-1.686276832e-02-1.505547949e-02-1.297287398e-02-1.056592796e-02
-7.802609931e-03-4.656467866e-03-1.090188547e-03 2.964645400e-03 7.637201471e-03
 1.317584582e-02 2.009794165e-02 2.969515650e-02 3.897532884e-02 4.182134482e-02
 3.783749368e-02 3.166434744e-02 2.817573769e-02 2.595367197e-02 2.441966117e-02
 2.326508534e-02 2.227834015e-02 2.127256377e-02 2.005738352e-02 1.862119754e-02
 1.847561253e-02 2.077185101e-02 2.534294406e-02 3.106450347e-02 3.674812703e-02
 4.253575153e-02 4.869252426e-02 5.497478889e-02 5.950471084e-02 6.083846109e-02
 5.897084580e-02 5.663904157e-02 5.486146305e-02 5.352051058e-02 5.247275173e-02
 5.162240456e-02 5.090824675e-02 5.029015220e-02 4.974377616e-02 4.925017034e-02
 4.879941768e-02 4.838464516e-02 4.800025141e-02 4.763531506e-02 4.727729832e-02
 8.411923702e-05 2.020470201e-04 3.922046509e-04 6.850539392e-04 9.933620824e-04
 8.927782429e-05-2.262765034e-03-4.665256910e-03-6.967861849e-03-9.107769282e-03
-1.097666536e-02-1.242259689e-02-1.330639811e-02-1.360871846e-02-1.340320242e-02
-1.278449356e-02-1.181878684e-02-1.053604652e-02-8.941070275e-03-7.024870424e-03
-4.770681282e-03-2.154636998e-03 8.574986241e-04 4.316221523e-03 8.295054478e-03
 1.289135173e-02 1.818434599e-02 2.395406652e-02 2.883339827e-02 3.112505017e-02
 3.056005175e-02 2.853455874e-02 2.660820704e-02 2.512653146e-02 2.402124129e-02
 2.315733931e-02 2.238239660e-02 2.150684380e-02 2.024671434e-02 1.816098727e-02
 1.743515748e-02 1.996680378e-02 2.595132733e-02 3.282182333e-02 3.918047420e-02
 4.558662710e-02 5.261773955e-02 6.086332520e-02 6.615829065e-02 6.710329240e-02
 6.368702439e-02 6.058545062e-02 5.847190751e-02 5.692248978e-02 5.571230186e-02
 5.471931678e-02 5.387405105e-02 5.313486011e-02 5.247549293e-02 5.187855076e-02
 5.133188939e-02 5.082648076e-02 5.035504241e-02 4.991143330e-02 4.949393050e-02
 2.207226672e-04 5.095521020e-04 9.327654649e-04 1.507405032e-03 2.130287851e-03
 1.537807725e-03-5.419610789e-04-2.213620291e-03-3.722078575e-03-5.113547624e-03
-6.369852308e-03-7.409414156e-03-8.169794569e-03-8.613985780e-03-8.730796344e-03
-8.526058581e-03-8.011796401e-03-7.198671318e-03-6.092890758e-03-4.696189432e-03
-3.007210583e-03-1.023483886e-03 1.255709916e-03 3.824146366e-03 6.658292884e-03
 9.697576608e-03 1.281309144e-02 1.577834235e-02 1.828557873e-02 2.015134738e-02
 2.130866131e-02 2.185959437e-02 2.206682260e-02 2.215148863e-02 2.224894201e-02
 2.242596919e-02 2.271477870e-02 2.314902220e-02 2.381080028e-02 2.488911860e-02
 2.667603262e-02 2.940044994e-02 3.304801422e-02 3.736050046e-02 4.201008439e-02
 4.672946552e-02 5.125795327e-02 5.523002034e-02 5.820150190e-02 5.989823389e-02
 6.041956922e-02 6.015554285e-02 5.950130366e-02 5.869798471e-02 5.786144033e-02
 5.704271443e-02 5.626318915e-02 5.553064382e-02 5.484635229e-02 5.420836125e-02
 5.361311257e-02 5.305629921e-02 5.253334813e-02 5.203977530e-02 5.157483573e-02
 3.224028941e-04 7.372391452e-04 1.332128210e-03 2.119510416e-03 2.984244744e-03
 2.664984089e-03 9.616019940e-04-3.058414036e-04-1.396198311e-03-2.456712256e-03
-3.430520947e-03-4.274982862e-03-4.952645594e-03-5.433866843e-03-5.697925736e-03
-5.732144379e-03-5.529826461e-03-5.088086701e-03-4.406352603e-03-3.485835080e-03
-2.329986943e-03-9.458999821e-04 6.533236805e-04 2.445137690e-03 4.393182866e-03
 6.442912761e-03 8.519778533e-03 1.053438332e-02 1.239820838e-02 1.403841397e-02
 1.549446135e-02 1.675804701e-02 1.787539653e-02 1.892868665e-02 1.999507193e-02
 2.114641647e-02 2.245025102e-02 2.397460384e-02 2.579288185e-02 2.798200359e-02
 3.060778616e-02 3.369913640e-02 3.722258966e-02 4.107276672e-02 4.508141123e-02
 4.903523575e-02 5.269736688e-02 5.583790510e-02 5.827692411e-02 5.992876423e-02
 6.082381612e-02 6.108957095e-02 6.089908907e-02 6.041816467e-02 5.977618038e-02
 5.906140152e-02 5.832857756e-02 5.760898336e-02 5.691875590e-02 5.626476532e-02
 5.564844404e-02 5.506818618e-02 5.452081378e-02 5.400231950e-02 5.350110027e-02
 3.988305026e-04 9.083774217e-04 1.632449652e-03 2.580100337e-03 3.635551957e-03
 3.534388266e-03 2.037967410e-03 1.028080072e-03 1.357207223e-04-7.378542402e-04
-1.568889040e-03-2.327478259e-03-2.985751532e-03-3.519241638e-03-3.907566258e-03
-4.134561090e-03-4.187996982e-03-4.059142997e-03-3.742401684e-03-3.235286947e-03
-2.538761902e-03-1.657918180e-03-6.029098180e-04 6.100544160e-04 1.958016969e-03
 3.411437850e-03 4.935823875e-03 6.495307853e-03 8.058153952e-03 9.602962188e-03
 1.112155660e-02 1.262441611e-02 1.416820231e-02 1.576045093e-02 1.744148302e-02
 1.924478164e-02 2.125507698e-02 2.352081281e-02 2.609855025e-02 2.902926321e-02
 3.231451524e-02 3.597302659e-02 3.999500594e-02 4.432495156e-02 4.883615120e-02
 5.328999264e-02 5.733435876e-02 6.062835302e-02 6.295756596e-02 6.425660048e-02
 6.462125457e-02 6.430843341e-02 6.362514412e-02 6.278659977e-02 6.190744114e-02
 6.104380944e-02 6.022160701e-02 5.945091584e-02 5.873340912e-02 5.806636511e-02
 5.744492708e-02 5.686339652e-02 5.631597042e-02 5.579730298e-02 5.530936947e-02
 4.576724222e-04 1.039937958e-03 1.862508101e-03 2.930395434e-03 4.123995015e-03
 4.170816682e-03 2.821490993e-03 1.922380460e-03 1.147279356e-03 3.535734918e-04
-4.339663465e-04-1.190957851e-03-1.894210642e-03-2.522452494e-03-3.056713588e-03
-3.480434080e-03-3.779401906e-03-3.941548325e-03-3.956806482e-03-3.817452177e-03
-3.518554738e-03-3.058397707e-03-2.438839555e-03-1.665497584e-03-7.475232162e-04
 3.033495227e-04 1.474116125e-03 2.751969799e-03 4.126282993e-03 5.590749804e-03
 7.145274126e-03 8.796865186e-03 1.056025482e-02 1.246316715e-02 1.453076528e-02
 1.678591625e-02 1.927846516e-02 2.205039740e-02 2.514468253e-02 2.859966355e-02
 3.244462635e-02 3.672835346e-02 4.151302456e-02 4.687980302e-02 5.295579737e-02
 6.009528220e-02 6.661941060e-02 7.123259099e-02 7.371535286e-02 7.393244900e-02
 7.192601671e-02 6.892367712e-02 6.679689263e-02 6.514172086e-02 6.380604141e-02
 6.269858717e-02 6.175860074e-02 6.094391884e-02 6.022430225e-02 5.957742400e-02
 5.898639602e-02 5.843821285e-02 5.792274620e-02 5.743196453e-02 5.695464093e-02
 5.051827590e-04 1.146827863e-03 2.050985867e-03 3.219924672e-03 4.522696839e-03
 4.672462494e-03 3.430794075e-03 2.598935199e-03 1.843125875e-03 1.034734077e-03
 2.022658387e-04-6.307366107e-04-1.443720111e-03-2.218162415e-03-2.937106419e-03
-3.584890219e-03-4.146859018e-03-4.609272947e-03-4.955933297e-03-5.171750430e-03
-5.243943832e-03-5.162253774e-03-4.919315831e-03-4.511230250e-03-3.938470354e-03
-3.201830338e-03-2.300309352e-03-1.234343181e-03-4.853433333e-06 1.388024109e-03
 2.946927652e-03 4.678099527e-03 6.591247618e-03 8.699564793e-03 1.101978269e-02
 1.357231516e-02 1.638160419e-02 1.947598038e-02 2.288811036e-02 2.665704515e-02
 3.083269665e-02 3.548318242e-02 4.070628343e-02 4.665018836e-02 5.354541908e-02
 6.166088715e-02 6.899220649e-02 7.387558673e-02 7.634045167e-02 7.632150559e-02
 7.372359279e-02 7.015714025e-02 6.764937591e-02 6.584665832e-02 6.449741576e-02
 6.344920384e-02 6.260546851e-02 6.190260850e-02 6.129739268e-02 6.075969973e-02
 6.026814809e-02 5.980736710e-02 5.936624190e-02 5.893680068e-02 5.851537491e-02
 5.438419845e-04 1.235439202e-03 2.212158654e-03 3.480320177e-03 4.925489617e-03
 5.280873731e-03 4.242647903e-03 3.281652386e-03 2.372042011e-03 1.434500726e-03
 4.699506770e-04-5.097857644e-04-1.491779122e-03-2.462848835e-03-3.409809319e-03
-4.319480329e-03-5.178267352e-03-5.965217622e-03-6.659768250e-03-7.241924810e-03
-7.692557329e-03-7.993664276e-03-8.128633497e-03-8.082481043e-03-7.842000270e-03
-7.395571392e-03-6.733401750e-03-5.848684002e-03-4.739217406e-03-3.410176842e-03
-1.859806690e-03-8.091091707e-05 1.930920589e-03 4.179928005e-03 6.672756668e-03
 9.417690746e-03 1.242500448e-02 1.570713265e-02 1.927916676e-02 2.316052215e-02
 2.737997526e-02 3.199072782e-02 3.703822713e-02 4.256025526e-02 4.861147559e-02
 5.520551058e-02 6.127337564e-02 6.558646999e-02 6.797661205e-02 6.823557817e-02
 6.717750352e-02 6.610648460e-02 6.512620002e-02 6.432074347e-02 6.367299103e-02
 6.314860767e-02 6.271304625e-02 6.233707699e-02 6.199767701e-02 6.167742498e-02
 6.136352369e-02 6.104683330e-02 6.072102675e-02 6.038198399e-02 6.003263242e-02
 5.705827914e-04 1.297027365e-03 2.324971323e-03 3.664118730e-03 5.199328413e-03
 5.672112537e-03 4.764694456e-03 3.676292990e-03 2.628517756e-03 1.530899600e-03
 3.967923177e-04-7.687593891e-04-1.958666458e-03-3.164417725e-03-4.376574122e-03
-5.583962132e-03-6.764959301e-03-7.896725193e-03-8.955635275e-03-9.917550192e-03
-1.075809017e-02-1.145291028e-02-1.197797777e-02-1.230985702e-02-1.242601231e-02
-1.230517693e-02-1.192787076e-02-1.127711733e-02-1.033932988e-02-9.105215223e-03
-7.570029856e-03-5.736328190e-03-3.619496414e-03-1.239309856e-03 1.407612697e-03
 4.317433945e-03 7.485508459e-03 1.090647298e-02 1.457327373e-02 1.847436799e-02
 2.258930060e-02 2.690454877e-02 3.157974743e-02 3.640886125e-02 4.125619070e-02
 4.594066818e-02 5.021659954e-02 5.383910976e-02 5.666208343e-02 5.868209244e-02
 6.003315978e-02 6.091315320e-02 6.149444066e-02 6.189162782e-02 6.217089463e-02
 6.236710640e-02 6.249711937e-02 6.256839624e-02 6.258406276e-02 6.254565990e-02
 6.245451919e-02 6.231235709e-02 6.212144548e-02 6.188440045e-02 6.159406569e-02
 5.822163494e-04 1.322897652e-03 2.369645786e-03 3.730058177e-03 5.284188381e-03
 5.763810439e-03 4.838751726e-03 3.707568359e-03 2.539147750e-03 1.301116588e-03
-3.085199840e-06-1.367104265e-03-2.784596864e-03-4.248852085e-03-5.752803183e-03
-7.275582817e-03-8.794081292e-03-1.028338977e-02-1.171703691e-02-1.306726384e-02
-1.430530447e-02-1.540167659e-02-1.632649045e-02-1.704978504e-02-1.754190923e-02
-1.777397044e-02-1.771839296e-02-1.734962506e-02-1.664501813e-02-1.558591546e-02
-1.415908344e-02-1.235860813e-02-1.018814403e-02-7.662683145e-03-4.811518471e-03
-1.689376724e-03 1.686080589e-03 5.298329062e-03 9.126678961e-03 1.314723454e-02
 1.733236373e-02 2.163747154e-02 2.597943044e-02 3.050021108e-02 3.498568199e-02
 3.927233257e-02 4.327968834e-02 4.691935941e-02 5.012943118e-02 5.288689236e-02
 5.520734576e-02 5.713351863e-02 5.871935285e-02 6.001722337e-02 6.107148769e-02
 6.191719709e-02 6.258145749e-02 6.308555036e-02 6.344686055e-02 6.368029198e-02
 6.379916777e-02 6.381572974e-02 6.374137419e-02 6.358689545e-02 6.336953560e-02
 5.800751652e-04 1.316934911e-03 2.356124632e-03 3.702723333e-03 5.240293285e-03
 5.696315077e-03 4.691520790e-03 3.487121202e-03 2.200825923e-03 8.139142878e-04
-6.685707012e-04-2.241605907e-03-3.900281122e-03-5.639757933e-03-7.443130315e-03
-9.287728093e-03-1.114853629e-02-1.299831520e-02-1.480781533e-02-1.654602076e-02
-1.818042292e-02-1.967732022e-02-2.100214288e-02-2.211980748e-02-2.299511229e-02
-2.359319366e-02-2.388007057e-02-2.382331444e-02-2.339289409e-02-2.256225532e-02
-2.130969114e-02-1.962010104e-02-1.748716822e-02-1.491600732e-02-1.192643617e-02
-8.556511893e-03-4.863886053e-03-9.390600937e-04 3.184615586e-03 7.476631693e-03
 1.190273367e-02 1.642566793e-02 2.100370203e-02 2.558716725e-02 3.011490968e-02
 3.451767632e-02 3.872752574e-02 4.268460154e-02 4.634119537e-02 4.966454710e-02
 5.263754335e-02 5.525708726e-02 5.753094419e-02 5.947426689e-02 6.110671035e-02
 6.245045762e-02 6.352902030e-02 6.436650789e-02 6.498710350e-02 6.541460258e-02
 6.567197492e-02 6.578096801e-02 6.576178352e-02 6.563277623e-02 6.540779292e-02
 5.678633667e-04 1.288231289e-03 2.302367877e-03 3.613369976e-03 5.093928511e-03
 5.466808405e-03 4.406328663e-03 3.107847834e-03 1.690590237e-03 1.448435725e-04
-1.525406489e-03-3.316863729e-03-5.226623260e-03-7.243578920e-03-9.346261261e-03
-1.151039270e-02-1.370898590e-02-1.591251455e-02-1.808912172e-02-2.020487311e-02
-2.222404480e-02-2.410943808e-02-2.582271646e-02-2.732476330e-02-2.857606510e-02
-2.953713274e-02-3.016898395e-02-3.043372222e-02-3.029526032e-02-2.972025192e-02
-2.867931318e-02-2.714861569e-02-2.511194314e-02-2.256328372e-02-1.951000181e-02
-1.597662085e-02-1.200927343e-02-7.680434903e-03-3.090702930e-03 1.650907085e-03
 6.513756624e-03 1.146206613e-02 1.645651827e-02 2.145298732e-02 2.640260049e-02
 3.125275559e-02 3.594912496e-02 4.043814475e-02 4.466954695e-02 4.859871177e-02
 5.218870763e-02 5.541190965e-02 5.825110919e-02 6.070003511e-02 6.276320749e-02
 6.445507453e-02 6.579846810e-02 6.682253532e-02 6.756040942e-02 6.804692274e-02
 6.831662291e-02 6.840225345e-02 6.833374571e-02 6.813763715e-02 6.783622743e-02
 5.491843890e-04 1.245101195e-03 2.223469914e-03 3.485980766e-03 4.908745771e-03
 5.214458612e-03 4.043745238e-03 2.633982454e-03 1.074098042e-03-6.388077336e-04
-2.503285610e-03-4.518075444e-03-6.679936755e-03-8.969436284e-03-1.136381490e-02
-1.383716422e-02-1.636058004e-02-1.890235715e-02-2.142823380e-02-2.390167664e-02
-2.628419762e-02-2.853569241e-02-3.061479030e-02-3.247920872e-02-3.408611052e-02
-3.539247083e-02-3.635547022e-02-3.693294497e-02-3.708394102e-02-3.676943649e-02
-3.595331544e-02-3.460369667e-02-3.269473335e-02-3.020900796e-02-2.714063640e-02
-2.349913782e-02-1.931400964e-02-1.463996694e-02-9.562674104e-03-4.203358189e-03
 1.274547276e-03 6.843714929e-03 1.247128528e-02 1.812022593e-02 2.374814775e-02
 2.930673189e-02 3.474154918e-02 3.999248251e-02 4.499503930e-02 4.968288464e-02
 5.399179192e-02 5.786482203e-02 6.125799107e-02 6.414522898e-02 6.652135419e-02
 6.840220641e-02 6.982185208e-02 7.082759289e-02 7.147403350e-02 7.181750186e-02
 7.191172017e-02 7.180505781e-02 7.153923472e-02 7.114924455e-02 7.067032112e-02
 5.268729222e-04 1.193948455e-03 2.130770188e-03 3.337975117e-03 4.688887269e-03
 4.904209347e-03 3.632666279e-03 2.106955407e-03 4.009862012e-04-1.481820309e-03
-3.541800483e-03-5.779827331e-03-8.184323871e-03-1.073442943e-02-1.340587058e-02
-1.617102705e-02-1.899908750e-02-2.185627203e-02-2.470610993e-02-2.750976186e-02
-3.022637168e-02-3.281343223e-02-3.522714921e-02-3.742279021e-02-3.935501077e-02
-4.097815756e-02-4.224655966e-02-4.311483334e-02-4.353824298e-02-4.347318173e-02
-4.287785887e-02-4.171330576e-02-3.994483778e-02-3.754412984e-02-3.449207370e-02
-3.078257938e-02-2.642744678e-02-2.146229021e-02-1.595328250e-02-1.000460285e-02
-3.765794270e-03 2.583176936e-03 9.022618960e-03 1.552681673e-02 2.206281490e-02
 2.858757180e-02 3.504479132e-02 4.136178090e-02 4.744743459e-02 5.319326859e-02
 5.847979245e-02 6.318936256e-02 6.722371961e-02 7.052129004e-02 7.306845174e-02
 7.490089116e-02 7.609464926e-02 7.675010484e-02 7.697449830e-02 7.686816740e-02
 7.651680658e-02 7.598909918e-02 7.533772331e-02 7.460168559e-02 7.379862496e-02
 5.030341029e-04 1.139497251e-03 2.032577592e-03 3.182149214e-03 4.457126766e-03
 4.576469878e-03 3.219307673e-03 1.562217204e-03-2.883699117e-04-2.337742244e-03
-4.587968865e-03-7.038671907e-03-9.671796969e-03-1.246541113e-02-1.539384671e-02
-1.842786051e-02-2.153484631e-02-2.467910754e-02-2.782218433e-02-3.092322213e-02
-3.393936440e-02-3.682614931e-02-3.953788956e-02-4.202801672e-02-4.424937611e-02
-4.615446633e-02-4.769562848e-02-4.882520469e-02-4.949570386e-02-4.966003435e-02
-4.927188953e-02-4.828640221e-02-4.666121673e-02-4.435816177e-02-4.134573674e-02
-3.760264055e-02-3.312255941e-02-2.792038415e-02-2.203990422e-02-1.556268418e-02
-8.617531222e-03-1.390118655e-03 5.980431835e-03 1.349215126e-02 2.113530331e-02
 2.888839780e-02 3.671083420e-02 4.453140286e-02 5.223254111e-02 5.963429348e-02
 6.649097954e-02 7.252003739e-02 7.746552065e-02 8.116639540e-02 8.359801927e-02
 8.487611519e-02 8.522138845e-02 8.489391466e-02 8.412903462e-02 8.310530557e-02
 8.194388186e-02 8.072147028e-02 7.948431010e-02 7.825911516e-02 7.706669401e-02
 4.792160132e-04 1.085203082e-03 1.934915055e-03 3.027675587e-03 4.240459563e-03
 4.291888112e-03 2.797370224e-03 1.028371676e-03-9.603738645e-04-3.168249395e-03
-5.598753786e-03-8.244805181e-03-1.108701662e-02-1.410208848e-02-1.726286949e-02
-2.053851233e-02-2.389471216e-02-2.729401842e-02-3.069620679e-02-3.405869321e-02
-3.733696774e-02-4.048502289e-02-4.345575092e-02-4.620128608e-02-4.867327270e-02
-5.082304788e-02-5.260173845e-02-5.396028638e-02-5.484943498e-02-5.521973045e-02
-5.502162047e-02-5.420576357e-02-5.272370057e-02-5.052908128e-02-4.757968233e-02
-4.384048964e-02-3.928813724e-02-3.391696701e-02-2.774687157e-02-2.083288765e-02
-1.327608823e-02-5.234518466e-03 3.068087601e-03 1.162267385e-02 2.046044868e-02
 2.961448546e-02 3.911442601e-02 4.897329333e-02 5.915479110e-02 6.948997645e-02
 7.949324985e-02 8.825645735e-02 9.491752284e-02 9.902175997e-02 1.005186255e-01
 9.979928714e-02 9.768154173e-02 9.504281154e-02 9.236570775e-02 8.983443878e-02
 8.750393464e-02 8.537768382e-02 8.343946526e-02 8.166675592e-02 8.003660203e-02
 4.565928454e-04 1.033695120e-03 1.842399041e-03 2.881536960e-03 4.019047969e-03
 3.972653692e-03 2.414055494e-03 5.287192949e-04-1.587608350e-03-3.940508604e-03
-6.534542327e-03-9.356025745e-03-1.238463211e-02-1.559588270e-02-1.896127982e-02
-2.244851413e-02-2.602175132e-02-2.964199260e-02-3.326749570e-02-3.685423582e-02
-4.035638107e-02-4.372675341e-02-4.691724544e-02-4.987916495e-02-5.256348398e-02
-5.492097699e-02-5.690224345e-02-5.845762453e-02-5.953704112e-02-6.008980256e-02
-6.006446193e-02-5.940882659e-02-5.807027212e-02-5.599655376e-02-5.313736135e-02
-4.944691557e-02-4.488794447e-02-3.943739232e-02-3.309416346e-02-2.588904158e-02
-1.789661690e-02-9.248585544e-03-1.471095090e-04 9.295205582e-03 1.915859604e-02
 2.954911007e-02 4.061168297e-02 5.255067181e-02 6.566659306e-02 8.043990156e-02
 9.785085548e-02 1.130560714e-01 1.231646708e-01 1.275837894e-01 1.261281383e-01
 1.197600250e-01 1.109886013e-01 1.044742828e-01 9.935946662e-02 9.521953332e-02
 9.179012540e-02 8.889173547e-02 8.639736124e-02 8.421479208e-02 8.227236433e-02
 4.360811671e-04 9.870322208e-04 1.758666903e-03 2.749464292e-03 3.828686993e-03
 3.714526221e-03 2.065128317e-03 7.988049308e-05-2.149926662e-03-4.631617794e-03
-7.367618627e-03-1.034092504e-02-1.353017330e-02-1.690972958e-02-2.044984300e-02
-2.411688517e-02-2.787367632e-02-3.167988937e-02-3.549251602e-02-3.926637151e-02
-4.295460953e-02-4.650921503e-02-4.988144211e-02-5.302216582e-02-5.588212167e-02
-5.841201457e-02-6.056248959e-02-6.228397113e-02-6.352639424e-02-6.423887319e-02
-6.436937835e-02-6.386452494e-02-6.266961653e-02-6.072913435e-02-5.798791929e-02
-5.439335370e-02-4.989890531e-02-4.446942682e-02-3.808857885e-02-3.076861004e-02
-2.256240569e-02-1.357710057e-02-3.987554730e-03 5.965247603e-03 1.636490572e-02
 2.733134636e-02 3.903822750e-02 5.174242909e-02 6.583577378e-02 8.193766181e-02
 1.013988956e-01 1.168903700e-01 1.316128603e-01 1.343979910e-01 1.320510072e-01
 1.245583674e-01 1.143558215e-01 1.069642312e-01 1.013119580e-01 9.684972864e-02
 9.322458068e-02 9.020404067e-02 8.763047447e-02 8.539410015e-02 8.342388457e-02
 4.183953523e-04 9.468219691e-04 1.686564890e-03 2.635840533e-03 3.668104821e-03
 3.500188041e-03 1.757023593e-03-3.046341304e-04-2.630778463e-03-5.221817628e-03
-8.076012721e-03-1.117541234e-02-1.449766007e-02-1.801606288e-02-2.169975816e-02
-2.551397785e-02-2.942040659e-02-3.337762293e-02-3.734160453e-02-4.126627166e-02
-4.510403754e-02-4.880633099e-02-5.232405592e-02-5.560795458e-02-5.860884648e-02
-6.127772317e-02-6.356568976e-02-6.542375836e-02-6.680251531e-02-6.765170531e-02
-6.791980065e-02-6.755365583e-02-6.649838707e-02-6.469766537e-02-6.209467010e-02
-5.863401667e-02-5.426503886e-02-4.894685848e-02-4.265568449e-02-3.539470324e-02
-2.720669179e-02-1.818903684e-02-8.510121528e-03 1.574713376e-03 1.196490066e-02
 2.272637606e-02 3.393859745e-02 4.569384151e-02 5.808692053e-02 7.116547640e-02
 8.454660374e-02 9.613670900e-02 1.051826793e-01 1.104699590e-01 1.115686599e-01
 1.091273786e-01 1.048476322e-01 1.007815268e-01 9.722938829e-02 9.415197264e-02
 9.147293828e-02 8.911783885e-02 8.702289708e-02 8.513600700e-02 8.340597634e-02
 4.040787220e-04 9.142882356e-04 1.628262131e-03 2.543986672e-03 3.527727535e-03
 3.294938841e-03 1.524801993e-03-6.136303283e-04-3.017004168e-03-5.695012403e-03
-8.642689283e-03-1.184140950e-02-1.526803858e-02-1.889503554e-02-2.269064537e-02
-2.661919112e-02-3.064146283e-02-3.471519166e-02-3.879558890e-02-4.283592255e-02
-4.678809812e-02-5.060320751e-02-5.423200907e-02-5.762530445e-02-6.073418340e-02
-6.351011594e-02-6.590488283e-02-6.787034898e-02-6.935810171e-02-7.031899630e-02
-7.070267634e-02-7.045716776e-02-6.952868437e-02-6.786183172e-02-6.540045485e-02
-6.208944417e-02-5.787788437e-02-5.272399055e-02-4.660229533e-02-3.951348475e-02
-3.149706165e-02-2.264655565e-02-1.312621467e-02-3.186903257e-03 6.869892160e-03
 1.703695194e-02 2.729149300e-02 3.757939184e-02 4.778794168e-02 5.770662838e-02
 6.699573186e-02 7.522104763e-02 8.196850401e-02 8.695377409e-02 9.010941495e-02
 9.162671734e-02 9.189883932e-02 9.137027153e-02 9.039285373e-02 8.918931733e-02
 8.788582783e-02 8.655011351e-02 8.521709513e-02 8.390392068e-02 8.262328729e-02
 3.935250991e-04 8.903155846e-04 1.585322168e-03 2.476431308e-03 3.436757896e-03
 3.182976001e-03 1.341474767e-03-8.404553883e-04-3.299724614e-03-6.040848568e-03
-9.056170222e-03-1.232654558e-02-1.582826404e-02-1.953316089e-02-2.340882832e-02
-2.741892932e-02-3.152361075e-02-3.568000302e-02-3.984278531e-02-4.396478747e-02
-4.799759447e-02-5.189211607e-02-5.559908393e-02-5.906944122e-02-6.225459568e-02
-6.510651562e-02-6.757765991e-02-6.962074741e-02-7.118838800e-02-7.223261828e-02
-7.270440954e-02-7.255324658e-02-7.172691434e-02-7.017167710e-02-6.783309303e-02
-6.465777384e-02-6.059646889e-02-5.560891082e-02-4.967087858e-02-4.278386851e-02
-3.498754830e-02-2.637472119e-02-1.710776911e-02-7.434460245e-03 2.300423809e-03
 1.194236760e-02 2.143894138e-02 3.071233215e-02 3.965391540e-02 4.812232368e-02
 5.594998691e-02 6.296194988e-02 6.900500942e-02 7.397880029e-02 7.785842014e-02
 8.069996910e-02 8.262559082e-02 8.379351218e-02 8.436603228e-02 8.448729828e-02
 8.427417378e-02 8.381640932e-02 8.318097895e-02 8.241727180e-02 8.156406262e-02
 3.869988989e-04 8.754937839e-04 1.558778268e-03 2.434649478e-03 3.371403226e-03
 3.085894806e-03 1.234541146e-03-9.798306841e-04-3.473303761e-03-6.252809797e-03
-9.309180552e-03-1.262295237e-02-1.617005427e-02-1.992193317e-02-2.384577765e-02
-2.790484570e-02-3.205889309e-02-3.626468916e-02-4.047659841e-02-4.464719840e-02
-4.872789914e-02-5.266952596e-02-5.642282789e-02-5.993887608e-02-6.316932350e-02
-6.606650540e-02-6.858337213e-02-7.067326027e-02-7.228952486e-02-7.338507631e-02
-7.391188994e-02-7.382058674e-02-7.306022135e-02-7.157846022e-02-6.932238919e-02
-6.624025383e-02-6.228450199e-02-5.741654982e-02-5.161370428e-02-4.487859882e-02
-3.725127105e-02-2.882354736e-02-1.975462361e-02-1.028560993e-02-7.494658908e-04
 8.586323823e-03 1.766903810e-02 2.643029032e-02 3.478718469e-02 4.264582457e-02
 4.990788460e-02 5.648017640e-02 6.228594086e-02 6.727550925e-02 7.143360558e-02
 7.478121904e-02 7.737152020e-02 7.928115179e-02 8.059953001e-02 8.141889926e-02
 8.182690715e-02 8.190215985e-02 8.171228689e-02 8.131358443e-02 8.074561165e-02
 3.846589922e-04 8.701755707e-04 1.549241613e-03 2.419601570e-03 3.347909673e-03
 3.050457347e-03 1.197823900e-03-1.029514779e-03-3.534639865e-03-6.327248638e-03
-9.397655226e-03-1.272625739e-02-1.628884063e-02-2.005670444e-02-2.399688827e-02
-2.807250306e-02-3.224316447e-02-3.646551410e-02-4.069380654e-02-4.488053276e-02
-4.897704451e-02-5.293414162e-02-5.670258394e-02-6.023349264e-02-6.347861186e-02
-6.639041034e-02-6.892201501e-02-7.102698228e-02-7.265893053e-02-7.377107704e-02
-7.431574789e-02-7.424395895e-02-7.350520374e-02-7.204763029e-02-6.981884440e-02
-6.676764019e-02-6.284702243e-02-5.801893529e-02-5.226111912e-02-4.557643633e-02
-3.800477202e-02-2.963714292e-02-2.063086294e-02-1.122348714e-02-1.741897390e-03
 7.510164342e-03 1.648142922e-02 2.510813284e-02 3.331608855e-02 4.102456176e-02
 4.815204382e-02 5.462354327e-02 6.037843762e-02 6.537748908e-02 6.960755760e-02
 7.308295554e-02 7.584318483e-02 7.794769806e-02 7.946898254e-02 8.048544722e-02
 8.107530282e-02 8.131208020e-02 8.126189864e-02 8.098238590e-02 8.052894384e-02
 3.865749161e-04 8.745227664e-04 1.557016134e-03 2.431839347e-03 3.373991591e-03
 3.099540099e-03 1.219526452e-03-9.882022167e-04-3.482274510e-03-6.262730247e-03
-9.320139117e-03-1.263497732e-02-1.618312598e-02-1.993599072e-02-2.386072358e-02
-2.792055019e-02-3.207519815e-02-3.628141307e-02-4.049354039e-02-4.466414341e-02
-4.874462256e-02-5.268579787e-02-5.643841648e-02-5.995355001e-02-6.318285256e-02
-6.607865908e-02-6.859391569e-02-7.068194752e-02-7.229608714e-02-7.338920678e-02
-7.391322217e-02-7.381866645e-02-7.305447004e-02-7.156812917e-02-6.930650261e-02
-6.621754059e-02-6.225331647e-02-5.737478535e-02-5.155870687e-02-4.480709647e-02
-3.715934476e-02-2.870668585e-02-1.960792459e-02-1.010422213e-02-5.293177243e-04
 8.853955669e-03 1.799260826e-02 2.681692871e-02 3.524122491e-02 4.316710172e-02
 5.049024367e-02 5.711079785e-02 6.294600091e-02 6.794230827e-02 7.208376273e-02
 7.539408497e-02 7.793183497e-02 7.978028442e-02 8.103523282e-02 8.179404313e-02
 8.214785928e-02 8.217734105e-02 8.195120373e-02 8.152644263e-02 8.094429832e-02
 3.927129120e-04 8.884648396e-04 1.581991557e-03 2.471127310e-03 3.422142221e-03
 3.150864593e-03 1.333547719e-03-8.555846775e-04-3.316892614e-03-6.060212878e-03
-9.077793396e-03-1.235042577e-02-1.585432962e-02-1.956127150e-02-2.343877825e-02
-2.745045252e-02-3.155638743e-02-3.571366761e-02-3.987693531e-02-4.399899294e-02
-4.803140757e-02-5.192507994e-02-5.563074029e-02-5.909933596e-02-6.228228155e-02
-6.513155121e-02-6.759960401e-02-6.963914768e-02-7.120276280e-02-7.224243012e-02
-7.270902852e-02-7.255190164e-02-7.171862990e-02-7.015519221e-02-6.780676041e-02
-6.461943660e-02-6.054331431e-02-5.553730388e-02-4.957618396e-02-4.266027879e-02
-3.482795016e-02-2.617064848e-02-1.684951063e-02-7.111380392e-03 2.698989120e-03
 1.243702467e-02 2.205187770e-02 3.146561373e-02 4.056579599e-02 4.920138516e-02
 5.718829605e-02 6.433021979e-02 7.045296333e-02 7.544189542e-02 7.926958949e-02
 8.200277794e-02 8.378379585e-02 8.479342221e-02 8.521225851e-02 8.519576296e-02
 8.486590709e-02 8.431347302e-02 8.360431199e-02 8.278580012e-02 8.189436891e-02
 4.029183706e-04 9.116529336e-04 1.623543218e-03 2.536584245e-03 3.520919128e-03
 3.293759311e-03 1.501642092e-03-6.354388660e-04-3.041846455e-03-5.723409123e-03
-8.674693250e-03-1.187698110e-02-1.530704480e-02-1.893724862e-02-2.273574521e-02
-2.666677094e-02-3.069103784e-02-3.476621013e-02-3.884744525e-02-4.288797159e-02
-4.683966982e-02-5.065362130e-02-5.428058677e-02-5.767138076e-02-6.077711289e-02
-6.354927551e-02-6.593966843e-02-6.790016540e-02-6.938234405e-02-7.033702141e-02
-7.071376224e-02-7.046045854e-02-6.952311769e-02-6.784604520e-02-6.537266780e-02
-6.204731096e-02-5.781831697e-02-5.264295036e-02-4.649455951e-02-3.937240048e-02
-3.131431504e-02-2.241200356e-02-1.282786107e-02-2.811238298e-03 7.348786730e-03
 1.765158352e-02 2.808463721e-02 3.860541665e-02 4.911075025e-02 5.938674193e-02
 6.905743405e-02 7.761644719e-02 8.457551787e-02 8.959518618e-02 9.259158066e-02
 9.379757284e-02 9.369441787e-02 9.281073073e-02 9.153748141e-02 9.010173551e-02
 8.862113742e-02 8.715280156e-02 8.572227126e-02 8.433913855e-02 8.300823567e-02
 4.169134852e-04 9.434624017e-04 1.680564296e-03 2.626425540e-03 3.652710075e-03
 3.476647557e-03 1.737474177e-03-3.323302592e-04-2.663001416e-03-5.259017758e-03
-8.118242976e-03-1.122261299e-02-1.454964602e-02-1.807252312e-02-2.176025938e-02
-2.557797206e-02-2.948724243e-02-3.344656028e-02-3.741183190e-02-4.133692559e-02
-4.517422308e-02-4.887514221e-02-5.239059536e-02-5.567135050e-02-5.866826669e-02
-6.133238434e-02-6.361486108e-02-6.546675841e-02-6.683870105e-02-6.768045162e-02
-6.794046893e-02-6.756554963e-02-6.650069228e-02-6.468937202e-02-6.207447251e-02
-5.860018865e-02-5.421528114e-02-4.887811684e-02-4.256393880e-02-3.527473124e-02
-2.705181153e-02-1.799081982e-02-8.258029470e-03 1.894215222e-03 1.237529593e-02
 2.326250435e-02 3.465299087e-02 4.666882330e-02 5.945892547e-02 7.318950508e-02
 8.783266585e-02 1.002003512e-01 1.100607796e-01 1.154707245e-01 1.160229018e-01
 1.124716158e-01 1.069470238e-01 1.022447273e-01 9.830203816e-02 9.496825535e-02
 9.211594397e-02 8.964225951e-02 8.746633029e-02 8.552530968e-02 8.376445548e-02
 4.342894013e-04 9.829741894e-04 1.751429214e-03 2.738119019e-03 3.809996858e-03
 3.683467433e-03 2.038009508e-03 4.624710806e-05-2.189383249e-03-4.677475598e-03
-7.420008711e-03-1.039978425e-02-1.359527197e-02-1.698067628e-02-2.052609150e-02
-2.419774482e-02-2.795832611e-02-3.176739596e-02-3.558185527e-02-3.935645284e-02
-4.304430220e-02-4.659737522e-02-4.996693965e-02-5.310390938e-02-5.595908123e-02
-5.848324020e-02-6.062712564e-02-6.234126505e-02-6.357569936e-02-6.427964479e-02
-6.440116243e-02-6.388693885e-02-6.268232059e-02-6.073179347e-02-5.798015389e-02
-5.437467960e-02-4.986866380e-02-4.442670902e-02-3.803215370e-02-3.069686820e-02
-2.247334187e-02-1.346838724e-02-3.856821541e-03 6.122716987e-03 1.655409501e-02
 2.756081950e-02 3.932225485e-02 5.210454148e-02 6.631381281e-02 8.257977762e-02
 1.017336162e-01 1.184812888e-01 1.296157910e-01 1.344945409e-01 1.326700534e-01
 1.250776922e-01 1.150038456e-01 1.074600928e-01 1.017041838e-01 9.717596063e-02
 9.350966829e-02 9.046471699e-02 8.787857890e-02 8.563840898e-02 8.366912355e-02
 4.544891934e-04 1.028934204e-03 1.833916644e-03 2.868303676e-03 4.007872215e-03
 3.970447835e-03 2.372737720e-03 4.889814866e-04-1.634214596e-03-3.994778923e-03
-6.597057217e-03-9.426656661e-03-1.246307280e-02-1.568164582e-02-1.905369810e-02
-2.254674822e-02-2.612480388e-02-2.974872802e-02-3.337666459e-02-3.696450350e-02
-4.046635889e-02-4.383503191e-02-4.702242800e-02-4.997990086e-02-5.265849993e-02
-5.500910605e-02-5.698245110e-02-5.852903134e-02-5.959894220e-02-6.014168398e-02
-6.010601465e-02-5.943995864e-02-5.809111985e-02-5.600749338e-02-5.313902254e-02
-4.944020004e-02-4.487405532e-02-3.941788200e-02-3.307101148e-02-2.586479528e-02
-1.787463406e-02-9.233356972e-03-1.444629226e-04 9.271763943e-03 1.909123699e-02
 2.941199216e-02 4.036528890e-02 5.213131815e-02 6.496660998e-02 7.927960268e-02
 9.643669218e-02 1.121073503e-01 1.229867186e-01 1.256088136e-01 1.239618724e-01
 1.180870565e-01 1.097535521e-01 1.037106262e-01 9.888857902e-02 9.493766424e-02
 9.163694935e-02 8.883104014e-02 8.640684359e-02 8.428049083e-02 8.238563254e-02
 4.767845606e-04 1.079703625e-03 1.925125815e-03 3.012365199e-03 4.210544582e-03
 4.238763367e-03 2.766105375e-03 9.827248722e-04-1.014494901e-03-3.231466213e-03
-5.671837765e-03-8.327618514e-03-1.117921942e-02-1.420311990e-02-1.737195024e-02
-2.065465500e-02-2.401673747e-02-2.742057700e-02-3.082580624e-02-3.418972966e-02
-3.746776095e-02-4.061385394e-02-4.358090124e-02-4.632107681e-02-4.878610342e-02
-5.092743422e-02-5.269634822e-02-5.404397459e-02-5.492127834e-02-5.527906260e-02
-5.506806947e-02-5.423929363e-02-5.274466028e-02-5.053826090e-02-4.757838305e-02
-4.383060785e-02-3.927226556e-02-3.389852110e-02-2.773026548e-02-2.082373560e-02
-1.328144441e-02-5.263462779e-03 3.002467251e-03 1.149905224e-02 2.025093390e-02
 2.928171464e-02 3.860707949e-02 4.821967354e-02 5.805528839e-02 6.791880504e-02
 7.735674816e-02 8.562608530e-02 9.200413885e-02 9.608568083e-02 9.782797380e-02
 9.757291713e-02 9.599986849e-02 9.382406407e-02 9.149531847e-02 8.922125883e-02
 8.708282556e-02 8.510299960e-02 8.327921323e-02 8.159843399e-02 8.004506383e-02
 5.002414689e-04 1.133186341e-03 2.021357746e-03 3.164663059e-03 4.433263258e-03
 4.547051750e-03 3.172727973e-03 1.509597423e-03-3.505649052e-04-2.410449321e-03
-4.672049169e-03-7.134115361e-03-9.778237737e-03-1.258220677e-02-1.552009648e-02
-1.856241821e-02-2.167633715e-02-2.482595060e-02-2.797262028e-02-3.107534577e-02
-3.409116129e-02-3.697553530e-02-3.968275221e-02-4.216625764e-02-4.437895332e-02
-4.627343633e-02-4.780218805e-02-4.891773321e-02-4.957280754e-02-4.972059441e-02
-4.931511736e-02-4.831190450e-02-4.666907424e-02-4.434902448e-02-4.132093716e-02
-3.756432684e-02-3.307385540e-02-2.786556020e-02-2.198449987e-02-1.551370763e-02
-8.583762415e-03-1.381478013e-03 5.947348674e-03 1.339709502e-02 2.095414139e-02
 2.859273177e-02 3.626819246e-02 4.390686122e-02 5.139333544e-02 5.855917273e-02
 6.518357469e-02 7.101949208e-02 7.584558912e-02 7.952235265e-02 8.202742563e-02
 8.345901309e-02 8.400595515e-02 8.389413608e-02 8.333410392e-02 8.249229227e-02
 8.148691007e-02 8.039642752e-02 7.927060984e-02 7.813992426e-02 7.702634842e-02
 5.236561380e-04 1.186691626e-03 2.117901350e-03 3.317985856e-03 4.664647289e-03
 4.878267679e-03 3.583312667e-03 2.046686796e-03 3.297817842e-04-1.564731158e-03
-3.637194408e-03-5.888416575e-03-8.305566104e-03-1.086754791e-02-1.354981284e-02
-1.632446551e-02-1.916043180e-02-2.202368790e-02-2.487754467e-02-2.768297516e-02
-3.039897069e-02-3.298290967e-02-3.539092343e-02-3.757824602e-02-3.949954031e-02
-4.110920099e-02-4.236164598e-02-4.321162257e-02-4.361457207e-02-4.352711756e-02
-4.290776241e-02-4.171791329e-02-3.992336522e-02-3.749640796e-02-3.441872103e-02
-3.068521048e-02-2.630887669e-02-2.132675615e-02-1.580683199e-02-9.855069523e-03
-3.622103440e-03 2.710583625e-03 9.118844280e-03 1.557517675e-02 2.204517984e-02
 2.848513188e-02 3.483930570e-02 4.103749039e-02 4.699371989e-02 5.260781224e-02
 5.777145716e-02 6.237955351e-02 6.634517326e-02 6.961413714e-02 7.217448244e-02
 7.405761764e-02 7.533082635e-02 7.608379950e-02 7.641373996e-02 7.641325194e-02
 7.616305679e-02 7.572925188e-02 7.516363394e-02 7.450543750e-02 7.377644784e-02
 5.454222611e-04 1.236633611e-03 2.208505488e-03 3.462806117e-03 4.870551183e-03
 5.152607041e-03 3.988188490e-03 2.564020140e-03 9.921286787e-04-7.336086543e-04
-2.611713923e-03-4.640974267e-03-6.816914568e-03-9.119642008e-03-1.152605953e-02
-1.400993830e-02-1.654206621e-02-1.909045078e-02-2.162056690e-02-2.409564603e-02
-2.647699660e-02-2.872434479e-02-3.079618562e-02-3.265013737e-02-3.424329803e-02
-3.553261074e-02-3.647525619e-02-3.702910392e-02-3.715327035e-02-3.680885013e-02
-3.595990789e-02-3.457483319e-02-3.262817858e-02-3.010310056e-02-2.699451466e-02
-2.331303843e-02-1.908976495e-02-1.438153897e-02-9.275985673e-03-3.897306387e-03
 1.593747760e-03 7.164096269e-03 1.277929444e-02 1.840073877e-02 2.398548193e-02
 2.948581117e-02 3.484911142e-02 4.001827205e-02 4.493295666e-02 4.953199777e-02
 5.375699967e-02 5.755690643e-02 6.089287258e-02 6.374243901e-02 6.610197768e-02
 6.798671524e-02 6.942827513e-02 7.047034289e-02 7.116349166e-02 7.156024746e-02
 7.171116819e-02 7.166225557e-02 7.145363179e-02 7.111930106e-02 7.069227579e-02
 5.633421877e-04 1.278075446e-03 2.284473819e-03 3.585830172e-03 5.060676422e-03
 5.434014571e-03 4.335557292e-03 3.025585120e-03 1.595501845e-03 3.594195972e-05
-1.648655107e-03-3.455016993e-03-5.380260075e-03-7.411687253e-03-9.527461059e-03
-1.170294257e-02-1.391080991e-02-1.612121342e-02-1.830199180e-02-2.041892963e-02
-2.243604847e-02-2.431592373e-02-2.602002167e-02-2.750905547e-02-2.874336551e-02
-2.968333727e-02-3.028988128e-02-3.052501035e-02-3.035256606e-02-2.973916040e-02
-2.865540875e-02-2.707755280e-02-2.498956412e-02-2.238583120e-02-1.927449002e-02
-1.568135162e-02-1.165408298e-02-7.267275260e-03-2.626916655e-03 2.164005303e-03
 7.068257649e-03 1.204641486e-02 1.705450142e-02 2.204536197e-02 2.696976772e-02
 3.177726858e-02 3.641692716e-02 4.083879214e-02 4.499618258e-02 4.884817182e-02
 5.236169416e-02 5.551300011e-02 5.828842412e-02 6.068452473e-02 6.270765240e-02
 6.437297528e-02 6.570301038e-02 6.672577530e-02 6.747275280e-02 6.797689905e-02
 6.827090308e-02 6.838583325e-02 6.835021704e-02 6.818948150e-02 6.792446755e-02
 5.744671045e-04 1.304342117e-03 2.333961509e-03 3.668649488e-03 5.187336369e-03
 5.618190950e-03 4.613194335e-03 3.391090831e-03 2.088344497e-03 6.870338853e-04
-8.100451832e-04-2.397988035e-03-4.071955669e-03-5.826995569e-03-7.644195969e-03
-9.500618626e-03-1.137089380e-02-1.322743171e-02-1.504064077e-02-1.677918258e-02
-1.841025105e-02-1.989987371e-02-2.121323520e-02-2.231502847e-02-2.316984502e-02
-2.374262385e-02-2.399918723e-02-2.390690687e-02-2.343554516e-02-2.255833345e-02
-2.125337780e-02-1.950544566e-02-1.730819485e-02-1.466682268e-02-1.160128082e-02
-8.149869185e-03-4.372377635e-03-3.645770877e-04 3.849923340e-03 8.236624636e-03
 1.275700291e-02 1.736409212e-02 2.199993217e-02 2.659795120e-02 3.110005340e-02
 3.545376153e-02 3.960187535e-02 4.348795559e-02 4.706530909e-02 5.030275860e-02
 5.318618922e-02 5.571654368e-02 5.790581236e-02 5.977277063e-02 6.133964320e-02
 6.263002574e-02 6.366781145e-02 6.447669491e-02 6.507990597e-02 6.549998262e-02
 6.575852158e-02 6.587591792e-02 6.587112959e-02 6.576146083e-02 6.556151684e-02
 5.751178033e-04 1.306886829e-03 2.341317462e-03 3.686311992e-03 5.221534509e-03
 5.678658629e-03 4.736230852e-03 3.571400304e-03 2.402599182e-03 1.150786056e-03
-1.674180764e-04-1.545657423e-03-2.977787601e-03-4.457313585e-03-5.975111639e-03
-7.509609447e-03-9.037261634e-03-1.053271536e-02-1.196909922e-02-1.331829368e-02
-1.455121026e-02-1.563807975e-02-1.654875638e-02-1.725304745e-02-1.772108518e-02
-1.792376843e-02-1.783331635e-02-1.742396123e-02-1.667283173e-02-1.556106289e-02
-1.407514490e-02-1.220880269e-02-9.965174548e-03-7.358786841e-03-4.420030281e-03
-1.206079648e-03 2.275299556e-03 6.008011576e-03 9.975978604e-03 1.415912995e-02
 1.853162062e-02 2.304483246e-02 2.767996898e-02 3.214643816e-02 3.646372992e-02
 4.065919435e-02 4.459729266e-02 4.816300047e-02 5.128120042e-02 5.392652693e-02
 5.612077376e-02 5.791691022e-02 5.937843670e-02 6.056418795e-02 6.152181628e-02
 6.228736363e-02 6.288750740e-02 6.334233475e-02 6.366769373e-02 6.387686309e-02
 6.398159641e-02 6.399269720e-02 6.392028671e-02 6.377399633e-02 6.356769908e-02
 5.617824862e-04 1.276946184e-03 2.288798611e-03 3.606881746e-03 5.124012345e-03
 5.583677248e-03 4.627200581e-03 3.535252070e-03 2.459271350e-03 1.350568730e-03
 2.050838743e-04-9.727487432e-04-2.175683030e-03-3.394950485e-03-4.620939783e-03
-5.839858743e-03-7.029382486e-03-8.166205897e-03-9.226280374e-03-1.018510842e-02
-1.101801297e-02-1.170040463e-02-1.220805290e-02-1.251736987e-02-1.260571714e-02
-1.245175595e-02-1.203590120e-02-1.134105054e-02-1.035344476e-02-9.063519107e-03
-7.466561454e-03-5.565626933e-03-3.377186994e-03-9.169743906e-04 1.818981066e-03
 4.828108451e-03 8.110614449e-03 1.166789472e-02 1.550297685e-02 1.962261127e-02
 2.404483008e-02 2.865619471e-02 3.330951307e-02 3.811741559e-02 4.297385403e-02
 4.770387917e-02 5.202579614e-02 5.563702373e-02 5.835993487e-02 6.019350582e-02
 6.131252873e-02 6.196759358e-02 6.235452970e-02 6.259156134e-02 6.274228548e-02
 6.283712837e-02 6.288840394e-02 6.289960003e-02 6.287058031e-02 6.280027529e-02
 6.268794518e-02 6.253366892e-02 6.233843029e-02 6.210388274e-02 6.182482314e-02
 5.338437034e-04 1.212486619e-03 2.170313461e-03 3.412401538e-03 4.813618836e-03
 5.095384744e-03 3.971706050e-03 3.062396596e-03 2.166752379e-03 1.225314581e-03
 2.512134026e-04-7.404387437e-04-1.735182562e-03-2.718970149e-03-3.678093106e-03
-4.599118736e-03-5.465507429e-03-6.255814944e-03-6.949086167e-03-7.525071709e-03
-7.964467128e-03-8.249149407e-03-8.362430359e-03-8.289297275e-03-8.016578635e-03
-7.532913560e-03-6.828752910e-03-5.897519144e-03-4.737341459e-03-3.353961365e-03
-1.745411588e-03 9.562680429e-05 2.173663044e-03 4.493697206e-03 7.063995454e-03
 9.894895486e-03 1.299906083e-02 1.639193687e-02 2.009222155e-02 2.412172315e-02
 2.850101522e-02 3.323634107e-02 3.836116881e-02 4.397380700e-02 5.019656905e-02
 5.735056399e-02 6.407313942e-02 6.868893276e-02 7.085318619e-02 7.049131266e-02
 6.869334049e-02 6.722023178e-02 6.598296646e-02 6.499460485e-02 6.421615350e-02
 6.359626298e-02 6.308981116e-02 6.266096850e-02 6.228246425e-02 6.193403773e-02
 6.160092576e-02 6.127260134e-02 6.094178783e-02 6.060380482e-02 6.026018014e-02
 4.949029878e-04 1.123524226e-03 2.009413500e-03 3.155012987e-03 4.432751970e-03
 4.560665091e-03 3.289443948e-03 2.408701665e-03 1.640261639e-03 8.117070458e-04
-3.971435405e-05-8.904087287e-04-1.719373272e-03-2.507590680e-03-3.237719887e-03
-3.893861515e-03-4.461295190e-03-4.924301354e-03-5.265679646e-03-5.470445670e-03
-5.525925892e-03-5.421949055e-03-5.151237176e-03-4.709969130e-03-4.098642405e-03
-3.320803049e-03-2.375421421e-03-1.263179042e-03 1.457746462e-05 1.457141803e-03
 3.066958879e-03 4.850421432e-03 6.817571880e-03 8.982062731e-03 1.136090370e-02
 1.397474707e-02 1.684827305e-02 2.000940054e-02 2.348891227e-02 2.732174485e-02
 3.155140673e-02 3.623954908e-02 4.148166035e-02 4.743007938e-02 5.432653703e-02
 6.243623569e-02 6.977591466e-02 7.465682989e-02 7.711490782e-02 7.708497837e-02
 7.441055533e-02 7.072545005e-02 6.811239591e-02 6.623910245e-02 6.483853319e-02
 6.375074227e-02 6.287569258e-02 6.214806924e-02 6.152368006e-02 6.097176588e-02
 6.047044545e-02 6.000390041e-02 5.956056034e-02 5.913183202e-02 5.871144782e-02
 4.471870701e-04 1.016406651e-03 1.821161237e-03 2.867131729e-03 4.036783677e-03
 4.059070646e-03 2.668838832e-03 1.751309744e-03 9.314894897e-04 1.043094835e-04
-7.128474742e-04-1.495311007e-03-2.219349960e-03-2.863237529e-03-3.407699127e-03
-3.836024647e-03-4.133941980e-03-4.289316447e-03-4.291651897e-03-4.133282343e-03
-3.809906797e-03-3.320071357e-03-2.666018327e-03-1.853916557e-03-8.937275345e-04
 2.017023820e-04 1.418453975e-03 2.742814817e-03 4.163322146e-03 5.673013930e-03
 7.271311408e-03 8.964842275e-03 1.076769468e-02 1.271016130e-02 1.481681560e-02
 1.710510224e-02 1.963030662e-02 2.243222966e-02 2.555219791e-02 2.902388175e-02
 3.286477693e-02 3.711612280e-02 4.182836652e-02 4.706103665e-02 5.289057912e-02
 5.943491069e-02 6.536641199e-02 6.955615970e-02 7.196546797e-02 7.250794794e-02
 7.104270346e-02 6.862820854e-02 6.671708049e-02 6.516897050e-02 6.388976002e-02
 6.281221692e-02 6.188779823e-02 6.108104025e-02 6.036553653e-02 5.972119006e-02
 5.913238972e-02 5.858680206e-02 5.807455239e-02 5.758757260e-02 5.711586023e-02
 3.874131698e-04 8.827087795e-04 1.587177273e-03 2.510304660e-03 3.533455946e-03
 3.390825848e-03 1.879135115e-03 8.044939411e-04-1.275350809e-04-1.046281973e-03
-1.917769638e-03-2.710056695e-03-3.393963707e-03-3.944271928e-03-4.340422679e-03
-4.566556274e-03-4.611050260e-03-4.465878500e-03-4.126121815e-03-3.589924487e-03
-2.858825233e-03-1.938392949e-03-8.392576457e-04 4.217762304e-04 1.820900523e-03
 3.327340601e-03 4.904949786e-03 6.515934909e-03 8.126682037e-03 9.714521075e-03
 1.127033503e-02 1.280041925e-02 1.438410721e-02 1.600507538e-02 1.770849901e-02
 1.953245866e-02 2.155582386e-02 2.382837086e-02 2.640276809e-02 2.931614003e-02
 3.256931871e-02 3.617341196e-02 4.011111015e-02 4.431867607e-02 4.866515788e-02
 5.292734568e-02 5.679938554e-02 5.998173783e-02 6.227723089e-02 6.362403030e-02
 6.410725272e-02 6.394516704e-02 6.339613513e-02 6.265759190e-02 6.184812607e-02
 6.103226530e-02 6.024307272e-02 5.949578313e-02 5.879557350e-02 5.814204610e-02
 5.753185628e-02 5.696026155e-02 5.642203300e-02 5.591212367e-02 5.543193017e-02
 3.093632265e-04 7.077720022e-04 1.279725701e-03 2.037731121e-03 2.873693550e-03
 2.527388543e-03 7.494529599e-04-5.753751606e-04-1.746422998e-03-2.871531776e-03
-3.901527886e-03-4.790600348e-03-5.498569345e-03-5.994691801e-03-6.258927319e-03
-6.280530099e-03-6.055206684e-03-5.582301214e-03-4.862946463e-03-3.899458329e-03
-2.695858632e-03-1.259392807e-03 3.969424984e-04 2.250732748e-03 4.265388577e-03
 6.385173721e-03 8.532703381e-03 1.061385632e-02 1.253489073e-02 1.422250122e-02
 1.571172129e-02 1.699883810e-02 1.813103981e-02 1.919464041e-02 2.026896335e-02
 2.142555331e-02 2.272999849e-02 2.424777609e-02 2.605022244e-02 2.821366258e-02
 3.080481773e-02 3.385351429e-02 3.732600977e-02 4.111652151e-02 4.505917870e-02
 4.894751015e-02 5.255373542e-02 5.565470788e-02 5.807238105e-02 5.971961893e-02
 6.062434146e-02 6.091088419e-02 6.074812079e-02 6.029753029e-02 5.968528393e-02
 5.899790078e-02 5.828952820e-02 5.759151928e-02 5.692041092e-02 5.628357184e-02
 5.568290957e-02 5.511721185e-02 5.458359446e-02 5.407825475e-02 5.358960735e-02
 2.057669004e-04 4.756527417e-04 8.723449811e-04 1.413064639e-03 1.987544512e-03
 1.330223394e-03-8.050680928e-04-2.580669928e-03-4.210458567e-03-5.703377182e-03
-7.047329075e-03-8.151765994e-03-8.945718135e-03-9.391386997e-03-9.483682637e-03
-9.237146463e-03-8.671392743e-03-7.802015104e-03-6.637682554e-03-5.180907009e-03
-3.430086660e-03-1.381792676e-03 9.663735842e-04 3.610762708e-03 6.531335271e-03
 9.670991506e-03 1.290071332e-02 1.598337251e-02 1.858945822e-02 2.050830109e-02
 2.166973093e-02 2.219744163e-02 2.237802694e-02 2.244654944e-02 2.253978252e-02
 2.271975028e-02 2.301127796e-02 2.343878949e-02 2.407490485e-02 2.510744324e-02
 2.684611773e-02 2.954347828e-02 3.318566693e-02 3.749466673e-02 4.213467845e-02
 4.685096497e-02 5.139831486e-02 5.540420252e-02 5.838613226e-02 6.003844177e-02
 6.047439657e-02 6.012829623e-02 5.942213154e-02 5.859621577e-02 5.775675375e-02
 5.694640825e-02 5.618109873e-02 5.546543753e-02 5.479901405e-02 5.417906747e-02
 5.360170632e-02 5.306250485e-02 5.255683202e-02 5.208015379e-02 5.163197331e-02
 6.745301700e-05 1.637223392e-04 3.227100662e-04 5.750691859e-04 8.361051105e-04
-1.151826043e-04-2.526708034e-03-5.102107496e-03-7.582648828e-03-9.953193263e-03
-1.203028438e-02-1.359981679e-02-1.450146649e-02-1.473421751e-02-1.441752906e-02
-1.368346766e-02-1.261383315e-02-1.124022884e-02-9.564249732e-03-7.573380562e-03
-5.248330074e-03-2.563498574e-03 5.172166210e-04 4.047814099e-03 8.109714624e-03
 1.281886378e-02 1.829891535e-02 2.440719048e-02 2.962575521e-02 3.199277414e-02
 3.122274173e-02 2.892319118e-02 2.688265620e-02 2.537647503e-02 2.428863242e-02
 2.346367067e-02 2.273959310e-02 2.191835907e-02 2.069274994e-02 1.838212445e-02
 1.740269640e-02 1.988749376e-02 2.621644156e-02 3.314690110e-02 3.942242931e-02
 4.575470742e-02 5.279954764e-02 6.186080697e-02 6.723898649e-02 6.799223149e-02
 6.377425089e-02 6.046968081e-02 5.830410106e-02 5.674692010e-02 5.554523777e-02
 5.456753829e-02 5.374045656e-02 5.302059997e-02 5.238097121e-02 5.180397658e-02
 5.127758814e-02 5.079294191e-02 5.034261926e-02 4.991997421e-02 4.952180018e-02
-1.066844722e-04-2.423119095e-04-4.293606977e-04-6.469207027e-04-9.248913793e-04
-2.313414257e-03-5.157283994e-03-8.434766613e-03-1.217821022e-02-1.647095086e-02
-2.074770795e-02-2.352941103e-02-2.403827229e-02-2.276152145e-02-2.109301750e-02
-1.942283342e-02-1.769142442e-02-1.578943794e-02-1.362645757e-02-1.114385582e-02
-8.308341876e-03-5.096323333e-03-1.474812121e-03 2.619631879e-03 7.309194513e-03
 1.282770409e-02 1.964954500e-02 2.891614208e-02 3.783965157e-02 4.066391813e-02
 3.708134149e-02 3.136372783e-02 2.809097818e-02 2.600486931e-02 2.458183370e-02
 2.353476762e-02 2.266779889e-02 2.181555410e-02 2.083232523e-02 1.978591397e-02
 1.988801637e-02 2.212664512e-02 2.636310336e-02 3.165017866e-02 3.702363738e-02
 4.252636217e-02 4.832621599e-02 5.409475742e-02 5.829394128e-02 5.960169747e-02
 5.815695901e-02 5.611983914e-02 5.448126204e-02 5.321815809e-02 5.222013664e-02
 5.140625348e-02 5.072153422e-02 5.012729152e-02 4.960406809e-02 4.913024221e-02
 4.870054302e-02 4.830986765e-02 4.795479715e-02 4.761749114e-02 4.728646090e-02
-2.747717205e-04-6.440874495e-04-1.209611762e-03-2.040819935e-03-3.270889422e-03
-5.087169579e-03-7.639955716e-03-1.103244347e-02-1.547933633e-02-2.154509442e-02
-2.909987631e-02-3.336539491e-02-3.358238979e-02-2.945498841e-02-2.684487606e-02
-2.497636702e-02-2.323400325e-02-2.124420874e-02-1.881478779e-02-1.590604515e-02
-1.257365303e-02-8.899367895e-03-4.945406452e-03-7.420464269e-04 3.701447092e-03
 8.365437955e-03 1.314963466e-02 1.773916762e-02 2.152317411e-02 2.391716442e-02
 2.480821916e-02 2.466806472e-02 2.410302848e-02 2.350346502e-02 2.300460537e-02
 2.264539091e-02 2.243701507e-02 2.239245857e-02 2.258334869e-02 2.313824358e-02
 2.423858302e-02 2.601511094e-02 2.845683155e-02 3.142185206e-02 3.470117757e-02
 3.809329217e-02 4.138618519e-02 4.431930625e-02 4.661475867e-02 4.809129102e-02
 4.878252713e-02 4.890640792e-02 4.871487478e-02 4.838556199e-02 4.801191036e-02
 4.763675673e-02 4.727592565e-02 4.693352816e-02 4.660902655e-02 4.629938954e-02
 4.600161379e-02 4.571594057e-02 4.546572321e-02 4.523096898e-02 4.500179236e-02
-3.723801982e-04-8.660944755e-04-1.602943859e-03-2.630689008e-03-4.011785153e-03
-5.817147999e-03-8.116232610e-03-1.096547974e-02-1.437137544e-02-1.826032313e-02
-2.217629727e-02-2.535590828e-02-2.734958277e-02-2.843374108e-02-2.926492981e-02
-2.998113852e-02-3.006423905e-02-2.882290722e-02-2.602748873e-02-2.209278447e-02
-1.767255842e-02-1.317498645e-02-8.753054948e-03-4.449729805e-03-2.840651039e-04
 3.708130092e-03 7.453590549e-03 1.083788746e-02 1.372890336e-02 1.602819742e-02
 1.772155623e-02 1.889005968e-02 1.967359409e-02 2.021889574e-02 2.064742618e-02
 2.104993953e-02 2.149557346e-02 2.204378109e-02 2.275264093e-02 2.367966097e-02
 2.487326724e-02 2.635801322e-02 2.812197520e-02 3.011403458e-02 3.225125886e-02
 3.443019861e-02 3.653731461e-02 3.846031382e-02 4.010453719e-02 4.141234128e-02
 4.237523371e-02 4.302934985e-02 4.343635559e-02 4.366186682e-02 4.376159299e-02
 4.377681129e-02 4.373553143e-02 4.365562284e-02 4.354791250e-02 4.341861833e-02
 4.327105948e-02 4.310544712e-02 4.296998119e-02 4.283345078e-02 4.267880823e-02
-3.914727750e-04-9.003158415e-04-1.638762400e-03-2.629554720e-03-3.898220175e-03
-5.468612642e-03-7.356116382e-03-9.554371964e-03-1.202478331e-02-1.470678121e-02
-1.750586107e-02-2.034910097e-02-2.327527801e-02-2.656001561e-02-3.078866059e-02
-3.711801558e-02-4.390921208e-02-4.412576107e-02-3.787560134e-02-2.831154208e-02
-2.143681677e-02-1.583961505e-02-1.098433426e-02-6.631859978e-03-2.671254390e-03
 9.422533180e-04 4.216159535e-03 7.138790206e-03 9.694605241e-03 1.187816928e-02
 1.370426335e-02 1.521083714e-02 1.645429893e-02 1.750042193e-02 1.841551893e-02
 1.926083010e-02 2.009037409e-02 2.095081287e-02 2.188154264e-02 2.291374559e-02
 2.406807991e-02 2.535171637e-02 2.675608600e-02 2.825657554e-02 2.981461181e-02
 3.138176643e-02 3.290522574e-02 3.433406347e-02 3.562564810e-02 3.675101290e-02
 3.769767759e-02 3.846895526e-02 3.908014063e-02 3.955319924e-02 3.991179387e-02
 4.017776487e-02 4.036925512e-02 4.050011499e-02 4.058011194e-02 4.061560086e-02
 4.061045370e-02 4.056640435e-02 4.053318295e-02 4.048609376e-02 4.041935395e-02
-3.613570115e-04-8.245192638e-04-1.484403775e-03-2.349114089e-03-3.426214918e-03
-4.720487121e-03-6.231533608e-03-7.949122326e-03-9.842784017e-03-1.190969482e-02
-1.413617735e-02-1.652837266e-02-1.913479729e-02-2.207623264e-02-2.547490924e-02
-2.917877638e-02-3.198183755e-02-3.196623828e-02-2.880864873e-02-2.383799157e-02
-1.880605055e-02-1.417563606e-02-9.957807651e-03-6.114497369e-03-2.622314583e-03
 5.285990134e-04 3.345751930e-03 5.842160168e-03 8.038353395e-03 9.960918502e-03
 1.164066969e-02 1.311157890e-02 1.440998061e-02 1.557344256e-02 1.663927278e-02
 1.764299453e-02 1.861706265e-02 1.958985289e-02 2.058478360e-02 2.161942491e-02
 2.270458357e-02 2.384352630e-02 2.503161692e-02 2.625662972e-02 2.749987267e-02
 2.873808000e-02 2.994587918e-02 3.109852637e-02 3.217452637e-02 3.315771852e-02
 3.403846742e-02 3.481377962e-02 3.548643254e-02 3.606343330e-02 3.655421526e-02
 3.696890806e-02 3.731685493e-02 3.760540781e-02 3.783901813e-02 3.801884931e-02
 3.814354726e-02 3.821328658e-02 3.823490834e-02 3.824699024e-02 3.825108477e-02
-3.092884124e-04-7.021132843e-04-1.255235576e-03-1.969391187e-03-2.843961892e-03
-3.875994572e-03-5.059334122e-03-6.380705332e-03-7.814523819e-03-9.357200158e-03
-1.099068889e-02-1.268280454e-02-1.440352454e-02-1.609992222e-02-1.765160682e-02
-1.884397881e-02-1.938029878e-02-1.899456792e-02-1.760586387e-02-1.536483792e-02
-1.255029051e-02-9.432121417e-03-6.219788697e-03-3.082012309e-03-1.669161498e-04
 2.415805234e-03 4.629942327e-03 6.514889626e-03 8.145896142e-03 9.592704944e-03
 1.090430594e-02 1.211239066e-02 1.323895438e-02 1.430175238e-02 1.531698208e-02
 1.630011116e-02 1.726573061e-02 1.822698364e-02 1.919486369e-02 2.017753166e-02
 2.117974584e-02 2.220248523e-02 2.324284340e-02 2.429425152e-02 2.534705081e-02
 2.638938216e-02 2.740830624e-02 2.839102427e-02 2.932604507e-02 3.020414670e-02
 3.101901404e-02 3.176749403e-02 3.244948255e-02 3.306751830e-02 3.362618492e-02
 3.413139603e-02 3.458953568e-02 3.500620075e-02 3.538386148e-02 3.571717795e-02
 3.598561831e-02 3.615651577e-02 3.622656917e-02 3.624048490e-02 3.621601009e-02
-2.518379143e-04-5.696874552e-04-1.013576664e-03-1.580686835e-03-2.266506665e-03
-3.064269312e-03-3.964247836e-03-4.949159366e-03-5.993916804e-03-7.085745084e-03
-8.196249341e-03-9.282077676e-03-1.030197562e-02-1.119452039e-02-1.187656916e-02
-1.224866084e-02-1.220841558e-02-1.167282805e-02-1.059923007e-02-8.991253199e-03
-6.884619588e-03-4.326353301e-03-1.375587540e-03 1.823932829e-03 4.788855306e-03
 6.898423571e-03 8.053313233e-03 8.742682066e-03 9.384319195e-03 1.009562393e-02
 1.087585494e-02 1.170259883e-02 1.255624489e-02 1.342386731e-02 1.429842925e-02
 1.517717707e-02 1.606010107e-02 1.694863254e-02 1.784458772e-02 1.874934275e-02
 1.966322694e-02 2.058512941e-02 2.151231815e-02 2.244046717e-02 2.336387707e-02
 2.427585894e-02 2.516923528e-02 2.603689890e-02 2.687236546e-02 2.767025997e-02
 2.842669274e-02 2.913950477e-02 2.980839276e-02 3.043495626e-02 3.102274524e-02
 3.157743355e-02 3.210733414e-02 3.262469164e-02 3.314890806e-02 3.372126103e-02
 3.449494922e-02 3.482675756e-02 3.447219455e-02 3.434692524e-02 3.427340330e-02
-1.975487645e-04-4.457008210e-04-7.900785600e-04-1.226409541e-03-1.748638514e-03
-2.348523830e-03-3.015321132e-03-3.734696860e-03-4.466761412e-03-5.213080152e-03
-5.935615671e-03-6.596980633e-03-7.172259087e-03-7.615681832e-03-7.875420808e-03
-7.897895667e-03-7.632917104e-03-7.037078661e-03-6.075553107e-03-4.719881565e-03
-2.935527286e-03-6.546531309e-04 2.262543669e-03 6.227854021e-03 1.048806129e-02
 1.240981527e-02 1.194926101e-02 1.053014279e-02 1.020898821e-02 1.035870904e-02
 1.075926931e-02 1.130805588e-02 1.194933096e-02 1.265031219e-02 1.339096371e-02
 1.415886828e-02 1.494630643e-02 1.574842293e-02 1.656199481e-02 1.738457363e-02
 1.821388872e-02 1.904745210e-02 1.988233069e-02 2.071506237e-02 2.154169448e-02
 2.235792137e-02 2.315929390e-02 2.394147125e-02 2.470048464e-02 2.543298645e-02
 2.613646479e-02 2.680941440e-02 2.745146797e-02 2.806350738e-02 2.864779282e-02
 2.920817089e-02 2.975045166e-02 3.028305132e-02 3.081768267e-02 3.136179049e-02
 3.213020087e-02 3.247550347e-02 3.227205456e-02 3.220215225e-02 3.217596479e-02
-1.501515630e-04-3.380674384e-04-5.975769913e-04-9.242756446e-04-1.312228071e-03
-1.753743690e-03-2.238868979e-03-2.750279789e-03-3.259398857e-03-3.750533853e-03
-4.200025228e-03-4.589099638e-03-4.901795448e-03-5.109714962e-03-5.163732161e-03
-5.014712498e-03-4.667086458e-03-4.096645063e-03-3.281104054e-03-2.204689880e-03
-8.581497802e-04 7.589052718e-04 2.604366365e-03 4.552561999e-03 6.337406911e-03
 7.668760977e-03 8.464060802e-03 8.903358740e-03 9.241927519e-03 9.617776080e-03
 1.006772168e-02 1.058962245e-02 1.117125049e-02 1.179977420e-02 1.246433063e-02
 1.315637367e-02 1.386935402e-02 1.459824368e-02 1.533907558e-02 1.608855397e-02
 1.684374711e-02 1.760185909e-02 1.836007744e-02 1.911549308e-02 1.986508597e-02
 2.060576591e-02 2.133445486e-02 2.204819587e-02 2.274427320e-02 2.342032897e-02
 2.407446379e-02 2.470531077e-02 2.531207329e-02 2.589451537e-02 2.645288282e-02
 2.698770540e-02 2.749936621e-02 2.798720257e-02 2.844773528e-02 2.887167242e-02
 2.924112290e-02 2.953368776e-02 2.974306839e-02 2.988941294e-02 2.999732709e-02
-1.106153363e-04-2.485941153e-04-4.383327794e-04-6.759071695e-04-9.562969971e-04
-1.273537171e-03-1.621130365e-03-1.989017791e-03-2.345855107e-03-2.635773318e-03
-2.893540042e-03-3.109304069e-03-3.264686484e-03-3.346904579e-03-3.277167503e-03
-3.075285855e-03-2.735990052e-03-2.247557457e-03-1.602418792e-03-8.001298464e-04
 1.501078111e-04 1.225218014e-03 2.381775223e-03 3.556650213e-03 4.676607122e-03
 5.679585663e-03 6.538196888e-03 7.266481760e-03 7.904568001e-03 8.495846486e-03
 9.072936598e-03 9.655274001e-03 1.025227561e-02 1.086717849e-02 1.149993056e-02
 1.214887291e-02 1.281171066e-02 1.348593723e-02 1.416898211e-02 1.485835430e-02
 1.555165890e-02 1.624659371e-02 1.694086169e-02 1.763214085e-02 1.831811070e-02
 1.899642686e-02 1.966481147e-02 2.032106256e-02 2.096312266e-02 2.158914143e-02
 2.219747178e-02 2.278673819e-02 2.335577026e-02 2.390356696e-02 2.442916990e-02
 2.493146940e-02 2.540894714e-02 2.585926547e-02 2.627894241e-02 2.666326152e-02
 2.700682651e-02 2.730503475e-02 2.755551636e-02 2.775805212e-02 2.791752530e-02
-7.857790235e-05-1.761835851e-04-3.096733868e-04-4.755377823e-04-6.692617281e-04
-8.853282194e-04-1.117202367e-03-1.358057284e-03-1.581794735e-03-1.771444425e-03
-1.915664905e-03-2.029792164e-03-2.074331429e-03-2.056727271e-03-1.958417788e-03
-1.757385092e-03-1.474275981e-03-1.065114423e-03-5.676160797e-04 3.134382133e-05
 7.245980324e-04 1.471056326e-03 2.294651279e-03 3.118658472e-03 3.947100771e-03
 4.746356354e-03 5.486637980e-03 6.207698936e-03 6.861589354e-03 7.504436728e-03
 8.119839296e-03 8.715610166e-03 9.332099010e-03 9.922494047e-03 1.054794355e-02
 1.116317176e-02 1.178295569e-02 1.242530780e-02 1.304473810e-02 1.370132967e-02
 1.433594204e-02 1.497746013e-02 1.562461077e-02 1.624410448e-02 1.689442527e-02
 1.750860946e-02 1.813095391e-02 1.874112880e-02 1.932111343e-02 1.991996468e-02
 2.047130549e-02 2.103298763e-02 2.156566637e-02 2.206980226e-02 2.257951024e-02
 2.303699219e-02 2.350044469e-02 2.392705817e-02 2.431657749e-02 2.470541402e-02
 2.503253089e-02 2.535586412e-02 2.563640701e-02 2.587231960e-02 2.610716812e-02
 0.158866451E+01 0.160478068E+01 0.161932779E+01 0.163440535E+01 0.164982966E+01
 0.166556653E+01 0.168166078E+01 0.169813579E+01 0.171502460E+01 0.173237602E+01
 0.175022625E+01 0.176862058E+01 0.178760744E+01 0.180722396E+01 0.182751870E+01
 0.184855690E+01 0.187038466E+01 0.189304929E+01 0.191659732E+01 0.194110891E+01
 0.196665519E+01 0.199329485E+01 0.202109031E+01 0.205010532E+01 0.208044364E+01
 0.211220666E+01 0.214548279E+01 0.218036240E+01 0.221694528E+01 0.225534988E+01
 0.229573565E+01 0.233825137E+01 0.238304680E+01 0.243028123E+01 0.248013137E+01
 0.253281244E+01 0.258858191E+01 0.264770191E+01 0.271045843E+01 0.277716963E+01
 0.284818372E+01 0.292390562E+01 0.300482465E+01 0.309148245E+01 0.318447821E+01
 0.328450330E+01 0.339236010E+01 0.350898464E+01 0.363547372E+01 0.377312284E+01
 0.392347915E+01 0.408838395E+01 0.427007775E+01 0.447131020E+01 0.469552271E+01
 0.494710311E+01 0.523180328E+01 0.555729125E+01 0.593385326E+01 0.637640032E+01
 0.690801415E+01 0.756804399E+01 0.843430094E+01 0.971692346E+01 0.164242579E+02
  361   98
 0.573657771E+00 0.118802990E+01 0.567213602E+00 0.117411836E+01 0.560777125E+00
 0.116020326E+01 0.554354619E+00 0.114628171E+01 0.547948851E+00 0.113235245E+01
 0.541566676E+00 0.111841236E+01 0.535218504E+00 0.110445676E+01 0.528918007E+00
 0.109047958E+01 0.522676475E+00 0.107647596E+01 0.516500719E+00 0.106244322E+01
 0.510395645E+00 0.104837958E+01 0.504367030E+00 0.103428301E+01 0.498421835E+00
 0.102015105E+01 0.492565381E+00 0.100598208E+01 0.486800019E+00 0.991775813E+00
 0.481126091E+00 0.977532776E+00 0.475544307E+00 0.963253378E+00 0.470056659E+00
 0.948937540E+00 0.464665170E+00 0.934585211E+00 0.459369596E+00 0.920197216E+00
 0.454167530E+00 0.905775147E+00 0.449056179E+00 0.891320678E+00 0.444035620E+00
 0.876834424E+00 0.439108387E+00 0.862316163E+00 0.434275670E+00 0.847766167E+00
 0.429536682E+00 0.833185373E+00 0.424889382E+00 0.818575096E+00 0.420332867E+00
 0.803936252E+00 0.415869254E+00 0.789268815E+00 0.411501556E+00 0.774572533E+00
 0.407232343E+00 0.759847340E+00 0.403063203E+00 0.745093502E+00 0.398993677E+00
 0.730311877E+00 0.395022508E+00 0.715503524E+00 0.391148768E+00 0.700669386E+00
 0.387372553E+00 0.685810122E+00 0.383694974E+00 0.670926141E+00 0.380117431E+00
 0.656017799E+00 0.376641024E+00 0.641085551E+00 0.373266334E+00 0.626129986E+00
 0.369993371E+00 0.611151829E+00 0.366820945E+00 0.596152055E+00 0.363747184E+00
 0.581131752E+00 0.360770608E+00 0.566091887E+00 0.357890343E+00 0.551033281E+00
 0.355106026E+00 0.535956639E+00 0.352417532E+00 0.520862615E+00 0.349824810E+00
 0.505751846E+00 0.347327777E+00 0.490624970E+00 0.344926220E+00 0.475482642E+00
 0.342618883E+00 0.460325670E+00 0.340403257E+00 0.445155020E+00 0.338276910E+00
 0.429971598E+00 0.336237715E+00 0.414776225E+00 0.334283996E+00 0.399569624E+00
 0.332414679E+00 0.384352418E+00 0.330628985E+00 0.369125172E+00 0.328926191E+00
 0.353888433E+00 0.327305405E+00 0.338642752E+00 0.325765463E+00 0.323388692E+00
 0.324305180E+00 0.308126800E+00 0.322923678E+00 0.292857575E+00 0.321620381E+00
 0.277581476E+00 0.320394860E+00 0.262298940E+00 0.319246178E+00 0.247010437E+00
 0.318173222E+00 0.231716432E+00 0.317174985E+00 0.216417369E+00 0.316250567E+00
 0.201113667E+00 0.315398943E+00 0.185805741E+00 0.314618837E+00 0.170494004E+00
 0.313909084E+00 0.155178844E+00 0.313268679E+00 0.139860628E+00 0.312696840E+00
 0.124539698E+00 0.312193328E+00 0.109216370E+00 0.311758178E+00 0.938909494E-01
 0.311391529E+00 0.785637366E-01 0.311093610E+00 0.632350339E-01 0.310864211E+00
 0.479051524E-01 0.310702471E+00 0.325744076E-01 0.310607628E+00 0.172431027E-01
 0.310579072E+00 0.191153092E-02 0.310616372E+00-0.134200222E-01 0.310719492E+00
-0.287512738E-01 0.310888622E+00-0.440819392E-01 0.311124077E+00-0.594117294E-01
 0.311426312E+00-0.747403481E-01 0.311795840E+00-0.900674922E-01 0.312233213E+00
-0.105392850E+00 0.312739121E+00-0.120716098E+00 0.313314402E+00-0.136036899E+00
 0.313959903E+00-0.151354901E+00 0.314675937E+00-0.166669768E+00 0.315462716E+00
-0.181981164E+00 0.316320598E+00-0.197288740E+00 0.317250137E+00-0.212592132E+00
 0.318252352E+00-0.227890936E+00 0.319328743E+00-0.243184700E+00 0.320480928E+00
-0.258472939E+00 0.321710560E+00-0.273755144E+00 0.323019081E+00-0.289030796E+00
 0.324406988E+00-0.304299440E+00 0.325874628E+00-0.319560626E+00 0.327422577E+00
-0.334813875E+00 0.329051686E+00-0.350058669E+00 0.330762946E+00-0.365294460E+00
 0.332557354E+00-0.380520681E+00 0.334436067E+00-0.395736730E+00 0.336400521E+00
-0.410941946E+00 0.338452378E+00-0.426135614E+00 0.340593402E+00-0.441316973E+00
 0.342825473E+00-0.456485212E+00 0.345150643E+00-0.471639457E+00 0.347571165E+00
-0.486778765E+00 0.350088739E+00-0.501902235E+00 0.352703987E+00-0.517009121E+00
 0.355417289E+00-0.532098704E+00 0.358228844E+00-0.547170289E+00 0.361138778E+00
-0.562223189E+00 0.364147627E+00-0.577256629E+00 0.367256674E+00-0.592269667E+00
 0.370467939E+00-0.607261171E+00 0.373783889E+00-0.622229868E+00 0.377206460E+00
-0.637174545E+00 0.380735791E+00-0.652094371E+00 0.384371219E+00-0.666988701E+00
 0.388111522E+00-0.681857041E+00 0.391955237E+00-0.696698985E+00 0.395901721E+00
-0.711513933E+00 0.399951941E+00-0.726300857E+00 0.404107743E+00-0.741058454E+00
 0.408370992E+00-0.755785370E+00 0.412742803E+00-0.770480423E+00 0.417222294E+00
-0.785143012E+00 0.421807834E+00-0.799772783E+00 0.426497975E+00-0.814369357E+00
 0.431292856E+00-0.828931860E+00 0.436194732E+00-0.843458694E+00 0.441206321E+00
-0.857948043E+00 0.446328844E+00-0.872398546E+00 0.451561598E+00-0.886809499E+00
 0.456903064E+00-0.901180513E+00 0.462356369E+00-0.915509457E+00 0.467929436E+00
-0.929792241E+00 0.473629563E+00-0.944024789E+00 0.479461643E+00-0.958203776E+00
 0.485428670E+00-0.972326498E+00 0.491537481E+00-0.986388464E+00 0.497801372E+00
-0.100038202E+01 0.504235588E+00-0.101429808E+01 0.510855794E+00-0.102812660E+01
 0.517680273E+00-0.104185543E+01 0.524740461E+00-0.105546448E+01 0.532089274E+00
-0.106891975E+01 0.539804587E+00-0.108216803E+01 0.548001484E+00-0.109512337E+01
 0.556860654E+00-0.110763393E+01 0.566681030E+00-0.111940157E+01 0.577910474E+00
-0.112982313E+01 0.590955454E+00-0.113782626E+01 0.605575313E+00-0.114232757E+01
 0.620848244E+00-0.114341626E+01 0.636119107E+00-0.114214178E+01 0.651207193E+00
-0.113943585E+01 0.666115337E+00-0.113586211E+01 0.680880027E+00-0.113173328E+01
 0.695534882E+00-0.112722928E+01 0.710103729E+00-0.112245406E+01 0.724603159E+00
-0.111747187E+01 0.739043654E+00-0.111232129E+01 0.753433411E+00-0.110703056E+01
 0.767777343E+00-0.110161681E+01 0.782076343E+00-0.109608547E+01 0.796326793E+00
-0.109043024E+01 0.810520444E+00-0.108463398E+01 0.824646396E+00-0.107867468E+01
 0.838693437E+00-0.107253173E+01 0.852650508E+00-0.106618707E+01 0.866506701E+00
-0.105962505E+01 0.880252038E+00-0.105283393E+01 0.893878731E+00-0.104580778E+01
 0.907384355E+00-0.103855161E+01 0.920767442E+00-0.103107185E+01 0.934020150E+00
-0.102336347E+01 0.947127020E+00-0.101540971E+01 0.960069201E+00-0.100719075E+01
 0.972829211E+00-0.998691767E+00 0.985395974E+00-0.989909556E+00 0.997767638E+00
-0.980854541E+00 0.100994864E+01-0.971544575E+00 0.102194957E+01-0.962003554E+00
 0.103377948E+01-0.952251269E+00 0.104542974E+01-0.942285110E+00 0.105688055E+01
-0.932090445E+00 0.106811816E+01-0.921661235E+00 0.107914702E+01-0.911011461E+00
 0.108998667E+01-0.900169110E+00 0.110065609E+01-0.889159179E+00 0.111114919E+01
-0.877981109E+00 0.112144308E+01-0.866619371E+00 0.113151891E+01-0.855063827E+00
 0.114137529E+01-0.843320517E+00 0.115102518E+01-0.831406920E+00 0.116048131E+01
-0.819338941E+00 0.116973007E+01-0.807111358E+00 0.117874322E+01-0.794709126E+00
 0.118749872E+01-0.782123705E+00 0.119598853E+01-0.769357550E+00 0.120421510E+01
-0.756420177E+00 0.121217879E+01-0.743319363E+00 0.121986269E+01-0.730052547E+00
 0.122724355E+01-0.716614807E+00 0.123431358E+01-0.703010959E+00 0.124108008E+01
-0.689253582E+00 0.124755061E+01-0.675354549E+00 0.125371238E+01-0.661315939E+00
 0.125955183E+01-0.647140233E+00 0.126506974E+01-0.632836280E+00 0.127028031E+01
-0.618417497E+00 0.127520258E+01-0.603897736E+00 0.127984654E+01-0.589286573E+00
 0.128421713E+01-0.574591316E+00 0.128832284E+01-0.559819843E+00 0.129217776E+01
-0.544980926E+00 0.129580534E+01-0.530084766E+00 0.129923778E+01-0.515142402E+00
 0.130250737E+01-0.500163538E+00 0.130564462E+01-0.485156377E+00 0.130867617E+01
-0.470127496E+00 0.131162043E+01-0.455081263E+00 0.131449243E+01-0.440021067E+00
 0.131730821E+01-0.424950252E+00 0.132008534E+01-0.409872266E+00 0.132284292E+01
-0.394790689E+00 0.132560071E+01-0.379709149E+00 0.132837952E+01-0.364631472E+00
 0.133120096E+01-0.349561719E+00 0.133408570E+01-0.334503960E+00 0.133703677E+01
-0.319459054E+00 0.134004280E+01-0.304425033E+00 0.134309133E+01-0.289399569E+00
 0.134616996E+01-0.274380240E+00 0.134926717E+01-0.259364733E+00 0.135237282E+01
-0.244350967E+00 0.135547658E+01-0.229336811E+00 0.135856665E+01-0.214319832E+00
 0.136162821E+01-0.199297017E+00 0.136464016E+01-0.184264184E+00 0.136757391E+01
-0.169215904E+00 0.137039572E+01-0.154146253E+00 0.137306854E+01-0.139049493E+00
 0.137555472E+01-0.123920904E+00 0.137782556E+01-0.108758524E+00 0.137985517E+01
-0.935620024E-01 0.138161712E+01-0.783321584E-01 0.138308488E+01-0.630711883E-01
 0.138423742E+01-0.477832014E-01 0.138506208E+01-0.324740433E-01 0.138554853E+01
-0.171504237E-01 0.138568867E+01-0.181973613E-02 0.138547816E+01 0.135101466E-01
 0.138492249E+01 0.288314161E-01 0.138403216E+01 0.441369018E-01 0.138281965E+01
 0.594202592E-01 0.138129918E+01 0.746760782E-01 0.137949156E+01 0.899005782E-01
 0.137742523E+01 0.105092162E+00 0.137512873E+01 0.120250690E+00 0.137262984E+01
 0.135377196E+00 0.136995681E+01 0.150473930E+00 0.136714546E+01 0.165545542E+00
 0.136423211E+01 0.180597787E+00 0.136124939E+01 0.195636451E+00 0.135822482E+01
 0.210666757E+00 0.135517962E+01 0.225692900E+00 0.135212871E+01 0.240717884E+00
 0.134908390E+01 0.255744105E+00 0.134605542E+01 0.270773626E+00 0.134305285E+01
 0.285808344E+00 0.134008506E+01 0.300849964E+00 0.133716112E+01 0.315900167E+00
 0.133429056E+01 0.330960639E+00 0.133148253E+01 0.346032895E+00 0.132873705E+01
 0.361116673E+00 0.132603405E+01 0.376208126E+00 0.132335053E+01 0.391303056E+00
 0.132066403E+01 0.406397457E+00 0.131795297E+01 0.421487462E+00 0.131519645E+01
 0.436569225E+00 0.131237486E+01 0.451638945E+00 0.130947015E+01 0.466692857E+00
 0.130646544E+01 0.481727120E+00 0.130334267E+01 0.496737293E+00 0.130007673E+01
 0.511716949E+00 0.129663817E+01 0.526657897E+00 0.129299526E+01 0.541550306E+00
 0.128911562E+01 0.556382766E+00 0.128497323E+01 0.571143974E+00 0.128055283E+01
 0.585824309E+00 0.127584571E+01 0.600415225E+00 0.127084802E+01 0.614909180E+00
 0.126555343E+01 0.629297315E+00 0.125994591E+01 0.643566362E+00 0.125401166E+01
 0.657702634E+00 0.124774935E+01 0.671696673E+00 0.124117255E+01 0.685545726E+00
 0.123429806E+01 0.699249462E+00 0.122712388E+01 0.712798686E+00 0.121964479E+01
 0.726182006E+00 0.121186819E+01 0.739394704E+00 0.120381644E+01 0.752441595E+00
 0.119551064E+01 0.765328265E+00 0.118695714E+01 0.778051864E+00 0.117815526E+01
 0.790604922E+00 0.116911076E+01 0.802984333E+00 0.115984424E+01 0.815198492E+00
 0.115038764E+01 0.827266131E+00 0.114076296E+01 0.839200144E+00 0.113095638E+01
 0.850985108E+00 0.112094751E+01 0.862598724E+00 0.111072936E+01 0.874028649E+00
 0.110031821E+01 0.885283089E+00 0.108974029E+01 0.896380984E+00 0.107900924E+01
 0.907330869E+00 0.106810488E+01 0.918108119E+00 0.105700189E+01 0.928680550E+00
 0.104568984E+01 0.939028988E+00 0.103417782E+01 0.949154531E+00 0.102248281E+01
 0.959068183E+00 0.101061598E+01 0.968775509E+00 0.998573568E+00 0.978264091E+00
 0.986346017E+00 0.987512823E+00 0.973926208E+00 0.996501682E+00 0.961312684E+00
 0.100521661E+01 0.948514440E+00 0.101365796E+01 0.935548540E+00 0.102183953E+01
 0.922434535E+00 0.102978159E+01 0.909189569E+00 0.103750332E+01 0.895823376E+00
 0.104501326E+01 0.882337931E+00 0.105230688E+01 0.868735304E+00 0.105937954E+01
 0.855023490E+00 0.106623817E+01 0.841213984E+00 0.107289796E+01 0.827319541E+00
 0.107937873E+01 0.813353503E+00 0.108570378E+01 0.799330224E+00 0.109190095E+01
 0.785265776E+00 0.109800415E+01 0.771173941E+00 0.110404386E+01 0.757060798E+00
 0.111003363E+01 0.742929105E+00 0.111597949E+01 0.728782796E+00 0.112189051E+01
 0.714625486E+00 0.112777513E+01 0.700461931E+00 0.113364470E+01 0.686296710E+00
 0.113951026E+01 0.672135378E+00 0.114538519E+01 0.657983476E+00 0.115128280E+01
 0.643847604E+00 0.115721872E+01 0.629735470E+00 0.116321085E+01 0.615654504E+00
 0.116927584E+01 0.601611133E+00 0.117542737E+01 0.587609196E+00 0.118167261E+01
 0.573657771E+00 0.118802990E+01
 0.156441580E+01 0.156423520E+01 0.173298350E+01 0.167901950E+01 0.134847970E+01
 0.206041340E+01 0.108819530E+01 0.205946000E+01 0.902253030E+00 0.187565310E+01
 0.903668760E+00 0.187424170E+01 0.533866470E+00 0.150285580E+01 0.538010660E+00
 0.149874330E+01 0.332797140E+00 0.129708960E+01 0.332797140E+00 0.109400000E+01
 0.334795920E+00 0.109400000E+01 0.303115250E+00 0.847500000E+00 0.305114030E+00
 0.847500000E+00 0.269135950E+00 0.565000000E+00 0.271134730E+00 0.565000000E+00
 0.260841000E+00 0.495257700E+00 0.260841000E+00-0.507257700E+00 0.271134730E+00
-0.576999960E+00 0.269135950E+00-0.576999960E+00 0.305114030E+00-0.859500000E+00
 0.303115250E+00-0.859500000E+00 0.334795920E+00-0.110600010E+01 0.332797140E+00
-0.110600010E+01 0.332797140E+00-0.130908970E+01 0.538598100E+00-0.150990190E+01
 0.534468950E+00-0.151402960E+01 0.905629600E+00-0.188405800E+01 0.904219000E+00
-0.188547470E+01 0.108819530E+01-0.206614000E+01 0.134847970E+01-0.206518650E+01
 0.173017910E+01-0.168098580E+01 0.156441580E+01-0.156883530E+01 0.137999130E+01
-0.157688300E+01 0.137989190E+01-0.157672700E+01 0.119622210E+01-0.158474990E+01
 0.119631650E+01-0.158489800E+01 0.105537410E+01-0.159104840E+01 0.105528350E+01
-0.159090630E+01 0.947502500E+00-0.159561420E+01 0.905686400E+00-0.159556230E+01
 0.899143000E+00-0.159478470E+01 0.883387860E+00-0.159026430E+01 0.867681200E+00
-0.158087360E+01 0.851322350E+00-0.156766880E+01 0.833481900E+00-0.154624210E+01
 0.826062560E+00-0.152875240E+01 0.822677700E+00-0.151516830E+01 0.821022750E+00
-0.149624060E+01 0.820691350E+00-0.147724350E+01 0.822887360E+00-0.144582030E+01
 0.827573000E+00-0.141923050E+01 0.839194600E+00-0.138728100E+01 0.855244300E+00
-0.135284130E+01 0.877566500E+00-0.132209860E+01 0.899473500E+00-0.130017830E+01
 0.118567730E+01-0.101380000E+01 0.127900000E+01-0.842300000E+00 0.129600000E+01
-0.820200000E+00 0.143300000E+01-0.820200000E+00 0.143300000E+01-0.711000000E+00
 0.149000000E+01-0.491000000E+00 0.146000000E+01-0.491000000E+00 0.146000000E+01
-0.233000000E+00 0.166100000E+01-0.233000000E+00 0.166100000E+01 0.226000000E+00
 0.146000000E+01 0.226000000E+00 0.146000000E+01 0.481000000E+00 0.149300000E+01
 0.481000000E+00 0.147400000E+01 0.554000000E+00 0.143300000E+01 0.711000000E+00
 0.143300000E+01 0.815600000E+00 0.129600000E+01 0.815600000E+00 0.127900000E+01
 0.837699950E+00 0.118567730E+01 0.100920000E+01 0.899473500E+00 0.129557820E+01
 0.877566500E+00 0.131749860E+01 0.855244300E+00 0.134824120E+01 0.839194600E+00
 0.138268090E+01 0.827573000E+00 0.141463040E+01 0.822887360E+00 0.144122030E+01
 0.820691350E+00 0.147264350E+01 0.821022750E+00 0.149164060E+01 0.822677700E+00
 0.151056830E+01 0.826062560E+00 0.152415240E+01 0.833481900E+00 0.154164210E+01
 0.851322350E+00 0.156306870E+01 0.867681200E+00 0.157627360E+01 0.883387860E+00
 0.158566430E+01 0.899143000E+00 0.159018470E+01 0.905686400E+00 0.159096230E+01
 0.947502500E+00 0.159101410E+01 0.105528350E+01 0.158630620E+01 0.105537410E+01
 0.158644830E+01 0.119631650E+01 0.158029800E+01 0.119622210E+01 0.158014990E+01
 0.137989190E+01 0.157212700E+01 0.137999130E+01 0.157228290E+01 0.156441580E+01
 0.156423520E+01
    0
