EFIT++      MAST # 47051 # 780ms                   0  65  65
 0.194000000E+01 0.440000000E+01 0.800000000E+00 0.600000000E-01 0.000000000E+00
 0.988617715E+00 0.642052696E-05-0.571326403E-01 0.108262379E-01-0.654043593E+00
 0.748493222E+06-0.571326403E-01 0.000000000E+00 0.988617715E+00 0.000000000E+00
 0.642052696E-05 0.000000000E+00 0.108262379E-01 0.000000000E+00 0.000000000E+00
-0.536132289E+00-0.535996259E+00-0.535850093E+00-0.535694175E+00-0.535528887E+00
-0.535354613E+00-0.535171737E+00-0.534980643E+00-0.534781714E+00-0.534575335E+00
-0.534361889E+00-0.534141761E+00-0.533915337E+00-0.533683002E+00-0.533445141E+00
-0.533202141E+00-0.532954390E+00-0.532702274E+00-0.532446181E+00-0.532186501E+00
-0.531923624E+00-0.531657938E+00-0.531389835E+00-0.531119708E+00-0.530847947E+00
-0.530574947E+00-0.530301102E+00-0.530026806E+00-0.529752455E+00-0.529478446E+00
-0.529205175E+00-0.528933042E+00-0.528662444E+00-0.528393782E+00-0.528127456E+00
-0.527863868E+00-0.527603419E+00-0.527346512E+00-0.527093552E+00-0.526844942E+00
-0.526601086E+00-0.526362391E+00-0.526129263E+00-0.525902109E+00-0.525681335E+00
-0.525467349E+00-0.525260559E+00-0.525061374E+00-0.524870202E+00-0.524687453E+00
-0.524513535E+00-0.524348857E+00-0.524193830E+00-0.524048861E+00-0.523914361E+00
-0.523790738E+00-0.523678401E+00-0.523577759E+00-0.523489218E+00-0.523413186E+00
-0.523350071E+00-0.523300277E+00-0.523264211E+00-0.523242275E+00-0.523234874E+00
 0.271932539E+05 0.265606697E+05 0.259281002E+05 0.252958639E+05 0.246642789E+05
 0.240336638E+05 0.234043366E+05 0.227766159E+05 0.221508198E+05 0.215272668E+05
 0.209062751E+05 0.202881630E+05 0.196732488E+05 0.190618510E+05 0.184542877E+05
 0.178508773E+05 0.172519381E+05 0.166577885E+05 0.160687467E+05 0.154851311E+05
 0.149072599E+05 0.143354516E+05 0.137700243E+05 0.132112965E+05 0.126595865E+05
 0.121152125E+05 0.115784928E+05 0.110497459E+05 0.105292900E+05 0.100174433E+05
 0.951452438E+04 0.902085137E+04 0.853674262E+04 0.806251646E+04 0.759849121E+04
 0.714498517E+04 0.670231667E+04 0.627080402E+04 0.585076553E+04 0.544251953E+04
 0.504638432E+04 0.466267823E+04 0.429171957E+04 0.393382665E+04 0.358931779E+04
 0.325851131E+04 0.294172553E+04 0.263927875E+04 0.235148930E+04 0.207867549E+04
 0.182115563E+04 0.157924805E+04 0.135327106E+04 0.114354297E+04 0.950382096E+03
 0.774106762E+03 0.615035280E+03 0.473485966E+03 0.349777136E+03 0.244227105E+03
 0.157154189E+03 0.888767054E+02 0.397129685E+02 0.998129478E+01 0.000000000E+00
-0.660577445E-01-0.712544590E-01-0.762534317E-01-0.810546625E-01-0.856581516E-01
-0.900638989E-01-0.942719043E-01-0.982821680E-01-0.102094690E+00-0.105709470E+00
-0.109126508E+00-0.112345805E+00-0.115367359E+00-0.118191172E+00-0.120817243E+00
-0.123245572E+00-0.125476160E+00-0.127509006E+00-0.129344109E+00-0.130981471E+00
-0.132421092E+00-0.133662970E+00-0.134707107E+00-0.135553502E+00-0.136202155E+00
-0.136653066E+00-0.136906235E+00-0.136961663E+00-0.136819349E+00-0.136479293E+00
-0.135941495E+00-0.135205956E+00-0.134272674E+00-0.133141651E+00-0.131812886E+00
-0.130286379E+00-0.128562131E+00-0.126640140E+00-0.124520408E+00-0.122202934E+00
-0.119687719E+00-0.116974761E+00-0.114064062E+00-0.110955620E+00-0.107649438E+00
-0.104145513E+00-0.100443846E+00-0.965444378E-01-0.924472876E-01-0.881523957E-01
-0.836597619E-01-0.789693863E-01-0.740812690E-01-0.689954098E-01-0.637118088E-01
-0.582304660E-01-0.525513814E-01-0.466745551E-01-0.405999869E-01-0.343276769E-01
-0.278576251E-01-0.211898315E-01-0.143242962E-01-0.726101898E-02 0.000000000E+00
-0.595640713E+06-0.595776667E+06-0.595612848E+06-0.595149256E+06-0.594385892E+06
-0.593322755E+06-0.591959846E+06-0.590297164E+06-0.588334709E+06-0.586072481E+06
-0.583510481E+06-0.580648708E+06-0.577487162E+06-0.574025843E+06-0.570264752E+06
-0.566203888E+06-0.561843252E+06-0.557182843E+06-0.552222661E+06-0.546962706E+06
-0.541402979E+06-0.535543479E+06-0.529384206E+06-0.522925160E+06-0.516166342E+06
-0.509107751E+06-0.501749388E+06-0.494091251E+06-0.486133342E+06-0.477875661E+06
-0.469318206E+06-0.460460979E+06-0.451303979E+06-0.441847207E+06-0.432090662E+06
-0.422034344E+06-0.411678253E+06-0.401022390E+06-0.390066754E+06-0.378811345E+06
-0.367256164E+06-0.355401210E+06-0.343246483E+06-0.330791984E+06-0.318037711E+06
-0.304983666E+06-0.291629849E+06-0.277976259E+06-0.264022896E+06-0.249769760E+06
-0.235216851E+06-0.220364170E+06-0.205211716E+06-0.189759490E+06-0.174007491E+06
-0.157955719E+06-0.141604174E+06-0.124952857E+06-0.108001767E+06-0.907509041E+05
-0.732002687E+05-0.553498606E+05-0.371996798E+05-0.187497262E+05 0.000000000E+00
 8.475131128e-07 3.061875834e-06 8.343482958e-06 1.893323136e-05 3.776358508e-05
 6.843432760e-05 1.150758617e-04 1.817312352e-04 2.849568476e-04 4.572423050e-04
 6.815577460e-04 9.647258829e-04 1.324437131e-03 1.768268101e-03 2.309178765e-03
 2.959439141e-03 3.717144656e-03 4.594448979e-03 5.580699706e-03 6.673130111e-03
 7.857961226e-03 9.103776529e-03 1.039073698e-02 1.166626035e-02 1.290112455e-02
 1.406035717e-02 1.512095167e-02 1.609683959e-02 1.698327133e-02 1.781733996e-02
 1.861042830e-02 1.937931057e-02 2.015073350e-02 2.091286672e-02 2.169504841e-02
 2.248240376e-02 2.328295823e-02 2.410760037e-02 2.493556939e-02 2.577945559e-02
 2.662401839e-02 2.747770464e-02 2.833997328e-02 2.919892641e-02 3.007229539e-02
 3.093759890e-02 3.180910955e-02 3.267904048e-02 3.353924051e-02 3.440691995e-02
 3.525554045e-02 3.610612735e-02 3.694120150e-02 3.775750115e-02 3.856574805e-02
 3.933488487e-02 4.008330939e-02 4.078246392e-02 4.141995723e-02 4.200142902e-02
 4.248473130e-02 4.289100591e-02 4.319707414e-02 4.340299628e-02 4.353906311e-02
-1.725759931e-05-3.803787513e-05-6.506152721e-05-9.603063600e-05-1.277939313e-04
-1.562509889e-04-1.762233580e-04-1.794838261e-04-1.494815672e-04-5.095795745e-05
 1.028419221e-04 3.240059920e-04 6.284553144e-04 1.025125568e-03 1.581233909e-03
 2.281914955e-03 3.138271519e-03 4.163223966e-03 5.365061464e-03 6.743786685e-03
 8.287340132e-03 9.965143620e-03 1.171755739e-02 1.345347803e-02 1.506275408e-02
 1.645174570e-02 1.758432942e-02 1.849323707e-02 1.925199350e-02 1.993514935e-02
 2.059631524e-02 2.126649593e-02 2.196068959e-02 2.268454296e-02 2.343887211e-02
 2.422222147e-02 2.503217905e-02 2.586588154e-02 2.672014621e-02 2.759185082e-02
 2.847831903e-02 2.937726111e-02 3.028658352e-02 3.120429013e-02 3.212846605e-02
 3.305727606e-02 3.398901689e-02 3.492214773e-02 3.585533074e-02 3.678745159e-02
 3.771757302e-02 3.864485071e-02 3.956829219e-02 4.048635860e-02 4.139627981e-02
 4.229296632e-02 4.316740372e-02 4.400450673e-02 4.478105354e-02 4.546541840e-02
 4.602214427e-02 4.642288786e-02 4.665832363e-02 4.674088953e-02 4.670016481e-02
-3.926071520e-05-8.827389160e-05-1.555101496e-04-2.390694775e-04-3.360093945e-04
-4.419743901e-04-5.507575015e-04-6.525279204e-04-7.267742203e-04-7.671443940e-04
-7.474419125e-04-6.484075567e-04-4.538636015e-04-1.336735462e-04 3.504363146e-04
 1.035464650e-03 1.944318305e-03 3.104777927e-03 4.544006320e-03 6.285917221e-03
 8.350776466e-03 1.074926077e-02 1.345077118e-02 1.629358202e-02 1.885067621e-02
 2.062398893e-02 2.148396005e-02 2.177388645e-02 2.194535619e-02 2.220762834e-02
 2.260014116e-02 2.311056871e-02 2.371722265e-02 2.440027555e-02 2.514394147e-02
 2.593623684e-02 2.676819644e-02 2.763307444e-02 2.852568000e-02 2.944187684e-02
 3.037821957e-02 3.133168603e-02 3.229948980e-02 3.327897496e-02 3.426759175e-02
 3.526294362e-02 3.626289021e-02 3.726568892e-02 3.827015725e-02 3.927583865e-02
 4.028315462e-02 4.129352290e-02 4.230941108e-02 4.333426549e-02 4.437218460e-02
 4.542703873e-02 4.650035623e-02 4.758643608e-02 4.866140720e-02 4.966149668e-02
 5.045903378e-02 5.090297681e-02 5.095323647e-02 5.072284852e-02 5.036109041e-02
-6.371801625e-05-1.447318341e-04-2.586918552e-04-4.052714925e-04-5.832132630e-04
-7.897553459e-04-1.019979714e-03-1.264428367e-03-1.506615943e-03-1.736182799e-03
-1.928763470e-03-2.054479939e-03-2.083112265e-03-1.971460806e-03-1.667960172e-03
-1.116282015e-03-2.601361093e-04 9.521225960e-04 2.565265108e-03 4.620806557e-03
 7.172393296e-03 1.032677592e-02 1.430733563e-02 1.976465381e-02 2.565264641e-02
 2.806683235e-02 2.697497430e-02 2.461907923e-02 2.387194080e-02 2.379100525e-02
 2.406791555e-02 2.456079719e-02 2.519358030e-02 2.592182877e-02 2.671837760e-02
 2.756625968e-02 2.845477292e-02 2.937707968e-02 3.032864179e-02 3.130616332e-02
 3.230687448e-02 3.332806764e-02 3.436683465e-02 3.541997424e-02 3.648404488e-02
 3.755553887e-02 3.863115104e-02 3.970811402e-02 4.078457457e-02 4.185999281e-02
 4.293556037e-02 4.401465533e-02 4.510338400e-02 4.621130659e-02 4.735251785e-02
 4.854737814e-02 4.982541378e-02 5.123034881e-02 5.282955424e-02 5.474501441e-02
 5.725987508e-02 5.793933880e-02 5.654545138e-02 5.512572280e-02 5.405811145e-02
-8.669932568e-05-1.990129817e-04-3.608430687e-04-5.754234826e-04-8.455463785e-04
-1.172695729e-03-1.556108843e-03-1.990045922e-03-2.462832935e-03-2.966274316e-03
-3.481493464e-03-3.974790966e-03-4.409001906e-03-4.725091824e-03-4.839166385e-03
-4.645598620e-03-4.031146357e-03-2.901128876e-03-1.205163739e-03 1.054843783e-03
 3.839518987e-03 7.092984775e-03 1.073588352e-02 1.456562227e-02 1.803795438e-02
 2.050411072e-02 2.185684175e-02 2.260311605e-02 2.322031270e-02 2.389019381e-02
 2.464119947e-02 2.545992615e-02 2.632823065e-02 2.723234423e-02 2.816392680e-02
 2.911904952e-02 3.009679832e-02 3.109796471e-02 3.212394247e-02 3.317585312e-02
 3.425390131e-02 3.535696069e-02 3.648239182e-02 3.762608988e-02 3.878274909e-02
 3.994631445e-02 4.111057530e-02 4.226984232e-02 4.341964689e-02 4.455741123e-02
 4.568306194e-02 4.679960020e-02 4.791369851e-02 4.903647356e-02 5.018470856e-02
 5.138302196e-02 5.266794726e-02 5.409597687e-02 5.576038798e-02 5.782466195e-02
 6.043137197e-02 6.118784723e-02 5.958560992e-02 5.785967602e-02 5.664462126e-02
-9.988074512e-05-2.330922032e-04-4.318068411e-04-7.060702107e-04-1.066340762e-03
-1.521944117e-03-2.079710784e-03-2.742698876e-03-3.499807449e-03-4.358129004e-03
-5.310115195e-03-6.341823807e-03-7.435900007e-03-8.551340085e-03-9.578350489e-03
-1.029222624e-02-1.035257018e-02-9.440013597e-03-7.458360250e-03-4.593320524e-03
-1.174120641e-03 2.500034370e-03 6.209705015e-03 9.780464152e-03 1.305789238e-02
 1.592809335e-02 1.835628159e-02 2.039068642e-02 2.212173091e-02 2.363667140e-02
 2.499992877e-02 2.625456377e-02 2.743016661e-02 2.854938596e-02 2.963159204e-02
 3.069437561e-02 3.175380796e-02 3.282410233e-02 3.391703900e-02 3.504134779e-02
 3.620216980e-02 3.740070037e-02 3.863410764e-02 3.989579945e-02 4.117606712e-02
 4.246307614e-02 4.374411375e-02 4.500695498e-02 4.624118161e-02 4.743929017e-02
 4.859746073e-02 4.971592200e-02 5.079892280e-02 5.185436963e-02 5.289317285e-02
 5.392819459e-02 5.497226699e-02 5.603363140e-02 5.710401205e-02 5.812604560e-02
 5.892491401e-02 5.923716775e-02 5.902532011e-02 5.850945160e-02 5.789065455e-02
-8.737608610e-05-2.124481334e-04-4.137163065e-04-7.140313157e-04-1.138206392e-03
-1.709595729e-03-2.446442113e-03-3.357087384e-03-4.439302787e-03-5.693472115e-03
-7.121037313e-03-8.743411585e-03-1.062761750e-02-1.292256061e-02-1.585490176e-02
-1.946905677e-02-2.239466655e-02-2.198166800e-02-1.794521275e-02-1.196415573e-02
-6.339295252e-03-1.314161920e-03 3.213723159e-03 7.321203428e-03 1.104343190e-02
 1.439289474e-02 1.737770423e-02 2.001235612e-02 2.232062895e-02 2.433394756e-02
 2.608889886e-02 2.762546026e-02 2.898566790e-02 3.021215773e-02 3.134652297e-02
 3.242777987e-02 3.349116645e-02 3.456724958e-02 3.568114760e-02 3.685169071e-02
 3.809050304e-02 3.940119278e-02 4.077896565e-02 4.221096156e-02 4.367746919e-02
 4.515397728e-02 4.661385241e-02 4.803131138e-02 4.938426717e-02 5.065657973e-02
 5.183929516e-02 5.293065045e-02 5.393490608e-02 5.486030648e-02 5.571652632e-02
 5.651181341e-02 5.724978717e-02 5.792571410e-02 5.852251378e-02 5.900858906e-02
 5.934288351e-02 5.949251917e-02 5.945609642e-02 5.927339431e-02 5.898917533e-02
-2.043974408e-05-7.362311781e-05-1.985245822e-04-4.425636282e-04-8.599579795e-04
-1.504120041e-03-2.418167072e-03-3.623151520e-03-5.104793437e-03-6.819647400e-03
-8.683868504e-03-1.062829781e-02-1.267400491e-02-1.505426786e-02-1.823933219e-02
-2.299076333e-02-2.794811814e-02-2.765634990e-02-2.206261923e-02-1.367430873e-02
-7.180475093e-03-1.690516396e-03 3.170533465e-03 7.584938084e-03 1.163695226e-02
 1.535571176e-02 1.873790681e-02 2.176371335e-02 2.441170667e-02 2.667332584e-02
 2.856351111e-02 3.012344441e-02 3.141473127e-02 3.250885429e-02 3.347725583e-02
 3.438529886e-02 3.529021517e-02 3.624128167e-02 3.728016989e-02 3.844004406e-02
 3.974304931e-02 4.119699722e-02 4.279280425e-02 4.450408579e-02 4.628938727e-02
 4.809661128e-02 4.986890710e-02 5.155144605e-02 5.309840186e-02 5.447883662e-02
 5.567974007e-02 5.670506836e-02 5.757121337e-02 5.830075814e-02 5.891660598e-02
 5.943772224e-02 5.987670645e-02 6.023890574e-02 6.052285029e-02 6.072208472e-02
 6.082845734e-02 6.083464645e-02 6.076371379e-02 6.060869030e-02 6.038117464e-02
 1.471208145e-04 2.912406871e-04 4.097626799e-04 4.106441282e-04 1.746601488e-04
-4.256475759e-04-1.497640227e-03-3.113599150e-03-5.308358280e-03-8.056394178e-03
-1.096381409e-02-1.319999440e-02-1.435188766e-02-1.462535715e-02-1.476273044e-02
-1.483665493e-02-1.440173763e-02-1.293474870e-02-1.024713661e-02-6.604172028e-03
-2.463741412e-03 1.844128357e-03 6.165360592e-03 1.043852958e-02 1.462765163e-02
 1.868297614e-02 2.251735341e-02 2.599945262e-02 2.897765011e-02 3.133766041e-02
 3.306106912e-02 3.423768945e-02 3.502207645e-02 3.557344877e-02 3.602044184e-02
 3.645683878e-02 3.695296404e-02 3.756950064e-02 3.836699846e-02 3.940696416e-02
 4.074232211e-02 4.240055606e-02 4.436931202e-02 4.659334874e-02 4.898294981e-02
 5.142641028e-02 5.380091230e-02 5.598419545e-02 5.787247794e-02 5.940255084e-02
 6.056586966e-02 6.140326923e-02 6.198272559e-02 6.237462638e-02 6.263645745e-02
 6.280832233e-02 6.291475887e-02 6.296860103e-02 6.297481277e-02 6.293373126e-02
 6.284372359e-02 6.270384452e-02 6.252867773e-02 6.231132950e-02 6.204627754e-02
 4.612046697e-04 1.010781222e-03 1.703030768e-03 2.408961376e-03 2.850995394e-03
 2.595312351e-03 1.416835651e-03-6.158790908e-04-3.538670568e-03-7.694178423e-03
-1.292395987e-02-1.582738786e-02-1.570862829e-02-1.267607588e-02-1.055871707e-02
-8.915332392e-03-7.284364720e-03-5.381513080e-03-3.057202343e-03-2.748797412e-04
 2.929136505e-03 6.495535567e-03 1.037779234e-02 1.455485458e-02 1.902454227e-02
 2.377594937e-02 2.871726249e-02 3.351899414e-02 3.749266548e-02 3.994812650e-02
 4.075764299e-02 4.047344763e-02 3.979469390e-02 3.913026473e-02 3.860893400e-02
 3.825605032e-02 3.807169519e-02 3.806444016e-02 3.830314877e-02 3.892945598e-02
 4.014741112e-02 4.210568007e-02 4.479436905e-02 4.805380741e-02 5.165488453e-02
 5.538324750e-02 5.901631070e-02 6.227052594e-02 6.483150071e-02 6.649220007e-02
 6.729206913e-02 6.748443938e-02 6.735435887e-02 6.709276297e-02 6.679377756e-02
 6.649579388e-02 6.620947838e-02 6.593387152e-02 6.566376722e-02 6.539236376e-02
 6.511362377e-02 6.482345806e-02 6.452902653e-02 6.422082599e-02 6.389913208e-02
 8.830862315e-04 2.015727455e-03 3.645885814e-03 5.864262916e-03 8.634625069e-03
 9.227095905e-03 6.933859334e-03 4.433359109e-03 1.806973459e-03-1.001506972e-03
-3.639501017e-03-5.393126272e-03-5.867651150e-03-5.261297818e-03-4.190236582e-03
-2.922997212e-03-1.466100250e-03 2.373045081e-04 2.244757584e-03 4.597858761e-03
 7.323943650e-03 1.044702871e-02 1.400341672e-02 1.806125725e-02 2.274983201e-02
 2.831797836e-02 3.528422601e-02 4.495208320e-02 5.434474985e-02 5.726025092e-02
 5.330037160e-02 4.717791331e-02 4.377810310e-02 4.166055404e-02 4.024734577e-02
 3.923110518e-02 3.840227514e-02 3.757715218e-02 3.656952715e-02 3.536873359e-02
 3.543936896e-02 3.788473478e-02 4.254878055e-02 4.835053219e-02 5.413878643e-02
 6.005481724e-02 6.636135643e-02 7.280593059e-02 7.747367762e-02 7.892333805e-02
 7.711719012e-02 7.484397458e-02 7.313122587e-02 7.185816313e-02 7.087780917e-02
 7.009113316e-02 6.943418754e-02 6.886464358e-02 6.835550985e-02 6.788637190e-02
 6.744510053e-02 6.702318335e-02 6.661420127e-02 6.620899373e-02 6.579692014e-02
 1.262663541e-03 2.895128493e-03 5.257347335e-03 8.432939236e-03 1.220437648e-02
 1.345420326e-02 1.144823079e-02 9.273393520e-03 7.253972979e-03 5.423983774e-03
 3.863866104e-03 2.684991646e-03 1.981052902e-03 1.764401479e-03 1.983741998e-03
 2.574940314e-03 3.495751519e-03 4.730612592e-03 6.282097818e-03 8.162579019e-03
 1.039029853e-02 1.298982883e-02 1.599586877e-02 1.945933700e-02 2.345420398e-02
 2.807830012e-02 3.341131013e-02 3.923347582e-02 4.417668072e-02 4.653687676e-02
 4.603872801e-02 4.409411238e-02 4.226182971e-02 4.089024682e-02 3.991186899e-02
 3.919320453e-02 3.858436012e-02 3.790004456e-02 3.686362667e-02 3.505357876e-02
 3.458621020e-02 3.727544097e-02 4.331107187e-02 5.023675580e-02 5.669181894e-02
 6.322158240e-02 7.040111321e-02 7.881169984e-02 8.423389424e-02 8.526180641e-02
 8.187298722e-02 7.878836030e-02 7.670222799e-02 7.518352090e-02 7.400340527e-02
 7.303740347e-02 7.221425500e-02 7.149086234e-02 7.083970454e-02 7.024226283e-02
 6.968545201e-02 6.915956177e-02 6.865698871e-02 6.817164092e-02 6.770166087e-02
 1.525393706e-03 3.481567441e-03 6.274566340e-03 9.950225408e-03 1.425276614e-02
 1.599906456e-02 1.430211161e-02 1.266844985e-02 1.117746201e-02 9.823550098e-03
 8.637397963e-03 7.675944994e-03 6.983101272e-03 6.585186877e-03 6.491125625e-03
 6.698671678e-03 7.201921472e-03 7.996429967e-03 9.081143599e-03 1.045817881e-02
 1.213163432e-02 1.410591362e-02 1.638311958e-02 1.895803803e-02 2.180786935e-02
 2.487252055e-02 2.802327080e-02 3.103338244e-02 3.359390199e-02 3.552531919e-02
 3.676056090e-02 3.739947511e-02 3.770670978e-02 3.790472675e-02 3.812988027e-02
 3.844967720e-02 3.889662387e-02 3.950373467e-02 4.035035961e-02 4.161889263e-02
 4.359094893e-02 4.648595776e-02 5.028791334e-02 5.474434550e-02 5.953342135e-02
 6.438956914e-02 6.904922636e-02 7.314037958e-02 7.621102488e-02 7.798231639e-02
 7.855402120e-02 7.832132902e-02 7.768552456e-02 7.689192689e-02 7.605874732e-02
 7.523824306e-02 7.445230062e-02 7.370874348e-02 7.300859843e-02 7.234950759e-02
 7.172746159e-02 7.113774545e-02 7.057548655e-02 7.003603842e-02 6.951817148e-02
 1.694076385e-03 3.854295918e-03 6.915336148e-03 1.090477288e-02 1.552426093e-02
 1.757170884e-02 1.629935112e-02 1.501680922e-02 1.385179389e-02 1.274974051e-02
 1.175470985e-02 1.090198828e-02 1.022187478e-02 9.738340092e-03 9.468674357e-03
 9.424351497e-03 9.612569221e-03 1.003773914e-02 1.070239807e-02 1.160734595e-02
 1.275097551e-02 1.412779124e-02 1.572602312e-02 1.752420597e-02 1.948683094e-02
 2.155999735e-02 2.366961938e-02 2.572663603e-02 2.764283430e-02 2.934518242e-02
 3.087764762e-02 3.223007772e-02 3.344812185e-02 3.461469881e-02 3.580728418e-02
 3.709794991e-02 3.855408533e-02 4.024291043e-02 4.223611202e-02 4.460795560e-02
 4.742106316e-02 5.070131732e-02 5.441278280e-02 5.844771520e-02 6.263452961e-02
 6.675485268e-02 7.056529725e-02 7.382943805e-02 7.636250515e-02 7.807699273e-02
 7.900501822e-02 7.927894160e-02 7.907836824e-02 7.857543098e-02 7.790439072e-02
 7.715666091e-02 7.638870896e-02 7.563252973e-02 7.490435346e-02 7.421078784e-02
 7.355283270e-02 7.292840254e-02 7.233387231e-02 7.176488769e-02 7.121061616e-02
 1.802423947e-03 4.093788927e-03 7.327917241e-03 1.152240649e-02 1.637592800e-02
 1.867867612e-02 1.760574818e-02 1.655426828e-02 1.557093444e-02 1.461944683e-02
 1.372563101e-02 1.291662727e-02 1.221707209e-02 1.164843070e-02 1.122873462e-02
 1.097264767e-02 1.089174805e-02 1.099484148e-02 1.128813503e-02 1.177504248e-02
 1.245568579e-02 1.332609498e-02 1.437718950e-02 1.559372704e-02 1.695357191e-02
 1.842783527e-02 1.998259450e-02 2.158249968e-02 2.319629365e-02 2.480303568e-02
 2.639488236e-02 2.798275324e-02 2.962581562e-02 3.133002290e-02 3.313578155e-02
 3.507585509e-02 3.723743943e-02 3.966882306e-02 4.242689433e-02 4.555213646e-02
 4.904367591e-02 5.292017783e-02 5.717149655e-02 6.174028854e-02 6.649410349e-02
 7.118057199e-02 7.542594042e-02 7.887334409e-02 8.129893621e-02 8.263514079e-02
 8.298309696e-02 8.261308542e-02 8.185383524e-02 8.093565355e-02 7.997969907e-02
 7.904426194e-02 7.815547032e-02 7.732280868e-02 7.654702310e-02 7.582436964e-02
 7.514899048e-02 7.451426534e-02 7.391357758e-02 7.334086949e-02 7.279661014e-02
 1.872934343e-03 4.249809203e-03 7.596986018e-03 1.192534427e-02 1.693042335e-02
 1.939252513e-02 1.845230556e-02 1.751591388e-02 1.663536786e-02 1.574997581e-02
 1.488321568e-02 1.405766361e-02 1.329446711e-02 1.261295786e-02 1.203049653e-02
 1.156249566e-02 1.122256671e-02 1.102274304e-02 1.097354874e-02 1.108343270e-02
 1.135823526e-02 1.180069332e-02 1.240999974e-02 1.318152305e-02 1.410688872e-02
 1.517474821e-02 1.637256151e-02 1.768810354e-02 1.911129628e-02 2.063626757e-02
 2.226319929e-02 2.399940751e-02 2.585996854e-02 2.787340730e-02 3.006516543e-02
 3.245800417e-02 3.510334214e-02 3.804420908e-02 4.132482406e-02 4.498478468e-02
 4.905453857e-02 5.358603090e-02 5.864634392e-02 6.432387385e-02 7.075854058e-02
 7.829959320e-02 8.517136868e-02 9.001798501e-02 9.260568068e-02 9.279242194e-02
 9.062590513e-02 8.739124806e-02 8.506383582e-02 8.325087635e-02 8.178569880e-02
 8.056942384e-02 7.953611825e-02 7.863984544e-02 7.784750089e-02 7.713451694e-02
 7.648221215e-02 7.587611621e-02 7.530487844e-02 7.475943890e-02 7.422836368e-02
 1.919535608e-03 4.353359278e-03 7.776570935e-03 1.219582692e-02 1.728645484e-02
 1.981349847e-02 1.899932305e-02 1.812139096e-02 1.726212487e-02 1.636606446e-02
 1.545661502e-02 1.455425778e-02 1.367748731e-02 1.284332122e-02 1.206759151e-02
 1.136518007e-02 1.075026418e-02 1.023696392e-02 9.843345659e-03 9.585436165e-03
 9.477166832e-03 9.530133410e-03 9.753211219e-03 1.015200691e-02 1.072803760e-02
 1.147734939e-02 1.240133767e-02 1.350112340e-02 1.477681468e-02 1.622871132e-02
 1.785914139e-02 1.967446091e-02 2.168464829e-02 2.390311199e-02 2.634697319e-02
 2.903718561e-02 3.199896417e-02 3.526169375e-02 3.885952127e-02 4.283367513e-02
 4.723739352e-02 5.214388950e-02 5.765843980e-02 6.394009573e-02 7.123321201e-02
 7.980022161e-02 8.752012225e-02 9.264469439e-02 9.520598018e-02 9.513565035e-02
 9.233382715e-02 8.849207155e-02 8.575264649e-02 8.376811708e-02 8.227321247e-02
 8.110534838e-02 8.016109661e-02 7.937204225e-02 7.869146784e-02 7.808664767e-02
 7.753420155e-02 7.701718854e-02 7.652322729e-02 7.604325119e-02 7.557202141e-02
 1.949709078e-03 4.421264509e-03 7.896930478e-03 1.238392635e-02 1.758064685e-02
 2.026477607e-02 1.951169633e-02 1.855985404e-02 1.760508677e-02 1.661418429e-02
 1.559457068e-02 1.455880331e-02 1.351987306e-02 1.249076707e-02 1.148436908e-02
 1.051347369e-02 9.593749480e-03 8.747135801e-03 7.995423916e-03 7.359869060e-03
 6.860936184e-03 6.518041563e-03 6.349277374e-03 6.371127195e-03 6.598210790e-03
 7.043167150e-03 7.717164759e-03 8.628691144e-03 9.781717642e-03 1.117283862e-02
 1.279488298e-02 1.465754404e-02 1.676619218e-02 1.912469175e-02 2.173976591e-02
 2.461995988e-02 2.777580851e-02 3.122023940e-02 3.496903869e-02 3.904251495e-02
 4.347108402e-02 4.831141677e-02 5.361942248e-02 5.943395897e-02 6.582812233e-02
 7.277806618e-02 7.915003060e-02 8.366224580e-02 8.613179176e-02 8.633996568e-02
 8.515534146e-02 8.394064041e-02 8.280372457e-02 8.186731152e-02 8.110774184e-02
 8.048727605e-02 7.996848169e-02 7.951970068e-02 7.911590010e-02 7.873800804e-02
 7.837187886e-02 7.800728239e-02 7.763703558e-02 7.725637529e-02 7.686661161e-02
 1.965568302e-03 4.457054427e-03 7.960719392e-03 1.248442286e-02 1.771134299e-02
 2.042197502e-02 1.976485096e-02 1.872276374e-02 1.765939745e-02 1.653881807e-02
 1.537170662e-02 1.416525793e-02 1.292780845e-02 1.166846071e-02 1.039682293e-02
 9.126922755e-03 7.881771170e-03 6.685540198e-03 5.563164373e-03 4.540089288e-03
 3.642008463e-03 2.894605129e-03 2.323290705e-03 1.952932145e-03 1.807557797e-03
 1.910020810e-03 2.281510234e-03 2.940820140e-03 3.903337749e-03 5.179883895e-03
 6.775878377e-03 8.690243224e-03 1.090895538e-02 1.339883316e-02 1.616638596e-02
 1.920868401e-02 2.252028335e-02 2.609537066e-02 2.992652766e-02 3.400208896e-02
 3.829797995e-02 4.283725712e-02 4.771188164e-02 5.274403676e-02 5.781161208e-02
 6.271145083e-02 6.717141625e-02 7.093319949e-02 7.384362952e-02 7.590012296e-02
 7.724500315e-02 7.808842016e-02 7.861681591e-02 7.895526408e-02 7.917565361e-02
 7.931561430e-02 7.939316337e-02 7.941607534e-02 7.938734799e-02 7.930818037e-02
 7.917947474e-02 7.900250252e-02 7.877911516e-02 7.851158930e-02 7.819470086e-02
 1.967892021e-03 4.461543099e-03 7.966694235e-03 1.248917186e-02 1.770825489e-02
 2.039745189e-02 1.969981021e-02 1.859448728e-02 1.742270901e-02 1.617085799e-02
 1.484342295e-02 1.344693792e-02 1.198796862e-02 1.047320409e-02 8.912944054e-03
 7.329709438e-03 5.748075436e-03 4.194301966e-03 2.696111568e-03 1.282426699e-03
-1.688892558e-05-1.171292419e-03-2.149832257e-03-2.921437989e-03-3.455248297e-03
-3.721008710e-03-3.689572105e-03-3.333585307e-03-2.628389306e-03-1.553181611e-03
-9.254114627e-05 1.761458101e-03 4.006561702e-03 6.627552343e-03 9.595336449e-03
 1.285390056e-02 1.637069455e-02 2.013116490e-02 2.411349811e-02 2.829228101e-02
 3.263777224e-02 3.711175634e-02 4.163548198e-02 4.631458800e-02 5.096145703e-02
 5.540363577e-02 5.954712525e-02 6.329934961e-02 6.659573146e-02 6.941310692e-02
 7.176936753e-02 7.371131118e-02 7.529775020e-02 7.658575440e-02 7.762356771e-02
 7.844913113e-02 7.909154006e-02 7.957335976e-02 7.991274596e-02 8.012501778e-02
 8.022367589e-02 8.022098671e-02 8.012827615e-02 7.995617575e-02 7.972015172e-02
 1.959221626e-03 4.440898584e-03 7.927347886e-03 1.242236582e-02 1.762033752e-02
 2.029171478e-02 1.946412166e-02 1.827046843e-02 1.698301878e-02 1.558604681e-02
 1.408449153e-02 1.248328842e-02 1.078718176e-02 9.001056477e-03 7.146127989e-03
 5.246299976e-03 3.327793513e-03 1.418956974e-03-4.499854070e-04-2.247189204e-03
-3.939455727e-03-5.492503149e-03-6.871243247e-03-8.040069831e-03-8.963172789e-03
-9.604901701e-03-9.930218482e-03-9.905281386e-03-9.498227076e-03-8.680225874e-03
-7.426893319e-03-5.720144570e-03-3.550618801e-03-9.206265781e-04 2.152065344e-03
 5.629938756e-03 9.453232756e-03 1.352797084e-02 1.780102009e-02 2.224236770e-02
 2.681735363e-02 3.148771082e-02 3.621049447e-02 4.093509925e-02 4.559769658e-02
 5.012557078e-02 5.444803875e-02 5.850321490e-02 6.224225313e-02 6.563225936e-02
 6.865695194e-02 7.131484026e-02 7.361577590e-02 7.557715971e-02 7.722079009e-02
 7.857071606e-02 7.965196055e-02 8.048978476e-02 8.110920112e-02 8.153456778e-02
 8.178920935e-02 8.189507382e-02 8.187245403e-02 8.173973877e-02 8.151133593e-02
 1.942940130e-03 4.403152824e-03 7.857933883e-03 1.230944822e-02 1.742897657e-02
 1.998024563e-02 1.913069113e-02 1.783573048e-02 1.641448287e-02 1.485832900e-02
 1.317036446e-02 1.135315755e-02 9.408909751e-03 7.352495522e-03 5.206682618e-03
 2.996926465e-03 7.512549494e-04-1.499951244e-03-3.724203058e-03-5.887173411e-03
-7.952978856e-03-9.884463498e-03-1.164347913e-02-1.319116101e-02-1.448820614e-02
-1.549517132e-02-1.617281901e-02-1.648255711e-02-1.638703162e-02-1.585095150e-02
-1.484224510e-02-1.333366484e-02-1.130494697e-02-8.745654866e-03-5.658720913e-03
-2.064851902e-03 1.992262727e-03 6.440303309e-03 1.117557951e-02 1.605856799e-02
 2.106112472e-02 2.614551287e-02 3.127086370e-02 3.639180350e-02 4.145827061e-02
 4.641651408e-02 5.121122839e-02 5.578818349e-02 6.009685200e-02 6.409279998e-02
 6.773970428e-02 7.101089197e-02 7.389033109e-02 7.637301816e-02 7.846470873e-02
 8.018096032e-02 8.154553194e-02 8.258829608e-02 8.334291823e-02 8.384459642e-02
 8.412811145e-02 8.422634174e-02 8.416928552e-02 8.398351260e-02 8.369148732e-02
 1.922012039e-03 4.355078835e-03 7.770600145e-03 1.216966684e-02 1.723532222e-02
 1.973480042e-02 1.874378509e-02 1.733432678e-02 1.576991184e-02 1.404740338e-02
 1.216730096e-02 1.012981351e-02 7.941220520e-03 5.622233947e-03 3.196783072e-03
 6.918161228e-04-1.862935148e-03-4.435212554e-03-6.990521117e-03-9.492436444e-03
-1.190291737e-02-1.418261040e-02-1.629113473e-02-1.818734110e-02-1.982954480e-02
-2.117574271e-02-2.218383703e-02-2.281190350e-02-2.301856075e-02-2.276351938e-02
-2.200841210e-02-2.071803083e-02-1.886212318e-02-1.641790723e-02-1.337348519e-02
-9.732243460e-03-5.518252739e-03-7.826309235e-04 4.389197303e-03 9.870596373e-03
 1.549019168e-02 2.119095287e-02 2.694072724e-02 3.270279832e-02 3.843488149e-02
 4.408870737e-02 4.960995254e-02 5.493875306e-02 6.001107634e-02 6.476127153e-02
 6.912599126e-02 7.304930119e-02 7.648825252e-02 7.941774080e-02 8.183339746e-02
 8.375167164e-02 8.520702301e-02 8.624695285e-02 8.692611785e-02 8.730080437e-02
 8.742464799e-02 8.734592197e-02 8.710626133e-02 8.674056367e-02 8.628252759e-02
 1.898716793e-03 4.301809458e-03 7.674398008e-03 1.201671171e-02 1.700702885e-02
 1.941099192e-02 1.832573070e-02 1.679985416e-02 1.509136795e-02 1.320243271e-02
 1.113199075e-02 8.878489788e-03 6.457481488e-03 3.890880758e-03 1.203993865e-03
-1.574696906e-03-4.413795052e-03-7.279296405e-03-1.013492477e-02-1.294248267e-02
-1.566219961e-02-1.825305964e-02-2.067309192e-02-2.287961160e-02-2.482940505e-02
-2.647886299e-02-2.778407697e-02-2.870093100e-02-2.918523866e-02-2.919299986e-02
-2.868087876e-02-2.760703570e-02-2.593247860e-02-2.362313283e-02-2.065284544e-02
-1.700755546e-02-1.269081714e-02-7.730721888e-03-2.187972846e-03 3.835208960e-03
 1.018594407e-02 1.665746034e-02 2.320769509e-02 2.981197557e-02 3.643810489e-02
 4.304367235e-02 4.957305891e-02 5.595441859e-02 6.209774005e-02 6.789590036e-02
 7.323097056e-02 7.798691669e-02 8.206693551e-02 8.541056701e-02 8.800483376e-02
 8.988555902e-02 9.112846866e-02 9.183331455e-02 9.210658089e-02 9.204788251e-02
 9.174232305e-02 9.125815974e-02 9.064779950e-02 8.995014375e-02 8.918516868e-02
 1.874754936e-03 4.247161776e-03 7.576047552e-03 1.186098172e-02 1.677057889e-02
 1.906612058e-02 1.791515781e-02 1.626205129e-02 1.441314754e-02 1.236311032e-02
 1.010913918e-02 7.654434450e-03 5.018548535e-03 2.224739611e-03-7.002194800e-04
-3.726288281e-03-6.820462998e-03-9.947126626e-03-1.306843081e-02-1.614468964e-02
-1.913476334e-02-2.199640886e-02-2.468657590e-02-2.716163049e-02-2.937749472e-02
-3.128970015e-02-3.285336441e-02-3.402311550e-02-3.475300780e-02-3.499649683e-02
-3.470656902e-02-3.383615771e-02-3.233901780e-02-3.017127673e-02-2.729392599e-02
-2.367654849e-02-1.930258426e-02-1.417639356e-02-8.332246141e-03-1.844991305e-03
 5.158406641e-03 1.248668522e-02 1.994887083e-02 2.754236806e-02 3.525723053e-02
 4.307220358e-02 5.094725614e-02 5.881214935e-02 6.655088166e-02 7.398585658e-02
 8.087454453e-02 8.693782926e-02 9.192270986e-02 9.567005795e-02 9.815587024e-02
 9.949518205e-02 9.990680327e-02 9.964818533e-02 9.895213576e-02 9.799533452e-02
 9.689777702e-02 9.573555653e-02 9.455465416e-02 9.338171052e-02 9.223618948e-02
 1.851388436e-03 4.193957107e-03 7.480478747e-03 1.171012748e-02 1.657317385e-02
 1.883312594e-02 1.750674361e-02 1.574543330e-02 1.376466392e-02 1.156410918e-02
 9.139857168e-03 6.502565577e-03 3.673080334e-03 6.760355802e-04-2.460346097e-03
-5.704532320e-03-9.022025987e-03-1.237576196e-02-1.572653540e-02-1.903343822e-02
-2.225427742e-02-2.534594823e-02-2.826473633e-02-3.096652719e-02-3.340690640e-02
-3.554114406e-02-3.732406703e-02-3.870983773e-02-3.965167614e-02-4.010158416e-02
-4.001016029e-02-3.932662872e-02-3.799925106e-02-3.597634320e-02-3.320817918e-02
-2.965012544e-02-2.526739382e-02-2.004180228e-02-1.398084407e-02-7.129153102e-03
 4.179849328e-04 8.500528604e-03 1.688080172e-02 2.549891339e-02 3.438771460e-02
 4.358094885e-02 5.310844089e-02 6.298330392e-02 7.316975516e-02 8.350110826e-02
 9.349883382e-02 1.022686115e-01 1.089528209e-01 1.131012323e-01 1.146641286e-01
 1.140296984e-01 1.120127116e-01 1.094767549e-01 1.068976265e-01 1.044575552e-01
 1.022111991e-01 1.001623316e-01 9.829519482e-02 9.658777345e-02 9.501758620e-02
 1.829575772e-03 4.144341732e-03 7.391464211e-03 1.156967109e-02 1.634738533e-02
 1.848615557e-02 1.713989658e-02 1.526919582e-02 1.316840581e-02 1.083215031e-02
 8.255878174e-03 5.457137510e-03 2.457793154e-03-7.163127784e-04-4.035646429e-03
-7.467326756e-03-1.097552836e-02-1.452193089e-02-1.806619570e-02-2.156644444e-02
-2.497971106e-02-2.826233724e-02-3.137028259e-02-3.425932458e-02-3.688512906e-02
-3.920318079e-02-4.116857398e-02-4.273567643e-02-4.385769782e-02-4.448621366e-02
-4.457072387e-02-4.405835978e-02-4.289389867e-02-4.102030177e-02-3.838006018e-02
-3.491770942e-02-3.058394605e-02-2.534182671e-02-1.917550826e-02-1.210182625e-02
-4.184624538e-03 4.448853324e-03 1.359146072e-02 2.306831164e-02 3.295722044e-02
 4.336219340e-02 5.442615973e-02 6.635097391e-02 7.943361728e-02 9.415057920e-02
 1.114890864e-01 1.266464303e-01 1.367488244e-01 1.412091300e-01 1.398438434e-01
 1.336064557e-01 1.249956423e-01 1.186311227e-01 1.136462513e-01 1.096204204e-01
 1.062925604e-01 1.034854352e-01 1.010736879e-01 9.896636336e-02 9.709353975e-02
 1.810058288e-03 4.099978581e-03 7.311940017e-03 1.144440618e-02 1.616993734e-02
 1.825198672e-02 1.681046573e-02 1.484634986e-02 1.263969246e-02 1.018353330e-02
 7.477937772e-03 4.541891777e-03 1.398533521e-03-1.925028141e-03-5.397999013e-03
-8.986267164e-03-1.265284029e-02-1.635833450e-02-2.006149045e-02-2.371968820e-02
-2.728942892e-02-3.072675123e-02-3.398755108e-02-3.702777799e-02-3.980348676e-02
-4.227073189e-02-4.438530214e-02-4.610230593e-02-4.737563337e-02-4.815734096e-02
-4.839703015e-02-4.804132444e-02-4.703359360e-02-4.531413097e-02-4.282106129e-02
-3.949234145e-02-3.526930551e-02-3.010227877e-02-2.395880290e-02-1.683491005e-02
-8.769553729e-03 1.384123363e-04 9.712459277e-03 1.968444594e-02 3.009308761e-02
 4.105769338e-02 5.275021420e-02 6.542474075e-02 7.946891156e-02 9.549475665e-02
 1.148649083e-01 1.303054798e-01 1.449791761e-01 1.478193824e-01 1.455699128e-01
 1.382161094e-01 1.281855120e-01 1.209554608e-01 1.154410387e-01 1.110994073e-01
 1.075813980e-01 1.046571879e-01 1.021710248e-01 1.000144562e-01 9.811580910e-02
 1.793402947e-03 4.062144149e-03 7.244167263e-03 1.133776072e-02 1.602673047e-02
 1.807312751e-02 1.652343445e-02 1.448804817e-02 1.219272753e-02 9.636494032e-03
 6.823957450e-03 3.775020909e-03 5.138427806e-04-2.931405981e-03-6.528865192e-03
-1.024338994e-02-1.403702533e-02-1.786953246e-02-2.169894010e-02-2.548209145e-02
-2.917515250e-02-3.273404798e-02-3.611479249e-02-3.927368876e-02-4.216737113e-02
-4.475268077e-02-4.698636924e-02-4.882463942e-02-5.022254772e-02-5.113331002e-02
-5.150757800e-02-5.129278409e-02-5.043269622e-02-4.886737952e-02-4.653383553e-02
-4.336767844e-02-3.930630806e-02-3.429413497e-02-2.829047005e-02-2.128065131e-02
-1.329075424e-02-4.405712775e-03 5.210268769e-03 1.529319021e-02 2.567749653e-02
 3.642769299e-02 4.762167088e-02 5.934995806e-02 7.170533226e-02 8.473303032e-02
 9.806022566e-02 1.096306500e-01 1.186709160e-01 1.239896542e-01 1.251601706e-01
 1.228136020e-01 1.186673557e-01 1.147305393e-01 1.112959543e-01 1.083261084e-01
 1.057460557e-01 1.034824233e-01 1.014722945e-01 9.966429822e-02 9.800997993e-02
 1.780028151e-03 4.031778662e-03 7.189808146e-03 1.125218184e-02 1.588495547e-02
 1.784557146e-02 1.630761349e-02 1.420259467e-02 1.183692163e-02 9.201901475e-03
 6.305547649e-03 3.168525784e-03-1.841887984e-04-3.723579817e-03-7.416943634e-03
-1.122832556e-02-1.511902695e-02-1.904816299e-02-2.297324433e-02-2.685075075e-02
-3.063666220e-02-3.428691231e-02-3.775773141e-02-4.100585063e-02-4.398854529e-02
-4.666350409e-02-4.898852104e-02-5.092101902e-02-5.241742845e-02-5.343246242e-02
-5.391835267e-02-5.382414149e-02-5.309516551e-02-5.167292267e-02-4.949558501e-02
-4.649950929e-02-4.262219909e-02-3.780727238e-02-3.201205542e-02-2.521839933e-02
-1.744710564e-02-8.775820763e-03 6.407266708e-04 1.055091690e-02 2.059331644e-02
 3.074694988e-02 4.098739048e-02 5.126000417e-02 6.145271750e-02 7.135719482e-02
 8.063778777e-02 8.886523874e-02 9.562926151e-02 1.006478636e-01 1.038542251e-01
 1.054381513e-01 1.057890962e-01 1.053461547e-01 1.044564885e-01 1.033399513e-01
 1.021211607e-01 1.008670545e-01 9.961216729e-02 9.837345700e-02 9.716243755e-02
 1.770224985e-03 4.009532004e-03 7.150004119e-03 1.118969562e-02 1.581230337e-02
 1.778002542e-02 1.613937768e-02 1.399439774e-02 1.157815185e-02 8.886370662e-03
 5.929818331e-03 2.729735745e-03-6.882962094e-04-4.294641596e-03-8.055984332e-03
-1.193578786e-02-1.589482641e-02-1.989176659e-02-2.388377156e-02-2.782709501e-02
-3.167762958e-02-3.539137440e-02-3.892478856e-02-4.223500227e-02-4.527986417e-02
-4.801781207e-02-5.040756456e-02-5.240764322e-02-5.397574927e-02-5.506803614e-02
-5.563834167e-02-5.563747361e-02-5.501268139e-02-5.370750079e-02-5.166222717e-02
-4.881535948e-02-4.510645614e-02-4.048094195e-02-3.489747285e-02-2.833844713e-02
-2.082406299e-02-1.242984458e-02-3.306666360e-03 6.299047753e-03 1.602860218e-02
 2.566389724e-02 3.515388510e-02 4.442185026e-02 5.336038663e-02 6.182963959e-02
 6.966381278e-02 7.668975634e-02 8.275577594e-02 8.776242861e-02 9.168496034e-02
 9.457878319e-02 9.656461225e-02 9.779877534e-02 9.844156947e-02 9.863533842e-02
 9.849547867e-02 9.811061402e-02 9.754687637e-02 9.685302806e-02 9.606685403e-02
 1.764180812e-03 3.995817794e-03 7.125470522e-03 1.115110685e-02 1.574440096e-02
 1.766779079e-02 1.604109830e-02 1.386690745e-02 1.141988024e-02 8.693764515e-03
 5.700880334e-03 2.462821320e-03-9.944558722e-04-4.640931875e-03-8.442914248e-03
-1.236351208e-02-1.636318225e-02-2.040032578e-02-2.443190586e-02-2.841405438e-02
-3.230263124e-02-3.605370082e-02-3.962389247e-02-4.297061699e-02-4.605211795e-02
-4.882734559e-02-5.125565162e-02-5.329631498e-02-5.490792339e-02-5.604765216e-02
-5.667050425e-02-5.672860408e-02-5.617067662e-02-5.494189441e-02-5.298434231e-02
-5.023843184e-02-4.664569088e-02-4.215344475e-02-3.672196174e-02-3.033460573e-02
-2.301133311e-02-1.482537344e-02-5.922013730e-03 3.463027550e-03 1.299012663e-02
 2.231906867e-02 3.139733453e-02 4.015702674e-02 4.851595373e-02 5.638107599e-02
 6.365499216e-02 7.024538929e-02 7.607620591e-02 8.109817629e-02 8.529605401e-02
 8.869046095e-02 9.133384134e-02 9.330184294e-02 9.468273737e-02 9.556759130e-02
 9.604292992e-02 9.618634192e-02 9.606455745e-02 9.573310612e-02 9.523226939e-02
 1.762007990e-03 3.990882485e-03 7.116626064e-03 1.113714501e-02 1.572005659e-02
 1.762580701e-02 1.600694365e-02 1.382130504e-02 1.136388875e-02 8.626124706e-03
 5.620883084e-03 2.369909072e-03-1.100691703e-03-4.760754845e-03-8.576449409e-03
-1.251075647e-02-1.652401999e-02-2.057454792e-02-2.461923482e-02-2.861417248e-02
-3.251521283e-02-3.627844718e-02-3.986056893e-02-4.321909159e-02-4.631240116e-02
-4.909963094e-02-5.154035706e-02-5.359412544e-02-5.521983474e-02-5.637501722e-02
-5.701508131e-02-5.709260808e-02-5.655683225e-02-5.535348906e-02-5.342527396e-02
-5.071324305e-02-4.715957316e-02-4.271218746e-02-3.733180514e-02-3.100193698e-02
-2.374213705e-02-1.562431861e-02-6.791024593e-03 2.526863623e-03 1.199729859e-02
 2.124156242e-02 3.020826232e-02 3.883387931e-02 4.704473094e-02 5.476074619e-02
 6.190113892e-02 6.839159494e-02 7.417202236e-02 7.920348126e-02 8.347283969e-02
 8.699410977e-02 8.980620743e-02 9.196777156e-02 9.355032876e-02 9.463126634e-02
 9.528778893e-02 9.559249375e-02 9.561067297e-02 9.539920432e-02 9.501090978e-02
 1.763763194e-03 3.994859435e-03 7.123726006e-03 1.114834223e-02 1.575741875e-02
 1.771240474e-02 1.602704709e-02 1.385870606e-02 1.141126411e-02 8.684390396e-03
 5.690665708e-03 2.451745309e-03-1.006366745e-03-4.653612217e-03-8.456266177e-03
-1.237741075e-02-1.637748114e-02-2.041486201e-02-2.444650542e-02-2.842853726e-02
-3.231681617e-02-3.606740930e-02-3.963695190e-02-4.298286248e-02-4.606339249e-02
-4.883749827e-02-5.126453329e-02-5.330377113e-02-5.491378326e-02-5.605171346e-02
-5.667251231e-02-5.672822408e-02-5.616745729e-02-5.493522123e-02-5.297337837e-02
-5.022204494e-02-4.662236659e-02-4.212118790e-02-3.667819382e-02-3.027607376e-02
-2.293405803e-02-1.472468349e-02-5.792728258e-03 3.626169921e-03 1.319148108e-02
 2.256700876e-02 3.170002397e-02 4.052140660e-02 4.894630030e-02 5.687732280e-02
 6.421125047e-02 7.084926532e-02 7.670943099e-02 8.173868985e-02 8.592114507e-02
 8.928012466e-02 9.187338461e-02 9.378308717e-02 9.510376360e-02 9.593149731e-02
 9.635625517e-02 9.645769076e-02 9.630371708e-02 9.595078481e-02 9.544197824e-02
 1.769431793e-03 4.007722116e-03 7.146740530e-03 1.118444131e-02 1.578723959e-02
 1.771401989e-02 1.613076518e-02 1.397974487e-02 1.156181351e-02 8.868181338e-03
 5.909739400e-03 2.707791538e-03-7.120161939e-04-4.319986009e-03-8.082745550e-03
-1.196370921e-02-1.592361065e-02-1.992108535e-02-2.391327536e-02-2.785642326e-02
-3.170642019e-02-3.541927229e-02-3.895145254e-02-4.226010963e-02-4.530311239e-02
-4.803891687e-02-5.042625369e-02-5.242364491e-02-5.398877430e-02-5.507775194e-02
-5.564433659e-02-5.563920876e-02-5.500942691e-02-5.369825282e-02-5.164560140e-02
-4.878945738e-02-4.506870141e-02-4.042788818e-02-3.482459057e-02-2.823991092e-02
-2.069257960e-02-1.225659310e-02-3.081465804e-03 6.587211245e-03 1.639135304e-02
 2.612063008e-02 3.572598682e-02 4.513084974e-02 5.422427898e-02 6.285712692e-02
 7.084755438e-02 7.800151456e-02 8.414665117e-02 8.916944143e-02 9.304268281e-02
 9.583236813e-02 9.767916927e-02 9.876156014e-02 9.925770016e-02 9.932091436e-02
 9.907153408e-02 9.859917392e-02 9.796889240e-02 9.722753073e-02 9.641019945e-02
 1.778907956e-03 4.029232125e-03 7.185241662e-03 1.124504041e-02 1.588452560e-02
 1.786665393e-02 1.628567160e-02 1.418176787e-02 1.181349341e-02 9.175397915e-03
 6.275961314e-03 3.135932950e-03-2.196266561e-04-3.761617874e-03-7.457259053e-03
-1.127052598e-02-1.516266159e-02-1.909273583e-02-2.301822861e-02-2.689560404e-02
-3.068084129e-02-3.432988696e-02-3.779899618e-02-4.104493395e-02-4.402501491e-02
-4.669696812e-02-4.901862357e-02-5.094742936e-02-5.243982262e-02-5.345049504e-02
-5.393161704e-02-5.383211465e-02-5.309713422e-02-5.166788534e-02-4.948212356e-02
-4.647562447e-02-4.258510309e-02-3.775313477e-02-3.193570340e-02-2.511298175e-02
-1.730374392e-02-8.583290467e-03 8.962255972e-04 1.088568224e-02 2.102552617e-02
 3.130943517e-02 4.172245516e-02 5.222108170e-02 6.270261034e-02 7.295576285e-02
 8.261028357e-02 9.116674728e-02 9.814069358e-02 1.031948516e-01 1.062462049e-01
 1.075266402e-01 1.075137972e-01 1.067286822e-01 1.055557898e-01 1.042187780e-01
 1.028337564e-01 1.014572137e-01 1.001144946e-01 9.881517245e-02 9.756288528e-02
 1.791991700e-03 4.058941815e-03 7.238439865e-03 1.132875192e-02 1.600914979e-02
 1.804222519e-02 1.650421183e-02 1.446186974e-02 1.216260356e-02 9.602005850e-03
 6.785103993e-03 3.731913516e-03 4.667028714e-04-2.982248175e-03-6.582976763e-03
-1.030024574e-02-1.409602207e-02-1.793000580e-02-2.176018387e-02-2.554337812e-02
-2.923575387e-02-3.279325510e-02-3.617193377e-02-3.932814536e-02-4.221858871e-02
-4.480017678e-02-4.702973486e-02-4.886353526e-02-5.025669214e-02-5.116245855e-02
-5.153149178e-02-5.131118457e-02-5.044520218e-02-4.887342174e-02-4.653254307e-02
-4.335772983e-02-3.928574107e-02-3.426010991e-02-2.823898604e-02-2.120622339e-02
-1.318607295e-02-4.261311622e-03 5.406281492e-03 1.555584674e-02 2.602799084e-02
 3.689924833e-02 4.826505846e-02 6.024519608e-02 7.298528801e-02 8.664310788e-02
 1.012261317e-01 1.135723622e-01 1.234260836e-01 1.288683073e-01 1.294948899e-01
 1.260457963e-01 1.206677316e-01 1.161212205e-01 1.123145593e-01 1.091036636e-01
 1.063637358e-01 1.039936330e-01 1.019137378e-01 1.000622206e-01 9.838773409e-02
 1.808379163e-03 4.096171525e-03 7.305139348e-03 1.143370034e-02 1.614855872e-02
 1.820825051e-02 1.678473202e-02 1.481491805e-02 1.260312188e-02 1.014127183e-02
 7.429976816e-03 4.488342131e-03 1.339653020e-03-1.988839742e-03-5.466209318e-03
-9.058224640e-03-1.272779183e-02-1.643544657e-02-2.013987307e-02-2.379842082e-02
-2.736758722e-02-3.080343367e-02-3.406190414e-02-3.709901919e-02-3.987092456e-02
-4.233378171e-02-4.444349802e-02-4.615530707e-02-4.742322518e-02-4.819942959e-02
-4.843362938e-02-4.807253314e-02-4.705956138e-02-4.533500863e-02-4.283693232e-02
-3.950313034e-02-3.527465944e-02-3.010142234e-02-2.395037211e-02-1.681677922e-02
-8.738679593e-03 1.860441980e-04 9.781751492e-03 1.977882517e-02 3.021677976e-02
 4.121813170e-02 5.296029123e-02 6.570635856e-02 7.985816332e-02 9.604131263e-02
 1.151131689e-01 1.318115621e-01 1.429377473e-01 1.478549979e-01 1.461194274e-01
 1.386581715e-01 1.287548618e-01 1.213872408e-01 1.157849481e-01 1.113917046e-01
 1.078456871e-01 1.049092141e-01 1.024218752e-01 1.002723312e-01 9.838441389e-02
 1.827643263e-03 4.139961975e-03 7.383645485e-03 1.155748669e-02 1.634971173e-02
 1.852322533e-02 1.710207515e-02 1.523257480e-02 1.312567085e-02 1.078248055e-02
 8.199045634e-03 5.393254338e-03 2.387151186e-03-7.932490978e-04-4.118250290e-03
-7.554823809e-03-1.106701624e-02-1.461640325e-02-1.816256992e-02-2.166359220e-02
-2.507649057e-02-2.835762599e-02-3.146300956e-02-3.434850086e-02-3.696987623e-02
-3.928275630e-02-4.124239344e-02-4.280333259e-02-4.391897623e-02-4.454110514e-02
-4.461943353e-02-4.410131228e-02-4.293173898e-02-4.105389010e-02-3.841045967e-02
-3.494616586e-02-3.061186108e-02-2.537072908e-02-1.920703210e-02-1.213772835e-02
-4.226907996e-03 4.397775169e-03 1.352834636e-02 2.297956333e-02 3.282413672e-02
 4.315810009e-02 5.411070329e-02 6.585960332e-02 7.865758851e-02 9.290691805e-02
 1.099985662e-01 1.256285406e-01 1.365016767e-01 1.391821609e-01 1.376260503e-01
 1.318719403e-01 1.236991651e-01 1.178218050e-01 1.131421127e-01 1.093170146e-01
 1.061291062e-01 1.034253354e-01 1.010943093e-01 9.905348286e-02 9.723893641e-02
 1.849211291e-03 4.189023966e-03 7.471675272e-03 1.169627444e-02 1.653317213e-02
 1.874576872e-02 1.747785074e-02 1.570420241e-02 1.371601687e-02 1.150742359e-02
 9.074388934e-03 6.428466254e-03 3.590684065e-03 5.858689257e-04-2.557567232e-03
-5.807914532e-03-9.130517628e-03-1.248817821e-02-1.584158821e-02-1.914976996e-02
-2.237049706e-02-2.546066876e-02-2.837661232e-02-3.107429143e-02-3.350940496e-02
-3.563736918e-02-3.741318801e-02-3.879122995e-02-3.972494882e-02-4.016660765e-02
-4.006709386e-02-3.937594941e-02-3.804178440e-02-3.601329597e-02-3.324117503e-02
-2.968124315e-02-2.529920798e-02-2.007743322e-02-1.402404291e-02-7.184421203e-03
 3.452847293e-04 8.403491074e-03 1.675003804e-02 2.531213663e-02 3.411644995e-02
 4.318738837e-02 5.254098929e-02 6.217024182e-02 7.201191621e-02 8.187399649e-02
 9.131106768e-02 9.959231075e-02 1.059988451e-01 1.101282419e-01 1.119386691e-01
 1.117709646e-01 1.103021825e-01 1.082354218e-01 1.060125581e-01 1.038384116e-01
 1.017932288e-01 9.990006855e-02 9.815671973e-02 9.655059889e-02 9.506622993e-02
 1.872337520e-03 4.241685317e-03 7.566277620e-03 1.184570425e-02 1.675167598e-02
 1.904855179e-02 1.787400942e-02 1.621568912e-02 1.435847377e-02 1.229917311e-02
 1.003502762e-02 7.570173007e-03 4.924437748e-03 2.121330949e-03-8.121399420e-04
-3.845717530e-03-6.946201731e-03-1.007780535e-02-1.320254072e-02-1.628061762e-02
-1.927082979e-02-2.213090731e-02-2.481781294e-02-2.728796518e-02-2.949737652e-02
-3.140170507e-02-3.295622938e-02-3.411577169e-02-3.483461384e-02-3.506647354e-02
-3.476463755e-02-3.388238322e-02-3.237386048e-02-3.019565164e-02-2.730927068e-02
-2.368490111e-02-1.930667971e-02-1.417977111e-02-8.339313958e-03-1.861131966e-03
 5.126400640e-03 1.243182438e-02 1.985534776e-02 2.738959577e-02 3.502082847e-02
 4.272365336e-02 5.045409674e-02 5.813961736e-02 6.566653888e-02 7.286891385e-02
 7.952911834e-02 8.540341676e-02 9.027321190e-02 9.400075981e-02 9.656438645e-02
 9.806183006e-02 9.868031332e-02 9.864327909e-02 9.815875030e-02 9.739116770e-02
 9.645743322e-02 9.543527342e-02 9.437409618e-02 9.330422003e-02 9.224591955e-02
 1.896055920e-03 4.295786347e-03 7.663666578e-03 1.199996223e-02 1.699388355e-02
 1.941018958e-02 1.828342772e-02 1.674840451e-02 1.503055615e-02 1.313139254e-02
 1.104982265e-02 8.784428153e-03 6.351915107e-03 3.774430773e-03 1.077530758e-03
-1.710053478e-03-4.556691952e-03-7.428169212e-03-1.028802634e-02-1.309791638e-02
-1.581795585e-02-1.840705414e-02-2.082320425e-02-2.302372275e-02-2.496543304e-02
-2.660479597e-02-2.789800418e-02-2.880107223e-02-2.926997397e-02-2.926090224e-02
-2.873075290e-02-2.763796641e-02-2.594389464e-02-2.361489009e-02-2.062534196e-02
-1.696186971e-02-1.262883852e-02-7.655289333e-03-2.103215223e-03 3.923645689e-03
 1.027184899e-02 1.672922857e-02 2.325060149e-02 2.980966631e-02 3.637269357e-02
 4.289654455e-02 4.932615493e-02 5.559216704e-02 6.160972579e-02 6.728002371e-02
 7.249631227e-02 7.715508595e-02 8.117085705e-02 8.449056196e-02 8.710291623e-02
 8.903952676e-02 9.036743204e-02 9.117574895e-02 9.156094339e-02 9.161488111e-02
 9.141765285e-02 9.103487911e-02 9.051803421e-02 8.990621408e-02 8.922420639e-02
 1.919083433e-03 4.348458175e-03 7.758828026e-03 1.215124849e-02 1.719558758e-02
 1.965380369e-02 1.869838359e-02 1.727699063e-02 1.570248955e-02 1.396888766e-02
 1.207667943e-02 1.002599690e-02 7.824425539e-03 5.493059566e-03 3.056157983e-03
 5.409647617e-04-2.022506268e-03-4.601736860e-03-7.161997900e-03-9.666661084e-03
-1.207751432e-02-1.435506732e-02-1.645883596e-02-1.834759898e-02-1.997962753e-02
-2.131289810e-02-2.230531197e-02-2.291496042e-02-2.310049366e-02-2.282167299e-02
-2.204021094e-02-2.072102924e-02-1.883408268e-02-1.635691675e-02-1.327810492e-02
-9.601720473e-03-5.352917474e-03-5.843668360e-04 4.617252572e-03 1.012409923e-02
 1.575732933e-02 2.146104724e-02 2.720103060e-02 3.293875038e-02 3.863123931e-02
 4.423072352e-02 4.968459390e-02 5.493591265e-02 5.992474943e-02 6.459059482e-02
 6.887593071e-02 7.273072321e-02 7.611719263e-02 7.901388532e-02 8.141803102e-02
 8.334551045e-02 8.482837892e-02 8.591054877e-02 8.664265734e-02 8.707718588e-02
 8.726458955e-02 8.725074897e-02 8.707567160e-02 8.677322052e-02 8.637424574e-02
 1.939684079e-03 4.395800329e-03 7.844884135e-03 1.228922072e-02 1.741439058e-02
 1.998938780e-02 1.907595177e-02 1.777182589e-02 1.634006339e-02 1.477205101e-02
 1.307126879e-02 1.124028399e-02 9.281415932e-03 7.211167433e-03 5.052551039e-03
 2.831352053e-03 5.759153945e-04-1.683070430e-03-3.912829322e-03-6.078772639e-03
-8.144783643e-03-1.007350161e-02-1.182659993e-02-1.336505763e-02-1.464943190e-02
-1.564014882e-02-1.629784355e-02-1.658379372e-02-1.646050948e-02-1.589256220e-02
-1.484775052e-02-1.329871843e-02-1.122516340e-02-8.616745518e-03-5.476851825e-03
-1.827119739e-03 2.287580434e-03 6.793313864e-03 1.158143963e-02 1.651700186e-02
 2.156405401e-02 2.668145587e-02 3.182411252e-02 3.694377561e-02 4.198996363e-02
 4.691087717e-02 5.165435311e-02 5.616956719e-02 6.040945782e-02 6.433325062e-02
 6.790852382e-02 7.111255904e-02 7.393296502e-02 7.636766401e-02 7.842432363e-02
 8.011928287e-02 8.147602631e-02 8.252331785e-02 8.329317702e-02 8.381891703e-02
 8.413344181e-02 8.426793021e-02 8.425094932e-02 8.410794084e-02 8.386029440e-02
 1.955540161e-03 4.432586526e-03 7.912605420e-03 1.239944423e-02 1.757501680e-02
 2.021052973e-02 1.940916276e-02 1.820158732e-02 1.690066856e-02 1.549114496e-02
 1.397617093e-02 1.236061476e-02 1.064908538e-02 8.848001435e-03 6.979206532e-03
 5.066968391e-03 3.137905748e-03 1.220734932e-03-6.539740799e-04-2.454058592e-03
-4.146029286e-03-5.695339446e-03-7.066657194e-03-8.224147512e-03-9.131778287e-03
-9.753675215e-03-1.005455969e-02-1.000032450e-02-9.558808309e-03-8.700844229e-03
-7.401684935e-03-5.642918918e-03-3.414918529e-03-7.198889096e-04 2.424617368e-03
 5.981207874e-03 9.888426192e-03 1.404678356e-02 1.841212261e-02 2.294940239e-02
 2.762011112e-02 3.237692473e-02 3.716164931e-02 4.190678590e-02 4.655133747e-02
 5.103845099e-02 5.530712119e-02 5.929840755e-02 6.296436100e-02 6.627376034e-02
 6.921354745e-02 7.178655710e-02 7.400713924e-02 7.589653048e-02 7.747923810e-02
 7.878079822e-02 7.982664280e-02 8.064161452e-02 8.124974997e-02 8.167411637e-02
 8.193662623e-02 8.205783432e-02 8.205674987e-02 8.195067390e-02 8.175457197e-02
 1.963678984e-03 4.451996052e-03 7.949683652e-03 1.246262551e-02 1.766784623e-02
 2.033676985e-02 1.963446486e-02 1.850750750e-02 1.733027650e-02 1.606566526e-02
 1.472470709e-02 1.331393343e-02 1.183987131e-02 1.030916806e-02 8.734046522e-03
 7.137642099e-03 5.544950902e-03 3.982663329e-03 2.478890185e-03 1.062908170e-03
-2.350971949e-04-1.384288076e-03-2.353438568e-03-3.111216100e-03-3.626499199e-03
-3.868761262e-03-3.808575668e-03-3.418283995e-03-2.672890119e-03-1.551239687e-03
-3.752690351e-05 1.876741277e-03 4.190036024e-03 6.888191130e-03 9.940938507e-03
 1.328968737e-02 1.691121963e-02 2.079107818e-02 2.491151370e-02 2.925157468e-02
 3.378481934e-02 3.845894909e-02 4.324432178e-02 4.790216140e-02 5.241279502e-02
 5.677861699e-02 6.086472987e-02 6.455203188e-02 6.776288579e-02 7.047223086e-02
 7.270501275e-02 7.451923670e-02 7.598397969e-02 7.716311436e-02 7.810827045e-02
 7.885834961e-02 7.944194256e-02 7.988033122e-02 8.019004595e-02 8.038469746e-02
 8.047614011e-02 8.047513166e-02 8.039165905e-02 8.023512627e-02 8.001715526e-02
 1.960841829e-03 4.446251662e-03 7.941199484e-03 1.245340113e-02 1.768553590e-02
 2.041885431e-02 1.968522247e-02 1.863494813e-02 1.755321731e-02 1.642085128e-02
 1.524083585e-02 1.402039198e-02 1.276814120e-02 1.149344612e-02 1.020610709e-02
 8.922450418e-03 7.666128016e-03 6.461747711e-03 5.334650291e-03 4.310632200e-03
 3.415694652e-03 2.675792793e-03 2.116583508e-03 1.763156828e-03 1.639740057e-03
 1.769348290e-03 2.173360977e-03 2.870802479e-03 3.877348048e-03 5.204225076e-03
 6.857232636e-03 8.834810672e-03 1.112187406e-02 1.368899366e-02 1.654317785e-02
 1.968249789e-02 2.310581525e-02 2.681400768e-02 3.080937696e-02 3.509720982e-02
 3.969178717e-02 4.448494787e-02 4.937280906e-02 5.442672564e-02 5.952782253e-02
 6.448917173e-02 6.901122265e-02 7.277326374e-02 7.558769329e-02 7.745486068e-02
 7.856210199e-02 7.917719297e-02 7.951105528e-02 7.969145270e-02 7.978699808e-02
 7.983046126e-02 7.983502615e-02 7.980427345e-02 7.973777026e-02 7.963397265e-02
 7.949160231e-02 7.931019586e-02 7.909022336e-02 7.883292164e-02 7.853580402e-02
 1.944774003e-03 4.409994330e-03 7.876522576e-03 1.235099122e-02 1.751098106e-02
 2.012624436e-02 1.937839620e-02 1.844415164e-02 1.748731414e-02 1.648519736e-02
 1.545137229e-02 1.440023326e-02 1.334567265e-02 1.230119811e-02 1.127998676e-02
 1.029502896e-02 9.364536992e-03 8.510987812e-03 7.756488247e-03 7.122548843e-03
 6.629830847e-03 6.297922800e-03 6.145069127e-03 6.187891780e-03 6.441142186e-03
 6.917595567e-03 7.628201970e-03 8.581245692e-03 9.780428793e-03 1.122183620e-02
 1.289849817e-02 1.482020583e-02 1.699233025e-02 1.941892566e-02 2.210837551e-02
 2.507126802e-02 2.832056412e-02 3.187222392e-02 3.574592286e-02 3.996528137e-02
 4.455451553e-02 4.952747594e-02 5.492328882e-02 6.084304110e-02 6.741532316e-02
 7.497501875e-02 8.207030984e-02 8.691996028e-02 8.915641067e-02 8.870105138e-02
 8.671780174e-02 8.508034493e-02 8.369151979e-02 8.257601348e-02 8.169109430e-02
 8.098166835e-02 8.039932840e-02 7.990554018e-02 7.947084792e-02 7.907322926e-02
 7.869649395e-02 7.832895181e-02 7.796237256e-02 7.759125517e-02 7.721468015e-02
 1.914613465e-03 4.342372829e-03 7.757413777e-03 1.216688640e-02 1.725372381e-02
 1.979085920e-02 1.894648667e-02 1.802899777e-02 1.714913581e-02 1.622980200e-02
 1.529865317e-02 1.437617085e-02 1.348109558e-02 1.263071788e-02 1.184106767e-02
 1.112709102e-02 1.050295352e-02 9.985448846e-03 9.592741701e-03 9.340951433e-03
 9.243977780e-03 9.313410499e-03 9.558115497e-03 9.983658315e-03 1.059147293e-02
 1.137749371e-02 1.234095165e-02 1.348294097e-02 1.480326714e-02 1.630169962e-02
 1.798006814e-02 1.984487510e-02 2.190630002e-02 2.417810946e-02 2.667752352e-02
 2.942555860e-02 3.244739856e-02 3.577193177e-02 3.943173710e-02 4.346469107e-02
 4.791858212e-02 5.286075494e-02 5.839425553e-02 6.468220928e-02 7.198233637e-02
 8.057113711e-02 8.833545728e-02 9.347961467e-02 9.604267660e-02 9.595587324e-02
 9.305299601e-02 8.907190172e-02 8.623155517e-02 8.418557077e-02 8.264953880e-02
 8.145247247e-02 8.048718365e-02 7.968349563e-02 7.899376447e-02 7.838468948e-02
 7.783246230e-02 7.731977001e-02 7.683386440e-02 7.636521754e-02 7.590659967e-02
 1.867444240e-03 4.237734860e-03 7.576390948e-03 1.189510394e-02 1.689301054e-02
 1.935146501e-02 1.838925753e-02 1.742703896e-02 1.650746447e-02 1.558972639e-02
 1.469394614e-02 1.384304128e-02 1.305855992e-02 1.236013920e-02 1.176532814e-02
 1.128963117e-02 1.094669011e-02 1.074863904e-02 1.070692545e-02 1.083059411e-02
 1.112405145e-02 1.159002705e-02 1.222755463e-02 1.303167088e-02 1.399343887e-02
 1.510062592e-02 1.633971842e-02 1.769764226e-02 1.916352551e-02 2.073085531e-02
 2.239939055e-02 2.417609135e-02 2.607539520e-02 2.812615102e-02 3.035369720e-02
 3.277850357e-02 3.545246602e-02 3.841560882e-02 4.170984496e-02 4.537156845e-02
 4.942488968e-02 5.391432960e-02 5.889371476e-02 6.442727007e-02 7.059896538e-02
 7.752759015e-02 8.379862255e-02 8.821533419e-02 9.073604808e-02 9.126988137e-02
 8.966830407e-02 8.705415156e-02 8.497560533e-02 8.329207442e-02 8.190092759e-02
 8.072938425e-02 7.972478143e-02 7.884851017e-02 7.807171412e-02 7.737235498e-02
 7.673326366e-02 7.614084695e-02 7.558421041e-02 7.505449383e-02 7.454228676e-02
 1.795080188e-03 4.077583863e-03 7.300091619e-03 1.148096833e-02 1.631101495e-02
 1.857577113e-02 1.752310075e-02 1.641954384e-02 1.539644396e-02 1.440438543e-02
 1.347443150e-02 1.263507830e-02 1.191183443e-02 1.132663721e-02 1.089760143e-02
 1.063916717e-02 1.056252663e-02 1.067607982e-02 1.098571065e-02 1.149453149e-02
 1.220225789e-02 1.310464808e-02 1.419235150e-02 1.544973507e-02 1.685401659e-02
 1.837529367e-02 1.997815838e-02 2.162544679e-02 2.328405069e-02 2.493162792e-02
 2.655970564e-02 2.817559722e-02 2.984875674e-02 3.157327874e-02 3.339435007e-02
 3.535200995e-02 3.751958965e-02 3.994688676e-02 4.268577384e-02 4.577455000e-02
 4.921982920e-02 5.303235720e-02 5.719309501e-02 6.163497582e-02 6.622028308e-02
 7.071325804e-02 7.479016272e-02 7.813465697e-02 8.053907247e-02 8.193896569e-02
 8.242532095e-02 8.223021195e-02 8.162877750e-02 8.083085642e-02 7.996168375e-02
 7.908873044e-02 7.824602969e-02 7.744879022e-02 7.670168408e-02 7.600360750e-02
 7.535046091e-02 7.473678242e-02 7.415670367e-02 7.360458974e-02 7.307919821e-02
 1.683300922e-03 3.830370097e-03 6.873865335e-03 1.084229904e-02 1.545638174e-02
 1.751846620e-02 1.615780647e-02 1.482115477e-02 1.359269242e-02 1.243733962e-02
 1.139649251e-02 1.050748615e-02 9.802265625e-03 9.305369734e-03 9.033496520e-03
 8.996734016e-03 9.200631752e-03 9.648129377e-03 1.034069650e-02 1.127850406e-02
 1.245970815e-02 1.387889199e-02 1.552457521e-02 1.737560275e-02 1.939644705e-02
 2.153228954e-02 2.370656537e-02 2.582586211e-02 2.779684756e-02 2.954730880e-02
 3.110163858e-02 3.246271850e-02 3.368188493e-02 3.484500240e-02 3.603165105e-02
 3.731316596e-02 3.875458856e-02 4.042077473e-02 4.238246807e-02 4.471536495e-02
 4.748529367e-02 5.072065564e-02 5.438568124e-02 5.837160726e-02 6.250796872e-02
 6.658178646e-02 7.035733941e-02 7.360342276e-02 7.613567176e-02 7.786415097e-02
 7.881834116e-02 7.912777858e-02 7.896823872e-02 7.850779053e-02 7.787771465e-02
 7.716792134e-02 7.643450818e-02 7.570974946e-02 7.501044159e-02 7.434382924e-02
 7.371150839e-02 7.311189994e-02 7.254178277e-02 7.199714375e-02 7.146895506e-02
 1.509411102e-03 3.445847821e-03 6.212261407e-03 9.855859002e-03 1.410464251e-02
 1.577646236e-02 1.408229349e-02 1.236347739e-02 1.078199929e-02 9.353433983e-03
 8.103536261e-03 7.095506617e-03 6.378646862e-03 5.979536773e-03 5.902753313e-03
 6.140008005e-03 6.680228858e-03 7.515710425e-03 8.643874392e-03 1.006648094e-02
 1.178799698e-02 1.381376838e-02 1.614751650e-02 1.878655741e-02 2.171161116e-02
 2.486623997e-02 2.812210492e-02 3.124301521e-02 3.390166439e-02 3.587578401e-02
 3.709636415e-02 3.769668238e-02 3.796217528e-02 3.812778125e-02 3.833034194e-02
 3.863194945e-02 3.905741754e-02 3.963097109e-02 4.042459483e-02 4.162452496e-02
 4.353744622e-02 4.640953904e-02 5.022655007e-02 5.471448350e-02 5.953688991e-02
 6.443624320e-02 6.916152517e-02 7.332988580e-02 7.644537755e-02 7.819283712e-02
 7.868824875e-02 7.837693588e-02 7.769130453e-02 7.687784750e-02 7.604566043e-02
 7.523858895e-02 7.447287701e-02 7.375299689e-02 7.307814196e-02 7.244504017e-02
 7.184928836e-02 7.128604568e-02 7.075043046e-02 7.023782158e-02 6.974645692e-02
 1.239974656e-03 2.843277016e-03 5.164375615e-03 8.288696321e-03 1.200500483e-02
 1.320599164e-02 1.114424152e-02 8.851435962e-03 6.707855916e-03 4.726850335e-03
 3.030540415e-03 1.770444100e-03 1.057887823e-03 8.928888976e-04 1.192088081e-03
 1.865431842e-03 2.860307603e-03 4.160579326e-03 5.771439279e-03 7.707835985e-03
 9.989676987e-03 1.264258979e-02 1.570260446e-02 1.922367999e-02 2.328722771e-02
 2.800916792e-02 3.351305395e-02 3.965623991e-02 4.492081460e-02 4.734339201e-02
 4.663429519e-02 4.440817699e-02 4.245156281e-02 4.104078460e-02 4.006011063e-02
 3.935462583e-02 3.876313682e-02 3.808884421e-02 3.702504615e-02 3.493608403e-02
 3.421960509e-02 3.686866143e-02 4.325090900e-02 5.032914790e-02 5.678857888e-02
 6.332530367e-02 7.060256565e-02 7.996918563e-02 8.556211215e-02 8.639828505e-02
 8.212370917e-02 7.881005039e-02 7.665706958e-02 7.512355974e-02 7.394966868e-02
 7.299979354e-02 7.219783767e-02 7.149834387e-02 7.087260783e-02 7.030156463e-02
 6.977194622e-02 6.927401593e-02 6.880009257e-02 6.834387028e-02 6.790191385e-02
 8.560601198e-04 1.951432956e-03 3.522310850e-03 5.648306220e-03 8.290086876e-03
 8.841825236e-03 6.501083109e-03 3.929974284e-03 1.117808500e-03-2.039174044e-03
-5.145285906e-03-7.151881126e-03-7.466026324e-03-6.460521612e-03-5.113604094e-03
-3.695034224e-03-2.146879894e-03-3.770042164e-04 1.689509635e-03 4.100527258e-03
 6.882958740e-03 1.005709586e-02 1.365437426e-02 1.773746564e-02 2.242804115e-02
 2.795946001e-02 3.480556439e-02 4.410917042e-02 5.309473835e-02 5.597473563e-02
 5.244227512e-02 4.679038161e-02 4.360035139e-02 4.160710734e-02 4.028763756e-02
 3.935554756e-02 3.861569753e-02 3.790356902e-02 3.707402763e-02 3.619777411e-02
 3.648700723e-02 3.888190971e-02 4.326611605e-02 4.872177011e-02 5.428005888e-02
 5.998463252e-02 6.600438465e-02 7.199982589e-02 7.640196901e-02 7.782850079e-02
 7.644814356e-02 7.445878630e-02 7.287740678e-02 7.167762826e-02 7.074579811e-02
 6.999659115e-02 6.937178817e-02 6.883099115e-02 6.835016441e-02 6.790790052e-02
 6.749443993e-02 6.710205705e-02 6.672546097e-02 6.635262213e-02 6.597544498e-02
 4.396350698e-04 9.598735547e-04 1.606722269e-03 2.246751621e-03 2.608129657e-03
 2.318041304e-03 1.159262803e-03-8.575583136e-04-3.775911126e-03-7.944007460e-03
-1.324954871e-02-1.620007910e-02-1.622507670e-02-1.310086269e-02-1.105932166e-02
-9.490262211e-03-7.909866237e-03-6.015749184e-03-3.653484850e-03-7.995439234e-04
 2.487043643e-03 6.126314883e-03 1.005822019e-02 1.425334867e-02 1.870206481e-02
 2.338370915e-02 2.819689016e-02 3.282604519e-02 3.666091466e-02 3.911125775e-02
 4.006647093e-02 3.999482477e-02 3.950982419e-02 3.899663933e-02 3.859490932e-02
 3.834325406e-02 3.825155936e-02 3.833590668e-02 3.866445738e-02 3.936706099e-02
 4.062246900e-02 4.255897329e-02 4.516699275e-02 4.830479392e-02 5.176512789e-02
 5.534464234e-02 5.882806015e-02 6.194947244e-02 6.442301536e-02 6.606267535e-02
 6.690145814e-02 6.716163819e-02 6.709988986e-02 6.689593381e-02 6.664357443e-02
 6.638382255e-02 6.613009521e-02 6.588352894e-02 6.564034079e-02 6.539476186e-02
 6.514136230e-02 6.487735619e-02 6.461382467e-02 6.433921509e-02 6.404926989e-02
 1.378732058e-04 2.710798921e-04 3.764747575e-04 3.659763016e-04 1.276971457e-04
-4.557789740e-04-1.481458703e-03-3.008791208e-03-5.042839507e-03-7.515720326e-03
-1.008809688e-02-1.220358892e-02-1.353096278e-02-1.426692095e-02-1.486291639e-02
-1.535656219e-02-1.524411486e-02-1.388374289e-02-1.106494116e-02-7.172672008e-03
-2.809861807e-03 1.645083758e-03 6.047351787e-03 1.035246781e-02 1.453696526e-02
 1.856049445e-02 2.234614189e-02 2.577698581e-02 2.871945208e-02 3.107448687e-02
 3.282809460e-02 3.406220430e-02 3.491782860e-02 3.554284668e-02 3.605973871e-02
 3.656006736e-02 3.711352348e-02 3.777983032e-02 3.861704413e-02 3.968239046e-02
 4.102384377e-02 4.266549075e-02 4.459503395e-02 4.676098828e-02 4.907981450e-02
 5.144698642e-02 5.374733730e-02 5.586653505e-02 5.770785871e-02 5.921209098e-02
 6.036997257e-02 6.121753483e-02 6.181644936e-02 6.223181116e-02 6.251783122e-02
 6.271310890e-02 6.284180386e-02 6.291695405e-02 6.294396857e-02 6.292367721e-02
 6.285484354e-02 6.273538833e-02 6.259145774e-02 6.240762560e-02 6.217769095e-02
-1.937543533e-05-6.993437365e-05-1.885749351e-04-4.198340183e-04-8.140683634e-04
-1.420136187e-03-2.276414138e-03-3.399531695e-03-4.776855153e-03-6.372966977e-03
-8.128690046e-03-1.000495943e-02-1.205398915e-02-1.451702823e-02-1.790848018e-02
-2.330415090e-02-2.917157624e-02-2.897939024e-02-2.282227378e-02-1.363070436e-02
-6.916725849e-03-1.369070957e-03 3.497092450e-03 7.893672633e-03 1.191470272e-02
 1.559401234e-02 1.893255021e-02 2.191564156e-02 2.452747317e-02 2.676416211e-02
 2.864300709e-02 3.020475600e-02 3.150844261e-02 3.262205477e-02 3.361362864e-02
 3.454564970e-02 3.547296109e-02 3.644270039e-02 3.749446440e-02 3.865943272e-02
 3.995812534e-02 4.139749502e-02 4.296870681e-02 4.464683441e-02 4.639292433e-02
 4.815808444e-02 4.988896775e-02 5.153410022e-02 5.305036993e-02 5.440846202e-02
 5.559566888e-02 5.661506209e-02 5.748140984e-02 5.821547969e-02 5.883859533e-02
 5.936859852e-02 5.981747218e-02 6.019041370e-02 6.048618578e-02 6.069881402e-02
 6.082068478e-02 6.084610704e-02 6.080172046e-02 6.067983692e-02 6.048846557e-02
-8.041655545e-05-1.957762910e-04-3.817247244e-04-6.594774036e-04-1.051914880e-03
-1.580404213e-03-2.261632246e-03-3.103775399e-03-4.100588743e-03-5.258725421e-03
-6.579766880e-03-8.081454383e-03-9.815764518e-03-1.188978381e-02-1.441481193e-02
-1.726419780e-02-1.930029098e-02-1.875899745e-02-1.532821419e-02-1.023912623e-02
-5.091523720e-03-3.164896138e-04 4.066216848e-03 8.078117868e-03 1.172632187e-02
 1.500847108e-02 1.792641582e-02 2.049449906e-02 2.273972204e-02 2.469737642e-02
 2.640674814e-02 2.790873138e-02 2.924471213e-02 3.045565520e-02 3.158099946e-02
 3.265750603e-02 3.371827018e-02 3.479192514e-02 3.590191396e-02 3.706570293e-02
 3.829393942e-02 3.958972661e-02 4.094829674e-02 4.235735013e-02 4.379819999e-02
 4.524768824e-02 4.668068166e-02 4.807284196e-02 4.940327745e-02 5.065664264e-02
 5.182430269e-02 5.290435674e-02 5.390057151e-02 5.482048900e-02 5.567302599e-02
 5.646575459e-02 5.720183412e-02 5.787646460e-02 5.847317004e-02 5.896192337e-02
 5.930408252e-02 5.946931492e-02 5.945612143e-02 5.930899008e-02 5.906686358e-02
-9.034993284e-05-2.109709087e-04-3.910543600e-04-6.397575312e-04-9.665191753e-04
-1.379606584e-03-1.884775049e-03-2.482448199e-03-3.164473275e-03-3.932625391e-03
-4.778556457e-03-5.682483107e-03-6.620432194e-03-7.543533760e-03-8.341128004e-03
-8.813522763e-03-8.683203858e-03-7.699761897e-03-5.783193529e-03-3.067808817e-03
 1.911921713e-04 3.740157124e-03 7.369277067e-03 1.089013846e-02 1.412117699e-02
 1.692312579e-02 1.925370352e-02 2.117337637e-02 2.279120107e-02 2.420683113e-02
 2.548885257e-02 2.667962480e-02 2.780614751e-02 2.888807872e-02 2.994196461e-02
 3.098290728e-02 3.202485139e-02 3.308023184e-02 3.415938113e-02 3.526990203e-02
 3.641612777e-02 3.759876495e-02 3.881480423e-02 4.005776233e-02 4.131827875e-02
 4.258503780e-02 4.384593143e-02 4.508933420e-02 4.630533650e-02 4.748678396e-02
 4.863000334e-02 4.973515417e-02 5.080621156e-02 5.185062952e-02 5.287871096e-02
 5.390255672e-02 5.493403235e-02 5.598008178e-02 5.703087326e-02 5.802955080e-02
 5.881282169e-02 5.913554508e-02 5.895759444e-02 5.850134997e-02 5.794546372e-02
-7.657854479e-05-1.758032995e-04-3.187582000e-04-5.082129477e-04-7.464227105e-04
-1.034293888e-03-1.370448281e-03-1.748166610e-03-2.154691320e-03-2.581554933e-03
-3.008433359e-03-3.402198885e-03-3.725628431e-03-3.922497417e-03-3.915565330e-03
-3.610631643e-03-2.908687724e-03-1.726294361e-03-1.464536382e-05 2.235313823e-03
 5.006061594e-03 8.272247146e-03 1.199413646e-02 1.600558975e-02 1.965184088e-02
 2.208113687e-02 2.317996369e-02 2.362531953e-02 2.402478454e-02 2.454791242e-02
 2.519711347e-02 2.594215035e-02 2.675519381e-02 2.761670245e-02 2.851462923e-02
 2.944247717e-02 3.039744293e-02 3.137887588e-02 3.238705556e-02 3.342225406e-02
 3.448405606e-02 3.557092135e-02 3.667998190e-02 3.780706573e-02 3.894693101e-02
 4.009368084e-02 4.124131437e-02 4.238435942e-02 4.351852916e-02 4.464135527e-02
 4.575277281e-02 4.685567049e-02 4.795647465e-02 4.906591276e-02 5.020022545e-02
 5.138332308e-02 5.265086644e-02 5.405840017e-02 5.569887270e-02 5.775259182e-02
 6.059490218e-02 6.142543471e-02 5.944348353e-02 5.784252298e-02 5.669799618e-02
-5.406452693e-05-1.227383482e-04-2.191641161e-04-3.428280766e-04-4.922717288e-04
-6.645399145e-04-8.546391608e-04-1.054547906e-03-1.240818685e-03-1.410602268e-03
-1.536538285e-03-1.588774235e-03-1.541790160e-03-1.354260888e-03-9.780173647e-04
-3.612481325e-04 5.473744599e-04 1.795705284e-03 3.427199976e-03 5.484951862e-03
 8.026603718e-03 1.115784630e-02 1.509916495e-02 2.043872873e-02 2.608788436e-02
 2.847569960e-02 2.756032697e-02 2.525338031e-02 2.445091122e-02 2.431946177e-02
 2.455162671e-02 2.500553142e-02 2.560450393e-02 2.630336378e-02 2.707420042e-02
 2.789934634e-02 2.876746438e-02 2.967115877e-02 3.060541704e-02 3.156655545e-02
 3.255150233e-02 3.355733111e-02 3.458099263e-02 3.561921474e-02 3.666854382e-02
 3.772550365e-02 3.878684558e-02 3.984986339e-02 4.091274875e-02 4.197497074e-02
 4.303767646e-02 4.410413063e-02 4.518024338e-02 4.627528107e-02 4.740292721e-02
 4.858297996e-02 4.984417355e-02 5.122891985e-02 5.280106589e-02 5.465252830e-02
 5.736968305e-02 5.811836605e-02 5.650164015e-02 5.515342376e-02 5.415883267e-02
-3.054593110e-05-6.850112953e-05-1.201791579e-04-1.836742375e-04-2.560900256e-04
-3.332121037e-04-4.090009187e-04-4.725660122e-04-5.058124772e-04-4.963247913e-04
-4.253191556e-04-2.754954796e-04-2.981588278e-05 3.377150831e-04 8.668494634e-04
 1.598377846e-03 2.541680521e-03 3.723401555e-03 5.168835410e-03 6.898769918e-03
 8.928128247e-03 1.125935228e-02 1.384492680e-02 1.651831881e-02 1.891404488e-02
 2.063551220e-02 2.157684317e-02 2.199534293e-02 2.225820072e-02 2.256561167e-02
 2.297440482e-02 2.348553107e-02 2.408477405e-02 2.475629139e-02 2.548640625e-02
 2.626424609e-02 2.708142812e-02 2.793151625e-02 2.880949186e-02 2.971131541e-02
 3.063358777e-02 3.157329860e-02 3.252765584e-02 3.349399526e-02 3.446976545e-02
 3.545257752e-02 3.644030565e-02 3.743122275e-02 3.842415526e-02 3.941864109e-02
 4.041507454e-02 4.141481861e-02 4.242025421e-02 4.343470592e-02 4.446211236e-02
 4.550614245e-02 4.656808502e-02 4.764203657e-02 4.870443990e-02 4.969414576e-02
 5.049133402e-02 5.095216762e-02 5.103654698e-02 5.085489533e-02 5.054749307e-02
-9.608045350e-06-2.071431171e-05-3.418323307e-05-4.776108076e-05-5.839564556e-05
-6.220354773e-05-5.455921531e-05-2.826689027e-05 3.631337929e-05 1.729239065e-04
 3.664740289e-04 6.270157350e-04 9.699981643e-04 1.408194185e-03 1.994193068e-03
 2.721680488e-03 3.598825502e-03 4.636466291e-03 5.840787868e-03 7.210045007e-03
 8.730702645e-03 1.037146489e-02 1.207549798e-02 1.375944596e-02 1.532593855e-02
 1.669356972e-02 1.782960435e-02 1.875922146e-02 1.954394806e-02 2.024946118e-02
 2.092578325e-02 2.160383160e-02 2.229987972e-02 2.302102554e-02 2.376929123e-02
 2.454410128e-02 2.534368799e-02 2.616574360e-02 2.700767600e-02 2.786690336e-02
 2.874106667e-02 2.962801130e-02 3.052568490e-02 3.143209859e-02 3.234534077e-02
 3.326357691e-02 3.418511391e-02 3.510842223e-02 3.603217902e-02 3.695528790e-02
 3.787682824e-02 3.879598041e-02 3.971178467e-02 4.062276121e-02 4.152624630e-02
 4.241734668e-02 4.328741123e-02 4.412200587e-02 4.489901631e-02 4.558848460e-02
 4.615700478e-02 4.657814342e-02 4.684393574e-02 4.696780424e-02 4.697918066e-02
 7.443674316e-06 1.799687293e-05 3.496877704e-05 6.059890155e-05 9.784864212e-05
 1.504427551e-04 2.228986326e-04 3.200129803e-04 4.588620055e-04 6.511304576e-04
 9.059173042e-04 1.215662498e-03 1.607590634e-03 2.079004901e-03 2.643556165e-03
 3.316725273e-03 4.086117709e-03 4.979119111e-03 5.969263147e-03 7.059784171e-03
 8.237678852e-03 9.464523925e-03 1.073948575e-02 1.199527236e-02 1.321618827e-02
 1.436655196e-02 1.542023976e-02 1.640354808e-02 1.729375585e-02 1.813797755e-02
 1.893782436e-02 1.970887821e-02 2.048514988e-02 2.124297865e-02 2.202545570e-02
 2.280662505e-02 2.359779059e-02 2.441196266e-02 2.522221663e-02 2.605842237e-02
 2.689095942e-02 2.773445970e-02 2.858794898e-02 2.943400886e-02 3.030195228e-02
 3.115706980e-02 3.202135116e-02 3.288378125e-02 3.373445058e-02 3.459753597e-02
 3.543814248e-02 3.628439663e-02 3.711434103e-02 3.792554745e-02 3.873165600e-02
 3.949796654e-02 4.024711483e-02 4.094823136e-02 4.159039571e-02 4.218057532e-02
 4.267698119e-02 4.310164778e-02 4.343211537e-02 4.367023064e-02 4.384490823e-02
 0.173581484E+01 0.175306783E+01 0.176811255E+01 0.178345224E+01 0.179894838E+01
 0.181456421E+01 0.183041001E+01 0.184649400E+01 0.186289408E+01 0.187968571E+01
 0.189691384E+01 0.191464117E+01 0.193292639E+01 0.195183346E+01 0.197142888E+01
 0.199176872E+01 0.201289971E+01 0.203488552E+01 0.205781747E+01 0.208175421E+01
 0.210675039E+01 0.213286138E+01 0.216017653E+01 0.218880242E+01 0.221881792E+01
 0.225029929E+01 0.228332694E+01 0.231799928E+01 0.235446494E+01 0.239285512E+01
 0.243329455E+01 0.247591327E+01 0.252085089E+01 0.256828122E+01 0.261843264E+01
 0.267152556E+01 0.272778886E+01 0.278747164E+01 0.285085168E+01 0.291824809E+01
 0.299005243E+01 0.306669356E+01 0.314864414E+01 0.323643375E+01 0.333065663E+01
 0.343200455E+01 0.354131105E+01 0.365952454E+01 0.378773916E+01 0.392725467E+01
 0.407961838E+01 0.424666203E+01 0.443062085E+01 0.463426910E+01 0.486107335E+01
 0.511544582E+01 0.540312334E+01 0.573155871E+01 0.611089516E+01 0.655586235E+01
 0.708928191E+01 0.775019554E+01 0.861527592E+01 0.989010757E+01 0.163072010E+02
  361   98
 0.573436336E+00 0.119631469E+01 0.566895517E+00 0.118231127E+01 0.560346885E+00
 0.116831151E+01 0.553807737E+00 0.115430732E+01 0.547285943E+00 0.114029503E+01
 0.540786360E+00 0.112627243E+01 0.534315356E+00 0.111223662E+01 0.527881632E+00
 0.109818369E+01 0.521495359E+00 0.108410913E+01 0.515165165E+00 0.107000926E+01
 0.508897616E+00 0.105588144E+01 0.502699161E+00 0.104172316E+01 0.496575947E+00
 0.102753219E+01 0.490533580E+00 0.101330661E+01 0.484576368E+00 0.999045161E+00
 0.478707614E+00 0.984747084E+00 0.472931016E+00 0.970411529E+00 0.467249918E+00
 0.956037862E+00 0.461666949E+00 0.941625797E+00 0.456183591E+00 0.927175540E+00
 0.450800291E+00 0.912687710E+00 0.445518281E+00 0.898162646E+00 0.440339926E+00
 0.883600307E+00 0.435267418E+00 0.869000762E+00 0.430301387E+00 0.854364656E+00
 0.425440880E+00 0.839693168E+00 0.420684500E+00 0.824987593E+00 0.416032840E+00
 0.810248559E+00 0.411488931E+00 0.795475952E+00 0.407055471E+00 0.780669824E+00
 0.402733747E+00 0.765830697E+00 0.398523632E+00 0.750959519E+00 0.394423969E+00
 0.736057513E+00 0.390433845E+00 0.721125803E+00 0.386553942E+00 0.706165076E+00
 0.382785719E+00 0.691175830E+00 0.379130466E+00 0.676158636E+00 0.375587638E+00
 0.661114522E+00 0.372155450E+00 0.646044780E+00 0.368831732E+00 0.630950742E+00
 0.365614119E+00 0.615833728E+00 0.362500485E+00 0.600694956E+00 0.359489600E+00
 0.585535413E+00 0.356580909E+00 0.570355931E+00 0.353774251E+00 0.555157252E+00
 0.351069559E+00 0.539940096E+00 0.348465748E+00 0.524705354E+00 0.345961142E+00
 0.509453987E+00 0.343554172E+00 0.494186907E+00 0.341243336E+00 0.478904979E+00
 0.339026635E+00 0.463609112E+00 0.336900800E+00 0.448300350E+00 0.334862643E+00
 0.432979668E+00 0.332909492E+00 0.417647915E+00 0.331039485E+00 0.402305800E+00
 0.329252214E+00 0.386953826E+00 0.327547630E+00 0.371592451E+00 0.325925255E+00
 0.356222176E+00 0.324384134E+00 0.340843541E+00 0.322922780E+00 0.325457121E+00
 0.321539465E+00 0.310063488E+00 0.320232886E+00 0.294663151E+00 0.319002173E+00
 0.279256566E+00 0.317846721E+00 0.263844153E+00 0.316765522E+00 0.248426353E+00
 0.315757311E+00 0.233003608E+00 0.314820888E+00 0.217576337E+00 0.313955133E+00
 0.202144939E+00 0.313158776E+00 0.186709804E+00 0.312430202E+00 0.171271319E+00
 0.311767918E+00 0.155829849E+00 0.311170627E+00 0.140385728E+00 0.310637341E+00
 0.124939264E+00 0.310167995E+00 0.109490725E+00 0.309762906E+00 0.940403680E-01
 0.309422419E+00 0.785884523E-01 0.309146897E+00 0.631352417E-01 0.308936072E+00
 0.476810128E-01 0.308788833E+00 0.322260469E-01 0.308704183E+00 0.167706113E-01
 0.308681285E+00 0.131496062E-02 0.308719519E+00-0.141406598E-01 0.308818874E+00
-0.295960082E-01 0.308979599E+00-0.450508401E-01 0.309202046E+00-0.605049067E-01
 0.309486695E+00-0.759579526E-01 0.309834168E+00-0.914097134E-01 0.310245244E+00
-0.106859913E+00 0.310720869E+00-0.122308259E+00 0.311262152E+00-0.137754444E+00
 0.311870115E+00-0.153198148E+00 0.312544965E+00-0.168639074E+00 0.313286741E+00
-0.184076929E+00 0.314095565E+00-0.199511417E+00 0.314971738E+00-0.214942228E+00
 0.315916462E+00-0.230368993E+00 0.316931730E+00-0.245791276E+00 0.318019682E+00
-0.261208600E+00 0.319182493E+00-0.276620459E+00 0.320421926E+00-0.292026345E+00
 0.321738735E+00-0.307425810E+00 0.323133676E+00-0.322818393E+00 0.324607778E+00
-0.338203597E+00 0.326162348E+00-0.353580878E+00 0.327798205E+00-0.368949724E+00
 0.329515759E+00-0.384309654E+00 0.331315539E+00-0.399660167E+00 0.333198216E+00
-0.415000733E+00 0.335165066E+00-0.430330733E+00 0.337218535E+00-0.445649370E+00
 0.339361278E+00-0.460955774E+00 0.341596065E+00-0.476249009E+00 0.343925764E+00
-0.491528072E+00 0.346352475E+00-0.506792026E+00 0.348877918E+00-0.522039956E+00
 0.351503934E+00-0.537270886E+00 0.354232357E+00-0.552483803E+00 0.357064516E+00
-0.567677750E+00 0.360000703E+00-0.582851937E+00 0.363041295E+00-0.598005548E+00
 0.366187191E+00-0.613137648E+00 0.369440064E+00-0.628247111E+00 0.372802215E+00
-0.643332634E+00 0.376276019E+00-0.658392835E+00 0.379863537E+00-0.673426354E+00
 0.383566297E+00-0.688431903E+00 0.387384874E+00-0.703408398E+00 0.391318431E+00
-0.718355106E+00 0.395366249E+00-0.733271276E+00 0.399528867E+00-0.748155816E+00
 0.403808325E+00-0.763007184E+00 0.408206452E+00-0.777823841E+00 0.412723311E+00
-0.792604736E+00 0.417357346E+00-0.807349315E+00 0.422105672E+00-0.822057489E+00
 0.426965524E+00-0.836729190E+00 0.431938052E+00-0.851363085E+00 0.437026662E+00
-0.865957019E+00 0.442233847E+00-0.880509065E+00 0.447560016E+00-0.895017985E+00
 0.453003940E+00-0.909483134E+00 0.458565640E+00-0.923903408E+00 0.464248092E+00
-0.938276525E+00 0.470054829E+00-0.952599879E+00 0.475987993E+00-0.966871326E+00
 0.482049125E+00-0.981088895E+00 0.488241994E+00-0.995249574E+00 0.494574027E+00
-0.100934857E+01 0.501054807E+00-0.102337980E+01 0.507694781E+00-0.103733639E+01
 0.514508350E+00-0.105120904E+01 0.521520773E+00-0.106498220E+01 0.528773715E+00
-0.107863015E+01 0.536328691E+00-0.109211311E+01 0.544278995E+00-0.110536648E+01
 0.552783442E+00-0.111827037E+01 0.562134304E+00-0.113057193E+01 0.572829818E+00
-0.114171491E+01 0.585487385E+00-0.115053204E+01 0.600075603E+00-0.115549363E+01
 0.615473742E+00-0.115647535E+01 0.630832391E+00-0.115482538E+01 0.645966719E+00
-0.115170362E+01 0.660906097E+00-0.114774596E+01 0.675701626E+00-0.114327854E+01
 0.690392092E+00-0.113847621E+01 0.705002579E+00-0.113343554E+01 0.719549034E+00
-0.112821285E+01 0.734041142E+00-0.112284114E+01 0.748484292E+00-0.111733913E+01
 0.762880985E+00-0.111171667E+01 0.777233698E+00-0.110598285E+01 0.791545909E+00
-0.110014866E+01 0.805814965E+00-0.109420973E+01 0.820029372E+00-0.108814121E+01
 0.834175455E+00-0.108191515E+01 0.848239446E+00-0.107550586E+01 0.862207319E+00
-0.106888978E+01 0.876066291E+00-0.106204856E+01 0.889805013E+00-0.105496898E+01
 0.903415394E+00-0.104764570E+01 0.916892548E+00-0.104008004E+01 0.930236147E+00
-0.103228122E+01 0.943446541E+00-0.102425882E+01 0.956510634E+00-0.101600039E+01
 0.969404398E+00-0.100747855E+01 0.982108120E+00-0.998675953E+00 0.994611810E+00
-0.989591457E+00 0.100691238E+01-0.980233741E+00 0.101902045E+01-0.970628157E+00
 0.103095912E+01-0.960812750E+00 0.104273986E+01-0.950808348E+00 0.105434127E+01
-0.940596585E+00 0.106573899E+01-0.930157999E+00 0.107692506E+01-0.919492901E+00
 0.108791084E+01-0.908621555E+00 0.109871539E+01-0.897570027E+00 0.110934965E+01
-0.886354533E+00 0.111980524E+01-0.874972324E+00 0.113006268E+01-0.863411259E+00
 0.114010778E+01-0.851665241E+00 0.114994140E+01-0.839741594E+00 0.115957433E+01
-0.827655205E+00 0.116900793E+01-0.815412619E+00 0.117822327E+01-0.803004955E+00
 0.118719357E+01-0.790419043E+00 0.119590154E+01-0.777650229E+00 0.120434836E+01
-0.764707159E+00 0.121254486E+01-0.751604107E+00 0.122048525E+01-0.738344337E+00
 0.122813677E+01-0.724915858E+00 0.123547619E+01-0.711314311E+00 0.124249899E+01
-0.697546597E+00 0.124920815E+01-0.683623350E+00 0.125559524E+01-0.669549470E+00
 0.126164912E+01-0.655329081E+00 0.126737014E+01-0.640971530E+00 0.127277054E+01
-0.626490301E+00 0.127786581E+01-0.611898893E+00 0.128266288E+01-0.597206740E+00
 0.128716640E+01-0.582421954E+00 0.129138755E+01-0.567554064E+00 0.129534521E+01
-0.552613845E+00 0.129906436E+01-0.537612442E+00 0.130257444E+01-0.522560714E+00
 0.130590340E+01-0.507467872E+00 0.130907570E+01-0.492341310E+00 0.131211457E+01
-0.477187363E+00 0.131504262E+01-0.462011602E+00 0.131788208E+01-0.446819005E+00
 0.132065611E+01-0.431614320E+00 0.132338905E+01-0.416402189E+00 0.132610584E+01
-0.401187165E+00 0.132882732E+01-0.385972978E+00 0.133157206E+01-0.370762973E+00
 0.133435872E+01-0.355560596E+00 0.133720511E+01-0.340369295E+00 0.134011984E+01
-0.325190956E+00 0.134309400E+01-0.310024148E+00 0.134611644E+01-0.294866883E+00
 0.134917639E+01-0.279717146E+00 0.135226399E+01-0.264573018E+00 0.135537130E+01
-0.249432919E+00 0.135849101E+01-0.234295372E+00 0.136161429E+01-0.219158561E+00
 0.136472872E+01-0.204019928E+00 0.136781293E+01-0.188875113E+00 0.137083269E+01
-0.173717327E+00 0.137374896E+01-0.158539310E+00 0.137652040E+01-0.143334211E+00
 0.137910504E+01-0.128096281E+00 0.138147155E+01-0.112822979E+00 0.138359608E+01
-0.975141684E-01 0.138545369E+01-0.821707133E-01 0.138701856E+01-0.667946777E-01
 0.138826735E+01-0.513897761E-01 0.138918513E+01-0.359616345E-01 0.138976021E+01
-0.205169372E-01 0.138998326E+01-0.506315940E-02 0.138984831E+01 0.103916342E-01
 0.138935895E+01 0.258392824E-01 0.138852580E+01 0.412722250E-01 0.138736192E+01
 0.566837758E-01 0.138588235E+01 0.720682512E-01 0.138410682E+01 0.874214180E-01
 0.138206234E+01 0.102741122E+00 0.137977577E+01 0.118026599E+00 0.137727250E+01
 0.133278108E+00 0.137457761E+01 0.148496953E+00 0.137172807E+01 0.163687634E+00
 0.136876672E+01 0.178856936E+00 0.136573445E+01 0.194012235E+00 0.136266899E+01
 0.209160861E+00 0.135959930E+01 0.224308631E+00 0.135653948E+01 0.239458396E+00
 0.135349790E+01 0.254611834E+00 0.135048067E+01 0.269770140E+00 0.134749342E+01
 0.284934379E+00 0.134454277E+01 0.300105782E+00 0.134163670E+01 0.315285786E+00
 0.133878408E+01 0.330475922E+00 0.133599414E+01 0.345677693E+00 0.133326933E+01
 0.360891276E+00 0.133059365E+01 0.376113580E+00 0.132794691E+01 0.391340946E+00
 0.132530863E+01 0.406569781E+00 0.132265820E+01 0.421796504E+00 0.131997128E+01
 0.437016826E+00 0.131722128E+01 0.452225871E+00 0.131438241E+01 0.467418565E+00
 0.131142975E+01 0.482589543E+00 0.130833941E+01 0.497733060E+00 0.130508836E+01
 0.512842874E+00 0.130165368E+01 0.527911984E+00 0.129801065E+01 0.542932058E+00
 0.129413073E+01 0.557892654E+00 0.128998582E+01 0.572781974E+00 0.128555339E+01
 0.587588217E+00 0.128081836E+01 0.602300463E+00 0.127577435E+01 0.616909655E+00
 0.127041986E+01 0.631407924E+00 0.126474599E+01 0.645784175E+00 0.125873853E+01
 0.660024228E+00 0.125239226E+01 0.674116549E+00 0.124571670E+01 0.688055928E+00
 0.123872955E+01 0.701841782E+00 0.123143521E+01 0.715467576E+00 0.122383125E+01
 0.728923041E+00 0.121592937E+01 0.742205769E+00 0.120775968E+01 0.755325543E+00
 0.119934881E+01 0.768292033E+00 0.119069653E+01 0.781098689E+00 0.118179739E+01
 0.793735036E+00 0.117265770E+01 0.806198534E+00 0.116330041E+01 0.818499547E+00
 0.115375435E+01 0.830654690E+00 0.114403546E+01 0.842672093E+00 0.113413315E+01
 0.854538781E+00 0.112403291E+01 0.866237448E+00 0.111373391E+01 0.877761533E+00
 0.110325221E+01 0.889119729E+00 0.109260791E+01 0.900325707E+00 0.108180532E+01
 0.911379165E+00 0.107082494E+01 0.922255972E+00 0.105964452E+01 0.932926999E+00
 0.104825605E+01 0.943375696E+00 0.103667395E+01 0.953609384E+00 0.102492241E+01
 0.963648095E+00 0.101301084E+01 0.973496344E+00 0.100092100E+01 0.983124848E+00
 0.988634834E+00 0.992501471E+00 0.976147543E+00 0.100160851E+01 0.963462992E+00
 0.101043873E+01 0.950594663E+00 0.101899897E+01 0.937565558E+00 0.102731254E+01
 0.924397898E+00 0.103540491E+01 0.911098153E+00 0.104327830E+01 0.897665355E+00
 0.105092245E+01 0.884102082E+00 0.105833263E+01 0.870414688E+00 0.106551099E+01
 0.856613709E+00 0.107246851E+01 0.842712592E+00 0.107922379E+01 0.828726736E+00
 0.108580190E+01 0.814673042E+00 0.109223387E+01 0.800567825E+00 0.109855210E+01
 0.786425206E+00 0.110478619E+01 0.772254567E+00 0.111095633E+01 0.758058966E+00
 0.111706882E+01 0.743839754E+00 0.112312619E+01 0.729601466E+00 0.112913859E+01
 0.715349068E+00 0.113511747E+01 0.701088211E+00 0.114107615E+01 0.686824368E+00
 0.114702768E+01 0.672563886E+00 0.115298726E+01 0.658313139E+00 0.115897007E+01
 0.644080092E+00 0.116499486E+01 0.629875243E+00 0.117108581E+01 0.615706897E+00
 0.117726119E+01 0.601576993E+00 0.118352403E+01 0.587484062E+00 0.118986963E+01
 0.573436336E+00 0.119631469E+01
 0.156441580E+01 0.156423520E+01 0.173298350E+01 0.167901950E+01 0.134847970E+01
 0.206041340E+01 0.108819530E+01 0.205946000E+01 0.902253030E+00 0.187565310E+01
 0.903668760E+00 0.187424170E+01 0.533866470E+00 0.150285580E+01 0.538010660E+00
 0.149874330E+01 0.332797140E+00 0.129708960E+01 0.332797140E+00 0.109400000E+01
 0.334795920E+00 0.109400000E+01 0.303115250E+00 0.847500000E+00 0.305114030E+00
 0.847500000E+00 0.269135950E+00 0.565000000E+00 0.271134730E+00 0.565000000E+00
 0.260841000E+00 0.495257700E+00 0.260841000E+00-0.507257700E+00 0.271134730E+00
-0.576999960E+00 0.269135950E+00-0.576999960E+00 0.305114030E+00-0.859500000E+00
 0.303115250E+00-0.859500000E+00 0.334795920E+00-0.110600010E+01 0.332797140E+00
-0.110600010E+01 0.332797140E+00-0.130908970E+01 0.538598100E+00-0.150990190E+01
 0.534468950E+00-0.151402960E+01 0.905629600E+00-0.188405800E+01 0.904219000E+00
-0.188547470E+01 0.108819530E+01-0.206614000E+01 0.134847970E+01-0.206518650E+01
 0.173017910E+01-0.168098580E+01 0.156441580E+01-0.156883530E+01 0.137999130E+01
-0.157688300E+01 0.137989190E+01-0.157672700E+01 0.119622210E+01-0.158474990E+01
 0.119631650E+01-0.158489800E+01 0.105537410E+01-0.159104840E+01 0.105528350E+01
-0.159090630E+01 0.947502500E+00-0.159561420E+01 0.905686400E+00-0.159556230E+01
 0.899143000E+00-0.159478470E+01 0.883387860E+00-0.159026430E+01 0.867681200E+00
-0.158087360E+01 0.851322350E+00-0.156766880E+01 0.833481900E+00-0.154624210E+01
 0.826062560E+00-0.152875240E+01 0.822677700E+00-0.151516830E+01 0.821022750E+00
-0.149624060E+01 0.820691350E+00-0.147724350E+01 0.822887360E+00-0.144582030E+01
 0.827573000E+00-0.141923050E+01 0.839194600E+00-0.138728100E+01 0.855244300E+00
-0.135284130E+01 0.877566500E+00-0.132209860E+01 0.899473500E+00-0.130017830E+01
 0.118567730E+01-0.101380000E+01 0.127900000E+01-0.842300000E+00 0.129600000E+01
-0.820200000E+00 0.143300000E+01-0.820200000E+00 0.143300000E+01-0.711000000E+00
 0.149000000E+01-0.491000000E+00 0.146000000E+01-0.491000000E+00 0.146000000E+01
-0.233000000E+00 0.166100000E+01-0.233000000E+00 0.166100000E+01 0.226000000E+00
 0.146000000E+01 0.226000000E+00 0.146000000E+01 0.481000000E+00 0.149300000E+01
 0.481000000E+00 0.147400000E+01 0.554000000E+00 0.143300000E+01 0.711000000E+00
 0.143300000E+01 0.815600000E+00 0.129600000E+01 0.815600000E+00 0.127900000E+01
 0.837699950E+00 0.118567730E+01 0.100920000E+01 0.899473500E+00 0.129557820E+01
 0.877566500E+00 0.131749860E+01 0.855244300E+00 0.134824120E+01 0.839194600E+00
 0.138268090E+01 0.827573000E+00 0.141463040E+01 0.822887360E+00 0.144122030E+01
 0.820691350E+00 0.147264350E+01 0.821022750E+00 0.149164060E+01 0.822677700E+00
 0.151056830E+01 0.826062560E+00 0.152415240E+01 0.833481900E+00 0.154164210E+01
 0.851322350E+00 0.156306870E+01 0.867681200E+00 0.157627360E+01 0.883387860E+00
 0.158566430E+01 0.899143000E+00 0.159018470E+01 0.905686400E+00 0.159096230E+01
 0.947502500E+00 0.159101410E+01 0.105528350E+01 0.158630620E+01 0.105537410E+01
 0.158644830E+01 0.119631650E+01 0.158029800E+01 0.119622210E+01 0.158014990E+01
 0.137989190E+01 0.157212700E+01 0.137999130E+01 0.157228290E+01 0.156441580E+01
 0.156423520E+01
    0

