EFIT++      MAST # 47051 # 700ms                   0  65  65
 0.194000000E+01 0.440000000E+01 0.800000000E+00 0.600000000E-01 0.000000000E+00
 0.981356960E+00 0.815125870E-03-0.643965430E-01 0.526521809E-02-0.653507212E+00
 0.743664167E+06-0.643965430E-01 0.000000000E+00 0.981356960E+00 0.000000000E+00
 0.815125870E-03 0.000000000E+00 0.526521809E-02 0.000000000E+00 0.000000000E+00
-0.541455047E+00-0.541102772E+00-0.540745597E+00-0.540383841E+00-0.540017821E+00
-0.539647858E+00-0.539274270E+00-0.538897379E+00-0.538517506E+00-0.538134974E+00
-0.537750105E+00-0.537363225E+00-0.536974657E+00-0.536584729E+00-0.536193767E+00
-0.535802099E+00-0.535410053E+00-0.535017960E+00-0.534626151E+00-0.534234957E+00
-0.533844710E+00-0.533455745E+00-0.533068397E+00-0.532683000E+00-0.532299891E+00
-0.531919409E+00-0.531541890E+00-0.531167676E+00-0.530797105E+00-0.530430520E+00
-0.530068261E+00-0.529710672E+00-0.529358097E+00-0.529010880E+00-0.528669366E+00
-0.528333902E+00-0.528004832E+00-0.527682506E+00-0.527367270E+00-0.527059473E+00
-0.526759463E+00-0.526467591E+00-0.526184206E+00-0.525909657E+00-0.525644296E+00
-0.525388473E+00-0.525142539E+00-0.524906844E+00-0.524681740E+00-0.524467577E+00
-0.524264707E+00-0.524073480E+00-0.523894246E+00-0.523727356E+00-0.523573158E+00
-0.523432004E+00-0.523304240E+00-0.523190215E+00-0.523090276E+00-0.523004769E+00
-0.522934040E+00-0.522878433E+00-0.522838291E+00-0.522813957E+00-0.522805770E+00
 0.254459676E+05 0.248524903E+05 0.242591238E+05 0.236661636E+05 0.230739053E+05
 0.224826444E+05 0.218926765E+05 0.213042971E+05 0.207178017E+05 0.201334858E+05
 0.195516450E+05 0.189725749E+05 0.183965709E+05 0.178239286E+05 0.172549436E+05
 0.166899113E+05 0.161291273E+05 0.155728872E+05 0.150214864E+05 0.144752206E+05
 0.139343852E+05 0.133992757E+05 0.128701878E+05 0.123474170E+05 0.118312587E+05
 0.113220086E+05 0.108199621E+05 0.103254149E+05 0.983866231E+04 0.936000003E+04
 0.888972355E+04 0.842812842E+04 0.797551015E+04 0.753216430E+04 0.709838639E+04
 0.667447196E+04 0.626071655E+04 0.585741569E+04 0.546486492E+04 0.508335977E+04
 0.471319578E+04 0.435466848E+04 0.400807341E+04 0.367370611E+04 0.335186211E+04
 0.304283694E+04 0.274692615E+04 0.246442526E+04 0.219562982E+04 0.194083536E+04
 0.170033741E+04 0.147443150E+04 0.126341319E+04 0.106757799E+04 0.887221456E+03
 0.722639109E+03 0.574126491E+03 0.441979135E+03 0.326492578E+03 0.227962355E+03
 0.146684002E+03 0.829530545E+02 0.370650479E+02 0.931551791E+01 0.000000000E+00
-0.173967759E+00-0.176368914E+00-0.178607549E+00-0.180683663E+00-0.182597256E+00
-0.184348329E+00-0.185936881E+00-0.187362912E+00-0.188626422E+00-0.189727412E+00
-0.190665881E+00-0.191441830E+00-0.192055258E+00-0.192506165E+00-0.192794551E+00
-0.192920417E+00-0.192883762E+00-0.192684586E+00-0.192322890E+00-0.191798673E+00
-0.191111935E+00-0.190262677E+00-0.189250898E+00-0.188076598E+00-0.186739778E+00
-0.185240437E+00-0.183578575E+00-0.181754193E+00-0.179767289E+00-0.177617866E+00
-0.175305921E+00-0.172831456E+00-0.170194470E+00-0.167394963E+00-0.164432936E+00
-0.161308388E+00-0.158021320E+00-0.154571730E+00-0.150959620E+00-0.147184990E+00
-0.143247838E+00-0.139148166E+00-0.134885973E+00-0.130461260E+00-0.125874026E+00
-0.121124271E+00-0.116211996E+00-0.111137199E+00-0.105899883E+00-0.100500045E+00
-0.949376869E-01-0.892128080E-01-0.833254084E-01-0.772754881E-01-0.710630472E-01
-0.646880856E-01-0.581506032E-01-0.514506002E-01-0.445880765E-01-0.375630322E-01
-0.303754671E-01-0.230253813E-01-0.155127749E-01-0.783764780E-02 0.000000000E+00
-0.545202827E+06-0.545236784E+06-0.544999225E+06-0.544490150E+06-0.543709560E+06
-0.542657453E+06-0.541333830E+06-0.539738692E+06-0.537872038E+06-0.535733867E+06
-0.533324181E+06-0.530642979E+06-0.527690261E+06-0.524466027E+06-0.520970277E+06
-0.517203012E+06-0.513164230E+06-0.508853932E+06-0.504272119E+06-0.499418790E+06
-0.494293944E+06-0.488897583E+06-0.483229706E+06-0.477290313E+06-0.471079404E+06
-0.464596979E+06-0.457843038E+06-0.450817582E+06-0.443520609E+06-0.435952121E+06
-0.428112116E+06-0.420000596E+06-0.411617560E+06-0.402963008E+06-0.394036940E+06
-0.384839356E+06-0.375370256E+06-0.365629640E+06-0.355617508E+06-0.345333861E+06
-0.334778697E+06-0.323952018E+06-0.312853822E+06-0.301484111E+06-0.289842884E+06
-0.277930141E+06-0.265745882E+06-0.253290107E+06-0.240562816E+06-0.227564010E+06
-0.214293687E+06-0.200751849E+06-0.186938494E+06-0.172853624E+06-0.158497238E+06
-0.143869335E+06-0.128969917E+06-0.113798983E+06-0.983565335E+05-0.826425677E+05
-0.666570860E+05-0.504000883E+05-0.338715748E+05-0.170715454E+05 0.000000000E+00
-2.917579933e-05-6.459925000e-05-1.114586963e-04-1.668418610e-04-2.269659388e-04
-2.872176871e-04-3.423591820e-04-3.874182730e-04-4.082040664e-04-3.774348110e-04
-3.043301978e-04-1.791923281e-04 1.526086489e-05 2.873581484e-04 6.493957620e-04
 1.113913597e-03 1.682329539e-03 2.366615838e-03 3.159283935e-03 4.058161306e-03
 5.051137593e-03 6.110848929e-03 7.218371430e-03 8.327673070e-03 9.411347695e-03
 1.043774393e-02 1.138583793e-02 1.226562240e-02 1.307301094e-02 1.383825051e-02
 1.457095421e-02 1.528494224e-02 1.600184738e-02 1.671193631e-02 1.743853775e-02
 1.816916368e-02 1.890970075e-02 1.966815497e-02 2.042708160e-02 2.119901380e-02
 2.196874953e-02 2.274366628e-02 2.352283677e-02 2.429473774e-02 2.507567049e-02
 2.584424364e-02 2.661356954e-02 2.737610919e-02 2.812404113e-02 2.887342136e-02
 2.959940193e-02 3.032194113e-02 3.102515630e-02 3.170688733e-02 3.237861787e-02
 3.301333284e-02 3.363124960e-02 3.420947033e-02 3.474109565e-02 3.523657871e-02
 3.566124351e-02 3.603853715e-02 3.634836160e-02 3.659035827e-02 3.679137336e-02
-5.291681194e-05-1.183274152e-04-2.070395610e-04-3.158091843e-04-4.402566842e-04
-5.747272333e-04-7.120860571e-04-8.428249775e-04-9.531703836e-04-1.022495433e-03
-1.044679345e-03-1.004477910e-03-8.839988063e-04-6.656394271e-04-3.223547912e-04
 1.591300228e-04 7.944998044e-04 1.596774342e-03 2.573777150e-03 3.725537127e-03
 5.040634681e-03 6.490513773e-03 8.021954764e-03 9.553632665e-03 1.098687345e-02
 1.223733308e-02 1.327131436e-02 1.411584000e-02 1.483386328e-02 1.548932134e-02
 1.612790082e-02 1.677560528e-02 1.744455710e-02 1.813882982e-02 1.885839392e-02
 1.960134302e-02 2.036503683e-02 2.114655709e-02 2.194283534e-02 2.275089685e-02
 2.356808146e-02 2.439198815e-02 2.522033463e-02 2.605088402e-02 2.688143604e-02
 2.770982826e-02 2.853398856e-02 2.935197022e-02 3.016200151e-02 3.096252474e-02
 3.175218595e-02 3.252981174e-02 3.329427583e-02 3.404427893e-02 3.477795660e-02
 3.549225524e-02 3.618202189e-02 3.683878779e-02 3.744962688e-02 3.799701978e-02
 3.846136636e-02 3.882700683e-02 3.908877706e-02 3.925340881e-02 3.933752184e-02
-8.240105278e-05-1.853518991e-04-3.270486050e-04-5.043904868e-04-7.129481729e-04
-9.466477178e-04-1.197403780e-03-1.454325829e-03-1.701293300e-03-1.924370748e-03
-2.102824117e-03-2.214257337e-03-2.233661202e-03-2.131093431e-03-1.873423237e-03
-1.427083835e-03-7.616699573e-04 1.515717071e-04 1.337831889e-03 2.817952158e-03
 4.607893582e-03 6.713636874e-03 9.106276499e-03 1.164135898e-02 1.394166983e-02
 1.556436824e-02 1.639047079e-02 1.672415968e-02 1.695795472e-02 1.727376926e-02
 1.770439759e-02 1.823759555e-02 1.885328787e-02 1.953330699e-02 2.026323348e-02
 2.103213464e-02 2.183183456e-02 2.265617468e-02 2.350039104e-02 2.436063328e-02
 2.523360697e-02 2.611631146e-02 2.700586037e-02 2.789938288e-02 2.879400128e-02
 2.968687395e-02 3.057528879e-02 3.145679012e-02 3.232932184e-02 3.319137040e-02
 3.404209213e-02 3.488140944e-02 3.571005566e-02 3.652953306e-02 3.734190824e-02
 3.814927239e-02 3.895247567e-02 3.974827440e-02 4.052316447e-02 4.124165052e-02
 4.183384053e-02 4.221581753e-02 4.236458114e-02 4.234551215e-02 4.224166090e-02
-1.167937806e-04-2.640851477e-04-4.693971672e-04-7.308138731e-04-1.045144602e-03
-1.407434155e-03-1.810411919e-03-2.243372735e-03-2.690986370e-03-3.136898041e-03
-3.557355048e-03-3.922391276e-03-4.195784323e-03-4.332563829e-03-4.280346554e-03
-3.982223626e-03-3.381610448e-03-2.427664964e-03-1.078406359e-03 7.021948918e-04
 2.957472598e-03 5.770067648e-03 9.335399970e-03 1.423456161e-02 1.956298956e-02
 2.180235809e-02 2.090435960e-02 1.893762464e-02 1.841307535e-02 1.846679950e-02
 1.883009461e-02 1.937796039e-02 2.004314026e-02 2.078633307e-02 2.158358031e-02
 2.242001160e-02 2.328633681e-02 2.417668182e-02 2.508716050e-02 2.601489756e-02
 2.695735900e-02 2.791191407e-02 2.887558543e-02 2.984495950e-02 3.081623384e-02
 3.178537696e-02 3.274837308e-02 3.370152188e-02 3.464176421e-02 3.556701023e-02
 3.647645702e-02 3.737089921e-02 3.825305889e-02 3.912799242e-02 4.000367735e-02
 4.089195491e-02 4.181012203e-02 4.278364972e-02 4.385069383e-02 4.506628037e-02
 4.677032586e-02 4.730979131e-02 4.645545331e-02 4.574244970e-02 4.522568407e-02
-1.530509136e-04-3.480622935e-04-6.235877624e-04-9.806130431e-04-1.419204875e-03
-1.937755999e-03-2.532203660e-03-3.194722855e-03-3.912977576e-03-4.672465855e-03
-5.451254706e-03-6.217618225e-03-6.928344398e-03-7.520966290e-03-7.909199862e-03
-7.984792943e-03-7.632092437e-03-6.755370241e-03-5.305845211e-03-3.290319143e-03
-7.561220203e-04 2.231948891e-03 5.590367081e-03 9.130335073e-03 1.236670142e-02
 1.472097355e-02 1.609088048e-02 1.692829431e-02 1.764526302e-02 1.839982038e-02
 1.921578995e-02 2.008096377e-02 2.097947794e-02 2.189964893e-02 2.283479023e-02
 2.378222402e-02 2.474196326e-02 2.571547467e-02 2.670462976e-02 2.771086727e-02
 2.873457135e-02 2.977466896e-02 3.082845050e-02 3.189161245e-02 3.295850919e-02
 3.402258421e-02 3.507693341e-02 3.611494004e-02 3.713091599e-02 3.812069143e-02
 3.908211514e-02 4.001546051e-02 4.092377678e-02 4.181328116e-02 4.269396737e-02
 4.358074123e-02 4.449567540e-02 4.547264240e-02 4.656745112e-02 4.788677578e-02
 4.964835791e-02 5.021930742e-02 4.913596441e-02 4.825601047e-02 4.763464485e-02
-1.842824215e-04-4.224097362e-04-7.648595626e-04-1.218373174e-03-1.789436600e-03
-2.482895320e-03-3.300689948e-03-4.240910313e-03-5.294572805e-03-6.456266019e-03
-7.714950749e-03-9.057331915e-03-1.046343995e-02-1.188793272e-02-1.321935301e-02
-1.422684776e-02-1.455742061e-02-1.387991460e-02-1.209575912e-02-9.399132820e-03
-6.132485515e-03-2.604193363e-03 9.652543454e-04 4.408340121e-03 7.582422610e-03
 1.038390783e-02 1.278045259e-02 1.481355744e-02 1.656209514e-02 1.810244429e-02
 1.949137660e-02 2.076741719e-02 2.195774905e-02 2.308385734e-02 2.416461634e-02
 2.521745973e-02 2.625846384e-02 2.730191584e-02 2.835968816e-02 2.944059127e-02
 3.054981525e-02 3.168855671e-02 3.285392272e-02 3.403918268e-02 3.523439505e-02
 3.642737736e-02 3.760492796e-02 3.875416016e-02 3.986378304e-02 4.092516512e-02
 4.193305336e-02 4.288588410e-02 4.378569894e-02 4.463773668e-02 4.544977638e-02
 4.623121650e-02 4.699160564e-02 4.773766857e-02 4.846617786e-02 4.914604303e-02
 4.968320861e-02 4.993489808e-02 4.987788372e-02 4.964242578e-02 4.933263381e-02
-1.969631739e-04-4.577668960e-04-8.441020665e-04-1.373795968e-03-2.065771457e-03
-2.936942113e-03-3.998793057e-03-5.253890715e-03-6.694981665e-03-8.311466917e-03
-1.009663101e-02-1.206790803e-02-1.429357694e-02-1.692125548e-02-2.018420080e-02
-2.420993240e-02-2.749559069e-02-2.728761943e-02-2.332620367e-02-1.732962333e-02
-1.170441190e-02-6.700801317e-03-2.208650072e-03 1.857628401e-03 5.540703696e-03
 8.858529925e-03 1.182203699e-02 1.444583804e-02 1.675177154e-02 1.876826919e-02
 2.052876427e-02 2.207045128e-02 2.343314743e-02 2.465782755e-02 2.578489582e-02
 2.685255215e-02 2.789550196e-02 2.894398982e-02 3.002296166e-02 3.115117511e-02
 3.234023991e-02 3.359377474e-02 3.490699595e-02 3.626703707e-02 3.765415090e-02
 3.904374829e-02 4.040905933e-02 4.172408451e-02 4.296641930e-02 4.411949334e-02
 4.517382107e-02 4.612705630e-02 4.698293233e-02 4.774941536e-02 4.843647725e-02
 4.905377979e-02 4.960835073e-02 5.010219251e-02 5.052997474e-02 5.087795698e-02
 5.112704638e-02 5.126183397e-02 5.127912452e-02 5.118414504e-02 5.101183064e-02
-1.663505654e-04-3.994206517e-04-7.679408852e-04-1.311100743e-03-2.073812807e-03
-3.100273574e-03-4.425315460e-03-6.063359780e-03-7.994646151e-03-1.015718228e-02
-1.244642393e-02-1.477185939e-02-1.715526488e-02-1.982901534e-02-2.329254958e-02
-2.843626661e-02-3.374029410e-02-3.359711300e-02-2.796405996e-02-1.941714302e-02
-1.283328343e-02-7.296641179e-03-2.415128973e-03 2.004283279e-03 6.052985562e-03
 9.765013115e-03 1.314028929e-02 1.616082977e-02 1.880586658e-02 2.106654524e-02
 2.295682947e-02 2.451651822e-02 2.580568501e-02 2.689434573e-02 2.785268900e-02
 2.874511067e-02 2.962817456e-02 3.055076221e-02 3.155437447e-02 3.267217013e-02
 3.392639095e-02 3.532499186e-02 3.685904673e-02 3.850234125e-02 4.021362750e-02
 4.194107578e-02 4.362816497e-02 4.522042211e-02 4.667234244e-02 4.795322405e-02
 4.905020463e-02 4.996737498e-02 5.072140820e-02 5.133554908e-02 5.183402934e-02
 5.223812535e-02 5.256404352e-02 5.282226721e-02 5.301798421e-02 5.315242936e-02
 5.322507319e-02 5.323809080e-02 5.316935243e-02 5.304195519e-02 5.286979124e-02
-5.287976284e-05-1.548326720e-04-3.674912056e-04-7.674882012e-04-1.455024274e-03
-2.540158434e-03-4.121915568e-03-6.277358081e-03-9.057486476e-03-1.243381367e-02
-1.595047389e-02-1.864096158e-02-2.002148789e-02-2.034460549e-02-2.049626048e-02
-2.060154931e-02-2.020313201e-02-1.875435455e-02-1.605573434e-02-1.237948181e-02
-8.199681135e-03-3.857635297e-03 4.884759295e-04 4.777151036e-03 8.974001622e-03
 1.303146891e-02 1.686480077e-02 2.034504204e-02 2.332244799e-02 2.568351318e-02
 2.740946993e-02 2.858875646e-02 2.937392683e-02 2.992219139e-02 3.036060536e-02
 3.078189649e-02 3.125581680e-02 3.184288565e-02 3.260382613e-02 3.360057683e-02
 3.488660512e-02 3.648987006e-02 3.839830224e-02 4.055681128e-02 4.287592485e-02
 4.524451272e-02 4.754077439e-02 4.964378991e-02 5.145111049e-02 5.290050369e-02
 5.398387490e-02 5.474204736e-02 5.524283184e-02 5.555673698e-02 5.574199942e-02
 5.584025474e-02 5.587835773e-02 5.587214092e-02 5.583004190e-02 5.575602039e-02
 5.565176577e-02 5.551766462e-02 5.533883188e-02 5.512755003e-02 5.488971627e-02
 1.825639658e-04 3.845289797e-04 6.015999618e-04 7.280626848e-04 5.404847070e-04
-3.105779022e-04-2.025555887e-03-4.600882025e-03-8.153230435e-03-1.311829864e-02
-1.933062158e-02-2.279376473e-02-2.269610461e-02-1.918029135e-02-1.677172389e-02
-1.496405907e-02-1.323467337e-02-1.126699526e-02-8.894134391e-03-6.071519952e-03
-2.833085450e-03 7.616054821e-04 4.665109844e-03 8.855657553e-03 1.333076857e-02
 1.807978967e-02 2.301233880e-02 2.780333065e-02 3.177465581e-02 3.423404888e-02
 3.506231274e-02 3.479067587e-02 3.413118030e-02 3.347013626e-02 3.294640868e-02
 3.258251074e-02 3.237280558e-02 3.233578990e-02 3.253128645e-02 3.310982759e-02
 3.427493284e-02 3.617573374e-02 3.880640551e-02 4.200073350e-02 4.553238406e-02
 4.918499336e-02 5.273825366e-02 5.591487394e-02 5.840321794e-02 6.000048983e-02
 6.074554499e-02 6.088996916e-02 6.071540714e-02 6.040956874e-02 6.006736177e-02
 5.972734302e-02 5.940210807e-02 5.909269256e-02 5.879547861e-02 5.850610146e-02
 5.821995834e-02 5.793235346e-02 5.762872663e-02 5.731624629e-02 5.700464321e-02
 5.107339543e-04 1.166863302e-03 2.115595531e-03 3.423255604e-03 5.058118743e-03
 4.923075201e-03 2.470262203e-03-2.578503970e-04-3.248186134e-03-6.483834654e-03
-9.547944087e-03-1.159880159e-02-1.216888176e-02-1.149916270e-02-1.031818910e-02
-8.949897925e-03-7.410774992e-03-5.642046671e-03-3.582286268e-03-1.186752633e-03
 1.573725355e-03 4.723843123e-03 8.299726992e-03 1.236867692e-02 1.705836376e-02
 2.261469937e-02 2.955032702e-02 3.915332722e-02 4.847556766e-02 5.138779687e-02
 4.749531585e-02 4.145343608e-02 3.809476366e-02 3.599607363e-02 3.458493881e-02
 3.355628239e-02 3.270128664e-02 3.183614115e-02 3.077391916e-02 2.950192036e-02
 2.949643879e-02 3.188733604e-02 3.650900288e-02 4.225943014e-02 4.797921416e-02
 5.380864245e-02 6.000776318e-02 6.633588261e-02 7.097014816e-02 7.229928264e-02
 7.052258265e-02 6.825902790e-02 6.654602727e-02 6.526260550e-02 6.426689737e-02
 6.346220547e-02 6.278673891e-02 6.220108779e-02 6.167743177e-02 6.119867779e-02
 6.075022523e-02 6.032140282e-02 5.990485077e-02 5.950022285e-02 5.910032009e-02
 8.127554364e-04 1.867247699e-03 3.401031466e-03 5.478110633e-03 7.932940820e-03
 8.381186861e-03 6.290384142e-03 4.103506266e-03 1.993355027e-03-6.390773087e-06
-1.749256538e-03-3.070846724e-03-3.865161161e-03-4.121084496e-03-3.902618700e-03
-3.289391944e-03-2.335653952e-03-1.064324855e-03 5.231955158e-04 2.437220696e-03
 4.694839263e-03 7.319800743e-03 1.034601626e-02 1.382349366e-02 1.782506102e-02
 2.244711834e-02 2.776794737e-02 3.356905646e-02 3.849473345e-02 4.085682102e-02
 4.038260173e-02 3.846843070e-02 3.665751162e-02 3.529411832e-02 3.431071858e-02
 3.357398796e-02 3.293374420e-02 3.220373248e-02 3.110576962e-02 2.920516194e-02
 2.863705966e-02 3.126606070e-02 3.728243209e-02 4.416428057e-02 5.055045182e-02
 5.699110300e-02 6.405172295e-02 7.238092632e-02 7.777438060e-02 7.872832192e-02
 7.529091104e-02 7.224392575e-02 7.017138445e-02 6.865433642e-02 6.746951191e-02
 6.649554843e-02 6.566325111e-02 6.493097249e-02 6.427220734e-02 6.366910644e-02
 6.310900355e-02 6.258259081e-02 6.208300088e-02 6.160519092e-02 6.114741228e-02
 1.027271556e-03 2.347010696e-03 4.235798927e-03 6.728926099e-03 9.630427479e-03
 1.049995020e-02 8.697811983e-03 7.146867734e-03 5.669608547e-03 4.265453537e-03
 3.021620474e-03 2.006966272e-03 1.274080786e-03 8.528018900e-04 7.517172801e-04
 9.658476520e-04 1.485644029e-03 2.303152419e-03 3.414423567e-03 4.819366656e-03
 6.520453445e-03 8.520900604e-03 1.082196606e-02 1.341791123e-02 1.628581986e-02
 1.936614491e-02 2.253189023e-02 2.556026891e-02 2.815321413e-02 3.009271973e-02
 3.131552806e-02 3.195103992e-02 3.225454533e-02 3.244427665e-02 3.265399782e-02
 3.294954130e-02 3.336234882e-02 3.392501864e-02 3.471745519e-02 3.592404173e-02
 3.782978855e-02 4.065786218e-02 4.439275033e-02 4.877962395e-02 5.349509267e-02
 5.827386829e-02 6.285540933e-02 6.687413259e-02 6.988529852e-02 7.161167459e-02
 7.215451518e-02 7.190546206e-02 7.125905045e-02 7.045678797e-02 6.961550711e-02
 6.878726203e-02 6.799420844e-02 6.724460169e-02 6.653993343e-02 6.587829610e-02
 6.525611360e-02 6.466910752e-02 6.411285900e-02 6.358315791e-02 6.307833378e-02
 1.169759756e-03 2.662774163e-03 4.781008153e-03 7.546113101e-03 1.073025700e-02
 1.188035336e-02 1.046679745e-02 9.262317857e-03 8.131428350e-03 7.052506404e-03
 6.067888580e-03 5.219270350e-03 4.542356440e-03 4.064797263e-03 3.805863334e-03
 3.777623084e-03 3.986907798e-03 4.437212871e-03 5.129933031e-03 6.064709282e-03
 7.238881477e-03 8.646075010e-03 1.027386128e-02 1.210038625e-02 1.409008277e-02
 1.618937684e-02 1.832490731e-02 2.040851998e-02 2.235255555e-02 2.408909443e-02
 2.562340768e-02 2.696691330e-02 2.817496960e-02 2.932725517e-02 3.050061337e-02
 3.176521669e-02 3.318613508e-02 3.482909560e-02 3.676583880e-02 3.907238296e-02
 4.181410646e-02 4.501921502e-02 4.865317239e-02 5.260915374e-02 5.671669006e-02
 6.075919222e-02 6.449577748e-02 6.769283455e-02 7.016800421e-02 7.183513413e-02
 7.272633270e-02 7.297265102e-02 7.275160225e-02 7.223322027e-02 7.155018087e-02
 7.079293487e-02 7.001749173e-02 6.925572853e-02 6.852396309e-02 6.782900440e-02
 6.717211097e-02 6.655147924e-02 6.596376687e-02 6.540491587e-02 6.486608487e-02
 1.265404811e-03 2.874862052e-03 5.148041667e-03 8.098868072e-03 1.149712192e-02
 1.288365610e-02 1.166553673e-02 1.068413222e-02 9.758966772e-03 8.852644984e-03
 7.996404715e-03 7.219521191e-03 6.548942263e-03 6.008235292e-03 5.617044844e-03
 5.391061778e-03 5.342334620e-03 5.479676275e-03 5.808953263e-03 6.333032556e-03
 7.051383312e-03 7.959360797e-03 9.047260671e-03 1.029933478e-02 1.169311548e-02
 1.319959198e-02 1.478477796e-02 1.641323848e-02 1.805349176e-02 1.968411926e-02
 2.129773740e-02 2.290443125e-02 2.454292442e-02 2.623679537e-02 2.802788017e-02
 2.995714436e-02 3.208904344e-02 3.447269001e-02 3.716038829e-02 4.019536920e-02
 4.359799182e-02 4.738561935e-02 5.154638768e-02 5.602253065e-02 6.068257828e-02
 6.527708587e-02 6.943697708e-02 7.280915106e-02 7.517229896e-02 7.645988568e-02
 7.677246596e-02 7.637800588e-02 7.560117216e-02 7.466931463e-02 7.370218778e-02
 7.275751310e-02 7.186126014e-02 7.102296376e-02 7.024352856e-02 6.951942079e-02
 6.884501064e-02 6.821390228e-02 6.761968496e-02 6.705644071e-02 6.652314971e-02
 1.331544353e-03 3.021698058e-03 5.402399809e-03 8.481818676e-03 1.202628252e-02
 1.356750422e-02 1.248904548e-02 1.162693655e-02 1.080469560e-02 9.972432467e-03
 9.153827198e-03 8.372627832e-03 7.651401567e-03 7.010859025e-03 6.469538654e-03
 6.043732569e-03 5.747563916e-03 5.593159471e-03 5.590792809e-03 5.748445601e-03
 6.071303352e-03 6.561299872e-03 7.216736725e-03 8.032104597e-03 8.998364224e-03
 1.010406565e-02 1.133635022e-02 1.268245082e-02 1.413173227e-02 1.567790232e-02
 1.732095897e-02 1.906805220e-02 2.093380357e-02 2.294225880e-02 2.511955277e-02
 2.749346155e-02 3.010575494e-02 3.299668317e-02 3.620871067e-02 3.978414032e-02
 4.376366165e-02 4.820016591e-02 5.315904144e-02 5.872688821e-02 6.504144422e-02
 7.245364436e-02 7.920657000e-02 8.395637850e-02 8.647281498e-02 8.661577420e-02
 8.443240763e-02 8.119761406e-02 7.886787583e-02 7.704832880e-02 7.557496992e-02
 7.435027455e-02 7.330920516e-02 7.240646481e-02 7.160942865e-02 7.089390080e-02
 7.024149306e-02 6.963796609e-02 6.907214707e-02 6.853513081e-02 6.801674013e-02
 1.379317542e-03 3.128459849e-03 5.588987844e-03 8.765476032e-03 1.240740672e-02
 1.403118427e-02 1.307329327e-02 1.227467098e-02 1.147238794e-02 1.062768864e-02
 9.766019434e-03 8.909754029e-03 8.078833595e-03 7.291445879e-03 6.564404595e-03
 5.913399946e-03 5.353264176e-03 4.898013554e-03 4.564473205e-03 4.368117044e-03
 4.321975777e-03 4.436380194e-03 4.718515121e-03 5.171729989e-03 5.794413686e-03
 6.587751892e-03 7.552143392e-03 8.686530310e-03 9.989377865e-03 1.146014105e-02
 1.310177751e-02 1.492051674e-02 1.692592267e-02 1.913119243e-02 2.155319989e-02
 2.421259181e-02 2.713405769e-02 3.034660547e-02 3.388442643e-02 3.778902615e-02
 4.211338015e-02 4.692916447e-02 5.233946561e-02 5.850122365e-02 6.565756207e-02
 7.407499192e-02 8.165668689e-02 8.667178558e-02 8.915298566e-02 8.903318402e-02
 8.621376847e-02 8.237167825e-02 7.962820637e-02 7.763477746e-02 7.612863853e-02
 7.494904014e-02 7.399376653e-02 7.319522180e-02 7.250725399e-02 7.189753421e-02
 7.134296245e-02 7.082679351e-02 7.033677658e-02 6.986391504e-02 6.940257582e-02
 1.414050329e-03 3.207444105e-03 5.731088899e-03 8.991961754e-03 1.276095260e-02
 1.457157711e-02 1.374371592e-02 1.283323259e-02 1.191139346e-02 1.095326750e-02
 9.969599570e-03 8.973085733e-03 7.977061703e-03 6.995032045e-03 6.040512060e-03
 5.127034517e-03 4.269300576e-03 3.489079691e-03 2.807625356e-03 2.245462913e-03
 1.822080456e-03 1.555647465e-03 1.462742569e-03 1.558119091e-03 1.854600593e-03
 2.363419172e-03 3.093475935e-03 4.050141300e-03 5.233396854e-03 6.634577561e-03
 8.262348256e-03 1.012224891e-02 1.221791239e-02 1.455425970e-02 1.713854611e-02
 1.997986245e-02 2.308969927e-02 2.648217053e-02 3.017474828e-02 3.419003403e-02
 3.855897377e-02 4.333032318e-02 4.853503529e-02 5.423053541e-02 6.046509982e-02
 6.725635556e-02 7.348536887e-02 7.788003378e-02 8.025974945e-02 8.040750113e-02
 7.918173623e-02 7.793438951e-02 7.677251300e-02 7.581161860e-02 7.502920415e-02
 7.438808868e-02 7.385128458e-02 7.338747759e-02 7.297188688e-02 7.258561485e-02
 7.221462710e-02 7.184875550e-02 7.148084232e-02 7.110610187e-02 7.072458761e-02
 1.435274048e-03 3.255973595e-03 5.819146917e-03 9.133848428e-03 1.296197713e-02
 1.484287279e-02 1.413361673e-02 1.312732102e-02 1.206175574e-02 1.095596280e-02
 9.812043045e-03 8.636076940e-03 7.436041616e-03 6.221146278e-03 5.001439071e-03
 3.790027651e-03 2.609765225e-03 1.484519655e-03 4.387653304e-04-5.027091259e-04
-1.315090007e-03-1.973821273e-03-2.454883682e-03-2.735076251e-03-2.792313029e-03
-2.605995891e-03-2.157560654e-03-1.431212482e-03-4.147812917e-04 8.994983246e-04
 2.515091545e-03 4.426668236e-03 6.614246463e-03 9.069662118e-03 1.179453864e-02
 1.478498113e-02 1.803818760e-02 2.155071458e-02 2.531779055e-02 2.933068115e-02
 3.358170942e-02 3.796329344e-02 4.275573857e-02 4.771076358e-02 5.264501578e-02
 5.739242073e-02 6.171559908e-02 6.535766607e-02 6.816561126e-02 7.013599826e-02
 7.140923150e-02 7.219298440e-02 7.267097556e-02 7.296625451e-02 7.314956865e-02
 7.325793580e-02 7.330903394e-02 7.331042898e-02 7.326496638e-02 7.317371159e-02
 7.303743430e-02 7.285726772e-02 7.263491892e-02 7.237255450e-02 7.206708767e-02
 1.441762746e-03 3.270011008e-03 5.842338929e-03 9.165621755e-03 1.299718301e-02
 1.486757952e-02 1.412382482e-02 1.304494428e-02 1.187782915e-02 1.063555647e-02
 9.325204135e-03 7.953386663e-03 6.526913622e-03 5.052941734e-03 3.541132158e-03
 2.014001023e-03 4.960225397e-04-9.867309397e-04-2.406857782e-03-3.735917734e-03
-4.944722321e-03-6.003628847e-03-6.882844315e-03-7.552750466e-03-7.984269309e-03
-8.149294140e-03-8.021234845e-03-7.575702497e-03-6.791363405e-03-5.651001540e-03
-4.142942161e-03-2.262982601e-03-1.651307200e-05 2.580309925e-03 5.494717068e-03
 8.671998630e-03 1.210665962e-02 1.578107559e-02 1.967608655e-02 2.376941490e-02
 2.803576626e-02 3.241192528e-02 3.680559560e-02 4.138815383e-02 4.589770610e-02
 5.019278604e-02 5.420289449e-02 5.783367779e-02 6.102060965e-02 6.374043464e-02
 6.601060736e-02 6.787720092e-02 6.939815771e-02 7.062968488e-02 7.161926892e-02
 7.240422256e-02 7.301312081e-02 7.346808311e-02 7.378686575e-02 7.398441618e-02
 7.407388121e-02 7.406718729e-02 7.397533303e-02 7.380859970e-02 7.358052317e-02
 1.435564192e-03 3.254869076e-03 5.812508664e-03 9.112970754e-03 1.292392663e-02
 1.477198372e-02 1.391430117e-02 1.274003546e-02 1.145565114e-02 1.006639900e-02
 8.578295106e-03 6.997026153e-03 5.328078613e-03 3.576848004e-03 1.764342160e-03
-8.530079594e-05-1.945715972e-03-3.788518671e-03-5.583564822e-03-7.299225827e-03
-8.902678474e-03-1.036020677e-02-1.163751669e-02-1.270007037e-02-1.351345307e-02
-1.404379609e-02-1.425828408e-02-1.412578856e-02-1.361767783e-02-1.270886673e-02
-1.137916508e-02-9.615035554e-03-7.411750554e-03-4.776065112e-03-1.729510891e-03
 1.688327715e-03 5.417824148e-03 9.367252528e-03 1.351817008e-02 1.783861147e-02
 2.229292926e-02 2.684158492e-02 3.143942891e-02 3.603176217e-02 4.055727996e-02
 4.494933694e-02 4.914105849e-02 5.307284167e-02 5.669721977e-02 5.998212426e-02
 6.291171702e-02 6.548466345e-02 6.771075303e-02 6.960716369e-02 7.119535534e-02
 7.249895546e-02 7.354250526e-02 7.435074140e-02 7.494812490e-02 7.535845117e-02
 7.560448590e-02 7.570763545e-02 7.568767959e-02 7.556254758e-02 7.534680836e-02
 1.420366277e-03 3.219472969e-03 5.747013361e-03 9.005647294e-03 1.274460990e-02
 1.448450908e-02 1.358827373e-02 1.230202496e-02 1.088127081e-02 9.329339946e-03
 7.649902753e-03 5.846367595e-03 3.921867707e-03 1.891576482e-03-2.212515581e-04
-2.390730189e-03-4.588480681e-03-6.783849922e-03-8.944161171e-03-1.103499523e-02
-1.302049072e-02-1.486365598e-02-1.652668813e-02-1.797130006e-02-1.915906262e-02
-2.005177776e-02-2.061190962e-02-2.080311176e-02-2.059090283e-02-1.994355717e-02
-1.883329498e-02-1.723785192e-02-1.514252692e-02-1.254277001e-02-9.447390714e-03
-5.882345434e-03-1.895165100e-03 2.440374105e-03 7.021869545e-03 1.175506798e-02
 1.660755423e-02 2.154248453e-02 2.651926534e-02 3.149280939e-02 3.641387425e-02
 4.123010033e-02 4.588780220e-02 5.033430227e-02 5.452043247e-02 5.840289433e-02
 6.194627154e-02 6.512456309e-02 6.792216328e-02 7.033424040e-02 7.236646815e-02
 7.403408488e-02 7.536032620e-02 7.637438387e-02 7.710914001e-02 7.759896098e-02
 7.787779547e-02 7.797772641e-02 7.792801817e-02 7.775459171e-02 7.747950268e-02
 1.399513609e-03 3.171495365e-03 5.659672142e-03 8.865494234e-03 1.254675108e-02
 1.422624616e-02 1.319221154e-02 1.178194767e-02 1.021398018e-02 8.489783520e-03
 6.610752478e-03 4.577914753e-03 2.398428514e-03 9.370726086e-05-2.311681237e-03
-4.790206328e-03-7.311598024e-03-9.843100890e-03-1.234976300e-02-1.479474893e-02
-1.713966663e-02-1.934489711e-02-2.136991845e-02-2.317361905e-02-2.471460196e-02
-2.595149038e-02-2.684325568e-02-2.734960244e-02-2.743146118e-02-2.705165619e-02
-2.617583327e-02-2.477375280e-02-2.282106088e-02-2.030166399e-02-1.721080580e-02
-1.355890866e-02-9.376122126e-03-4.717504054e-03 3.314676856e-04 5.650517586e-03
 1.108610029e-02 1.660958950e-02 2.218769508e-02 2.778306111e-02 3.335331009e-02
 3.885055128e-02 4.422123445e-02 4.940656968e-02 5.434380397e-02 5.896867252e-02
 6.321920675e-02 6.704071105e-02 7.039119438e-02 7.324610584e-02 7.560115034e-02
 7.747236297e-02 7.889336514e-02 7.991051201e-02 8.057714512e-02 8.094819717e-02
 8.107601265e-02 8.100770007e-02 8.078388554e-02 8.043858590e-02 8.000329397e-02
 1.375559916e-03 3.116674135e-03 5.560562167e-03 8.707725754e-03 1.231196750e-02
 1.389477371e-02 1.275968522e-02 1.122024113e-02 9.500904554e-03 7.601651731e-03
 5.522012998e-03 3.261162238e-03 8.358807979e-04-1.731198523e-03-4.414063754e-03
-7.183534215e-03-1.000751621e-02-1.285130186e-02-1.567790057e-02-1.844839178e-02
-2.112228459e-02-2.365786917e-02-2.601254620e-02-2.814312443e-02-3.000608212e-02
-3.155779692e-02-3.275475994e-02-3.355380367e-02-3.391239010e-02-3.378902529e-02
-3.314388853e-02-3.193978718e-02-3.014357281e-02-2.772817100e-02-2.467538941e-02
-2.097965451e-02-1.665279135e-02-1.172982429e-02-6.275590987e-03-3.919994900e-04
 5.775114972e-03 1.204890384e-02 1.840870315e-02 2.482843044e-02 3.127515210e-02
 3.770636597e-02 4.406695748e-02 5.028617655e-02 5.627569349e-02 6.193059145e-02
 6.713549647e-02 7.177695617e-02 7.576034285e-02 7.902653745e-02 8.156278657e-02
 8.340398213e-02 8.462397761e-02 8.532009472e-02 8.559624255e-02 8.554963641e-02
 8.526333334e-02 8.480394942e-02 8.422263101e-02 8.355738004e-02 8.282989600e-02
 1.350417388e-03 3.059291066e-03 5.457188156e-03 8.543846947e-03 1.206530605e-02
 1.353867554e-02 1.231796160e-02 1.064913210e-02 8.780030403e-03 6.708674449e-03
 4.432670122e-03 1.956721024e-03-6.988565194e-04-3.510047811e-03-6.449309179e-03
-9.485800863e-03-1.258567716e-02-1.571242479e-02-1.882723724e-02-2.188940815e-02
-2.485672495e-02-2.768584276e-02-3.033261994e-02-3.275240013e-02-3.490023137e-02
-3.673102145e-02-3.819963966e-02-3.926098932e-02-3.987009248e-02-3.998224883e-02
-3.955335522e-02-3.854050036e-02-3.690297972e-02-3.460390828e-02-3.161263570e-02
-2.790818494e-02-2.348392322e-02-1.835362759e-02-1.255898277e-02-6.178240012e-03
 6.644583908e-04 7.789888353e-03 1.505231656e-02 2.244847112e-02 2.996798400e-02
 3.758937281e-02 4.527288176e-02 5.294936844e-02 6.050512277e-02 6.776640152e-02
 7.449616951e-02 8.042179261e-02 8.529623606e-02 8.896412113e-02 9.140191401e-02
 9.272173937e-02 9.313702627e-02 9.289900126e-02 9.223489817e-02 9.131717830e-02
 9.026296947e-02 8.914654417e-02 8.801278244e-02 8.688765950e-02 8.578885845e-02
 1.325546398e-03 3.002622336e-03 5.355312182e-03 8.382847084e-03 1.184762057e-02
 1.326872171e-02 1.188732248e-02 1.009512100e-02 8.083538920e-03 5.849541599e-03
 3.389372427e-03 7.156120518e-04-2.150228131e-03-5.182776070e-03-8.353001968e-03
-1.162848871e-02-1.497376469e-02-1.835068820e-02-2.171886740e-02-2.503609597e-02
-2.825878138e-02-3.134234208e-02-3.424155056e-02-3.691080277e-02-3.930430009e-02
-4.137613824e-02-4.308030857e-02-4.437063079e-02-4.520065306e-02-4.552357604e-02
-4.529228245e-02-4.445958348e-02-4.297882867e-02-4.080506531e-02-3.789697473e-02
-3.421984853e-02-2.974988710e-02-2.448007923e-02-1.842783004e-02-1.164431960e-02
-4.225168486e-03 3.678642486e-03 1.185151777e-02 2.026264399e-02 2.894243893e-02
 3.792274949e-02 4.723193787e-02 5.688227051e-02 6.683843783e-02 7.693740763e-02
 8.671158639e-02 9.528717907e-02 1.018284265e-01 1.058960588e-01 1.074414744e-01
 1.068431644e-01 1.048947758e-01 1.024400949e-01 9.994384567e-02 9.758390459e-02
 9.541359450e-02 9.343658793e-02 9.163750797e-02 8.999488409e-02 8.848677822e-02
 1.302083156e-03 2.949219641e-03 5.259434951e-03 8.231455434e-03 1.161071588e-02
 1.291423165e-02 1.148565463e-02 9.579142640e-03 7.436593730e-03 5.053840910e-03
 2.428106058e-03-4.222655678e-04-3.474662338e-03-6.702438221e-03-1.007517419e-02
-1.355900084e-02-1.711698104e-02-2.070954282e-02-2.429494552e-02-2.782975708e-02
-3.126931658e-02-3.456815495e-02-3.768034769e-02-4.055977654e-02-4.316028293e-02
-4.543570409e-02-4.733979345e-02-4.882603987e-02-4.984741702e-02-5.035611351e-02
-5.030331942e-02-4.963917453e-02-4.831302041e-02-4.627414225e-02-4.347323521e-02
-3.986488046e-02-3.541135647e-02-3.008812521e-02-2.389128775e-02-1.684715157e-02
-9.023761035e-03-5.437525240e-04 8.402800648e-03 1.767625745e-02 2.735268465e-02
 3.753355620e-02 4.835822385e-02 6.002353526e-02 7.281919689e-02 8.720974276e-02
 1.041541123e-01 1.189686903e-01 1.288527138e-01 1.332334268e-01 1.319318409e-01
 1.258780074e-01 1.175060740e-01 1.113215922e-01 1.064834480e-01 1.025814274e-01
 9.936074802e-02 9.664845669e-02 9.432223883e-02 9.229337611e-02 9.049438942e-02
 1.280917124e-03 2.901081962e-03 5.173089038e-03 8.095331986e-03 1.141624963e-02
 1.265403009e-02 1.112571814e-02 9.117599057e-03 6.858718009e-03 4.343870849e-03
 1.575457805e-03-1.426889182e-03-4.639296033e-03-8.033822675e-03-1.157872934e-02
-1.523882269e-02-1.897587232e-02-2.274908247e-02-2.651559792e-02-3.023101830e-02
-3.384989208e-02-3.732616019e-02-4.061352031e-02-4.366568653e-02-4.643652483e-02
-4.888005285e-02-5.095030315e-02-5.260106169e-02-5.378550913e-02-5.445581137e-02
-5.456272947e-02-5.405534855e-02-5.288106184e-02-5.098599133e-02-4.831607964e-02
-4.481914577e-02-4.044825225e-02-3.516676434e-02-2.895546373e-02-2.182196023e-02
-1.381235109e-02-5.024520098e-03 4.378446120e-03 1.415811355e-02 2.436261386e-02
 3.510836339e-02 4.656322410e-02 5.897521269e-02 7.272262919e-02 8.840290667e-02
 1.073392714e-01 1.224398969e-01 1.367918302e-01 1.396011236e-01 1.374454149e-01
 1.303107916e-01 1.205616629e-01 1.135388773e-01 1.081899580e-01 1.039851713e-01
 1.005838895e-01 9.776190106e-02 9.536725970e-02 9.329413717e-02 9.147110137e-02
 1.262737748e-03 2.859762711e-03 5.099027451e-03 7.978690379e-03 1.125569078e-02
 1.244745188e-02 1.081804505e-02 8.724151214e-03 6.367029706e-03 3.741147488e-03
 8.536842347e-04-2.274810787e-03-5.619433410e-03-9.151148576e-03-1.283709203e-02
-1.664095184e-02-2.052342164e-02-2.444270967e-02-2.835508104e-02-3.221540574e-02
-3.597768126e-02-3.959549815e-02-4.302241773e-02-4.621223516e-02-4.911910718e-02
-5.169753177e-02-5.390217795e-02-5.568757601e-02-5.700769406e-02-5.781544488e-02
-5.806219021e-02-5.769733811e-02-5.666816550e-02-5.492004389e-02-5.239730183e-02
-4.904502155e-02-4.481213316e-02-3.965622311e-02-3.355048856e-02-2.649320253e-02
-1.851984906e-02-9.717674591e-03-2.417325315e-04 9.669256474e-03 1.987041049e-02
 3.042509170e-02 4.140964842e-02 5.291280593e-02 6.502555228e-02 7.779269267e-02
 9.084916134e-02 1.021850543e-01 1.110528310e-01 1.162876573e-01 1.174736688e-01
 1.152294124e-01 1.112224419e-01 1.074184324e-01 1.041042503e-01 1.012430850e-01
 9.876175690e-02 9.658868937e-02 9.466252962e-02 9.293323429e-02 9.135557855e-02
 1.248063640e-03 2.826428521e-03 5.039315367e-03 7.884636321e-03 1.110561710e-02
 1.221542340e-02 1.057155539e-02 8.408675044e-03 5.973412199e-03 3.259534751e-03
 2.780894663e-04-2.949602977e-03-6.397800684e-03-1.003658643e-02-1.383219694e-02
-1.774743462e-02-2.174215251e-02-2.577379539e-02-2.979797313e-02-3.376903723e-02
-3.764062830e-02-4.136616136e-02-4.489921733e-02-4.819381322e-02-5.120452983e-02
-5.388648427e-02-5.619514521e-02-5.808600120e-02-5.951410760e-02-6.043355553e-02
-6.079692871e-02-6.055484220e-02-5.965569278e-02-5.804579660e-02-5.567014531e-02
-5.247407778e-02-4.840623367e-02-4.342321479e-02-3.749640438e-02-3.062133945e-02
-2.282983209e-02-1.420460763e-02-4.895480838e-03 4.865073988e-03 1.475131138e-02
 2.473976316e-02 3.480765579e-02 4.490244410e-02 5.491533263e-02 6.464341615e-02
 7.375939156e-02 8.184461185e-02 8.849914281e-02 9.344822401e-02 9.662688030e-02
 9.822035965e-02 9.860871493e-02 9.822069838e-02 9.739540712e-02 9.634759637e-02
 9.519900512e-02 9.401504388e-02 9.282948162e-02 9.165890575e-02 9.051356514e-02
 1.237264926e-03 2.801908297e-03 4.995413873e-03 7.815634305e-03 1.101926261e-02
 1.212350708e-02 1.039053270e-02 8.177824388e-03 5.685801811e-03 2.908157014e-03
-1.412062150e-04-3.440383712e-03-6.963007579e-03-1.067850847e-02-1.455246478e-02
-1.854703678e-02-2.262147547e-02-2.673268794e-02-3.083583424e-02-3.488492571e-02
-3.883339165e-02-4.263458044e-02-4.624216295e-02-4.961041074e-02-5.269432769e-02
-5.544962284e-02-5.783252274e-02-5.979943424e-02-6.130648369e-02-6.230897638e-02
-6.276084184e-02-6.261415865e-02-6.181888723e-02-6.032298396e-02-5.807312510e-02
-5.501633316e-02-5.110286728e-02-4.629079829e-02-4.055271529e-02-3.388496049e-02
-2.631960377e-02-1.793897039e-02-8.891853509e-03 5.904360898e-04 1.018102905e-02
 1.967327425e-02 2.901799174e-02 3.814090898e-02 4.693773987e-02 5.527246881e-02
 6.298371246e-02 6.990287754e-02 7.588228396e-02 8.082520942e-02 8.470777339e-02
 8.758428458e-02 8.957275505e-02 9.082594213e-02 9.150046507e-02 9.173539661e-02
 9.164347474e-02 9.131126938e-02 9.080336239e-02 9.016735217e-02 8.943962752e-02
 1.230586303e-03 2.786746143e-03 4.968272819e-03 7.772922749e-03 1.094813297e-02
 1.201110881e-02 1.027915060e-02 8.035796280e-03 5.509162524e-03 2.692716774e-03
-3.978940366e-04-3.740402415e-03-7.308049231e-03-1.106985917e-02-1.499100357e-02
-1.903324896e-02-2.315548090e-02-2.731428436e-02-3.146455530e-02-3.556011256e-02
-3.955427664e-02-4.340038090e-02-4.705218306e-02-5.046414921e-02-5.359158944e-02
-5.639063300e-02-5.881804193e-02-6.083087464e-02-6.238602584e-02-6.343968727e-02
-6.394679498e-02-6.386055648e-02-6.313218538e-02-6.171101479e-02-5.954521413e-02
-5.658339576e-02-5.277746253e-02-4.808710131e-02-4.248634439e-02-3.597255939e-02
-2.857802383e-02-2.038381612e-02-1.153502789e-02-2.255232360e-03 7.143251941e-03
 1.634199944e-02 2.529026706e-02 3.392230272e-02 4.215838578e-02 4.990818094e-02
 5.707706450e-02 6.357534677e-02 6.932916666e-02 7.429078229e-02 7.844562090e-02
 8.181408476e-02 8.444760474e-02 8.642023043e-02 8.781830386e-02 8.873086277e-02
 8.924247179e-02 8.942891733e-02 8.935530379e-02 8.907570652e-02 8.863048492e-02
 1.228173444e-03 2.781264603e-03 4.958448929e-03 7.757424317e-03 1.092249760e-02
 1.196906387e-02 1.023852005e-02 7.984693582e-03 5.446203648e-03 2.616367444e-03
-4.885011613e-04-3.845980712e-03-7.429158337e-03-1.120690541e-02-1.514424306e-02
-1.920279476e-02-2.334131491e-02-2.751627423e-02-3.168247622e-02-3.579367371e-02
-3.980315159e-02-4.366424136e-02-4.733073517e-02-5.075717162e-02-5.389897242e-02
-5.671241815e-02-5.915446197e-02-6.118239316e-02-6.275337705e-02-6.382391586e-02
-6.434929622e-02-6.428311664e-02-6.357702194e-02-6.218081513e-02-6.004316947e-02
-5.711322449e-02-5.334341233e-02-4.869391205e-02-4.313914284e-02-3.667663981e-02
-2.933844523e-02-2.120471575e-02-1.241851537e-02-3.199704847e-03 6.145462321e-03
 1.526351678e-02 2.410482858e-02 3.260791873e-02 4.070136972e-02 4.830750373e-02
 5.534791497e-02 6.175048203e-02 6.745693304e-02 7.242961208e-02 7.665602659e-02
 8.015015277e-02 8.295024839e-02 8.511379510e-02 8.671082718e-02 8.781707538e-02
 8.850807217e-02 8.885483721e-02 8.892124744e-02 8.876290760e-02 8.842921648e-02
 1.230090643e-03 2.785613200e-03 4.966222921e-03 7.769682826e-03 1.095649067e-02
 1.204338872e-02 1.026959579e-02 8.025994767e-03 5.498235187e-03 2.680366564e-03
-4.117785588e-04-3.755874205e-03-7.325112825e-03-1.108847739e-02-1.501110262e-02
-1.905472303e-02-2.317819673e-02-2.733808606e-02-3.148926927e-02-3.558555254e-02
-3.958024848e-02-4.342668687e-02-4.707862536e-02-5.049053223e-02-5.361772047e-02
-5.641632084e-02-5.884309298e-02-6.085508575e-02-6.240917334e-02-6.346151115e-02
-6.396697727e-02-6.387869239e-02-6.314774589e-02-6.172329903e-02-5.955329016e-02
-5.658602917e-02-5.277303363e-02-4.807351455e-02-4.246093896e-02-3.593203729e-02
-2.851842382e-02-2.030057665e-02-1.142319970e-02-2.109920521e-03 7.326031770e-03
 1.657052397e-02 2.557262626e-02 3.426541156e-02 4.256658090e-02 5.038158210e-02
 5.761011881e-02 6.415614269e-02 6.994003684e-02 7.491034720e-02 7.905188736e-02
 8.238775603e-02 8.497463826e-02 8.689300509e-02 8.823536164e-02 8.909570472e-02
 8.956206218e-02 8.971242479e-02 8.961338901e-02 8.932052752e-02 8.887937606e-02
 1.236308364e-03 2.799730774e-03 4.991500689e-03 7.809392224e-03 1.099684030e-02
 1.206807837e-02 1.037482770e-02 8.159440104e-03 5.664681361e-03 2.883916497e-03
-1.686896422e-04-3.471161591e-03-6.997059220e-03-1.071574309e-02-1.459272575e-02
-1.859010766e-02-2.266708747e-02-2.678052852e-02-3.088555663e-02-3.493615878e-02
-3.888574968e-02-4.268767206e-02-4.629559882e-02-4.966380901e-02-5.274731665e-02
-5.550183987e-02-5.788360866e-02-5.984902194e-02-6.135417985e-02-6.235433458e-02
-6.280332521e-02-6.265308956e-02-6.185338134e-02-6.035186540e-02-5.809481969e-02
-5.502873723e-02-5.110319143e-02-4.627538946e-02-4.051686734e-02-3.382273524e-02
-2.622370243e-02-1.780072128e-02-8.701418594e-03 8.435035337e-04 1.050709801e-02
 2.009154773e-02 2.954957945e-02 3.880706666e-02 4.775634461e-02 5.625245228e-02
 6.411845029e-02 7.116529946e-02 7.722493040e-02 8.218667425e-02 8.602429573e-02
 8.880271763e-02 9.065975053e-02 9.176990508e-02 9.230720442e-02 9.242138654e-02
 9.223002597e-02 9.182077145e-02 9.125734482e-02 9.058568731e-02 8.983899332e-02
 1.246686117e-03 2.823300945e-03 5.033716987e-03 7.875875302e-03 1.110055221e-02
 1.222551676e-02 1.054891365e-02 8.382290294e-03 5.942626680e-03 3.223814168e-03
 2.372955170e-04-2.995514925e-03-6.448777894e-03-1.009247925e-02-1.389276269e-02
-1.781234467e-02-2.181100215e-02-2.584611598e-02-2.987324600e-02-3.384670855e-02
-3.772012419e-02-4.144690227e-02-4.498063092e-02-4.827534464e-02-5.128564847e-02
-5.396668595e-02-5.627394861e-02-5.816293728e-02-5.958870047e-02-6.050529286e-02
-6.086521940e-02-6.061895823e-02-5.971469188e-02-5.809842137e-02-5.571469434e-02
-5.250824415e-02-4.842690730e-02-4.342624758e-02-3.747634164e-02-3.057112822e-02
-2.274052724e-02-1.406510851e-02-4.692340781e-03 5.147649613e-03 1.512960370e-02
 2.524614863e-02 3.548355528e-02 4.579999736e-02 5.609583191e-02 6.616578614e-02
 7.565019985e-02 8.406274278e-02 9.092858617e-02 9.591677883e-02 9.894645444e-02
 1.002463262e-01 1.002854935e-01 9.957187557e-02 9.847946513e-02 9.722622851e-02
 9.592561273e-02 9.463298494e-02 9.337331491e-02 9.215612543e-02 9.098343504e-02
 1.260968260e-03 2.855750359e-03 5.091858746e-03 7.967434607e-03 1.123593819e-02
 1.241502885e-02 1.078955834e-02 8.690125506e-03 6.326892235e-03 3.694211253e-03
 7.997712186e-04-2.335753708e-03-5.687332493e-03-9.225803114e-03-1.291817887e-02
-1.672803418e-02-2.061596169e-02-2.454008458e-02-2.845660138e-02-3.232033570e-02
-3.608525959e-02-3.970495877e-02-4.313300903e-02-4.632323677e-02-4.922984319e-02
-5.180737930e-02-5.401056994e-02-5.579399701e-02-5.711166761e-02-5.791651091e-02
-5.815987026e-02-5.779108583e-02-5.675729924e-02-5.500365751e-02-5.247414954e-02
-4.911337234e-02-4.486959139e-02-3.969951357e-02-3.357520811e-02-2.649354699e-02
-1.848833099e-02-9.644852408e-03-1.159697546e-04 9.862276079e-03 2.015169630e-02
 3.082701079e-02 4.198162937e-02 5.373251367e-02 6.622111913e-02 7.959562569e-02
 9.389971786e-02 1.060323840e-01 1.157168587e-01 1.210797172e-01 1.217246199e-01
 1.183692499e-01 1.131539960e-01 1.087742169e-01 1.051099874e-01 1.020255568e-01
 9.940020927e-02 9.713566381e-02 9.515446258e-02 9.339650370e-02 9.181530169e-02
 1.278773002e-03 2.896223176e-03 5.164416325e-03 8.081711954e-03 1.139205823e-02
 1.260974726e-02 1.109142839e-02 9.076141246e-03 6.809435635e-03 4.285899401e-03
 1.508561041e-03-1.502799139e-03-4.724143104e-03-8.127368209e-03-1.168057868e-02
-1.534843658e-02-1.909258290e-02-2.287211317e-02-2.664408660e-02-3.036404288e-02
-3.398649750e-02-3.746538559e-02-4.075442545e-02-4.380737614e-02-4.657816988e-02
-4.902090784e-02-5.108971834e-02-5.273848957e-02-5.392050403e-02-5.458802131e-02
-5.469187903e-02-5.418121112e-02-5.300341951e-02-5.110458023e-02-4.843051853e-02
-4.492884607e-02-4.055230899e-02-3.526383051e-02-2.904361562e-02-2.189856626e-02
-1.387396926e-02-5.066870668e-03 4.360363120e-03 1.416864457e-02 2.440574395e-02
 3.519145839e-02 4.669918539e-02 5.918618513e-02 7.304575270e-02 8.889276863e-02
 1.076019651e-01 1.240004526e-01 1.349325629e-01 1.397744823e-01 1.380908451e-01
 1.307905029e-01 1.211188268e-01 1.139655446e-01 1.085402169e-01 1.042964881e-01
 1.008803959e-01 9.805973279e-02 9.567791697e-02 9.362626397e-02 9.182752113e-02
 1.299572046e-03 2.943531804e-03 5.249289534e-03 8.215624939e-03 1.160316343e-02
 1.293035499e-02 1.144481242e-02 9.530404085e-03 7.378388230e-03 4.985097721e-03
 2.348421323e-03-5.130337781e-04-3.576445052e-03-6.814963925e-03-1.019797946e-02
-1.369144473e-02-1.725826397e-02-2.085872984e-02-2.445099354e-02-2.799154516e-02
-3.143567824e-02-3.473791152e-02-3.785234131e-02-4.073290192e-02-4.333351674e-02
-4.560813130e-02-4.751062977e-02-4.899465009e-02-5.001332874e-02-5.051902616e-02
-5.046310835e-02-4.979588990e-02-4.846688076e-02-4.642552238e-02-4.362264857e-02
-4.001295696e-02-3.555881904e-02-3.023577047e-02-2.403998048e-02-1.699786072e-02
-9.177664864e-03-7.024169021e-04 8.237203112e-03 1.749042116e-02 2.712846841e-02
 3.724500257e-02 4.796601444e-02 5.946464005e-02 7.198704819e-02 8.592478752e-02
 1.026785210e-01 1.180175198e-01 1.286919535e-01 1.313335586e-01 1.298229791e-01
 1.241956902e-01 1.162219254e-01 1.105291000e-01 1.060028676e-01 1.023104829e-01
 9.924033111e-02 9.664325536e-02 9.441065873e-02 9.246211236e-02 9.073719265e-02
 1.322665691e-03 2.996100665e-03 5.343688332e-03 8.364618460e-03 1.180601561e-02
 1.318644696e-02 1.184172455e-02 1.003928397e-02 8.016698279e-03 5.770586777e-03
 3.297228308e-03 6.101695360e-04-2.268867485e-03-5.314289808e-03-8.496848350e-03
-1.178391787e-02-1.513983725e-02-1.852629986e-02-2.190277849e-02-2.522696482e-02
-2.845520043e-02-3.154287558e-02-3.444477252e-02-3.711533422e-02-3.950884460e-02
-4.157951517e-02-4.328148355e-02-4.456874339e-02-4.539504195e-02-4.571380211e-02
-4.547815063e-02-4.464116412e-02-4.315647942e-02-4.097945474e-02-3.806910871e-02
-3.439110112e-02-2.992203741e-02-2.465536253e-02-1.860902100e-02-1.183483852e-02
-4.429255911e-03 3.455478229e-03 1.160136170e-02 1.996363324e-02 2.856674509e-02
 3.743347746e-02 4.657869522e-02 5.599490677e-02 6.561990783e-02 7.526640012e-02
 8.450152954e-02 9.261437782e-02 9.889736273e-02 1.029549420e-01 1.047463685e-01
 1.046074460e-01 1.032053096e-01 1.012229262e-01 9.908911495e-02 9.700340030e-02
 9.504422670e-02 9.323426050e-02 9.157146497e-02 9.004364872e-02 8.863532654e-02
 1.347150148e-03 3.051899090e-03 5.444025896e-03 8.523302764e-03 1.203816989e-02
 1.350840872e-02 1.226608162e-02 1.058599810e-02 8.704341007e-03 6.619149689e-03
 4.327985588e-03 1.836627978e-03-8.342989162e-04-3.660493227e-03-6.614143808e-03
-9.664162618e-03-1.277647752e-02-1.591437535e-02-1.903888068e-02-2.210915312e-02
-2.508288376e-02-2.791667080e-02-3.056635562e-02-3.298730421e-02-3.513462477e-02
-3.696332099e-02-3.842839146e-02-3.948490016e-02-4.008805984e-02-4.019339077e-02
-3.975704185e-02-3.873638856e-02-3.709105324e-02-3.478452423e-02-3.178657892e-02
-2.807673072e-02-2.364891196e-02-1.851753844e-02-1.272497188e-02-6.350239881e-03
 4.816346167e-04 7.591010218e-03 1.482144863e-02 2.216589032e-02 2.961021098e-02
 3.712886848e-02 4.467826780e-02 5.218706606e-02 5.954393785e-02 6.658670514e-02
 7.310280976e-02 7.885403431e-02 8.362646139e-02 8.728517994e-02 8.980900089e-02
 9.129370088e-02 9.192242098e-02 9.191331320e-02 9.146921115e-02 9.075039836e-02
 8.987085150e-02 8.890639045e-02 8.790523816e-02 8.689695759e-02 8.589906170e-02
 1.371865820e-03 3.108325309e-03 5.545719263e-03 8.684605585e-03 1.228720170e-02
 1.387436383e-02 1.270153810e-02 1.114945154e-02 9.416100067e-03 7.501538858e-03
 5.405308714e-03 3.126691440e-03 6.838339741e-04-1.900370454e-03-4.599633058e-03
-7.384499031e-03-1.022261669e-02-1.307904315e-02-1.591658170e-02-1.869613888e-02
-2.137708710e-02-2.391761761e-02-2.627507026e-02-2.840622993e-02-3.026758596e-02
-3.181555939e-02-3.300671426e-02-3.379798329e-02-3.414695510e-02-3.401228990e-02
-3.335435216e-02-3.213617322e-02-3.032487876e-02-2.789373647e-02-2.482498421e-02
-2.111358667e-02-1.677201178e-02-1.183605117e-02-6.371534173e-03-4.812423226e-04
 5.688461605e-03 1.195450155e-02 1.829261379e-02 2.467501561e-02 3.106737523e-02
 3.742653472e-02 4.369794631e-02 4.981329992e-02 5.568930449e-02 6.122915688e-02
 6.632837084e-02 7.088566481e-02 7.481738169e-02 7.807157539e-02 8.063716462e-02
 8.254500692e-02 8.386057226e-02 8.467086391e-02 8.507002622e-02 8.514769418e-02
 8.498200953e-02 8.463700085e-02 8.416290308e-02 8.359794964e-02 8.297044139e-02
 1.395310306e-03 3.162011578e-03 5.642852686e-03 8.839302796e-03 1.249909833e-02
 1.414092935e-02 1.312732890e-02 1.170251903e-02 1.011912780e-02 8.378188037e-03
 6.481063840e-03 4.428684574e-03 2.229716724e-03-9.401801315e-05-2.517597169e-03
-5.013169015e-03-7.550163039e-03-1.009554814e-02-1.261412418e-02-1.506883808e-02
-1.742111281e-02-1.963117792e-02-2.165839276e-02-2.346155750e-02-2.499921406e-02
-2.622994736e-02-2.711270892e-02-2.760719859e-02-2.767435550e-02-2.727702726e-02
-2.638090593e-02-2.495583327e-02-2.297759489e-02-2.043031927e-02-1.730959486e-02
-1.362636847e-02-9.411633074e-03-4.721621066e-03 3.570505763e-04 5.702058577e-03
 1.115716306e-02 1.668957134e-02 2.226446477e-02 2.784306928e-02 3.338247472e-02
 3.883529331e-02 4.414959315e-02 4.926934981e-02 5.413571614e-02 5.868935518e-02
 6.287391137e-02 6.664038769e-02 6.995179681e-02 7.278713191e-02 7.514366238e-02
 7.703689283e-02 7.849813353e-02 7.957027398e-02 8.030276581e-02 8.074685549e-02
 8.095180739e-02 8.096241779e-02 8.081774674e-02 8.055079162e-02 8.018889317e-02
 1.415497964e-03 3.208512277e-03 5.727636995e-03 8.975713659e-03 1.271304392e-02
 1.446443191e-02 1.351452646e-02 1.221226572e-02 1.077484502e-02 9.204997084e-03
 7.506455831e-03 5.682618659e-03 3.736660300e-03 1.685632457e-03-4.469169303e-04
-2.634769507e-03-4.849227311e-03-7.059329856e-03-9.232113516e-03-1.133289710e-02
-1.332558466e-02-1.517297762e-02-1.683709193e-02-1.827948098e-02-1.946157211e-02
-2.034503333e-02-2.089219759e-02-2.106658411e-02-2.083357103e-02-2.016128807e-02
-1.902180752e-02-1.739273363e-02-1.525927619e-02-1.261691470e-02-9.474689058e-03
-5.859076353e-03-1.818260880e-03 2.572971401e-03 7.208209672e-03 1.199328040e-02
 1.689101569e-02 2.186133139e-02 2.685976541e-02 3.183866822e-02 3.674837602e-02
 4.153814197e-02 4.615696770e-02 5.055515812e-02 5.468666030e-02 5.851155584e-02
 6.199811021e-02 6.512410765e-02 6.787745975e-02 7.025618211e-02 7.226782704e-02
 7.392842340e-02 7.526097778e-02 7.629364642e-02 7.705775581e-02 7.758588592e-02
 7.791020746e-02 7.806119765e-02 7.806677511e-02 7.795182356e-02 7.773800066e-02
 1.429764847e-03 3.241830588e-03 5.789518837e-03 9.077520815e-03 1.286415726e-02
 1.467682377e-02 1.382997019e-02 1.263737254e-02 1.133481594e-02 9.926659712e-03
 8.418763835e-03 6.816706430e-03 5.125771609e-03 3.352674743e-03 1.519493720e-03
-3.492988145e-04-2.226972276e-03-4.084792911e-03-5.892285860e-03-7.617516412e-03
-9.227381899e-03-1.068791240e-02-1.196458161e-02-1.302263476e-02-1.382744747e-02
-1.434493733e-02-1.454206054e-02-1.438743695e-02-1.385215300e-02-1.291080683e-02
-1.154288657e-02-9.734532111e-03-7.480743505e-03-4.788005907e-03-1.677609932e-03
 1.810929657e-03 5.616043140e-03 9.648254081e-03 1.388732647e-02 1.829914727e-02
 2.284483215e-02 2.747681980e-02 3.213602565e-02 3.675518383e-02 4.127472930e-02
 4.564066341e-02 4.979465163e-02 5.367934205e-02 5.724773951e-02 6.046919478e-02
 6.333093186e-02 6.583582855e-02 6.799809003e-02 6.983867630e-02 7.138173644e-02
 7.265240256e-02 7.367567740e-02 7.447596074e-02 7.507684076e-02 7.550093872e-02
 7.576973185e-02 7.590335746e-02 7.592043060e-02 7.583790541e-02 7.567097638e-02
 1.434666309e-03 3.254010924e-03 5.814039529e-03 9.121916112e-03 1.293364273e-02
 1.477878546e-02 1.402247522e-02 1.292547490e-02 1.173708730e-02 1.047568206e-02
 9.145996313e-03 7.754173162e-03 6.306738745e-03 4.810620883e-03 3.277823173e-03
 1.731410406e-03 1.962808519e-04-1.301075682e-03-2.732879599e-03-4.070350029e-03
-5.283993292e-03-6.343892525e-03-7.220005185e-03-7.882479261e-03-8.302006546e-03
-8.450243810e-03-8.300341256e-03-7.827614375e-03-7.010400572e-03-5.831141150e-03
-4.277720389e-03-2.345414841e-03-3.898385851e-05 2.625652028e-03 5.615432255e-03
 8.878002872e-03 1.240941299e-02 1.619411219e-02 2.021647449e-02 2.445650107e-02
 2.888723623e-02 3.346647862e-02 3.818335702e-02 4.269694231e-02 4.706203986e-02
 5.130652981e-02 5.528228315e-02 5.887014820e-02 6.199268902e-02 6.462488890e-02
 6.679136096e-02 6.854940526e-02 6.996716453e-02 7.110757004e-02 7.202147008e-02
 7.274718451e-02 7.331288457e-02 7.373954222e-02 7.404344555e-02 7.423800410e-02
 7.433489756e-02 7.434472743e-02 7.427733486e-02 7.414191851e-02 7.394716206e-02
 1.426634885e-03 3.236306807e-03 5.783838628e-03 9.078227699e-03 1.289663736e-02
 1.478014149e-02 1.399863021e-02 1.296890453e-02 1.189013476e-02 1.076909161e-02
 9.608800729e-03 8.415132838e-03 7.196179632e-03 5.961313027e-03 4.720684499e-03
 3.490301197e-03 2.293627222e-03 1.154978567e-03 9.923111321e-05-8.484856819e-04
-1.663070466e-03-2.319723545e-03-2.794219292e-03-3.063185317e-03-3.104400532e-03
-2.897135967e-03-2.422634989e-03-1.664838506e-03-6.112323567e-04 7.463716649e-04
 2.411436585e-03 4.378819506e-03 6.628704600e-03 9.153155660e-03 1.195526890e-02
 1.503314385e-02 1.838789133e-02 2.202179225e-02 2.593906863e-02 3.014805415e-02
 3.466947729e-02 3.940372988e-02 4.415252199e-02 4.906089387e-02 5.403205020e-02
 5.887664695e-02 6.329215301e-02 6.696082323e-02 6.969688533e-02 7.150083486e-02
 7.255864382e-02 7.313614889e-02 7.344059613e-02 7.359716397e-02 7.367338113e-02
 7.370164261e-02 7.369505776e-02 7.365725433e-02 7.358789194e-02 7.348553458e-02
 7.334902033e-02 7.317801563e-02 7.297314146e-02 7.273587189e-02 7.246812066e-02
 1.404192931e-03 3.184886508e-03 5.690167356e-03 8.926014598e-03 1.264608134e-02
 1.437344547e-02 1.349909479e-02 1.262580895e-02 1.170740534e-02 1.074011225e-02
 9.742346178e-03 8.729325973e-03 7.715602360e-03 6.715357729e-03 5.742483597e-03
 4.810680837e-03 3.937942438e-03 3.146483194e-03 2.457929071e-03 1.893058467e-03
 1.471546224e-03 1.211710626e-03 1.130247695e-03 1.241985798e-03 1.559736355e-03
 2.094391292e-03 2.854766951e-03 3.846317758e-03 5.069227883e-03 6.515161159e-03
 8.190434134e-03 1.010132843e-02 1.225194924e-02 1.464805322e-02 1.729829550e-02
 2.021353923e-02 2.340727826e-02 2.689607701e-02 3.070005074e-02 3.484273023e-02
 3.934661633e-02 4.422033915e-02 4.950334507e-02 5.529991700e-02 6.174420013e-02
 6.917307717e-02 7.614870821e-02 8.090262148e-02 8.307264924e-02 8.258136775e-02
 8.058022851e-02 7.893052281e-02 7.753994377e-02 7.641938737e-02 7.552850744e-02
 7.481343013e-02 7.422664969e-02 7.373032185e-02 7.329552665e-02 7.290066868e-02
 7.252991936e-02 7.217193777e-02 7.181891134e-02 7.146591000e-02 7.111048919e-02
 1.368912355e-03 3.104893460e-03 5.546986386e-03 8.699935187e-03 1.231891634e-02
 1.392675934e-02 1.292603061e-02 1.209304966e-02 1.126612765e-02 1.040003789e-02
 9.517577215e-03 8.641112870e-03 7.790991181e-03 6.985827188e-03 6.242757184e-03
 5.577646399e-03 5.005355207e-03 4.542414722e-03 4.206506788e-03 4.013008958e-03
 3.974879625e-03 4.102438100e-03 4.402917642e-03 4.879820849e-03 5.531919252e-03
 6.356419257e-03 7.354033950e-03 8.523693036e-03 9.863648448e-03 1.137295188e-02
 1.305434189e-02 1.491418233e-02 1.696244300e-02 1.921281081e-02 2.168255090e-02
 2.439266798e-02 2.736820016e-02 3.063781721e-02 3.423388671e-02 3.819403010e-02
 4.256560724e-02 4.741533486e-02 5.284555103e-02 5.901847818e-02 6.619067680e-02
 7.464536730e-02 8.228986752e-02 8.734139615e-02 8.983910123e-02 8.971531402e-02
 8.680577368e-02 8.283732438e-02 8.000957978e-02 7.796945914e-02 7.643504780e-02
 7.523754366e-02 7.427127238e-02 7.346711708e-02 7.277818616e-02 7.217171503e-02
 7.162426953e-02 7.111877446e-02 7.064256800e-02 7.018588802e-02 6.973969198e-02
 1.320573365e-03 2.997071702e-03 5.359088017e-03 8.415391298e-03 1.193511896e-02
 1.345094305e-02 1.232759358e-02 1.143814186e-02 1.058377044e-02 9.720233765e-03
 8.872854368e-03 8.065963312e-03 7.322664127e-03 6.664119428e-03 6.109186433e-03
 5.674350972e-03 5.373869503e-03 5.220071103e-03 5.223840496e-03 5.393107627e-03
 5.732466228e-03 6.243662720e-03 6.924684599e-03 7.769531375e-03 8.768385543e-03
 9.908636499e-03 1.117648078e-02 1.255826809e-02 1.404257130e-02 1.562247849e-02
 1.729751579e-02 1.907451209e-02 2.096775932e-02 2.300469682e-02 2.521072053e-02
 2.760786597e-02 3.024490715e-02 3.316111027e-02 3.639761181e-02 3.999120097e-02
 4.396873906e-02 4.837464424e-02 5.326203892e-02 5.869424297e-02 6.475266798e-02
 7.156614444e-02 7.773525572e-02 8.206835682e-02 8.452683021e-02 8.502071568e-02
 8.340180907e-02 8.078982889e-02 7.871836235e-02 7.703592107e-02 7.564332907e-02
 7.446928051e-02 7.346209805e-02 7.258388749e-02 7.180631844e-02 7.110772763e-02
 7.047118313e-02 6.988318432e-02 6.933276017e-02 6.881078653e-02 6.830777304e-02
 1.253091149e-03 2.847245002e-03 5.099482697e-03 8.024240460e-03 1.138518961e-02
 1.271956250e-02 1.149644643e-02 1.046600309e-02 9.496434697e-03 8.548947447e-03
 7.655322081e-03 6.846455508e-03 6.150558741e-03 5.591940300e-03 5.190458483e-03
 4.961596530e-03 4.916946845e-03 5.064793057e-03 5.410504424e-03 5.956462869e-03
 6.701674788e-03 7.641095030e-03 8.764583366e-03 1.005579775e-02 1.149138259e-02
 1.304101725e-02 1.466900275e-02 1.633794191e-02 1.801449216e-02 1.967601756e-02
 2.131401867e-02 2.293600376e-02 2.460386573e-02 2.631849174e-02 2.812447935e-02
 3.006264656e-02 3.220178007e-02 3.459107241e-02 3.728124833e-02 4.031097355e-02
 4.369076338e-02 4.743144676e-02 5.151411600e-02 5.587263091e-02 6.037136859e-02
 6.477831684e-02 6.877458850e-02 7.204751219e-02 7.439182819e-02 7.574423528e-02
 7.619549999e-02 7.597588614e-02 7.535691565e-02 7.454543087e-02 7.366514447e-02
 7.278290695e-02 7.193257895e-02 7.112940637e-02 7.037818551e-02 6.967795504e-02
 6.902473474e-02 6.841313407e-02 6.783729730e-02 6.729153627e-02 6.677394293e-02
 1.155092423e-03 2.629837047e-03 4.722969937e-03 7.456677191e-03 1.061746002e-02
 1.175527962e-02 1.024805346e-02 8.983862246e-03 7.795289680e-03 6.658663123e-03
 5.622578470e-03 4.732582856e-03 4.026877129e-03 3.533952238e-03 3.272388730e-03
 3.252563792e-03 3.479281623e-03 3.954201654e-03 4.677346164e-03 5.647494072e-03
 6.861568339e-03 8.313113458e-03 9.989808958e-03 1.186986975e-02 1.391736983e-02
 1.607735294e-02 1.827337786e-02 2.041234099e-02 2.240115070e-02 2.416827061e-02
 2.573021973e-02 2.709394171e-02 2.831290950e-02 2.947183144e-02 3.064970850e-02
 3.191708811e-02 3.333809709e-02 3.497671368e-02 3.690293141e-02 3.919190662e-02
 4.190924725e-02 4.508355691e-02 4.867988236e-02 5.259107680e-02 5.664909028e-02
 6.064392453e-02 6.434308764e-02 6.751850687e-02 6.998841253e-02 7.166436322e-02
 7.257584873e-02 7.285116427e-02 7.266428113e-02 7.218154492e-02 7.153294450e-02
 7.080759061e-02 7.006117887e-02 6.932584890e-02 6.861841854e-02 6.794622953e-02
 6.731099718e-02 6.671125115e-02 6.614385098e-02 6.560484252e-02 6.508594831e-02
 1.009177386e-03 2.306301441e-03 4.164044785e-03 6.618601627e-03 9.461306866e-03
 1.025156464e-02 8.421442814e-03 6.789800743e-03 5.217678337e-03 3.720166686e-03
 2.395721313e-03 1.323140400e-03 5.604549492e-04 1.369695012e-04 5.571086166e-05
 3.042975707e-04 8.668745286e-04 1.731477644e-03 2.892235059e-03 4.348537378e-03
 6.103188766e-03 8.160354431e-03 1.052290138e-02 1.318754103e-02 1.613464634e-02
 1.930779819e-02 2.257928342e-02 2.571452151e-02 2.838946657e-02 3.037533146e-02
 3.160408945e-02 3.221411484e-02 3.248785892e-02 3.265845163e-02 3.286176132e-02
 3.315944732e-02 3.357612779e-02 3.413574063e-02 3.490932414e-02 3.608065546e-02
 3.795255645e-02 4.076997118e-02 4.451870713e-02 4.892680846e-02 5.366284453e-02
 5.847309161e-02 6.310974516e-02 6.719431195e-02 7.023699660e-02 7.192912865e-02
 7.238400551e-02 7.204092608e-02 7.132847565e-02 7.049105288e-02 6.963698519e-02
 6.881000911e-02 6.802654610e-02 6.729135915e-02 6.660396282e-02 6.596139376e-02
 6.535952157e-02 6.479373077e-02 6.425931126e-02 6.375174640e-02 6.326894424e-02
 7.904385260e-04 1.816190116e-03 3.309219127e-03 5.334725766e-03 7.732084093e-03
 8.126183621e-03 5.971963796e-03 3.639237061e-03 1.355145789e-03-8.180919880e-04
-2.715296235e-03-4.132545920e-03-4.937646419e-03-5.132908397e-03-4.820049719e-03
-4.109588367e-03-3.068338154e-03-1.720117899e-03-6.330624184e-05 1.915537766e-03
 4.235665088e-03 6.922295221e-03 1.001103785e-02 1.355531543e-02 1.763583342e-02
 2.236761326e-02 2.787327166e-02 3.401025527e-02 3.926862494e-02 4.169839226e-02
 4.101919818e-02 3.882360500e-02 3.689219837e-02 3.549888125e-02 3.452924842e-02
 3.382974359e-02 3.324071737e-02 3.256757307e-02 3.150830460e-02 2.941531168e-02
 2.865386839e-02 3.125339459e-02 3.758174231e-02 4.455129920e-02 5.090146611e-02
 5.732781397e-02 6.448899599e-02 7.366181029e-02 7.911222416e-02 7.991866125e-02
 7.572350420e-02 7.239277523e-02 7.022163605e-02 6.866483572e-02 6.746562530e-02
 6.649042118e-02 6.566451184e-02 6.494347350e-02 6.429940536e-02 6.371386517e-02
 6.317404993e-02 6.267056905e-02 6.219603149e-02 6.174436405e-02 6.131199602e-02
 4.865866236e-04 1.109574688e-03 2.005934986e-03 3.232751982e-03 4.754481898e-03
 4.566207174e-03 2.041653902e-03-8.026385721e-04-4.016482111e-03-7.671107972e-03
-1.129545286e-02-1.363536988e-02-1.402861958e-02-1.288257353e-02-1.137305487e-02
-9.823085607e-03-8.174087058e-03-6.326075204e-03-4.197090081e-03-1.734443231e-03
 1.091501041e-03 4.302228411e-03 7.929416198e-03 1.203540762e-02 1.674108117e-02
 2.227831293e-02 2.911812042e-02 3.839267594e-02 4.731955333e-02 5.020464926e-02
 4.674098634e-02 4.115528675e-02 3.799846531e-02 3.602717586e-02 3.472186636e-02
 3.379807064e-02 3.306219127e-02 3.235133629e-02 3.152208130e-02 3.064219329e-02
 3.090245684e-02 3.325100054e-02 3.756261722e-02 4.292116041e-02 4.837833493e-02
 5.397862620e-02 5.988912171e-02 6.577534561e-02 7.005489988e-02 7.144463822e-02
 7.002157593e-02 6.800345753e-02 6.638853502e-02 6.515208189e-02 6.418256731e-02
 6.339624093e-02 6.273638504e-02 6.216421990e-02 6.165624997e-02 6.119268164e-02
 6.076372789e-02 6.036179859e-02 5.998155243e-02 5.961266829e-02 5.924767500e-02
 1.648494696e-04 3.427654309e-04 5.227002295e-04 5.953456137e-04 3.413693926e-04
-5.423134520e-04-2.250437441e-03-4.823379578e-03-8.382630909e-03-1.336473664e-02
-1.964025951e-02-2.314688006e-02-2.323174461e-02-1.963326093e-02-1.730715116e-02
-1.557759022e-02-1.390117214e-02-1.194225319e-02-9.528425008e-03-6.628346283e-03
-3.299441567e-03 3.773237984e-04 4.340604495e-03 8.560257328e-03 1.302653490e-02
 1.771918616e-02 2.253790369e-02 2.716957763e-02 3.100847163e-02 3.346801916e-02
 3.443935015e-02 3.438537347e-02 3.391752144e-02 3.341682320e-02 3.302301715e-02
 3.277416894e-02 3.267947719e-02 3.275541833e-02 3.306823765e-02 3.374654137e-02
 3.496653605e-02 3.685511113e-02 3.940295588e-02 4.246925691e-02 4.584984594e-02
 4.934393733e-02 5.273892233e-02 5.577213141e-02 5.816126767e-02 5.972375792e-02
 6.049236957e-02 6.068701445e-02 6.056236491e-02 6.029712654e-02 5.998533124e-02
 5.966878019e-02 5.936221211e-02 5.906828325e-02 5.878474941e-02 5.850737608e-02
 5.823197386e-02 5.795624177e-02 5.768841477e-02 5.741916132e-02 5.714496239e-02
-5.868406468e-05-1.671968056e-04-3.869942769e-04-7.911411288e-04-1.473252272e-03
-2.533913747e-03-4.060847282e-03-6.114428686e-03-8.709697598e-03-1.176582403e-02
-1.489004634e-02-1.742875854e-02-1.901698420e-02-1.986736451e-02-2.053407752e-02
-2.110345494e-02-2.105972759e-02-1.973386023e-02-1.690501000e-02-1.297005282e-02
-8.556332856e-03-4.056650314e-03 3.799682673e-04 4.709500540e-03 8.910498492e-03
 1.294494543e-02 1.673815058e-02 2.017516046e-02 2.312395770e-02 2.548636824e-02
 2.724838832e-02 2.849110273e-02 2.935420911e-02 2.998421532e-02 3.050240963e-02
 3.099937679e-02 3.154397085e-02 3.219512362e-02 3.301008435e-02 3.404527784e-02
 3.534800637e-02 3.694199013e-02 3.881500915e-02 4.091614446e-02 4.316284921e-02
 4.545188183e-02 4.766952256e-02 4.970293216e-02 5.145676602e-02 5.287284541e-02
 5.394246849e-02 5.470185101e-02 5.521278963e-02 5.554076641e-02 5.574085182e-02
 5.585306899e-02 5.590356440e-02 5.590784154e-02 5.587407525e-02 5.580587828e-02
 5.570445336e-02 5.556962080e-02 5.542224210e-02 5.525053204e-02 5.504900557e-02
-1.623812855e-04-3.891928642e-04-7.464381550e-04-1.270498016e-03-2.002441911e-03
-2.981749703e-03-4.238111474e-03-5.780994107e-03-7.590158206e-03-9.614576895e-03
-1.177741224e-02-1.402533249e-02-1.641035959e-02-1.917420461e-02-2.286481145e-02
-2.871438717e-02-3.496640653e-02-3.494433033e-02-2.874986735e-02-1.937414645e-02
-1.255348473e-02-6.951888754e-03-2.060484711e-03 2.345407537e-03 6.367693264e-03
 1.004537494e-02 1.338266768e-02 1.636663625e-02 1.898198505e-02 2.122444097e-02
 2.311031627e-02 2.467905524e-02 2.598829637e-02 2.710469869e-02 2.809512260e-02
 2.902105616e-02 2.993650930e-02 3.088792270e-02 3.191431177e-02 3.304638901e-02
 3.430434091e-02 3.569494966e-02 3.720939600e-02 3.882295865e-02 4.049705556e-02
 4.218328720e-02 4.382886137e-02 4.538285735e-02 4.680265622e-02 4.805933847e-02
 4.914050216e-02 5.004950749e-02 5.080153407e-02 5.141807712e-02 5.192173457e-02
 5.233242033e-02 5.266522982e-02 5.292967557e-02 5.312997995e-02 5.326630447e-02
 5.333685265e-02 5.334017564e-02 5.329822706e-02 5.320501335e-02 5.306560440e-02
-1.874955607e-04-4.354291948e-04-8.020391636e-04-1.303530097e-03-1.956889402e-03
-2.777022341e-03-3.773778497e-03-4.948907004e-03-6.292931216e-03-7.800521241e-03
-9.466589884e-03-1.130688296e-02-1.337558506e-02-1.577501895e-02-1.863313861e-02
-2.186809899e-02-2.424250422e-02-2.391771326e-02-2.059007120e-02-1.552174917e-02
-1.039313216e-02-5.649747926e-03-1.308393321e-03 2.659451765e-03 6.267925320e-03
 9.520026624e-03 1.242026553e-02 1.498275232e-02 1.723206279e-02 1.920002529e-02
 2.092243454e-02 2.243722412e-02 2.378350492e-02 2.500058568e-02 2.612672848e-02
 2.719785990e-02 2.824647477e-02 2.930076416e-02 3.038383892e-02 3.151291616e-02
 3.269846436e-02 3.394347250e-02 3.524311812e-02 3.658509626e-02 3.795074633e-02
 3.931694195e-02 4.065855564e-02 4.195119598e-02 4.317383163e-02 4.431087656e-02
 4.535336352e-02 4.629901197e-02 4.715125764e-02 4.791753219e-02 4.860715326e-02
 4.922908278e-02 4.978961676e-02 5.028994266e-02 5.072371902e-02 5.107585061e-02
 5.132545803e-02 5.145632320e-02 5.146957201e-02 5.139638951e-02 5.126116516e-02
-1.725727346e-04-3.953599412e-04-7.153346985e-04-1.138364851e-03-1.669939363e-03
-2.313885593e-03-3.071191595e-03-3.938281772e-03-4.905400094e-03-5.966115757e-03
-7.107557675e-03-8.313834804e-03-9.557407367e-03-1.078333043e-02-1.187946745e-02
-1.264051157e-02-1.277828241e-02-1.203255092e-02-1.032111375e-02-7.784939238e-03
-4.690138447e-03-1.298363519e-03 2.179938739e-03 5.564111320e-03 8.686058653e-03
 1.141827430e-02 1.372112172e-02 1.564711593e-02 1.729168187e-02 1.874205537e-02
 2.005855672e-02 2.127894380e-02 2.242794973e-02 2.352424035e-02 2.458400021e-02
 2.562225388e-02 2.665297806e-02 2.768866590e-02 2.873969733e-02 2.981369731e-02
 3.091499116e-02 3.204424548e-02 3.319837496e-02 3.437077604e-02 3.555190942e-02
 3.673020109e-02 3.789317775e-02 3.902870844e-02 4.012619938e-02 4.117759078e-02
 4.217803674e-02 4.312620864e-02 4.402423179e-02 4.487731747e-02 4.569315466e-02
 4.648103571e-02 4.725042398e-02 4.800799317e-02 4.875041243e-02 4.944586012e-02
 4.999715309e-02 5.025708114e-02 5.020387309e-02 4.997134962e-02 4.966983075e-02
-1.410496527e-04-3.205957403e-04-5.739182237e-04-9.015464573e-04-1.303022743e-03
-1.776184016e-03-2.316391774e-03-2.914729340e-03-3.557372467e-03-4.230352980e-03
-4.911776653e-03-5.571366677e-03-6.165163290e-03-6.633090226e-03-6.895737433e-03
-6.856627596e-03-6.414676384e-03-5.485594014e-03-4.022142662e-03-2.020054298e-03
 4.944256732e-04 3.484686422e-03 6.904572766e-03 1.059898077e-02 1.398547605e-02
 1.630354624e-02 1.742929330e-02 1.799449027e-02 1.851285525e-02 1.913365228e-02
 1.985718882e-02 2.065616796e-02 2.150602063e-02 2.238980899e-02 2.329740855e-02
 2.422370607e-02 2.516688050e-02 2.612696670e-02 2.710470745e-02 2.810066738e-02
 2.911458724e-02 3.014496728e-02 3.118887442e-02 3.224196644e-02 3.329871742e-02
 3.435281471e-02 3.539768224e-02 3.642707383e-02 3.743567605e-02 3.841966735e-02
 3.937719946e-02 4.030879843e-02 4.121772518e-02 4.211039103e-02 4.299700320e-02
 4.389275311e-02 4.482014518e-02 4.581373667e-02 4.693039830e-02 4.827647479e-02
 5.004099247e-02 5.061812710e-02 4.957696086e-02 4.867445474e-02 4.804450393e-02
-1.055444752e-04-2.384760435e-04-4.234177051e-04-6.582602817e-04-9.395973462e-04
-1.262250006e-03-1.618769014e-03-1.998689520e-03-2.382127337e-03-2.757514180e-03
-3.102290313e-03-3.388723286e-03-3.580384257e-03-3.635375007e-03-3.505615821e-03
-3.139107797e-03-2.483812538e-03-1.492054957e-03-1.226980717e-04 1.662137182e-03
 3.909195884e-03 6.702446585e-03 1.023518234e-02 1.504291597e-02 2.023656064e-02
 2.245634013e-02 2.164925118e-02 1.967252366e-02 1.909112450e-02 1.909502021e-02
 1.941528188e-02 1.992669875e-02 2.056128292e-02 2.127890003e-02 2.205477656e-02
 2.287328051e-02 2.372442810e-02 2.460172955e-02 2.550076952e-02 2.641823657e-02
 2.735125821e-02 2.829696469e-02 2.925223798e-02 3.021361691e-02 3.117733507e-02
 3.213946713e-02 3.309615706e-02 3.404390024e-02 3.497985247e-02 3.590214457e-02
 3.681019144e-02 3.770500050e-02 3.858950687e-02 3.946899345e-02 4.035170057e-02
 4.124980317e-02 4.218105762e-02 4.317162477e-02 4.426091321e-02 4.550928676e-02
 4.722018975e-02 4.776590140e-02 4.693526430e-02 4.620910522e-02 4.568411399e-02
-7.237237147e-05-1.626054691e-04-2.864188459e-04-4.407038075e-04-6.210611482e-04
-8.215106660e-04-1.034087404e-03-1.247168622e-03-1.444133532e-03-1.609968546e-03
-1.728912174e-03-1.780427272e-03-1.738715925e-03-1.575924430e-03-1.264313513e-03
-7.755276740e-04-7.655184736e-05 8.595007076e-04 2.055337823e-03 3.528961700e-03
 5.291655426e-03 7.340306288e-03 9.633312675e-03 1.202222390e-02 1.418286347e-02
 1.575859317e-02 1.665081424e-02 1.709101199e-02 1.739938682e-02 1.775049670e-02
 1.819248700e-02 1.872461387e-02 1.933321258e-02 2.000349562e-02 2.072279469e-02
 2.148105928e-02 2.227053165e-02 2.308522838e-02 2.392043913e-02 2.477230935e-02
 2.563751612e-02 2.651302679e-02 2.739593550e-02 2.828337584e-02 2.917250424e-02
 3.006054383e-02 3.094487468e-02 3.182315524e-02 3.269345906e-02 3.355441173e-02
 3.440531355e-02 3.524623289e-02 3.607805015e-02 3.690241635e-02 3.772154855e-02
 3.853768620e-02 3.935180821e-02 4.016072310e-02 4.095072463e-02 4.168538941e-02
 4.229252227e-02 4.268572826e-02 4.284164997e-02 4.282718138e-02 4.272830514e-02
-4.422005760e-05-9.864508621e-05-1.719902123e-04-2.610877957e-04-3.617056696e-04
-4.684766902e-04-5.748684959e-04-6.721286534e-04-7.441623132e-04-7.671789947e-04
-7.413196116e-04-6.529702579e-04-4.842581394e-04-2.162904308e-04 1.624152866e-04
 6.730265680e-04 1.331609079e-03 2.149637239e-03 3.133193955e-03 4.280677166e-03
 5.579214032e-03 6.999637021e-03 8.491071692e-03 9.978966294e-03 1.137570854e-02
 1.260751065e-02 1.364369340e-02 1.450498027e-02 1.524423793e-02 1.591799200e-02
 1.656902909e-02 1.722341445e-02 1.789445720e-02 1.858753427e-02 1.930368565e-02
 2.004177631e-02 2.079970964e-02 2.157498321e-02 2.236489818e-02 2.316678900e-02
 2.397818170e-02 2.479676619e-02 2.562030312e-02 2.644658643e-02 2.727345328e-02
 2.809878669e-02 2.892057528e-02 2.973694189e-02 3.054619338e-02 3.134685590e-02
 3.213765897e-02 3.291751165e-02 3.368536124e-02 3.443997096e-02 3.517951691e-02
 3.590095025e-02 3.659906508e-02 3.726524995e-02 3.788631486e-02 3.844435536e-02
 3.891937402e-02 3.929555073e-02 3.956811274e-02 3.974499861e-02 3.984432622e-02
-2.174888846e-05-4.780126863e-05-8.156278311e-05-1.201721125e-04-1.598980356e-04
-1.961358113e-04-2.234712479e-04-2.363292296e-04-2.193378004e-04-1.611951277e-04
-5.126581615e-05 1.074432647e-04 3.397838729e-04 6.451768975e-04 1.036234366e-03
 1.528008069e-03 2.113177268e-03 2.816537628e-03 3.617562996e-03 4.519147412e-03
 5.509873629e-03 6.556551437e-03 7.656192772e-03 8.750605097e-03 9.823851398e-03
 1.084382287e-02 1.178697339e-02 1.267376543e-02 1.348508598e-02 1.425971576e-02
 1.499912168e-02 1.571618665e-02 1.643880061e-02 1.714725496e-02 1.787664750e-02
 1.860519863e-02 1.934174581e-02 2.009651071e-02 2.084684274e-02 2.161698297e-02
 2.238196498e-02 2.315342103e-02 2.393008757e-02 2.469711135e-02 2.547828022e-02
 2.624446565e-02 2.701343434e-02 2.777569989e-02 2.852273910e-02 2.927427960e-02
 3.000131290e-02 3.072706969e-02 3.143356314e-02 3.211920409e-02 3.279601872e-02
 3.343648884e-02 3.406099640e-02 3.464622372e-02 3.518581046e-02 3.568840944e-02
 3.612215287e-02 3.650717181e-02 3.682558706e-02 3.707824188e-02 3.728719598e-02
 0.164371992E+01 0.165967910E+01 0.167401386E+01 0.168885221E+01 0.170402549E+01
 0.171950162E+01 0.173532906E+01 0.175153187E+01 0.176815022E+01 0.178523213E+01
 0.180281844E+01 0.182095957E+01 0.183970235E+01 0.185908164E+01 0.187915587E+01
 0.189998810E+01 0.192162607E+01 0.194411395E+01 0.196750173E+01 0.199187431E+01
 0.201729861E+01 0.204383648E+01 0.207154627E+01 0.210049384E+01 0.213079048E+01
 0.216253206E+01 0.219580638E+01 0.223070559E+01 0.226732727E+01 0.230579904E+01
 0.234627939E+01 0.238891374E+01 0.243385104E+01 0.248125210E+01 0.253129732E+01
 0.258420723E+01 0.264023863E+01 0.269965536E+01 0.276274553E+01 0.282982446E+01
 0.290124329E+01 0.297742127E+01 0.305885376E+01 0.314607780E+01 0.323970096E+01
 0.334042352E+01 0.344905241E+01 0.356652465E+01 0.369395730E+01 0.383266469E+01
 0.398419832E+01 0.415041093E+01 0.433357336E+01 0.453646372E+01 0.476254408E+01
 0.501626081E+01 0.530342084E+01 0.563165488E+01 0.601127876E+01 0.645723863E+01
 0.699275885E+01 0.765714775E+01 0.852739196E+01 0.980811238E+01 0.163446895E+02
  361   98
 0.572266124E+00 0.118888242E+01 0.565718261E+00 0.117501314E+01 0.559173197E+00
 0.116114253E+01 0.552639461E+00 0.114726659E+01 0.546120199E+00 0.113338384E+01
 0.539621748E+00 0.111949134E+01 0.533153597E+00 0.110558470E+01 0.526727900E+00
 0.109165840E+01 0.520355781E+00 0.107770751E+01 0.514044627E+00 0.106372894E+01
 0.507800192E+00 0.104972043E+01 0.501628698E+00 0.103567964E+01 0.495536458E+00
 0.102160429E+01 0.489528676E+00 0.100749268E+01 0.483608416E+00 0.993344131E+00
 0.477777620E+00 0.979158479E+00 0.472038646E+00 0.964935433E+00 0.466393593E+00
 0.950674850E+00 0.460844246E+00 0.936376753E+00 0.455390869E+00 0.922041778E+00
 0.450032579E+00 0.907670988E+00 0.444769532E+00 0.893265046E+00 0.439603209E+00
 0.878824135E+00 0.434535374E+00 0.864348367E+00 0.429566043E+00 0.849838489E+00
 0.424693662E+00 0.835295767E+00 0.419916599E+00 0.820721456E+00 0.415236177E+00
 0.806115825E+00 0.410656120E+00 0.791478413E+00 0.406179379E+00 0.776809073E+00
 0.401807366E+00 0.762108181E+00 0.397540101E+00 0.747376542E+00 0.393376873E+00
 0.732615164E+00 0.389317787E+00 0.717824810E+00 0.385364547E+00 0.703005816E+00
 0.381519364E+00 0.688158417E+00 0.377783946E+00 0.673283024E+00 0.374157775E+00
 0.658380623E+00 0.370639191E+00 0.643452452E+00 0.367226101E+00 0.628499807E+00
 0.363916285E+00 0.613523963E+00 0.360708268E+00 0.598525982E+00 0.357602007E+00
 0.583506597E+00 0.354598031E+00 0.568466420E+00 0.351696998E+00 0.553406048E+00
 0.348899274E+00 0.538326144E+00 0.346203516E+00 0.523227676E+00 0.343607633E+00
 0.508111717E+00 0.341109581E+00 0.492979281E+00 0.338707401E+00 0.477831329E+00
 0.336398986E+00 0.462668804E+00 0.334181923E+00 0.447492651E+00 0.332054112E+00
 0.432303727E+00 0.330014087E+00 0.417102763E+00 0.328061099E+00 0.401890372E+00
 0.326194643E+00 0.386667121E+00 0.324414053E+00 0.371433587E+00 0.322718409E+00
 0.356190365E+00 0.321106570E+00 0.340938052E+00 0.319577143E+00 0.325677255E+00
 0.318128598E+00 0.310408567E+00 0.316759689E+00 0.295132534E+00 0.315469453E+00
 0.279849654E+00 0.314257082E+00 0.264560400E+00 0.313121416E+00 0.249265257E+00
 0.312061096E+00 0.233964705E+00 0.311074879E+00 0.218659198E+00 0.310161651E+00
 0.203349162E+00 0.309320278E+00 0.188035009E+00 0.308549437E+00 0.172717143E+00
 0.307847971E+00 0.157395943E+00 0.307214953E+00 0.142071762E+00 0.306649685E+00
 0.126744932E+00 0.306151779E+00 0.111415766E+00 0.305720965E+00 0.960845682E-01
 0.305356986E+00 0.807516376E-01 0.305059620E+00 0.654172704E-01 0.304828520E+00
 0.500817612E-01 0.304663070E+00 0.347454030E-01 0.304562817E+00 0.194084800E-01
 0.304527490E+00 0.407126998E-02 0.304556955E+00-0.112659525E-01 0.304651155E+00
-0.266029139E-01 0.304810118E+00-0.419393408E-01 0.305033986E+00-0.572749576E-01
 0.305323025E+00-0.726094844E-01 0.305677621E+00-0.879426352E-01 0.306098271E+00
-0.103274116E+00 0.306585654E+00-0.118603620E+00 0.307140652E+00-0.133930825E+00
 0.307764289E+00-0.149255390E+00 0.308457258E+00-0.164576976E+00 0.309220060E+00
-0.179895244E+00 0.310053226E+00-0.195209847E+00 0.310957346E+00-0.210520423E+00
 0.311933272E+00-0.225826591E+00 0.312982339E+00-0.241127918E+00 0.314106155E+00
-0.256423937E+00 0.315306527E+00-0.271714138E+00 0.316585308E+00-0.286997980E+00
 0.317943756E+00-0.302274947E+00 0.319382922E+00-0.317544521E+00 0.320904017E+00
-0.332806151E+00 0.322508445E+00-0.348059244E+00 0.324197405E+00-0.363303209E+00
 0.325971477E+00-0.378537502E+00 0.327831277E+00-0.393761568E+00 0.329777566E+00
-0.408974818E+00 0.331811309E+00-0.424176624E+00 0.333933954E+00-0.439366270E+00
 0.336147309E+00-0.454542963E+00 0.338453469E+00-0.469705831E+00 0.340854733E+00
-0.484853927E+00 0.343353359E+00-0.499986267E+00 0.345951276E+00-0.515101877E+00
 0.348650539E+00-0.530199717E+00 0.351453268E+00-0.545278692E+00 0.354361412E+00
-0.560337690E+00 0.357375615E+00-0.575375819E+00 0.360495714E+00-0.590392334E+00
 0.363721666E+00-0.605386466E+00 0.367053940E+00-0.620357326E+00 0.370493980E+00
-0.635303791E+00 0.374044010E+00-0.650224513E+00 0.377706182E+00-0.665118106E+00
 0.381482130E+00-0.679983260E+00 0.385372713E+00-0.694818823E+00 0.389377368E+00
-0.709624003E+00 0.393494767E+00-0.724398225E+00 0.397724320E+00-0.739140731E+00
 0.402067036E+00-0.753850299E+00 0.406524781E+00-0.768525416E+00 0.411098332E+00
-0.783164855E+00 0.415786799E+00-0.797767897E+00 0.420587873E+00-0.812334307E+00
 0.425498554E+00-0.826864134E+00 0.430518011E+00-0.841356741E+00 0.435649607E+00
-0.855810020E+00 0.440896890E+00-0.870221700E+00 0.446261578E+00-0.884590089E+00
 0.451743170E+00-0.898914287E+00 0.457341609E+00-0.913193220E+00 0.463061428E+00
-0.927423961E+00 0.468909185E+00-0.941602605E+00 0.474890218E+00-0.955725541E+00
 0.481007926E+00-0.969789810E+00 0.487267138E+00-0.983791670E+00 0.493678606E+00
-0.997724457E+00 0.500257293E+00-0.101157906E+01 0.507019373E+00-0.102534506E+01
 0.513983091E+00-0.103901013E+01 0.521176543E+00-0.105255563E+01 0.528649338E+00
-0.106594893E+01 0.536476290E+00-0.107913817E+01 0.544766763E+00-0.109204064E+01
 0.553687791E+00-0.110451437E+01 0.563512310E+00-0.111628669E+01 0.574656039E+00
-0.112681042E+01 0.587533781E+00-0.113509617E+01 0.602019730E+00-0.114003072E+01
 0.617264633E+00-0.114149739E+01 0.632556691E+00-0.114044430E+01 0.647666689E+00
-0.113783332E+01 0.662583554E+00-0.113427268E+01 0.677343098E+00-0.113010500E+01
 0.691981176E+00-0.112552795E+01 0.706524259E+00-0.112065707E+01 0.720990796E+00
-0.111556317E+01 0.735392784E+00-0.111028944E+01 0.749740145E+00-0.110486879E+01
 0.764040508E+00-0.109932532E+01 0.778294137E+00-0.109366277E+01 0.792494284E+00
-0.108786745E+01 0.806632271E+00-0.108192213E+01 0.820698709E+00-0.107580949E+01
 0.834683407E+00-0.106951213E+01 0.848576521E+00-0.106301524E+01 0.862368653E+00
-0.105630669E+01 0.876051508E+00-0.104937799E+01 0.889618664E+00-0.104222539E+01
 0.903071363E+00-0.103485974E+01 0.916412980E+00-0.102729473E+01 0.929632167E+00
-0.101951784E+01 0.942705837E+00-0.101149881E+01 0.955614285E+00-0.100321649E+01
 0.968344636E+00-0.994662964E+00 0.980889307E+00-0.985839356E+00 0.993251378E+00
-0.976761635E+00 0.100544153E+01-0.967454276E+00 0.101746784E+01-0.957936127E+00
 0.102932645E+01-0.948209860E+00 0.104100460E+01-0.938267657E+00 0.105248850E+01
-0.928101728E+00 0.106377048E+01-0.917712164E+00 0.107485622E+01-0.907113409E+00
 0.108576740E+01-0.896334975E+00 0.109652508E+01-0.885403308E+00 0.110712007E+01
-0.874313931E+00 0.111752417E+01-0.863045317E+00 0.112771694E+01-0.851585206E+00
 0.113770000E+01-0.839941934E+00 0.114749257E+01-0.828137964E+00 0.115711211E+01
-0.816192547E+00 0.116654235E+01-0.804097178E+00 0.117574964E+01-0.791831300E+00
 0.118471141E+01-0.779384931E+00 0.119342108E+01-0.766760859E+00 0.120188035E+01
-0.753967636E+00 0.121008532E+01-0.741009867E+00 0.121801758E+01-0.727883420E+00
 0.122565530E+01-0.714583465E+00 0.123299013E+01-0.701114093E+00 0.124002728E+01
-0.687486810E+00 0.124677151E+01-0.673712211E+00 0.125320823E+01-0.659791296E+00
 0.125932255E+01-0.645725801E+00 0.126511448E+01-0.631524495E+00 0.127059747E+01
-0.617201042E+00 0.127578847E+01-0.602769178E+00 0.128069378E+01-0.588237720E+00
 0.128531629E+01-0.573613834E+00 0.128966434E+01-0.558905992E+00 0.129375335E+01
-0.544124013E+00 0.129760782E+01-0.529279113E+00 0.130125838E+01-0.514382726E+00
 0.130473470E+01-0.499444690E+00 0.130806362E+01-0.484473100E+00 0.131126914E+01
-0.469474592E+00 0.131437070E+01-0.454454231E+00 0.131738683E+01-0.439416476E+00
 0.132033774E+01-0.424365778E+00 0.132324549E+01-0.409306679E+00 0.132613238E+01
-0.394243565E+00 0.132901821E+01-0.379180247E+00 0.133192267E+01-0.364120514E+00
 0.133486538E+01-0.349068209E+00 0.133786343E+01-0.334026833E+00 0.134091735E+01
-0.318996700E+00 0.134401681E+01-0.303975888E+00 0.134715140E+01-0.288962365E+00
 0.135031140E+01-0.273954171E+00 0.135348839E+01-0.258949562E+00 0.135667530E+01
-0.243947057E+00 0.135986442E+01-0.228945020E+00 0.136304555E+01-0.213941289E+00
 0.136620363E+01-0.198932692E+00 0.136931289E+01-0.183913912E+00 0.137233878E+01
-0.168878128E+00 0.137524358E+01-0.153818506E+00 0.137798763E+01-0.138728795E+00
 0.138053246E+01-0.123604242E+00 0.138285163E+01-0.108443470E+00 0.138492163E+01
-0.932467016E-01 0.138671774E+01-0.780151657E-01 0.138821458E+01-0.627513480E-01
 0.138939139E+01-0.474595489E-01 0.139023474E+01-0.321457576E-01 0.139073364E+01
-0.168168935E-01 0.139087956E+01-0.148061861E-02 0.139066816E+01 0.138548939E-01
 0.139010529E+01 0.291815464E-01 0.138920192E+01 0.444919221E-01 0.138797134E+01
 0.597794983E-01 0.138642874E+01 0.750387713E-01 0.138459521E+01 0.902658601E-01
 0.138249764E+01 0.105458860E+00 0.138016214E+01 0.120617138E+00 0.137761325E+01
 0.135741020E+00 0.137487623E+01 0.150832015E+00 0.137198848E+01 0.165894923E+00
 0.136899058E+01 0.180936319E+00 0.136592107E+01 0.195963276E+00 0.136281530E+01
 0.210982787E+00 0.135969972E+01 0.226000267E+00 0.135658773E+01 0.241018492E+00
 0.135348764E+01 0.256039178E+00 0.135040550E+01 0.271063556E+00 0.134734673E+01
 0.286092708E+00 0.134431750E+01 0.301127843E+00 0.134132520E+01 0.316170368E+00
 0.133837808E+01 0.331221807E+00 0.133548468E+01 0.346283666E+00 0.133264618E+01
 0.361355968E+00 0.132984553E+01 0.376435354E+00 0.132706189E+01 0.391517889E+00
 0.132427415E+01 0.406599669E+00 0.132146121E+01 0.421676764E+00 0.131859963E+01
 0.436744700E+00 0.131566521E+01 0.451798609E+00 0.131263518E+01 0.466833556E+00
 0.130948828E+01 0.481844467E+00 0.130620382E+01 0.496825862E+00 0.130275874E+01
 0.511771124E+00 0.129912829E+01 0.526672413E+00 0.129528466E+01 0.541520115E+00
 0.129119797E+01 0.556302726E+00 0.128684194E+01 0.571008189E+00 0.128219946E+01
 0.585625729E+00 0.127726148E+01 0.600146097E+00 0.127202631E+01 0.614561980E+00
 0.126649253E+01 0.628865884E+00 0.126064674E+01 0.643045097E+00 0.125447509E+01
 0.657085519E+00 0.124797621E+01 0.670977516E+00 0.124116495E+01 0.684719086E+00
 0.123406098E+01 0.698311660E+00 0.122666470E+01 0.711747396E+00 0.121897166E+01
 0.725015437E+00 0.121098930E+01 0.738111484E+00 0.120273975E+01 0.751040925E+00
 0.119424537E+01 0.763810886E+00 0.118551537E+01 0.776420935E+00 0.117654999E+01
 0.788864739E+00 0.116735392E+01 0.801139053E+00 0.115794575E+01 0.813251610E+00
 0.114835653E+01 0.825221394E+00 0.113860766E+01 0.837061508E+00 0.112868669E+01
 0.848757764E+00 0.111857383E+01 0.860288477E+00 0.110826230E+01 0.871641879E+00
 0.109776687E+01 0.882825540E+00 0.108711272E+01 0.893858145E+00 0.107631347E+01
 0.904748745E+00 0.106535106E+01 0.915475042E+00 0.105420211E+01 0.926007263E+00
 0.104285648E+01 0.936327302E+00 0.103131858E+01 0.946431930E+00 0.101960057E+01
 0.956327158E+00 0.100771506E+01 0.966020560E+00 0.995666999E+00 0.975511157E+00
 0.983449448E+00 0.984782496E+00 0.971051026E+00 0.993810475E+00 0.958466497E+00
 0.100257715E+01 0.945702623E+00 0.101108060E+01 0.932773147E+00 0.101933013E+01
 0.919696822E+00 0.102734492E+01 0.906495157E+00 0.103515160E+01 0.893181463E+00
 0.104276565E+01 0.879754612E+00 0.105017831E+01 0.866213468E+00 0.105738005E+01
 0.852564838E+00 0.106437599E+01 0.838819026E+00 0.107117902E+01 0.824987782E+00
 0.107780669E+01 0.811083713E+00 0.108428024E+01 0.797121062E+00 0.109062649E+01
 0.783115558E+00 0.109687764E+01 0.769080617E+00 0.110306244E+01 0.755023611E+00
 0.110919693E+01 0.740948519E+00 0.111528981E+01 0.726858609E+00 0.112134835E+01
 0.712756538E+00 0.112737854E+01 0.698646893E+00 0.113339098E+01 0.684534109E+00
 0.113939605E+01 0.670423779E+00 0.114540688E+01 0.656321241E+00 0.115143597E+01
 0.642233418E+00 0.115749936E+01 0.628167981E+00 0.116361449E+01 0.614132595E+00
 0.116979825E+01 0.600133473E+00 0.117606368E+01 0.586175104E+00 0.118241936E+01
 0.572266124E+00 0.118888242E+01
 0.156441580E+01 0.156423520E+01 0.173298350E+01 0.167901950E+01 0.134847970E+01
 0.206041340E+01 0.108819530E+01 0.205946000E+01 0.902253030E+00 0.187565310E+01
 0.903668760E+00 0.187424170E+01 0.533866470E+00 0.150285580E+01 0.538010660E+00
 0.149874330E+01 0.332797140E+00 0.129708960E+01 0.332797140E+00 0.109400000E+01
 0.334795920E+00 0.109400000E+01 0.303115250E+00 0.847500000E+00 0.305114030E+00
 0.847500000E+00 0.269135950E+00 0.565000000E+00 0.271134730E+00 0.565000000E+00
 0.260841000E+00 0.495257700E+00 0.260841000E+00-0.507257700E+00 0.271134730E+00
-0.576999960E+00 0.269135950E+00-0.576999960E+00 0.305114030E+00-0.859500000E+00
 0.303115250E+00-0.859500000E+00 0.334795920E+00-0.110600010E+01 0.332797140E+00
-0.110600010E+01 0.332797140E+00-0.130908970E+01 0.538598100E+00-0.150990190E+01
 0.534468950E+00-0.151402960E+01 0.905629600E+00-0.188405800E+01 0.904219000E+00
-0.188547470E+01 0.108819530E+01-0.206614000E+01 0.134847970E+01-0.206518650E+01
 0.173017910E+01-0.168098580E+01 0.156441580E+01-0.156883530E+01 0.137999130E+01
-0.157688300E+01 0.137989190E+01-0.157672700E+01 0.119622210E+01-0.158474990E+01
 0.119631650E+01-0.158489800E+01 0.105537410E+01-0.159104840E+01 0.105528350E+01
-0.159090630E+01 0.947502500E+00-0.159561420E+01 0.905686400E+00-0.159556230E+01
 0.899143000E+00-0.159478470E+01 0.883387860E+00-0.159026430E+01 0.867681200E+00
-0.158087360E+01 0.851322350E+00-0.156766880E+01 0.833481900E+00-0.154624210E+01
 0.826062560E+00-0.152875240E+01 0.822677700E+00-0.151516830E+01 0.821022750E+00
-0.149624060E+01 0.820691350E+00-0.147724350E+01 0.822887360E+00-0.144582030E+01
 0.827573000E+00-0.141923050E+01 0.839194600E+00-0.138728100E+01 0.855244300E+00
-0.135284130E+01 0.877566500E+00-0.132209860E+01 0.899473500E+00-0.130017830E+01
 0.118567730E+01-0.101380000E+01 0.127900000E+01-0.842300000E+00 0.129600000E+01
-0.820200000E+00 0.143300000E+01-0.820200000E+00 0.143300000E+01-0.711000000E+00
 0.149000000E+01-0.491000000E+00 0.146000000E+01-0.491000000E+00 0.146000000E+01
-0.233000000E+00 0.166100000E+01-0.233000000E+00 0.166100000E+01 0.226000000E+00
 0.146000000E+01 0.226000000E+00 0.146000000E+01 0.481000000E+00 0.149300000E+01
 0.481000000E+00 0.147400000E+01 0.554000000E+00 0.143300000E+01 0.711000000E+00
 0.143300000E+01 0.815600000E+00 0.129600000E+01 0.815600000E+00 0.127900000E+01
 0.837699950E+00 0.118567730E+01 0.100920000E+01 0.899473500E+00 0.129557820E+01
 0.877566500E+00 0.131749860E+01 0.855244300E+00 0.134824120E+01 0.839194600E+00
 0.138268090E+01 0.827573000E+00 0.141463040E+01 0.822887360E+00 0.144122030E+01
 0.820691350E+00 0.147264350E+01 0.821022750E+00 0.149164060E+01 0.822677700E+00
 0.151056830E+01 0.826062560E+00 0.152415240E+01 0.833481900E+00 0.154164210E+01
 0.851322350E+00 0.156306870E+01 0.867681200E+00 0.157627360E+01 0.883387860E+00
 0.158566430E+01 0.899143000E+00 0.159018470E+01 0.905686400E+00 0.159096230E+01
 0.947502500E+00 0.159101410E+01 0.105528350E+01 0.158630620E+01 0.105537410E+01
 0.158644830E+01 0.119631650E+01 0.158029800E+01 0.119622210E+01 0.158014990E+01
 0.137989190E+01 0.157212700E+01 0.137999130E+01 0.157228290E+01 0.156441580E+01
 0.156423520E+01
    0
