EFIT++      MAST # 47051 # 680ms                   0  65  65
 0.194000000E+01 0.440000000E+01 0.800000000E+00 0.600000000E-01 0.000000000E+00
 0.980832432E+00 0.109477670E-02-0.658177878E-01 0.350812951E-02-0.653881173E+00
 0.739592749E+06-0.658177878E-01 0.000000000E+00 0.980832432E+00 0.000000000E+00
 0.109477670E-02 0.000000000E+00 0.350812951E-02 0.000000000E+00 0.000000000E+00
-0.540508502E+00-0.540172224E+00-0.539831826E+00-0.539487595E+00-0.539139818E+00
-0.538788785E+00-0.538434783E+00-0.538078104E+00-0.537719038E+00-0.537357875E+00
-0.536994909E+00-0.536630432E+00-0.536264737E+00-0.535898120E+00-0.535530875E+00
-0.535163298E+00-0.534795687E+00-0.534428339E+00-0.534061553E+00-0.533695627E+00
-0.533330862E+00-0.532967560E+00-0.532606021E+00-0.532246548E+00-0.531889445E+00
-0.531535016E+00-0.531183566E+00-0.530835400E+00-0.530490825E+00-0.530150148E+00
-0.529813677E+00-0.529481721E+00-0.529154588E+00-0.528832589E+00-0.528516034E+00
-0.528205234E+00-0.527900500E+00-0.527602146E+00-0.527310483E+00-0.527025824E+00
-0.526748484E+00-0.526478775E+00-0.526217012E+00-0.525963510E+00-0.525718582E+00
-0.525482544E+00-0.525255711E+00-0.525038398E+00-0.524830919E+00-0.524633591E+00
-0.524446726E+00-0.524270642E+00-0.524105651E+00-0.523952068E+00-0.523810207E+00
-0.523680381E+00-0.523562904E+00-0.523458087E+00-0.523366242E+00-0.523287680E+00
-0.523222712E+00-0.523171645E+00-0.523134790E+00-0.523112452E+00-0.523104938E+00
 0.262244950E+05 0.256130728E+05 0.250017514E+05 0.243908356E+05 0.237806305E+05
 0.231714408E+05 0.225635716E+05 0.219573276E+05 0.213530139E+05 0.207509352E+05
 0.201513965E+05 0.195547027E+05 0.189611587E+05 0.183710694E+05 0.177847397E+05
 0.172024745E+05 0.166245786E+05 0.160513571E+05 0.154831147E+05 0.149201564E+05
 0.143627871E+05 0.138113117E+05 0.132660351E+05 0.127272621E+05 0.121952977E+05
 0.116704468E+05 0.111530143E+05 0.106433051E+05 0.101416240E+05 0.964827601E+04
 0.916356599E+04 0.868779885E+04 0.822127948E+04 0.776431278E+04 0.731720365E+04
 0.688025700E+04 0.645377771E+04 0.603807069E+04 0.563344084E+04 0.524019305E+04
 0.485863223E+04 0.448906328E+04 0.413179109E+04 0.378712056E+04 0.345535659E+04
 0.313680409E+04 0.283176795E+04 0.254055306E+04 0.226346434E+04 0.200080667E+04
 0.175288496E+04 0.152000410E+04 0.130246900E+04 0.110058456E+04 0.914655668E+03
 0.744987229E+03 0.591884142E+03 0.455651306E+03 0.336593619E+03 0.235015982E+03
 0.151223293E+03 0.855204509E+02 0.382123554E+02 0.960390536E+01 0.000000000E+00
-0.166721519E+00-0.168744032E+00-0.170619638E+00-0.172348339E+00-0.173930134E+00
-0.175365022E+00-0.176653005E+00-0.177794082E+00-0.178788253E+00-0.179635518E+00
-0.180335878E+00-0.180889331E+00-0.181295878E+00-0.181555520E+00-0.181668255E+00
-0.181634085E+00-0.181453009E+00-0.181125027E+00-0.180650139E+00-0.180028345E+00
-0.179259645E+00-0.178344039E+00-0.177281527E+00-0.176072110E+00-0.174715786E+00
-0.173212557E+00-0.171562421E+00-0.169765380E+00-0.167821433E+00-0.165730580E+00
-0.163492821E+00-0.161108156E+00-0.158576585E+00-0.155898109E+00-0.153072726E+00
-0.150100437E+00-0.146981243E+00-0.143715143E+00-0.140302136E+00-0.136742224E+00
-0.133035406E+00-0.129181682E+00-0.125181052E+00-0.121033517E+00-0.116739075E+00
-0.112297727E+00-0.107709474E+00-0.102974314E+00-0.980922490E-01-0.930632777E-01
-0.878874006E-01-0.825646175E-01-0.770949286E-01-0.714783337E-01-0.657148329E-01
-0.598044262E-01-0.537471136E-01-0.475428951E-01-0.411917706E-01-0.346937403E-01
-0.280488041E-01-0.212569619E-01-0.143182139E-01-0.723255988E-02 0.000000000E+00
-0.564402835E+06-0.564450518E+06-0.564216724E+06-0.563701456E+06-0.562904712E+06
-0.561826492E+06-0.560466797E+06-0.558825627E+06-0.556902981E+06-0.554698860E+06
-0.552213263E+06-0.549446191E+06-0.546397644E+06-0.543067620E+06-0.539456122E+06
-0.535563148E+06-0.531388699E+06-0.526932774E+06-0.522195373E+06-0.517176498E+06
-0.511876147E+06-0.506294320E+06-0.500431018E+06-0.494286240E+06-0.487859987E+06
-0.481152259E+06-0.474163055E+06-0.466892376E+06-0.459340221E+06-0.451506591E+06
-0.443391485E+06-0.434994904E+06-0.426316847E+06-0.417357315E+06-0.408116308E+06
-0.398593825E+06-0.388789866E+06-0.378704433E+06-0.368337523E+06-0.357689139E+06
-0.346759278E+06-0.335547943E+06-0.324055132E+06-0.312280845E+06-0.300225083E+06
-0.287887846E+06-0.275269133E+06-0.262368945E+06-0.249187281E+06-0.235724142E+06
-0.221979527E+06-0.207953437E+06-0.193645872E+06-0.179056831E+06-0.164186314E+06
-0.149034322E+06-0.133600855E+06-0.117885912E+06-0.101889494E+06-0.856116001E+05
-0.690522310E+05-0.522113864E+05-0.350890664E+05-0.176852709E+05 0.000000000E+00
-3.941740319e-05-8.774985313e-05-1.526308221e-04-2.310680005e-04-3.191957310e-04
-4.123215190e-04-5.050835774e-04-5.920748734e-04-6.553183940e-04-6.609586187e-04
-6.245082279e-04-5.377506831e-04-3.815071720e-04-1.462971158e-04 1.827663928e-04
 6.188866048e-04 1.160492619e-03 1.820159944e-03 2.588156892e-03 3.462972558e-03
 4.432606519e-03 5.468060656e-03 6.552374038e-03 7.636391953e-03 8.694046875e-03
 9.692701066e-03 1.061010784e-02 1.145903310e-02 1.223233727e-02 1.296381817e-02
 1.366172586e-02 1.434007894e-02 1.502335911e-02 1.569823122e-02 1.639270478e-02
 1.709116375e-02 1.780097169e-02 1.853246531e-02 1.926465064e-02 2.001030899e-02
 2.075364054e-02 2.150304639e-02 2.225781758e-02 2.300570495e-02 2.376462813e-02
 2.451159085e-02 2.526102430e-02 2.600494087e-02 2.673503878e-02 2.746892161e-02
 2.817981084e-02 2.888955908e-02 2.958115501e-02 3.025252415e-02 3.091646870e-02
 3.154411710e-02 3.215797758e-02 3.273391830e-02 3.326529927e-02 3.376438731e-02
 3.419445865e-02 3.458172464e-02 3.490496110e-02 3.516428538e-02 3.538976849e-02
-6.507962404e-05-1.458204517e-04-2.559411719e-04-3.921297213e-04-5.499859472e-04
-7.239660327e-04-9.072987450e-04-1.090029079e-03-1.253682920e-03-1.360686126e-03
-1.422884269e-03-1.426867986e-03-1.356277765e-03-1.205973397e-03-8.818274757e-04
-4.153414425e-04 2.025155031e-04 9.851410803e-04 1.941573712e-03 3.072607090e-03
 4.367760971e-03 5.799682625e-03 7.313418640e-03 8.825700986e-03 1.023638749e-02
 1.146005446e-02 1.246268580e-02 1.327187175e-02 1.395178877e-02 1.456769922e-02
 1.516633311e-02 1.577439695e-02 1.640445843e-02 1.706087437e-02 1.774381083e-02
 1.845150370e-02 1.918140713e-02 1.993061067e-02 2.069592428e-02 2.147421785e-02
 2.226277328e-02 2.305921569e-02 2.386132121e-02 2.466691572e-02 2.547385635e-02
 2.628002797e-02 2.708339627e-02 2.788204244e-02 2.867421443e-02 2.945836861e-02
 3.023316152e-02 3.099743296e-02 3.175007809e-02 3.248983822e-02 3.321492372e-02
 3.392241109e-02 3.460735991e-02 3.526162045e-02 3.587270604e-02 3.642364440e-02
 3.689544615e-02 3.727304328e-02 3.755172737e-02 3.773854672e-02 3.784976227e-02
-9.673697355e-05-2.177028447e-04-3.844480061e-04-5.936599116e-04-8.406650729e-04
-1.119122235e-03-1.420662439e-03-1.733196032e-03-2.033907317e-03-2.314893466e-03
-2.542808938e-03-2.696484156e-03-2.762216176e-03-2.707306051e-03-2.488470419e-03
-2.065598979e-03-1.420596089e-03-5.275823404e-04 6.391525591e-04 2.101264315e-03
 3.876315256e-03 5.972813868e-03 8.359977393e-03 1.088976909e-02 1.317750817e-02
 1.477535544e-02 1.556497201e-02 1.585055073e-02 1.603361181e-02 1.629945527e-02
 1.668198944e-02 1.716915798e-02 1.774078532e-02 1.837856671e-02 1.906797647e-02
 1.979801260e-02 2.056045480e-02 2.134911101e-02 2.215918823e-02 2.298681556e-02
 2.382869447e-02 2.468183856e-02 2.554338874e-02 2.641050640e-02 2.728034365e-02
 2.815008103e-02 2.901701769e-02 2.987869643e-02 3.073304608e-02 3.157852438e-02
 3.241424592e-02 3.324007980e-02 3.405669741e-02 3.486553689e-02 3.566861222e-02
 3.646800370e-02 3.726465571e-02 3.805564228e-02 3.882815089e-02 3.954774873e-02
 4.014563500e-02 4.053988261e-02 4.070871921e-02 4.071500343e-02 4.064031249e-02
-1.337887805e-04-3.023525445e-04-5.370770427e-04-8.356159578e-04-1.194238453e-03
-1.607343469e-03-2.066907177e-03-2.560173053e-03-3.067211224e-03-3.574264632e-03
-4.051735367e-03-4.465345611e-03-4.784659126e-03-4.964175560e-03-4.950199069e-03
-4.685187639e-03-4.112997201e-03-3.183641821e-03-1.855811923e-03-9.397431518e-05
 2.146286250e-03 4.960030866e-03 8.536268392e-03 1.344944815e-02 1.875927964e-02
 2.097579963e-02 2.006703283e-02 1.802965338e-02 1.742822962e-02 1.742005598e-02
 1.772826440e-02 1.822522691e-02 1.884245720e-02 1.954000681e-02 2.029356689e-02
 2.108808474e-02 2.191418813e-02 2.276598160e-02 2.363959424e-02 2.453218745e-02
 2.544127536e-02 2.636427923e-02 2.729827111e-02 2.823987852e-02 2.918532708e-02
 3.013059671e-02 3.107166394e-02 3.200479989e-02 3.292689462e-02 3.383578367e-02
 3.473056317e-02 3.561189630e-02 3.648233585e-02 3.734671849e-02 3.821273029e-02
 3.909181323e-02 4.000070251e-02 4.096410102e-02 4.201951007e-02 4.322912156e-02
 4.481718022e-02 4.534342578e-02 4.464185695e-02 4.397967399e-02 4.350433065e-02
-1.735806528e-04-3.942021766e-04-7.049740257e-04-1.106201975e-03-1.597100484e-03
-2.175050477e-03-2.834794974e-03-3.565818578e-03-4.351539364e-03-5.179058169e-03
-6.024701673e-03-6.847627124e-03-7.609189703e-03-8.247645713e-03-8.675938059e-03
-8.785695366e-03-8.461849357e-03-7.609642361e-03-6.181154305e-03-4.183458825e-03
-1.662966894e-03 1.316886868e-03 4.671663172e-03 8.209201380e-03 1.143505543e-02
 1.376385690e-02 1.509576962e-02 1.588049061e-02 1.654267654e-02 1.724342213e-02
 1.800741949e-02 1.882244676e-02 1.967244050e-02 2.054556154e-02 2.143505362e-02
 2.233824691e-02 2.325522170e-02 2.418755267e-02 2.513724301e-02 2.610587218e-02
 2.709396161e-02 2.810056177e-02 2.912306466e-02 3.015724084e-02 3.119748802e-02
 3.223726099e-02 3.326963517e-02 3.428794245e-02 3.528641332e-02 3.626076652e-02
 3.720870767e-02 3.813033106e-02 3.902846243e-02 3.990903559e-02 4.078167218e-02
 4.166076172e-02 4.256760153e-02 4.353476984e-02 4.461553376e-02 4.590595050e-02
 4.753728870e-02 4.809135010e-02 4.722306477e-02 4.638500494e-02 4.581037255e-02
-2.097227055e-04-4.795023461e-04-8.653604262e-04-1.373055683e-03-2.007854669e-03
-2.773174351e-03-3.669401362e-03-4.692787764e-03-5.825101688e-03-7.066853181e-03
-8.404396169e-03-9.816065741e-03-1.128074644e-02-1.275591813e-02-1.412724559e-02
-1.516320277e-02-1.551462777e-02-1.485481824e-02-1.308771467e-02-1.040828580e-02
-7.158591703e-03-3.646782571e-03-9.398771204e-05 3.330757230e-03 6.482860932e-03
 9.257152751e-03 1.162065879e-02 1.361534406e-02 1.532138325e-02 1.681657942e-02
 1.815880484e-02 1.938733021e-02 2.052984509e-02 2.160821603e-02 2.264164803e-02
 2.364789406e-02 2.464335366e-02 2.564264205e-02 2.665795671e-02 2.769841737e-02
 2.876949283e-02 2.987261408e-02 3.100506800e-02 3.216024382e-02 3.332826017e-02
 3.449693968e-02 3.565303808e-02 3.678358616e-02 3.787717741e-02 3.892503668e-02
 3.992174215e-02 4.086553804e-02 4.175825218e-02 4.260489164e-02 4.341299662e-02
 4.419174914e-02 4.495058090e-02 4.569638478e-02 4.642673414e-02 4.711216322e-02
 4.766001890e-02 4.792954788e-02 4.790088486e-02 4.769829628e-02 4.742911924e-02
-2.293326830e-04-5.303160955e-04-9.715846330e-04-1.569573967e-03-2.341511263e-03
-3.302360920e-03-4.461391219e-03-5.817337903e-03-7.357601950e-03-9.071764882e-03
-1.095084565e-02-1.300748253e-02-1.530477668e-02-1.800062534e-02-2.133693325e-02
-2.532220167e-02-2.859063826e-02-2.839032379e-02-2.443512347e-02-1.846201613e-02
-1.285873267e-02-7.876082488e-03-3.404689262e-03 6.397283240e-04 4.298652427e-03
 7.589130742e-03 1.052155313e-02 1.311038125e-02 1.537763503e-02 1.735215078e-02
 1.906787812e-02 2.056256556e-02 2.187658965e-02 2.305148392e-02 2.412821585e-02
 2.514555970e-02 2.613880881e-02 2.713880397e-02 2.817108021e-02 2.925495158e-02
 3.040251953e-02 3.161779861e-02 3.289628332e-02 3.422526159e-02 3.558502741e-02
 3.695094224e-02 3.829612305e-02 3.959441730e-02 4.082324407e-02 4.196584221e-02
 4.301252495e-02 4.396073676e-02 4.481399697e-02 4.558006017e-02 4.626870083e-02
 4.688941585e-02 4.744912343e-02 4.794978812e-02 4.838609207e-02 4.874424784e-02
 4.900480931e-02 4.915230337e-02 4.918792382e-02 4.913473413e-02 4.901858467e-02
-2.085751793e-04-4.939303727e-04-9.336808429e-04-1.564966067e-03-2.430279270e-03
-3.571230545e-03-5.020044432e-03-6.787273114e-03-8.845775872e-03-1.113303344e-02
-1.353823238e-02-1.596530849e-02-1.841694069e-02-2.114802464e-02-2.466839019e-02
-2.974432341e-02-3.502712015e-02-3.487194056e-02-2.922978870e-02-2.069555651e-02
-1.412973235e-02-8.610159554e-03-3.746128665e-03 6.540854442e-04 4.680937273e-03
 8.367755895e-03 1.171393890e-02 1.470116167e-02 1.730852470e-02 1.952726169e-02
 2.137162730e-02 2.288187968e-02 2.411868051e-02 2.515272514e-02 2.605494730e-02
 2.689054663e-02 2.771695623e-02 2.858399624e-02 2.953415555e-02 3.060157240e-02
 3.180936575e-02 3.316616220e-02 3.466342891e-02 3.627505617e-02 3.795966663e-02
 3.966516018e-02 4.133469569e-02 4.291349184e-02 4.435576957e-02 4.563058022e-02
 4.672482496e-02 4.764235561e-02 4.839960099e-02 4.901955936e-02 4.952621689e-02
 4.994060478e-02 5.027867600e-02 5.055063039e-02 5.076130107e-02 5.091143726e-02
 5.099979602e-02 5.102480667e-02 5.100040107e-02 5.092436823e-02 5.080412534e-02
-1.092214752e-04-2.808967815e-04-5.882563183e-04-1.104539140e-03-1.925693772e-03
-3.157595660e-03-4.896584120e-03-7.218472542e-03-1.017035632e-02-1.372792516e-02
-1.741772576e-02-2.022413447e-02-2.165346239e-02-2.195780201e-02-2.207219183e-02
-2.213757784e-02-2.170366296e-02-2.022792914e-02-1.751211735e-02-1.382790670e-02
-9.647082670e-03-5.309184265e-03-9.715092337e-04 3.304740901e-03 7.485107667e-03
 1.152169018e-02 1.532916101e-02 1.877785957e-02 2.171751509e-02 2.403459060e-02
 2.571061918e-02 2.683461834e-02 2.755999502e-02 2.804492338e-02 2.841739668e-02
 2.877108994e-02 2.917682730e-02 2.969646506e-02 3.039241222e-02 3.132855397e-02
 3.256025398e-02 3.411685514e-02 3.598681364e-02 3.811468615e-02 4.041007621e-02
 4.276080368e-02 4.504421706e-02 4.713886068e-02 4.894201361e-02 5.039128344e-02
 5.147838063e-02 5.224385672e-02 5.275521634e-02 5.308266297e-02 5.328413668e-02
 5.340097963e-02 5.345974316e-02 5.347592858e-02 5.345759088e-02 5.340823086e-02
 5.332899815e-02 5.322061075e-02 5.309149651e-02 5.293849344e-02 5.275873090e-02
 1.065537196e-04 2.135232208e-04 3.001411387e-04 2.654970605e-04-1.033748594e-04
-1.139728860e-03-3.036963467e-03-5.797613002e-03-9.548714946e-03-1.474854609e-02
-2.121918239e-02-2.482451285e-02-2.472978597e-02-2.107805186e-02-1.856479431e-02
-1.668458587e-02-1.490305154e-02-1.289739387e-02-1.049751908e-02-7.656869292e-03
-4.407881898e-03-8.089199874e-04 3.093503043e-03 7.278289781e-03 1.174337928e-02
 1.647819250e-02 2.139169904e-02 2.615648655e-02 3.008850984e-02 3.250058289e-02
 3.326745335e-02 3.293310192e-02 3.219712159e-02 3.146173680e-02 3.085738094e-02
 3.040869578e-02 3.011489383e-02 2.998810196e-02 3.009834596e-02 3.059523395e-02
 3.169063452e-02 3.353923489e-02 3.613267377e-02 3.930539961e-02 4.282295113e-02
 4.646697064e-02 5.001550518e-02 5.318974794e-02 5.568054791e-02 5.728474883e-02
 5.804204023e-02 5.820280539e-02 5.804781884e-02 5.776521364e-02 5.744877526e-02
 5.713739100e-02 5.684313176e-02 5.656670208e-02 5.630453813e-02 5.605159327e-02
 5.580314841e-02 5.555564512e-02 5.531164311e-02 5.506512692e-02 5.481576603e-02
 4.113182155e-04 9.407861013e-04 1.709800947e-03 2.781020085e-03 4.124506434e-03
 3.751383692e-03 1.142893714e-03-1.758633937e-03-4.866470890e-03-8.232191760e-03
-1.141183692e-02-1.352948210e-02-1.411076947e-02-1.340076103e-02-1.216672856e-02
-1.074935466e-02-9.169034149e-03-7.367291333e-03-5.282158130e-03-2.868190235e-03
-9.550277407e-05 3.061301310e-03 6.639053326e-03 1.070581207e-02 1.539017873e-02
 2.093944112e-02 2.786882598e-02 3.746705141e-02 4.675608608e-02 4.962255497e-02
 4.567118172e-02 3.954068048e-02 3.608876013e-02 3.389796262e-02 3.239204152e-02
 3.126345666e-02 3.030108879e-02 2.931818758e-02 2.812402665e-02 2.670930386e-02
 2.659465552e-02 2.892446025e-02 3.353678455e-02 3.930891769e-02 4.504286118e-02
 5.087878647e-02 5.708102800e-02 6.341020719e-02 6.802524165e-02 6.939979274e-02
 6.763667550e-02 6.540140564e-02 6.371851720e-02 6.246882767e-02 6.150949022e-02
 6.074409471e-02 6.011070924e-02 5.956884901e-02 5.909230239e-02 5.866217857e-02
 5.826639676e-02 5.789636624e-02 5.754565003e-02 5.720707508e-02 5.687279847e-02
 6.926163352e-04 1.593046697e-03 2.906565079e-03 4.692569618e-03 6.792339697e-03
 6.942371288e-03 4.650474167e-03 2.294530829e-03 9.425501579e-05-1.916379659e-03
-3.646024174e-03-4.962978190e-03-5.748600675e-03-5.987933955e-03-5.746773352e-03
-5.108431350e-03-4.130326773e-03-2.837414322e-03-1.232199464e-03 6.951302539e-04
 2.961531220e-03 5.590850227e-03 8.617252621e-03 1.209112840e-02 1.608581166e-02
 2.069831198e-02 2.600734714e-02 3.179288912e-02 3.669059757e-02 3.900513019e-02
 3.846635727e-02 3.647026702e-02 3.457161659e-02 3.311553681e-02 3.203384878e-02
 3.119165087e-02 3.043641758e-02 2.957819748e-02 2.833176427e-02 2.626165462e-02
 2.556474301e-02 2.812231071e-02 3.413135978e-02 4.104389099e-02 4.744373148e-02
 5.388734156e-02 6.094890102e-02 6.924976991e-02 7.462025586e-02 7.561175725e-02
 7.224461972e-02 6.923419574e-02 6.720407099e-02 6.573382883e-02 6.459952000e-02
 6.367917508e-02 6.290301776e-02 6.222892992e-02 6.163009771e-02 6.108853644e-02
 6.059156644e-02 6.012980388e-02 5.969595924e-02 5.928421074e-02 5.889162564e-02
 8.933706442e-04 2.041679567e-03 3.686071175e-03 5.857663590e-03 8.366592657e-03
 8.890589976e-03 6.842615995e-03 5.171506058e-03 3.678094941e-03 2.313124619e-03
 1.099729679e-03 1.096068358e-04-6.027603912e-04-1.005319574e-03-1.088469749e-03
-8.572491022e-04-3.218212727e-04 5.091074629e-04 1.630924296e-03 3.043044227e-03
 4.747616665e-03 6.747678218e-03 9.044408428e-03 1.163204410e-02 1.448763544e-02
 1.755150412e-02 2.069633391e-02 2.369897176e-02 2.626294173e-02 2.815414093e-02
 2.931030200e-02 2.987298373e-02 3.009623448e-02 3.019865218e-02 3.031421896e-02
 3.050875665e-02 3.081376772e-02 3.126259457e-02 3.193769522e-02 3.302933279e-02
 3.483144574e-02 3.757402127e-02 4.124341862e-02 4.558150121e-02 5.025949717e-02
 5.500970969e-02 5.957205793e-02 6.358272476e-02 6.659928811e-02 6.834705405e-02
 6.892566301e-02 6.872381492e-02 6.813382730e-02 6.739493106e-02 6.662186477e-02
 6.586493533e-02 6.514494938e-02 6.446919034e-02 6.383849551e-02 6.325054214e-02
 6.270149144e-02 6.218687060e-02 6.170207198e-02 6.124267478e-02 6.080637239e-02
 1.029112281e-03 2.342707092e-03 4.206534119e-03 6.639735522e-03 9.424528442e-03
 1.023188548e-02 8.589073007e-03 7.305611211e-03 6.199226559e-03 5.137288740e-03
 4.171790107e-03 3.342421238e-03 2.683650382e-03 2.222632423e-03 1.978431471e-03
 1.962921951e-03 2.182663043e-03 2.640815008e-03 3.338421547e-03 4.274798460e-03
 5.447009917e-03 6.848459538e-03 8.466540646e-03 1.027924452e-02 1.225084709e-02
 1.432759139e-02 1.643588817e-02 1.848727354e-02 2.039362798e-02 2.208842056e-02
 2.356251617e-02 2.483550146e-02 2.596682840e-02 2.703564002e-02 2.811923098e-02
 2.928778395e-02 3.060635116e-02 3.214123745e-02 3.396577108e-02 3.615863091e-02
 3.878842733e-02 4.188624776e-02 4.541970691e-02 4.928379324e-02 5.331034868e-02
 5.728624538e-02 6.097500830e-02 6.414729267e-02 6.662354433e-02 6.831797391e-02
 6.926026586e-02 6.957677629e-02 6.943928931e-02 6.901242675e-02 6.842459552e-02
 6.776328252e-02 6.708262586e-02 6.641342259e-02 6.577144025e-02 6.516327347e-02
 6.459016660e-02 6.405041047e-02 6.354080579e-02 6.305746659e-02 6.259262201e-02
 1.123226969e-03 2.551778194e-03 4.569345496e-03 7.188281077e-03 1.018928708e-02
 1.123831930e-02 9.801161658e-03 8.772117005e-03 7.861306626e-03 6.975014831e-03
 6.137735024e-03 5.378345339e-03 4.723503376e-03 4.196511223e-03 3.816781457e-03
 3.599780415e-03 3.557318856e-03 3.697951849e-03 4.027278992e-03 4.547915677e-03
 5.259107537e-03 6.156020000e-03 7.228789193e-03 8.461525954e-03 9.831621806e-03
 1.130990464e-02 1.286220555e-02 1.445287085e-02 1.605014190e-02 1.763225297e-02
 1.919187818e-02 2.073875448e-02 2.230411631e-02 2.391812437e-02 2.562327978e-02
 2.746374305e-02 2.949581772e-02 3.176919460e-02 3.433480854e-02 3.723721555e-02
 4.050482913e-02 4.415467705e-02 4.817451592e-02 5.250751347e-02 5.702625586e-02
 6.149166992e-02 6.555174694e-02 6.886820140e-02 7.122800188e-02 7.256557075e-02
 7.297470291e-02 7.270865408e-02 7.207331662e-02 7.128339001e-02 7.045282644e-02
 6.963718661e-02 6.886193943e-02 6.813685087e-02 6.746336666e-02 6.683861056e-02
 6.625763836e-02 6.571472906e-02 6.520411726e-02 6.472046495e-02 6.426242758e-02
 1.191448434e-03 2.703534006e-03 4.832911500e-03 7.586295622e-03 1.074060066e-02
 1.195209713e-02 1.066520548e-02 9.752117833e-03 8.956941209e-03 8.147286573e-03
 7.347867646e-03 6.582874876e-03 5.875136126e-03 5.245470989e-03 4.712391099e-03
 4.292054568e-03 3.998365083e-03 3.843183437e-03 3.836467089e-03 3.985938157e-03
 4.296584870e-03 4.770206539e-03 5.405029472e-03 6.195513448e-03 7.132592852e-03
 8.204704765e-03 9.398906165e-03 1.070234212e-02 1.210425002e-02 1.359813923e-02
 1.518371431e-02 1.686783076e-02 1.866466593e-02 2.059629452e-02 2.268871201e-02
 2.497109159e-02 2.748114430e-02 3.025752983e-02 3.334140365e-02 3.677521141e-02
 4.060214605e-02 4.487333789e-02 4.964996158e-02 5.501200805e-02 6.108612281e-02
 6.820890516e-02 7.471758685e-02 7.933552590e-02 8.184332703e-02 8.210647235e-02
 8.016726970e-02 7.723339137e-02 7.515416607e-02 7.354622855e-02 7.225639929e-02
 7.119340696e-02 7.029652269e-02 6.952358441e-02 6.884433756e-02 6.823644408e-02
 6.768303095e-02 6.717115785e-02 6.669084149e-02 6.623435469e-02 6.579327132e-02
 1.244068471e-03 2.821520086e-03 5.040042255e-03 7.902855181e-03 1.117008942e-02
 1.248102263e-02 1.132328909e-02 1.048130632e-02 9.706563216e-03 8.881505367e-03
 8.034951214e-03 7.190653142e-03 6.369169031e-03 5.588893182e-03 4.866590450e-03
 4.217717880e-03 3.656744898e-03 3.197393196e-03 2.855527709e-03 2.646381155e-03
 2.582824550e-03 2.675140277e-03 2.930608521e-03 3.352866386e-03 3.940870550e-03
 4.695040596e-03 5.616017587e-03 6.702972984e-03 7.954533259e-03 9.370094867e-03
 1.095201111e-02 1.270596929e-02 1.464086724e-02 1.676900656e-02 1.910627855e-02
 2.167216283e-02 2.448992605e-02 2.758706995e-02 3.099644113e-02 3.475853736e-02
 3.892556083e-02 4.356769887e-02 4.878364080e-02 5.472093631e-02 6.160696588e-02
 6.969606224e-02 7.700341418e-02 8.188723337e-02 8.437601343e-02 8.440461754e-02
 8.187855696e-02 7.838497412e-02 7.592820370e-02 7.417074548e-02 7.286395275e-02
 7.185631122e-02 7.105168551e-02 7.038666495e-02 6.981809935e-02 6.931589571e-02
 6.885868056e-02 6.843109531e-02 6.802207382e-02 6.762383945e-02 6.723304350e-02
 1.285416140e-03 2.916040413e-03 5.211355021e-03 8.178493805e-03 1.160088377e-02
 1.313982701e-02 1.217092456e-02 1.119681106e-02 1.026849209e-02 9.313145415e-03
 8.333257181e-03 7.340697440e-03 6.348312710e-03 5.369154953e-03 4.416272984e-03
 3.502716218e-03 2.641454879e-03 1.853707756e-03 1.160204948e-03 5.810975808e-04
 1.356395510e-04-1.580924258e-04-2.834714203e-04-2.255623972e-04 2.874726309e-05
 4.910118369e-04 1.170685325e-03 2.073953911e-03 3.201995830e-03 4.547977111e-03
 6.115984922e-03 7.912119560e-03 9.939845095e-03 1.220280980e-02 1.470704553e-02
 1.746020266e-02 2.047198825e-02 2.375437726e-02 2.732219725e-02 3.119484695e-02
 3.540220257e-02 4.000278864e-02 4.504889261e-02 5.057244730e-02 5.663351271e-02
 6.322456273e-02 6.928547042e-02 7.360835334e-02 7.602377749e-02 7.632588333e-02
 7.532316417e-02 7.429750265e-02 7.335025898e-02 7.258037537e-02 7.196807668e-02
 7.147858945e-02 7.107724634e-02 7.073476500e-02 7.042807251e-02 7.013967966e-02
 6.985669291e-02 6.956983186e-02 6.927254954e-02 6.896033241e-02 6.863413907e-02
 1.313162743e-03 2.979806106e-03 5.327838955e-03 8.367707725e-03 1.187654221e-02
 1.352424044e-02 1.270651282e-02 1.160733209e-02 1.053588669e-02 9.420529469e-03
 8.271680889e-03 7.093767841e-03 5.893493058e-03 4.679135352e-03 3.459997055e-03
 2.246470928e-03 1.060490111e-03-7.481209963e-05-1.135540994e-03-2.097326888e-03
-2.935609582e-03-3.625921615e-03-4.144171210e-03-4.466930932e-03-4.571744030e-03
-4.437503912e-03-4.044996373e-03-3.377640018e-03-2.422372698e-03-1.170517368e-03
 3.820730936e-04 2.231559727e-03 4.360450499e-03 6.751761187e-03 9.407634924e-03
 1.232323689e-02 1.549364683e-02 1.891310380e-02 2.257395835e-02 2.646365380e-02
 3.055704317e-02 3.487156901e-02 3.954916112e-02 4.438105423e-02 4.924250185e-02
 5.394506483e-02 5.823780573e-02 6.187867149e-02 6.472359126e-02 6.676938452e-02
 6.814856588e-02 6.905694294e-02 6.966666896e-02 7.009267182e-02 7.040110324e-02
 7.062666640e-02 7.078605082e-02 7.088657172e-02 7.093121725e-02 7.092138844e-02
 7.085826489e-02 7.074339244e-02 7.057885214e-02 7.036710188e-02 7.010339487e-02
 1.324537062e-03 3.004927416e-03 5.370758718e-03 8.430002147e-03 1.195434126e-02
 1.360297069e-02 1.275982938e-02 1.161076823e-02 1.042867450e-02 9.180059148e-03
 7.866250157e-03 6.493273483e-03 5.067422457e-03 3.595376999e-03 2.084196092e-03
 5.544745325e-04-9.702013499e-04-2.464495995e-03-3.901575080e-03-5.253385880e-03
-6.490942925e-03-7.584621945e-03-8.504468701e-03-9.220533130e-03-9.703247102e-03
-9.923869827e-03-9.855047396e-03-9.471517173e-03-8.750986528e-03-7.675225266e-03
-6.231507998e-03-4.414548390e-03-2.228736798e-03 3.102464340e-04 3.171476712e-03
 6.297540663e-03 9.674970997e-03 1.328608426e-02 1.711011551e-02 2.112309049e-02
 2.529696587e-02 2.959247477e-02 3.392571553e-02 3.845137822e-02 4.295585857e-02
 4.726082067e-02 5.128447862e-02 5.494042016e-02 5.816769558e-02 6.094371809e-02
 6.328411458e-02 6.523144220e-02 6.683946877e-02 6.816044809e-02 6.923863529e-02
 7.010896746e-02 7.079841839e-02 7.132812283e-02 7.171530793e-02 7.197471129e-02
 7.211948336e-02 7.216169017e-02 7.211255369e-02 7.198266197e-02 7.178726286e-02
 1.321439301e-03 2.996625313e-03 5.352607501e-03 8.394426233e-03 1.190252281e-02
 1.353069760e-02 1.257376364e-02 1.134752495e-02 1.006270786e-02 8.674338914e-03
 7.188203724e-03 5.610176343e-03 3.945682384e-03 2.199860652e-03 3.895626737e-04
-1.461921557e-03-3.329005886e-03-5.183954943e-03-6.997108089e-03-8.737131450e-03
-1.037129648e-02-1.186578010e-02-1.318598557e-02-1.429688889e-02-1.516342239e-02
-1.575091722e-02-1.602563230e-02-1.595541030e-02-1.551051116e-02-1.466468635e-02
-1.339655530e-02-1.169138826e-02-9.543312001e-03-6.958013409e-03-3.956069806e-03
-5.765200532e-04 3.121744877e-03 7.045569682e-03 1.116686556e-02 1.545503021e-02
 1.987652316e-02 2.439507078e-02 2.897056125e-02 3.355530914e-02 3.808798869e-02
 4.249784084e-02 4.671608058e-02 5.068264471e-02 5.434990731e-02 5.768525312e-02
 6.067168043e-02 6.330614875e-02 6.559643152e-02 6.755765095e-02 6.920939656e-02
 7.057375117e-02 7.167409256e-02 7.253436697e-02 7.317857143e-02 7.363030032e-02
 7.391231592e-02 7.404615994e-02 7.405183822e-02 7.394754620e-02 7.374765161e-02
 1.308163761e-03 2.965424243e-03 5.294186897e-03 8.297357823e-03 1.173741627e-02
 1.326214688e-02 1.226855798e-02 1.095785209e-02 9.541551597e-03 7.995006322e-03
 6.322570610e-03 4.527703020e-03 2.613459679e-03 5.907766055e-04-1.518167121e-03
-3.688421048e-03-5.892395125e-03-8.100046452e-03-1.027910449e-02-1.239533594e-02
-1.441283847e-02-1.629435518e-02-1.800160449e-02-1.949562454e-02-2.073713740e-02
-2.168694717e-02-2.230639682e-02-2.255792116e-02-2.240574718e-02-2.181680873e-02
-2.076196100e-02-1.921757955e-02-1.716764299e-02-1.460637237e-02-1.154148886e-02
-7.998082991e-03-4.023132462e-03 3.096266357e-04 4.897647069e-03 9.636461957e-03
 1.449544897e-02 1.943956921e-02 2.443010894e-02 2.942347584e-02 3.437110465e-02
 3.922049826e-02 4.391736513e-02 4.840821467e-02 5.264291691e-02 5.657703387e-02
 6.017382473e-02 6.340583237e-02 6.625596863e-02 6.871801873e-02 7.079648571e-02
 7.250572556e-02 7.386840863e-02 7.491346350e-02 7.567376467e-02 7.618386398e-02
 7.647802414e-02 7.658871389e-02 7.654561095e-02 7.637503845e-02 7.609929525e-02
 1.288638748e-03 2.920357518e-03 5.211795350e-03 8.164470068e-03 1.154868450e-02
 1.301392639e-02 1.189878494e-02 1.048297950e-02 8.921994542e-03 7.207569681e-03
 5.340855463e-03 3.323047559e-03 1.156773600e-03-1.137892018e-03-3.537524221e-03
-6.015568935e-03-8.542535002e-03-1.108622290e-02-1.361199408e-02-1.608307269e-02
-1.846087083e-02-2.070532639e-02-2.277524364e-02-2.462862995e-02-2.622302809e-02
-2.751585202e-02-2.846474519e-02-2.902799455e-02-2.916504992e-02-2.883721696e-02
-2.800861074e-02-2.664747848e-02-2.472801161e-02-2.223277781e-02-1.915588758e-02
-1.550696250e-02-1.131585082e-02-6.638024979e-03-1.560388351e-03 3.793929197e-03
 9.265553811e-03 1.482708426e-02 2.044622884e-02 2.608638102e-02 3.170554672e-02
 3.725576955e-02 4.268297518e-02 4.792742069e-02 5.292502123e-02 5.760987712e-02
 6.191819819e-02 6.579344227e-02 6.919193695e-02 7.208779771e-02 7.447587678e-02
 7.637189059e-02 7.780964128e-02 7.883605915e-02 7.950531419e-02 7.987328032e-02
 7.999324250e-02 7.991317374e-02 7.967445023e-02 7.931174106e-02 7.885833695e-02
 1.265782581e-03 2.867981233e-03 5.116941601e-03 8.013147174e-03 1.132289682e-02
 1.269322398e-02 1.147933973e-02 9.955944033e-03 8.248471192e-03 6.363806890e-03
 4.301487447e-03 2.060461634e-03-3.479449735e-04-2.902176251e-03-5.577263776e-03
-8.344932963e-03-1.117379759e-02-1.402961575e-02-1.687559457e-02-1.967273075e-02
-2.238017105e-02-2.495557633e-02-2.735547331e-02-2.953558152e-02-3.145110871e-02
-3.305701613e-02-3.430826717e-02-3.516008709e-02-3.556827962e-02-3.548966737e-02
-3.488274707e-02-3.370867598e-02-3.193273254e-02-2.952641494e-02-2.647035373e-02
-2.275820530e-02-1.840165552e-02-1.343652060e-02-7.929721833e-03-1.986939714e-03
 4.240056681e-03 1.057547645e-02 1.699967108e-02 2.348739873e-02 3.000612949e-02
 3.651325976e-02 4.295298468e-02 4.925319936e-02 5.532351268e-02 6.105628148e-02
 6.633293013e-02 7.103669966e-02 7.507005462e-02 7.837186847e-02 8.092861825e-02
 8.277572840e-02 8.398866494e-02 8.466702244e-02 8.491718013e-02 8.483865575e-02
 8.451643777e-02 8.401864279e-02 8.339751619e-02 8.269179162e-02 8.192161152e-02
 1.241665628e-03 2.812926144e-03 5.017742072e-03 7.855888908e-03 1.108643964e-02
 1.235449239e-02 1.107347936e-02 9.411308207e-03 7.559541337e-03 5.508797441e-03
 3.256862637e-03 8.034814954e-04-1.832618292e-03-4.628784687e-03-7.558636303e-03
-1.059227101e-02-1.369652259e-02-1.683527090e-02-1.996979788e-02-2.305917526e-02
-2.606066509e-02-2.893011260e-02-3.162231047e-02-3.409131669e-02-3.629071333e-02
-3.817380219e-02-3.969374469e-02-4.080366833e-02-4.145678035e-02-4.160655183e-02
-4.120706143e-02-4.021361946e-02-3.858382593e-02-3.627925243e-02-3.326796810e-02
-2.952814804e-02-2.505299011e-02-1.985711554e-02-1.398449393e-02-7.517598401e-03
-5.872056469e-04 6.618017910e-03 1.396410938e-02 2.144945892e-02 2.906463515e-02
 3.678842843e-02 4.458061471e-02 5.237058288e-02 6.004174610e-02 6.741564882e-02
 7.424862384e-02 8.026028045e-02 8.519645603e-02 8.889717308e-02 9.133799337e-02
 9.263395584e-02 9.300425370e-02 9.270692772e-02 9.197533089e-02 9.098648681e-02
 8.986052183e-02 8.867350373e-02 8.747129160e-02 8.628034772e-02 8.511973463e-02
 1.217748556e-03 2.758431171e-03 4.919779346e-03 7.701089519e-03 1.087691750e-02
 1.209231197e-02 1.064328017e-02 8.877974928e-03 6.888826722e-03 4.680219816e-03
 2.248693448e-03-3.989740914e-04-3.242597166e-03-6.258069950e-03-9.417474262e-03
-1.268928150e-02-1.603863428e-02-1.942769533e-02-2.281604791e-02-2.616112769e-02
-2.941866233e-02-3.254309292e-02-3.548795178e-02-3.820617350e-02-4.065032184e-02
-4.277272313e-02-4.452550845e-02-4.586058149e-02-4.672954702e-02-4.708365782e-02
-4.687386462e-02-4.605108680e-02-4.456685969e-02-4.237455783e-02-3.943143815e-02
-3.570178640e-02-3.116146987e-02-2.580417198e-02-1.964947802e-02-1.275276860e-02
-5.216425952e-03 2.798875742e-03 1.106528600e-02 1.958203172e-02 2.837973870e-02
 3.749105488e-02 4.694527941e-02 5.675522268e-02 6.688475248e-02 7.716633708e-02
 8.711917764e-02 9.584468620e-02 1.024831387e-01 1.065826348e-01 1.080930393e-01
 1.074034575e-01 1.053300466e-01 1.027402882e-01 1.001118501e-01 9.762741009e-02
 9.534155075e-02 9.325779453e-02 9.136007892e-02 8.962607914e-02 8.803301546e-02
 1.195124450e-03 2.706936540e-03 4.827322318e-03 7.555086045e-03 1.064868956e-02
 1.175226357e-02 1.026690653e-02 8.379983597e-03 6.263794243e-03 3.910939257e-03
 1.316774468e-03-1.504986095e-03-4.533134096e-03-7.742323004e-03-1.110324948e-02
-1.458290911e-02-1.814492780e-02-2.174996015e-02-2.535613861e-02-2.891955093e-02
-3.239471895e-02-3.573504926e-02-3.889322635e-02-4.182152151e-02-4.447199587e-02
-4.679658466e-02-4.874706065e-02-5.027488911e-02-5.133100438e-02-5.186556003e-02
-5.182773116e-02-5.116568099e-02-4.982684348e-02-4.775872205e-02-4.491045790e-02
-4.123547650e-02-3.669556489e-02-3.126674701e-02-2.494727373e-02-1.776787632e-02
-9.804108399e-03-1.190074339e-03 7.867826234e-03 1.726356190e-02 2.707686052e-02
 3.741295994e-02 4.841566913e-02 6.028773720e-02 7.332730643e-02 8.801228509e-02
 1.053293679e-01 1.204612676e-01 1.305270860e-01 1.349376536e-01 1.335087610e-01
 1.271968409e-01 1.185055747e-01 1.120688849e-01 1.070210962e-01 1.029400875e-01
 9.956361443e-02 9.671359044e-02 9.426400999e-02 9.212340705e-02 9.022155403e-02
 1.174657124e-03 2.660384790e-03 4.743811251e-03 7.423410624e-03 1.046048262e-02
 1.150053889e-02 9.920435398e-03 7.933222926e-03 5.704327602e-03 3.223756093e-03
 4.884381283e-04-2.483785221e-03-5.670651307e-03-9.045635591e-03-1.257816640e-02
-1.623392092e-02-1.997520051e-02-2.376137493e-02-2.754937697e-02-3.129422270e-02
-3.494952731e-02-3.846798448e-02-4.180177681e-02-4.490288763e-02-4.772329041e-02
-5.021499979e-02-5.232997973e-02-5.401991802e-02-5.523589364e-02-5.592798449e-02
-5.604488892e-02-5.553366720e-02-5.433974903e-02-5.240740301e-02-4.968092205e-02
-4.610684191e-02-4.163756940e-02-3.623683117e-02-2.988732969e-02-2.260085505e-02
-1.443076570e-02-5.486117725e-03 4.054328211e-03 1.395463318e-02 2.429785201e-02
 3.520321727e-02 4.684318710e-02 5.947279675e-02 7.348112669e-02 8.948262069e-02
 1.088387654e-01 1.242551519e-01 1.389066289e-01 1.416912617e-01 1.393742171e-01
 1.319410281e-01 1.218237076e-01 1.145154421e-01 1.089330648e-01 1.045315909e-01
 1.009605140e-01 9.798906184e-02 9.546078666e-02 9.326670232e-02 9.133448250e-02
 1.157028036e-03 2.620310564e-03 4.671967613e-03 7.310233056e-03 1.030442067e-02
 1.129773414e-02 9.605071310e-03 7.550488968e-03 5.226075016e-03 2.636938772e-03
-2.155118430e-04-3.312383976e-03-6.630356360e-03-1.014180282e-02-1.381501818e-02
-1.761453849e-02-2.150154876e-02-2.543436422e-02-2.936896350e-02-3.325954581e-02
-3.705908000e-02-4.071981043e-02-4.419368547e-02-4.743267714e-02-5.038896622e-02
-5.301497588e-02-5.526324794e-02-5.708616946e-02-5.843557459e-02-5.926226651e-02
-5.951553013e-02-5.914273748e-02-5.808918815e-02-5.629837692e-02-5.371294187e-02
-5.027661534e-02-4.593757113e-02-4.065361710e-02-3.439969263e-02-2.717804678e-02
-1.903122771e-02-1.005752969e-02-4.277676177e-04 9.598754392e-03 1.992896057e-02
 3.062800881e-02 4.177452971e-02 5.345986292e-02 6.577762108e-02 7.877385074e-02
 9.207318171e-02 1.036087082e-01 1.126108839e-01 1.178818013e-01 1.189935937e-01
 1.165820663e-01 1.123628836e-01 1.083571183e-01 1.048595705e-01 1.018322654e-01
 9.919980848e-02 9.688844793e-02 9.483494408e-02 9.298765404e-02 9.129819378e-02
 1.142758334e-03 2.587888627e-03 4.613875749e-03 7.218705517e-03 1.015869825e-02
 1.107502477e-02 9.384094357e-03 7.243271284e-03 4.841932035e-03 2.166465027e-03
-7.785400501e-04-3.973475817e-03-7.394203155e-03-1.101221915e-02-1.479491147e-02
-1.870590817e-02-2.270551717e-02-2.675124047e-02-3.079834034e-02-3.480042810e-02
-3.871004129e-02-4.247917322e-02-4.605971885e-02-4.940380502e-02-5.246397838e-02
-5.519323404e-02-5.754487859e-02-5.947223527e-02-6.092821580e-02-6.186480325e-02
-6.223251523e-02-6.197994776e-02-6.105353981e-02-5.939774798e-02-5.695588237e-02
-5.367192560e-02-4.949373200e-02-4.437806714e-02-3.829797046e-02-3.125285725e-02
-2.328154850e-02-1.447793919e-02-5.008196485e-03 4.872828371e-03 1.487049737e-02
 2.497778218e-02 3.517225326e-02 4.540024471e-02 5.554995205e-02 6.541265057e-02
 7.465161807e-02 8.283615140e-02 8.955475791e-02 9.452467751e-02 9.767892452e-02
 9.920788203e-02 9.950229192e-02 9.900296567e-02 9.805850929e-02 9.688966512e-02
 9.562152784e-02 9.432127262e-02 9.302353959e-02 9.174531377e-02 9.049793010e-02
 1.132226050e-03 2.563968263e-03 4.571037315e-03 7.151350969e-03 1.007396278e-02
 1.098227727e-02 9.195021158e-03 7.017162639e-03 4.560447423e-03 1.822307408e-03
-1.189686431e-03-4.455373112e-03-7.950011445e-03-1.164445646e-02-1.550543435e-02
-1.949591549e-02-2.357557885e-02-2.770135195e-02-3.182800252e-02-3.590875151e-02
-3.989587219e-02-4.374123829e-02-4.739678471e-02-5.081484815e-02-5.394836119e-02
-5.675088279e-02-5.917645950e-02-6.117932560e-02-6.271346711e-02-6.373209452e-02
-6.418709337e-02-6.402855248e-02-6.320450832e-02-6.166109265e-02-5.934333058e-02
-5.619690589e-02-5.217128370e-02-4.722464227e-02-4.133108744e-02-3.449055634e-02
-2.674159227e-02-1.817670067e-02-8.959192892e-03 6.607407693e-04 1.033455155e-02
 1.991793026e-02 2.935840152e-02 3.857849498e-02 4.747027763e-02 5.589339163e-02
 6.368149990e-02 7.066091195e-02 7.667948370e-02 8.163750688e-02 8.551021206e-02
 8.835326610e-02 9.028787203e-02 9.147098615e-02 9.206355801e-02 9.220851745e-02
 9.202174180e-02 9.159223213e-02 9.098641213e-02 9.025326623e-02 8.943066100e-02
 1.125684794e-03 2.549114346e-03 4.544440135e-03 7.109481777e-03 1.000451190e-02
 1.087340520e-02 9.090563377e-03 6.877842615e-03 4.386990105e-03 1.610635395e-03
-1.442110881e-03-4.750751050e-03-8.290167948e-03-1.203081714e-02-1.593901586e-02
-1.997733100e-02-2.410505919e-02-2.827878294e-02-3.245297835e-02-3.658064327e-02
-4.061391033e-02-4.450460690e-02-4.820472569e-02-5.166677268e-02-5.484396654e-02
-5.769027245e-02-6.016026523e-02-6.220883054e-02-6.379072979e-02-6.486007380e-02
-6.536977489e-02-6.527107665e-02-6.451329901e-02-6.304398340e-02-6.080968119e-02
-5.775769552e-02-5.383915603e-02-4.901386247e-02-4.325734746e-02-3.657053298e-02
-2.899211978e-02-2.061336668e-02-1.159410619e-02-2.177675679e-03 7.298938263e-03
 1.657815021e-02 2.560751002e-02 3.431902070e-02 4.263030163e-02 5.044807099e-02
 5.767466253e-02 6.421751245e-02 7.000036365e-02 7.497384811e-02 7.912273652e-02
 8.246779500e-02 8.506172630e-02 8.698052131e-02 8.831284147e-02 8.915015458e-02
 8.957937442e-02 8.967845847e-02 8.951449745e-02 8.914340436e-02 8.860606646e-02
 1.123288769e-03 2.543668439e-03 4.534673458e-03 7.094060067e-03 9.979134573e-03
 1.083290955e-02 9.056045752e-03 6.827188007e-03 4.324476766e-03 1.534883974e-03
-1.532012869e-03-4.855568086e-03-8.410512309e-03-1.216714744e-02-1.609163789e-02
-2.014640248e-02-2.429059951e-02-2.848068820e-02-3.267104187e-02-3.681458124e-02
-4.086339211e-02-4.476928933e-02-4.848429046e-02-5.196096609e-02-5.515264067e-02
-5.801342720e-02-6.049809061e-02-6.256174901e-02-6.415943843e-02-6.524558644e-02
-6.577346417e-02-6.569471603e-02-6.495910400e-02-6.351465055e-02-6.130842145e-02
-5.828825585e-02-5.440581840e-02-4.962140251e-02-4.391092434e-02-3.727546689e-02
-2.975349155e-02-2.143534433e-02-1.247886361e-02-3.123716341e-03 6.299336476e-03
 1.549590213e-02 2.441502604e-02 3.299333575e-02 4.115711182e-02 4.882613887e-02
 5.591943687e-02 6.236249674e-02 6.809507282e-02 7.307814633e-02 7.729860328e-02
 8.077057750e-02 8.353320169e-02 8.564540499e-02 8.717904827e-02 8.821186642e-02
 8.882139818e-02 8.908054182e-02 8.905484565e-02 8.880139601e-02 8.837336896e-02
 1.125110123e-03 2.547799335e-03 4.542057033e-03 7.105698635e-03 1.001135390e-02
 1.090140935e-02 9.065501875e-03 6.866264137e-03 4.374400428e-03 1.596483121e-03
-1.457978676e-03-4.768415419e-03-8.309654508e-03-1.205210399e-02-1.596203930e-02
-2.000199050e-02-2.413122235e-02-2.830629074e-02-3.248165065e-02-3.661028454e-02
-4.064431521e-02-4.453556542e-02-4.823602766e-02-5.169821090e-02-5.487533829e-02
-5.772137880e-02-6.019090756e-02-6.223880361e-02-6.381981050e-02-6.488800478e-02
-6.539624156e-02-6.529567653e-02-6.453550145e-02-6.306307820e-02-6.082471442e-02
-5.776739169e-02-5.384182740e-02-4.900730912e-02-4.323875726e-02-3.653639881e-02
-2.893820387e-02-2.053475903e-02-1.148544563e-02-2.033627933e-03 7.482916203e-03
 1.681063137e-02 2.589679946e-02 3.467211448e-02 4.305142914e-02 5.093700440e-02
 5.822522979e-02 6.481691798e-02 7.062983677e-02 7.561075842e-02 7.974377682e-02
 8.305238039e-02 8.559463418e-02 8.745311172e-02 8.872279778e-02 8.950021376e-02
 8.987570363e-02 8.992920569e-02 8.972880048e-02 8.933095400e-02 8.877799210e-02
 1.131121712e-03 2.561452322e-03 4.566511186e-03 7.144133391e-03 1.005080919e-02
 1.092855953e-02 9.188161993e-03 6.996276730e-03 4.536245193e-03 1.794627447e-03
-1.221007901e-03-4.490429239e-03-7.988815718e-03-1.168694408e-02-1.555146620e-02
-1.954528418e-02-2.362801647e-02-2.775653939e-02-3.188557991e-02-3.596832940e-02
-3.995704280e-02-4.380358627e-02-4.745989655e-02-5.087831947e-02-5.401180102e-02
-5.681391394e-02-5.923871384e-02-6.124043316e-02-6.277303746e-02-6.378968870e-02
-6.424218423e-02-6.408047082e-02-6.325237166e-02-6.170371327e-02-5.937909946e-02
-5.622364968e-02-5.218609426e-02-4.722368205e-02-4.130938147e-02-3.444179328e-02
-2.665797355e-02-1.804889873e-02-8.776503109e-03 9.099577477e-04 1.066168885e-02
 2.034318589e-02 2.990358574e-02 3.926532679e-02 4.831673003e-02 5.690789007e-02
 6.485611730e-02 7.196649745e-02 7.806594373e-02 8.304048379e-02 8.686284174e-02
 8.959934485e-02 9.139135374e-02 9.241823665e-02 9.285905425e-02 9.286788643e-02
 9.256561445e-02 9.204220810e-02 9.136292382e-02 9.057469083e-02 8.971292313e-02
 1.141177002e-03 2.584296250e-03 4.607440731e-03 7.208616974e-03 1.015127663e-02
 1.107968728e-02 9.349349068e-03 7.212786274e-03 4.806832384e-03 2.125866079e-03
-8.248432910e-04-4.025581086e-03-7.452102384e-03-1.107579711e-02-1.486394867e-02
-1.878008761e-02-2.278443445e-02-2.683441679e-02-3.088523766e-02-3.489046578e-02
-3.880261339e-02-4.257366537e-02-4.615552379e-02-4.950033551e-02-5.256067651e-02
-5.528957552e-02-5.764037075e-02-5.956640730e-02-6.102059939e-02-6.195490146e-02
-6.231975704e-02-6.206362495e-02-6.113272220e-02-5.947117250e-02-5.702181104e-02
-5.372796781e-02-4.953662813e-02-4.440343425e-02-3.830001756e-02-3.122408897e-02
-2.321249300e-02-1.435696031e-02-4.821483807e-03 5.140931283e-03 1.524507404e-02
 2.549095934e-02 3.586623674e-02 4.632866557e-02 5.677587166e-02 6.699593183e-02
 7.661676217e-02 8.513644157e-02 9.206865604e-02 9.707493457e-02 1.000719234e-01
 1.012922948e-01 1.012156001e-01 1.003656845e-01 9.912929032e-02 9.773126667e-02
 9.628824185e-02 9.485687413e-02 9.346250297e-02 9.211461815e-02 9.081710991e-02
 1.155009474e-03 2.615731503e-03 4.663782184e-03 7.297374687e-03 1.028252655e-02
 1.126324626e-02 9.581170807e-03 7.511907696e-03 5.180602972e-03 2.583885295e-03
-2.763972702e-04-3.381226563e-03-6.707140055e-03-1.022636985e-02-1.390707352e-02
-1.771365884e-02-2.160719581e-02-2.554590156e-02-2.948567670e-02-3.338066478e-02
-3.718380256e-02-4.084732611e-02-4.432319816e-02-4.756342534e-02-5.052023962e-02
-5.314612688e-02-5.539369663e-02-5.721540080e-02-5.856312575e-02-5.938770267e-02
-5.963840599e-02-5.926254150e-02-5.820526563e-02-5.640982754e-02-5.381848658e-02
-5.037442764e-02-4.602506900e-02-4.072721401e-02-3.445451128e-02-2.720760682e-02
-1.902712760e-02-1.000914684e-02-3.219842391e-04 9.777932732e-03 2.020437351e-02
 3.103376076e-02 4.236234625e-02 5.431099056e-02 6.702666322e-02 8.066954566e-02
 9.523983471e-02 1.075624881e-01 1.173863222e-01 1.227826189e-01 1.233456079e-01
 1.198200707e-01 1.143543811e-01 1.097231203e-01 1.058404258e-01 1.025603754e-01
 9.975721051e-02 9.732907437e-02 9.519577698e-02 9.329500356e-02 9.157424175e-02
 1.172227018e-03 2.654876246e-03 4.733974873e-03 7.407961523e-03 1.043388005e-02
 1.145397826e-02 9.884013802e-03 7.886513473e-03 5.648898412e-03 3.158705090e-03
 4.133669843e-04-2.569052162e-03-5.766101485e-03-9.151075208e-03-1.269322930e-02
-1.635808078e-02-2.010778727e-02-2.390159541e-02-2.769633951e-02-3.144696484e-02
-3.510704571e-02-3.862926564e-02-4.196582739e-02-4.506876300e-02-4.789012005e-02
-5.038200826e-02-5.249650195e-02-5.418540763e-02-5.539992315e-02-5.609023569e-02
-5.620513184e-02-5.569172539e-02-5.449544863e-02-5.256050246e-02-4.983101926e-02
-4.625325608e-02-4.177919617e-02-3.637197312e-02-3.001351068e-02-2.271463279e-02
-1.452757035e-02-5.560169287e-03 4.009911260e-03 1.394389812e-02 2.432559015e-02
 3.527770421e-02 4.697838562e-02 5.969203718e-02 7.382244495e-02 8.999768018e-02
 1.090717118e-01 1.257629130e-01 1.368630524e-01 1.417326108e-01 1.399258279e-01
 1.323737684e-01 1.223685291e-01 1.149069817e-01 1.092227339e-01 1.047572155e-01
 1.011467647e-01 9.815237474e-02 9.561266210e-02 9.341556801e-02 9.148501413e-02
 1.192297440e-03 2.700531124e-03 4.815891941e-03 7.537231517e-03 1.063739889e-02
 1.176056056e-02 1.020515298e-02 8.325081700e-03 6.198846145e-03 3.834594982e-03
 1.228001227e-03-1.606331172e-03-4.647002595e-03-7.868469144e-03-1.124123080e-02
-1.473209515e-02-1.830451597e-02-2.191899795e-02-2.553355130e-02-2.910417350e-02
-3.258533123e-02-3.593041289e-02-3.909212217e-02-4.202278593e-02-4.467455504e-02
-4.699948516e-02-4.894949577e-02-5.047621978e-02-5.153077408e-02-5.206350286e-02
-5.202377242e-02-5.135992925e-02-5.001957316e-02-4.795034522e-02-4.510148467e-02
-4.142646398e-02-3.688705785e-02-3.145921655e-02-2.514106575e-02-1.796320289e-02
-1.000112346e-02-1.389048954e-03 7.666381387e-03 1.704555361e-02 2.682384799e-02
 3.709865568e-02 4.800029435e-02 5.970754264e-02 7.247466615e-02 8.670623432e-02
 1.037913910e-01 1.194100644e-01 1.302569937e-01 1.328815719e-01 1.312561515e-01
 1.254198405e-01 1.171539999e-01 1.111914286e-01 1.064374867e-01 1.025466867e-01
 9.930017739e-02 9.654386684e-02 9.416556184e-02 9.208206903e-02 9.022852889e-02
 1.214530203e-03 2.751140868e-03 4.906775409e-03 7.680685672e-03 1.083296169e-02
 1.200965435e-02 1.060605096e-02 8.815880779e-03 6.814342888e-03 4.592389470e-03
 2.146233371e-03-5.162634479e-04-3.374692838e-03-6.404708915e-03-9.578156413e-03
-1.286328115e-02-1.622501836e-02-1.962534788e-02-2.302370036e-02-2.637739401e-02
-2.964207796e-02-3.277215617e-02-3.572116628e-02-3.844209041e-02-4.088758048e-02
-4.301008907e-02-4.476190835e-02-4.609513400e-02-4.696158979e-02-4.731277044e-02
-4.709988768e-02-4.627413730e-02-4.478734293e-02-4.259317607e-02-3.964919654e-02
-3.591999729e-02-3.138175683e-02-2.602848296e-02-1.988013166e-02-1.299253164e-02
-5.468664929e-03 2.529732355e-03 1.077200734e-02 1.924179949e-02 2.796370490e-02
 3.696124270e-02 4.625003004e-02 5.582276549e-02 6.561573703e-02 7.543571065e-02
 8.483438835e-02 9.307648131e-02 9.944042558e-02 1.035220625e-01 1.052790819e-01
 1.050531675e-01 1.035232820e-01 1.013965660e-01 9.911741040e-02 9.689148983e-02
 9.479916021e-02 9.286329489e-02 9.108138700e-02 8.944052439e-02 8.792500435e-02
 1.238051676e-03 2.804743840e-03 5.003156998e-03 7.833085278e-03 1.105583888e-02
 1.231806286e-02 1.100954918e-02 9.340766630e-03 7.475417299e-03 5.409506379e-03
 3.140948141e-03 6.705505915e-04-1.982584208e-03-4.795504571e-03-7.741549194e-03
-1.079055085e-02-1.390909762e-02-1.706084904e-02-2.020689781e-02-2.330616253e-02
-2.631579223e-02-2.919156196e-02-3.188823833e-02-3.435989732e-02-3.656018181e-02
-3.844249498e-02-3.996013745e-02-4.106641079e-02-4.171472863e-02-4.185879885e-02
-4.145296675e-02-4.045283961e-02-3.881634673e-02-3.650542385e-02-3.348854166e-02
-2.974431672e-02-2.526643559e-02-2.007005157e-02-1.419966643e-02-7.738344686e-03
-8.175767991e-04 6.373686716e-03 1.368856832e-02 2.112188818e-02 2.866038856e-02
 3.627870769e-02 4.393267164e-02 5.154932827e-02 5.901432545e-02 6.616071169e-02
 7.276954620e-02 7.859563699e-02 8.341906713e-02 8.710113256e-02 8.961967623e-02
 9.107246113e-02 9.164717964e-02 9.156800049e-02 9.104365506e-02 9.023908354e-02
 8.927144150e-02 8.821851337e-02 8.712963546e-02 8.603498919e-02 8.495517300e-02
 1.261746271e-03 2.858857676e-03 5.100717775e-03 7.987862303e-03 1.129456111e-02
 1.266718234e-02 1.141603547e-02 9.876992909e-03 8.154292695e-03 6.253075026e-03
 4.172795593e-03 1.912417565e-03-5.152265678e-04-3.088331003e-03-5.781634198e-03
-8.566568367e-03-1.141146717e-02-1.428182996e-02-1.714063368e-02-1.994867884e-02
-2.266495397e-02-2.524700210e-02-2.765127347e-02-2.983345199e-02-3.174874876e-02
-3.335216476e-02-3.459873632e-02-3.544379198e-02-3.584326724e-02-3.575414494e-02
-3.513511278e-02-3.394755586e-02-3.215702713e-02-2.973536135e-02-2.666360708e-02
-2.293593836e-02-1.856464738e-02-1.358625180e-02-8.068585977e-03-2.118136290e-03
 4.113030526e-03 1.044115064e-02 1.684285852e-02 2.329109497e-02 2.975192611e-02
 3.618212467e-02 4.252651237e-02 4.871550969e-02 5.466388071e-02 6.027225956e-02
 6.543318267e-02 7.004233272e-02 7.401339861e-02 7.729256824e-02 7.986794991e-02
 8.177071703e-02 8.306764221e-02 8.384770431e-02 8.420730156e-02 8.423824874e-02
 8.402056793e-02 8.361978011e-02 8.308723077e-02 8.246185088e-02 8.176735953e-02
 1.284091759e-03 2.910106176e-03 5.193635110e-03 8.136240358e-03 1.149873147e-02
 1.292713053e-02 1.183057845e-02 1.039380218e-02 8.816694443e-03 7.084570744e-03
 5.198597028e-03 3.159886610e-03 9.725822985e-04-1.342756866e-03-3.762335321e-03
-6.259250046e-03-8.803680900e-03-1.136312478e-02-1.390266736e-02-1.638528802e-02
-1.877218757e-02-2.102312726e-02-2.309676910e-02-2.495101072e-02-2.654331441e-02
-2.783103857e-02-2.877179136e-02-2.932384077e-02-2.944663173e-02-2.910147994e-02
-2.825253328e-02-2.686810820e-02-2.492252598e-02-2.239857549e-02-1.929071891e-02
-1.560911739e-02-1.138450240e-02-6.673607836e-03-1.564479140e-03 3.817805420e-03
 9.309893543e-03 1.487969697e-02 2.049323365e-02 2.611243116e-02 3.169482740e-02
 3.719315533e-02 4.255522537e-02 4.772435321e-02 5.264063754e-02 5.724334442e-02
 6.147448387e-02 6.528334224e-02 6.863131643e-02 7.149606094e-02 7.387391693e-02
 7.577993653e-02 7.724544188e-02 7.831372116e-02 7.903489328e-02 7.946101314e-02
 7.964218461e-02 7.962399620e-02 7.944621009e-02 7.914249536e-02 7.874414048e-02
 1.302907481e-03 2.953608098e-03 5.273342141e-03 8.265232678e-03 1.170230072e-02
 1.323616988e-02 1.218064921e-02 1.085694858e-02 9.424203714e-03 7.858961759e-03
 6.166486035e-03 4.350224259e-03 2.413194143e-03 3.682244035e-04-1.762099449e-03
-3.952448268e-03-6.174881853e-03-8.399023277e-03-1.059228908e-02-1.272015676e-02
-1.474646042e-02-1.663370575e-02-1.834339827e-02-1.983638401e-02-2.107320817e-02
-2.201450646e-02-2.262145495e-02-2.285631631e-02-2.268313653e-02-2.206866136e-02
-2.098355344e-02-1.940401112e-02-1.731388456e-02-1.470739200e-02-1.159250030e-02
-7.994930577e-03-3.962510704e-03 4.296647801e-04 5.075093673e-03 9.868643801e-03
 1.477407635e-02 1.975258779e-02 2.476103116e-02 2.975297352e-02 3.467965339e-02
 3.949084753e-02 4.413576705e-02 4.856463140e-02 5.273096135e-02 5.659403264e-02
 6.012094613e-02 6.328805385e-02 6.608170944e-02 6.849840333e-02 7.054433600e-02
 7.223445585e-02 7.359100603e-02 7.464169313e-02 7.541766873e-02 7.595155370e-02
 7.627571172e-02 7.642090719e-02 7.641539359e-02 7.628437299e-02 7.604889372e-02
 1.315119046e-03 2.982445956e-03 5.327685336e-03 8.356169515e-03 1.183959922e-02
 1.343272042e-02 1.248746869e-02 1.123869066e-02 9.931126856e-03 8.523013587e-03
 7.016258652e-03 5.416721019e-03 3.729709118e-03 1.960332173e-03 1.277506018e-04
-1.744453341e-03-3.630343628e-03-5.501838014e-03-7.328934275e-03-9.079971509e-03
-1.072191304e-02-1.222064709e-02-1.354130497e-02-1.464860189e-02-1.550721272e-02
-1.608220310e-02-1.633954636e-02-1.624677029e-02-1.577378224e-02-1.489393732e-02
-1.358543913e-02-1.183313631e-02-9.630774955e-03-6.983701683e-03-3.912162760e-03
-4.549838698e-04 3.327525278e-03 7.338774528e-03 1.155403929e-02 1.593936097e-02
 2.045689194e-02 2.506072568e-02 2.969440156e-02 3.429477340e-02 3.880345955e-02
 4.316615943e-02 4.732527721e-02 5.122442454e-02 5.481710608e-02 5.807232567e-02
 6.097604868e-02 6.352916016e-02 6.574345563e-02 6.763741386e-02 6.923291233e-02
 7.055319170e-02 7.162180616e-02 7.246213484e-02 7.309711507e-02 7.354901278e-02
 7.383917145e-02 7.398775238e-02 7.401350178e-02 7.393354971e-02 7.376264413e-02
 1.316649866e-03 2.987168479e-03 5.339420809e-03 8.381790887e-03 1.188496573e-02
 1.350762485e-02 1.265060224e-02 1.146937616e-02 1.027680370e-02 9.007772924e-03
 7.673815172e-03 6.280355104e-03 4.833192223e-03 3.338628486e-03 1.805310973e-03
 2.552084859e-04-1.287715504e-03-2.797716556e-03-4.247571779e-03-5.608863591e-03
-6.852266768e-03-7.947840413e-03-8.865331801e-03-9.574502454e-03-1.004549382e-02
-1.024926146e-02-1.015811954e-02-9.746429424e-03-8.991479224e-03-7.874593301e-03
-6.382503305e-03-4.509260460e-03-2.258456779e-03 3.548316163e-04 3.299607295e-03
 6.517742339e-03 1.000045647e-02 1.373164413e-02 1.769466138e-02 2.186865139e-02
 2.622492224e-02 3.073235950e-02 3.538729363e-02 3.983113913e-02 4.415095274e-02
 4.836228545e-02 5.231620807e-02 5.589984809e-02 5.903886945e-02 6.170837194e-02
 6.393033329e-02 6.575749811e-02 6.725269588e-02 6.847388388e-02 6.946792519e-02
 7.027027324e-02 7.090719278e-02 7.139847438e-02 7.175973560e-02 7.200405827e-02
 7.214301399e-02 7.218723091e-02 7.214666060e-02 7.203074562e-02 7.185178082e-02
 1.303366290e-03 2.957480090e-03 5.287699331e-03 8.304376780e-03 1.179921534e-02
 1.344436673e-02 1.255523692e-02 1.144696946e-02 1.034730945e-02 9.217229534e-03
 8.052855985e-03 6.857968642e-03 5.639308051e-03 4.405266260e-03 3.165160462e-03
 1.932405549e-03 7.296160911e-04-4.195973786e-04-1.490898894e-03-2.459531849e-03
-3.300598201e-03-3.989332467e-03-4.501377854e-03-4.813072571e-03-4.901757515e-03
-4.746127915e-03-4.326700324e-03-3.626548938e-03-2.632183180e-03-1.334414468e-03
 2.710571834e-04 2.180634316e-03 4.377032192e-03 6.843529402e-03 9.583821878e-03
 1.259493980e-02 1.587638571e-02 1.942887526e-02 2.325481926e-02 2.736040027e-02
 3.176341752e-02 3.639707910e-02 4.102206090e-02 4.579807430e-02 5.065050303e-02
 5.539230228e-02 5.972986382e-02 6.336074751e-02 6.610790471e-02 6.797100563e-02
 6.912607160e-02 6.982528550e-02 7.026017921e-02 7.054535670e-02 7.074313080e-02
 7.088355922e-02 7.097886973e-02 7.103253515e-02 7.104440710e-02 7.101338082e-02
 7.093864478e-02 7.082016162e-02 7.065875270e-02 7.045591270e-02 7.020846366e-02
 1.274175676e-03 2.890237287e-03 5.164326325e-03 8.102210665e-03 1.147000405e-02
 1.291591606e-02 1.187440753e-02 1.095481195e-02 1.004042442e-02 9.080376829e-03
 8.089266497e-03 7.082256237e-03 6.073688864e-03 5.077429153e-03 4.106982868e-03
 3.175587084e-03 2.299577056e-03 1.500628683e-03 7.999315750e-04 2.179543141e-04
-2.258022195e-04-5.130522783e-04-6.269894285e-04-5.525387560e-04-2.765317811e-04
 2.123316157e-04 9.234826625e-04 1.863254682e-03 3.033088403e-03 4.426530055e-03
 6.045292007e-03 7.896278490e-03 9.983469996e-03 1.231123297e-02 1.488711617e-02
 1.772070964e-02 2.082396495e-02 2.421163899e-02 2.790173681e-02 3.191533993e-02
 3.627284066e-02 4.098383598e-02 4.608864414e-02 5.168164215e-02 5.789008482e-02
 6.504743521e-02 7.178844711e-02 7.642456106e-02 7.861437849e-02 7.828347407e-02
 7.651811763e-02 7.509324219e-02 7.392922977e-02 7.300429240e-02 7.228400137e-02
 7.171834715e-02 7.126293336e-02 7.088238331e-02 7.054971734e-02 7.024485034e-02
 6.995309637e-02 6.966390075e-02 6.936981186e-02 6.906570596e-02 6.875110650e-02
 1.232421881e-03 2.795062447e-03 4.992689645e-03 7.828570801e-03 1.106822019e-02
 1.235742448e-02 1.115547770e-02 1.026905704e-02 9.481702881e-03 8.637946814e-03
 7.773002455e-03 6.910596911e-03 6.071692339e-03 5.275140639e-03 4.538069411e-03
 3.876175484e-03 3.304020467e-03 2.837245769e-03 2.493217893e-03 2.287091466e-03
 2.231709056e-03 2.337392527e-03 2.611525695e-03 3.057956021e-03 3.676080072e-03
 4.462363388e-03 5.417809708e-03 6.541618031e-03 7.832230091e-03 9.288651433e-03
 1.091294301e-02 1.271094506e-02 1.469195274e-02 1.686876282e-02 1.925761151e-02
 2.187826315e-02 2.475419691e-02 2.791233714e-02 3.138324362e-02 3.520263135e-02
 3.941550191e-02 4.408492066e-02 4.930703648e-02 5.523396143e-02 6.210798314e-02
 7.021546231e-02 7.757093438e-02 8.247241244e-02 8.495541482e-02 8.495456311e-02
 8.231312535e-02 7.867869674e-02 7.613858121e-02 7.433428606e-02 7.299748693e-02
 7.196902247e-02 7.114957655e-02 7.047438546e-02 6.989965975e-02 6.939493564e-02
 6.893855886e-02 6.851490722e-02 6.811263009e-02 6.772356089e-02 6.734277882e-02
 1.179668146e-03 2.677030766e-03 4.786158471e-03 7.514338784e-03 1.064122628e-02
 1.182419024e-02 1.048821231e-02 9.559331748e-03 8.725391824e-03 7.885783777e-03
 7.059341102e-03 6.270433926e-03 5.542313709e-03 4.896186639e-03 4.350851944e-03
 3.922649986e-03 3.625622885e-03 3.471818674e-03 3.471775893e-03 3.633265642e-03
 3.960798423e-03 4.456031894e-03 5.116925047e-03 5.937490702e-03 6.907922535e-03
 8.015507841e-03 9.246389119e-03 1.058684729e-02 1.202533434e-02 1.355473335e-02
 1.517427318e-02 1.689046395e-02 1.871721189e-02 2.067960341e-02 2.280280119e-02
 2.511073746e-02 2.764712542e-02 3.044952136e-02 3.355717523e-02 3.700644367e-02
 4.082674344e-02 4.506013428e-02 4.975545139e-02 5.497004400e-02 6.077426016e-02
 6.731263139e-02 7.325937271e-02 7.746741263e-02 7.990326771e-02 8.047927260e-02
 7.905047570e-02 7.669391126e-02 7.486220884e-02 7.338305670e-02 7.216779834e-02
 7.115046076e-02 7.028310596e-02 6.953063982e-02 6.886691649e-02 6.827205116e-02
 6.773063881e-02 6.723058625e-02 6.676233927e-02 6.631831976e-02 6.589113091e-02
 1.110715992e-03 2.523650030e-03 4.519715227e-03 7.111664139e-03 1.007431503e-02
 1.107012285e-02 9.625845559e-03 8.539842206e-03 7.594221747e-03 6.668670860e-03
 5.795872443e-03 5.006408127e-03 4.328051386e-03 3.784757993e-03 3.396119809e-03
 3.177392897e-03 3.139942731e-03 3.291817099e-03 3.638147890e-03 4.181112972e-03
 4.919551078e-03 5.848280178e-03 6.957050233e-03 8.229423085e-03 9.641940214e-03
 1.116415242e-02 1.276019507e-02 1.439245815e-02 1.602731421e-02 1.764173141e-02
 1.922722908e-02 2.079178064e-02 2.238647607e-02 2.402248804e-02 2.574390055e-02
 2.759303953e-02 2.963243671e-02 3.191085089e-02 3.447781162e-02 3.737296891e-02
 4.061284539e-02 4.420845434e-02 4.814104399e-02 5.234626424e-02 5.669370246e-02
 6.096236939e-02 6.484919323e-02 6.805457577e-02 7.038080473e-02 7.176592833e-02
 7.229547373e-02 7.218769785e-02 7.169753128e-02 7.101901268e-02 7.026904324e-02
 6.951138447e-02 6.877871909e-02 6.808606845e-02 6.743848570e-02 6.683551364e-02
 6.627380664e-02 6.574867995e-02 6.525501744e-02 6.478784405e-02 6.434504914e-02
 1.015095847e-03 2.311160703e-03 4.150739231e-03 6.553250533e-03 9.314103962e-03
 1.010655517e-02 8.370358688e-03 7.037968259e-03 5.864006571e-03 4.747027359e-03
 3.733278124e-03 2.865288890e-03 2.179887685e-03 1.705166089e-03 1.459612093e-03
 1.453485596e-03 1.691366377e-03 2.174615673e-03 2.902945726e-03 3.874860346e-03
 5.087064304e-03 6.532940994e-03 8.200051916e-03 1.006651320e-02 1.209629007e-02
 1.423427832e-02 1.640382891e-02 1.851152469e-02 2.046370297e-02 2.218911290e-02
 2.369261443e-02 2.498764089e-02 2.613179930e-02 2.720925017e-02 2.829922969e-02
 2.947214266e-02 3.079188518e-02 3.232263015e-02 3.413537323e-02 3.630720243e-02
 3.890627614e-02 4.196370211e-02 4.544668740e-02 4.925030622e-02 5.320958330e-02
 5.711893859e-02 6.075130339e-02 6.388389999e-02 6.633871086e-02 6.802839424e-02
 6.898046562e-02 6.931856286e-02 6.921052608e-02 6.881663876e-02 6.826195180e-02
 6.763205604e-02 6.698036851e-02 6.633767639e-02 6.572008261e-02 6.513463285e-02
 6.458301105e-02 6.406387353e-02 6.357429095e-02 6.311057144e-02 6.266574115e-02
 8.770487534e-04 2.004979164e-03 3.621434620e-03 5.758352596e-03 8.213579159e-03
 8.663480124e-03 6.584134059e-03 4.828690820e-03 3.233532624e-03 1.781697315e-03
 4.934152563e-04-5.519045086e-04-1.292756970e-03-1.696632825e-03-1.759248798e-03
-1.493070023e-03-9.146235504e-04-3.663770966e-05 1.134389098e-03 2.597421628e-03
 4.355024419e-03 6.411268985e-03 8.769028542e-03 1.142507075e-02 1.435981170e-02
 1.751677108e-02 2.076795590e-02 2.387831967e-02 2.652426245e-02 2.846330424e-02
 2.962798038e-02 3.016712076e-02 3.036291699e-02 3.044902203e-02 3.056153050e-02
 3.076201855e-02 3.107498301e-02 3.152464836e-02 3.218353392e-02 3.323927558e-02
 3.500114802e-02 3.772077964e-02 4.138511289e-02 4.571829649e-02 5.038584633e-02
 5.513386350e-02 5.971755281e-02 6.376445401e-02 6.679171050e-02 6.849266565e-02
 6.898057372e-02 6.868964064e-02 6.804116216e-02 6.727464697e-02 6.649544211e-02
 6.574535878e-02 6.503951429e-02 6.438179405e-02 6.377115134e-02 6.320429285e-02
 6.267691225e-02 6.218430059e-02 6.172168151e-02 6.128446478e-02 6.086996126e-02
 6.731968667e-04 1.548679539e-03 2.827020178e-03 4.569129737e-03 6.621838388e-03
 6.732764905e-03 4.397321891e-03 1.894288063e-03-4.581438530e-04-2.662040794e-03
-4.566040846e-03-5.986013366e-03-6.784787973e-03-6.963373238e-03-6.627087086e-03
-5.891148608e-03-4.825832571e-03-3.456919121e-03-1.783715527e-03 2.068959658e-04
 2.534188213e-03 5.223608380e-03 8.311132418e-03 1.185066488e-02 1.592351332e-02
 2.064541345e-02 2.613962866e-02 3.226318178e-02 3.749910514e-02 3.988606390e-02
 3.913659821e-02 3.686039285e-02 3.484334996e-02 3.336128088e-02 3.229857418e-02
 3.150023603e-02 3.080480427e-02 3.001496867e-02 2.882433089e-02 2.656309786e-02
 2.564030652e-02 2.815667170e-02 3.448938029e-02 4.144437651e-02 4.775497898e-02
 5.412828182e-02 6.121914156e-02 7.034413580e-02 7.578652442e-02 7.659253220e-02
 7.241689977e-02 6.917697951e-02 6.707646397e-02 6.558597948e-02 6.445167822e-02
 6.354106021e-02 6.277979150e-02 6.212354348e-02 6.154443628e-02 6.102407278e-02
 6.054973817e-02 6.011207503e-02 5.970347492e-02 5.931738926e-02 5.894945165e-02
 3.907541486e-04 8.918156539e-04 1.615520815e-03 2.615833409e-03 3.859148887e-03
 3.443663457e-03 7.758844453e-04-2.220743524e-03-5.567356627e-03-9.362164875e-03
-1.311713358e-02-1.553721892e-02-1.593227889e-02-1.473575846e-02-1.316825109e-02
-1.156916554e-02-9.881026824e-03-8.002957747e-03-5.851924828e-03-3.374260999e-03
-5.394401151e-04 2.674858939e-03 6.301124691e-03 1.040253984e-02 1.510096394e-02
 2.062965080e-02 2.746192386e-02 3.673805531e-02 4.567978276e-02 4.852347678e-02
 4.496224028e-02 3.927235451e-02 3.602822250e-02 3.397025649e-02 3.257607517e-02
 3.155946540e-02 3.072529567e-02 2.990893336e-02 2.896531404e-02 2.796307907e-02
 2.811252637e-02 3.039039080e-02 3.466320161e-02 3.999155271e-02 4.541181410e-02
 5.096686717e-02 5.682439073e-02 6.265535690e-02 6.692720788e-02 6.829865239e-02
 6.692783617e-02 6.496565626e-02 6.340478216e-02 6.222064096e-02 6.130219576e-02
 6.056705875e-02 5.995899640e-02 5.943852735e-02 5.898408267e-02 5.857393069e-02
 5.820069729e-02 5.785800415e-02 5.754152819e-02 5.723590203e-02 5.693365538e-02
 9.242929408e-05 1.800244492e-04 2.363190421e-04 1.570461764e-04-2.668439090e-04
-1.324667217e-03-3.204699349e-03-5.952076075e-03-9.698206128e-03-1.490485234e-02
-2.144420785e-02-2.509477970e-02-2.517997153e-02-2.143390422e-02-1.901421567e-02
-1.722220805e-02-1.550171518e-02-1.351177860e-02-1.107735127e-02-8.165284862e-03
-4.831460504e-03-1.155529769e-03 2.802186305e-03 7.012278021e-03 1.146545900e-02
 1.614160887e-02 2.093994234e-02 2.554555582e-02 2.934855211e-02 3.176272866e-02
 3.267632577e-02 3.255912465e-02 3.201984073e-02 3.144634923e-02 3.097583038e-02
 3.064732962e-02 3.047178934e-02 3.046383857e-02 3.069397576e-02 3.129167731e-02
 3.243768907e-02 3.426228218e-02 3.675535807e-02 3.977526039e-02 4.311428377e-02
 4.657109858e-02 4.993391532e-02 5.294234510e-02 5.531785812e-02 5.687891792e-02
 5.765856000e-02 5.787434949e-02 5.777755048e-02 5.754465468e-02 5.726798061e-02
 5.698876610e-02 5.672120170e-02 5.646761305e-02 5.622560855e-02 5.599056489e-02
 5.575808372e-02 5.552684418e-02 5.531481155e-02 5.510545760e-02 5.488852287e-02
-1.118964739e-04-2.861481161e-04-5.950353017e-04-1.108259419e-03-1.915269052e-03
-3.112507734e-03-4.784748953e-03-6.990716617e-03-9.739832760e-03-1.295329892e-02
-1.622337475e-02-1.887297816e-02-2.050759433e-02-2.136330675e-02-2.201203793e-02
-2.255330411e-02-2.248224017e-02-2.113744918e-02-1.830041393e-02-1.436677886e-02
-9.960562013e-03-5.472413649e-03-1.050476455e-03 3.261441856e-03 7.441765017e-03
 1.145211921e-02 1.521725268e-02 1.862150152e-02 2.153218533e-02 2.385079378e-02
 2.556342174e-02 2.675169031e-02 2.755611849e-02 2.812409732e-02 2.857773184e-02
 2.900837274e-02 2.948567762e-02 3.006952233e-02 3.081830412e-02 3.178976156e-02
 3.303250451e-02 3.457128789e-02 3.639445776e-02 3.845122849e-02 4.065900907e-02
 4.291463830e-02 4.510476931e-02 4.711718019e-02 4.885714918e-02 5.026683222e-02
 5.133738476e-02 5.210439393e-02 5.262871051e-02 5.297479341e-02 5.319678591e-02
 5.333394030e-02 5.341177310e-02 5.344525501e-02 5.344207943e-02 5.340539188e-02
 5.333590309e-02 5.323235996e-02 5.313333145e-02 5.301436566e-02 5.286575095e-02
-2.020499021e-04-4.779195163e-04-9.018841749e-04-1.508294784e-03-2.335820097e-03
-3.421354370e-03-4.791909341e-03-6.453026762e-03-8.379247492e-03-1.051775058e-02
-1.278728365e-02-1.512802168e-02-1.758362416e-02-2.040743221e-02-2.414794679e-02
-2.994193901e-02-3.616243628e-02-3.613103243e-02-2.994869008e-02-2.060615013e-02
-1.381493243e-02-8.238890930e-03-3.372089550e-03 1.008567626e-03 5.003969138e-03
 8.652374690e-03 1.195743152e-02 1.490579089e-02 1.748191245e-02 1.968146833e-02
 2.152091185e-02 2.304000518e-02 2.429684136e-02 2.535862358e-02 2.629281005e-02
 2.716152469e-02 2.801945231e-02 2.891375192e-02 2.988419395e-02 3.096225462e-02
 3.216884432e-02 3.351137611e-02 3.498153475e-02 3.655497988e-02 3.819342527e-02
 3.984873030e-02 4.146835302e-02 4.300160453e-02 4.440603497e-02 4.565277459e-02
 4.672931126e-02 4.763872936e-02 4.839579745e-02 4.902151578e-02 4.953795437e-02
 4.996450148e-02 5.031574402e-02 5.060069925e-02 5.082308792e-02 5.098253001e-02
 5.107660373e-02 5.110284977e-02 5.110076719e-02 5.105315207e-02 5.095986206e-02
-2.178586721e-04-5.034520345e-04-9.214966912e-04-1.486846089e-03-2.214848465e-03
-3.118540984e-03-4.205745403e-03-5.475344380e-03-6.911449352e-03-8.510683511e-03
-1.026542804e-02-1.218660027e-02-1.432372462e-02-1.678708527e-02-1.969533551e-02
-2.292279182e-02-2.529244738e-02-2.497633793e-02-2.166820358e-02-1.662942090e-02
-1.153033268e-02-6.815349606e-03-2.501839383e-03 1.437713696e-03 5.016477841e-03
 8.236673071e-03 1.110229307e-02 1.362721824e-02 1.583605251e-02 1.776083795e-02
 1.943768896e-02 2.090491051e-02 2.220201166e-02 2.336871888e-02 2.444373140e-02
 2.546343369e-02 2.646079919e-02 2.746451496e-02 2.849819692e-02 2.957956276e-02
 3.071956009e-02 3.192161898e-02 3.318130823e-02 3.448666008e-02 3.581929936e-02
 3.715633810e-02 3.847284211e-02 3.974456394e-02 4.095055696e-02 4.207524889e-02
 4.310960709e-02 4.405120615e-02 4.490326543e-02 4.567294326e-02 4.636924356e-02
 4.700078928e-02 4.757352450e-02 4.808828311e-02 4.853838091e-02 4.890839312e-02
 4.917708038e-02 4.932831695e-02 4.936445131e-02 4.932836041e-02 4.923908762e-02
-1.964867626e-04-4.490204546e-04-8.097788921e-04-1.283700776e-03-1.875128975e-03
-2.586558409e-03-3.417495608e-03-4.361861942e-03-5.405010505e-03-6.542301666e-03
-7.759660275e-03-9.032473185e-03-1.033305558e-02-1.160948527e-02-1.274746210e-02
-1.354156704e-02-1.370650499e-02-1.298566450e-02-1.129904919e-02-8.788169676e-03
-5.718698968e-03-2.351916327e-03 1.101403011e-03 4.459528073e-03 7.552940873e-03
 1.025303420e-02 1.251964185e-02 1.440541078e-02 1.600663996e-02 1.741157967e-02
 1.868131117e-02 1.985409600e-02 2.095501356e-02 2.200300688e-02 2.301452253e-02
 2.400485814e-02 2.498828356e-02 2.597760469e-02 2.698352782e-02 2.801400912e-02
 2.907370007e-02 3.016357876e-02 3.128084876e-02 3.241916685e-02 3.356922161e-02
 3.471963176e-02 3.585807906e-02 3.697254714e-02 3.805251312e-02 3.908994167e-02
 4.007996363e-02 4.102118044e-02 4.191560436e-02 4.276829596e-02 4.358676192e-02
 4.438008509e-02 4.515749140e-02 4.592537957e-02 4.668010934e-02 4.738971518e-02
 4.795784562e-02 4.823882838e-02 4.821106964e-02 4.800950075e-02 4.774294907e-02
-1.604405421e-04-3.641823522e-04-6.508181807e-04-1.020252271e-03-1.471248653e-03
-2.000727295e-03-2.602972909e-03-3.266758752e-03-3.974809001e-03-4.714153932e-03
-5.460282485e-03-6.176249610e-03-6.821496599e-03-7.336810121e-03-7.642251940e-03
-7.641316121e-03-7.233507786e-03-6.335481603e-03-4.900884234e-03-2.925839021e-03
-4.355182952e-04 2.535537588e-03 5.939956233e-03 9.619999471e-03 1.298597116e-02
 1.527143128e-02 1.636112261e-02 1.687456054e-02 1.734085867e-02 1.791029190e-02
 1.858369026e-02 1.933363754e-02 2.013537320e-02 2.097185019e-02 2.183292835e-02
 2.271355647e-02 2.361203542e-02 2.452856611e-02 2.546408778e-02 2.641937981e-02
 2.739440537e-02 2.838788554e-02 2.939709897e-02 3.041789997e-02 3.144493943e-02
 3.247205824e-02 3.349280796e-02 3.450104205e-02 3.549151733e-02 3.646045231e-02
 3.740600890e-02 3.832869477e-02 3.923172653e-02 4.012144920e-02 4.100798720e-02
 4.190644067e-02 4.283922832e-02 4.384085906e-02 4.496830201e-02 4.632984406e-02
 4.813763626e-02 4.874107434e-02 4.767950087e-02 4.680826032e-02 4.620662008e-02
-1.216911776e-04-2.748445069e-04-4.877687417e-04-7.579721923e-04-1.081574542e-03
-1.452840478e-03-1.863733870e-03-2.303036588e-03-2.744198670e-03-3.181022805e-03
-3.583083431e-03-3.917694525e-03-4.156910642e-03-4.257315007e-03-4.169155750e-03
-3.839726411e-03-3.217756372e-03-2.256751933e-03-9.163863520e-04 8.408683780e-04
 3.063452638e-03 5.841459671e-03 9.365754950e-03 1.416558836e-02 1.930486477e-02
 2.149237297e-02 2.068097143e-02 1.866004073e-02 1.801466695e-02 1.796313707e-02
 1.823204620e-02 1.869452739e-02 1.928183561e-02 1.995346509e-02 2.068447466e-02
 2.145918780e-02 2.226765746e-02 2.310348650e-02 2.396239014e-02 2.484121100e-02
 2.573724212e-02 2.664778133e-02 2.756987319e-02 2.850020947e-02 2.943516369e-02
 3.037093515e-02 3.130377556e-02 3.223027003e-02 3.314764553e-02 3.405408540e-02
 3.494903904e-02 3.583353161e-02 3.671050109e-02 3.758522093e-02 3.846591266e-02
 3.936472607e-02 4.029938634e-02 4.129599988e-02 4.239374904e-02 4.365026680e-02
 4.539929220e-02 4.596898703e-02 4.513197341e-02 4.443050124e-02 4.393341196e-02
-8.606824160e-05-1.935203885e-04-3.412921402e-04-5.260918472e-04-7.433180614e-04
-9.867858804e-04-1.248281892e-03-1.514637394e-03-1.765477549e-03-1.986026270e-03
-2.155173530e-03-2.253525801e-03-2.262256539e-03-2.153849012e-03-1.887326240e-03
-1.421151987e-03-7.460265564e-04 1.640876026e-04 1.333147671e-03 2.779887470e-03
 4.516777262e-03 6.544561524e-03 8.818255589e-03 1.118685943e-02 1.332247119e-02
 1.486693709e-02 1.572208913e-02 1.611849983e-02 1.638062363e-02 1.668508797e-02
 1.708092268e-02 1.756769472e-02 1.813180462e-02 1.875846485e-02 1.943501189e-02
 2.015142886e-02 2.090002872e-02 2.167493710e-02 2.247158461e-02 2.328627458e-02
 2.411584182e-02 2.495740128e-02 2.580818194e-02 2.666544034e-02 2.752644518e-02
 2.838852152e-02 2.924914112e-02 3.010604364e-02 3.095737339e-02 3.180181655e-02
 3.263872453e-02 3.346820850e-02 3.429118484e-02 3.510933532e-02 3.592490417e-02
 3.674015492e-02 3.755608578e-02 3.836951848e-02 3.916677821e-02 3.991161944e-02
 4.053239812e-02 4.094312338e-02 4.112027261e-02 4.113047196e-02 4.105851173e-02
-5.590025020e-05-1.250485937e-04-2.189557983e-04-3.343861816e-04-4.670769939e-04
-6.117401746e-04-7.621792346e-04-9.094760840e-04-1.032183091e-03-1.094941006e-03
-1.110949549e-03-1.068607012e-03-9.510396679e-04-7.442206954e-04-3.941871270e-04
 9.344019719e-05 7.274417187e-04 1.519159076e-03 2.475261459e-03 3.594731629e-03
 4.865470557e-03 6.259029135e-03 7.723635473e-03 9.183545046e-03 1.055032649e-02
 1.174965898e-02 1.275069414e-02 1.357439340e-02 1.427420378e-02 1.490734227e-02
 1.551718169e-02 1.613021087e-02 1.676002201e-02 1.741217251e-02 1.808782781e-02
 1.878594428e-02 1.950452173e-02 2.024120861e-02 2.099356180e-02 2.175920662e-02
 2.253585820e-02 2.332132961e-02 2.411347492e-02 2.491017080e-02 2.570934041e-02
 2.650894178e-02 2.730704319e-02 2.810183853e-02 2.889170171e-02 2.967522648e-02
 3.045119892e-02 3.121859182e-02 3.197640984e-02 3.272347761e-02 3.345803781e-02
 3.417711923e-02 3.487562217e-02 3.554506954e-02 3.617246196e-02 3.674016079e-02
 3.722850497e-02 3.762207473e-02 3.791652805e-02 3.812021539e-02 3.825075290e-02
-3.164872434e-05-7.017839103e-05-1.213550068e-04-1.822317389e-04-2.489788257e-04
-3.168788718e-04-3.803623601e-04-4.337176987e-04-4.576123263e-04-4.388430444e-04
-3.666622005e-04-2.493148353e-04-5.595936723e-05 2.101000744e-04 5.640720097e-04
 1.023498621e-03 1.574694748e-03 2.249529427e-03 3.019480975e-03 3.890697233e-03
 4.852251063e-03 5.865985689e-03 6.937935942e-03 7.999802750e-03 9.041614923e-03
 1.002895593e-02 1.093508066e-02 1.178904742e-02 1.256135955e-02 1.330008553e-02
 1.400144071e-02 1.467812388e-02 1.536474280e-02 1.603152845e-02 1.672523733e-02
 1.741493896e-02 1.811229203e-02 1.883078442e-02 1.953772686e-02 2.027738091e-02
 2.100619960e-02 2.174521897e-02 2.249329515e-02 2.322575087e-02 2.398525396e-02
 2.472236945e-02 2.546931888e-02 2.621086344e-02 2.693342548e-02 2.767260672e-02
 2.837917117e-02 2.909490635e-02 2.978998850e-02 3.046341969e-02 3.113834597e-02
 3.176969214e-02 3.239660039e-02 3.298305432e-02 3.352340300e-02 3.403855953e-02
 3.447851969e-02 3.488247662e-02 3.522143084e-02 3.549718177e-02 3.574868802e-02
 0.162672514E+01 0.164285608E+01 0.165731304E+01 0.167228708E+01 0.168758384E+01
 0.170316765E+01 0.171909082E+01 0.173537664E+01 0.175206058E+01 0.176919309E+01
 0.178681775E+01 0.180497786E+01 0.182372239E+01 0.184309023E+01 0.186313850E+01
 0.188392770E+01 0.190550318E+01 0.192791005E+01 0.195120212E+01 0.197546515E+01
 0.200076107E+01 0.202714746E+01 0.205468451E+01 0.208344269E+01 0.211353131E+01
 0.214504400E+01 0.217806571E+01 0.221268368E+01 0.224899515E+01 0.228713246E+01
 0.232724941E+01 0.236948845E+01 0.241399518E+01 0.246092580E+01 0.251045405E+01
 0.256280534E+01 0.261822932E+01 0.267698244E+01 0.273934570E+01 0.280563011E+01
 0.287617793E+01 0.295139831E+01 0.303177179E+01 0.311782959E+01 0.321016064E+01
 0.330944411E+01 0.341646830E+01 0.353215650E+01 0.365758792E+01 0.379403447E+01
 0.394301303E+01 0.410632742E+01 0.428617040E+01 0.448523322E+01 0.470689176E+01
 0.495545125E+01 0.523654624E+01 0.555766583E+01 0.592881571E+01 0.636450574E+01
 0.688721936E+01 0.753556961E+01 0.838588331E+01 0.964371190E+01 0.162366970E+02
  361   98
 0.573458766E+00 0.118755651E+01 0.567069846E+00 0.117364166E+01 0.560688993E+00
 0.115972311E+01 0.554322434E+00 0.114579801E+01 0.547973099E+00 0.113186506E+01
 0.541647284E+00 0.111792141E+01 0.535354808E+00 0.110396269E+01 0.529108766E+00
 0.108998313E+01 0.522920127E+00 0.107597807E+01 0.516795366E+00 0.106194495E+01
 0.510738803E+00 0.104788227E+01 0.504755634E+00 0.103378821E+01 0.498852484E+00
 0.101966045E+01 0.493034611E+00 0.100549737E+01 0.487304203E+00 0.991298664E+00
 0.481661209E+00 0.977064995E+00 0.476105842E+00 0.962796897E+00 0.470640010E+00
 0.948494263E+00 0.465266050E+00 0.934156857E+00 0.459983918E+00 0.919785366E+00
 0.454791201E+00 0.905381324E+00 0.449684904E+00 0.890946419E+00 0.444665233E+00
 0.876481163E+00 0.439735540E+00 0.861984998E+00 0.434897999E+00 0.847457821E+00
 0.430152829E+00 0.832900210E+00 0.425498962E+00 0.818313154E+00 0.420936085E+00
 0.803697380E+00 0.416466503E+00 0.789052809E+00 0.412093670E+00 0.774379059E+00
 0.407820753E+00 0.759675906E+00 0.403649960E+00 0.744943458E+00 0.399581089E+00
 0.730182535E+00 0.395612838E+00 0.715394243E+00 0.391744036E+00 0.700579624E+00
 0.387974364E+00 0.685739470E+00 0.384304656E+00 0.670874282E+00 0.380736317E+00
 0.655984436E+00 0.377270558E+00 0.641070380E+00 0.373908078E+00 0.626132701E+00
 0.370648933E+00 0.611172135E+00 0.367491729E+00 0.596189724E+00 0.364434170E+00
 0.581186659E+00 0.361474296E+00 0.566164017E+00 0.358610732E+00 0.551122719E+00
 0.355842790E+00 0.536063530E+00 0.353170354E+00 0.520987100E+00 0.350593508E+00
 0.505894038E+00 0.348112319E+00 0.490784955E+00 0.345726700E+00 0.475660489E+00
 0.343435409E+00 0.460521444E+00 0.341235772E+00 0.445368809E+00 0.339125190E+00
 0.430203513E+00 0.337101440E+00 0.415026384E+00 0.335162880E+00 0.399838139E+00
 0.333308512E+00 0.384639384E+00 0.331537526E+00 0.369430688E+00 0.329849070E+00
 0.354212608E+00 0.328241949E+00 0.338985723E+00 0.326714649E+00 0.323750625E+00
 0.325265936E+00 0.308507852E+00 0.323895066E+00 0.293257881E+00 0.322601750E+00
 0.278001138E+00 0.321385948E+00 0.262738021E+00 0.320246920E+00 0.247468983E+00
 0.319183591E+00 0.232194486E+00 0.318194941E+00 0.216914974E+00 0.317280022E+00
 0.201630869E+00 0.316437677E+00 0.186342592E+00 0.315666330E+00 0.171050568E+00
 0.314964475E+00 0.155755196E+00 0.314330753E+00 0.140456850E+00 0.313764105E+00
 0.125155873E+00 0.313264578E+00 0.109852557E+00 0.312832770E+00 0.945471807E-01
 0.312469381E+00 0.792400276E-01 0.312175187E+00 0.639313885E-01 0.311950171E+00
 0.486215761E-01 0.311792992E+00 0.333109164E-01 0.311702350E+00 0.179997180E-01
 0.311677094E+00 0.268827170E-02 0.311716318E+00-0.126231453E-01 0.311819979E+00
-0.279342616E-01 0.311988459E+00-0.432448017E-01 0.312222271E+00-0.585544832E-01
 0.312522065E+00-0.738630146E-01 0.312888565E+00-0.891700941E-01 0.313322525E+00
-0.104475409E+00 0.313824836E+00-0.119778634E+00 0.314396529E+00-0.135079423E+00
 0.315038591E+00-0.150377420E+00 0.315751077E+00-0.165672299E+00 0.316533750E+00
-0.180963748E+00 0.317386551E+00-0.196251446E+00 0.318309678E+00-0.211535058E+00
 0.319304197E+00-0.226814190E+00 0.320372187E+00-0.242088362E+00 0.321515810E+00
-0.257357057E+00 0.322737127E+00-0.272619732E+00 0.324037766E+00-0.287875853E+00
 0.325417865E+00-0.303124990E+00 0.326877225E+00-0.318366747E+00 0.328415985E+00
-0.333600692E+00 0.330034713E+00-0.348826348E+00 0.331734452E+00-0.364043172E+00
 0.333516560E+00-0.379250569E+00 0.335382643E+00-0.394447889E+00 0.337334572E+00
-0.409634421E+00 0.339374326E+00-0.424809406E+00 0.341503618E+00-0.439972085E+00
 0.343724086E+00-0.455121681E+00 0.346037545E+00-0.470257353E+00 0.348446104E+00
-0.485378183E+00 0.350951616E+00-0.500483250E+00 0.353554903E+00-0.515571773E+00
 0.356256431E+00-0.530643016E+00 0.359056348E+00-0.545696291E+00 0.361954625E+00
-0.560730938E+00 0.364951886E+00-0.575746165E+00 0.368049869E+00-0.590740933E+00
 0.371251114E+00-0.605713994E+00 0.374558625E+00-0.620663938E+00 0.377974854E+00
-0.635589414E+00 0.381499946E+00-0.650489554E+00 0.385132998E+00-0.665363740E+00
 0.388872500E+00-0.680211522E+00 0.392716755E+00-0.695032528E+00 0.396665258E+00
-0.709826102E+00 0.400719607E+00-0.724591017E+00 0.404882088E+00-0.739325812E+00
 0.409154750E+00-0.754029035E+00 0.413538681E+00-0.768699465E+00 0.418032659E+00
-0.783336562E+00 0.422634595E+00-0.797940076E+00 0.427342800E+00-0.812509677E+00
 0.432157307E+00-0.827044496E+00 0.437079742E+00-0.841543118E+00 0.442111832E+00
-0.856004047E+00 0.447254034E+00-0.870426188E+00 0.452505284E+00-0.884808983E+00
 0.457864136E+00-0.899152034E+00 0.463333583E+00-0.913453273E+00 0.468921021E+00
-0.927708823E+00 0.474633010E+00-0.941914921E+00 0.480473595E+00-0.956068632E+00
 0.486445044E+00-0.970167629E+00 0.492554543E+00-0.984207346E+00 0.498816747E+00
-0.998179605E+00 0.505248013E+00-0.101207484E+01 0.511864645E+00-0.102588275E+01
 0.518685063E+00-0.103959112E+01 0.525741832E+00-0.105317926E+01 0.533090607E+00
-0.106661159E+01 0.540813388E+00-0.107983218E+01 0.549030737E+00-0.109275065E+01
 0.557929372E+00-0.110520831E+01 0.567811309E+00-0.111689773E+01 0.579118133E+00
-0.112720476E+01 0.592224902E+00-0.113506751E+01 0.606857020E+00-0.113946421E+01
 0.622112620E+00-0.114052645E+01 0.637365306E+00-0.113927406E+01 0.652439608E+00
-0.113660533E+01 0.667335794E+00-0.113306829E+01 0.682088218E+00-0.112897049E+01
 0.696729456E+00-0.112449079E+01 0.711283004E+00-0.111973356E+01 0.725765360E+00
-0.111476366E+01 0.740187265E+00-0.110962089E+01 0.754557977E+00-0.110433670E+01
 0.768882954E+00-0.109892974E+01 0.783161213E+00-0.109340060E+01 0.797386811E+00
-0.108773738E+01 0.811551360E+00-0.108192318E+01 0.825644883E+00-0.107593892E+01
 0.839657002E+00-0.106976651E+01 0.853577427E+00-0.106339003E+01 0.867396214E+00
-0.105679622E+01 0.881104379E+00-0.104997544E+01 0.894695908E+00-0.104292510E+01
 0.908171001E+00-0.103565466E+01 0.921528882E+00-0.102817106E+01 0.934757368E+00
-0.102046110E+01 0.947837439E+00-0.101250202E+01 0.960750606E+00-0.100427496E+01
 0.973481514E+00-0.995768616E+00 0.986021357E+00-0.986983031E+00 0.998370919E+00
-0.977931885E+00 0.101053693E+01-0.968635433E+00 0.102252851E+01-0.959115002E+00
 0.103434828E+01-0.949382085E+00 0.104598361E+01-0.939429450E+00 0.105741587E+01
-0.929244226E+00 0.106863393E+01-0.918823545E+00 0.107964572E+01-0.908185069E+00
 0.109047354E+01-0.897359350E+00 0.110113528E+01-0.886370015E+00 0.111161761E+01
-0.875209459E+00 0.112189400E+01-0.863859037E+00 0.113194630E+01-0.852309705E+00
 0.114177768E+01-0.840571706E+00 0.115140492E+01-0.828665670E+00 0.116084026E+01
-0.816606989E+00 0.117006400E+01-0.804385744E+00 0.117904621E+01-0.791985948E+00
 0.118776673E+01-0.779400751E+00 0.119622031E+01-0.766634713E+00 0.120441001E+01
-0.753697791E+00 0.121233379E+01-0.740596327E+00 0.121997349E+01-0.727327244E+00
 0.122730836E+01-0.713887279E+00 0.123433297E+01-0.700282566E+00 0.124105519E+01
-0.686525903E+00 0.124748093E+01-0.672628283E+00 0.125359704E+01-0.658591674E+00
 0.125939180E+01-0.644419386E+00 0.126486740E+01-0.630120734E+00 0.127003839E+01
-0.615709092E+00 0.127492309E+01-0.601197887E+00 0.127953148E+01-0.586596573E+00
 0.128386910E+01-0.571912533E+00 0.128794464E+01-0.557153589E+00 0.129177212E+01
-0.542328359E+00 0.129537623E+01-0.527447211E+00 0.129878957E+01-0.512521119E+00
 0.130204493E+01-0.497559753E+00 0.130517355E+01-0.482571353E+00 0.130820192E+01
-0.467562366E+00 0.131114660E+01-0.452536729E+00 0.131402169E+01-0.437497617E+00
 0.131684245E+01-0.422448216E+00 0.131962594E+01-0.407391873E+00 0.132239073E+01
-0.392332084E+00 0.132515621E+01-0.377272422E+00 0.132794281E+01-0.362216656E+00
 0.133077173E+01-0.347168786E+00 0.133366215E+01-0.332132616E+00 0.133661466E+01
-0.317108510E+00 0.133961893E+01-0.302094663E+00 0.134266355E+01-0.287088948E+00
 0.134573704E+01-0.272089116E+00 0.134882819E+01-0.257092914E+00 0.135192594E+01
-0.242098071E+00 0.135501872E+01-0.227102205E+00 0.135809348E+01-0.212102635E+00
 0.136113425E+01-0.197096140E+00 0.136411962E+01-0.182078531E+00 0.136702215E+01
-0.167044705E+00 0.136980935E+01-0.151989088E+00 0.137244516E+01-0.136906260E+00
 0.137489358E+01-0.121791909E+00 0.137712669E+01-0.106644275E+00 0.137911803E+01
-0.914629953E-01 0.138084080E+01-0.762489314E-01 0.138226848E+01-0.610043793E-01
 0.138338155E+01-0.457336520E-01 0.138416814E+01-0.304426465E-01 0.138461842E+01
-0.151380585E-01 0.138472472E+01 0.172772806E-03 0.138448375E+01 0.154820794E-01
 0.138390192E+01 0.307822381E-01 0.138298974E+01 0.460662760E-01 0.138175960E+01
 0.613280329E-01 0.138022569E+01 0.765622791E-01 0.137840998E+01 0.917655505E-01
 0.137634125E+01 0.106936496E+00 0.137404816E+01 0.122075185E+00 0.137155872E+01
 0.137182852E+00 0.136890195E+01 0.152262019E+00 0.136611357E+01 0.167317428E+00
 0.136322836E+01 0.182354595E+00 0.136027700E+01 0.197378929E+00 0.135728498E+01
 0.212395222E+00 0.135427221E+01 0.227407369E+00 0.135125357E+01 0.242418335E+00
 0.134824126E+01 0.257430573E+00 0.134524614E+01 0.272446250E+00 0.134227835E+01
 0.287467352E+00 0.133934676E+01 0.302495558E+00 0.133646021E+01 0.317532478E+00
 0.133362776E+01 0.332579679E+00 0.133085775E+01 0.347638499E+00 0.132814747E+01
 0.362708188E+00 0.132547601E+01 0.377784812E+00 0.132282073E+01 0.392864295E+00
 0.132015959E+01 0.407942744E+00 0.131747138E+01 0.423016388E+00 0.131473557E+01
 0.438081460E+00 0.131193294E+01 0.453134240E+00 0.130904579E+01 0.468171031E+00
 0.130605750E+01 0.483188040E+00 0.130294958E+01 0.498180735E+00 0.129969633E+01
 0.513142548E+00 0.129626794E+01 0.528065174E+00 0.129263250E+01 0.542938681E+00
 0.128875766E+01 0.557751587E+00 0.128461857E+01 0.572492810E+00 0.128020084E+01
 0.587152924E+00 0.127549649E+01 0.601723581E+00 0.127050210E+01 0.616197378E+00
 0.126521065E+01 0.630565212E+00 0.125960550E+01 0.644813561E+00 0.125367337E+01
 0.658928887E+00 0.124741398E+01 0.672902179E+00 0.124084193E+01 0.686731204E+00
 0.123397323E+01 0.700415316E+00 0.122680424E+01 0.713944506E+00 0.121932970E+01
 0.727307309E+00 0.121155794E+01 0.740499496E+00 0.120351211E+01 0.753526384E+00
 0.119521241E+01 0.766393031E+00 0.118666347E+01 0.779095431E+00 0.117786411E+01
 0.791625661E+00 0.116882083E+01 0.803981026E+00 0.115955519E+01 0.816170568E+00
 0.115009915E+01 0.828213063E+00 0.114047252E+01 0.840119624E+00 0.113066026E+01
 0.851873635E+00 0.112064268E+01 0.863453122E+00 0.111041443E+01 0.874846969E+00
 0.109999302E+01 0.886064454E+00 0.108940486E+01 0.897124718E+00 0.107866187E+01
 0.908034651E+00 0.106774300E+01 0.918768489E+00 0.105662352E+01 0.929294316E+00
 0.104529442E+01 0.939594190E+00 0.103376606E+01 0.949670550E+00 0.102205629E+01
 0.959535556E+00 0.101017638E+01 0.969194986E+00 0.998122142E+00 0.978635927E+00
 0.985883784E+00 0.987836892E+00 0.973454395E+00 0.996778071E+00 0.960833272E+00
 0.100544649E+01 0.948030175E+00 0.101384384E+01 0.935062389E+00 0.102198462E+01
 0.921949430E+00 0.102988950E+01 0.908708419E+00 0.103757800E+01 0.895348914E+00
 0.104505872E+01 0.881872444E+00 0.105232660E+01 0.868280635E+00 0.105937643E+01
 0.854581237E+00 0.106621487E+01 0.840785483E+00 0.107285683E+01 0.826905876E+00
 0.107932178E+01 0.812955488E+00 0.108563259E+01 0.798948503E+00 0.109181682E+01
 0.784900820E+00 0.109790808E+01 0.770825956E+00 0.110393629E+01 0.756729861E+00
 0.110991469E+01 0.742615219E+00 0.111584917E+01 0.728485695E+00 0.112174813E+01
 0.714344568E+00 0.112761923E+01 0.700196376E+00 0.113347329E+01 0.686045481E+00
 0.113932081E+01 0.671897251E+00 0.114517477E+01 0.657757001E+00 0.115104798E+01
 0.643631127E+00 0.115695568E+01 0.629527020E+00 0.116291514E+01 0.615451872E+00
 0.116894267E+01 0.601412033E+00 0.117505198E+01 0.587411434E+00 0.118125067E+01
 0.573458766E+00 0.118755651E+01
 0.156441580E+01 0.156423520E+01 0.173298350E+01 0.167901950E+01 0.134847970E+01
 0.206041340E+01 0.108819530E+01 0.205946000E+01 0.902253030E+00 0.187565310E+01
 0.903668760E+00 0.187424170E+01 0.533866470E+00 0.150285580E+01 0.538010660E+00
 0.149874330E+01 0.332797140E+00 0.129708960E+01 0.332797140E+00 0.109400000E+01
 0.334795920E+00 0.109400000E+01 0.303115250E+00 0.847500000E+00 0.305114030E+00
 0.847500000E+00 0.269135950E+00 0.565000000E+00 0.271134730E+00 0.565000000E+00
 0.260841000E+00 0.495257700E+00 0.260841000E+00-0.507257700E+00 0.271134730E+00
-0.576999960E+00 0.269135950E+00-0.576999960E+00 0.305114030E+00-0.859500000E+00
 0.303115250E+00-0.859500000E+00 0.334795920E+00-0.110600010E+01 0.332797140E+00
-0.110600010E+01 0.332797140E+00-0.130908970E+01 0.538598100E+00-0.150990190E+01
 0.534468950E+00-0.151402960E+01 0.905629600E+00-0.188405800E+01 0.904219000E+00
-0.188547470E+01 0.108819530E+01-0.206614000E+01 0.134847970E+01-0.206518650E+01
 0.173017910E+01-0.168098580E+01 0.156441580E+01-0.156883530E+01 0.137999130E+01
-0.157688300E+01 0.137989190E+01-0.157672700E+01 0.119622210E+01-0.158474990E+01
 0.119631650E+01-0.158489800E+01 0.105537410E+01-0.159104840E+01 0.105528350E+01
-0.159090630E+01 0.947502500E+00-0.159561420E+01 0.905686400E+00-0.159556230E+01
 0.899143000E+00-0.159478470E+01 0.883387860E+00-0.159026430E+01 0.867681200E+00
-0.158087360E+01 0.851322350E+00-0.156766880E+01 0.833481900E+00-0.154624210E+01
 0.826062560E+00-0.152875240E+01 0.822677700E+00-0.151516830E+01 0.821022750E+00
-0.149624060E+01 0.820691350E+00-0.147724350E+01 0.822887360E+00-0.144582030E+01
 0.827573000E+00-0.141923050E+01 0.839194600E+00-0.138728100E+01 0.855244300E+00
-0.135284130E+01 0.877566500E+00-0.132209860E+01 0.899473500E+00-0.130017830E+01
 0.118567730E+01-0.101380000E+01 0.127900000E+01-0.842300000E+00 0.129600000E+01
-0.820200000E+00 0.143300000E+01-0.820200000E+00 0.143300000E+01-0.711000000E+00
 0.149000000E+01-0.491000000E+00 0.146000000E+01-0.491000000E+00 0.146000000E+01
-0.233000000E+00 0.166100000E+01-0.233000000E+00 0.166100000E+01 0.226000000E+00
 0.146000000E+01 0.226000000E+00 0.146000000E+01 0.481000000E+00 0.149300000E+01
 0.481000000E+00 0.147400000E+01 0.554000000E+00 0.143300000E+01 0.711000000E+00
 0.143300000E+01 0.815600000E+00 0.129600000E+01 0.815600000E+00 0.127900000E+01
 0.837699950E+00 0.118567730E+01 0.100920000E+01 0.899473500E+00 0.129557820E+01
 0.877566500E+00 0.131749860E+01 0.855244300E+00 0.134824120E+01 0.839194600E+00
 0.138268090E+01 0.827573000E+00 0.141463040E+01 0.822887360E+00 0.144122030E+01
 0.820691350E+00 0.147264350E+01 0.821022750E+00 0.149164060E+01 0.822677700E+00
 0.151056830E+01 0.826062560E+00 0.152415240E+01 0.833481900E+00 0.154164210E+01
 0.851322350E+00 0.156306870E+01 0.867681200E+00 0.157627360E+01 0.883387860E+00
 0.158566430E+01 0.899143000E+00 0.159018470E+01 0.905686400E+00 0.159096230E+01
 0.947502500E+00 0.159101410E+01 0.105528350E+01 0.158630620E+01 0.105537410E+01
 0.158644830E+01 0.119631650E+01 0.158029800E+01 0.119622210E+01 0.158014990E+01
 0.137989190E+01 0.157212700E+01 0.137999130E+01 0.157228290E+01 0.156441580E+01
 0.156423520E+01
    0
