EFIT++      MAST # 47051 # 740ms                   0  65  65
 0.194000000E+01 0.440000000E+01 0.800000000E+00 0.600000000E-01 0.000000000E+00
 0.980662845E+00 0.177787310E-02-0.611789543E-01 0.788677629E-02-0.654426549E+00
 0.738661924E+06-0.611789543E-01 0.000000000E+00 0.980662845E+00 0.000000000E+00
 0.177787310E-02 0.000000000E+00 0.788677629E-02 0.000000000E+00 0.000000000E+00
-0.539878574E+00-0.539564599E+00-0.539246640E+00-0.538924971E+00-0.538599865E+00
-0.538271595E+00-0.537940438E+00-0.537606669E+00-0.537270563E+00-0.536932398E+00
-0.536592451E+00-0.536251001E+00-0.535908325E+00-0.535564705E+00-0.535220419E+00
-0.534875750E+00-0.534530978E+00-0.534186386E+00-0.533842258E+00-0.533498877E+00
-0.533156528E+00-0.532815497E+00-0.532476069E+00-0.532138531E+00-0.531803171E+00
-0.531470277E+00-0.531140138E+00-0.530813043E+00-0.530489283E+00-0.530169149E+00
-0.529852932E+00-0.529540925E+00-0.529233419E+00-0.528930709E+00-0.528633088E+00
-0.528340851E+00-0.528054293E+00-0.527773708E+00-0.527499393E+00-0.527231644E+00
-0.526970757E+00-0.526717029E+00-0.526470758E+00-0.526232241E+00-0.526001775E+00
-0.525779658E+00-0.525566188E+00-0.525361663E+00-0.525166381E+00-0.524980639E+00
-0.524804737E+00-0.524638971E+00-0.524483639E+00-0.524339037E+00-0.524205464E+00
-0.524083216E+00-0.523972588E+00-0.523873876E+00-0.523787376E+00-0.523713381E+00
-0.523652185E+00-0.523604082E+00-0.523569362E+00-0.523548318E+00-0.523541239E+00
 0.265284106E+05 0.259100073E+05 0.252916994E+05 0.246737955E+05 0.240566041E+05
 0.234404338E+05 0.228255933E+05 0.222123911E+05 0.216011358E+05 0.209921361E+05
 0.203857004E+05 0.197821374E+05 0.191817557E+05 0.185848639E+05 0.179917705E+05
 0.174027842E+05 0.168182136E+05 0.162383671E+05 0.156635535E+05 0.150940813E+05
 0.145302591E+05 0.139723955E+05 0.134207991E+05 0.128757785E+05 0.123376423E+05
 0.118066990E+05 0.112832572E+05 0.107676257E+05 0.102601128E+05 0.976102726E+04
 0.927067764E+04 0.878937253E+04 0.831742052E+04 0.785513020E+04 0.740281016E+04
 0.696076898E+04 0.652931527E+04 0.610875762E+04 0.569940460E+04 0.530156482E+04
 0.491554687E+04 0.454165933E+04 0.418021080E+04 0.383150987E+04 0.349586513E+04
 0.317358516E+04 0.286497857E+04 0.257035394E+04 0.229001987E+04 0.202428493E+04
 0.177345773E+04 0.153784686E+04 0.131776090E+04 0.111350845E+04 0.925398102E+03
 0.753738440E+03 0.598838058E+03 0.461005547E+03 0.340549499E+03 0.237778503E+03
 0.153001151E+03 0.865260338E+02 0.386617423E+02 0.971686740E+01 0.000000000E+00
-0.156033378E+00-0.158002713E+00-0.159832132E+00-0.161521635E+00-0.163071223E+00
-0.164480894E+00-0.165750649E+00-0.166880487E+00-0.167870410E+00-0.168720417E+00
-0.169430507E+00-0.170000682E+00-0.170430940E+00-0.170721282E+00-0.170871709E+00
-0.170882219E+00-0.170752813E+00-0.170483491E+00-0.170074253E+00-0.169525098E+00
-0.168836028E+00-0.168007041E+00-0.167038139E+00-0.165929320E+00-0.164680586E+00
-0.163291935E+00-0.161763368E+00-0.160094885E+00-0.158286486E+00-0.156338170E+00
-0.154249939E+00-0.152021792E+00-0.149653728E+00-0.147145749E+00-0.144497853E+00
-0.141710041E+00-0.138782313E+00-0.135714670E+00-0.132507109E+00-0.129159633E+00
-0.125672241E+00-0.122044933E+00-0.118277708E+00-0.114370568E+00-0.110323511E+00
-0.106136539E+00-0.101809650E+00-0.973428450E-01-0.927361240E-01-0.879894870E-01
-0.831029338E-01-0.780764646E-01-0.729100792E-01-0.676037778E-01-0.621575603E-01
-0.565714267E-01-0.508453770E-01-0.449794112E-01-0.389735293E-01-0.328277313E-01
-0.265420172E-01-0.201163871E-01-0.135508408E-01-0.684537845E-02 0.000000000E+00
-0.572994419E+06-0.573049022E+06-0.572817668E+06-0.572300357E+06-0.571497090E+06
-0.570407865E+06-0.569032684E+06-0.567371546E+06-0.565424451E+06-0.563191399E+06
-0.560672391E+06-0.557867425E+06-0.554776503E+06-0.551399624E+06-0.547736788E+06
-0.543787995E+06-0.539553245E+06-0.535032539E+06-0.530225875E+06-0.525133255E+06
-0.519754678E+06-0.514090144E+06-0.508139653E+06-0.501903205E+06-0.495380801E+06
-0.488572439E+06-0.481478121E+06-0.474097846E+06-0.466431614E+06-0.458479425E+06
-0.450241279E+06-0.441717177E+06-0.432907118E+06-0.423811101E+06-0.414429128E+06
-0.404761198E+06-0.394807312E+06-0.384567468E+06-0.374041667E+06-0.363229910E+06
-0.352132196E+06-0.340748525E+06-0.329078897E+06-0.317123312E+06-0.304881771E+06
-0.292354272E+06-0.279540817E+06-0.266441405E+06-0.253056036E+06-0.239384710E+06
-0.225427427E+06-0.211184188E+06-0.196654991E+06-0.181839838E+06-0.166738728E+06
-0.151351661E+06-0.135678637E+06-0.119719656E+06-0.103474719E+06-0.869438246E+05
-0.701269734E+05-0.530241653E+05-0.356354004E+05-0.179606786E+05 0.000000000E+00
-1.500127557e-05-3.269806580e-05-5.508408279e-05-7.965215889e-05-1.031363832e-04
-1.215254316e-04-1.301136617e-04-1.237275668e-04-8.397485886e-05 2.289490778e-05
 1.798600685e-04 3.933134729e-04 6.814933665e-04 1.054108596e-03 1.526353540e-03
 2.110529684e-03 2.803725513e-03 3.616780544e-03 4.539057553e-03 5.567614742e-03
 6.688796584e-03 7.871667726e-03 9.095975543e-03 1.030970649e-02 1.148325353e-02
 1.258178484e-02 1.358251985e-02 1.449879746e-02 1.532653239e-02 1.610209142e-02
 1.683717459e-02 1.754853413e-02 1.826231512e-02 1.896742319e-02 1.969211851e-02
 2.042199330e-02 2.116430735e-02 2.192826522e-02 2.269314025e-02 2.348419597e-02
 2.427586064e-02 2.508111601e-02 2.589951033e-02 2.671314718e-02 2.755042755e-02
 2.837716207e-02 2.921647010e-02 3.005712158e-02 3.088734387e-02 3.173492778e-02
 3.255958273e-02 3.339529623e-02 3.421633639e-02 3.501956667e-02 3.582429394e-02
 3.658562808e-02 3.733688793e-02 3.803951589e-02 3.868132215e-02 3.927884604e-02
 3.977376120e-02 4.020468290e-02 4.053859485e-02 4.077633934e-02 4.096587835e-02
-3.620306110e-05-8.077373451e-05-1.408438252e-04-2.138080109e-04-2.961777750e-04
-3.835546944e-04-4.706095945e-04-5.484989701e-04-5.974442752e-04-5.710211031e-04
-4.933777490e-04-3.533123906e-04-1.362273517e-04 1.558148939e-04 6.498719242e-04
 1.291304493e-03 2.085361699e-03 3.045348862e-03 4.180682290e-03 5.492126842e-03
 6.968652079e-03 8.581176650e-03 1.026932273e-02 1.194151198e-02 1.348775436e-02
 1.481456939e-02 1.588587953e-02 1.673434094e-02 1.743330647e-02 1.805713988e-02
 1.865931193e-02 1.927074512e-02 1.990640035e-02 2.057191702e-02 2.126812429e-02
 2.199360964e-02 2.274608362e-02 2.352301107e-02 2.432185979e-02 2.514024544e-02
 2.597596701e-02 2.682698536e-02 2.769135466e-02 2.856718801e-02 2.945266911e-02
 3.034604754e-02 3.124570052e-02 3.215015551e-02 3.305813207e-02 3.396856605e-02
 3.488055524e-02 3.579328858e-02 3.670579726e-02 3.761656413e-02 3.852284294e-02
 3.941957745e-02 4.029781414e-02 4.114256360e-02 4.193076941e-02 4.263107347e-02
 4.320839746e-02 4.363489746e-02 4.390187483e-02 4.402253406e-02 4.402617715e-02
-6.200903231e-05-1.395315199e-04-2.462608650e-04-3.798130714e-04-5.366708791e-04
-7.118433001e-04-8.984636194e-04-1.085485652e-03-1.247777332e-03-1.382790134e-03
-1.452607321e-03-1.438402949e-03-1.333633907e-03-1.105423041e-03-7.062723109e-04
-9.326663655e-05 7.455293980e-04 1.835214193e-03 3.203166148e-03 4.873649831e-03
 6.867883000e-03 9.198360627e-03 1.183299337e-02 1.460934961e-02 1.710137312e-02
 1.881148603e-02 1.960981399e-02 1.984007966e-02 1.995238147e-02 2.015550222e-02
 2.048874001e-02 2.093980062e-02 2.148710671e-02 2.211098080e-02 2.279581920e-02
 2.352986083e-02 2.430441662e-02 2.511307936e-02 2.595104857e-02 2.681459434e-02
 2.770065096e-02 2.860652464e-02 2.952970312e-02 3.046775762e-02 3.141832682e-02
 3.237916956e-02 3.334827142e-02 3.432398831e-02 3.530521056e-02 3.629153046e-02
 3.728339653e-02 3.828223431e-02 3.929050291e-02 4.031162703e-02 4.134967260e-02
 4.240846639e-02 4.348947672e-02 4.458691753e-02 4.567683178e-02 4.669553486e-02
 4.751595260e-02 4.798739246e-02 4.806943057e-02 4.787492133e-02 4.755176640e-02
-9.132189245e-05-2.068327369e-04-3.683928685e-04-5.748953323e-04-8.241256426e-04
-1.112217550e-03-1.433029279e-03-1.775026380e-03-2.118001776e-03-2.452370359e-03
-2.747967458e-03-2.970555763e-03-3.094612015e-03-3.076103687e-03-2.862047488e-03
-2.395432096e-03-1.620398582e-03-4.863042307e-04 1.050522290e-03 3.030295145e-03
 5.506226484e-03 8.593786027e-03 1.250666929e-02 1.789653295e-02 2.372466588e-02
 2.607544741e-02 2.491287017e-02 2.249818780e-02 2.169539008e-02 2.155597749e-02
 2.177319062e-02 2.220571845e-02 2.277785122e-02 2.344545778e-02 2.418167301e-02
 2.496984663e-02 2.579961974e-02 2.666452477e-02 2.756041343e-02 2.848438629e-02
 2.943406119e-02 3.040709511e-02 3.140091122e-02 3.241260016e-02 3.343896973e-02
 3.447671788e-02 3.552270133e-02 3.657427153e-02 3.762965242e-02 3.868834165e-02
 3.975153172e-02 4.082256882e-02 4.190749963e-02 4.301580306e-02 4.416147803e-02
 4.536478230e-02 4.665513832e-02 4.807614574e-02 4.969480881e-02 5.162880242e-02
 5.421042449e-02 5.492961848e-02 5.352185266e-02 5.213700962e-02 5.110863303e-02
-1.207909958e-04-2.755838428e-04-4.957922035e-04-7.834609489e-04-1.139922246e-03
-1.564971925e-03-2.055951763e-03-2.604214107e-03-3.194159641e-03-3.817409330e-03
-4.452657510e-03-5.057417060e-03-5.598030447e-03-6.015654813e-03-6.225349062e-03
-6.121116481e-03-5.590112358e-03-4.538624424e-03-2.917450457e-03-7.294908005e-04
 1.985659943e-03 5.172209243e-03 8.749389687e-03 1.251361821e-02 1.592153489e-02
 1.832492469e-02 1.961573366e-02 2.030200069e-02 2.085880509e-02 2.146749663e-02
 2.215647083e-02 2.291248057e-02 2.371762568e-02 2.455842738e-02 2.542687564e-02
 2.631941212e-02 2.723553258e-02 2.817647217e-02 2.914409197e-02 3.013999026e-02
 3.116484183e-02 3.221796767e-02 3.329713898e-02 3.439861424e-02 3.551739642e-02
 3.664768067e-02 3.778344588e-02 3.891913113e-02 4.005033549e-02 4.117448963e-02
 4.229147234e-02 4.340418572e-02 4.451915887e-02 4.564733019e-02 4.680528155e-02
 4.801742307e-02 4.932009982e-02 5.076969458e-02 5.245964949e-02 5.455666507e-02
 5.724057170e-02 5.804229282e-02 5.640439221e-02 5.472402378e-02 5.354909483e-02
-1.429437185e-04-3.296520447e-04-6.015921700e-04-9.670469101e-04-1.434333233e-03
-2.010330167e-03-2.699221062e-03-3.501161361e-03-4.397390865e-03-5.397079182e-03
-6.489522719e-03-7.652444117e-03-8.866851098e-03-1.009386619e-02-1.122078206e-02
-1.202167449e-02-1.215864044e-02-1.131577666e-02-9.399317405e-03-6.596524847e-03
-3.237847505e-03 3.765759286e-04 4.026632883e-03 7.537472965e-03 1.075448284e-02
 1.356368879e-02 1.593024828e-02 1.790229518e-02 1.957010161e-02 2.102080651e-02
 2.231881354e-02 2.350727193e-02 2.461595309e-02 2.566777070e-02 2.668244151e-02
 2.767798428e-02 2.867097636e-02 2.967620455e-02 3.070607111e-02 3.176994993e-02
 3.287361810e-02 3.401886976e-02 3.520341111e-02 3.642111205e-02 3.766264313e-02
 3.891646518e-02 4.017007807e-02 4.141138702e-02 4.263002012e-02 4.381843447e-02
 4.497268500e-02 4.609279438e-02 4.718273417e-02 4.825007605e-02 4.930535193e-02
 5.036101066e-02 5.142943101e-02 5.251832945e-02 5.361879595e-02 5.467294131e-02
 5.550662648e-02 5.585777887e-02 5.568815719e-02 5.521916957e-02 5.465033108e-02
-1.431582239e-04-3.372906032e-04-6.326582309e-04-1.049474597e-03-1.609427508e-03
-2.332406368e-03-3.232915816e-03-4.314431866e-03-5.568754510e-03-6.993701621e-03
-8.586657770e-03-1.036328102e-02-1.238539938e-02-1.481172970e-02-1.787857375e-02
-2.152511719e-02-2.450119848e-02-2.413245104e-02-2.014532025e-02-1.420882322e-02
-8.630271944e-03-3.653441920e-03 8.236456027e-04 4.877713296e-03 8.543924706e-03
 1.183485534e-02 1.475875735e-02 1.733029011e-02 1.957339746e-02 2.151965840e-02
 2.320580208e-02 2.467194977e-02 2.596031177e-02 2.711376829e-02 2.817426873e-02
 2.918133015e-02 3.017085059e-02 3.117420643e-02 3.221743877e-02 3.332035436e-02
 3.449553494e-02 3.574745784e-02 3.707206038e-02 3.845705880e-02 3.988317452e-02
 4.132621238e-02 4.275976194e-02 4.415817602e-02 4.549940310e-02 4.676721465e-02
 4.795242618e-02 4.905290166e-02 5.007240738e-02 5.101860918e-02 5.190056033e-02
 5.272588151e-02 5.349758798e-02 5.421038976e-02 5.484672742e-02 5.537463300e-02
 5.575276656e-02 5.594807089e-02 5.595959984e-02 5.582942793e-02 5.559978436e-02
-9.470382062e-05-2.394521273e-04-4.883692206e-04-8.846671012e-04-1.477748122e-03
-2.316147267e-03-3.438451190e-03-4.860647489e-03-6.560734703e-03-8.490445833e-03
-1.055556614e-02-1.267694937e-02-1.485618456e-02-1.734884929e-02-2.064076752e-02
-2.539133281e-02-3.035878853e-02-3.008525879e-02-2.452055731e-02-1.616091829e-02
-9.697313444e-03-4.243341708e-03 5.759909806e-04 4.943252825e-03 8.943035929e-03
 1.260488176e-02 1.592597128e-02 1.888703261e-02 2.146718321e-02 2.365829184e-02
 2.547553402e-02 2.696013108e-02 2.817362741e-02 2.918749533e-02 3.007336751e-02
 3.089710967e-02 3.171682956e-02 3.258305639e-02 3.353902365e-02 3.461962042e-02
 3.584866641e-02 3.723537561e-02 3.877164966e-02 4.043166793e-02 4.217424822e-02
 4.394745691e-02 4.569463311e-02 4.736118333e-02 4.890146547e-02 5.028452333e-02
 5.149700757e-02 5.254219367e-02 5.343553238e-02 5.419854024e-02 5.485305777e-02
 5.541707845e-02 5.590236085e-02 5.631354751e-02 5.664858549e-02 5.690053193e-02
 5.706080609e-02 5.712128347e-02 5.711000197e-02 5.701613213e-02 5.684984936e-02
 4.537738842e-05 6.425205717e-05 1.404665210e-05-1.896552916e-04-6.566314284e-04
-1.505488674e-03-2.838828865e-03-4.729301671e-03-7.212865381e-03-1.026772937e-02
-1.346824219e-02-1.591763196e-02-1.715550281e-02-1.742210716e-02-1.752563457e-02
-1.756801818e-02-1.711018292e-02-1.563084196e-02-1.294143802e-02-9.306418434e-03
-5.183262733e-03-9.016495535e-04 3.384686980e-03 7.614668364e-03 1.175273126e-02
 1.574973136e-02 1.951945098e-02 2.293189384e-02 2.583701815e-02 2.812184063e-02
 2.976828125e-02 3.086539965e-02 3.156648463e-02 3.202965431e-02 3.238302418e-02
 3.272061604e-02 3.311384331e-02 3.362542092e-02 3.431889846e-02 3.525950794e-02
 3.650394540e-02 3.808252801e-02 3.998406317e-02 4.215287655e-02 4.449807900e-02
 4.690709668e-02 4.925719419e-02 5.142714302e-02 5.331454095e-02 5.485701186e-02
 5.604563098e-02 5.691962308e-02 5.754467752e-02 5.798887266e-02 5.830776034e-02
 5.853998824e-02 5.870905266e-02 5.882704917e-02 5.889840584e-02 5.892305173e-02
 5.889902505e-02 5.882523663e-02 5.871948064e-02 5.857252921e-02 5.837838695e-02
 3.196741696e-04 6.927576403e-04 1.143754712e-03 1.555038481e-03 1.674775457e-03
 1.109033786e-03-3.540625564e-04-2.671896702e-03-5.913722169e-03-1.047132959e-02
-1.618727256e-02-1.935916502e-02-1.923226329e-02-1.593667150e-02-1.365545124e-02
-1.191271416e-02-1.021952717e-02-8.279015726e-03-5.935236407e-03-3.148190518e-03
 4.771822236e-05 3.594211000e-03 7.445243685e-03 1.157987888e-02 1.599583178e-02
 2.068211017e-02 2.554741323e-02 3.026470582e-02 3.415081424e-02 3.652467013e-02
 3.725909420e-02 3.690022178e-02 3.613845251e-02 3.538069929e-02 3.475304166e-02
 3.428095782e-02 3.396590984e-02 3.381759696e-02 3.391105081e-02 3.439653590e-02
 3.549111917e-02 3.735365597e-02 3.997421056e-02 4.318536259e-02 4.674782512e-02
 5.044187831e-02 5.404528007e-02 5.728010437e-02 5.984098988e-02 6.152731394e-02
 6.237774688e-02 6.263821063e-02 6.258563322e-02 6.240566157e-02 6.218954468e-02
 6.197453686e-02 6.177075726e-02 6.157702152e-02 6.138806414e-02 6.119695372e-02
 6.099761454e-02 6.078610226e-02 6.057202830e-02 6.034394386e-02 6.009944727e-02
 6.937396887e-04 1.584524403e-03 2.869903287e-03 4.630129565e-03 6.832233115e-03
 7.036070409e-03 4.609186943e-03 1.945464904e-03-8.660828124e-04-3.885800737e-03
-6.726256142e-03-8.615025024e-03-9.121434110e-03-8.470151927e-03-7.332517365e-03
-6.005908416e-03-4.503273728e-03-2.768238568e-03-7.424729120e-04 1.616441642e-03
 4.336374458e-03 7.441520281e-03 1.096796925e-02 1.498318279e-02 1.961506436e-02
 2.510985466e-02 3.198090390e-02 4.150850503e-02 5.071379511e-02 5.353660433e-02
 4.958381768e-02 4.345025192e-02 3.997784748e-02 3.776264385e-02 3.622928517e-02
 3.507018561e-02 3.407349184e-02 3.305096071e-02 3.180995851e-02 3.033678887e-02
 3.017412495e-02 3.251777479e-02 3.718735415e-02 4.302078634e-02 4.880598686e-02
 5.468484822e-02 6.092263530e-02 6.728057477e-02 7.189078080e-02 7.340504419e-02
 7.173186585e-02 6.960987538e-02 6.803107946e-02 6.687928696e-02 6.601163255e-02
 6.533191111e-02 6.477782975e-02 6.430789449e-02 6.389593122e-02 6.352161744e-02
 6.317340660e-02 6.284323318e-02 6.252492045e-02 6.220843820e-02 6.188442572e-02
 1.032312692e-03 2.369077697e-03 4.307917287e-03 6.922967044e-03 1.001959389e-02
 1.081314888e-02 8.669124991e-03 6.416213528e-03 4.331095735e-03 2.441951163e-03
 8.283600949e-04-3.937117589e-04-1.120900330e-03-1.340166754e-03-1.108818094e-03
-4.988433300e-04 4.411247843e-04 1.691317872e-03 3.251771154e-03 5.133325666e-03
 7.353223417e-03 9.935266497e-03 1.291342440e-02 1.633779512e-02 2.028133231e-02
 2.484060816e-02 3.009403856e-02 3.582232731e-02 4.066548395e-02 4.293631884e-02
 4.236857117e-02 4.034698860e-02 3.842270400e-02 3.693847716e-02 3.582576034e-02
 3.494906501e-02 3.415465678e-02 3.325030492e-02 3.194747462e-02 2.978488144e-02
 2.899493704e-02 3.155653389e-02 3.766757871e-02 4.465419709e-02 5.110149048e-02
 5.757950794e-02 6.466586410e-02 7.291764748e-02 7.825934398e-02 7.935999661e-02
 7.618338534e-02 7.327980444e-02 7.134782684e-02 6.996793252e-02 6.891738768e-02
 6.807479013e-02 6.737040143e-02 6.676188405e-02 6.622211743e-02 6.573282731e-02
 6.528111203e-02 6.485740702e-02 6.445419760e-02 6.406542016e-02 6.368859684e-02
 1.268343908e-03 2.895817935e-03 5.221186611e-03 8.283863830e-03 1.185255506e-02
 1.307718843e-02 1.119463257e-02 9.551149773e-03 8.075846320e-03 6.735639503e-03
 5.554306735e-03 4.594663133e-03 3.904622106e-03 3.512589849e-03 3.427528666e-03
 3.645812241e-03 4.159533543e-03 4.962207889e-03 6.050997792e-03 7.426569612e-03
 9.091879214e-03 1.105044111e-02 1.330368573e-02 1.584594946e-02 1.865428822e-02
 2.166898062e-02 2.476262234e-02 2.771162321e-02 3.021597714e-02 3.206464911e-02
 3.319349757e-02 3.372602003e-02 3.391855008e-02 3.398950137e-02 3.407255381e-02
 3.423341253e-02 3.450369973e-02 3.491727423e-02 3.555803247e-02 3.661952541e-02
 3.840104928e-02 4.113838724e-02 4.481747441e-02 4.917427452e-02 5.387534699e-02
 5.865068893e-02 6.324041999e-02 6.728329361e-02 7.034178178e-02 7.214691262e-02
 7.279499138e-02 7.266830869e-02 7.215520791e-02 7.149224608e-02 7.079250923e-02
 7.010523478e-02 6.945047149e-02 6.883492853e-02 6.825899702e-02 6.772001047e-02
 6.721387236e-02 6.673592377e-02 6.628143371e-02 6.584593272e-02 6.542772005e-02
 1.422553489e-03 3.236830522e-03 5.808204473e-03 9.160289332e-03 1.302520392e-02
 1.453960904e-02 1.307193762e-02 1.179501184e-02 1.067244718e-02 9.603632385e-03
 8.636097170e-03 7.806495036e-03 7.146450205e-03 6.680908297e-03 6.427586547e-03
 6.397834253e-03 6.598296415e-03 7.032573835e-03 7.702287400e-03 8.607327144e-03
 9.745255334e-03 1.110987237e-02 1.268886762e-02 1.446043892e-02 1.638899318e-02
 1.842084621e-02 2.048243885e-02 2.248537571e-02 2.434180178e-02 2.598275505e-02
 2.742018781e-02 2.866144532e-02 2.975992227e-02 3.079571372e-02 3.184579541e-02
 3.298102691e-02 3.426778502e-02 3.577377339e-02 3.757348026e-02 3.974637625e-02
 4.236156486e-02 4.545054045e-02 4.898104605e-02 5.284787592e-02 5.688277169e-02
 6.087302806e-02 6.458317466e-02 6.778515239e-02 7.030048151e-02 7.204361836e-02
 7.304320412e-02 7.342339991e-02 7.335325857e-02 7.299478353e-02 7.247426177e-02
 7.187763070e-02 7.125795246e-02 7.064529266e-02 7.005492741e-02 6.949312820e-02
 6.896093846e-02 6.845654098e-02 6.797670207e-02 6.751753896e-02 6.707011306e-02
 1.524909077e-03 3.463466575e-03 6.199641903e-03 9.748390126e-03 1.383957445e-02
 1.560342771e-02 1.433681822e-02 1.330252175e-02 1.236654222e-02 1.145884472e-02
 1.060395923e-02 9.829422450e-03 9.160420915e-03 8.618905303e-03 8.223202909e-03
 7.988022175e-03 7.924733992e-03 8.041716348e-03 8.344593470e-03 8.836121834e-03
 9.515751910e-03 1.037887981e-02 1.141587098e-02 1.261104223e-02 1.394194974e-02
 1.537952915e-02 1.688974501e-02 1.843710610e-02 1.999007079e-02 2.152715936e-02
 2.304071521e-02 2.454074254e-02 2.606937066e-02 2.764686121e-02 2.931471354e-02
 3.111251316e-02 3.310905131e-02 3.535383919e-02 3.790076309e-02 4.079344229e-02
 4.404927282e-02 4.768648151e-02 5.169419471e-02 5.601651151e-02 6.052736205e-02
 6.499071874e-02 6.905919878e-02 7.239642071e-02 7.479025758e-02 7.617498122e-02
 7.664321562e-02 7.644581293e-02 7.588282941e-02 7.516446598e-02 7.440245274e-02
 7.365125042e-02 7.293573918e-02 7.226535443e-02 7.164136216e-02 7.106080732e-02
 7.051874355e-02 7.000951205e-02 6.952746586e-02 6.906745626e-02 6.862947461e-02
 1.595268304e-03 3.619516322e-03 6.469598356e-03 1.015413914e-02 1.439951525e-02
 1.632596347e-02 1.520181035e-02 1.428285546e-02 1.345632355e-02 1.261971732e-02
 1.179692841e-02 1.101111290e-02 1.028400455e-02 9.635398115e-03 9.082924529e-03
 8.642042136e-03 8.326149090e-03 8.146803644e-03 8.113862802e-03 8.235041987e-03
 8.515419363e-03 8.956974022e-03 9.558182125e-03 1.031377870e-02 1.121489374e-02
 1.224987766e-02 1.340589599e-02 1.467030796e-02 1.603256683e-02 1.748631899e-02
 1.903126666e-02 2.067422213e-02 2.242946047e-02 2.432135206e-02 2.637538732e-02
 2.861791708e-02 3.109188939e-02 3.383750866e-02 3.689695288e-02 4.031123473e-02
 4.411785822e-02 4.836699519e-02 5.311967209e-02 5.845472159e-02 6.449530717e-02
 7.158743816e-02 7.808266382e-02 8.270815386e-02 8.524689891e-02 8.556471179e-02
 8.370157822e-02 8.086054879e-02 7.887604758e-02 7.735055995e-02 7.613440103e-02
 7.513758753e-02 7.430012376e-02 7.358032013e-02 7.294825795e-02 7.238186689e-02
 7.186451939e-02 7.138353681e-02 7.092925175e-02 7.049432217e-02 7.006996794e-02
 1.646074983e-03 3.732985302e-03 6.667744581e-03 1.045506639e-02 1.480226672e-02
 1.681293947e-02 1.581993850e-02 1.496741158e-02 1.416211668e-02 1.331246953e-02
 1.244483743e-02 1.158138135e-02 1.074154091e-02 9.942853184e-03 9.201390262e-03
 8.532039109e-03 7.948803814e-03 7.464839690e-03 7.096632287e-03 6.859245437e-03
 6.765585213e-03 6.826181954e-03 7.048824361e-03 7.438027387e-03 7.994220130e-03
 8.714319780e-03 9.599947977e-03 1.065106281e-02 1.186691408e-02 1.324720682e-02
 1.479388710e-02 1.651256809e-02 1.841222558e-02 2.050514957e-02 2.280722270e-02
 2.533793685e-02 2.812068695e-02 3.118303701e-02 3.455772933e-02 3.828517710e-02
 4.241797870e-02 4.702726505e-02 5.221194003e-02 5.811791992e-02 6.496934678e-02
 7.302639712e-02 8.031963654e-02 8.521447560e-02 8.773789159e-02 8.782456588e-02
 8.538023659e-02 8.198363790e-02 7.962217379e-02 7.794802893e-02 7.671404697e-02
 7.577038026e-02 7.502204264e-02 7.440641185e-02 7.388089118e-02 7.341579308e-02
 7.299006046e-02 7.258860608e-02 7.220063765e-02 7.181878428e-02 7.144127665e-02
 1.683266524e-03 3.817515685e-03 6.819708364e-03 1.069702854e-02 1.518102368e-02
 1.739361646e-02 1.653367483e-02 1.557441766e-02 1.464097739e-02 1.367709129e-02
 1.268722504e-02 1.168341193e-02 1.067840974e-02 9.685067105e-03 8.716153557e-03
 7.784390027e-03 6.903241064e-03 6.093561735e-03 5.375944639e-03 4.770462104e-03
 4.296389437e-03 3.971943135e-03 3.814011282e-03 3.837889197e-03 4.057070396e-03
 4.483252751e-03 5.126600442e-03 5.994473440e-03 7.089836233e-03 8.408633425e-03
 9.947308031e-03 1.171359830e-02 1.371165564e-02 1.594458000e-02 1.841794994e-02
 2.113888586e-02 2.411623312e-02 2.736082128e-02 3.088585210e-02 3.470862195e-02
 3.885922927e-02 4.340747341e-02 4.842898467e-02 5.393355919e-02 5.999630126e-02
 6.659071275e-02 7.266474509e-02 7.701306481e-02 7.947115403e-02 7.983493571e-02
 7.890263510e-02 7.795331483e-02 7.708852031e-02 7.638987465e-02 7.584048525e-02
 7.540650408e-02 7.505387571e-02 7.475377144e-02 7.448346251e-02 7.422571949e-02
 7.396783573e-02 7.370064077e-02 7.341759255e-02 7.311404968e-02 7.279252955e-02
 1.706496720e-03 3.870604980e-03 6.915958879e-03 1.085192008e-02 1.539909053e-02
 1.768552986e-02 1.695781854e-02 1.588952561e-02 1.482882437e-02 1.371924620e-02
 1.257129814e-02 1.139055585e-02 1.018436824e-02 8.961288712e-03 7.730650738e-03
 6.503711326e-03 5.302174066e-03 4.148963184e-03 3.067801064e-03 2.082950110e-03
 1.218943132e-03 5.003116599e-04-4.869142901e-05-4.043808094e-04-5.439477449e-04
-4.458182851e-04-9.015645418e-05 5.404197195e-04 1.459906337e-03 2.677907079e-03
 4.199067373e-03 6.021404816e-03 8.130669858e-03 1.049910936e-02 1.313061392e-02
 1.602066967e-02 1.916263427e-02 2.254889599e-02 2.616943377e-02 3.000837352e-02
 3.402362462e-02 3.835606206e-02 4.300976917e-02 4.781379665e-02 5.269752857e-02
 5.744323695e-02 6.177601012e-02 6.545771096e-02 6.834700406e-02 7.044174061e-02
 7.187402731e-02 7.283822992e-02 7.350343782e-02 7.398198183e-02 7.433867826e-02
 7.460762790e-02 7.480527369e-02 7.493885497e-02 7.501136616e-02 7.502425024e-02
 7.497873709e-02 7.487641341e-02 7.471938055e-02 7.451003716e-02 7.424007406e-02
 1.714517426e-03 3.888082185e-03 6.945199968e-03 1.089295775e-02 1.544717231e-02
 1.772676247e-02 1.696932167e-02 1.584726134e-02 1.467808344e-02 1.343749405e-02
 1.212840922e-02 1.075713703e-02 9.330151150e-03 7.854233972e-03 6.336714208e-03
 4.798707644e-03 3.263504665e-03 1.756169906e-03 3.033185514e-04-1.067151069e-03
-2.326329803e-03-3.444581802e-03-4.391846482e-03-5.137968030e-03-5.653069232e-03
-5.907995042e-03-5.874858543e-03-5.527752651e-03-4.843643248e-03-3.803486026e-03
-2.393670182e-03-6.079547984e-04 1.550147243e-03 4.065109054e-03 6.907911694e-03
 1.002459181e-02 1.338762421e-02 1.698065803e-02 2.078161783e-02 2.476482300e-02
 2.889932478e-02 3.316891815e-02 3.749698105e-02 4.201921923e-02 4.656756250e-02
 5.092419804e-02 5.499253850e-02 5.869090052e-02 6.196008055e-02 6.477819465e-02
 6.716085207e-02 6.915005283e-02 7.079867776e-02 7.215801777e-02 7.327149269e-02
 7.417341468e-02 7.489033636e-02 7.544313437e-02 7.584889692e-02 7.612230508e-02
 7.627650716e-02 7.632360169e-02 7.627486698e-02 7.614102362e-02 7.593995845e-02
 1.709483274e-03 3.875523824e-03 6.919829416e-03 1.084696463e-02 1.538515491e-02
 1.764903402e-02 1.677053580e-02 1.556808039e-02 1.429124189e-02 1.290986369e-02
 1.142942492e-02 9.855446771e-03 8.193138890e-03 6.447467326e-03 4.635933925e-03
 2.781420311e-03 9.091215653e-04-9.535685540e-04-2.777269869e-03-4.530854532e-03
-6.181715402e-03-7.696058482e-03-9.039218606e-03-1.017600278e-02-1.107107230e-02
-1.168938385e-02-1.199672076e-02-1.196035010e-02-1.154986062e-02-1.073824262e-02
-9.503274083e-03-7.829294877e-03-5.709441333e-03-3.148324404e-03-1.653699192e-04
 3.201485093e-03 6.893946607e-03 1.082189126e-02 1.494305924e-02 1.922868027e-02
 2.364702958e-02 2.816459587e-02 3.274542554e-02 3.734766501e-02 4.190865946e-02
 4.635217866e-02 5.060620853e-02 5.460917767e-02 5.831275101e-02 6.168384534e-02
 6.470499222e-02 6.737261890e-02 6.969391767e-02 7.168343337e-02 7.336023813e-02
 7.474599746e-02 7.586378881e-02 7.673737223e-02 7.739065746e-02 7.784722985e-02
 7.812989970e-02 7.826029546e-02 7.825853352e-02 7.814290700e-02 7.792698562e-02
 1.695274002e-03 3.842326644e-03 6.858150175e-03 1.074539162e-02 1.521106181e-02
 1.736323565e-02 1.645905797e-02 1.516527032e-02 1.375735434e-02 1.221889995e-02
 1.055383473e-02 8.765383498e-03 6.856408756e-03 4.838489235e-03 2.733263968e-03
 5.651616102e-04-1.638699937e-03-3.848689961e-03-6.032875747e-03-8.157276102e-03
-1.018614621e-02-1.208228623e-02-1.380736817e-02-1.532227954e-02-1.658748870e-02
-1.756344512e-02-1.821103810e-02-1.849215208e-02-1.837036808e-02-1.781187840e-02
-1.678669874e-02-1.527026963e-02-1.324553720e-02-1.070560452e-02-7.656968470e-03
-4.123437175e-03-1.507009339e-04 4.188782349e-03 8.793673050e-03 1.354758630e-02
 1.842194581e-02 2.338288263e-02 2.839301370e-02 3.340961357e-02 3.838415934e-02
 4.326343559e-02 4.799209033e-02 5.251556618e-02 5.678277701e-02 6.074843479e-02
 6.437502573e-02 6.763438504e-02 7.050879290e-02 7.299150309e-02 7.508661176e-02
 7.680820704e-02 7.817882971e-02 7.922740200e-02 7.998688978e-02 8.049200451e-02
 8.077720853e-02 8.087518672e-02 8.081583229e-02 8.062565737e-02 8.032688371e-02
 1.675391563e-03 3.796524932e-03 6.774629593e-03 1.061110175e-02 1.502311753e-02
 1.712148595e-02 1.608535259e-02 1.468270227e-02 1.313183893e-02 1.142729246e-02
 9.570142354e-03 7.561394307e-03 5.404589387e-03 3.119213575e-03 7.280941864e-04
-1.742790604e-03-4.264481478e-03-6.805244117e-03-9.330821793e-03-1.180472431e-02
-1.418854455e-02-1.644229154e-02-1.852472973e-02-2.039371724e-02-2.200654171e-02
-2.332026044e-02-2.429206328e-02-2.487969007e-02-2.504195184e-02-2.473942404e-02
-2.393539945e-02-2.259720944e-02-2.069803961e-02-1.821937018e-02-1.515417557e-02
-1.151093833e-02-7.318442055e-03-2.631274239e-03 2.464094363e-03 7.844186213e-03
 1.334240749e-02 1.893097304e-02 2.457822764e-02 3.024800784e-02 3.589842521e-02
 4.148128765e-02 4.694199360e-02 5.222005338e-02 5.725048454e-02 6.196640063e-02
 6.630299923e-02 7.020277447e-02 7.362122067e-02 7.653182636e-02 7.892907490e-02
 8.082858527e-02 8.226430591e-02 8.328349817e-02 8.394077515e-02 8.429249696e-02
 8.439242416e-02 8.428896054e-02 8.402385266e-02 8.363212656e-02 8.314966946e-02
 1.652479239e-03 3.744062779e-03 6.679722183e-03 1.045988932e-02 1.479722575e-02
 1.680050021e-02 1.566853099e-02 1.415415246e-02 1.245824425e-02 1.058551959e-02
 8.535428469e-03 6.306893689e-03 3.911855843e-03 1.371164598e-03-1.290897174e-03
-4.046702079e-03-6.865451689e-03-9.713413586e-03-1.255420959e-02-1.534914373e-02
-1.805755468e-02-2.063717610e-02-2.304448880e-02-2.523505142e-02-2.716380175e-02
-2.878532914e-02-3.005413002e-02-3.092487345e-02-3.135272178e-02-3.129377316e-02
-3.070571780e-02-2.954882670e-02-2.778741852e-02-2.539197506e-02-2.234208499e-02
-1.863039722e-02-1.426771983e-02-9.289263049e-03-3.761776582e-03 2.208608456e-03
 8.468558964e-03 1.483714322e-02 2.129554897e-02 2.781886474e-02 3.437466003e-02
 4.092016285e-02 4.739909845e-02 5.373856850e-02 5.984705880e-02 6.561550217e-02
 7.092368931e-02 7.565319234e-02 7.970501473e-02 8.301702616e-02 8.557532601e-02
 8.741561164e-02 8.861414731e-02 8.927163208e-02 8.949562886e-02 8.938674915e-02
 8.903089509e-02 8.849689231e-02 8.783750428e-02 8.709176091e-02 8.627628530e-02
 1.628456784e-03 3.689240296e-03 6.580977727e-03 1.030340109e-02 1.456043930e-02
 1.645755961e-02 1.525990118e-02 1.361221955e-02 1.177352379e-02 9.736654995e-03
 7.499341090e-03 5.062239748e-03 2.443441178e-03-3.350962208e-04-3.247695083e-03
-6.265130154e-03-9.354854344e-03-1.248128361e-02-1.560613345e-02-1.868879261e-02
-2.168671542e-02-2.455581173e-02-2.725081316e-02-2.972559658e-02-3.193345126e-02
-3.382728408e-02-3.535976882e-02-3.648346085e-02-3.715091697e-02-3.731488351e-02
-3.692864303e-02-3.594664171e-02-3.432555550e-02-3.202598941e-02-2.901503883e-02
-2.526995881e-02-2.078317829e-02-1.556884282e-02-9.670939225e-03-3.172697863e-03
 3.793416177e-03 1.103561507e-02 1.842038136e-02 2.594675983e-02 3.360567840e-02
 4.137597112e-02 4.921709937e-02 5.705766386e-02 6.477963894e-02 7.220229019e-02
 7.907876647e-02 8.512487899e-02 9.008285696e-02 9.379034618e-02 9.622245638e-02
 9.749575332e-02 9.783232082e-02 9.749344812e-02 9.671530583e-02 9.567699911e-02
 9.450002778e-02 9.326128609e-02 9.200708405e-02 9.076414106e-02 8.955382211e-02
 1.604715508e-03 3.635154518e-03 6.483769042e-03 1.014984104e-02 1.435652186e-02
 1.621045785e-02 1.483826010e-02 1.308401177e-02 1.110957213e-02 8.917100921e-03
 6.503072877e-03 3.874922567e-03 1.052086395e-03-1.942100474e-03-5.080481043e-03
-8.332247719e-03-1.166319545e-02-1.503604608e-02-1.841082932e-02-2.174530098e-02
-2.499537500e-02-2.811554323e-02-3.105925676e-02-3.377924480e-02-3.622775206e-02
-3.835668406e-02-4.011766106e-02-4.146199602e-02-4.234063107e-02-4.270408974e-02
-4.250253053e-02-4.168602139e-02-4.020519445e-02-3.801248576e-02-3.506421120e-02
-3.132377160e-02-2.676630071e-02-2.138504214e-02-1.519962877e-02-8.266217788e-03
-6.889841931e-04 7.368423772e-03 1.567420084e-02 2.423558525e-02 3.308346436e-02
 4.225086646e-02 5.176745883e-02 6.164618664e-02 7.185037709e-02 8.221034231e-02
 9.223959941e-02 1.010293517e-01 1.077053329e-01 1.118090280e-01 1.132895386e-01
 1.125417007e-01 1.103956906e-01 1.077281653e-01 1.050221494e-01 1.024625322e-01
 1.001045344e-01 9.795162915e-02 9.598742828e-02 9.418918319e-02 9.253371283e-02
 1.582310697e-03 3.584165997e-03 6.392237112e-03 1.000531856e-02 1.412692387e-02
 1.586217716e-02 1.446283506e-02 1.259179833e-02 1.049222021e-02 8.157775860e-03
 5.583917665e-03 2.784681898e-03-2.195302013e-04-3.404192068e-03-6.740803016e-03
-1.019711306e-02-1.373742535e-02-1.732296959e-02-2.091233156e-02-2.446191728e-02
-2.792642494e-02-3.125929525e-02-3.441310982e-02-3.733990971e-02-3.999141113e-02
-4.231910374e-02-4.427422760e-02-4.580764012e-02-4.686960179e-02-4.740953250e-02
-4.737581782e-02-4.671577894e-02-4.537596167e-02-4.330294986e-02-4.044496439e-02
-3.675456634e-02-3.219282927e-02-2.673536125e-02-2.038050520e-02-1.315986976e-02
-5.150996639e-03 3.508552787e-03 1.260711639e-02 2.205027879e-02 3.191858919e-02
 4.231863093e-02 5.339611059e-02 6.535645222e-02 7.850171917e-02 9.331697627e-02
 1.108118701e-01 1.260970082e-01 1.362444033e-01 1.406563415e-01 1.391458178e-01
 1.326829783e-01 1.238144874e-01 1.172424821e-01 1.120792947e-01 1.078965064e-01
 1.044283014e-01 1.014941161e-01 9.896614848e-02 9.675156279e-02 9.477787190e-02
 1.562074691e-03 3.538145961e-03 6.309693904e-03 9.875201237e-03 1.394178521e-02
 1.561625547e-02 1.412019238e-02 1.215080579e-02 9.940152801e-03 7.479805271e-03
 4.767607481e-03 1.820708433e-03-1.339416601e-03-4.687068185e-03-8.192492463e-03
-1.182213793e-02-1.553899712e-02-1.930302325e-02-2.307160411e-02-2.680006874e-02
-3.044219707e-02-3.395070004e-02-3.727763672e-02-4.037473769e-02-4.319360885e-02
-4.568579837e-02-4.780272002e-02-4.949544110e-02-5.071435998e-02-5.140882066e-02
-5.152673838e-02-5.101434389e-02-4.981619626e-02-4.787566512e-02-4.513614412e-02
-4.154332349e-02-3.704891162e-02-3.161623263e-02-2.522810286e-02-1.789724864e-02
-9.679183229e-03-6.868001403e-04 8.895138194e-03 1.884208285e-02 2.923937839e-02
 4.020828362e-02 5.192375467e-02 6.464435197e-02 7.876452915e-02 9.490675637e-02
 1.144654563e-01 1.300336921e-01 1.448276284e-01 1.475835960e-01 1.451654558e-01
 1.375577175e-01 1.272352493e-01 1.197747331e-01 1.140645226e-01 1.095522856e-01
 1.058825312e-01 1.028212188e-01 1.002096685e-01 9.793736995e-02 9.593344374e-02
 1.544660627e-03 3.498565790e-03 6.238748922e-03 9.763471793e-03 1.378981063e-02
 1.542268374e-02 1.381389723e-02 1.177355881e-02 9.468864145e-03 6.901847657e-03
 4.074609421e-03 1.005256002e-03-2.283734291e-03-5.765599749e-03-9.409482421e-03
-1.318071130e-02-1.704117709e-02-2.094978605e-02-2.486297263e-02-2.873524369e-02
-3.251972213e-02-3.616865486e-02-3.963384941e-02-4.286700674e-02-4.581992252e-02
-4.844453820e-02-5.069283398e-02-5.251657003e-02-5.386689940e-02-5.469389751e-02
-5.494607888e-02-5.457000508e-02-5.351012911e-02-5.170907368e-02-4.910860364e-02
-4.565162534e-02-4.128561866e-02-3.596796558e-02-2.967364891e-02-2.240570472e-02
-1.420854900e-02-5.183780837e-03 4.492779747e-03 1.455537318e-02 2.492967692e-02
 3.568097843e-02 4.688860024e-02 5.864483524e-02 7.104414224e-02 8.413225318e-02
 9.753196065e-02 1.091561927e-01 1.182094174e-01 1.234828157e-01 1.245418131e-01
 1.220250853e-01 1.176902165e-01 1.135743525e-01 1.099738275e-01 1.068507072e-01
 1.041287079e-01 1.017330426e-01 9.959952188e-02 9.767563131e-02 9.590889852e-02
 1.530564624e-03 3.466543479e-03 6.181385208e-03 9.673101839e-03 1.364285083e-02
 1.519204920e-02 1.359045595e-02 1.147064487e-02 9.090450809e-03 6.438653605e-03
 3.520490146e-03 3.547560348e-04-3.035283844e-03-6.622019554e-03-1.037370973e-02
-1.425479354e-02-1.822629681e-02-2.224631883e-02-2.627057839e-02-3.025299013e-02
-3.414623733e-02-3.790230456e-02-4.147293316e-02-4.480996591e-02-4.786555275e-02
-5.059219807e-02-5.294264181e-02-5.486958027e-02-5.632524998e-02-5.726091859e-02
-5.762635252e-02-5.736936327e-02-5.643557521e-02-5.476860940e-02-5.231094126e-02
-4.900576402e-02-4.480026740e-02-3.965080727e-02-3.353046598e-02-2.643943506e-02
-1.841841819e-02-9.564759312e-03-5.016183183e-05 9.862303872e-03 1.989418690e-02
 3.003962253e-02 4.027634485e-02 5.055010889e-02 6.074764875e-02 7.065753424e-02
 7.993876004e-02 8.815491703e-02 9.488851253e-02 9.985248284e-02 1.029787983e-01
 1.044606588e-01 1.046943150e-01 1.041261350e-01 1.031088572e-01 1.018658239e-01
 1.005235745e-01 9.915000313e-02 9.778005077e-02 9.643080745e-02 9.511534203e-02
 1.520143031e-03 3.442878441e-03 6.139014234e-03 9.606517914e-03 1.356226201e-02
 1.511131636e-02 1.340731266e-02 1.124766402e-02 8.812929589e-03 6.099567708e-03
 3.115575151e-03-1.197244749e-04-3.582486630e-03-7.244479366e-03-1.107331652e-02
-1.503279234e-02-1.908331221e-02-2.318240530e-02-2.728529627e-02-3.134550643e-02
-3.531544921e-02-3.914698237e-02-4.279187930e-02-4.620218529e-02-4.933043043e-02
-5.212967993e-02-5.455341436e-02-5.655524627e-02-5.808849706e-02-5.910567829e-02
-5.955794710e-02-5.939463689e-02-5.856300461e-02-5.700838618e-02-5.467501390e-02
-5.150782157e-02-4.745563874e-02-4.247623967e-02-3.654373407e-02-2.965871642e-02
-2.186135358e-02-1.324709204e-02-3.983813086e-03 5.671998811e-03 1.536447701e-02
 2.497096964e-02 3.443737741e-02 4.368466817e-02 5.260315072e-02 6.105039070e-02
 6.885767728e-02 7.584884510e-02 8.186953833e-02 8.681853420e-02 9.067057786e-02
 9.348195093e-02 9.537533252e-02 9.650958274e-02 9.704756440e-02 9.713386689e-02
 9.688567523e-02 9.639295537e-02 9.572280994e-02 9.492469167e-02 9.403761654e-02
 1.513633532e-03 3.428097326e-03 6.112550080e-03 9.564860178e-03 1.349113553e-02
 1.499681404e-02 1.330221002e-02 1.110956885e-02 8.641286981e-03 5.890382096e-03
 2.866331341e-03-4.112243101e-04-3.918079000e-03-7.625612753e-03-1.150103945e-02
-1.550775649e-02-1.960579133e-02-2.375233029e-02-2.790230657e-02-3.200901692e-02
-3.602473153e-02-3.990125868e-02-4.359042664e-02-4.704444800e-02-5.021613860e-02
-5.305897194e-02-5.552696192e-02-5.757438125e-02-5.915533958e-02-6.022326626e-02
-6.073036753e-02-6.062715879e-02-5.986221222e-02-5.838230899e-02-5.613324515e-02
-5.306161014e-02-4.911792820e-02-4.426161167e-02-3.846819032e-02-3.173920252e-02
-2.411489026e-02-1.568933958e-02-6.626866072e-03 2.822760300e-03 1.231400745e-02
 2.160981194e-02 3.065680538e-02 3.938586917e-02 4.771334016e-02 5.554453945e-02
 6.278036510e-02 6.932689216e-02 7.510671545e-02 8.006966658e-02 8.420015660e-02
 8.751905379e-02 9.007956714e-02 9.195848174e-02 9.324540371e-02 9.403277281e-02
 9.440841256e-02 9.445107555e-02 9.422850909e-02 9.379709418e-02 9.319586097e-02
 1.511187763e-03 3.422533870e-03 6.102560200e-03 9.549052704e-03 1.346445214e-02
 1.495263876e-02 1.326459975e-02 1.105798487e-02 8.578245813e-03 5.814392435e-03
 2.776436851e-03-5.158198790e-04-4.038015089e-03-7.761373537e-03-1.165295599e-02
-1.567601201e-02-1.979043101e-02-2.395327625e-02-2.811937830e-02-3.224195702e-02
-3.627323626e-02-4.016501283e-02-4.386914172e-02-4.733790317e-02-5.052422331e-02
-5.338172968e-02-5.586463461e-02-5.792745374e-02-5.952458430e-02-6.060978783e-02
-6.113564731e-02-6.105309909e-02-6.031117932e-02-5.885717278e-02-5.663741163e-02
-5.359903947e-02-4.969312643e-02-4.487957684e-02-3.913428299e-02-3.245889588e-02
-2.489333420e-02-1.653064469e-02-7.532974326e-03 1.853815126e-03 1.129084934e-02
 2.050231315e-02 2.943657222e-02 3.802937248e-02 4.620596973e-02 5.388504487e-02
 6.098451035e-02 6.742883117e-02 7.315690509e-02 7.812910270e-02 8.233199587e-02
 8.577971487e-02 8.851167433e-02 9.058731334e-02 9.207915466e-02 9.306566825e-02
 9.362513290e-02 9.383114175e-02 9.374986316e-02 9.343897632e-02 9.295474360e-02
 1.512893492e-03 3.426397201e-03 6.109451435e-03 9.559899597e-03 1.349901129e-02
 1.503086668e-02 1.327744313e-02 1.109481747e-02 8.625676300e-03 5.873263587e-03
 2.847465082e-03-4.319845425e-04-3.940809745e-03-7.650334006e-03-1.152772354e-02
-1.553633520e-02-1.963616246e-02-2.378436436e-02-2.793585383e-02-3.204391464e-02
-3.606081137e-02-3.993835388e-02-4.362837859e-02-4.708311184e-02-5.025538728e-02
-5.309869823e-02-5.556707778e-02-5.761481369e-02-5.919602228e-02-6.026412565e-02
-6.077130191e-02-6.066800876e-02-5.990272007e-02-5.842206441e-02-5.617161463e-02
-5.309764737e-02-4.915026410e-02-4.428832532e-02-3.848666716e-02-3.174599499e-02
-2.410560986e-02-1.565862923e-02-6.568527835e-03 2.915382204e-03 1.244749772e-02
 2.179195897e-02 3.089530068e-02 3.968727191e-02 4.808162501e-02 5.597941334e-02
 6.327578665e-02 6.987038980e-02 7.568001246e-02 8.065074437e-02 8.476636302e-02
 8.805042583e-02 9.056141469e-02 9.238258124e-02 9.360973675e-02 9.434026845e-02
 9.466534372e-02 9.466563518e-02 9.440985112e-02 9.395493363e-02 9.334112281e-02
 1.518742792e-03 3.439679663e-03 6.133238317e-03 9.597266057e-03 1.353315669e-02
 1.504348972e-02 1.339167380e-02 1.122137054e-02 8.783448368e-03 6.066514225e-03
 3.078697840e-03-1.605982055e-04-3.627442798e-03-7.293519481e-03-1.112636274e-02
-1.508969490e-02-1.914385891e-02-2.324633269e-02-2.735230254e-02-3.141526530e-02
-3.538762448e-02-3.922124233e-02-4.286791036e-02-4.627970382e-02-4.940919203e-02
-5.220948499e-02-5.463410880e-02-5.663671611e-02-5.817065505e-02-5.918844065e-02
-5.964119750e-02-5.947817432e-02-5.864647079e-02-5.709116728e-02-5.475611077e-02
-5.158568239e-02-4.752794937e-02-4.253967033e-02-3.659364800e-02-2.968885922e-02
-2.186356196e-02-1.321108992e-02-3.897200306e-03 5.823401688e-03 1.559478618e-02
 2.529874984e-02 3.488320115e-02 4.426937019e-02 5.334417173e-02 6.195599499e-02
 6.992019583e-02 7.703988403e-02 8.314029229e-02 8.810632826e-02 9.191032163e-02
 9.461898947e-02 9.637478301e-02 9.735860695e-02 9.775114551e-02 9.770790329e-02
 9.735087457e-02 9.677084430e-02 9.603364811e-02 9.518663688e-02 9.426661414e-02
 1.528600613e-03 3.462073332e-03 6.173357946e-03 9.660477460e-03 1.363334868e-02
 1.519784435e-02 1.355168823e-02 1.143356803e-02 9.048527490e-03 6.390935905e-03
 3.466695415e-03 2.947044286e-04-3.101666099e-03-6.694697487e-03-1.045254211e-02
-1.433954004e-02-1.831662925e-02-2.234183614e-02-2.637082449e-02-3.035747407e-02
-3.425445496e-02-3.801376045e-02-4.158716197e-02-4.492655178e-02-4.798414551e-02
-5.071252503e-02-5.306451335e-02-5.499288770e-02-5.644995337e-02-5.738702202e-02
-5.775386306e-02-5.749822928e-02-5.656559813e-02-5.489932179e-02-5.244144268e-02
-4.913450533e-02-4.492477469e-02-3.976733924e-02-3.363360523e-02-2.652162576e-02
-1.846948224e-02-9.571452523e-03 4.130291613e-06 9.997650426e-03 2.013413531e-02
 3.041454402e-02 4.082682236e-02 5.132847647e-02 6.181615248e-02 7.207569221e-02
 8.173091028e-02 9.027482152e-02 9.721753080e-02 1.022182409e-01 1.051927707e-01
 1.063748961e-01 1.062473137e-01 1.053389571e-01 1.040407019e-01 1.025796312e-01
 1.010734197e-01 9.957917528e-02 9.812240035e-02 9.671263522e-02 9.535518398e-02
 1.542211156e-03 3.493001086e-03 6.228782661e-03 9.747778800e-03 1.376299259e-02
 1.537999025e-02 1.378002585e-02 1.172748035e-02 9.415635727e-03 6.840589986e-03
 4.004985916e-03 9.270530346e-04-2.370592323e-03-5.861048029e-03-9.513319115e-03
-1.329260641e-02-1.716068646e-02-2.107637013e-02-2.499601939e-02-2.887409490e-02
-3.266370207e-02-3.631710007e-02-3.978613846e-02-4.302258830e-02-4.597834052e-02
-4.860545235e-02-5.085603405e-02-5.268198202e-02-5.403458134e-02-5.486402204e-02
-5.511889903e-02-5.474579834e-02-5.368911369e-02-5.189128897e-02-4.929374561e-02
-4.583882617e-02-4.147316016e-02-3.615291824e-02-2.985143438e-02-2.256959235e-02
-1.434911663e-02-5.288389030e-03 4.440436781e-03 1.457536141e-02 2.504161829e-02
 3.591591502e-02 4.729524659e-02 5.930162036e-02 7.208373022e-02 8.580583473e-02
 1.004522799e-01 1.128253598e-01 1.226834802e-01 1.280804055e-01 1.286074654e-01
 1.250182704e-01 1.194612038e-01 1.147358962e-01 1.107689902e-01 1.074110921e-01
 1.045348145e-01 1.020371772e-01 9.983714626e-02 9.787170187e-02 9.608486456e-02
 1.559198577e-03 3.531617978e-03 6.298017602e-03 9.856822803e-03 1.390989910e-02
 1.555980862e-02 1.407568342e-02 1.209634684e-02 9.876639206e-03 7.406140203e-03
 4.683301925e-03 1.725482629e-03-1.445656661e-03-4.804237036e-03-8.320333308e-03
-1.196023457e-02-1.568679084e-02-1.945983508e-02-2.323666218e-02-2.697254001e-02
-3.062122258e-02-3.413543222e-02-3.746727744e-02-4.056857552e-02-4.339105399e-02
-4.588641355e-02-4.800624592e-02-4.970181433e-02-5.092372174e-02-5.162151357e-02
-5.174328812e-02-5.123542159e-02-5.004255600e-02-4.810804965e-02-4.537515051e-02
-4.178921970e-02-3.730139527e-02-3.187412660e-02-2.548899006e-02-1.815705689e-02
-9.931748011e-03-9.234814534e-04 8.685633224e-03 1.866182449e-02 2.909000806e-02
 4.009427677e-02 5.185447985e-02 6.463734717e-02 7.884995801e-02 9.512432662e-02
 1.143057174e-01 1.310800980e-01 1.422244462e-01 1.470943865e-01 1.452409765e-01
 1.376020960e-01 1.274823898e-01 1.199109346e-01 1.141311214e-01 1.095807198e-01
 1.058930630e-01 1.028270275e-01 1.002197365e-01 9.795811811e-02 9.596784467e-02
 1.579053694e-03 3.576777011e-03 6.379029886e-03 9.984649912e-03 1.411482512e-02
 1.587538962e-02 1.439830284e-02 1.252952526e-02 1.041951860e-02 8.073200118e-03
 5.486270459e-03 2.673711243e-03-3.438934646e-04-3.541825066e-03-6.891389144e-03
-1.036014916e-02-1.391223713e-02-1.750873468e-02-2.110810931e-02-2.466668433e-02
-2.813911550e-02-3.147884454e-02-3.463849924e-02-3.757021213e-02-4.022583476e-02
-4.255703289e-02-4.451525901e-02-4.605161318e-02-4.711662111e-02-4.765998088e-02
-4.763035713e-02-4.697533573e-02-4.564169346e-02-4.357618689e-02-4.072712119e-02
-3.704701778e-02-3.249674866e-02-2.705152253e-02-2.070905930e-02-1.350013501e-02
-5.501333942e-03 3.150779054e-03 1.224567083e-02 2.166767472e-02 3.149281694e-02
 4.181937959e-02 5.277892011e-02 6.455194750e-02 7.739528141e-02 9.171764723e-02
 1.089021165e-01 1.246019669e-01 1.354962444e-01 1.381090763e-01 1.364407827e-01
 1.305317484e-01 1.221649949e-01 1.161052486e-01 1.112665238e-01 1.072991978e-01
 1.039821154e-01 1.011596314e-01 9.871842886e-02 9.657443606e-02 9.466054971e-02
 1.601115591e-03 3.626989019e-03 6.469178479e-03 1.012689277e-02 1.430546797e-02
 1.611196355e-02 1.479035962e-02 1.301522243e-02 1.102832846e-02 8.822189832e-03
 6.392995897e-03 3.749355421e-03 9.109160544e-04-2.098753769e-03-5.252263276e-03
-8.518579953e-03-1.186329056e-02-1.524893299e-02-1.863538446e-02-2.198028618e-02
-2.523948067e-02-2.836743559e-02-3.131762743e-02-3.404286125e-02-3.649550729e-02
-3.862764401e-02-4.039110842e-02-4.173746915e-02-4.261795690e-02-4.298340923e-02
-4.278431519e-02-4.197107867e-02-4.049465945e-02-3.830779571e-02-3.536705964e-02
-3.163603892e-02-2.708995916e-02-2.172204390e-02-1.555181009e-02-8.635230302e-03
-1.076283270e-03 6.961063490e-03 1.524229001e-02 2.375303413e-02 3.251816351e-02
 4.156151167e-02 5.089895903e-02 6.052326979e-02 7.037025064e-02 8.024475384e-02
 8.969346272e-02 9.797322061e-02 1.043583578e-01 1.084421390e-01 1.101817594e-01
 1.099206008e-01 1.083410354e-01 1.061580639e-01 1.038211687e-01 1.015380174e-01
 9.938958877e-02 9.739883684e-02 9.556312283e-02 9.386932346e-02 9.230188855e-02
 1.624547125e-03 3.680374185e-03 6.565140273e-03 1.027857835e-02 1.452735384e-02
 1.641932613e-02 1.519247433e-02 1.353662706e-02 1.168439795e-02 9.632292698e-03
 7.378069844e-03 4.923510171e-03 2.287071670e-03-5.089925695e-04-3.438726902e-03
-6.472639566e-03-9.577933466e-03-1.271879831e-02-1.585675415e-02-1.895103168e-02
-2.195897018e-02-2.483641168e-02-2.753806979e-02-3.001785429e-02-3.222913757e-02
-3.412495774e-02-3.565816475e-02-3.678153065e-02-3.744786464e-02-3.761019567e-02
-3.722211325e-02-3.623838851e-02-3.461603265e-02-3.231598692e-02-2.930567048e-02
-2.556263505e-02-2.107956854e-02-1.587081885e-02-9.980451858e-03-3.491707106e-03
 3.462774473e-03 1.069190427e-02 1.804433404e-02 2.551532252e-02 3.309185547e-02
 4.074861140e-02 4.844121594e-02 5.609618755e-02 6.359819326e-02 7.077874718e-02
 7.741687137e-02 8.326516968e-02 8.810185363e-02 9.178705118e-02 9.429831625e-02
 9.573404201e-02 9.628336693e-02 9.617239198e-02 9.561175949e-02 9.476792818e-02
 9.375909792e-02 9.266370672e-02 9.153147073e-02 9.039281262e-02 8.927037411e-02
 1.648282692e-03 3.734555311e-03 6.662763339e-03 1.043336083e-02 1.476876011e-02
 1.677687166e-02 1.560118626e-02 1.407243077e-02 1.236176716e-02 1.047277755e-02
 8.404810142e-03 6.156797930e-03 3.742216082e-03 1.182153232e-03-1.498817478e-03
-4.272770778e-03-7.108619010e-03-9.972358167e-03-1.282736484e-02-1.563473117e-02
-1.835362278e-02-2.094164307e-02-2.335518755e-02-2.554977491e-02-2.748034696e-02
-2.910153827e-02-3.036792790e-02-3.123430050e-02-3.165596274e-02-3.158918252e-02
-3.099184324e-02-2.982443257e-02-2.805151286e-02-2.564384288e-02-2.258133620e-02
-1.885702221e-02-1.448212263e-02-9.492287723e-03-3.954895878e-03 2.023384543e-03
 8.289710293e-03 1.465232851e-02 2.108766863e-02 2.756888718e-02 3.406213758e-02
 4.052412605e-02 4.689942751e-02 5.311801513e-02 5.909399861e-02 6.472717365e-02
 6.990912222e-02 7.453457100e-02 7.851638945e-02 8.180020736e-02 8.437391616e-02
 8.626883288e-02 8.755218890e-02 8.831363693e-02 8.865033738e-02 8.865484150e-02
 8.840780858e-02 8.797526852e-02 8.740894856e-02 8.674799311e-02 8.601282851e-02
 1.670895631e-03 3.786356762e-03 6.756538532e-03 1.058281396e-02 1.497059369e-02
 1.702612038e-02 1.601538861e-02 1.459413428e-02 1.302799864e-02 1.130648660e-02
 9.430625894e-03 7.401291420e-03 5.223546236e-03 2.917361194e-03 5.059390095e-04
-1.984385858e-03-4.524308598e-03-7.081769062e-03-9.622208093e-03-1.210886132e-02
-1.450307959e-02-1.676466457e-02-1.885220868e-02-2.072343216e-02-2.233551584e-02
-2.364543666e-02-2.461032476e-02-2.518787537e-02-2.533686555e-02-2.501784559e-02
-2.419409607e-02-2.283296205e-02-2.090768969e-02-1.839990137e-02-1.530282227e-02
-1.162536368e-02-7.397094557e-03-2.673825099e-03 2.456964733e-03 7.870155898e-03
 1.339302050e-02 1.899218295e-02 2.463410761e-02 3.028092616e-02 3.589025725e-02
 4.141478131e-02 4.680212462e-02 5.199529649e-02 5.693398315e-02 6.155695756e-02
 6.580569376e-02 6.962894844e-02 7.298764950e-02 7.585909250e-02 7.823940402e-02
 8.014357861e-02 8.160302739e-02 8.266124455e-02 8.336863118e-02 8.377755872e-02
 8.393844652e-02 8.389717348e-02 8.369375526e-02 8.336212582e-02 8.293610218e-02
 1.690399633e-03 3.831325437e-03 6.838635525e-03 1.071511796e-02 1.518059645e-02
 1.734781068e-02 1.637616823e-02 1.506944860e-02 1.364638722e-02 1.209055777e-02
 1.040653097e-02 8.597493381e-03 6.666283078e-03 4.626368367e-03 2.499789585e-03
 3.113800671e-04-1.911364480e-03-4.138443877e-03-6.337571594e-03-8.474431905e-03
-1.051296791e-02-1.241569144e-02-1.414400894e-02-1.565856167e-02-1.691958535e-02
-1.788730273e-02-1.852237483e-02-1.878644730e-02-1.864284606e-02-1.805749171e-02
-1.700011510e-02-1.544587171e-02-1.337746384e-02-1.078786104e-02-7.683730328e-03
-4.089488955e-03-5.169831434e-05 4.355817141e-03 9.027135120e-03 1.384523523e-02
 1.877381342e-02 2.377464593e-02 2.880494502e-02 3.381855678e-02 3.876681962e-02
 4.359943696e-02 4.826543214e-02 5.271477435e-02 5.690068656e-02 6.078209707e-02
 6.432571704e-02 6.750749106e-02 7.031338240e-02 7.273954197e-02 7.479190566e-02
 7.648524355e-02 7.784170614e-02 7.888898338e-02 7.965827095e-02 8.018227691e-02
 8.049347833e-02 8.062276501e-02 8.059851704e-02 8.044603618e-02 8.018583373e-02
 1.704061670e-03 3.863306663e-03 6.898218930e-03 1.081349949e-02 1.532634242e-02
 1.755218977e-02 1.669151252e-02 1.546888937e-02 1.417270444e-02 1.277360301e-02
 1.127415436e-02 9.679866523e-03 7.995877855e-03 6.227269181e-03 4.393819659e-03
 2.518698996e-03 6.274925456e-04-1.252010342e-03-3.090031586e-03-4.855055071e-03
-6.514099732e-03-8.033012806e-03-9.376782795e-03-1.050987721e-02-1.139661660e-02
-1.200160532e-02-1.229024674e-02-1.222939060e-02-1.178815973e-02-1.093902060e-02
-9.659183480e-03-7.932417779e-03-5.751318236e-03-3.120057272e-03-5.753983547e-05
 3.398695018e-03 7.188934994e-03 1.121849197e-02 1.544997183e-02 1.984964162e-02
 2.438040796e-02 2.899708841e-02 3.364436611e-02 3.825991370e-02 4.278538593e-02
 4.716578476e-02 5.134297279e-02 5.526040857e-02 5.887150139e-02 6.214502340e-02
 6.506654015e-02 6.763643715e-02 6.986600656e-02 7.177328523e-02 7.337979198e-02
 7.470848896e-02 7.578272287e-02 7.662572752e-02 7.726034854e-02 7.770880432e-02
 7.799242548e-02 7.813138634e-02 7.814446467e-02 7.804881747e-02 7.785877391e-02
 1.708309913e-03 3.874051874e-03 6.920300956e-03 1.085434155e-02 1.539024923e-02
 1.764553240e-02 1.687788613e-02 1.572732803e-02 1.454940700e-02 1.329089603e-02
 1.196329534e-02 1.057258006e-02 9.124918122e-03 7.626794344e-03 6.087801101e-03
 4.529757263e-03 2.976424528e-03 1.453361201e-03-1.235498192e-05-1.392386540e-03
-2.657406651e-03-3.777378859e-03-4.721853162e-03-5.460287158e-03-5.962408441e-03
-6.198643421e-03-6.140661968e-03-5.762065354e-03-5.039275676e-03-3.952666928e-03
-2.487968460e-03-6.380939874e-04 1.594458920e-03 4.195340541e-03 7.135175857e-03
 1.035865179e-02 1.384526724e-02 1.758000016e-02 2.154548323e-02 2.572072076e-02
 3.007742558e-02 3.458182460e-02 3.922365450e-02 4.368554779e-02 4.802749272e-02
 5.225405555e-02 5.622276530e-02 5.982251674e-02 6.297991242e-02 6.566992997e-02
 6.791354047e-02 6.976221333e-02 7.127782336e-02 7.251777174e-02 7.352854935e-02
 7.434529366e-02 7.499399278e-02 7.549421062e-02 7.586139131e-02 7.610849029e-02
 7.624699003e-02 7.628745756e-02 7.623980651e-02 7.611351385e-02 7.592318708e-02
 1.699417223e-03 3.854430145e-03 6.886762812e-03 1.080560425e-02 1.534910878e-02
 1.764677122e-02 1.684309789e-02 1.576613864e-02 1.468104021e-02 1.355718021e-02
 1.239367036e-02 1.119578558e-02 9.971059019e-03 8.728263701e-03 7.476860006e-03
 6.230795747e-03 5.012502335e-03 3.845410593e-03 2.753733260e-03 1.762179771e-03
 8.956945050e-04 1.791928973e-04-3.627082417e-04-7.059764414e-04-8.274741382e-04
-7.053168495e-04-3.192935373e-04 3.484133131e-04 1.312318025e-03 2.582657783e-03
 4.164563151e-03 6.056123127e-03 8.242882599e-03 1.069911473e-02 1.343013488e-02
 1.643333092e-02 1.970707299e-02 2.325147072e-02 2.706810745e-02 3.116186130e-02
 3.554778342e-02 4.015906445e-02 4.479193423e-02 4.957758099e-02 5.443506418e-02
 5.917869121e-02 6.351770141e-02 6.715708736e-02 6.992388952e-02 7.181704752e-02
 7.300662946e-02 7.373640498e-02 7.419858952e-02 7.450942826e-02 7.473109525e-02
 7.489311384e-02 7.500726575e-02 7.507672164e-02 7.510113318e-02 7.507925576e-02
 7.501016829e-02 7.489373379e-02 7.473067076e-02 7.452230817e-02 7.426185187e-02
 1.675778886e-03 3.800329366e-03 6.788369442e-03 1.064606368e-02 1.508520801e-02
 1.721677135e-02 1.632427836e-02 1.540281710e-02 1.447510734e-02 1.350234998e-02
 1.249853934e-02 1.147837157e-02 1.045584664e-02 9.444509873e-03 8.457546223e-03
 7.507876804e-03 6.611902905e-03 5.791054026e-03 5.066367025e-03 4.458274681e-03
 3.986361049e-03 3.669129782e-03 3.523739840e-03 3.565740203e-03 3.808846724e-03
 4.264877069e-03 4.943954071e-03 5.853524131e-03 6.996666315e-03 8.369375790e-03
 9.967030918e-03 1.179796814e-02 1.386673779e-02 1.617696272e-02 1.873607805e-02
 2.155353872e-02 2.464098792e-02 2.801279153e-02 3.168658615e-02 3.568323749e-02
 4.002356629e-02 4.471926983e-02 4.981038612e-02 5.538889414e-02 6.158082385e-02
 6.867754565e-02 7.534748436e-02 7.995957727e-02 8.217598884e-02 8.192350232e-02
 8.026649829e-02 7.891813229e-02 7.778797799e-02 7.689984841e-02 7.621377680e-02
 7.567884055e-02 7.525043244e-02 7.489313610e-02 7.457996568e-02 7.429082479e-02
 7.401099653e-02 7.372985956e-02 7.343982655e-02 7.313554383e-02 7.281810674e-02
 1.638838903e-03 3.716657466e-03 6.638812517e-03 1.041034544e-02 1.474538051e-02
 1.675511931e-02 1.572898906e-02 1.483262691e-02 1.400916933e-02 1.313700593e-02
 1.224790013e-02 1.136391634e-02 1.050478143e-02 9.688386896e-03 8.931090209e-03
 8.247959486e-03 7.653054993e-03 7.161874977e-03 6.791648977e-03 6.557545948e-03
 6.472539224e-03 6.547268049e-03 6.789654824e-03 7.204375719e-03 7.792093994e-03
 8.548188822e-03 9.473115873e-03 1.056692842e-02 1.182870917e-02 1.325775953e-02
 1.485563395e-02 1.662814074e-02 1.858456572e-02 2.073763748e-02 2.310346873e-02
 2.570170327e-02 2.855568775e-02 3.169222592e-02 3.514176656e-02 3.893990862e-02
 4.313143461e-02 4.777880126e-02 5.297668467e-02 5.887417167e-02 6.570592307e-02
 7.372155392e-02 8.098432451e-02 8.584891873e-02 8.834903084e-02 8.841995025e-02
 8.590808502e-02 8.240221531e-02 7.993231033e-02 7.818217541e-02 7.689113891e-02
 7.590240895e-02 7.511773572e-02 7.447286810e-02 7.392427706e-02 7.344164241e-02
 7.300340449e-02 7.259402735e-02 7.220227909e-02 7.182025846e-02 7.144425611e-02
 1.588067355e-03 3.603510578e-03 6.441866079e-03 1.011252090e-02 1.434518971e-02
 1.626128826e-02 1.510672376e-02 1.416692122e-02 1.329976998e-02 1.243064887e-02
 1.157858602e-02 1.076693827e-02 1.001781118e-02 9.351324176e-03 8.785345601e-03
 8.335486899e-03 8.015270590e-03 7.836436850e-03 7.809544274e-03 7.942742825e-03
 8.240277018e-03 8.704123035e-03 9.332619984e-03 1.012019184e-02 1.105739843e-02
 1.213164046e-02 1.332920064e-02 1.463661861e-02 1.604258769e-02 1.754014366e-02
 1.912856596e-02 2.081435597e-02 2.261140022e-02 2.454461325e-02 2.663918642e-02
 2.891928516e-02 3.142839015e-02 3.420412960e-02 3.728584816e-02 4.071009756e-02
 4.450664299e-02 4.871740684e-02 5.339087093e-02 5.858427380e-02 6.437246852e-02
 7.085978035e-02 7.674818748e-02 8.094022174e-02 8.339467180e-02 8.402615668e-02
 8.269726858e-02 8.043361519e-02 7.865169319e-02 7.722439289e-02 7.605746427e-02
 7.508437020e-02 7.425710388e-02 7.354057512e-02 7.290865188e-02 7.234147637e-02
 7.182370068e-02 7.134334001e-02 7.089102518e-02 7.045944635e-02 7.004092622e-02
 1.516684566e-03 3.445196897e-03 6.167959674e-03 9.700574335e-03 1.376582979e-02
 1.548977277e-02 1.423755754e-02 1.314837949e-02 1.217452674e-02 1.122619759e-02
 1.033478844e-02 9.529313645e-03 8.835906888e-03 8.277059127e-03 7.871234845e-03
 7.632958358e-03 7.573235300e-03 7.700052391e-03 8.018700657e-03 8.531645482e-03
 9.238013552e-03 1.013296882e-02 1.120662268e-02 1.244289320e-02 1.381865599e-02
 1.530376889e-02 1.686264635e-02 1.845793546e-02 2.005621727e-02 2.163458282e-02
 2.318460676e-02 2.471427741e-02 2.627380522e-02 2.787507042e-02 2.956211586e-02
 3.137750571e-02 3.338360600e-02 3.562965080e-02 3.816577085e-02 4.103248049e-02
 4.424750117e-02 4.782241190e-02 5.173873512e-02 5.593220605e-02 6.027234939e-02
 6.453795199e-02 6.842699864e-02 7.164477044e-02 7.399691085e-02 7.542136098e-02
 7.599966225e-02 7.594375404e-02 7.550607275e-02 7.487974867e-02 7.418049859e-02
 7.347103169e-02 7.278326494e-02 7.213170952e-02 7.152109742e-02 7.095078747e-02
 7.041735414e-02 6.991611666e-02 6.944203257e-02 6.899027966e-02 6.856003831e-02
 1.411985833e-03 3.213289050e-03 5.767181751e-03 9.097972769e-03 1.295454207e-02
 1.447709442e-02 1.292411583e-02 1.159701756e-02 1.040883359e-02 9.286144465e-03
 8.271813125e-03 7.404769171e-03 6.718537369e-03 6.238787766e-03 5.982696963e-03
 5.960209667e-03 6.176279329e-03 6.632995543e-03 7.330894734e-03 8.269246445e-03
 9.445400372e-03 1.085325975e-02 1.248080869e-02 1.430652568e-02 1.629471911e-02
 1.839064581e-02 2.051806330e-02 2.258398388e-02 2.449510595e-02 2.618044136e-02
 2.764396936e-02 2.889934247e-02 3.000402887e-02 3.104165991e-02 3.209112020e-02
 3.322269665e-02 3.450057117e-02 3.598981041e-02 3.776307104e-02 3.989980564e-02
 4.247073092e-02 4.550879661e-02 4.898159638e-02 5.278322208e-02 5.674724681e-02
 6.066723219e-02 6.431645355e-02 6.747349900e-02 6.996179413e-02 7.169438122e-02
 7.269753733e-02 7.309239851e-02 7.304395161e-02 7.270999391e-02 7.221369155e-02
 7.163930413e-02 7.103934381e-02 7.044399806e-02 6.986898300e-02 6.932110816e-02
 6.880193241e-02 6.831007361e-02 6.784263358e-02 6.739598309e-02 6.696188643e-02
 1.253951949e-03 2.863669809e-03 5.165153913e-03 8.199074361e-03 1.171955182e-02
 1.287653361e-02 1.098944012e-02 9.263657944e-03 7.693886873e-03 6.275146087e-03
 5.026453347e-03 4.017092628e-03 3.300950956e-03 2.906810449e-03 2.839029491e-03
 3.087576778e-03 3.639096120e-03 4.483706267e-03 5.617029863e-03 7.039434557e-03
 8.754333241e-03 1.076627180e-02 1.307836746e-02 1.568751278e-02 1.857423476e-02
 2.168228897e-02 2.488424089e-02 2.794610358e-02 3.054569098e-02 3.244033490e-02
 3.356256958e-02 3.406102665e-02 3.421606959e-02 3.425962762e-02 3.432646245e-02
 3.447717222e-02 3.473567671e-02 3.512644154e-02 3.572423137e-02 3.672296792e-02
 3.844245744e-02 4.114370732e-02 4.481331021e-02 4.916586169e-02 5.385700119e-02
 5.862771227e-02 6.323337505e-02 6.730654093e-02 7.037213604e-02 7.212816812e-02
 7.268641279e-02 7.247411295e-02 7.190539909e-02 7.121573468e-02 7.050868872e-02
 6.982532537e-02 6.918041234e-02 6.857763268e-02 6.801579974e-02 6.749152173e-02
 6.700043721e-02 6.653783374e-02 6.609899073e-02 6.567944857e-02 6.527740061e-02
 1.012694349e-03 2.324278864e-03 4.227733391e-03 6.799062131e-03 9.849965450e-03
 1.060703197e-02 8.422211163e-03 6.042516442e-03 3.825936071e-03 1.770867094e-03
 7.390515578e-06-1.303565593e-03-2.041666572e-03-2.207663878e-03-1.893292033e-03
-1.198163226e-03-1.818226777e-04 1.135516530e-03 2.756840744e-03 4.695900834e-03
 6.971884714e-03 9.609883818e-03 1.264540847e-02 1.613180362e-02 2.014967472e-02
 2.481384759e-02 3.024658623e-02 3.630607767e-02 4.148432815e-02 4.382715565e-02
 4.303668156e-02 4.073201007e-02 3.868177455e-02 3.716070163e-02 3.605174582e-02
 3.519845103e-02 3.443680334e-02 3.356479152e-02 3.226724530e-02 2.984402194e-02
 2.878532975e-02 3.128802631e-02 3.774253190e-02 4.480650514e-02 5.117986845e-02
 5.758614477e-02 6.467938496e-02 7.377103071e-02 7.923147887e-02 8.011485686e-02
 7.608437806e-02 7.298558379e-02 7.099957334e-02 6.960810056e-02 6.856158319e-02
 6.772956544e-02 6.703868972e-02 6.644504935e-02 6.592089740e-02 6.544783454e-02
 6.501310630e-02 6.460734507e-02 6.422300822e-02 6.385371663e-02 6.349580726e-02
 6.708767655e-04 1.529971079e-03 2.764572101e-03 4.444841101e-03 6.534529966e-03
 6.703102651e-03 4.231105909e-03 1.495657716e-03-1.514918899e-03-4.904821994e-03
-8.243324790e-03-1.040339164e-02-1.073833976e-02-9.663552843e-03-8.235556908e-03
-6.752137229e-03-5.156619300e-03-3.354846832e-03-1.269903743e-03 1.147504629e-03
 3.925156406e-03 7.083745799e-03 1.065471059e-02 1.470032132e-02 1.934133529e-02
 2.480937171e-02 3.157469160e-02 4.077648947e-02 4.968631474e-02 5.248425523e-02
 4.886741830e-02 4.314840857e-02 3.988024622e-02 3.778856661e-02 3.635247495e-02
 3.528574170e-02 3.439193269e-02 3.350395776e-02 3.247371667e-02 3.137237487e-02
 3.144920728e-02 3.372192633e-02 3.804703878e-02 4.344677697e-02 4.892427202e-02
 5.451874464e-02 6.039861777e-02 6.624333191e-02 7.055453881e-02 7.199826093e-02
 7.074873554e-02 6.891204867e-02 6.746573722e-02 6.638525728e-02 6.556108122e-02
 6.491167825e-02 6.438111498e-02 6.392986360e-02 6.353601828e-02 6.317755474e-02
 6.284670669e-02 6.253685516e-02 6.224361142e-02 6.195190302e-02 6.165357937e-02
 3.023416343e-04 6.516829984e-04 1.065600517e-03 1.422491984e-03 1.475615673e-03
 8.854980272e-04-5.527784498e-04-2.848247424e-03-6.075074509e-03-1.062753536e-02
-1.639622257e-02-1.960580465e-02-1.964266625e-02-1.627388465e-02-1.408790116e-02
-1.243239738e-02-1.079865077e-02-8.872787598e-03-6.494603455e-03-3.637521274e-03
-3.589636197e-04 3.261922416e-03 7.165460178e-03 1.132235101e-02 1.572293542e-02
 2.034658014e-02 2.509240186e-02 2.964660916e-02 3.340198293e-02 3.577327106e-02
 3.664867247e-02 3.649713477e-02 3.592424083e-02 3.531573476e-02 3.480802829e-02
 3.443993826e-02 3.422272393e-02 3.417230858e-02 3.436187248e-02 3.492594371e-02
 3.605171369e-02 3.787427533e-02 4.038352063e-02 4.343321778e-02 4.681014599e-02
 5.030943169e-02 5.371889467e-02 5.678061890e-02 5.921981920e-02 6.085738152e-02
 6.172546387e-02 6.203764361e-02 6.204037961e-02 6.190643301e-02 6.172562919e-02
 6.153739290e-02 6.135439293e-02 6.117752450e-02 6.100302561e-02 6.082503705e-02
 6.063815217e-02 6.044034906e-02 6.024904923e-02 6.004817653e-02 5.982943865e-02
 3.963353953e-05 5.204433992e-05-5.068635645e-06-2.123101787e-04-6.724243357e-04
-1.494181968e-03-2.769328897e-03-4.556242255e-03-6.857412974e-03-9.605139801e-03
-1.243521317e-02-1.474954289e-02-1.617673500e-02-1.694436277e-02-1.754010863e-02
-1.802434306e-02-1.790328906e-02-1.653951077e-02-1.372374027e-02-9.841024706e-03
-5.495198993e-03-1.065050606e-03 3.304611390e-03 7.569491701e-03 1.170641382e-02
 1.567545423e-02 1.940032747e-02 2.276496794e-02 2.563678155e-02 2.791753595e-02
 2.959354698e-02 3.074647153e-02 3.151670433e-02 3.205153238e-02 3.247315573e-02
 3.287332326e-02 3.332246437e-02 3.388166217e-02 3.461096925e-02 3.557009273e-02
 3.680956313e-02 3.835550293e-02 4.019670582e-02 4.228195823e-02 4.452780645e-02
 4.683033812e-02 4.907591134e-02 5.115246350e-02 5.296556973e-02 5.445736286e-02
 5.561830704e-02 5.648256754e-02 5.710903906e-02 5.755994958e-02 5.788708468e-02
 5.812722512e-02 5.830325753e-02 5.842735315e-02 5.850432140e-02 5.853454683e-02
 5.851641008e-02 5.844710687e-02 5.836408545e-02 5.824374820e-02 5.807691049e-02
-9.099036955e-05-2.297875989e-04-4.678296603e-04-8.455010175e-04-1.408389023e-03
-2.200465905e-03-3.255452340e-03-4.584642468e-03-6.168906155e-03-7.968125529e-03
-9.915488198e-03-1.196255269e-02-1.415234593e-02-1.673954467e-02-2.024506260e-02
-2.566372770e-02-3.155131524e-02-3.138526889e-02-2.525945440e-02-1.609307835e-02
-9.405336668e-03-3.890965044e-03 9.358774486e-04 5.287605568e-03 9.258576467e-03
 1.288291876e-02 1.616191628e-02 1.908127380e-02 2.162556906e-02 2.379126352e-02
 2.559590271e-02 2.708037465e-02 2.830379220e-02 2.933424561e-02 3.023998937e-02
 3.108391991e-02 3.192153155e-02 3.280086490e-02 3.376263872e-02 3.483929105e-02
 3.605261482e-02 3.741072572e-02 3.890576789e-02 4.051362452e-02 4.219607150e-02
 4.390496901e-02 4.558778690e-02 4.719386734e-02 4.868075235e-02 5.001942722e-02
 5.119700038e-02 5.221587024e-02 5.308976252e-02 5.383821946e-02 5.448133667e-02
 5.503585229e-02 5.551283326e-02 5.591675786e-02 5.624583425e-02 5.649363265e-02
 5.665209236e-02 5.671482154e-02 5.671958250e-02 5.665131718e-02 5.651453163e-02
-1.343181911e-04-3.163868469e-04-5.931887240e-04-9.833561254e-04-1.506714621e-03
-2.181262366e-03-3.020140335e-03-4.027319841e-03-5.189632839e-03-6.513192918e-03
-7.995801433e-03-9.649580836e-03-1.152177455e-02-1.372778551e-02-1.637134458e-02
-1.928371780e-02-2.137801924e-02-2.088830118e-02-1.750646261e-02-1.246068285e-02
-7.357369301e-03-2.628509219e-03 1.705496386e-03 5.665857970e-03 9.259499473e-03
 1.248397516e-02 1.534114712e-02 1.784546539e-02 2.002411419e-02 2.191261079e-02
 2.355047703e-02 2.497883882e-02 2.623931767e-02 2.737314217e-02 2.842007413e-02
 2.941728421e-02 3.039838058e-02 3.139261411e-02 3.242413457e-02 3.351117359e-02
 3.466516320e-02 3.588997241e-02 3.718155308e-02 3.852826755e-02 3.991203415e-02
 4.131024477e-02 4.269825126e-02 4.405210682e-02 4.535117431e-02 4.658018122e-02
 4.773035600e-02 4.879945326e-02 4.979072156e-02 5.071107028e-02 5.156874102e-02
 5.237066238e-02 5.311945394e-02 5.380994742e-02 5.442552207e-02 5.493622647e-02
 5.530358672e-02 5.549761249e-02 5.551747466e-02 5.541462563e-02 5.522405098e-02
-1.321966844e-04-3.048045601e-04-5.560503782e-04-8.933872549e-04-1.324192357e-03
-1.854392093e-03-2.487201747e-03-3.219688619e-03-4.038533638e-03-4.945492876e-03
-5.930118494e-03-6.963478745e-03-8.020856770e-03-9.055761078e-03-9.954789426e-03
-1.051707111e-02-1.046642631e-02-9.554807529e-03-7.704236881e-03-5.050632709e-03
-1.850606368e-03 1.640963036e-03 5.213160797e-03 8.676568386e-03 1.184880832e-02
 1.459010772e-02 1.685791156e-02 1.871261361e-02 2.026348713e-02 2.161051340e-02
 2.282257604e-02 2.394228767e-02 2.499688177e-02 2.600625974e-02 2.698724323e-02
 2.795525622e-02 2.892461819e-02 2.990819076e-02 3.091677731e-02 3.195848264e-02
 3.303815670e-02 3.415702045e-02 3.531256091e-02 3.649875997e-02 3.770667988e-02
 3.892537408e-02 4.014303705e-02 4.134826376e-02 4.253126629e-02 4.368489858e-02
 4.480537358e-02 4.589261474e-02 4.695024865e-02 4.798528673e-02 4.900752196e-02
 5.002851533e-02 5.105962493e-02 5.210744584e-02 5.316222622e-02 5.416811945e-02
 5.496439231e-02 5.530988031e-02 5.516583942e-02 5.474984839e-02 5.423860505e-02
-1.100122579e-04-2.509106716e-04-4.511645614e-04-7.124064837e-04-1.035498914e-03
-1.419742792e-03-1.861957867e-03-2.352639108e-03-2.875354735e-03-3.421347824e-03
-3.966969993e-03-4.472013116e-03-4.901902744e-03-5.200663444e-03-5.289989147e-03
-5.075124467e-03-4.457196206e-03-3.353456094e-03-1.716059054e-03 4.631941867e-04
 3.167026484e-03 6.371123820e-03 1.003375664e-02 1.398668582e-02 1.757266646e-02
 1.993859181e-02 2.097458634e-02 2.135126435e-02 2.168161095e-02 2.213532341e-02
 2.271506735e-02 2.339067658e-02 2.413438585e-02 2.492676365e-02 2.575592387e-02
 2.661557712e-02 2.750316854e-02 2.841833054e-02 2.936165313e-02 3.033373839e-02
 3.133451170e-02 3.236277466e-02 3.341599229e-02 3.449030658e-02 3.558076042e-02
 3.668170199e-02 3.778732549e-02 3.889229337e-02 3.999238339e-02 4.108511311e-02
 4.217031785e-02 4.325069556e-02 4.433238541e-02 4.542572314e-02 4.654643583e-02
 4.771776127e-02 4.897444820e-02 5.037071330e-02 5.199733000e-02 5.402915678e-02
 5.681434023e-02 5.764675049e-02 5.576679528e-02 5.422018562e-02 5.312541966e-02
-8.146963859e-05-1.844135095e-04-3.281661079e-04-5.114768549e-04-7.319832265e-04
-9.856866251e-04-1.266475172e-03-1.565058661e-03-1.852217834e-03-2.128447345e-03
-2.358428425e-03-2.506990409e-03-2.556242565e-03-2.462938084e-03-2.176906186e-03
-1.645343225e-03-8.174566344e-04 3.535295768e-04 1.910162494e-03 3.894840111e-03
 6.366186776e-03 9.434701701e-03 1.331668028e-02 1.859547925e-02 2.416435773e-02
 2.648702329e-02 2.552404979e-02 2.315527966e-02 2.228032396e-02 2.207900545e-02
 2.224257633e-02 2.262875357e-02 2.316074848e-02 2.379339250e-02 2.449885861e-02
 2.525960776e-02 2.606446083e-02 2.690620005e-02 2.778000547e-02 2.868239745e-02
 2.961051792e-02 3.056165972e-02 3.153299315e-02 3.252145765e-02 3.352379464e-02
 3.453669743e-02 3.555705311e-02 3.658224965e-02 3.761052459e-02 3.864133862e-02
 3.967577078e-02 4.071695281e-02 4.177059054e-02 4.284566508e-02 4.395547729e-02
 4.511931601e-02 4.636522890e-02 4.773468748e-02 4.929031377e-02 5.112434108e-02
 5.378561276e-02 5.453422883e-02 5.299466632e-02 5.169545359e-02 5.074345420e-02
-5.346380791e-05-1.201682060e-04-2.117222036e-04-3.257792620e-04-4.589177195e-04
-6.063359030e-04-7.613247225e-04-9.113071358e-04-1.034832554e-03-1.119113318e-03
-1.139425887e-03-1.078909152e-03-9.268007230e-04-6.570923396e-04-2.170306735e-04
 4.470654018e-04 1.321953669e-03 2.433545577e-03 3.808334595e-03 5.467728860e-03
 7.427653190e-03 9.694143155e-03 1.221660177e-02 1.482708132e-02 1.715907056e-02
 1.881592994e-02 1.969208036e-02 2.004397395e-02 2.023995554e-02 2.048076141e-02
 2.082352723e-02 2.126938502e-02 2.180424116e-02 2.241236630e-02 2.308020274e-02
 2.379700116e-02 2.455449577e-02 2.534635087e-02 2.616763195e-02 2.701438320e-02
 2.788330851e-02 2.877152685e-02 2.967639460e-02 3.059540252e-02 3.152614862e-02
 3.246637834e-02 3.341407788e-02 3.436760448e-02 3.532583733e-02 3.628833285e-02
 3.725546832e-02 3.822855422e-02 3.920988548e-02 4.020267229e-02 4.121072158e-02
 4.223757663e-02 4.328445601e-02 4.434554322e-02 4.539771672e-02 4.638090141e-02
 4.717720939e-02 4.764529963e-02 4.774584524e-02 4.758687788e-02 4.730603590e-02
-2.899743116e-05-6.448611975e-05-1.118897786e-04-1.687061739e-04-2.316207689e-04
-2.965340570e-04-3.587486364e-04-4.104751636e-04-4.272123010e-04-3.656909170e-04
-2.507735857e-04-7.385934746e-05 1.796630853e-04 5.180953387e-04 1.035054464e-03
 1.698690795e-03 2.510346307e-03 3.480876488e-03 4.617149825e-03 5.918099060e-03
 7.371073911e-03 8.945682051e-03 1.058456833e-02 1.220371006e-02 1.370548453e-02
 1.500837623e-02 1.607962182e-02 1.694445936e-02 1.766456691e-02 1.830583479e-02
 1.891849617e-02 1.953366543e-02 2.016780307e-02 2.082818493e-02 2.151702365e-02
 2.223392869e-02 2.297729500e-02 2.374486763e-02 2.453389590e-02 2.534159238e-02
 2.616557266e-02 2.700379670e-02 2.785437128e-02 2.871546863e-02 2.958532893e-02
 3.046224791e-02 3.134464622e-02 3.223108490e-02 3.312031058e-02 3.401127818e-02
 3.490309664e-02 3.579496586e-02 3.668593503e-02 3.757453637e-02 3.845813572e-02
 3.933190994e-02 4.018735448e-02 4.101029011e-02 4.177900390e-02 4.246408756e-02
 4.303275686e-02 4.345910435e-02 4.373538120e-02 4.387483140e-02 4.390609693e-02
-9.013868790e-06-1.917406645e-05-3.105908411e-05-4.223632422e-05-4.952507814e-05
-4.898140561e-05-3.591956804e-05-5.792739376e-06 6.374437407e-05 1.865582464e-04
 3.727455759e-04 6.071075070e-04 9.265283425e-04 1.323202131e-03 1.814167341e-03
 2.419050453e-03 3.116031022e-03 3.944720687e-03 4.866237248e-03 5.889390608e-03
 7.002217400e-03 8.158552182e-03 9.372527006e-03 1.056095939e-02 1.171822089e-02
 1.280521586e-02 1.379080083e-02 1.471513767e-02 1.553854356e-02 1.632288541e-02
 1.706101508e-02 1.776799173e-02 1.848853830e-02 1.918268387e-02 1.991243675e-02
 2.063729572e-02 2.137371019e-02 2.214158601e-02 2.290200435e-02 2.369258114e-02
 2.447663204e-02 2.527360116e-02 2.608285501e-02 2.688268269e-02 2.771115196e-02
 2.852439554e-02 2.935108413e-02 3.017764491e-02 3.099191440e-02 3.182535317e-02
 3.263386775e-02 3.345407829e-02 3.425865161e-02 3.504546023e-02 3.583326186e-02
 3.657940915e-02 3.731518965e-02 3.800406117e-02 3.863557371e-02 3.922244262e-02
 3.971473077e-02 4.014323077e-02 4.048036463e-02 4.072824989e-02 4.092321860e-02
 0.163479445E+01 0.165129850E+01 0.166615254E+01 0.168150225E+01 0.169716623E+01
 0.171310458E+01 0.172937579E+01 0.174600553E+01 0.176302820E+01 0.178049823E+01
 0.179846112E+01 0.181695873E+01 0.183604076E+01 0.185575042E+01 0.187614864E+01
 0.189729483E+01 0.191923108E+01 0.194200553E+01 0.196568138E+01 0.199034338E+01
 0.201605147E+01 0.204286078E+01 0.207083310E+01 0.210005169E+01 0.213062641E+01
 0.216264689E+01 0.219619709E+01 0.223136556E+01 0.226825351E+01 0.230700846E+01
 0.234777861E+01 0.239070603E+01 0.243593746E+01 0.248363094E+01 0.253396807E+01
 0.258718915E+01 0.264354123E+01 0.270328221E+01 0.276669733E+01 0.283410349E+01
 0.290585169E+01 0.298237092E+01 0.306414501E+01 0.315171258E+01 0.324567357E+01
 0.334672072E+01 0.345566095E+01 0.357344583E+01 0.370117320E+01 0.384014212E+01
 0.399190214E+01 0.415829377E+01 0.434155188E+01 0.454442895E+01 0.477038277E+01
 0.502381616E+01 0.531048808E+01 0.563799125E+01 0.601648611E+01 0.646077934E+01
 0.699382284E+01 0.765507211E+01 0.852233652E+01 0.980532248E+01 0.164382906E+02
  361   98
 0.574493769E+00 0.119190973E+01 0.568070509E+00 0.117794018E+01 0.561646361E+00
 0.116397104E+01 0.555234186E+00 0.114999641E+01 0.548837513E+00 0.113601467E+01
 0.542461281E+00 0.112202360E+01 0.536113242E+00 0.110801971E+01 0.529804632E+00
 0.109399802E+01 0.523546774E+00 0.107995361E+01 0.517347183E+00 0.106588339E+01
 0.511210906E+00 0.105178543E+01 0.505143277E+00 0.103765780E+01 0.499150911E+00
 0.102349809E+01 0.493239800E+00 0.100930426E+01 0.487413379E+00 0.995075462E+00
 0.481672959E+00 0.980811750E+00 0.476019887E+00 0.966513197E+00 0.470456727E+00
 0.952179423E+00 0.464986316E+00 0.937809997E+00 0.459609705E+00 0.923405211E+00
 0.454325832E+00 0.908966148E+00 0.449133141E+00 0.894494044E+00 0.444032419E+00
 0.879989271E+00 0.439026634E+00 0.865451462E+00 0.434117602E+00 0.850880697E+00
 0.429305108E+00 0.836277763E+00 0.424587664E+00 0.821643846E+00 0.419964704E+00
 0.806979807E+00 0.415439002E+00 0.792285463E+00 0.411014238E+00 0.777560411E+00
 0.406693403E+00 0.762804529E+00 0.402478311E+00 0.748018095E+00 0.398368647E+00
 0.733202011E+00 0.394363000E+00 0.718357467E+00 0.390460447E+00 0.703485488E+00
 0.386661210E+00 0.688586780E+00 0.382966225E+00 0.673661876E+00 0.379376295E+00
 0.658711355E+00 0.375891814E+00 0.643735906E+00 0.372512672E+00 0.628736337E+00
 0.369238236E+00 0.613713562E+00 0.366067075E+00 0.598668647E+00 0.362997218E+00
 0.583602735E+00 0.360027100E+00 0.568516841E+00 0.357155721E+00 0.553411843E+00
 0.354382565E+00 0.538288504E+00 0.351707167E+00 0.523147564E+00 0.349129066E+00
 0.507989754E+00 0.346647815E+00 0.492815790E+00 0.344262886E+00 0.477626387E+00
 0.341972896E+00 0.462422381E+00 0.339774969E+00 0.447204792E+00 0.337666247E+00
 0.431974584E+00 0.335644284E+00 0.416732615E+00 0.333707283E+00 0.401479615E+00
 0.331854424E+00 0.386216165E+00 0.330085353E+00 0.370942777E+00 0.328399544E+00
 0.355659975E+00 0.326795982E+00 0.340368324E+00 0.325273194E+00 0.325068417E+00
 0.323829738E+00 0.309760821E+00 0.322464653E+00 0.294446038E+00 0.321177437E+00
 0.279124512E+00 0.319967871E+00 0.263796661E+00 0.318835182E+00 0.248462938E+00
 0.317778248E+00 0.233123805E+00 0.316795999E+00 0.217779709E+00 0.315887444E+00
 0.202431073E+00 0.315051412E+00 0.187078315E+00 0.314286311E+00 0.171721858E+00
 0.313590635E+00 0.156362100E+00 0.312963053E+00 0.140999408E+00 0.312402529E+00
 0.125634122E+00 0.311909073E+00 0.110266537E+00 0.311483219E+00 0.948969307E-01
 0.311125573E+00 0.795255857E-01 0.310836796E+00 0.641527930E-01 0.310616825E+00
 0.487788614E-01 0.310464363E+00 0.334041117E-01 0.310378171E+00 0.180288473E-01
 0.310357171E+00 0.265335541E-02 0.310400511E+00-0.127220899E-01 0.310508075E+00
-0.280972200E-01 0.310680119E+00-0.434717637E-01 0.310917022E+00-0.588454447E-01
 0.311219305E+00-0.742179789E-01 0.311587622E+00-0.895890725E-01 0.312022751E+00
-0.104958420E+00 0.312525633E+00-0.120325699E+00 0.313097357E+00-0.135690570E+00
 0.313738968E+00-0.151052682E+00 0.314450584E+00-0.166411710E+00 0.315232049E+00
-0.181767343E+00 0.316083344E+00-0.197119263E+00 0.317004676E+00-0.212467138E+00
 0.317997123E+00-0.227810579E+00 0.319062724E+00-0.243149112E+00 0.320203632E+00
-0.258482226E+00 0.321421952E+00-0.273809384E+00 0.322719370E+00-0.289130048E+00
 0.324096204E+00-0.304443779E+00 0.325552548E+00-0.319750154E+00 0.327088794E+00
-0.335048715E+00 0.328705713E+00-0.350338960E+00 0.330404297E+00-0.365620348E+00
 0.332185566E+00-0.380892318E+00 0.334050702E+00-0.396154272E+00 0.336001189E+00
-0.411405553E+00 0.338038787E+00-0.426645439E+00 0.340165352E+00-0.441873165E+00
 0.342382785E+00-0.457087923E+00 0.344693135E+00-0.472288849E+00 0.347098684E+00
-0.487474999E+00 0.349601308E+00-0.502645453E+00 0.352202068E+00-0.517799390E+00
 0.354901833E+00-0.532936003E+00 0.357701228E+00-0.548054507E+00 0.360600683E+00
-0.563154140E+00 0.363600814E+00-0.578234092E+00 0.366702924E+00-0.593293396E+00
 0.369909084E+00-0.608330890E+00 0.373221892E+00-0.623345247E+00 0.376643475E+00
-0.638335190E+00 0.380174414E+00-0.653299751E+00 0.383814537E+00-0.668238128E+00
 0.387563060E+00-0.683149674E+00 0.391418884E+00-0.698033835E+00 0.395381496E+00
-0.712889923E+00 0.399451767E+00-0.727716875E+00 0.403631578E+00-0.742513319E+00
 0.407922907E+00-0.757277804E+00 0.412326864E+00-0.772009087E+00 0.416842306E+00
-0.786706582E+00 0.421467196E+00-0.801370005E+00 0.426199487E+00-0.815999122E+00
 0.431038628E+00-0.830593241E+00 0.435986234E+00-0.845150945E+00 0.441044165E+00
-0.859670686E+00 0.446212712E+00-0.874151421E+00 0.451490183E+00-0.888592815E+00
 0.456874126E+00-0.902994856E+00 0.462366781E+00-0.917355784E+00 0.467974509E+00
-0.931672165E+00 0.473702844E+00-0.945940713E+00 0.479554836E+00-0.960158992E+00
 0.485531810E+00-0.974325184E+00 0.491639105E+00-0.988435675E+00 0.497887771E+00
-0.100248412E+01 0.504290253E+00-0.101646313E+01 0.510858996E+00-0.103036477E+01
 0.517608924E+00-0.104417932E+01 0.524567663E+00-0.105788983E+01 0.531781867E+00
-0.107146756E+01 0.539319811E+00-0.108486809E+01 0.547282919E+00-0.109802004E+01
 0.555835339E+00-0.111079565E+01 0.565265445E+00-0.112293494E+01 0.576043908E+00
-0.113388574E+01 0.588708467E+00-0.114255619E+01 0.603188745E+00-0.114760345E+01
 0.618484756E+00-0.114890354E+01 0.633797907E+00-0.114762145E+01 0.648915122E+00
-0.114483133E+01 0.663844549E+00-0.114115915E+01 0.678628899E+00-0.113693835E+01
 0.693304749E+00-0.113235370E+01 0.707896984E+00-0.112750918E+01 0.722422396E+00
-0.112246770E+01 0.736891325E+00-0.111726627E+01 0.751310454E+00-0.111192829E+01
 0.765683454E+00-0.110646732E+01 0.780013295E+00-0.110089406E+01 0.794301217E+00
-0.109521419E+01 0.808540702E+00-0.108941401E+01 0.822719259E+00-0.108346649E+01
 0.836824224E+00-0.107734655E+01 0.850843642E+00-0.107103315E+01 0.864765305E+00
-0.106450707E+01 0.878577811E+00-0.105775306E+01 0.892271289E+00-0.105076090E+01
 0.905839895E+00-0.104352941E+01 0.919280118E+00-0.103606200E+01 0.932589079E+00
-0.102836308E+01 0.945759670E+00-0.102042981E+01 0.958774138E+00-0.101224301E+01
 0.971610872E+00-0.100378031E+01 0.984253725E+00-0.995030635E+00 0.996695319E+00
-0.985997051E+00 0.100893504E+01-0.976691730E+00 0.102098436E+01-0.967141073E+00
 0.103286110E+01-0.957376583E+00 0.104456576E+01-0.947406496E+00 0.105607532E+01
-0.937211860E+00 0.106736958E+01-0.926779233E+00 0.107844570E+01-0.916115249E+00
 0.108931742E+01-0.905242906E+00 0.110000270E+01-0.894187247E+00 0.111050545E+01
-0.882958045E+00 0.112081004E+01-0.871546772E+00 0.113089634E+01-0.859942139E+00
 0.114075492E+01-0.848143424E+00 0.115039147E+01-0.836162665E+00 0.115981774E+01
-0.824015746E+00 0.116902908E+01-0.811705076E+00 0.117800206E+01-0.799219637E+00
 0.118671314E+01-0.786550124E+00 0.119515014E+01-0.773696470E+00 0.120331444E+01
-0.760667882E+00 0.121121110E+01-0.747475350E+00 0.121882968E+01-0.734120338E+00
 0.122614550E+01-0.720597141E+00 0.123314636E+01-0.706908240E+00 0.123983728E+01
-0.693065177E+00 0.124622904E+01-0.679081446E+00 0.125231523E+01-0.664962068E+00
 0.125808174E+01-0.650709153E+00 0.126352659E+01-0.636330276E+00 0.126866171E+01
-0.621837862E+00 0.127350677E+01-0.607245883E+00 0.127807631E+01-0.592565277E+00
 0.128237677E+01-0.577803596E+00 0.128641558E+01-0.562968178E+00 0.129020452E+01
-0.548066969E+00 0.129376350E+01-0.533109137E+00 0.129712456E+01-0.518105558E+00
 0.130032186E+01-0.503066204E+00 0.130338853E+01-0.487999648E+00 0.130635475E+01
-0.472912983E+00 0.130924085E+01-0.457810780E+00 0.131206054E+01-0.442696034E+00
 0.131482811E+01-0.427571653E+00 0.131755939E+01-0.412440673E+00 0.132027184E+01
-0.397306304E+00 0.132298316E+01-0.382171735E+00 0.132571191E+01-0.367040298E+00
 0.132847759E+01-0.351915572E+00 0.133129998E+01-0.336801331E+00 0.133418723E+01
-0.321699345E+00 0.133713281E+01-0.306608625E+00 0.134012747E+01-0.291527565E+00
 0.134316109E+01-0.276454293E+00 0.134622283E+01-0.261386705E+00 0.134929949E+01
-0.246322155E+00 0.135237675E+01-0.231257728E+00 0.135543927E+01-0.216190298E+00
 0.135846970E+01-0.201116385E+00 0.136144796E+01-0.186032084E+00 0.136435071E+01
-0.170933079E+00 0.136714991E+01-0.155814549E+00 0.136981268E+01-0.140671418E+00
 0.137230350E+01-0.125499083E+00 0.137459161E+01-0.110294884E+00 0.137664866E+01
-0.950577336E-01 0.137844604E+01-0.797878106E-01 0.137995537E+01-0.644867661E-01
 0.138115374E+01-0.491582553E-01 0.138202836E+01-0.338078846E-01 0.138256899E+01
-0.184421394E-01 0.138276747E+01-0.306817795E-02 0.138261889E+01 0.123063447E-01
 0.138212766E+01 0.276737492E-01 0.138130357E+01 0.430269182E-01 0.138015839E+01
 0.583594999E-01 0.137870556E+01 0.736660138E-01 0.137696513E+01 0.889425345E-01
 0.137496655E+01 0.104187466E+00 0.137273996E+01 0.119400801E+00 0.137031507E+01
 0.134583816E+00 0.136772156E+01 0.149738964E+00 0.136499380E+01 0.164870548E+00
 0.136216551E+01 0.179983680E+00 0.135926580E+01 0.195083279E+00 0.135631884E+01
 0.210173734E+00 0.135334492E+01 0.225258902E+00 0.135036106E+01 0.240342106E+00
 0.134738184E+01 0.255426227E+00 0.134442042E+01 0.270513853E+00 0.134148907E+01
 0.285607347E+00 0.133859723E+01 0.300708460E+00 0.133575304E+01 0.315818619E+00
 0.133296460E+01 0.330939162E+00 0.133023912E+01 0.346071180E+00 0.132757514E+01
 0.361214147E+00 0.132495323E+01 0.376364461E+00 0.132235160E+01 0.391518272E+00
 0.131974909E+01 0.406671933E+00 0.131712533E+01 0.421821927E+00 0.131446014E+01
 0.436964683E+00 0.131173421E+01 0.452096617E+00 0.130892970E+01 0.467214177E+00
 0.130602982E+01 0.482313727E+00 0.130301623E+01 0.497390983E+00 0.129986310E+01
 0.512439654E+00 0.129654012E+01 0.527451710E+00 0.129301466E+01 0.542417471E+00
 0.128925318E+01 0.557325626E+00 0.128522946E+01 0.572165123E+00 0.128092827E+01
 0.586926568E+00 0.127634091E+01 0.601601590E+00 0.127146353E+01 0.616182782E+00
 0.126628973E+01 0.630661426E+00 0.126080228E+01 0.645024094E+00 0.125498612E+01
 0.659256799E+00 0.124883909E+01 0.673349770E+00 0.124237469E+01 0.687300050E+00
 0.123561034E+01 0.701107392E+00 0.122854288E+01 0.714762039E+00 0.122116555E+01
 0.728251781E+00 0.121348581E+01 0.741571715E+00 0.120552831E+01 0.754727643E+00
 0.119731473E+01 0.767725246E+00 0.118884787E+01 0.780559295E+00 0.118012596E+01
 0.793221390E+00 0.117115629E+01 0.805709224E+00 0.116196012E+01 0.818031253E+00
 0.115256552E+01 0.830202722E+00 0.114298916E+01 0.842231697E+00 0.113322016E+01
 0.854104729E+00 0.112324399E+01 0.865804215E+00 0.111305911E+01 0.877322465E+00
 0.110268098E+01 0.888666951E+00 0.109212989E+01 0.899850774E+00 0.108141168E+01
 0.910874527E+00 0.107050816E+01 0.921714970E+00 0.105939820E+01 0.932343689E+00
 0.104807407E+01 0.942743917E+00 0.103654892E+01 0.952920973E+00 0.102484510E+01
 0.962892088E+00 0.101297292E+01 0.972662109E+00 0.100091807E+01 0.982205750E+00
 0.988665166E+00 0.991493685E+00 0.976210024E+00 0.100050859E+01 0.963556460E+00
 0.100924279E+01 0.950717217E+00 0.101770173E+01 0.937713623E+00 0.102590586E+01
 0.924567293E+00 0.103387932E+01 0.911288252E+00 0.104162974E+01 0.897878981E+00
 0.104915260E+01 0.884342885E+00 0.105644479E+01 0.870685746E+00 0.106350770E+01
 0.856917426E+00 0.107035139E+01 0.843050800E+00 0.107699369E+01 0.829100141E+00
 0.108345769E+01 0.815080482E+00 0.108977071E+01 0.801007032E+00 0.109596293E+01
 0.786895532E+00 0.110206798E+01 0.772758290E+00 0.110811320E+01 0.758598856E+00
 0.111410625E+01 0.744418004E+00 0.112004845E+01 0.730219933E+00 0.112594940E+01
 0.716009471E+00 0.113182045E+01 0.701791818E+00 0.113767406E+01 0.687571905E+00
 0.114352219E+01 0.673355465E+00 0.114937875E+01 0.659148411E+00 0.115525803E+01
 0.644957583E+00 0.116117637E+01 0.630791794E+00 0.116715437E+01 0.616658922E+00
 0.117320977E+01 0.602563400E+00 0.117935161E+01 0.588505657E+00 0.118557942E+01
 0.574493769E+00 0.119190973E+01
 0.156441580E+01 0.156423520E+01 0.173298350E+01 0.167901950E+01 0.134847970E+01
 0.206041340E+01 0.108819530E+01 0.205946000E+01 0.902253030E+00 0.187565310E+01
 0.903668760E+00 0.187424170E+01 0.533866470E+00 0.150285580E+01 0.538010660E+00
 0.149874330E+01 0.332797140E+00 0.129708960E+01 0.332797140E+00 0.109400000E+01
 0.334795920E+00 0.109400000E+01 0.303115250E+00 0.847500000E+00 0.305114030E+00
 0.847500000E+00 0.269135950E+00 0.565000000E+00 0.271134730E+00 0.565000000E+00
 0.260841000E+00 0.495257700E+00 0.260841000E+00-0.507257700E+00 0.271134730E+00
-0.576999960E+00 0.269135950E+00-0.576999960E+00 0.305114030E+00-0.859500000E+00
 0.303115250E+00-0.859500000E+00 0.334795920E+00-0.110600010E+01 0.332797140E+00
-0.110600010E+01 0.332797140E+00-0.130908970E+01 0.538598100E+00-0.150990190E+01
 0.534468950E+00-0.151402960E+01 0.905629600E+00-0.188405800E+01 0.904219000E+00
-0.188547470E+01 0.108819530E+01-0.206614000E+01 0.134847970E+01-0.206518650E+01
 0.173017910E+01-0.168098580E+01 0.156441580E+01-0.156883530E+01 0.137999130E+01
-0.157688300E+01 0.137989190E+01-0.157672700E+01 0.119622210E+01-0.158474990E+01
 0.119631650E+01-0.158489800E+01 0.105537410E+01-0.159104840E+01 0.105528350E+01
-0.159090630E+01 0.947502500E+00-0.159561420E+01 0.905686400E+00-0.159556230E+01
 0.899143000E+00-0.159478470E+01 0.883387860E+00-0.159026430E+01 0.867681200E+00
-0.158087360E+01 0.851322350E+00-0.156766880E+01 0.833481900E+00-0.154624210E+01
 0.826062560E+00-0.152875240E+01 0.822677700E+00-0.151516830E+01 0.821022750E+00
-0.149624060E+01 0.820691350E+00-0.147724350E+01 0.822887360E+00-0.144582030E+01
 0.827573000E+00-0.141923050E+01 0.839194600E+00-0.138728100E+01 0.855244300E+00
-0.135284130E+01 0.877566500E+00-0.132209860E+01 0.899473500E+00-0.130017830E+01
 0.118567730E+01-0.101380000E+01 0.127900000E+01-0.842300000E+00 0.129600000E+01
-0.820200000E+00 0.143300000E+01-0.820200000E+00 0.143300000E+01-0.711000000E+00
 0.149000000E+01-0.491000000E+00 0.146000000E+01-0.491000000E+00 0.146000000E+01
-0.233000000E+00 0.166100000E+01-0.233000000E+00 0.166100000E+01 0.226000000E+00
 0.146000000E+01 0.226000000E+00 0.146000000E+01 0.481000000E+00 0.149300000E+01
 0.481000000E+00 0.147400000E+01 0.554000000E+00 0.143300000E+01 0.711000000E+00
 0.143300000E+01 0.815600000E+00 0.129600000E+01 0.815600000E+00 0.127900000E+01
 0.837699950E+00 0.118567730E+01 0.100920000E+01 0.899473500E+00 0.129557820E+01
 0.877566500E+00 0.131749860E+01 0.855244300E+00 0.134824120E+01 0.839194600E+00
 0.138268090E+01 0.827573000E+00 0.141463040E+01 0.822887360E+00 0.144122030E+01
 0.820691350E+00 0.147264350E+01 0.821022750E+00 0.149164060E+01 0.822677700E+00
 0.151056830E+01 0.826062560E+00 0.152415240E+01 0.833481900E+00 0.154164210E+01
 0.851322350E+00 0.156306870E+01 0.867681200E+00 0.157627360E+01 0.883387860E+00
 0.158566430E+01 0.899143000E+00 0.159018470E+01 0.905686400E+00 0.159096230E+01
 0.947502500E+00 0.159101410E+01 0.105528350E+01 0.158630620E+01 0.105537410E+01
 0.158644830E+01 0.119631650E+01 0.158029800E+01 0.119622210E+01 0.158014990E+01
 0.137989190E+01 0.157212700E+01 0.137999130E+01 0.157228290E+01 0.156441580E+01
 0.156423520E+01
    0
