EFIT++      MAST # 47051 # 760ms                   0  65  65
 0.194000000E+01 0.440000000E+01 0.800000000E+00 0.600000000E-01 0.000000000E+00
 0.986790444E+00 0.422965004E-03-0.591225162E-01 0.959356473E-02-0.653651251E+00
 0.745714435E+06-0.591225162E-01 0.000000000E+00 0.986790444E+00 0.000000000E+00
 0.422965004E-03 0.000000000E+00 0.959356473E-02 0.000000000E+00 0.000000000E+00
-0.537542460E+00-0.537334641E+00-0.537118697E+00-0.536894981E+00-0.536663847E+00
-0.536425647E+00-0.536180735E+00-0.535929465E+00-0.535672190E+00-0.535409265E+00
-0.535141046E+00-0.534867889E+00-0.534590149E+00-0.534308184E+00-0.534022351E+00
-0.533733009E+00-0.533440517E+00-0.533145233E+00-0.532847520E+00-0.532547737E+00
-0.532246248E+00-0.531943414E+00-0.531639600E+00-0.531335169E+00-0.531030488E+00
-0.530725922E+00-0.530421839E+00-0.530118605E+00-0.529816591E+00-0.529516164E+00
-0.529217697E+00-0.528921559E+00-0.528628122E+00-0.528337760E+00-0.528050846E+00
-0.527767754E+00-0.527488858E+00-0.527214536E+00-0.526945163E+00-0.526681115E+00
-0.526422771E+00-0.526170509E+00-0.525924708E+00-0.525685745E+00-0.525454002E+00
-0.525229858E+00-0.525013693E+00-0.524805889E+00-0.524606824E+00-0.524416882E+00
-0.524236442E+00-0.524065885E+00-0.523905593E+00-0.523755947E+00-0.523617327E+00
-0.523490113E+00-0.523374686E+00-0.523271425E+00-0.523180710E+00-0.523102918E+00
-0.523038427E+00-0.522987614E+00-0.522950856E+00-0.522928527E+00-0.522921001E+00
 0.267451017E+05 0.261226487E+05 0.255002289E+05 0.248781547E+05 0.242567389E+05
 0.236362939E+05 0.230171326E+05 0.223995674E+05 0.217839110E+05 0.211704761E+05
 0.205595752E+05 0.199515211E+05 0.193466262E+05 0.187452033E+05 0.181475649E+05
 0.175540238E+05 0.169648924E+05 0.163804835E+05 0.158011097E+05 0.152270836E+05
 0.146587178E+05 0.140963249E+05 0.135402176E+05 0.129907086E+05 0.124481103E+05
 0.119127355E+05 0.113848967E+05 0.108649067E+05 0.103530780E+05 0.984972325E+04
 0.935515508E+04 0.886968611E+04 0.839362897E+04 0.792729629E+04 0.747100070E+04
 0.702505481E+04 0.658977125E+04 0.616546266E+04 0.575244165E+04 0.535102085E+04
 0.496151289E+04 0.458423039E+04 0.421948599E+04 0.386759229E+04 0.352886194E+04
 0.320360755E+04 0.289214175E+04 0.259477717E+04 0.231182644E+04 0.204360217E+04
 0.179041700E+04 0.155258355E+04 0.133041445E+04 0.112422231E+04 0.934319780E+03
 0.761019470E+03 0.604634009E+03 0.465476024E+03 0.343858139E+03 0.240092982E+03
 0.154493177E+03 0.873713508E+02 0.390401287E+02 0.981213646E+01 0.000000000E+00
-0.101952466E+00-0.106067007E+00-0.110000356E+00-0.113752513E+00-0.117323478E+00
-0.120713251E+00-0.123921832E+00-0.126949221E+00-0.129795418E+00-0.132460423E+00
-0.134944235E+00-0.137246856E+00-0.139368285E+00-0.141308522E+00-0.143067567E+00
-0.144645420E+00-0.146042080E+00-0.147257549E+00-0.148291826E+00-0.149144911E+00
-0.149816804E+00-0.150307505E+00-0.150617013E+00-0.150745330E+00-0.150692455E+00
-0.150458388E+00-0.150043128E+00-0.149446677E+00-0.148669034E+00-0.147710199E+00
-0.146570171E+00-0.145248952E+00-0.143746541E+00-0.142062938E+00-0.140198142E+00
-0.138152155E+00-0.135924976E+00-0.133516604E+00-0.130927041E+00-0.128156286E+00
-0.125204338E+00-0.122071199E+00-0.118756868E+00-0.115261344E+00-0.111584629E+00
-0.107726721E+00-0.103687622E+00-0.994673307E-01-0.950658473E-01-0.904831719E-01
-0.857193045E-01-0.807742451E-01-0.756479937E-01-0.703405502E-01-0.648519148E-01
-0.591820873E-01-0.533310679E-01-0.472988564E-01-0.410854530E-01-0.346908575E-01
-0.281150700E-01-0.213580905E-01-0.144199190E-01-0.730055551E-02 0.000000000E+00
-0.579651434E+06-0.579766230E+06-0.579589856E+06-0.579122312E+06-0.578363599E+06
-0.577313716E+06-0.575972662E+06-0.574340439E+06-0.572417046E+06-0.570202484E+06
-0.567696751E+06-0.564899849E+06-0.561811777E+06-0.558432535E+06-0.554762123E+06
-0.550800541E+06-0.546547790E+06-0.542003869E+06-0.537168777E+06-0.532042516E+06
-0.526625086E+06-0.520916485E+06-0.514916715E+06-0.508625774E+06-0.502043664E+06
-0.495170384E+06-0.488005935E+06-0.480550315E+06-0.472803526E+06-0.464765566E+06
-0.456436437E+06-0.447816138E+06-0.438904670E+06-0.429702031E+06-0.420208223E+06
-0.410423244E+06-0.400347096E+06-0.389979778E+06-0.379321291E+06-0.368371633E+06
-0.357130806E+06-0.345598809E+06-0.333775641E+06-0.321661305E+06-0.309255798E+06
-0.296559121E+06-0.283571275E+06-0.270292259E+06-0.256722073E+06-0.242860717E+06
-0.228708191E+06-0.214264496E+06-0.199529631E+06-0.184503595E+06-0.169186390E+06
-0.153578016E+06-0.137678471E+06-0.121487757E+06-0.105005872E+06-0.882328181E+05
-0.711685941E+05-0.538132003E+05-0.361666367E+05-0.182289033E+05 0.000000000E+00
-6.241055664e-06-1.292034718e-05-1.997377029e-05-2.501804360e-05-2.494350635e-05
-1.594355140e-05 6.338728923e-06 4.616548803e-05 1.202612420e-04 2.612920151e-04
 4.525928965e-04 7.013206526e-04 1.025413877e-03 1.432625218e-03 1.936053736e-03
 2.548179182e-03 3.267346289e-03 4.105916223e-03 5.053396568e-03 6.107153790e-03
 7.253536375e-03 8.461269068e-03 9.710678689e-03 1.094936070e-02 1.214824674e-02
 1.327244179e-02 1.429889609e-02 1.524136530e-02 1.609481736e-02 1.689600717e-02
 1.765596802e-02 1.839113946e-02 1.912795208e-02 1.985426301e-02 2.059907334e-02
 2.134708753e-02 2.210569287e-02 2.288448501e-02 2.366183718e-02 2.446155489e-02
 2.525879106e-02 2.606605308e-02 2.688271861e-02 2.769116650e-02 2.851883240e-02
 2.933223386e-02 3.015367645e-02 3.097204618e-02 3.177572007e-02 3.259160924e-02
 3.338039459e-02 3.417510048e-02 3.495068786e-02 3.570419417e-02 3.645461160e-02
 3.715858694e-02 3.784905238e-02 3.848914582e-02 3.906778416e-02 3.960182235e-02
 4.003496710e-02 4.040463968e-02 4.067747197e-02 4.085147786e-02 4.096769580e-02
-2.564951175e-05-5.694358271e-05-9.852151698e-05-1.478891279e-04-2.016490599e-04
-2.554078510e-04-3.036486157e-04-3.378080694e-04-3.411452472e-04-2.786961427e-04
-1.626138823e-04 1.962670423e-05 2.843588905e-04 6.413475312e-04 1.155385963e-03
 1.813666382e-03 2.627756658e-03 3.610704776e-03 4.770844920e-03 6.108209863e-03
 7.610762344e-03 9.247988698e-03 1.096055512e-02 1.265784172e-02 1.423026869e-02
 1.558463302e-02 1.668482479e-02 1.756308980e-02 1.829217857e-02 1.894587080e-02
 1.957716805e-02 2.021663742e-02 2.087895985e-02 2.156953430e-02 2.228896666e-02
 2.303562214e-02 2.380697478e-02 2.460021312e-02 2.541246715e-02 2.624099535e-02
 2.708328177e-02 2.793700961e-02 2.879997176e-02 2.967002573e-02 3.054510167e-02
 3.142319756e-02 3.230244076e-02 3.318111180e-02 3.405768774e-02 3.493086927e-02
 3.579953337e-02 3.666267384e-02 3.751917543e-02 3.836746203e-02 3.920488269e-02
 4.002673954e-02 4.082486689e-02 4.158571884e-02 4.228855796e-02 4.290521527e-02
 4.340404252e-02 4.375940790e-02 4.396195190e-02 4.402066841e-02 4.396084172e-02
-4.935321020e-05-1.109927036e-04-1.956746065e-04-3.012328018e-04-4.243948304e-04
-5.604203525e-04-7.026729733e-04-8.408952471e-04-9.543474470e-04-1.035929825e-03
-1.059453339e-03-1.005120120e-03-8.558296527e-04-5.811274177e-04-1.427718333e-04
 4.962802059e-04 1.359652123e-03 2.475348105e-03 3.870490147e-03 5.568807701e-03
 7.590235940e-03 9.945037170e-03 1.260255017e-02 1.540187749e-02 1.791870255e-02
 1.965824306e-02 2.049156539e-02 2.075905216e-02 2.090874762e-02 2.114813062e-02
 2.151612966e-02 2.200030939e-02 2.257896125e-02 2.323224599e-02 2.394436180e-02
 2.470331369e-02 2.550014462e-02 2.632814800e-02 2.718219850e-02 2.805822568e-02
 2.895281821e-02 2.986293836e-02 3.078573360e-02 3.171843791e-02 3.265835361e-02
 3.360290124e-02 3.454972199e-02 3.549681610e-02 3.644270000e-02 3.738656542e-02
 3.832842382e-02 3.926921705e-02 4.021086588e-02 4.115620200e-02 4.210866519e-02
 4.307149677e-02 4.404581937e-02 4.502624454e-02 4.599120737e-02 4.688418794e-02
 4.759343632e-02 4.798579359e-02 4.802495985e-02 4.781205484e-02 4.747836465e-02
-7.605630050e-05-1.724816329e-04-3.076908303e-04-4.809916263e-04-6.906767617e-04
-9.334649110e-04-1.203865051e-03-1.491857524e-03-1.780474037e-03-2.058576780e-03
-2.301368989e-03-2.478496335e-03-2.558878337e-03-2.498742120e-03-2.246027593e-03
-1.743962337e-03-9.358983840e-04 2.299884953e-04 1.798381871e-03 3.810392967e-03
 6.318838712e-03 9.428686787e-03 1.336131118e-02 1.876159920e-02 2.459005537e-02
 2.697151771e-02 2.587378812e-02 2.352037190e-02 2.276300470e-02 2.266633383e-02
 2.292397582e-02 2.339490751e-02 2.400347024e-02 2.470543837e-02 2.547375730e-02
 2.629151932e-02 2.714805669e-02 2.803655354e-02 2.895248429e-02 2.989255277e-02
 3.085396943e-02 3.183398021e-02 3.282959840e-02 3.383750805e-02 3.485411304e-02
 3.587570654e-02 3.689873299e-02 3.792011385e-02 3.893761045e-02 3.995020447e-02
 4.095848972e-02 4.196508974e-02 4.297514503e-02 4.399695747e-02 4.504294604e-02
 4.613117871e-02 4.728793690e-02 4.855210549e-02 4.998288812e-02 5.167614637e-02
 5.403258518e-02 5.466291866e-02 5.327669440e-02 5.200369448e-02 5.104516900e-02
-1.020422204e-04-2.334836542e-04-4.216195995e-04-6.691689483e-04-9.782949731e-04
-1.349760860e-03-1.782016543e-03-2.268546855e-03-2.796944226e-03-3.358052480e-03
-3.932199418e-03-4.485230306e-03-4.979002133e-03-5.353651943e-03-5.524469046e-03
-5.384940872e-03-4.820987164e-03-3.737381447e-03-2.083736182e-03 1.374168641e-04
 2.885565824e-03 6.103514739e-03 9.710926742e-03 1.350542369e-02 1.694573983e-02
 1.938718048e-02 2.072285142e-02 2.145551418e-02 2.205891211e-02 2.271330524e-02
 2.344679746e-02 2.424598470e-02 2.509278326e-02 2.597347414e-02 2.687974602e-02
 2.780768174e-02 2.875636743e-02 2.972658705e-02 3.071971997e-02 3.173686437e-02
 3.277818874e-02 3.384251250e-02 3.492711824e-02 3.602779353e-02 3.713908884e-02
 3.825476192e-02 3.936836205e-02 4.047389524e-02 4.156650786e-02 4.264313556e-02
 4.370308765e-02 4.474857555e-02 4.578524767e-02 4.682286726e-02 4.787638294e-02
 4.896784605e-02 5.013005805e-02 5.141384176e-02 5.290353661e-02 5.475505634e-02
 5.720859684e-02 5.790893295e-02 5.625754885e-02 5.473124552e-02 5.364021819e-02
-1.193113943e-04-2.766873187e-04-5.085273692e-04-8.241329123e-04-1.233064666e-03
-1.743630985e-03-2.361555106e-03-3.088735895e-03-3.913184896e-03-4.840530434e-03
-5.862210138e-03-6.963688564e-03-8.126933176e-03-9.310174094e-03-1.040276064e-02
-1.117814314e-02-1.129292304e-02-1.042511180e-02-8.478003008e-03-5.639277264e-03
-2.241564970e-03 1.413105564e-03 5.103831619e-03 8.655873575e-03 1.191518661e-02
 1.476836762e-02 1.718073806e-02 1.920011304e-02 2.091623426e-02 2.241571845e-02
 2.376252211e-02 2.499940438e-02 2.615576055e-02 2.725410542e-02 2.831371067e-02
 2.935209212e-02 3.038526457e-02 3.142739994e-02 3.249024826e-02 3.358251458e-02
 3.470931388e-02 3.587180668e-02 3.706711064e-02 3.828856112e-02 3.952634899e-02
 4.076850509e-02 4.200214031e-02 4.321480243e-02 4.439578398e-02 4.553721784e-02
 4.663483259e-02 4.768830400e-02 4.870121301e-02 4.968067153e-02 5.063666409e-02
 5.158101508e-02 5.252549863e-02 5.347759506e-02 5.442969547e-02 5.533072755e-02
 5.602858851e-02 5.629400590e-02 5.609130519e-02 5.561971872e-02 5.504574100e-02
-1.124945070e-04-2.686988899e-04-5.124550221e-04-8.654985202e-04-1.351334880e-03
-1.991886576e-03-2.803881662e-03-3.794111334e-03-4.958725076e-03-6.296159100e-03
-7.806105177e-03-9.508864455e-03-1.147145996e-02-1.384371791e-02-1.685489019e-02
-2.055604409e-02-2.355989932e-02-2.318320182e-02-1.915935562e-02-1.316470142e-02
-7.530654144e-03-2.502378316e-03 2.023602531e-03 6.125515656e-03 9.839642265e-03
 1.317930553e-02 1.615317793e-02 1.877606368e-02 2.107184559e-02 2.307190830e-02
 2.481270728e-02 2.633403665e-02 2.767772657e-02 2.888620837e-02 3.000089261e-02
 3.106065019e-02 3.210061932e-02 3.315131293e-02 3.423783435e-02 3.537902521e-02
 3.658653241e-02 3.786398389e-02 3.920659176e-02 4.060148406e-02 4.202891874e-02
 4.346433551e-02 4.488103147e-02 4.625312692e-02 4.755840172e-02 4.878053820e-02
 4.991036033e-02 5.094585215e-02 5.189102345e-02 5.275392847e-02 5.354420640e-02
 5.427037496e-02 5.493687113e-02 5.554070412e-02 5.606796817e-02 5.649206486e-02
 5.677831789e-02 5.689887373e-02 5.684995932e-02 5.665381615e-02 5.635806798e-02
-5.371979016e-05-1.479650330e-04-3.285386190e-04-6.410441590e-04-1.137654684e-03
-1.869771080e-03-2.878717330e-03-4.183914683e-03-5.769158884e-03-7.587552024e-03
-9.550496370e-03-1.158404129e-02-1.370797090e-02-1.615769683e-02-1.941132222e-02
-2.424801656e-02-2.927249745e-02-2.900828954e-02-2.340739954e-02-1.498001496e-02
-8.459724913e-03-2.954903643e-03 1.913050954e-03 6.328795583e-03 1.037814245e-02
 1.409135091e-02 1.746598296e-02 2.048289509e-02 2.312114509e-02 2.537242589e-02
 2.725169044e-02 2.879992181e-02 3.007838763e-02 3.115818716e-02 3.211041784e-02
 3.300019083e-02 3.388460282e-02 3.481291115e-02 3.582686352e-02 3.695976131e-02
 3.823390373e-02 3.965723225e-02 4.122074551e-02 4.289809731e-02 4.464785531e-02
 4.641796169e-02 4.815163946e-02 4.979415422e-02 5.129975679e-02 5.263752918e-02
 5.379440587e-02 5.477423146e-02 5.559328918e-02 5.627414785e-02 5.683989890e-02
 5.731000842e-02 5.769799195e-02 5.801060648e-02 5.824830068e-02 5.840693063e-02
 5.848077228e-02 5.846680986e-02 5.835955982e-02 5.817160757e-02 5.791861688e-02
 1.017442304e-04 1.899977656e-04 2.332587364e-04 1.429044176e-04-1.960827063e-04
-9.073673266e-04-2.096634693e-03-3.837365411e-03-6.167416780e-03-9.061597301e-03
-1.211216297e-02-1.445187500e-02-1.565964146e-02-1.594251224e-02-1.608165470e-02
-1.616103984e-02-1.573249706e-02-1.426766617e-02-1.157571510e-02-7.923501027e-03
-3.773115488e-03 5.423884651e-04 4.867680412e-03 9.141121304e-03 1.332703913e-02
 1.737631946e-02 2.120273705e-02 2.467611664e-02 2.764594111e-02 2.999854255e-02
 3.171547218e-02 3.288585405e-02 3.366317958e-02 3.420562714e-02 3.464107103e-02
 3.506286186e-02 3.554119482e-02 3.613689099e-02 3.691086662e-02 3.792515496e-02
 3.923322132e-02 4.086293332e-02 4.280205589e-02 4.499523335e-02 4.735257879e-02
 4.976238936e-02 5.210215894e-02 5.425018170e-02 5.610323609e-02 5.759845002e-02
 5.872729348e-02 5.953029737e-02 6.007495051e-02 6.043122042e-02 6.065644651e-02
 6.079094094e-02 6.085979724e-02 6.087670001e-02 6.084768244e-02 6.077426691e-02
 6.065598170e-02 6.049211387e-02 6.027873334e-02 6.002108595e-02 5.971887418e-02
 3.982915371e-04 8.693485719e-04 1.454200827e-03 2.029060876e-03 2.328547706e-03
 1.937855061e-03 6.371404011e-04-1.520172679e-03-4.588305603e-03-8.929791988e-03
-1.437828452e-02-1.740809631e-02-1.730052610e-02-1.416600411e-02-1.198134816e-02
-1.029909610e-02-8.644798219e-03-6.726794358e-03-4.391621068e-03-1.601053355e-03
 1.608894395e-03 5.178557206e-03 9.060879794e-03 1.323432918e-02 1.769638585e-02
 2.243608348e-02 2.736226496e-02 3.214797469e-02 3.611104724e-02 3.856138834e-02
 3.937699077e-02 3.909543882e-02 3.842404820e-02 3.775762304e-02 3.723129717e-02
 3.686874499e-02 3.666657174e-02 3.663968089e-02 3.685169172e-02 3.745050897e-02
 3.864067883e-02 4.057127681e-02 4.323491532e-02 4.646744782e-02 5.004020797e-02
 5.373653075e-02 5.733478192e-02 6.055529209e-02 6.308513828e-02 6.471894925e-02
 6.549587268e-02 6.566831152e-02 6.551861328e-02 6.523511711e-02 6.491195294e-02
 6.458716462e-02 6.427215145e-02 6.396670252e-02 6.366610338e-02 6.336460911e-02
 6.305670358e-02 6.273768626e-02 6.240114456e-02 6.204815304e-02 6.168858961e-02
 7.993528928e-04 1.824802565e-03 3.301592344e-03 5.314795217e-03 7.829098006e-03
 8.259078941e-03 5.933282022e-03 3.384331130e-03 6.721309518e-04-2.237122452e-03
-4.976568062e-03-6.800046716e-03-7.300303007e-03-6.679690561e-03-5.583596275e-03
-4.293520126e-03-2.818430557e-03-1.101141827e-03 9.166332731e-04 3.277015912e-03
 6.007505078e-03 9.131948728e-03 1.268619877e-02 1.673766838e-02 2.141449446e-02
 2.696358362e-02 3.389971719e-02 4.350994303e-02 5.281823776e-02 5.572294132e-02
 5.182951241e-02 4.576758205e-02 4.238987047e-02 4.028210106e-02 3.886913690e-02
 3.784464868e-02 3.699911908e-02 3.614812725e-02 3.510388140e-02 3.385789566e-02
 3.389347011e-02 3.631298362e-02 4.096402809e-02 4.675941483e-02 5.252875848e-02
 5.841015519e-02 6.466434866e-02 7.104887169e-02 7.573589907e-02 7.708502595e-02
 7.531942408e-02 7.305997569e-02 7.135166772e-02 7.007245448e-02 6.907883918e-02
 6.827329316e-02 6.759316377e-02 6.699783469e-02 6.645966491e-02 6.596016872e-02
 6.548556543e-02 6.502593412e-02 6.457427098e-02 6.412690723e-02 6.367186060e-02
 1.161846118e-03 2.664801383e-03 4.841399436e-03 7.770878272e-03 1.124774386e-02
 1.232231100e-02 1.030609775e-02 8.135899147e-03 6.096569312e-03 4.222294375e-03
 2.613529790e-03 1.396960477e-03 6.685366214e-04 4.400425834e-04 6.570007958e-04
 1.251429808e-03 2.178069028e-03 3.419438609e-03 4.976982686e-03 6.862372717e-03
 9.093333372e-03 1.169395764e-02 1.469842068e-02 1.815701800e-02 2.214295254e-02
 2.675314110e-02 3.206644432e-02 3.786386889e-02 4.278448509e-02 4.513786429e-02
 4.465533170e-02 4.272900738e-02 4.091127180e-02 3.954680217e-02 3.856820059e-02
 3.784193864e-02 3.721756283e-02 3.650841895e-02 3.543470627e-02 3.357788460e-02
 3.307955794e-02 3.574692979e-02 4.177172108e-02 4.870086173e-02 5.514325060e-02
 6.164151872e-02 6.876266829e-02 7.716503072e-02 8.261418623e-02 8.358513670e-02
 8.013265667e-02 7.707862196e-02 7.500026095e-02 7.347654649e-02 7.228293318e-02
 7.129727493e-02 7.044985293e-02 6.969863091e-02 6.901680520e-02 6.838630875e-02
 6.779432549e-02 6.723139900e-02 6.669040110e-02 6.616596348e-02 6.565806794e-02
 1.414040701e-03 3.227997084e-03 5.819059503e-03 9.230859403e-03 1.322161913e-02
 1.477853533e-02 1.307042580e-02 1.146174710e-02 9.971965791e-03 8.600224736e-03
 7.395357249e-03 6.417081991e-03 5.711323972e-03 5.305084698e-03 5.207052279e-03
 5.414184021e-03 5.919563553e-03 6.717760078e-03 7.806871049e-03 9.188317418e-03
 1.086563132e-02 1.284274972e-02 1.512139556e-02 1.769607685e-02 2.054387951e-02
 2.360489438e-02 2.675111629e-02 2.975737350e-02 3.231778846e-02 3.424836801e-02
 3.548279998e-02 3.612422827e-02 3.643428696e-02 3.663344756e-02 3.685678073e-02
 3.717102568e-02 3.760828126e-02 3.820155689e-02 3.903092880e-02 4.028077322e-02
 4.223570255e-02 4.511674912e-02 4.890762361e-02 5.335349218e-02 5.812884927e-02
 6.296603033e-02 6.760190946e-02 7.166775105e-02 7.471533567e-02 7.646495545e-02
 7.701851341e-02 7.677026001e-02 7.611727668e-02 7.530287963e-02 7.444500745e-02
 7.359635741e-02 7.277942684e-02 7.200260809e-02 7.126739136e-02 7.057177671e-02
 6.991203692e-02 6.928370443e-02 6.868215244e-02 6.810300414e-02 6.754648856e-02
 1.576917323e-03 3.588118929e-03 6.438722278e-03 1.015511625e-02 1.445527614e-02
 1.630853388e-02 1.501566065e-02 1.375468138e-02 1.259359682e-02 1.149356864e-02
 1.049766448e-02 9.642913967e-03 8.961032700e-03 8.476903756e-03 8.208261571e-03
 8.166654018e-03 8.359097415e-03 8.789672852e-03 9.460521146e-03 1.037203567e-02
 1.152222818e-02 1.290527328e-02 1.450914602e-02 1.631222998e-02 1.827900384e-02
 2.035572626e-02 2.246865934e-02 2.452922408e-02 2.644966518e-02 2.815800022e-02
 2.969241749e-02 3.104584581e-02 3.226506961e-02 3.343216403e-02 3.462424345e-02
 3.591298099e-02 3.736549267e-02 3.904905792e-02 4.103585888e-02 4.340103816e-02
 4.620817709e-02 4.948371380e-02 5.319157300e-02 5.722315493e-02 6.140549589e-02
 6.551865853e-02 6.931787517e-02 7.256581027e-02 7.507736655e-02 7.676528946e-02
 7.766244924e-02 7.790216973e-02 7.766492802e-02 7.712355686e-02 7.641286999e-02
 7.562470656e-02 7.481584496e-02 7.401849148e-02 7.324900654e-02 7.251406606e-02
 7.181469471e-02 7.114880532e-02 7.051275806e-02 6.990213364e-02 6.930349083e-02
 1.682212508e-03 3.821012014e-03 6.840292453e-03 1.075696771e-02 1.528614307e-02
 1.738979178e-02 1.629476657e-02 1.526095936e-02 1.428836179e-02 1.334444142e-02
 1.245687468e-02 1.165340024e-02 1.095925832e-02 1.039643447e-02 9.983329311e-03
 9.734804391e-03 9.662475905e-03 9.775055199e-03 1.007855679e-02 1.057614403e-02
 1.126766190e-02 1.214886588e-02 1.321043116e-02 1.443692926e-02 1.580612207e-02
 1.728912330e-02 1.885207995e-02 2.045973943e-02 2.208093455e-02 2.369476674e-02
 2.529354445e-02 2.688811717e-02 2.853460387e-02 3.024167887e-02 3.205007678e-02
 3.399400275e-02 3.615753399e-02 3.858951874e-02 4.134669178e-02 4.447055017e-02
 4.796401123e-02 5.184600273e-02 5.610628994e-02 6.068706548e-02 6.545451159e-02
 7.015319736e-02 7.440431516e-02 7.784541665e-02 8.024954055e-02 8.154875164e-02
 8.184675959e-02 8.141930265e-02 8.060029350e-02 7.962317030e-02 7.861043649e-02
 7.762073750e-02 7.668011624e-02 7.579780012e-02 7.497422290e-02 7.420531679e-02
 7.348489929e-02 7.280602292e-02 7.216174157e-02 7.154573312e-02 7.096058942e-02
 1.751232829e-03 3.973839954e-03 7.104099927e-03 1.115247590e-02 1.583094069e-02
 1.809185198e-02 1.713015457e-02 1.621253847e-02 1.534195104e-02 1.446616616e-02
 1.360873597e-02 1.279254872e-02 1.203910155e-02 1.136804440e-02 1.079698759e-02
 1.034149956e-02 1.001523112e-02 9.830114862e-03 9.796500573e-03 9.922586629e-03
 1.021390586e-02 1.067285013e-02 1.129825315e-02 1.208514491e-02 1.302489635e-02
 1.410609290e-02 1.531620482e-02 1.664294092e-02 1.807616298e-02 1.961000946e-02
 2.124479019e-02 2.298795167e-02 2.485469436e-02 2.687310526e-02 2.906905319e-02
 3.146646858e-02 3.411583823e-02 3.706042755e-02 4.034499816e-02 4.401053319e-02
 4.809019263e-02 5.263746331e-02 5.772090109e-02 6.343089055e-02 6.991023847e-02
 7.752074200e-02 8.445209098e-02 8.931984223e-02 9.188692298e-02 9.200912545e-02
 8.973513369e-02 8.637854989e-02 8.395541675e-02 8.205897178e-02 8.051972319e-02
 7.923672529e-02 7.814253226e-02 7.719006885e-02 7.634534399e-02 7.558306621e-02
 7.488391987e-02 7.423281920e-02 7.361773875e-02 7.302877750e-02 7.245188336e-02
 1.797203794e-03 4.076114295e-03 7.281768402e-03 1.142062129e-02 1.618533146e-02
 1.851321409e-02 1.767480169e-02 1.681576012e-02 1.596590428e-02 1.507943680e-02
 1.418012325e-02 1.328885061e-02 1.242442295e-02 1.160410234e-02 1.084392111e-02
 1.015892335e-02 9.563420307e-03 9.071152862e-03 8.699899126e-03 8.465319562e-03
 8.380896260e-03 8.457682923e-03 8.703899656e-03 9.124341591e-03 9.719466504e-03
 1.048620731e-02 1.142666712e-02 1.254117889e-02 1.382932685e-02 1.529124314e-02
 1.692969322e-02 1.875127414e-02 2.076615984e-02 2.298811363e-02 2.543462158e-02
 2.812709151e-02 3.109128749e-02 3.435734271e-02 3.796043014e-02 4.194311645e-02
 4.636022897e-02 5.128671477e-02 5.682996601e-02 6.315216407e-02 7.050322926e-02
 7.915589466e-02 8.694773084e-02 9.209433002e-02 9.462915680e-02 9.448308173e-02
 9.155458900e-02 8.757183786e-02 8.472103209e-02 8.264331180e-02 8.106782751e-02
 7.982878070e-02 7.882067089e-02 7.797366396e-02 7.724002129e-02 7.658624929e-02
 7.598836222e-02 7.542890707e-02 7.489499909e-02 7.437681844e-02 7.386700387e-02
 1.827033928e-03 4.143419192e-03 7.401525130e-03 1.160880315e-02 1.648059847e-02
 1.896780658e-02 1.820121385e-02 1.725944217e-02 1.631025032e-02 1.532594509e-02
 1.431535248e-02 1.329105531e-02 1.226606512e-02 1.125343548e-02 1.026616788e-02
 9.317223741e-03 8.422046392e-03 7.602278209e-03 6.879344289e-03 6.274075794e-03
 5.806447142e-03 5.495312729e-03 5.358132767e-03 5.410703097e-03 5.666943849e-03
 6.138920155e-03 6.837070367e-03 7.768798497e-03 8.936654662e-03 1.033531267e-02
 1.196410319e-02 1.383128289e-02 1.594177419e-02 1.830010797e-02 2.091355074e-02
 2.379119953e-02 2.694435587e-02 3.038679577e-02 3.413539208e-02 3.821201049e-02
 4.264914913e-02 4.750688260e-02 5.283539020e-02 5.867788226e-02 6.509756505e-02
 7.208844180e-02 7.849557682e-02 8.300869911e-02 8.544240675e-02 8.557375228e-02
 8.428811161e-02 8.297896844e-02 8.175695317e-02 8.074185064e-02 7.991054706e-02
 7.922480024e-02 7.864652953e-02 7.814347416e-02 7.769009545e-02 7.726692664e-02
 7.685954951e-02 7.645761342e-02 7.605404066e-02 7.564453336e-02 7.523072867e-02
 1.842231686e-03 4.177815977e-03 7.463117391e-03 1.170653721e-02 1.660966827e-02
 1.912712376e-02 1.845611123e-02 1.742270211e-02 1.635621898e-02 1.524007694e-02
 1.408172639e-02 1.288768159e-02 1.166595877e-02 1.042559635e-02 9.176307870e-03
 7.932145343e-03 6.715845922e-03 5.551257096e-03 4.462953980e-03 3.475973044e-03
 2.615541490e-03 1.906812534e-03 1.374598698e-03 1.043095736e-03 9.355863333e-04
 1.074090544e-03 1.478862580e-03 2.167647960e-03 3.154719709e-03 4.449859135e-03
 6.057900208e-03 7.976173536e-03 1.018829260e-02 1.267162398e-02 1.543071230e-02
 1.846214151e-02 2.176166151e-02 2.532436070e-02 2.914347448e-02 3.320734366e-02
 3.749503893e-02 4.198761833e-02 4.688047367e-02 5.193859570e-02 5.701100976e-02
 6.190295698e-02 6.634984527e-02 7.008864982e-02 7.296341793e-02 7.497190843e-02
 7.625977625e-02 7.704176765e-02 7.750781533e-02 7.778519087e-02 7.794713177e-02
 7.803201677e-02 7.805822345e-02 7.803365990e-02 7.796134099e-02 7.784243860e-02
 7.767783203e-02 7.746880754e-02 7.721728859e-02 7.692569354e-02 7.659006200e-02
 1.843235421e-03 4.179251860e-03 7.463456131e-03 1.170198124e-02 1.659208277e-02
 1.908066568e-02 1.835879113e-02 1.725277473e-02 1.608608001e-02 1.484424867e-02
 1.352970907e-02 1.214877894e-02 1.070817833e-02 9.214875508e-03 7.679696413e-03
 6.125012416e-03 4.575179240e-03 3.056201467e-03 1.595501649e-03 2.216568216e-04
-1.035864237e-03-2.146969351e-03-3.081222222e-03-3.808143463e-03-4.297552375e-03
-4.519978294e-03-4.447179917e-03-4.052837919e-03-3.313443497e-03-2.209430481e-03
-7.266760226e-04 1.141464843e-03 3.391685464e-03 6.008653159e-03 8.961880232e-03
 1.219340344e-02 1.568440437e-02 1.941858007e-02 2.337494819e-02 2.752917047e-02
 3.185308206e-02 3.629832261e-02 4.077350605e-02 4.545065297e-02 5.008718097e-02
 5.450447179e-02 5.861959117e-02 6.233885421e-02 6.559730438e-02 6.837204586e-02
 7.068190609e-02 7.257504722e-02 7.411173672e-02 7.535034242e-02 7.634014364e-02
 7.711984446e-02 7.771906660e-02 7.816071610e-02 7.846315525e-02 7.864181973e-02
 7.871027145e-02 7.868080656e-02 7.856476124e-02 7.837273993e-02 7.811935588e-02
 1.832784352e-03 4.154445229e-03 7.416326455e-03 1.162215066e-02 1.648264559e-02
 1.894034349e-02 1.807344294e-02 1.687294847e-02 1.560383669e-02 1.422421428e-02
 1.273992756e-02 1.115697996e-02 9.480901108e-03 7.717927724e-03 5.889410047e-03
 4.019216706e-03 2.133457138e-03 2.603062400e-04-1.570230738e-03-3.326566818e-03
-4.975797501e-03-6.483975621e-03-7.816397295e-03-8.937904968e-03-9.813221130e-03
-1.040733610e-02-1.068598527e-02-1.061625714e-02-1.016739346e-02-9.311850771e-03
-8.026695726e-03-6.295438266e-03-4.110362464e-03-1.475400517e-03 1.590274515e-03
 5.048277676e-03 8.839189492e-03 1.286824170e-02 1.709842330e-02 2.149862477e-02
 2.603385538e-02 3.066570021e-02 3.535106897e-02 4.003821606e-02 4.466304128e-02
 4.915271626e-02 5.343597999e-02 5.745058660e-02 6.114760245e-02 6.449431400e-02
 6.747486317e-02 7.008835979e-02 7.234534078e-02 7.426388676e-02 7.586640252e-02
 7.717743182e-02 7.822236875e-02 7.902672855e-02 7.961567786e-02 8.001365051e-02
 8.024398912e-02 8.032861930e-02 8.028778359e-02 8.013980823e-02 7.989931025e-02
 1.814688757e-03 4.112522794e-03 7.339299817e-03 1.149702104e-02 1.627440224e-02
 1.860773373e-02 1.770925347e-02 1.641462856e-02 1.500869146e-02 1.346800947e-02
 1.179626907e-02 9.996502419e-03 8.071482800e-03 6.037372909e-03 3.916911532e-03
 1.735489002e-03-4.789762253e-04-2.696244019e-03-4.883987228e-03-7.008054685e-03
-9.032750359e-03-1.092112063e-02-1.263524453e-02-1.413652670e-02-1.538600034e-02
-1.634465615e-02-1.697382516e-02-1.723565804e-02-1.709375681e-02-1.651403331e-02
-1.546588823e-02-1.392381066e-02-1.186950568e-02-9.294645519e-03-6.204302093e-03
-2.621107519e-03 1.409834415e-03 5.815638298e-03 1.049325008e-02 1.532141987e-02
 2.026987432e-02 2.530132759e-02 3.037502477e-02 3.544545094e-02 4.046232610e-02
 4.537169687e-02 5.011810989e-02 5.464728333e-02 5.890876754e-02 6.285834324e-02
 6.646001993e-02 6.968753565e-02 7.252529640e-02 7.496871134e-02 7.702388056e-02
 7.870661144e-02 8.004080971e-02 8.105639845e-02 8.178701502e-02 8.226777216e-02
 8.253332937e-02 8.261642523e-02 8.254691206e-02 8.235122006e-02 8.205175887e-02
 1.792163704e-03 4.060819292e-03 7.245472606e-03 1.134705789e-02 1.606539492e-02
 1.834007462e-02 1.730356657e-02 1.589776599e-02 1.434343346e-02 1.263222988e-02
 1.076454265e-02 8.740712170e-03 6.568596534e-03 4.268912268e-03 1.865521076e-03
-6.147341472e-04-3.142244222e-03-5.684876969e-03-8.208254785e-03-1.067605387e-02
-1.305031385e-02-1.529174577e-02-1.736002826e-02-1.921408607e-02-2.081235155e-02
-2.211301888e-02-2.307431288e-02-2.365480835e-02-2.381385408e-02-2.351217511e-02
-2.271274773e-02-2.138206523e-02-1.949192978e-02-1.702191728e-02-1.396265776e-02
-1.032001649e-02-6.120148690e-03-1.415391480e-03 3.709211382e-03 9.130118294e-03
 1.467843130e-02 2.031163237e-02 2.599682643e-02 3.169671875e-02 3.736860088e-02
 4.296393232e-02 4.842828187e-02 5.370184700e-02 5.872082218e-02 6.341992958e-02
 6.773629978e-02 7.161451864e-02 7.501212325e-02 7.790438588e-02 8.028715089e-02
 8.217689593e-02 8.360794047e-02 8.462751906e-02 8.528994770e-02 8.565114704e-02
 8.576439848e-02 8.567765516e-02 8.543227583e-02 8.506291070e-02 8.460231511e-02
 1.767540319e-03 4.004551209e-03 7.143951095e-03 1.118583661e-02 1.582546315e-02
 1.800033172e-02 1.686444559e-02 1.534721340e-02 1.364462818e-02 1.176250376e-02
 9.699909666e-03 7.455498064e-03 5.046385967e-03 2.494284183e-03-1.756846131e-04
-2.935207532e-03-5.753037331e-03-8.595288031e-03-1.142575987e-02-1.420628223e-02
-1.689705908e-02-1.945700084e-02-2.184402735e-02-2.401533061e-02-2.592759172e-02
-2.753715557e-02-2.880017854e-02-2.967277938e-02-3.011124181e-02-3.007233903e-02
-2.951387622e-02-2.839557468e-02-2.668045112e-02-2.433687206e-02-2.134147996e-02
-1.768318817e-02-1.336840608e-02-8.427510344e-03-2.922341400e-03 3.045508992e-03
 9.326468479e-03 1.571995662e-02 2.219611721e-02 2.872920791e-02 3.528632935e-02
 4.182469237e-02 4.828858638e-02 5.460635721e-02 6.068847319e-02 6.642856618e-02
 7.170968067e-02 7.641684968e-02 8.045423591e-02 8.376202645e-02 8.632741703e-02
 8.818590724e-02 8.941251622e-02 9.010609224e-02 9.037219334e-02 9.030959983e-02
 9.000272505e-02 8.951928979e-02 8.891130426e-02 8.821740836e-02 8.745858912e-02
 1.742479562e-03 3.947432943e-03 7.041250155e-03 1.102343203e-02 1.558018466e-02
 1.764611641e-02 1.644757867e-02 1.479180673e-02 1.294464100e-02 1.089670398e-02
 8.645100088e-03 6.194980084e-03 3.565853798e-03 7.808426595e-04-2.133448205e-03
-5.147143397e-03-8.227375732e-03-1.133861559e-02-1.444303647e-02-1.750089806e-02
-2.047092590e-02-2.331066618e-02-2.597679525e-02-2.842536672e-02-3.061198537e-02
-3.249190537e-02-3.402006205e-02-3.515106091e-02-3.583916628e-02-3.603835402e-02
-3.570252005e-02-3.478596904e-02-3.324434447e-02-3.103620188e-02-2.812546567e-02
-2.448503650e-02-2.010181489e-02-1.498336530e-02-9.166315369e-03-2.726237940e-03
 4.211638300e-03 1.146133561e-02 1.884648717e-02 2.636395608e-02 3.400343837e-02
 4.174341474e-02 4.954380490e-02 5.733465960e-02 6.500074211e-02 7.236583664e-02
 7.918951136e-02 8.519539235e-02 9.013330555e-02 9.384601700e-02 9.630972789e-02
 9.763794877e-02 9.804694650e-02 9.779161194e-02 9.710269878e-02 9.615539569e-02
 9.506869324e-02 9.391805858e-02 9.274911559e-02 9.158831027e-02 9.045431973e-02
 1.718171403e-03 3.892106237e-03 6.941929821e-03 1.086677045e-02 1.537331216e-02
 1.739720521e-02 1.601635375e-02 1.425705391e-02 1.227406268e-02 1.007094677e-02
 7.644018318e-03 5.005988136e-03 2.177475893e-03-8.170989767e-04-3.949715133e-03
-7.189011193e-03-1.050061005e-02-1.384749520e-02-1.719042200e-02-2.048834272e-02
-2.369882074e-02-2.677840850e-02-2.968296429e-02-3.236788683e-02-3.478825172e-02
-3.689884287e-02-3.865408242e-02-4.000787741e-02-4.091341847e-02-4.132298825e-02
-4.118786415e-02-4.045843387e-02-3.908468320e-02-3.701726358e-02-3.420939974e-02
-3.061994890e-02-2.621795835e-02-2.098905993e-02-1.494395210e-02-8.129022722e-03
-6.387366940e-04 7.371484058e-03 1.567365026e-02 2.421315230e-02 3.302199257e-02
 4.213316204e-02 5.157588135e-02 6.136294854e-02 7.145885901e-02 8.169824991e-02
 9.160562467e-02 1.002915481e-01 1.069143195e-01 1.110295106e-01 1.125878620e-01
 1.119719556e-01 1.099803987e-01 1.074731315e-01 1.049230987e-01 1.025108829e-01
 1.002905150e-01 9.826569742e-02 9.642085068e-02 9.473423099e-02 9.318363528e-02
 1.695523404e-03 3.840598053e-03 6.849542515e-03 1.072104301e-02 1.514108100e-02
 1.704399755e-02 1.564179752e-02 1.376341780e-02 1.165574349e-02 9.311459676e-03
 6.728256678e-03 3.923731277e-03 9.196225638e-04-2.258398546e-03-5.580973390e-03
-9.015365703e-03-1.252583436e-02-1.607405729e-02-1.961958831e-02-2.312032314e-02
-2.653294720e-02-2.981333654e-02-3.291688400e-02-3.579872584e-02-3.841385002e-02
-4.071707522e-02-4.266290041e-02-4.420523809e-02-4.529706095e-02-4.589001256e-02
-4.593405861e-02-4.537728867e-02-4.416602022e-02-4.224540821e-02-3.956082442e-02
-3.606033678e-02-3.169867879e-02-2.644313310e-02-2.028172337e-02-1.323395115e-02
-5.363971743e-03 3.204456242e-03 1.227296897e-02 2.167313229e-02 3.148149976e-02
 4.180071966e-02 5.277204509e-02 6.459512681e-02 7.756382656e-02 9.214766248e-02
 1.093003285e-01 1.242874749e-01 1.342854654e-01 1.387146722e-01 1.373940637e-01
 1.312646950e-01 1.227763567e-01 1.164852718e-01 1.115581794e-01 1.075801736e-01
 1.042928283e-01 1.015207494e-01 9.913991912e-02 9.706038600e-02 9.521337667e-02
 1.675262757e-03 3.794546680e-03 6.766998491e-03 1.059103171e-02 1.495651607e-02
 1.679971272e-02 1.530094805e-02 1.332469269e-02 1.110713972e-02 8.638473944e-03
 5.921235463e-03 2.974244346e-03-1.795495961e-04-3.513235346e-03-6.996197996e-03
-1.059445634e-02-1.427107136e-02-1.798660977e-02-2.169964052e-02-2.536723751e-02
-2.894545823e-02-3.238976690e-02-3.565537183e-02-3.869745006e-02-4.147123807e-02
-4.393197565e-02-4.603469998e-02-4.773390004e-02-4.898305683e-02-4.973411482e-02
-4.993695431e-02-4.953896668e-02-4.848487544e-02-4.671699843e-02-4.417621093e-02
-4.080394359e-02-3.654562488e-02-3.135603577e-02-2.520704946e-02-1.809812325e-02
-1.006960145e-02-1.218250540e-03 8.286573337e-03 1.819001253e-02 2.852403169e-02
 3.940693977e-02 5.100897541e-02 6.358148785e-02 7.750767568e-02 9.339353459e-02
 1.125525786e-01 1.278224809e-01 1.423352422e-01 1.451715718e-01 1.429848616e-01
 1.357623441e-01 1.258814904e-01 1.187382265e-01 1.132917614e-01 1.090048594e-01
 1.055324809e-01 1.026474103e-01 1.001956309e-01 9.806988168e-02 9.619852897e-02
 1.657962987e-03 3.755247367e-03 6.696602164e-03 1.048025568e-02 1.480668159e-02
 1.660992840e-02 1.499436814e-02 1.295234812e-02 1.064283696e-02 8.070190067e-03
 5.241695008e-03 2.177076122e-03-1.099719578e-03-4.560731770e-03-8.174279199e-03
-1.190533311e-02-1.571596278e-02-1.956583633e-02-2.341275340e-02-2.721318078e-02
-3.092275898e-02-3.449674663e-02-3.789037076e-02-4.105905487e-02-4.395850251e-02
-4.654462255e-02-4.877329197e-02-5.059996502e-02-5.197915216e-02-5.286381095e-02
-5.320471479e-02-5.294989587e-02-5.204429888e-02-5.042983433e-02-4.804608623e-02
-4.483200788e-02-4.072902656e-02-3.568605644e-02-2.966696072e-02-2.266095544e-02
-1.469623277e-02-5.856608278e-03 3.699838841e-03 1.372215057e-02 2.404154428e-02
 3.472141320e-02 4.583870128e-02 5.748321184e-02 6.974751012e-02 8.267842041e-02
 9.589941307e-02 1.073580770e-01 1.163259666e-01 1.216120199e-01 1.227961564e-01
 1.205159447e-01 1.164258297e-01 1.125393937e-01 1.091518038e-01 1.062244358e-01
 1.036826157e-01 1.014536239e-01 9.947521617e-02 9.769663543e-02 9.607101971e-02
 1.644054915e-03 3.723669513e-03 6.640071274e-03 1.039126344e-02 1.466092033e-02
 1.637982356e-02 1.477972376e-02 1.265563181e-02 1.027267590e-02 7.617974243e-03
 4.702044568e-03 1.545356753e-03-1.827332751e-03-5.387219893e-03-9.101773241e-03
-1.293513760e-02-1.684861110e-02-2.080117769e-02-2.475007027e-02-2.865133413e-02
-3.246035754e-02-3.613233512e-02-3.962263144e-02-4.288701619e-02-4.588174846e-02
-4.856349617e-02-5.088908675e-02-5.281509763e-02-5.429730954e-02-5.529006408e-02
-5.574558921e-02-5.561338671e-02-5.483981405e-02-5.336804465e-02-5.113865605e-02
-4.809117482e-02-4.416699662e-02-3.931418423e-02-3.349469831e-02-2.669458220e-02
-1.893742356e-02-1.030094001e-02-9.356651431e-04 8.916703659e-03 1.891054604e-02
 2.900976779e-02 3.919111683e-02 4.940109268e-02 5.952907522e-02 6.936881415e-02
 7.858763895e-02 8.676057479e-02 9.348267511e-02 9.847597001e-02 1.016744988e-01
 1.032652261e-01 1.036326244e-01 1.032117402e-01 1.023470972e-01 1.012568285e-01
 1.000645417e-01 9.883666029e-02 9.760751223e-02 9.639401039e-02 9.520714843e-02
 1.633841194e-03 3.700489475e-03 6.598595509e-03 1.032614292e-02 1.458347745e-02
 1.630499846e-02 1.459819759e-02 1.243847352e-02 1.000294429e-02 7.289014720e-03
 4.310145155e-03 1.087377361e-03-2.353930402e-03-5.984352918e-03-9.770738323e-03
-1.367663433e-02-1.766278908e-02-2.168770760e-02-2.570823778e-02-2.968015502e-02
-3.355871119e-02-3.729911317e-02-4.085689804e-02-4.418817611e-02-4.724971976e-02
-4.999888435e-02-5.239335800e-02-5.439074939e-02-5.594803705e-02-5.702092158e-02
-5.756314442e-02-5.752586559e-02-5.685723094e-02-5.550230902e-02-5.340364155e-02
-5.050272902e-02-4.674285974e-02-4.207377456e-02-3.645871130e-02-2.988434558e-02
-2.237396235e-02-1.400375433e-02-4.921345460e-03 4.635562055e-03 1.432378479e-02
 2.391441277e-02 3.335726122e-02 4.257669246e-02 5.146662170e-02 5.988878618e-02
 6.767923148e-02 7.466677530e-02 8.070153707e-02 8.568534431e-02 8.959385266e-02
 9.248196729e-02 9.446922965e-02 9.571052550e-02 9.636476478e-02 9.657312342e-02
 9.645009915e-02 9.608367634e-02 9.553956891e-02 9.486628806e-02 9.410120647e-02
 1.627518391e-03 3.686141034e-03 6.572924282e-03 1.028576439e-02 1.451362750e-02
 1.619140553e-02 1.449783971e-02 1.230517621e-02 9.837440679e-03 7.087618849e-03
 4.070689822e-03 8.080397967e-04-2.674599177e-03-6.347416005e-03-1.017687570e-02
-1.412616037e-02-1.815568506e-02-2.222366898e-02-2.628673573e-02-3.030051103e-02
-3.422018316e-02-3.800099123e-02-4.159860807e-02-4.496938908e-02-4.807046534e-02
-5.085966770e-02-5.329527913e-02-5.533562517e-02-5.693852657e-02-5.806065578e-02
-5.865686110e-02-5.867955021e-02-5.807826214e-02-5.679960483e-02-5.478779688e-02
-5.198612639e-02-4.833972197e-02-4.380010741e-02-3.833205431e-02-3.192320671e-02
-2.459675228e-02-1.642695419e-02-7.556526389e-03 1.786440591e-03 1.127601539e-02
 2.056550631e-02 2.960306105e-02 3.832162651e-02 4.664000385e-02 5.446625401e-02
 6.170412068e-02 6.826238944e-02 7.406593732e-02 7.906616395e-02 8.324813595e-02
 8.663241973e-02 8.927108756e-02 9.123919808e-02 9.262432901e-02 9.351684675e-02
 9.400264390e-02 9.415879811e-02 9.405169586e-02 9.373674880e-02 9.325502670e-02
 1.625208237e-03 3.680891047e-03 6.563509091e-03 1.027088899e-02 1.448814585e-02
 1.614873332e-02 1.446433507e-02 1.225679910e-02 9.778149892e-03 7.016138105e-03
 3.986224450e-03 7.099517548e-04-2.786794301e-03-6.474053415e-03-1.031814743e-02
-1.428212475e-02-1.832628052e-02-2.240873253e-02-2.648602607e-02-3.051373592e-02
-3.444703061e-02-3.824116374e-02-4.185185924e-02-4.523556204e-02-4.834953227e-02
-5.115177016e-02-5.360076901e-02-5.565510625e-02-5.727289696e-02-5.841115158e-02
-5.902510153e-02-5.906758436e-02-5.848861655e-02-5.723533016e-02-5.525250941e-02
-5.248403667e-02-4.887563700e-02-4.437938390e-02-3.896046745e-02-3.260667995e-02
-2.534086855e-02-1.723613805e-02-8.432755502e-03 8.455473094e-04 1.027977429e-02
 1.948630605e-02 2.841436480e-02 3.700118384e-02 4.517394036e-02 5.285348636e-02
 5.995996361e-02 6.641992100e-02 7.217399182e-02 7.718375914e-02 8.143636905e-02
 8.494585483e-02 8.775091778e-02 8.990979426e-02 9.149348321e-02 9.257878364e-02
 9.324230623e-02 9.355608890e-02 9.358492285e-02 9.338524669e-02 9.300935892e-02
 1.626978724e-03 3.684901166e-03 6.570663734e-03 1.028215701e-02 1.452443542e-02
 1.623083785e-02 1.447388352e-02 1.229450834e-02 9.826437145e-03 7.075746739e-03
 4.057806978e-03 7.940806318e-04-2.689644573e-03-6.363512884e-03-1.019395227e-02
-1.414411389e-02-1.817438735e-02-2.224297167e-02-2.630647550e-02-3.032051455e-02
-3.424027178e-02-3.802098497e-02-4.161832865e-02-4.498866176e-02-4.808911902e-02
-5.087753297e-02-5.331218377e-02-5.535138651e-02-5.695293992e-02-5.807347818e-02
-5.866778915e-02-5.868819070e-02-5.808409387e-02-5.680192998e-02-5.478568033e-02
-5.197832216e-02-4.832458744e-02-4.377550896e-02-3.829527361e-02-3.187086499e-02
-2.452478281e-02-1.633066954e-02-7.430845565e-03 1.946518954e-03 1.147446496e-02
 2.081075837e-02 2.990331719e-02 3.868383410e-02 4.706840676e-02 5.496070671e-02
 6.225859624e-02 6.886428241e-02 7.469668916e-02 7.970336171e-02 8.386868695e-02
 8.721594013e-02 8.980251924e-02 9.170999663e-02 9.303217709e-02 9.386437103e-02
 9.429578803e-02 9.440536436e-02 9.426032139e-02 9.391639071e-02 9.341534645e-02
 1.632820585e-03 3.698158808e-03 6.594388558e-03 1.031938583e-02 1.455713543e-02
 1.623968571e-02 1.459171616e-02 1.241983595e-02 9.982202272e-03 7.266074197e-03
 4.284904079e-03 1.059797358e-03-2.383817519e-03-6.016448183e-03-9.804881027e-03
-1.371260896e-02-1.770033346e-02-2.172652183e-02-2.574799384e-02-2.972050640e-02
-3.359930219e-02-3.733958721e-02-4.089690441e-02-4.422737450e-02-4.728778181e-02
-5.003549146e-02-5.242819464e-02-5.442349068e-02-5.597832951e-02-5.704835535e-02
-5.758721497e-02-5.754592242e-02-5.687241020e-02-5.551144677e-02-5.340516402e-02
-5.049451704e-02-4.672208641e-02-4.203671925e-02-3.640056084e-02-2.979900651e-02
-2.225392813e-02-1.384010109e-02-4.703971986e-03 4.917305332e-03 1.468044292e-02
 2.436559789e-02 3.392448990e-02 4.328152867e-02 5.232702048e-02 6.091335773e-02
 6.886046537e-02 7.597607141e-02 8.208932176e-02 8.708769370e-02 9.094434301e-02
 9.372492777e-02 9.556915995e-02 9.665414716e-02 9.715659215e-02 9.722852650e-02
 9.698924993e-02 9.652759157e-02 9.590801507e-02 9.517691165e-02 9.436931078e-02
 1.642621700e-03 3.720409625e-03 6.634221776e-03 1.038208909e-02 1.465697762e-02
 1.639418126e-02 1.474800351e-02 1.262903950e-02 1.024310425e-02 7.584716482e-03
 4.665014027e-03 1.504555045e-03-1.871816631e-03-5.435210055e-03-9.153010941e-03
-1.298928850e-02-1.690527524e-02-2.085990158e-02-2.481036046e-02-2.871267149e-02
-3.252221152e-02-3.619417711e-02-3.968394632e-02-4.294731119e-02-4.594055843e-02
-4.862038419e-02-5.094363916e-02-5.286691202e-02-5.434597442e-02-5.533512815e-02
-5.578651789e-02-5.564950275e-02-5.487021838e-02-5.339151291e-02-5.115350549e-02
-4.809509647e-02-4.415684841e-02-3.928574348e-02-3.344237744e-02-2.661111985e-02
-1.881357556e-02-1.012521103e-02-6.941297449e-04 9.240345023e-03 1.933237699e-02
 2.956324728e-02 3.991881908e-02 5.035638923e-02 6.077444679e-02 7.096389663e-02
 8.055826825e-02 8.906271387e-02 9.599592114e-02 1.010226445e-01 1.040606082e-01
 1.053407842e-01 1.053380969e-01 1.045690086e-01 1.034142886e-01 1.020955728e-01
 1.007280056e-01 9.936763688e-02 9.803962334e-02 9.675347931e-02 9.551317760e-02
 1.656168599e-03 3.751174000e-03 6.689313513e-03 1.046878863e-02 1.478577989e-02
 1.657515966e-02 1.497349341e-02 1.291933376e-02 1.060503969e-02 8.027136972e-03
 5.193300736e-03 2.123362700e-03-1.158618830e-03-4.624572045e-03-8.242708730e-03
-1.197790189e-02-1.579213500e-02-1.964500586e-02-2.349426164e-02-2.729633591e-02
-3.100685575e-02-3.458108558e-02-3.797427587e-02-4.114188863e-02-4.403967737e-02
-4.662360771e-02-4.884961454e-02-5.067320437e-02-5.204892602e-02-5.292975176e-02
-5.326643394e-02-5.300693304e-02-5.209605298e-02-5.047547153e-02-4.808442020e-02
-4.486134701e-02-4.074698378e-02-3.568931966e-02-2.965102652e-02-2.261983759e-02
-1.462216870e-02-5.739792218e-03 3.871445645e-03 1.396325623e-02 2.437410455e-02
 3.517908192e-02 4.647264055e-02 5.837345373e-02 7.102560445e-02 8.458311661e-02
 9.906857627e-02 1.113396498e-01 1.211313566e-01 1.265402072e-01 1.271645622e-01
 1.237364205e-01 1.184037536e-01 1.139049046e-01 1.101361900e-01 1.069567048e-01
 1.042430879e-01 1.018951655e-01 9.983403571e-02 9.799840077e-02 9.633665376e-02
 1.673141633e-03 3.789735749e-03 6.758400952e-03 1.057750293e-02 1.493136787e-02
 1.675184523e-02 1.526947559e-02 1.328527913e-02 1.106151023e-02 8.585999828e-03
 5.861799178e-03 2.907855583e-03-2.527365590e-04-3.592923651e-03-7.081954817e-03
-1.068572410e-02-1.436718322e-02-1.808680881e-02-2.180310203e-02-2.547309336e-02
-2.905282241e-02-3.249776116e-02-3.576315030e-02-3.880422172e-02-4.157628625e-02
-4.403467354e-02-4.613452138e-02-4.783042449e-02-4.907596835e-02-4.982319312e-02
-5.002205717e-02-4.962000166e-02-4.856175874e-02-4.678959795e-02-4.424427067e-02
-4.086698650e-02-3.660283268e-02-3.140610776e-02-2.524804879e-02-1.812732593e-02
-1.008337546e-02-1.212036737e-03 8.318139496e-03 1.825142403e-02 2.862024981e-02
 3.954654117e-02 5.120644160e-02 6.386110279e-02 7.790950835e-02 9.397390639e-02
 1.129204522e-01 1.295145987e-01 1.405697120e-01 1.454532719e-01 1.437241179e-01
 1.363034298e-01 1.264648530e-01 1.191584719e-01 1.136041151e-01 1.092486073e-01
 1.057327234e-01 1.028206117e-01 1.003531484e-01 9.821992815e-02 9.634603894e-02
 1.693099263e-03 3.835101760e-03 6.839725591e-03 1.070571372e-02 1.513777476e-02
 1.707079015e-02 1.558758676e-02 1.371758176e-02 1.160265356e-02 9.249984334e-03
 6.658127184e-03 3.844922266e-03 8.322938364e-04-2.353909215e-03-5.684160557e-03
-9.125570121e-03-1.264226100e-02-1.619579759e-02-1.974564617e-02-2.324964377e-02
-2.666444793e-02-2.994593845e-02-3.304954321e-02-3.593046350e-02-3.854378006e-02
-4.084442918e-02-4.278704877e-02-4.432570779e-02-4.541354888e-02-4.600239461e-02
-4.604239421e-02-4.548182019e-02-4.426716648e-02-4.234375126e-02-3.965708877e-02
-3.615536105e-02-3.179338225e-02-2.653848273e-02-2.037871130e-02-1.333361430e-02
-5.467503771e-03 3.095539635e-03 1.215646510e-02 2.153627234e-02 3.130652937e-02
 4.156216504e-02 5.243115238e-02 6.408948961e-02 7.678759517e-02 9.092393942e-02
 1.078960411e-01 1.234225849e-01 1.342212756e-01 1.368781904e-01 1.353251205e-01
 1.295994126e-01 1.214798413e-01 1.156529177e-01 1.110119475e-01 1.072175311e-01
 1.040542749e-01 1.013704653e-01 9.905566672e-02 9.702803473e-02 9.522381856e-02
 1.715462623e-03 3.885965133e-03 6.930962952e-03 1.084951717e-02 1.532946447e-02
 1.730717864e-02 1.598623519e-02 1.420601565e-02 1.221396330e-02 1.000115068e-02
 7.563663304e-03 4.915082793e-03 2.076215936e-03-9.283258893e-04-4.070330420e-03
-7.318255051e-03-1.063755857e-02-1.399108336e-02-1.733947166e-02-2.064159439e-02
-2.385496814e-02-2.693613454e-02-2.984097754e-02-3.252495717e-02-3.494324466e-02
-3.705075166e-02-3.880205791e-02-4.015125562e-02-4.105174620e-02-4.145604720e-02
-4.131569425e-02-4.058135633e-02-3.920332379e-02-3.713257656e-02-3.432269289e-02
-3.073291003e-02-2.633268332e-02-2.110808930e-02-1.507033892e-02-8.266425814e-03
-7.915420117e-04 7.197575991e-03 1.547069945e-02 2.395925517e-02 3.268926073e-02
 4.168453790e-02 5.096064128e-02 6.051029810e-02 7.027053586e-02 8.005090372e-02
 8.941036867e-02 9.762504356e-02 1.039794189e-01 1.080731819e-01 1.098648607e-01
 1.096938050e-01 1.082341608e-01 1.061819067e-01 1.039742765e-01 1.018142564e-01
 9.978149070e-02 9.789892069e-02 9.616440896e-02 9.456551741e-02 9.308702327e-02
 1.739502851e-03 3.940685193e-03 7.029201167e-03 1.100455983e-02 1.555587095e-02
 1.762010938e-02 1.639399498e-02 1.473452567e-02 1.287747252e-02 1.081842343e-02
 8.554604437e-03 6.092172835e-03 3.450881444e-03 6.541011101e-04-2.271327218e-03
-5.295308372e-03-8.384774676e-03-1.150402051e-02-1.461507257e-02-1.767807696e-02
-2.065168181e-02-2.349339388e-02-2.615988862e-02-2.860725682e-02-3.079117730e-02
-3.266701327e-02-3.418984226e-02-3.531444373e-02-3.599528700e-02-3.618658454e-02
-3.584250275e-02-3.491765455e-02-3.336803486e-02-3.115260022e-02-2.823573151e-02
-2.459084758e-02-2.020544034e-02-1.508773798e-02-9.275055050e-03-2.843714924e-03
 4.080084945e-03 1.131046673e-02 1.866047172e-02 2.612259899e-02 3.368275437e-02
 4.131530842e-02 4.897625379e-02 5.659331715e-02 6.405350829e-02 7.119207637e-02
 7.779305586e-02 8.361452591e-02 8.843941446e-02 9.213089236e-02 9.466744316e-02
 9.614616809e-02 9.675293757e-02 9.670940768e-02 9.622183113e-02 9.545323062e-02
 9.451951744e-02 9.349778055e-02 9.243703953e-02 9.136739736e-02 9.030945756e-02
 1.764306060e-03 3.997227777e-03 7.130895859e-03 1.116543556e-02 1.580643513e-02
 1.799050380e-02 1.681294126e-02 1.528397964e-02 1.357021733e-02 1.167589322e-02
 9.600001481e-03 7.341321111e-03 4.918157771e-03 2.352459989e-03-3.303990781e-04
-3.101856425e-03-5.930429443e-03-8.782018341e-03-1.162023707e-02-1.440676059e-02
-1.710167332e-02-1.966380258e-02-2.205102188e-02-2.422051265e-02-2.612897931e-02
-2.773282162e-02-2.898827998e-02-2.985158465e-02-3.027915807e-02-3.022794140e-02
-2.965594171e-02-2.852312454e-02-2.679280600e-02-2.443372505e-02-2.142299376e-02
-1.775011347e-02-1.342219014e-02-8.470418358e-03-2.957734504e-03 3.013124027e-03
 9.292112807e-03 1.567453098e-02 2.212464720e-02 2.861524711e-02 3.511207007e-02
 4.157169244e-02 4.793898789e-02 5.414475572e-02 6.010451171e-02 6.572000655e-02
 7.088517258e-02 7.549720292e-02 7.947120173e-02 8.275447879e-02 8.533583263e-02
 8.724664412e-02 8.855345450e-02 8.934469881e-02 8.971608778e-02 8.975875971e-02
 8.955217112e-02 8.916142744e-02 8.863760469e-02 8.801948722e-02 8.733084307e-02
 1.788650147e-03 4.052879799e-03 7.231362547e-03 1.132500866e-02 1.602118118e-02
 1.825470465e-02 1.724980898e-02 1.582742205e-02 1.426131871e-02 1.253701846e-02
 1.065493481e-02 8.615346921e-03 6.427523698e-03 4.112552871e-03 1.694632586e-03
-7.990935657e-04-3.338734936e-03-5.891901788e-03-8.423985263e-03-1.089845963e-02
-1.327719388e-02-1.552076032e-02-1.758872992e-02-1.943994853e-02-2.103279488e-02
-2.232543077e-02-2.327606542e-02-2.384327177e-02-2.398640932e-02-2.366622854e-02
-2.284575492e-02-2.149157089e-02-1.957563278e-02-1.707776850e-02-1.398899093e-02
-1.031573651e-02-6.085083732e-03-1.350676103e-03 3.801366844e-03 9.245985329e-03
 1.480884726e-02 2.044565066e-02 2.612161993e-02 3.179779608e-02 3.743089186e-02
 4.297293952e-02 4.837126144e-02 5.356897371e-02 5.850631250e-02 6.312302647e-02
 6.736191275e-02 7.117326368e-02 7.451958578e-02 7.737962518e-02 7.975069255e-02
 8.164861783e-02 8.310528211e-02 8.416432546e-02 8.487605070e-02 8.529257941e-02
 8.546401313e-02 8.543590662e-02 8.524798095e-02 8.493386783e-02 8.452475766e-02
 1.810809481e-03 4.103780178e-03 7.323821417e-03 1.147307822e-02 1.625381903e-02
 1.860721144e-02 1.764040814e-02 1.633685718e-02 1.491905431e-02 1.336432989e-02
 1.167726648e-02 9.860958073e-03 7.918336514e-03 5.867275126e-03 3.730771843e-03
 1.534531843e-03-6.932238616e-04-2.921963344e-03-5.119087341e-03-7.250196004e-03
-9.279370109e-03-1.116945811e-02-1.288236402e-02-1.437933610e-02-1.562126370e-02
-1.656899918e-02-1.718373446e-02-1.742747350e-02-1.726366099e-02-1.665804320e-02
-1.557985167e-02-1.400341970e-02-1.191034682e-02-9.292323988e-03-6.154715267e-03
-2.520847896e-03 1.563288120e-03 6.023457648e-03 1.075239436e-02 1.563030999e-02
 2.062060863e-02 2.568260441e-02 3.077131023e-02 3.583845220e-02 4.083346345e-02
 4.570444884e-02 5.039918981e-02 5.486686719e-02 5.906049424e-02 6.293944503e-02
 6.647150806e-02 6.963420781e-02 7.241539074e-02 7.481317690e-02 7.683536812e-02
 7.849836341e-02 7.982563410e-02 8.084586684e-02 8.159095407e-02 8.209404822e-02
 8.238787422e-02 8.250342668e-02 8.246909262e-02 8.231013895e-02 8.204764903e-02
 1.828355643e-03 4.144490110e-03 7.398780603e-03 1.159510312e-02 1.643251013e-02
 1.885438748e-02 1.801185512e-02 1.679379250e-02 1.550683076e-02 1.411170547e-02
 1.261086514e-02 1.101038564e-02 9.315641327e-03 7.534513898e-03 5.688870739e-03
 3.802916677e-03 1.903119178e-03 1.798818168e-05-1.822154662e-03-3.585429165e-03
-5.238661024e-03-6.747654627e-03-8.077474393e-03-9.192741099e-03-1.005795707e-02
-1.063788392e-02-1.089800528e-02-1.080512676e-02-1.032816718e-02-9.439213266e-03
-8.114935395e-03-6.338449861e-03-4.101688009e-03-1.408290330e-03 1.722901379e-03
 5.253752066e-03 9.123343166e-03 1.323289325e-02 1.755078156e-02 2.204211070e-02
 2.666797336e-02 3.138077270e-02 3.612184147e-02 4.082430219e-02 4.542677265e-02
 4.987197525e-02 5.409895001e-02 5.804863075e-02 6.167299027e-02 6.494091263e-02
 6.783963052e-02 7.037236921e-02 7.255386399e-02 7.440566574e-02 7.595250871e-02
 7.722007831e-02 7.823389170e-02 7.901882350e-02 7.959889805e-02 7.999713532e-02
 8.023537477e-02 8.033408078e-02 8.031216165e-02 8.018680747e-02 7.997276447e-02
 1.837971102e-03 4.167388507e-03 7.442491928e-03 1.166964724e-02 1.654427515e-02
 1.901182866e-02 1.828521572e-02 1.715984033e-02 1.597892207e-02 1.471968048e-02
 1.338801768e-02 1.198963949e-02 1.053093383e-02 9.018675588e-03 7.465645366e-03
 5.894712847e-03 4.330608153e-03 2.799718879e-03 1.329817415e-03-5.019818545e-05
-1.310565715e-03-2.420922206e-03-3.350576701e-03-4.068802426e-03-4.545166889e-03
-4.749928653e-03-4.654553874e-03-4.232387226e-03-3.459538759e-03-2.316031636e-03
-7.872469963e-04 1.134106427e-03 3.445526110e-03 6.132433909e-03 9.163935914e-03
 1.248078348e-02 1.607040248e-02 1.991751925e-02 2.400523060e-02 2.831254815e-02
 3.281140530e-02 3.746010876e-02 4.224228792e-02 4.684741254e-02 5.131286302e-02
 5.564598211e-02 5.969890662e-02 6.335133888e-02 6.652476765e-02 6.919430293e-02
 7.138594886e-02 7.315898762e-02 7.458335875e-02 7.572333064e-02 7.663073091e-02
 7.734461625e-02 7.789370972e-02 7.829938845e-02 7.857823484e-02 7.874387336e-02
 7.880814373e-02 7.878177025e-02 7.867469454e-02 7.849627747e-02 7.825860595e-02
 1.835927637e-03 4.163467689e-03 7.437356634e-03 1.166594983e-02 1.656949671e-02
 1.910375975e-02 1.835610659e-02 1.730902524e-02 1.622545227e-02 1.509569265e-02
 1.392265017e-02 1.271281170e-02 1.147438383e-02 1.021657368e-02 8.949212703e-03
 7.688792154e-03 6.458615956e-03 5.282935958e-03 4.186696399e-03 3.195250988e-03
 2.334103538e-03 1.628651472e-03 1.103927245e-03 7.843260893e-04 6.933096566e-04
 8.530600544e-04 1.284059042e-03 2.004342284e-03 3.028556767e-03 4.366967019e-03
 6.024659782e-03 7.998979498e-03 1.027334251e-02 1.282664613e-02 1.566457235e-02
 1.878521249e-02 2.218868973e-02 2.587654595e-02 2.985186963e-02 3.412115611e-02
 3.870138654e-02 4.350570155e-02 4.835321909e-02 5.336463197e-02 5.844111638e-02
 6.338772719e-02 6.789496696e-02 7.163426745e-02 7.441389190e-02 7.623515119e-02
 7.729195287e-02 7.786127780e-02 7.815276295e-02 7.829189284e-02 7.834714928e-02
 7.835168362e-02 7.831899249e-02 7.825282435e-02 7.815281175e-02 7.801742009e-02
 7.784535716e-02 7.763614458e-02 7.739024914e-02 7.710890356e-02 7.678881357e-02
 1.819904214e-03 4.127128666e-03 7.372030897e-03 1.156134570e-02 1.639037560e-02
 1.880147299e-02 1.802464138e-02 1.710562223e-02 1.615646098e-02 1.516223120e-02
 1.413805914e-02 1.309849206e-02 1.205749871e-02 1.102867280e-02 1.002530697e-02
 9.060527868e-03 8.152547079e-03 7.323496557e-03 6.595092527e-03 5.988393853e-03
 5.523550284e-03 5.219568075e-03 5.094039831e-03 5.162871625e-03 5.440052995e-03
 5.937595105e-03 6.665791673e-03 7.632047438e-03 8.838976324e-03 1.028132111e-02
 1.195709373e-02 1.387507549e-02 1.604051040e-02 1.845849870e-02 2.113784715e-02
 2.408958378e-02 2.732721793e-02 3.086723354e-02 3.472963252e-02 3.893800316e-02
 4.351603548e-02 4.847704140e-02 5.386368284e-02 5.977801446e-02 6.635316301e-02
 7.396583652e-02 8.112695342e-02 8.599175651e-02 8.818925040e-02 8.763954040e-02
 8.552974472e-02 8.380164531e-02 8.237058109e-02 8.120812315e-02 8.027778306e-02
 7.952536533e-02 7.890253855e-02 7.837064011e-02 7.790004845e-02 7.746858894e-02
 7.705995216e-02 7.666237857e-02 7.626764860e-02 7.587041868e-02 7.547056436e-02
 1.789633959e-03 4.059034541e-03 7.251494306e-03 1.137374693e-02 1.612539652e-02
 1.845096533e-02 1.757272910e-02 1.667899203e-02 1.581014215e-02 1.490351472e-02
 1.398484182e-02 1.307505759e-02 1.219327613e-02 1.135707966e-02 1.058273131e-02
 9.885363240e-03 9.279263847e-03 8.781095559e-03 8.408665439e-03 8.177676983e-03
 8.101568466e-03 8.191393128e-03 8.455398877e-03 8.898447225e-03 9.521162407e-03
 1.031850959e-02 1.129162073e-02 1.244081991e-02 1.376545394e-02 1.526521435e-02
 1.694252681e-02 1.880416649e-02 2.086069768e-02 2.312639023e-02 2.561899102e-02
 2.836011488e-02 3.137574582e-02 3.469547441e-02 3.835220504e-02 4.238372942e-02
 4.683771640e-02 5.178207204e-02 5.732157872e-02 6.362277237e-02 7.095168637e-02
 7.962651499e-02 8.748095676e-02 9.265651787e-02 9.519405548e-02 9.502391446e-02
 9.197628434e-02 8.785377711e-02 8.493749589e-02 8.283227602e-02 8.124495023e-02
 8.000169857e-02 7.899391674e-02 7.815062044e-02 7.742365092e-02 7.677934751e-02
 7.619362874e-02 7.564895482e-02 7.513235747e-02 7.463398923e-02 7.414577144e-02
 1.742975240e-03 3.955392650e-03 7.071877870e-03 1.110351161e-02 1.576549192e-02
 1.801097556e-02 1.701523009e-02 1.607402701e-02 1.517082330e-02 1.426664656e-02
 1.338338836e-02 1.254432484e-02 1.177137585e-02 1.108453545e-02 1.050164915e-02
 1.003842877e-02 9.708622201e-03 9.524342383e-03 9.496770199e-03 9.634495305e-03
 9.941882070e-03 1.042125563e-02 1.107122903e-02 1.188642506e-02 1.285754124e-02
 1.397210430e-02 1.521662236e-02 1.657790803e-02 1.804500562e-02 1.961139631e-02
 2.127690009e-02 2.304851715e-02 2.494074847e-02 2.698557227e-02 2.920790433e-02
 3.162420492e-02 3.429338900e-02 3.725685647e-02 4.055785870e-02 4.423132759e-02
 4.829441087e-02 5.279152202e-02 5.777775411e-02 6.331805260e-02 6.949142436e-02
 7.646322710e-02 8.278934045e-02 8.721765456e-02 8.971540550e-02 9.018900264e-02
 8.848108733e-02 8.577160700e-02 8.364727358e-02 8.191472768e-02 8.047735669e-02
 7.926255290e-02 7.821728022e-02 7.730252595e-02 7.648908464e-02 7.575462394e-02
 7.508171617e-02 7.445651980e-02 7.386787268e-02 7.330657822e-02 7.276189199e-02
 1.672357620e-03 3.799011720e-03 6.801863153e-03 1.069839647e-02 1.519607165e-02
 1.725223277e-02 1.616554377e-02 1.508506663e-02 1.407601190e-02 1.309587115e-02
 1.217576339e-02 1.134475297e-02 1.062900878e-02 1.005104897e-02 9.629414283e-03
 9.378796544e-03 9.310474582e-03 9.432794747e-03 9.751466312e-03 1.026935028e-02
 1.098590728e-02 1.189658907e-02 1.299172428e-02 1.425536788e-02 1.566445796e-02
 1.718886811e-02 1.879304152e-02 2.043974649e-02 2.209592183e-02 2.373946627e-02
 2.536150720e-02 2.696826563e-02 2.864629358e-02 3.037277746e-02 3.219339857e-02
 3.414541613e-02 3.631189983e-02 3.874302096e-02 4.149230162e-02 4.459625178e-02
 4.805173629e-02 5.186948764e-02 5.603142925e-02 6.047120351e-02 6.505174720e-02
 6.953820927e-02 7.360647343e-02 7.693542211e-02 7.931409496e-02 8.067824235e-02
 8.112286029e-02 8.088609044e-02 8.024436857e-02 7.940702526e-02 7.849932624e-02
 7.758887922e-02 7.670976662e-02 7.587716075e-02 7.509565060e-02 7.436402873e-02
 7.367808266e-02 7.303223149e-02 7.242048394e-02 7.183712331e-02 7.128255355e-02
 1.564275623e-03 3.559857742e-03 6.389242827e-03 1.007953057e-02 1.436648898e-02
 1.622333973e-02 1.483631829e-02 1.352467494e-02 1.230854299e-02 1.115960603e-02
 1.012108571e-02 9.232455803e-03 8.527228022e-03 8.030911216e-03 7.760683933e-03
 7.726754148e-03 7.934554014e-03 8.386767820e-03 9.084542887e-03 1.002770431e-02
 1.121405883e-02 1.263784770e-02 1.428725809e-02 1.614081720e-02 1.816269923e-02
 2.029780967e-02 2.246933557e-02 2.458371563e-02 2.654787680e-02 2.828858808e-02
 2.984869379e-02 3.122049553e-02 3.244871481e-02 3.362021832e-02 3.481433572e-02
 3.610279426e-02 3.755130452e-02 3.922500203e-02 4.119408412e-02 4.353279399e-02
 4.630505748e-02 4.953782926e-02 5.319483842e-02 5.716764855e-02 6.128653179e-02
 6.533925368e-02 6.909063014e-02 7.230985543e-02 7.481308357e-02 7.651109777e-02
 7.743409481e-02 7.771210285e-02 7.752108638e-02 7.702910672e-02 7.636741258e-02
 7.562593471e-02 7.486083370e-02 7.410445894e-02 7.337367329e-02 7.267577101e-02
 7.201238030e-02 7.138194009e-02 7.078123645e-02 7.020621769e-02 6.964569488e-02
 1.397221245e-03 3.190300018e-03 5.753006052e-03 9.130135976e-03 1.306431902e-02
 1.454313543e-02 1.282867282e-02 1.114424128e-02 9.571522284e-03 8.126856383e-03
 6.859346941e-03 5.835722511e-03 5.106990596e-03 4.700138924e-03 4.619404548e-03
 4.855727283e-03 5.397146344e-03 6.235151816e-03 7.366511116e-03 8.792464043e-03
 1.051704787e-02 1.254522751e-02 1.488036659e-02 1.751943696e-02 2.044283345e-02
 2.359382858e-02 2.684382372e-02 2.995615737e-02 3.260114200e-02 3.457710220e-02
 3.581366492e-02 3.642797932e-02 3.670709039e-02 3.688601177e-02 3.710164996e-02
 3.741633003e-02 3.785511449e-02 3.844218151e-02 3.924863788e-02 4.045824270e-02
 4.237351788e-02 4.523644659e-02 4.903244756e-02 5.349079651e-02 5.827814942e-02
 6.313889850e-02 6.782340647e-02 7.195100590e-02 7.502934670e-02 7.674739819e-02
 7.721926404e-02 7.688634518e-02 7.617878476e-02 7.534202365e-02 7.448496830e-02
 7.365164454e-02 7.285858218e-02 7.211053523e-02 7.140693691e-02 7.074470715e-02
 7.011959589e-02 6.952689199e-02 6.896183351e-02 6.841993103e-02 6.790060866e-02
 1.139625406e-03 2.614024875e-03 4.750351066e-03 7.629560659e-03 1.105221342e-02
 1.207871057e-02 1.000846130e-02 7.721959496e-03 5.554483223e-03 3.534505065e-03
 1.794391338e-03 4.987248892e-04-2.371030659e-04-4.137057220e-04-1.178827708e-04
 5.566156443e-04 1.554639240e-03 2.858683297e-03 4.473277784e-03 6.413024969e-03
 8.697575146e-03 1.135228221e-02 1.441284809e-02 1.793284021e-02 2.199321605e-02
 2.670940966e-02 3.220461248e-02 3.833635905e-02 4.359098480e-02 4.601352203e-02
 4.532264395e-02 4.311591948e-02 4.117876039e-02 3.978572554e-02 3.882200738e-02
 3.813367152e-02 3.756074879e-02 3.690826457e-02 3.587244843e-02 3.383231181e-02
 3.315640176e-02 3.579046252e-02 4.209564622e-02 4.910449107e-02 5.550488062e-02
 6.198224837e-02 6.919595966e-02 7.844425767e-02 8.395235035e-02 8.477921420e-02
 8.056804580e-02 7.724847986e-02 7.508620269e-02 7.353713067e-02 7.234350106e-02
 7.137103901e-02 7.054451003e-02 6.981904560e-02 6.916634622e-02 6.856761455e-02
 6.800975084e-02 6.748315806e-02 6.698037183e-02 6.649539670e-02 6.602574383e-02
 7.740136906e-04 1.764522222e-03 3.185718004e-03 5.112202803e-03 7.505699380e-03
 7.897990468e-03 5.527231100e-03 2.907609377e-03 1.761474154e-05-3.237010183e-03
-6.443874186e-03-8.525518946e-03-8.856879119e-03-7.836261609e-03-6.468320422e-03
-5.034164063e-03-3.475402095e-03-1.698245360e-03 3.736240642e-04 2.788908152e-03
 5.574817120e-03 8.751555637e-03 1.235024363e-02 1.643311024e-02 2.112126925e-02
 2.664729312e-02 3.348377865e-02 4.276697300e-02 5.170674157e-02 5.458724244e-02
 5.110067934e-02 4.548986350e-02 4.232080885e-02 4.034526861e-02 3.904197269e-02
 3.812557251e-02 3.740190857e-02 3.670759389e-02 3.589857452e-02 3.504492502e-02
 3.534579406e-02 3.772226254e-02 4.206307353e-02 4.746520884e-02 5.296903288e-02
 5.861776832e-02 6.457863858e-02 7.051516360e-02 7.484844478e-02 7.626436242e-02
 7.486783638e-02 7.287029443e-02 7.127566507e-02 7.005823538e-02 6.910572534e-02
 6.833342909e-02 6.768379806e-02 6.711741684e-02 6.660978878e-02 6.614079239e-02
 6.569975909e-02 6.527855715e-02 6.487151301e-02 6.446905662e-02 6.406183016e-02
 3.789940848e-04 8.237774940e-04 1.367911160e-03 1.883578283e-03 2.111084749e-03
 1.693742467e-03 4.197483686e-04-1.711051321e-03-4.757974937e-03-9.089797372e-03
-1.459950436e-02-1.767028157e-02-1.771169297e-02-1.449817128e-02-1.241582158e-02
-1.082991060e-02-9.243387540e-03-7.346769475e-03-4.981905847e-03-2.124005665e-03
 1.167574425e-03 4.811926060e-03 8.748107699e-03 1.294611692e-02 1.739603929e-02
 2.207723239e-02 2.688872213e-02 3.151614217e-02 3.535178341e-02 3.780639099e-02
 3.877109502e-02 3.870989501e-02 3.823726209e-02 3.773482032e-02 3.734339336e-02
 3.710113921e-02 3.701709105e-02 3.710813620e-02 3.744014138e-02 3.814207521e-02
 3.938988164e-02 4.130975616e-02 4.389258046e-02 4.699767674e-02 5.042049334e-02
 5.395930823e-02 5.740057669e-02 6.048052950e-02 6.291535698e-02 6.452128895e-02
 6.533077403e-02 6.556416122e-02 6.547641178e-02 6.524605399e-02 6.496662439e-02
 6.467905115e-02 6.439704652e-02 6.412211647e-02 6.385082699e-02 6.357787746e-02
 6.329817840e-02 6.300863776e-02 6.271571154e-02 6.241133804e-02 6.209578064e-02
 9.470286461e-05 1.749023908e-04 2.091521573e-04 1.128403607e-04-2.216950581e-04
-9.079614304e-04-2.040778807e-03-3.679612531e-03-5.830129510e-03-8.424030066e-03
-1.111225904e-02-1.332166890e-02-1.471386353e-02-1.549080157e-02-1.612187761e-02
-1.665247805e-02-1.657249220e-02-1.523157030e-02-1.241645050e-02-8.515160900e-03
-4.139131972e-03 3.281421142e-04 4.740092340e-03 9.052074854e-03 1.324107363e-02
 1.726740681e-02 2.105491203e-02 2.448744251e-02 2.743211499e-02 2.979031123e-02
 3.154810714e-02 3.278714013e-02 3.364791743e-02 3.427777316e-02 3.479869208e-02
 3.530178374e-02 3.585627238e-02 3.652133740e-02 3.735437836e-02 3.841188491e-02
 3.974114422e-02 4.136580202e-02 4.327352894e-02 4.541324062e-02 4.770212135e-02
 5.003654516e-02 5.230231376e-02 5.438604946e-02 5.619186071e-02 5.766108006e-02
 5.878461094e-02 5.959831835e-02 6.016357047e-02 6.054521347e-02 6.079737787e-02
 6.095878868e-02 6.105392808e-02 6.109631919e-02 6.109196817e-02 6.104234673e-02
 6.094683252e-02 6.080411582e-02 6.063184955e-02 6.042056294e-02 6.016455250e-02
-5.078791090e-05-1.400281193e-04-3.109726459e-04-6.063205383e-04-1.074353992e-03
-1.761874012e-03-2.705411600e-03-3.919831297e-03-5.390541146e-03-7.080083031e-03
-8.926443624e-03-1.088861716e-02-1.302033939e-02-1.556275088e-02-1.903940783e-02
-2.457486288e-02-3.053455365e-02-3.039049019e-02-2.423720224e-02-1.499400158e-02
-8.239452443e-03-2.669040871e-03 2.210002296e-03 6.613667821e-03 1.063839043e-02
 1.431956522e-02 1.765918886e-02 2.064325457e-02 2.325631076e-02 2.549458292e-02
 2.737527554e-02 2.893889420e-02 3.024413863e-02 3.135862005e-02 3.234998758e-02
 3.328034234e-02 3.420414563e-02 3.516815349e-02 3.621158807e-02 3.736528418e-02
 3.864948600e-02 4.007098427e-02 4.162092952e-02 4.327453649e-02 4.499312793e-02
 4.672818221e-02 4.842676691e-02 5.003781443e-02 5.151856193e-02 5.283994866e-02
 5.398941307e-02 5.497008602e-02 5.579676124e-02 5.649026970e-02 5.707211178e-02
 5.756048933e-02 5.796798705e-02 5.830068065e-02 5.855847613e-02 5.873671736e-02
 5.882909725e-02 5.883109494e-02 5.876101092e-02 5.861613159e-02 5.840659043e-02
-1.040751370e-04-2.487272605e-04-4.745994413e-04-8.018177391e-04-1.252000589e-03
-1.845163617e-03-2.596620476e-03-3.513110085e-03-4.586607123e-03-5.822936632e-03
-7.222572772e-03-8.803602631e-03-1.061936014e-02-1.277552274e-02-1.538854049e-02
-1.834556754e-02-2.047542814e-02-1.998804367e-02-1.658126721e-02-1.148526093e-02
-6.331075818e-03-1.553801376e-03 2.827084273e-03 6.834756250e-03 1.047801521e-02
 1.375582030e-02 1.667079018e-02 1.923746417e-02 2.148258854e-02 2.344095024e-02
 2.515126429e-02 2.665389555e-02 2.798977895e-02 2.919950335e-02 3.032218955e-02
 3.139432088e-02 3.244874239e-02 3.351385867e-02 3.461290650e-02 3.576317550e-02
 3.697517703e-02 3.825193029e-02 3.958864303e-02 4.097305074e-02 4.238655284e-02
 4.380611202e-02 4.520672892e-02 4.656418888e-02 4.785769259e-02 4.907194109e-02
 5.019829594e-02 5.123481242e-02 5.218519932e-02 5.305697267e-02 5.385912703e-02
 5.459952503e-02 5.528199043e-02 5.590298109e-02 5.644810829e-02 5.689035154e-02
 5.719459975e-02 5.733312391e-02 5.730429598e-02 5.714502753e-02 5.689460174e-02
-1.087045339e-04-2.521470622e-04-4.635100204e-04-7.512519690e-04-1.123982748e-03
-1.589053383e-03-2.151258735e-03-2.809962370e-03-3.555743113e-03-4.389899223e-03
-5.303251638e-03-6.277800041e-03-7.288748698e-03-8.285383233e-03-9.156501937e-03
-9.700353012e-03-9.635639973e-03-8.708479611e-03-6.837767345e-03-4.159497796e-03
-9.322222758e-04 2.587581460e-03 6.189070280e-03 9.684717051e-03 1.289508376e-02
 1.568281268e-02 1.800612291e-02 1.992427948e-02 2.154401072e-02 2.296274829e-02
 2.424756516e-02 2.543995063e-02 2.656644356e-02 2.764645991e-02 2.869640672e-02
 2.973128930e-02 3.076496983e-02 3.180980448e-02 3.287604938e-02 3.397123636e-02
 3.509963759e-02 3.626191256e-02 3.745502068e-02 3.867246183e-02 3.990486796e-02
 4.114091620e-02 4.236847984e-02 4.357588953e-02 4.475315202e-02 4.589297556e-02
 4.699148317e-02 4.804855369e-02 4.906779718e-02 5.005621660e-02 5.102359076e-02
 5.198147508e-02 5.294132292e-02 5.391021592e-02 5.488002882e-02 5.579930421e-02
 5.651695310e-02 5.680564123e-02 5.662965038e-02 5.619087881e-02 5.565588138e-02
-9.116316384e-05-2.085753676e-04-3.765541353e-04-5.973941650e-04-8.727763770e-04
-1.202958329e-03-1.585863185e-03-2.013942174e-03-2.473526963e-03-2.955800032e-03
-3.440467959e-03-3.895641584e-03-4.282105282e-03-4.542475049e-03-4.598777953e-03
-4.355920486e-03-3.713943141e-03-2.588727371e-03-9.314325721e-04 1.266143399e-03
 3.984516277e-03 7.195679854e-03 1.085857971e-02 1.480904938e-02 1.840549997e-02
 2.081125430e-02 2.190633267e-02 2.236860177e-02 2.278447084e-02 2.332018710e-02
 2.397754779e-02 2.472675092e-02 2.554050387e-02 2.639968523e-02 2.729254059e-02
 2.821276494e-02 2.915767364e-02 3.012668302e-02 3.112010377e-02 3.213821478e-02
 3.318059104e-02 3.424567101e-02 3.533055598e-02 3.643103345e-02 3.754180815e-02
 3.865691101e-02 3.977024189e-02 4.087619089e-02 4.197028092e-02 4.304978276e-02
 4.411427647e-02 4.516616928e-02 4.621123233e-02 4.725929095e-02 4.832531648e-02
 4.943137400e-02 5.061031633e-02 5.191314504e-02 5.342476713e-02 5.530537484e-02
 5.783951533e-02 5.857930762e-02 5.686823473e-02 5.537695856e-02 5.431371467e-02
-6.589234595e-05-1.493474505e-04-2.661672447e-04-4.154995326e-04-5.954664481e-04
-8.026207347e-04-1.031414436e-03-1.273196967e-03-1.503229595e-03-1.718768738e-03
-1.893882809e-03-1.999652206e-03-2.007171426e-03-1.875016082e-03-1.555025659e-03
-9.951923185e-04-1.436955397e-04 1.047670435e-03 2.622210862e-03 4.622218610e-03
 7.103182102e-03 1.016608772e-02 1.402724904e-02 1.927058512e-02 2.486016359e-02
 2.721374631e-02 2.628454865e-02 2.401540772e-02 2.324734261e-02 2.313382770e-02
 2.337499591e-02 2.383206244e-02 2.442990329e-02 2.512420567e-02 2.588757685e-02
 2.670266957e-02 2.755834831e-02 2.844734430e-02 2.936472274e-02 3.030684228e-02
 3.127064618e-02 3.225319949e-02 3.325142368e-02 3.426199680e-02 3.528139396e-02
 3.630604295e-02 3.733256897e-02 3.835810135e-02 3.938061796e-02 4.039930969e-02
 4.141496055e-02 4.243035865e-02 4.345078264e-02 4.448465056e-02 4.554448489e-02
 4.664845775e-02 4.782296884e-02 4.910702282e-02 5.055969790e-02 5.227216674e-02
 5.470358949e-02 5.537321561e-02 5.395915984e-02 5.271436008e-02 5.178755279e-02
-4.031645927e-05-9.050506783e-05-1.591046542e-04-2.439693884e-04-3.419031517e-04
-4.483348393e-04-5.568030767e-04-6.557826847e-04-7.262070358e-04-7.552540286e-04
-7.260882364e-04-6.210536490e-04-4.204507359e-04-9.771655665e-05 3.830052447e-04
 1.058534684e-03 1.946155487e-03 3.072826733e-03 4.463305338e-03 6.137842825e-03
 8.110565475e-03 1.038233525e-02 1.290710403e-02 1.552169073e-02 1.786805197e-02
 1.955559741e-02 2.047905701e-02 2.089276429e-02 2.115523366e-02 2.146204255e-02
 2.186831444e-02 2.237455010e-02 2.296652929e-02 2.362852170e-02 2.434696920e-02
 2.511109737e-02 2.591260170e-02 2.674511190e-02 2.760366575e-02 2.848426511e-02
 2.938352855e-02 3.029843615e-02 3.122616090e-02 3.216398205e-02 3.310927239e-02
 3.405954816e-02 3.501256787e-02 3.596646457e-02 3.691989610e-02 3.787219760e-02
 3.882352066e-02 3.977494061e-02 4.072850380e-02 4.168715997e-02 4.265446008e-02
 4.363374831e-02 4.462623452e-02 4.562658940e-02 4.661329932e-02 4.753007494e-02
 4.826595000e-02 4.868827322e-02 4.876062278e-02 4.858433746e-02 4.829012629e-02
-1.781197345e-05-3.920881554e-05-6.694790886e-05-9.861141769e-05-1.309486777e-04
-1.598569964e-04-1.804955369e-04-1.853930826e-04-1.541032370e-04-5.145720567e-05
 1.063201915e-04 3.296401515e-04 6.350171474e-04 1.037353242e-03 1.575844158e-03
 2.253220177e-03 3.080277715e-03 4.068097558e-03 5.222835647e-03 6.542727631e-03
 8.014244534e-03 9.606319787e-03 1.126321760e-02 1.290316810e-02 1.443045310e-02
 1.576490179e-02 1.687407613e-02 1.778236686e-02 1.854976424e-02 1.924028742e-02
 1.990261305e-02 2.056672198e-02 2.124828208e-02 2.195400533e-02 2.268566128e-02
 2.344250021e-02 2.422264018e-02 2.502374040e-02 2.584329285e-02 2.667883473e-02
 2.752803345e-02 2.838869314e-02 2.925869195e-02 3.013596173e-02 3.101851032e-02
 3.190441620e-02 3.279189858e-02 3.367933416e-02 3.456530266e-02 3.544861054e-02
 3.632824053e-02 3.720329376e-02 3.807276062e-02 3.893517502e-02 3.978800037e-02
 4.062666369e-02 4.144314496e-02 4.222408760e-02 4.294902384e-02 4.359018197e-02
 4.411649845e-02 4.450319113e-02 4.474223676e-02 4.484490032e-02 4.483832955e-02
 4.626369199e-07 2.246686676e-06 7.035058961e-06 1.718522808e-05 3.580269257e-05
 6.677716621e-05 1.148076329e-04 1.848717704e-04 2.946598427e-04 4.562310288e-04
 6.788583212e-04 9.544880649e-04 1.310972124e-03 1.744931587e-03 2.269915626e-03
 2.901918441e-03 3.628530819e-03 4.478624310e-03 5.425297101e-03 6.472537911e-03
 7.607772793e-03 8.792458801e-03 1.002737542e-02 1.124471168e-02 1.243006099e-02
 1.354789113e-02 1.457182983e-02 1.552895702e-02 1.639487715e-02 1.721714654e-02
 1.799611168e-02 1.874672720e-02 1.950326131e-02 2.024046558e-02 2.100241672e-02
 2.176178041e-02 2.252983880e-02 2.331942611e-02 2.410131014e-02 2.491344976e-02
 2.571847848e-02 2.653450985e-02 2.736046448e-02 2.817493761e-02 2.901455897e-02
 2.983653994e-02 3.066846985e-02 3.149699888e-02 3.231017091e-02 3.313836328e-02
 3.393871176e-02 3.474665939e-02 3.553566526e-02 3.630367507e-02 3.706893778e-02
 3.779020813e-02 3.849799966e-02 3.915709633e-02 3.975760919e-02 4.031207869e-02
 4.077214782e-02 4.116746180e-02 4.147056487e-02 4.168199013e-02 4.183371988e-02
 0.169305431E+01 0.170988258E+01 0.172473540E+01 0.174000606E+01 0.175551434E+01
 0.177123291E+01 0.178723784E+01 0.180354966E+01 0.182022509E+01 0.183732592E+01
 0.185490016E+01 0.187300278E+01 0.189168611E+01 0.191099801E+01 0.193101022E+01
 0.195178063E+01 0.197335645E+01 0.199578141E+01 0.201914206E+01 0.204351163E+01
 0.206894876E+01 0.209551167E+01 0.212326124E+01 0.215230518E+01 0.218274014E+01
 0.221464889E+01 0.224811599E+01 0.228323137E+01 0.232011571E+01 0.235892270E+01
 0.239978796E+01 0.244284882E+01 0.248825054E+01 0.253615526E+01 0.258677130E+01
 0.264034094E+01 0.269710349E+01 0.275731788E+01 0.282127022E+01 0.288927818E+01
 0.296171463E+01 0.303902927E+01 0.312171054E+01 0.321029862E+01 0.330540422E+01
 0.340773323E+01 0.351811561E+01 0.363752266E+01 0.376707901E+01 0.390811708E+01
 0.406221452E+01 0.423124722E+01 0.441750440E+01 0.462381643E+01 0.485372103E+01
 0.511173792E+01 0.540375736E+01 0.573740029E+01 0.612301735E+01 0.657566517E+01
 0.711880729E+01 0.779221514E+01 0.867347517E+01 0.996787772E+01 0.167372812E+02
  361   98
 0.572913324E+00 0.119441395E+01 0.566340571E+00 0.118045882E+01 0.559760958E+00
 0.116650693E+01 0.553190206E+00 0.115255087E+01 0.546634006E+00 0.113858796E+01
 0.540097295E+00 0.112461592E+01 0.533587088E+00 0.111063151E+01 0.527112790E+00
 0.109663045E+01 0.520684914E+00 0.108260801E+01 0.514311840E+00 0.106856058E+01
 0.508000056E+00 0.105448551E+01 0.501755892E+00 0.104038032E+01 0.495585212E+00
 0.102624282E+01 0.489493334E+00 0.101207119E+01 0.483484352E+00 0.997864218E+00
 0.477561548E+00 0.983621103E+00 0.471728369E+00 0.969341051E+00 0.465987478E+00
 0.955023648E+00 0.460341001E+00 0.940668749E+00 0.454790295E+00 0.926276547E+00
 0.449336006E+00 0.911847529E+00 0.443979752E+00 0.897381834E+00 0.438723745E+00
 0.882879416E+00 0.433570108E+00 0.868340305E+00 0.428519786E+00 0.853764985E+00
 0.423572656E+00 0.839154316E+00 0.418728972E+00 0.824509029E+00 0.413991276E+00
 0.809829114E+00 0.409363020E+00 0.795114331E+00 0.404846607E+00 0.780364836E+00
 0.400442853E+00 0.765581313E+00 0.396151305E+00 0.750764828E+00 0.391971215E+00
 0.735916513E+00 0.387903213E+00 0.721037099E+00 0.383949345E+00 0.706126952E+00
 0.380111678E+00 0.691186475E+00 0.376391538E+00 0.676216302E+00 0.372787497E+00
 0.661217753E+00 0.369296510E+00 0.646192486E+00 0.365915222E+00 0.631142152E+00
 0.362640270E+00 0.616068319E+00 0.359469243E+00 0.600972281E+00 0.356401844E+00
 0.585854846E+00 0.353438481E+00 0.570716675E+00 0.350579734E+00 0.555558399E+00
 0.347825993E+00 0.540380697E+00 0.345175756E+00 0.525184578E+00 0.342626352E+00
 0.509971216E+00 0.340175188E+00 0.494741716E+00 0.337819758E+00 0.479497115E+00
 0.335557491E+00 0.464238410E+00 0.333385697E+00 0.448966564E+00 0.331302250E+00
 0.433682413E+00 0.329306177E+00 0.418386607E+00 0.327397529E+00 0.403079646E+00
 0.325576277E+00 0.387762040E+00 0.323841505E+00 0.372434399E+00 0.322191562E+00
 0.357097393E+00 0.320624211E+00 0.341751726E+00 0.319137105E+00 0.326398075E+00
 0.317728689E+00 0.311037005E+00 0.316398064E+00 0.295669000E+00 0.315144751E+00
 0.280294498E+00 0.313968455E+00 0.264913911E+00 0.312868162E+00 0.249527699E+00
 0.311842365E+00 0.234136341E+00 0.310889626E+00 0.218740288E+00 0.310008609E+00
 0.203339963E+00 0.309197886E+00 0.187935777E+00 0.308455715E+00 0.172528136E+00
 0.307780592E+00 0.157117411E+00 0.307171349E+00 0.141703941E+00 0.306627199E+00
 0.126288035E+00 0.306148190E+00 0.110869968E+00 0.305734598E+00 0.954500071E-01
 0.305386525E+00 0.800284284E-01 0.305103963E+00 0.646055103E-01 0.304886465E+00
 0.491815371E-01 0.304732994E+00 0.337567937E-01 0.304642765E+00 0.183315506E-01
 0.304615236E+00 0.290606796E-02 0.304650030E+00-0.125194001E-01 0.304747071E+00
-0.279446021E-01 0.304906438E+00-0.433692860E-01 0.305128304E+00-0.587931975E-01
 0.305412978E+00-0.742160775E-01 0.305760944E+00-0.896376592E-01 0.306172884E+00
-0.105057664E+00 0.306649719E+00-0.120475799E+00 0.307192622E+00-0.135891748E+00
 0.307802854E+00-0.151305179E+00 0.308480918E+00-0.166715774E+00 0.309226922E+00
-0.182123230E+00 0.310040857E+00-0.197527247E+00 0.310922683E+00-0.212927526E+00
 0.311873227E+00-0.228323716E+00 0.312894595E+00-0.243715369E+00 0.313989321E+00
-0.259101978E+00 0.315160183E+00-0.274482979E+00 0.316409656E+00-0.289857794E+00
 0.317738574E+00-0.305225945E+00 0.319147366E+00-0.320586980E+00 0.320636655E+00
-0.335940420E+00 0.322207395E+00-0.351285740E+00 0.323860661E+00-0.366622387E+00
 0.325597483E+00-0.381949797E+00 0.327419055E+00-0.397267366E+00 0.329326739E+00
-0.412574447E+00 0.331322061E+00-0.427870351E+00 0.333406589E+00-0.443154353E+00
 0.335581737E+00-0.458425721E+00 0.337849114E+00-0.473683668E+00 0.340210527E+00
-0.488927343E+00 0.342668080E+00-0.504155813E+00 0.345224358E+00-0.519368020E+00
 0.347882348E+00-0.534562785E+00 0.350645133E+00-0.549738843E+00 0.353515142E+00
-0.564894989E+00 0.356492499E+00-0.580030413E+00 0.359576723E+00-0.595144422E+00
 0.362767608E+00-0.610236273E+00 0.366065638E+00-0.625305072E+00 0.369472913E+00
-0.640349544E+00 0.372992804E+00-0.655368064E+00 0.376628653E+00-0.670358932E+00
 0.380383362E+00-0.685320471E+00 0.384258858E+00-0.700251177E+00 0.388254704E+00
-0.715150126E+00 0.392369603E+00-0.730016636E+00 0.396602638E+00-0.744849940E+00
 0.400954472E+00-0.759648826E+00 0.405426858E+00-0.774411725E+00 0.410020689E+00
-0.789137286E+00 0.414735310E+00-0.803824621E+00 0.419568383E+00-0.818473406E+00
 0.424516635E+00-0.833083688E+00 0.429578692E+00-0.847654931E+00 0.434756470E+00
-0.862185454E+00 0.440052072E+00-0.876673451E+00 0.445466069E+00-0.891117622E+00
 0.450997293E+00-0.905517311E+00 0.456645205E+00-0.919871633E+00 0.462412111E+00
-0.934178561E+00 0.468301900E+00-0.948435338E+00 0.474317462E+00-0.962639501E+00
 0.480460723E+00-0.976788902E+00 0.486735752E+00-0.990880356E+00 0.493150405E+00
-0.100490879E+01 0.499715566E+00-0.101886742E+01 0.506443195E+00-0.103274845E+01
 0.513348404E+00-0.104654199E+01 0.520456744E+00-0.106023191E+01 0.527811164E+00
-0.107379114E+01 0.535475337E+00-0.108717756E+01 0.543543666E+00-0.110032400E+01
 0.552169184E+00-0.111311092E+01 0.561627151E+00-0.112529237E+01 0.572377264E+00
-0.113634220E+01 0.584978731E+00-0.114519328E+01 0.599440972E+00-0.115043583E+01
 0.614778440E+00-0.115180906E+01 0.630136675E+00-0.115047651E+01 0.645283140E+00
-0.114757270E+01 0.660228503E+00-0.114375864E+01 0.675020259E+00-0.113938423E+01
 0.689697906E+00-0.113464016E+01 0.704288298E+00-0.112963386E+01 0.718808990E+00
-0.112442870E+01 0.733271111E+00-0.111906289E+01 0.747681545E+00-0.111355974E+01
 0.762044526E+00-0.110793389E+01 0.776362804E+00-0.110219520E+01 0.790638498E+00
-0.109635138E+01 0.804866923E+00-0.109039343E+01 0.819035435E+00-0.108429442E+01
 0.833130352E+00-0.107802727E+01 0.847139364E+00-0.107157042E+01 0.861050231E+00
-0.106490481E+01 0.874851671E+00-0.105801552E+01 0.888533935E+00-0.105089249E+01
 0.902092165E+00-0.104353611E+01 0.915525369E+00-0.103595381E+01 0.928831185E+00
-0.102815013E+01 0.942000917E+00-0.102011896E+01 0.955017802E+00-0.101184241E+01
 0.967861752E+00-0.100330002E+01 0.980517253E+00-0.994480865E+00 0.992978920E+00
-0.985389852E+00 0.100524937E+01-0.976042306E+00 0.101733863E+01-0.966461525E+00
 0.102926129E+01-0.956674149E+00 0.104101919E+01-0.946689459E+00 0.105259332E+01
-0.936492365E+00 0.106396485E+01-0.926069837E+00 0.107512988E+01-0.915426357E+00
 0.108610491E+01-0.904587009E+00 0.109691329E+01-0.893581427E+00 0.110756123E+01
-0.882420566E+00 0.111802895E+01-0.871090555E+00 0.112829350E+01-0.859576186E+00
 0.113834593E+01-0.847876160E+00 0.114819522E+01-0.836004593E+00 0.115785759E+01
-0.823980378E+00 0.116733040E+01-0.811806295E+00 0.117658667E+01-0.799466815E+00
 0.118559924E+01-0.786948270E+00 0.119435400E+01-0.774248101E+00 0.120285251E+01
-0.761375029E+00 0.121110059E+01-0.748340074E+00 0.121908734E+01-0.735143428E+00
 0.122678366E+01-0.721775362E+00 0.123417192E+01-0.708234618E+00 0.124125233E+01
-0.694530365E+00 0.124803043E+01-0.680674094E+00 0.125449497E+01-0.666668821E+00
 0.126063089E+01-0.652516501E+00 0.126643727E+01-0.638225802E+00 0.127192720E+01
-0.623810541E+00 0.127711815E+01-0.609284911E+00 0.128201629E+01-0.594657941E+00
 0.128662378E+01-0.579936825E+00 0.129094943E+01-0.565130420E+00 0.129501029E+01
-0.550249186E+00 0.129883071E+01-0.535304381E+00 0.130244060E+01-0.520307302E+00
 0.130586833E+01-0.505267518E+00 0.130913865E+01-0.490192705E+00 0.131227486E+01
-0.475089405E+00 0.131529915E+01-0.459963286E+00 0.131823335E+01-0.444819424E+00
 0.132110065E+01-0.429662744E+00 0.132392568E+01-0.414498125E+00 0.132673351E+01
-0.399330308E+00 0.132954424E+01-0.384163032E+00 0.133237600E+01-0.368999667E+00
 0.133524669E+01-0.353843628E+00 0.133817284E+01-0.338698203E+00 0.134116071E+01
-0.323564831E+00 0.134420173E+01-0.308442047E+00 0.134728632E+01-0.293328089E+00
 0.135040567E+01-0.278221264E+00 0.135355185E+01-0.263120003E+00 0.135671730E+01
-0.248022771E+00 0.135989361E+01-0.232927818E+00 0.136307000E+01-0.217832883E+00
 0.136623117E+01-0.202734753E+00 0.136935254E+01-0.187628352E+00 0.137240003E+01
-0.172506886E+00 0.137533589E+01-0.157363372E+00 0.137812031E+01-0.142191311E+00
 0.138071303E+01-0.126985352E+00 0.138308437E+01-0.111743325E+00 0.138521044E+01
-0.964651837E-01 0.138706614E+01-0.811518821E-01 0.138862544E+01-0.658056016E-01
 0.138986534E+01-0.504302445E-01 0.139077115E+01-0.350316125E-01 0.139133120E+01
-0.196165483E-01 0.139153631E+01-0.419268978E-02 0.139138086E+01 0.112317457E-01
 0.139086910E+01 0.266484876E-01 0.139001181E+01 0.420498993E-01 0.138882232E+01
 0.574292415E-01 0.138731588E+01 0.727808021E-01 0.138551278E+01 0.881003865E-01
 0.138344032E+01 0.103385895E+00 0.138112544E+01 0.118636604E+00 0.137859346E+01
 0.133852799E+00 0.137586946E+01 0.149035821E+00 0.137299003E+01 0.164190163E+00
 0.136999665E+01 0.179322432E+00 0.136692890E+01 0.194439815E+00 0.136382353E+01
 0.209549519E+00 0.136070982E+01 0.224657510E+00 0.135760378E+01 0.239767077E+00
 0.135451525E+01 0.254880234E+00 0.135145136E+01 0.269998405E+00 0.134841817E+01
 0.285122762E+00 0.134542135E+01 0.300254369E+00 0.134246723E+01 0.315394369E+00
 0.133956311E+01 0.330544036E+00 0.133671686E+01 0.345704679E+00 0.133393022E+01
 0.360876395E+00 0.133118793E+01 0.376056196E+00 0.132847092E+01 0.391240542E+00
 0.132575950E+01 0.406425889E+00 0.132303365E+01 0.421608650E+00 0.132026903E+01
 0.436784395E+00 0.131743866E+01 0.451948005E+00 0.131451648E+01 0.467094181E+00
 0.131147757E+01 0.482217354E+00 0.130829825E+01 0.497311617E+00 0.130495562E+01
 0.512370538E+00 0.130142683E+01 0.527386906E+00 0.129768704E+01 0.542352094E+00
 0.129370763E+01 0.557255314E+00 0.128946074E+01 0.572084494E+00 0.128492505E+01
 0.586827880E+00 0.128008739E+01 0.601474940E+00 0.127494353E+01 0.616017294E+00
 0.126949351E+01 0.630447692E+00 0.126372724E+01 0.644754623E+00 0.125762972E+01
 0.658923519E+00 0.125119668E+01 0.672943274E+00 0.124444039E+01 0.686810175E+00
 0.123738170E+01 0.700525641E+00 0.123002385E+01 0.714082947E+00 0.122236224E+01
 0.727470934E+00 0.121440576E+01 0.740685842E+00 0.120618140E+01 0.753735768E+00
 0.119771429E+01 0.766629542E+00 0.118900800E+01 0.779363024E+00 0.118005912E+01
 0.791927197E+00 0.117087338E+01 0.804319273E+00 0.116147298E+01 0.816549362E+00
 0.115188941E+01 0.828636496E+00 0.114214308E+01 0.840592785E+00 0.113222108E+01
 0.852403660E+00 0.112210456E+01 0.864048324E+00 0.111178839E+01 0.875516507E+00
 0.110128905E+01 0.886817262E+00 0.109063136E+01 0.897968842E+00 0.107982589E+01
 0.908977281E+00 0.106885141E+01 0.919817174E+00 0.105768270E+01 0.930456789E+00
 0.104631004E+01 0.940878107E+00 0.103474494E+01 0.951085480E+00 0.102300724E+01
 0.961093934E+00 0.101110674E+01 0.970908232E+00 0.999033001E+00 0.980508549E+00
 0.986772666E+00 0.989869345E+00 0.974318912E+00 0.998971193E+00 0.961671647E+00
 0.100780217E+01 0.948841677E+00 0.101636559E+01 0.935848797E+00 0.102467982E+01
 0.922713463E+00 0.103276717E+01 0.909447613E+00 0.104063861E+01 0.896055126E+00
 0.104829260E+01 0.882537554E+00 0.105572344E+01 0.868898449E+00 0.106292880E+01
 0.855146932E+00 0.106991726E+01 0.841295525E+00 0.107670564E+01 0.827358414E+00
 0.108331633E+01 0.813350643E+00 0.108977600E+01 0.799288049E+00 0.109611549E+01
 0.785187552E+00 0.110237026E+01 0.771061552E+00 0.110856723E+01 0.756912463E+00
 0.111471130E+01 0.742740662E+00 0.112080280E+01 0.728550608E+00 0.112685167E+01
 0.714347148E+00 0.113286900E+01 0.700135666E+00 0.113886736E+01 0.685921231E+00
 0.114485872E+01 0.671710037E+00 0.115085776E+01 0.657508236E+00 0.115687900E+01
 0.643323609E+00 0.116294057E+01 0.629165853E+00 0.116906463E+01 0.615043157E+00
 0.117526909E+01 0.600958559E+00 0.118155957E+01 0.586912469E+00 0.118793556E+01
 0.572913324E+00 0.119441395E+01
 0.156441580E+01 0.156423520E+01 0.173298350E+01 0.167901950E+01 0.134847970E+01
 0.206041340E+01 0.108819530E+01 0.205946000E+01 0.902253030E+00 0.187565310E+01
 0.903668760E+00 0.187424170E+01 0.533866470E+00 0.150285580E+01 0.538010660E+00
 0.149874330E+01 0.332797140E+00 0.129708960E+01 0.332797140E+00 0.109400000E+01
 0.334795920E+00 0.109400000E+01 0.303115250E+00 0.847500000E+00 0.305114030E+00
 0.847500000E+00 0.269135950E+00 0.565000000E+00 0.271134730E+00 0.565000000E+00
 0.260841000E+00 0.495257700E+00 0.260841000E+00-0.507257700E+00 0.271134730E+00
-0.576999960E+00 0.269135950E+00-0.576999960E+00 0.305114030E+00-0.859500000E+00
 0.303115250E+00-0.859500000E+00 0.334795920E+00-0.110600010E+01 0.332797140E+00
-0.110600010E+01 0.332797140E+00-0.130908970E+01 0.538598100E+00-0.150990190E+01
 0.534468950E+00-0.151402960E+01 0.905629600E+00-0.188405800E+01 0.904219000E+00
-0.188547470E+01 0.108819530E+01-0.206614000E+01 0.134847970E+01-0.206518650E+01
 0.173017910E+01-0.168098580E+01 0.156441580E+01-0.156883530E+01 0.137999130E+01
-0.157688300E+01 0.137989190E+01-0.157672700E+01 0.119622210E+01-0.158474990E+01
 0.119631650E+01-0.158489800E+01 0.105537410E+01-0.159104840E+01 0.105528350E+01
-0.159090630E+01 0.947502500E+00-0.159561420E+01 0.905686400E+00-0.159556230E+01
 0.899143000E+00-0.159478470E+01 0.883387860E+00-0.159026430E+01 0.867681200E+00
-0.158087360E+01 0.851322350E+00-0.156766880E+01 0.833481900E+00-0.154624210E+01
 0.826062560E+00-0.152875240E+01 0.822677700E+00-0.151516830E+01 0.821022750E+00
-0.149624060E+01 0.820691350E+00-0.147724350E+01 0.822887360E+00-0.144582030E+01
 0.827573000E+00-0.141923050E+01 0.839194600E+00-0.138728100E+01 0.855244300E+00
-0.135284130E+01 0.877566500E+00-0.132209860E+01 0.899473500E+00-0.130017830E+01
 0.118567730E+01-0.101380000E+01 0.127900000E+01-0.842300000E+00 0.129600000E+01
-0.820200000E+00 0.143300000E+01-0.820200000E+00 0.143300000E+01-0.711000000E+00
 0.149000000E+01-0.491000000E+00 0.146000000E+01-0.491000000E+00 0.146000000E+01
-0.233000000E+00 0.166100000E+01-0.233000000E+00 0.166100000E+01 0.226000000E+00
 0.146000000E+01 0.226000000E+00 0.146000000E+01 0.481000000E+00 0.149300000E+01
 0.481000000E+00 0.147400000E+01 0.554000000E+00 0.143300000E+01 0.711000000E+00
 0.143300000E+01 0.815600000E+00 0.129600000E+01 0.815600000E+00 0.127900000E+01
 0.837699950E+00 0.118567730E+01 0.100920000E+01 0.899473500E+00 0.129557820E+01
 0.877566500E+00 0.131749860E+01 0.855244300E+00 0.134824120E+01 0.839194600E+00
 0.138268090E+01 0.827573000E+00 0.141463040E+01 0.822887360E+00 0.144122030E+01
 0.820691350E+00 0.147264350E+01 0.821022750E+00 0.149164060E+01 0.822677700E+00
 0.151056830E+01 0.826062560E+00 0.152415240E+01 0.833481900E+00 0.154164210E+01
 0.851322350E+00 0.156306870E+01 0.867681200E+00 0.157627360E+01 0.883387860E+00
 0.158566430E+01 0.899143000E+00 0.159018470E+01 0.905686400E+00 0.159096230E+01
 0.947502500E+00 0.159101410E+01 0.105528350E+01 0.158630620E+01 0.105537410E+01
 0.158644830E+01 0.119631650E+01 0.158029800E+01 0.119622210E+01 0.158014990E+01
 0.137989190E+01 0.157212700E+01 0.137999130E+01 0.157228290E+01 0.156441580E+01
 0.156423520E+01
    0
