EFIT++      MAST # 47051 # 600ms                   0  65  65
 0.194000000E+01 0.440000000E+01 0.800000000E+00 0.600000000E-01 0.000000000E+00
 0.982216403E+00 0.585171084E-03-0.715378710E-01-0.154613493E-02-0.655158704E+00
 0.740640484E+06-0.715378710E-01 0.000000000E+00 0.982216403E+00 0.000000000E+00
 0.585171084E-03 0.000000000E+00-0.154613493E-02 0.000000000E+00 0.000000000E+00
-0.540963727E+00-0.540623239E+00-0.540279695E+00-0.539933353E+00-0.539584470E+00
-0.539233304E+00-0.538880114E+00-0.538525160E+00-0.538168702E+00-0.537811001E+00
-0.537452318E+00-0.537092915E+00-0.536733056E+00-0.536373005E+00-0.536013025E+00
-0.535653381E+00-0.535294341E+00-0.534936169E+00-0.534579133E+00-0.534223501E+00
-0.533869543E+00-0.533517526E+00-0.533167721E+00-0.532820399E+00-0.532475831E+00
-0.532134290E+00-0.531796047E+00-0.531461376E+00-0.531130552E+00-0.530803848E+00
-0.530481540E+00-0.530163904E+00-0.529851215E+00-0.529543751E+00-0.529241788E+00
-0.528945605E+00-0.528655480E+00-0.528371691E+00-0.528094517E+00-0.527824237E+00
-0.527561131E+00-0.527305479E+00-0.527057561E+00-0.526817658E+00-0.526586049E+00
-0.526363015E+00-0.526148838E+00-0.525943797E+00-0.525748172E+00-0.525562246E+00
-0.525386298E+00-0.525220608E+00-0.525065457E+00-0.524921123E+00-0.524787887E+00
-0.524666027E+00-0.524555822E+00-0.524457549E+00-0.524371487E+00-0.524297911E+00
-0.524237098E+00-0.524189323E+00-0.524154860E+00-0.524133983E+00-0.524126963E+00
 0.269868816E+05 0.263573194E+05 0.257278838E+05 0.250988882E+05 0.244706457E+05
 0.238434696E+05 0.232176731E+05 0.225935693E+05 0.219714715E+05 0.213516930E+05
 0.207345468E+05 0.201203463E+05 0.195094046E+05 0.189020349E+05 0.182985505E+05
 0.176992646E+05 0.171044903E+05 0.165145410E+05 0.159297297E+05 0.153503698E+05
 0.147767743E+05 0.142092567E+05 0.136481299E+05 0.130937073E+05 0.125463021E+05
 0.120062275E+05 0.114737966E+05 0.109493228E+05 0.104331192E+05 0.992549895E+04
 0.942677538E+04 0.893726166E+04 0.845727100E+04 0.798711660E+04 0.752711169E+04
 0.707756947E+04 0.663880315E+04 0.621112594E+04 0.579485106E+04 0.539029171E+04
 0.499776111E+04 0.461757247E+04 0.425003900E+04 0.389547392E+04 0.355419042E+04
 0.322650172E+04 0.291272105E+04 0.261316159E+04 0.232813657E+04 0.205795920E+04
 0.180294269E+04 0.156340025E+04 0.133964509E+04 0.113199043E+04 0.940749466E+03
 0.766235418E+03 0.608761497E+03 0.468640912E+03 0.346186876E+03 0.241712599E+03
 0.155531293E+03 0.879561692E+02 0.393004382E+02 0.987731141E+01 0.000000000E+00
-0.167625721E+00-0.169094140E+00-0.170432796E+00-0.171641688E+00-0.172720815E+00
-0.173670178E+00-0.174489777E+00-0.175179612E+00-0.175739682E+00-0.176169989E+00
-0.176470531E+00-0.176641309E+00-0.176682323E+00-0.176593572E+00-0.176375058E+00
-0.176026779E+00-0.175548736E+00-0.174940929E+00-0.174203358E+00-0.173336023E+00
-0.172338923E+00-0.171212059E+00-0.169955431E+00-0.168569039E+00-0.167052883E+00
-0.165406962E+00-0.163631277E+00-0.161725829E+00-0.159690615E+00-0.157525638E+00
-0.155230897E+00-0.152806391E+00-0.150252121E+00-0.147568087E+00-0.144754289E+00
-0.141810727E+00-0.138737400E+00-0.135534310E+00-0.132201455E+00-0.128738836E+00
-0.125146453E+00-0.121424305E+00-0.117572393E+00-0.113590718E+00-0.109479278E+00
-0.105238074E+00-0.100867105E+00-0.963663727E-01-0.917358760E-01-0.869756151E-01
-0.820855900E-01-0.770658008E-01-0.719162474E-01-0.666369297E-01-0.612278479E-01
-0.556890020E-01-0.500203918E-01-0.442220175E-01-0.382938789E-01-0.322359762E-01
-0.260483094E-01-0.197308783E-01-0.132836830E-01-0.670672361E-02 0.000000000E+00
-0.575630221E+06-0.575657546E+06-0.575398472E+06-0.574853000E+06-0.574021129E+06
-0.572902861E+06-0.571498194E+06-0.569807128E+06-0.567829664E+06-0.565565803E+06
-0.563015542E+06-0.560178884E+06-0.557055827E+06-0.553646372E+06-0.549950518E+06
-0.545968266E+06-0.541699616E+06-0.537144568E+06-0.532303121E+06-0.527175276E+06
-0.521761033E+06-0.516060391E+06-0.510073351E+06-0.503799913E+06-0.497240076E+06
-0.490393841E+06-0.483261208E+06-0.475842176E+06-0.468136747E+06-0.460144919E+06
-0.451866692E+06-0.443302067E+06-0.434451044E+06-0.425313623E+06-0.415889803E+06
-0.406179585E+06-0.396182969E+06-0.385899954E+06-0.375330542E+06-0.364474730E+06
-0.353332521E+06-0.341903913E+06-0.330188907E+06-0.318187502E+06-0.305899700E+06
-0.293325499E+06-0.280464899E+06-0.267317902E+06-0.253884506E+06-0.240164711E+06
-0.226158519E+06-0.211865928E+06-0.197286939E+06-0.182421551E+06-0.167269765E+06
-0.151831581E+06-0.136106999E+06-0.120096018E+06-0.103798639E+06-0.872148615E+05
-0.703446858E+05-0.531881118E+05-0.357451395E+05-0.180157689E+05 0.000000000E+00
-7.018530448e-05-1.572571811e-04-2.761282448e-04-4.234406107e-04-5.948649400e-04
-7.851185412e-04-9.879562096e-04-1.196053176e-03-1.389499028e-03-1.535035284e-03
-1.645806053e-03-1.714390631e-03-1.722151826e-03-1.657345036e-03-1.503525346e-03
-1.247529390e-03-8.899083727e-04-4.195602642e-04 1.561651628e-04 8.365417447e-04
 1.611797996e-03 2.457628357e-03 3.359239683e-03 4.274779571e-03 5.181291958e-03
 6.050233141e-03 6.861604100e-03 7.624415064e-03 8.331202214e-03 9.008491685e-03
 9.661712000e-03 1.030116357e-02 1.094590295e-02 1.158369237e-02 1.223655363e-02
 1.289020096e-02 1.354892472e-02 1.421795043e-02 1.487760181e-02 1.556531889e-02
 1.624473499e-02 1.693246596e-02 1.762761109e-02 1.830612254e-02 1.900610934e-02
 1.968190989e-02 2.036471928e-02 2.103979510e-02 2.169178206e-02 2.235850354e-02
 2.298683395e-02 2.362357264e-02 2.423611833e-02 2.482302998e-02 2.541417463e-02
 2.595505024e-02 2.649795743e-02 2.700110287e-02 2.745995231e-02 2.790935336e-02
 2.828280822e-02 2.864021029e-02 2.893997194e-02 2.917979043e-02 2.941560099e-02
-1.008267770e-04-2.265612133e-04-3.993723814e-04-6.155445803e-04-8.702440704e-04
-1.157570565e-03-1.470655056e-03-1.798847957e-03-2.119266855e-03-2.378149238e-03
-2.604055202e-03-2.784399603e-03-2.902715053e-03-2.959918238e-03-2.826048363e-03
-2.556193522e-03-2.144857871e-03-1.578511299e-03-8.474077609e-04 5.022811023e-05
 1.106213368e-03 2.298018469e-03 3.577831060e-03 4.874142293e-03 6.101668051e-03
 7.187183067e-03 8.100126215e-03 8.861180070e-03 9.521436247e-03 1.013301039e-02
 1.073287055e-02 1.134163275e-02 1.196843069e-02 1.261580054e-02 1.328298279e-02
 1.396779163e-02 1.466764101e-02 1.538011478e-02 1.610324495e-02 1.683530852e-02
 1.757440786e-02 1.831848021e-02 1.906537408e-02 1.981289275e-02 2.055883990e-02
 2.130101607e-02 2.203729468e-02 2.276564535e-02 2.348419258e-02 2.419127187e-02
 2.488541829e-02 2.556539669e-02 2.623009662e-02 2.687840183e-02 2.750892693e-02
 2.811959356e-02 2.870701811e-02 2.926561894e-02 2.978677988e-02 3.025865801e-02
 3.066780790e-02 3.100325539e-02 3.126066171e-02 3.144274484e-02 3.155970614e-02
-1.384053133e-04-3.117327581e-04-5.512733886e-04-8.530765596e-04-1.211715991e-03
-1.620017977e-03-2.068729710e-03-2.543957909e-03-3.015670661e-03-3.480465678e-03
-3.897813321e-03-4.247073728e-03-4.520233636e-03-4.682897248e-03-4.686412880e-03
-4.487606092e-03-4.075854764e-03-3.428488321e-03-2.522116668e-03-1.338259627e-03
 1.370706404e-04 1.909762687e-03 3.949619323e-03 6.129561701e-03 8.128170744e-03
 9.568635803e-03 1.034708848e-02 1.071751894e-02 1.100749815e-02 1.136810041e-02
 1.182526023e-02 1.236740789e-02 1.297674390e-02 1.363737942e-02 1.433683934e-02
 1.506580675e-02 1.581748028e-02 1.658691857e-02 1.737045649e-02 1.816520574e-02
 1.896865653e-02 1.977839878e-02 2.059195819e-02 2.140672613e-02 2.221996270e-02
 2.302885671e-02 2.383062814e-02 2.462265790e-02 2.540262942e-02 2.616866705e-02
 2.691945745e-02 2.765434114e-02 2.837336018e-02 2.907724009e-02 2.976726090e-02
 3.044491238e-02 3.111108664e-02 3.176422694e-02 3.239611279e-02 3.298319915e-02
 3.347668402e-02 3.381953571e-02 3.399787305e-02 3.405453684e-02 3.404862186e-02
-1.827883592e-04-4.127673040e-04-7.325760247e-04-1.138825546e-03-1.626527381e-03
-2.188653899e-03-2.815624032e-03-3.491889060e-03-4.192354624e-03-4.905266886e-03
-5.597095264e-03-6.230500526e-03-6.777454923e-03-7.191664848e-03-7.418476406e-03
-7.400222282e-03-7.082044676e-03-6.416841294e-03-5.368193469e-03-3.908545384e-03
-2.005762349e-03 4.193281774e-04 3.508257693e-03 7.743838734e-03 1.236224470e-02
 1.438251610e-02 1.375667912e-02 1.223956857e-02 1.193999122e-02 1.212292924e-02
 1.256137631e-02 1.314932749e-02 1.382978014e-02 1.456963035e-02 1.534898741e-02
 1.615583220e-02 1.698298497e-02 1.782620340e-02 1.868290086e-02 1.955124881e-02
 2.042954959e-02 2.131582257e-02 2.220757128e-02 2.310170739e-02 2.399460852e-02
 2.488228413e-02 2.576062089e-02 2.662567628e-02 2.747399014e-02 2.830288802e-02
 2.911075956e-02 2.989730891e-02 3.066379224e-02 3.141328110e-02 3.215102251e-02
 3.288501641e-02 3.362702204e-02 3.439441864e-02 3.521423699e-02 3.614412359e-02
 3.716600912e-02 3.755892684e-02 3.730197448e-02 3.690303731e-02 3.661710224e-02
-2.321576219e-04-5.259547123e-04-9.376600845e-04-1.465934977e-03-2.108038823e-03
-2.859184216e-03-3.711794890e-03-4.651702595e-03-5.657344358e-03-6.716651996e-03
-7.804040967e-03-8.872766287e-03-9.885524959e-03-1.077971679e-02-1.146634453e-02
-1.183524715e-02-1.177029077e-02-1.117722571e-02-1.001102433e-02-8.284265519e-03
-6.050685245e-03-3.381530084e-03-3.656032052e-04 2.822794004e-03 5.764758434e-03
 7.965439017e-03 9.332842886e-03 1.024525210e-02 1.104611670e-02 1.186687991e-02
 1.272679719e-02 1.361551558e-02 1.452019656e-02 1.543198652e-02 1.634657925e-02
 1.726325454e-02 1.818363837e-02 1.911053613e-02 2.004693476e-02 2.099519886e-02
 2.195646987e-02 2.293027616e-02 2.391436157e-02 2.490473311e-02 2.589591555e-02
 2.688138253e-02 2.785411596e-02 2.880723141e-02 2.973460210e-02 3.063142027e-02
 3.149465330e-02 3.232338131e-02 3.311904122e-02 3.388564679e-02 3.463010941e-02
 3.536286884e-02 3.609920466e-02 3.686196375e-02 3.768725718e-02 3.862982774e-02
 3.964986849e-02 4.004584516e-02 3.975304562e-02 3.919803754e-02 3.884082935e-02
-2.814827818e-04-6.405145276e-04-1.148774410e-03-1.809395881e-03-2.624587293e-03
-3.594468025e-03-4.716124360e-03-5.982481260e-03-7.365212299e-03-8.869664413e-03
-1.047914849e-02-1.216678798e-02-1.391032690e-02-1.566781623e-02-1.732074432e-02
-1.863099840e-02-1.924132940e-02-1.881767428e-02-1.726303833e-02-1.477964555e-02
-1.171893180e-02-8.394024871e-03-5.023281206e-03-1.764874270e-03 1.252508856e-03
 3.937186720e-03 6.259424840e-03 8.252673977e-03 9.982510829e-03 1.151306345e-02
 1.289268889e-02 1.415515565e-02 1.532540865e-02 1.642418960e-02 1.747044630e-02
 1.848210284e-02 1.947591638e-02 2.046691758e-02 2.146771142e-02 2.248778562e-02
 2.353292401e-02 2.460481533e-02 2.570094600e-02 2.681484619e-02 2.793671452e-02
 2.905438783e-02 3.015456213e-02 3.122412365e-02 3.225142263e-02 3.322732613e-02
 3.414592240e-02 3.500481501e-02 3.580502358e-02 3.655057111e-02 3.724785855e-02
 3.790487649e-02 3.853013703e-02 3.913077644e-02 3.970800151e-02 4.024424511e-02
 4.067477346e-02 4.089994327e-02 4.091054161e-02 4.078833174e-02 4.061244718e-02
-3.201866535e-04-7.335039146e-04-1.327612246e-03-2.114575579e-03-3.106647830e-03
-4.313632440e-03-5.739758268e-03-7.377757088e-03-9.208227839e-03-1.121992294e-02
-1.340152244e-02-1.576318395e-02-1.836758057e-02-2.138342106e-02-2.506559992e-02
-2.936640869e-02-3.294130665e-02-3.296559347e-02-2.909655789e-02-2.316900323e-02
-1.762360255e-02-1.271661720e-02-8.328971080e-03-4.367201743e-03-7.819694505e-04
 2.449385949e-03 5.339773450e-03 7.902977193e-03 1.015796602e-02 1.212944935e-02
 1.384731604e-02 1.534597188e-02 1.666335789e-02 1.783939155e-02 1.891405008e-02
 1.992554512e-02 2.090887484e-02 2.189473912e-02 2.290861471e-02 2.396979953e-02
 2.509040169e-02 2.627445771e-02 2.751749684e-02 2.880685173e-02 3.012286501e-02
 3.144094053e-02 3.273421809e-02 3.397653419e-02 3.514525112e-02 3.622349938e-02
 3.720143731e-02 3.807632939e-02 3.885153466e-02 3.953474583e-02 4.013590521e-02
 4.066512034e-02 4.113069398e-02 4.153721363e-02 4.188372798e-02 4.216272434e-02
 4.236195408e-02 4.247181670e-02 4.249727403e-02 4.246765049e-02 4.239959315e-02
-3.285241453e-04-7.611486009e-04-1.399197610e-03-2.272010550e-03-3.413304290e-03
-4.856156906e-03-6.625613004e-03-8.725597054e-03-1.112027936e-02-1.374532189e-02
-1.648219120e-02-1.922791045e-02-2.197577904e-02-2.500209248e-02-2.884089040e-02
-3.422429058e-02-3.987589166e-02-3.989955884e-02-3.423427436e-02-2.560579434e-02
-1.902621544e-02-1.352438209e-02-8.693748120e-03-4.333621452e-03-3.476211578e-04
 3.301410175e-03 6.614937088e-03 9.575206273e-03 1.216077244e-02 1.436167793e-02
 1.619078788e-02 1.768709007e-02 1.891024173e-02 1.993020368e-02 2.081737423e-02
 2.163653385e-02 2.244474967e-02 2.329149330e-02 2.421891213e-02 2.526082028e-02
 2.644005383e-02 2.776502519e-02 2.922707800e-02 3.080007957e-02 3.244272392e-02
 3.410305400e-02 3.572441130e-02 3.725220336e-02 3.864081688e-02 3.985942582e-02
 4.089501223e-02 4.175150086e-02 4.244545067e-02 4.300013270e-02 4.344004432e-02
 4.378706561e-02 4.405842605e-02 4.426607705e-02 4.441702165e-02 4.451435929e-02
 4.455890311e-02 4.454870954e-02 4.451855057e-02 4.445125901e-02 4.434968335e-02
-2.751151977e-04-6.499027447e-04-1.228555632e-03-2.069239201e-03-3.249011234e-03
-4.855703468e-03-6.975216810e-03-9.682653756e-03-1.302706921e-02-1.699369499e-02
-2.107884575e-02-2.422398362e-02-2.585712317e-02-2.630264310e-02-2.653626372e-02
-2.672257113e-02-2.640150013e-02-2.501431915e-02-2.235600842e-02-1.870671027e-02
-1.455098859e-02-1.023682551e-02-5.924279472e-03-1.674280751e-03 2.479905035e-03
 6.491399532e-03 1.027518812e-02 1.370107913e-02 1.661777666e-02 1.891086201e-02
 2.056146870e-02 2.165884266e-02 2.235710188e-02 2.281516827e-02 2.316147659e-02
 2.348976708e-02 2.387060446e-02 2.436533334e-02 2.503567002e-02 2.594471793e-02
 2.714710948e-02 2.867162460e-02 3.050638454e-02 3.259589508e-02 3.485000519e-02
 3.715697794e-02 3.939468223e-02 4.144220513e-02 4.319734821e-02 4.459810272e-02
 4.563630820e-02 4.635246141e-02 4.681402896e-02 4.709133855e-02 4.724267607e-02
 4.730996434e-02 4.732055344e-02 4.729091321e-02 4.723014707e-02 4.714275011e-02
 4.703065630e-02 4.689553792e-02 4.675927146e-02 4.660982549e-02 4.643651443e-02
-1.290640531e-04-3.153537486e-04-6.279982220e-04-1.145542093e-03-2.029273088e-03
-3.531402043e-03-5.817129984e-03-8.936858827e-03-1.307099612e-02-1.874524868e-02
-2.581061762e-02-2.978087004e-02-2.974596253e-02-2.589121060e-02-2.331275355e-02
-2.143146757e-02-1.967577012e-02-1.770557413e-02-1.534178561e-02-1.253413529e-02
-9.314462113e-03-5.741696171e-03-1.862829518e-03 2.301103749e-03 6.748559992e-03
 1.146949042e-02 1.637243536e-02 2.112669760e-02 2.503999849e-02 2.742485335e-02
 2.815229957e-02 2.777542560e-02 2.699224601e-02 2.621662198e-02 2.557496588e-02
 2.509288385e-02 2.477151143e-02 2.461787089e-02 2.470488175e-02 2.517683141e-02
 2.624459527e-02 2.806296771e-02 3.062077763e-02 3.375389131e-02 3.722773579e-02
 4.082649253e-02 4.432911977e-02 4.745681041e-02 4.990294286e-02 5.146591657e-02
 5.218522354e-02 5.230902408e-02 5.211713238e-02 5.179794780e-02 5.144495828e-02
 5.109779253e-02 5.076892838e-02 5.045966553e-02 5.016726690e-02 4.988704849e-02
 4.961485811e-02 4.934824038e-02 4.909964440e-02 4.885575472e-02 4.861359801e-02
 9.114164779e-05 2.105161440e-04 3.921387970e-04 6.757487188e-04 1.034894572e-03
 6.703372317e-05-2.600001591e-03-5.612286353e-03-8.903035587e-03-1.249730641e-02
-1.591293330e-02-1.821979965e-02-1.888560197e-02-1.820040598e-02-1.697055992e-02
-1.556199346e-02-1.399838885e-02-1.221925414e-02-1.015987708e-02-7.772606903e-03
-5.026064339e-03-1.893830326e-03 1.661836716e-03 5.710164261e-03 1.038159644e-02
 1.592661049e-02 2.286660803e-02 3.249235793e-02 4.176330549e-02 4.460329027e-02
 4.061619297e-02 3.440311922e-02 3.087444494e-02 2.862619595e-02 2.707523850e-02
 2.591098587e-02 2.492101838e-02 2.391838216e-02 2.271359843e-02 2.128605515e-02
 2.112969109e-02 2.344403224e-02 2.803631736e-02 3.375561692e-02 3.943575425e-02
 4.522161758e-02 5.137592472e-02 5.765473038e-02 6.216934650e-02 6.358231358e-02
 6.177601562e-02 5.952127040e-02 5.781464397e-02 5.654036275e-02 5.555555928e-02
 5.476474943e-02 5.410668901e-02 5.354101562e-02 5.304308700e-02 5.259358078e-02
 5.218230783e-02 5.180220022e-02 5.144756052e-02 5.110740056e-02 5.077010857e-02
 3.027999655e-04 7.019363195e-04 1.295768500e-03 2.125114359e-03 3.078457484e-03
 2.569862613e-03 2.756790210e-04-2.069054657e-03-4.308172506e-03-6.392450733e-03
-8.209682415e-03-9.609501367e-03-1.046308263e-02-1.075347436e-02-1.055049496e-02
-9.942992075e-03-8.992559518e-03-7.726402971e-03-6.147890375e-03-4.247313768e-03
-2.007474526e-03 5.958711376e-04 3.597397643e-03 7.048162735e-03 1.102242703e-02
 1.561849549e-02 2.091650223e-02 2.669501966e-02 3.157617793e-02 3.385611344e-02
 3.327192159e-02 3.121463646e-02 2.926090033e-02 2.775752034e-02 2.663660447e-02
 2.576301418e-02 2.498430400e-02 2.411128605e-02 2.286281723e-02 2.076728692e-02
 1.999180693e-02 2.253660120e-02 2.859217329e-02 3.546553477e-02 4.181679413e-02
 4.821681675e-02 5.523954703e-02 6.343379764e-02 6.869998161e-02 6.970994932e-02
 6.641934880e-02 6.339479594e-02 6.135070783e-02 5.986494248e-02 5.871401469e-02
 5.777665029e-02 5.698365417e-02 5.629341856e-02 5.567960105e-02 5.512465884e-02
 5.461630049e-02 5.414537952e-02 5.370454267e-02 5.328763326e-02 5.289261953e-02
 4.610438765e-04 1.056954268e-03 1.916501466e-03 3.061809981e-03 4.359972897e-03
 4.181105877e-03 2.144451013e-03 5.068891340e-04-9.819575843e-04-2.363893407e-03
-3.606121411e-03-4.631191196e-03-5.379913380e-03-5.817420996e-03-5.933087505e-03
-5.732142224e-03-5.225477802e-03-4.422581015e-03-3.328672100e-03-1.944735713e-03
-2.688690375e-04 1.701787013e-03 3.968207599e-03 6.524273288e-03 9.346321413e-03
 1.237322042e-02 1.547470982e-02 1.842143846e-02 2.089809903e-02 2.274854086e-02
 2.390305194e-02 2.444247939e-02 2.463570839e-02 2.470665564e-02 2.479239451e-02
 2.496085806e-02 2.524500889e-02 2.567881789e-02 2.634402862e-02 2.742835306e-02
 2.922221348e-02 3.195574344e-02 3.561342193e-02 3.993460707e-02 4.459281567e-02
 4.932202890e-02 5.386279638e-02 5.785183428e-02 6.084865042e-02 6.258283538e-02
 6.315136976e-02 6.293948408e-02 6.233906222e-02 6.158925591e-02 6.080490545e-02
 6.003652850e-02 5.930518577e-02 5.861841536e-02 5.797728469e-02 5.737965798e-02
 5.682182108e-02 5.629934414e-02 5.580757158e-02 5.534197686e-02 5.490144734e-02
 5.736002250e-04 1.307876512e-03 2.353727338e-03 3.725907996e-03 5.273656310e-03
 5.365562226e-03 3.706330412e-03 2.455233096e-03 1.363136277e-03 3.053469901e-04
-6.651562055e-04-1.506517549e-03-2.182168339e-03-2.663259943e-03-2.929571165e-03
-2.968578020e-03-2.773459179e-03-2.341036665e-03-1.670384799e-03-7.623731365e-04
 3.798303878e-04 1.749333926e-03 3.333125241e-03 5.108606098e-03 7.039182021e-03
 9.069847051e-03 1.112535863e-02 1.311554359e-02 1.495139380e-02 1.655639964e-02
 1.799708738e-02 1.924991144e-02 2.035419586e-02 2.139435299e-02 2.244801162e-02
 2.358847767e-02 2.488510379e-02 2.640725671e-02 2.822871307e-02 3.042571364e-02
 3.306283599e-02 3.616807143e-02 3.970754470e-02 4.357580996e-02 4.760481698e-02
 5.158165602e-02 5.526990204e-02 5.844013162e-02 6.091284088e-02 6.260250160e-02
 6.353910977e-02 6.384928927e-02 6.370503003e-02 6.327110229e-02 6.267604097e-02
 6.200745652e-02 6.131959894e-02 6.064335511e-02 5.999455260e-02 5.937980997e-02
 5.880035458e-02 5.825441690e-02 5.773869611e-02 5.724912001e-02 5.677486123e-02
 6.551599392e-04 1.489854918e-03 2.671477178e-03 4.210131683e-03 5.954025731e-03
 6.267962527e-03 4.810110101e-03 3.806938694e-03 2.911795259e-03 2.034553846e-03
 1.200312128e-03 4.385036928e-04-2.234995433e-04-7.616724316e-04-1.155979403e-03
-1.390485240e-03-1.453071437e-03-1.335024832e-03-1.030692334e-03-5.374954462e-04
 1.437026601e-04 1.007893472e-03 2.044966865e-03 3.238698081e-03 4.566037574e-03
 5.997271732e-03 7.497723564e-03 9.031375792e-03 1.056647253e-02 1.208181287e-02
 1.356880294e-02 1.503845565e-02 1.656177574e-02 1.813398814e-02 1.979454689e-02
 2.157141139e-02 2.356561743e-02 2.582550611e-02 2.841146324e-02 3.136325488e-02
 3.466832877e-02 3.834710214e-02 4.239173437e-02 4.674780594e-02 5.128907324e-02
 5.577702637e-02 5.985919988e-02 6.319301615e-02 6.556289824e-02 6.690293284e-02
 6.730916275e-02 6.703943100e-02 6.640038299e-02 6.560658294e-02 6.477217451e-02
 6.395284992e-02 6.317410167e-02 6.244565004e-02 6.176885695e-02 6.114073464e-02
 6.055619751e-02 6.000934761e-02 5.949420751e-02 5.900526833e-02 5.854365506e-02
 7.163506754e-04 1.626365103e-03 2.909484215e-03 4.571230795e-03 6.456039995e-03
 6.920179772e-03 5.607701424e-03 4.715732548e-03 3.933073104e-03 3.132377818e-03
 2.338023275e-03 1.574114137e-03 8.635524828e-04 2.273209735e-04-3.158785595e-04
-7.497139729e-04-1.060156207e-03-1.235248744e-03-1.265002388e-03-1.141717704e-03
-8.604390701e-04-4.193862877e-04 1.796724936e-04 9.312166314e-04 1.826152859e-03
 2.852676078e-03 3.997773662e-03 5.248705257e-03 6.594944935e-03 8.030285196e-03
 9.554689602e-03 1.117524840e-02 1.290702299e-02 1.478095455e-02 1.682187322e-02
 1.904939088e-02 2.152054195e-02 2.427988968e-02 2.737252240e-02 3.083604297e-02
 3.469388348e-02 3.899541815e-02 4.380481668e-02 4.920444474e-02 5.532123785e-02
 6.251691285e-02 6.910306666e-02 7.377319856e-02 7.630646110e-02 7.656618394e-02
 7.459357675e-02 7.162538270e-02 6.954338269e-02 6.793300352e-02 6.664215105e-02
 6.557912619e-02 6.468277916e-02 6.391062103e-02 6.323214458e-02 6.262479676e-02
 6.207148704e-02 6.155900869e-02 6.107700496e-02 6.061717339e-02 6.016850671e-02
 7.648546916e-04 1.735350354e-03 3.101336548e-03 4.865368510e-03 6.858718386e-03
 7.422494363e-03 6.223050779e-03 5.397751987e-03 4.632984781e-03 3.815904262e-03
 2.974691765e-03 2.132737382e-03 1.310396643e-03 5.259570600e-04-2.038735281e-04
-8.636888451e-04-1.439066871e-03-1.916536475e-03-2.280030782e-03-2.514510417e-03
-2.607166094e-03-2.547611549e-03-2.328224985e-03-1.944656220e-03-1.396613962e-03
-6.865047341e-04 1.871784593e-04 1.224455687e-03 2.424818382e-03 3.788405832e-03
 5.317732510e-03 7.019101758e-03 8.902443419e-03 1.098111883e-02 1.327207266e-02
 1.579601894e-02 1.857796930e-02 2.164696289e-02 2.503658709e-02 2.878759741e-02
 3.295335301e-02 3.760718046e-02 4.285130449e-02 4.883574558e-02 5.579015458e-02
 6.398485559e-02 7.140028496e-02 7.635824169e-02 7.888666083e-02 7.891916869e-02
 7.635976827e-02 7.283008494e-02 7.036847706e-02 6.861325002e-02 6.731126454e-02
 6.630949499e-02 6.551106440e-02 6.485216988e-02 6.428944512e-02 6.379267434e-02
 6.334040717e-02 6.291721580e-02 6.251191287e-02 6.211632737e-02 6.172555600e-02
 8.037583105e-04 1.824461103e-03 3.263285801e-03 5.126812971e-03 7.265203333e-03
 8.040308255e-03 7.036877396e-03 6.078910160e-03 5.161365707e-03 4.214176686e-03
 3.240016879e-03 2.250559254e-03 1.258483746e-03 2.766976984e-04-6.819010083e-04
-1.604410574e-03-2.477670249e-03-3.280978559e-03-3.993934329e-03-4.596632269e-03
-5.069959385e-03-5.395852385e-03-5.557556392e-03-5.539872534e-03-5.329343381e-03
-4.914184233e-03-4.284082065e-03-3.431411200e-03-2.352740544e-03-1.051347807e-03
 4.696757286e-04 2.218641473e-03 4.200423553e-03 6.418853667e-03 8.879995353e-03
 1.159138368e-02 1.456210732e-02 1.780296895e-02 2.132666828e-02 2.514957263e-02
 2.930284248e-02 3.386658264e-02 3.893725581e-02 4.450903571e-02 5.067346488e-02
 5.738404468e-02 6.356164141e-02 6.796811419e-02 7.043741361e-02 7.076135933e-02
 6.975780324e-02 6.874246023e-02 6.782064944e-02 6.706956552e-02 6.647363857e-02
 6.599892772e-02 6.561107072e-02 6.528095491e-02 6.498565368e-02 6.470784405e-02
 6.443484701e-02 6.415768350e-02 6.387026958e-02 6.356885043e-02 6.325535227e-02
 8.302181031e-04 1.885376762e-03 3.374825563e-03 5.308511597e-03 7.533975707e-03
 8.421547379e-03 7.554427993e-03 6.472555022e-03 5.411171473e-03 4.304004328e-03
 3.160939207e-03 1.986472031e-03 7.872824874e-04-4.284601431e-04-1.651603074e-03
-2.871532109e-03-4.066982207e-03-5.215357299e-03-6.293226655e-03-7.276580960e-03
-8.141099579e-03-8.862421255e-03-9.416417852e-03-9.779476932e-03-9.928801573e-03
-9.842763933e-03-9.501409705e-03-8.887154819e-03-7.985701746e-03-6.787037762e-03
-5.285956102e-03-3.483530056e-03-1.392669852e-03 9.584083631e-04 3.574156917e-03
 6.450480394e-03 9.580366699e-03 1.295533657e-02 1.656396863e-02 2.038809330e-02
 2.437199157e-02 2.875773690e-02 3.343449485e-02 3.826212574e-02 4.321171150e-02
 4.803589804e-02 5.243211785e-02 5.615832861e-02 5.907161796e-02 6.117137578e-02
 6.259436004e-02 6.354081833e-02 6.418418131e-02 6.463957643e-02 6.497368783e-02
 6.522182124e-02 6.540118717e-02 6.551953382e-02 6.558022925e-02 6.558503545e-02
 6.553550094e-02 6.543356822e-02 6.528175300e-02 6.508298019e-02 6.483328596e-02
 8.411933577e-04 1.909684274e-03 3.416525817e-03 5.369391324e-03 7.610733889e-03
 8.500732060e-03 7.610280869e-03 6.478348336e-03 5.304272986e-03 4.061149892e-03
 2.751611082e-03 1.381630612e-03-4.266383241e-05-1.514758171e-03-3.027863948e-03
-4.561735603e-03-6.093531955e-03-7.598593242e-03-9.050648044e-03-1.042208027e-02
-1.168420159e-02-1.280753556e-02-1.376212044e-02-1.451784050e-02-1.504480253e-02
-1.531378092e-02-1.529676440e-02-1.496766761e-02-1.430321753e-02-1.328405656e-02
-1.189617763e-02-1.013285806e-02-7.997022188e-03-5.503575435e-03-2.680170868e-03
 4.213376841e-04 3.770335525e-03 7.350886484e-03 1.114004690e-02 1.511059138e-02
 1.922884407e-02 2.349691318e-02 2.784334931e-02 3.238526139e-02 3.699081000e-02
 4.140772693e-02 4.552444389e-02 4.926089548e-02 5.255807469e-02 5.539477340e-02
 5.778796269e-02 5.978144836e-02 6.142999361e-02 6.278658794e-02 6.389606652e-02
 6.479387352e-02 6.550745268e-02 6.605838557e-02 6.646433152e-02 6.674045195e-02
 6.690031626e-02 6.695640407e-02 6.692033927e-02 6.680308196e-02 6.661996799e-02
 8.382648149e-04 1.901860486e-03 3.399476132e-03 5.336067138e-03 7.559303674e-03
 8.424460195e-03 7.438921152e-03 6.229728109e-03 4.946713057e-03 3.560903588e-03
 2.077707479e-03 5.025028699e-04-1.159650317e-03-2.903937593e-03-4.714012305e-03
-6.567476423e-03-8.439590594e-03-1.030335922e-02-1.212973583e-02-1.388785421e-02
-1.554529271e-02-1.706836627e-02-1.842244505e-02-1.957230385e-02-2.048251266e-02
-2.111788830e-02-2.144403656e-02-2.142801795e-02-2.103919126e-02-2.025029334e-02
-1.903881300e-02-1.738873720e-02-1.529275077e-02-1.275484490e-02-9.793655891e-03
-6.446073159e-03-2.768892207e-03 1.150792605e-03 5.265717091e-03 9.548132824e-03
 1.396700817e-02 1.849015131e-02 2.308393074e-02 2.771008186e-02 3.230360991e-02
 3.678256557e-02 4.107116550e-02 4.510574019e-02 4.883692414e-02 5.223130053e-02
 5.527155897e-02 5.795462423e-02 6.028838801e-02 6.228818039e-02 6.397386165e-02
 6.536783946e-02 6.649386534e-02 6.737630045e-02 6.803958704e-02 6.850778200e-02
 6.880411354e-02 6.895057916e-02 6.896761746e-02 6.887382456e-02 6.868401204e-02
 8.253991270e-04 1.871644512e-03 3.342948755e-03 5.242239486e-03 7.403888085e-03
 8.178093401e-03 7.142923742e-03 5.843489513e-03 4.430109419e-03 2.887139895e-03
 1.218618224e-03-5.721703323e-04-2.482335041e-03-4.501319936e-03-6.607974426e-03
-8.778331451e-03-1.098569305e-02-1.320079120e-02-1.539198211e-02-1.752548895e-02
-1.956568087e-02-2.147538096e-02-2.321619759e-02-2.474887753e-02-2.603368490e-02
-2.703081806e-02-2.770088645e-02-2.800548334e-02-2.790790142e-02-2.737405469e-02
-2.637368820e-02-2.488196325e-02-2.288150003e-02-2.036497068e-02-1.733822280e-02
-1.382408915e-02-9.866867417e-03-5.537066354e-03-9.330433730e-04 3.823514738e-03
 8.705767798e-03 1.367940364e-02 1.870703420e-02 2.374568700e-02 2.874604078e-02
 3.365357806e-02 3.841151849e-02 4.296406966e-02 4.725923679e-02 5.125116129e-02
 5.490205773e-02 5.818373338e-02 6.107862669e-02 6.358028224e-02 6.569317368e-02
 6.743181641e-02 6.881920042e-02 6.988469852e-02 7.066171384e-02 7.118537124e-02
 7.149051503e-02 7.161017546e-02 7.157455088e-02 7.141043239e-02 7.114055007e-02
 8.063186355e-04 1.827609408e-03 3.262453159e-03 5.112406624e-03 7.216834083e-03
 7.926545341e-03 6.777721272e-03 5.370058011e-03 3.814276613e-03 2.105302445e-03
 2.443880550e-04-1.767299887e-03-3.927064806e-03-6.215919546e-03-8.611490391e-03
-1.108823056e-02-1.361756418e-02-1.616807005e-02-1.870571693e-02-2.119414006e-02
-2.359495110e-02-2.586807112e-02-2.797207631e-02-2.986454893e-02-3.150243122e-02
-3.284238804e-02-3.384119464e-02-3.445617909e-02-3.464576621e-02-3.437018743e-02
-3.359244048e-02-3.227960270e-02-3.040462037e-02-2.794869804e-02-2.490442823e-02
-2.127970224e-02-1.710237262e-02-1.242563791e-02-7.334195333e-03-1.949586106e-03
 3.566184969e-03 9.174657652e-03 1.484448120e-02 2.053952322e-02 2.621756067e-02
 3.182984589e-02 3.732111178e-02 4.263019375e-02 4.769150055e-02 5.243764864e-02
 5.680347260e-02 6.073124429e-02 6.417637366e-02 6.711239330e-02 6.953394418e-02
 7.145689703e-02 7.291552315e-02 7.395745258e-02 7.463768762e-02 7.501297558e-02
 7.513744438e-02 7.505983334e-02 7.482218471e-02 7.445972194e-02 7.400596447e-02
 7.838507444e-04 1.776119623e-03 3.169195944e-03 4.963616415e-03 6.995570362e-03
 7.613737294e-03 6.365449224e-03 4.846046073e-03 3.145286007e-03 1.267879115e-03
-7.866127171e-04-3.019184388e-03-5.419071609e-03-7.965839391e-03-1.063563839e-02
-1.340124494e-02-1.623220456e-02-1.909504376e-02-2.195353838e-02-2.476902820e-02
-2.750076300e-02-3.010626424e-02-3.254168617e-02-3.476216268e-02-3.672213129e-02
-3.837563313e-02-3.967659942e-02-4.057914883e-02-4.103793819e-02-4.100862995e-02
-4.044856449e-02-3.931775142e-02-3.758032012e-02-3.520659417e-02-3.217596109e-02
-2.848071714e-02-2.413102014e-02-1.916094447e-02-1.363535890e-02-7.657470845e-03
-1.376585298e-03 5.016323369e-03 1.150249721e-02 1.805630710e-02 2.464477754e-02
 3.122462225e-02 3.773905840e-02 4.411467640e-02 5.025945041e-02 5.606381489e-02
 6.140710200e-02 6.617050328e-02 7.025476017e-02 7.359762913e-02 7.618525796e-02
 7.805354859e-02 7.927910160e-02 7.996304183e-02 8.021339469e-02 8.013122285e-02
 7.980283692e-02 7.929741495e-02 7.866801721e-02 7.795398935e-02 7.717627772e-02
 7.600421055e-04 1.721757947e-03 3.071216824e-03 4.808234121e-03 6.763645211e-03
 7.284401737e-03 5.958140572e-03 4.305625393e-03 2.461787118e-03 4.197310148e-04
-1.822676041e-03-4.265659349e-03-6.891675849e-03-9.679270823e-03-1.260323221e-02
-1.563474018e-02-1.874156754e-02-2.188834129e-02-2.503686069e-02-2.814645883e-02
-3.117439046e-02-3.407622572e-02-3.680622845e-02-3.931769985e-02-4.156327259e-02
-4.349514860e-02-4.506528465e-02-4.622554450e-02-4.692785512e-02-4.712442673e-02
-4.676812355e-02-4.581310289e-02-4.421587559e-02-4.193697563e-02-3.894346120e-02
-3.521248453e-02-3.073616094e-02-2.552792033e-02-1.963041269e-02-1.312468423e-02
-6.139923933e-03 1.135930753e-03 8.557190869e-03 1.612233913e-02 2.382180829e-02
 3.163409865e-02 3.951836534e-02 4.740285528e-02 5.516907935e-02 6.263567990e-02
 6.955503504e-02 7.564217654e-02 8.063873893e-02 8.438205294e-02 8.684721161e-02
 8.815107094e-02 8.851630930e-02 8.820502689e-02 8.745421413e-02 8.644364404e-02
 8.529530576e-02 8.408644261e-02 8.286361597e-02 8.165367899e-02 8.047567987e-02
 7.363689254e-04 1.667809526e-03 2.974213817e-03 4.654887993e-03 6.551318630e-03
 7.010200416e-03 5.536644276e-03 3.776825483e-03 1.796570047e-03-4.020299524e-04
-2.822433305e-03-5.458387088e-03-8.290976173e-03-1.129738185e-02-1.445091976e-02
-1.772117873e-02-2.107424513e-02-2.447300251e-02-2.787749402e-02-3.124532942e-02
-3.453211457e-02-3.769187765e-02-4.067746605e-02-4.344088919e-02-4.593358716e-02
-4.810661307e-02-4.991072756e-02-5.129641900e-02-5.221388112e-02-5.261300243e-02
-5.244345006e-02-5.165496342e-02-5.019801235e-02-4.802501825e-02-4.509238180e-02
-4.136360210e-02-3.681379241e-02-3.143587359e-02-2.524861986e-02-1.830653453e-02
-1.071113120e-02-2.622144587e-03 5.733564676e-03 1.434457214e-02 2.324264037e-02
 3.246125615e-02 4.203034750e-02 5.196299146e-02 6.222247845e-02 7.263861921e-02
 8.272317083e-02 9.156379711e-02 9.828590723e-02 1.024301472e-01 1.039455305e-01
 1.032275647e-01 1.011065696e-01 9.846303314e-02 9.578190302e-02 9.324871140e-02
 9.091890036e-02 8.879603502e-02 8.686377738e-02 8.509942486e-02 8.347980649e-02
 7.139443880e-04 1.616763909e-03 2.882551796e-03 4.510134873e-03 6.329534359e-03
 6.686580197e-03 5.159773006e-03 3.282732942e-03 1.176482233e-03-1.165245711e-03
-3.747035312e-03-6.556162241e-03-9.572773543e-03-1.277287480e-02-1.612844242e-02
-1.960761217e-02-2.317494980e-02-2.679179860e-02-3.041669032e-02-3.400579934e-02
-3.751341416e-02-4.089239698e-02-4.409460105e-02-4.707121691e-02-4.977302317e-02
-5.215052554e-02-5.415397813e-02-5.573329592e-02-5.683788505e-02-5.741643985e-02
-5.741678333e-02-5.678586106e-02-5.547003973e-02-5.341590930e-02-5.057184238e-02
-4.689061895e-02-4.233346968e-02-3.687590611e-02-3.051565874e-02-2.328287616e-02
-1.525240810e-02-6.557558581e-03 2.596108109e-03 1.209545303e-02 2.202120839e-02
 3.248030181e-02 4.361885084e-02 5.564283643e-02 6.885513807e-02 8.374156860e-02
 1.013080857e-01 1.166576082e-01 1.268600922e-01 1.313167024e-01 1.298401626e-01
 1.234025326e-01 1.145509421e-01 1.079956598e-01 1.028534497e-01 9.869522733e-02
 9.525455430e-02 9.235048493e-02 8.985498099e-02 8.767509670e-02 8.573962029e-02
 6.936417152e-04 1.570583694e-03 2.799701961e-03 4.379487858e-03 6.141823250e-03
 6.433344863e-03 4.815336784e-03 2.839332464e-03 6.212069791e-04-1.847339467e-03
-4.569367932e-03-7.528398605e-03-1.070358405e-02-1.406980328e-02-1.759779937e-02
-2.125440368e-02-2.500284770e-02-2.880315515e-02-3.261259869e-02-3.638619856e-02
-4.007723414e-02-4.363773631e-02-4.701892675e-02-5.017157241e-02-5.304622782e-02
-5.559334583e-02-5.776324812e-02-5.950596109e-02-6.077094006e-02-6.150672667e-02
-6.166061093e-02-6.117840249e-02-6.000445695e-02-5.808215258e-02-5.535507135e-02
-5.176920176e-02-4.727653988e-02-4.184049996e-02-3.544352244e-02-2.809713219e-02
-1.985437149e-02-1.082388185e-02-1.183901177e-03 8.823682914e-03 1.928392612e-02
 3.031779440e-02 4.210037809e-02 5.489073004e-02 6.908415782e-02 8.530483098e-02
 1.049412728e-01 1.205770622e-01 1.354374015e-01 1.382380913e-01 1.358554287e-01
 1.282744334e-01 1.179697308e-01 1.105259634e-01 1.048376531e-01 1.003511104e-01
 9.671015026e-02 9.368027710e-02 9.110252100e-02 8.886612570e-02 8.689724135e-02
 6.761444963e-04 1.530807448e-03 2.728389973e-03 4.267136104e-03 5.984453423e-03
 6.225266558e-03 4.507444400e-03 2.459458318e-03 1.463885025e-04-2.429959129e-03
-5.268580115e-03-8.352012660e-03-1.165841798e-02-1.516162266e-02-1.883126669e-02
-2.263305041e-02-2.652907760e-02-3.047828447e-02-3.443693568e-02-3.835916203e-02
-4.219750808e-02-4.590345488e-02-4.942788175e-02-5.272143290e-02-5.573476013e-02
-5.841862016e-02-6.072381681e-02-6.260099195e-02-6.400028632e-02-6.487091308e-02
-6.516071228e-02-6.481578782e-02-6.378036858e-02-6.199708638e-02-5.940792447e-02
-5.595615966e-02-5.158969235e-02-4.626621476e-02-3.996067989e-02-3.267545287e-02
-2.445328714e-02-1.539280091e-02-5.665360394e-03 4.468487040e-03 1.491322762e-02
 2.573493070e-02 3.701348289e-02 4.884162919e-02 6.131434596e-02 7.447808873e-02
 8.795263563e-02 9.964072690e-02 1.087548991e-01 1.140799456e-01 1.151808307e-01
 1.127015359e-01 1.083919993e-01 1.043017184e-01 1.007293864e-01 9.763666533e-02
 9.494704828e-02 9.258563805e-02 9.048819667e-02 8.860226434e-02 8.687912262e-02
 6.619731273e-04 1.498607794e-03 2.670695293e-03 4.176249455e-03 5.843485832e-03
 6.015778993e-03 4.281912001e-03 2.154177858e-03-2.351834755e-04-2.897311016e-03
-5.828140539e-03-9.009549642e-03-1.241892752e-02-1.602925925e-02-1.980929892e-02
-2.372384414e-02-2.773410982e-02-3.179818999e-02-3.587158795e-02-3.990778716e-02
-4.385882992e-02-4.767586684e-02-5.130963976e-02-5.471086267e-02-5.783047088e-02
-6.061971659e-02-6.303010062e-02-6.501314410e-02-6.652002103e-02-6.750109380e-02
-6.790541936e-02-6.768032559e-02-6.677119809e-02-6.512166750e-02-6.267444934e-02
-5.937315956e-02-5.516550374e-02-5.000830152e-02-4.387483083e-02-3.676491168e-02
-2.871792540e-02-1.982848970e-02-1.026369818e-02-2.795653346e-04 9.824914380e-03
 2.004318848e-02 3.035233481e-02 4.069775750e-02 5.096583859e-02 6.094454888e-02
 7.029188283e-02 7.857030151e-02 8.536159115e-02 9.037832290e-02 9.355242895e-02
 9.507747829e-02 9.535061063e-02 9.481961799e-02 9.383855111e-02 9.263162474e-02
 9.132593026e-02 8.998973872e-02 8.865827519e-02 8.734882063e-02 8.607267089e-02
 6.515039345e-04 1.474829904e-03 2.628111703e-03 4.109279762e-03 5.755444093e-03
 5.911525009e-03 4.097813965e-03 1.929564743e-03-5.149310022e-04-3.239355477e-03
-6.236950074e-03-9.489080273e-03-1.297256685e-02-1.665977739e-02-2.051881833e-02
-2.451383163e-02-2.860539284e-02-3.275099891e-02-3.690562464e-02-4.102231943e-02
-4.505280992e-02-4.894807067e-02-5.265882459e-02-5.613593722e-02-5.933067454e-02
-6.219480298e-02-6.468052125e-02-6.674022855e-02-6.832615058e-02-6.938986578e-02
-6.988179958e-02-6.975078594e-02-6.894383502e-02-6.740629494e-02-6.508265626e-02
-6.191831697e-02-5.786269956e-02-5.287417286e-02-4.692725360e-02-4.002249731e-02
-3.219926594e-02-2.355109398e-02-1.424257869e-02-4.525579495e-03 5.249177926e-03
 1.493404118e-02 2.447574463e-02 3.379561031e-02 4.278401012e-02 5.129837680e-02
 5.916974704e-02 6.622167406e-02 7.229958511e-02 7.730217401e-02 8.120427652e-02
 8.406245698e-02 8.599985875e-02 8.717593680e-02 8.775419763e-02 8.787985219e-02
 8.767065412e-02 8.721708765e-02 8.658673638e-02 8.582948943e-02 8.498381908e-02
 6.449894292e-04 1.460035228e-03 2.601618307e-03 4.067579292e-03 5.688844518e-03
 5.810643974e-03 3.992282964e-03 1.790895561e-03-6.874619443e-04-3.449832077e-03
-6.488002348e-03-9.783028074e-03-1.331137415e-02-1.704502230e-02-2.095167686e-02
-2.499507590e-02-2.913540499e-02-3.332980132e-02-3.753292691e-02-4.169758154e-02
-4.577532065e-02-4.971703962e-02-5.347348566e-02-5.699566132e-02-6.023508923e-02
-6.314391692e-02-6.567485181e-02-6.778093156e-02-6.941515161e-02-7.052999303e-02
-7.107691871e-02-7.100593697e-02-7.026537045e-02-6.880201622e-02-6.656194145e-02
-6.349222600e-02-5.954403236e-02-5.467743945e-02-4.886849101e-02-4.211883453e-02
-3.446809306e-02-2.600863432e-02-1.690159679e-02-7.391866078e-03 2.181655792e-03
 1.155645804e-02 2.067926753e-02 2.948103897e-02 3.787812837e-02 4.577582458e-02
 5.307496303e-02 5.968155680e-02 6.551817306e-02 7.053467962e-02 7.471560810e-02
 7.808204065e-02 8.068748955e-02 8.260911757e-02 8.393696151e-02 8.476392576e-02
 8.517832495e-02 8.525944284e-02 8.507564278e-02 8.468412787e-02 8.412731426e-02
 6.425870760e-04 1.454571767e-03 2.591811863e-03 4.052080799e-03 5.664184213e-03
 5.772665916e-03 3.955429306e-03 1.740076950e-03-7.498170771e-04-3.525194584e-03
-6.577332344e-03-9.887134657e-03-1.343091468e-02-1.718050098e-02-2.110344448e-02
-2.516333300e-02-2.932020967e-02-3.353108255e-02-3.775050344e-02-4.193118645e-02
-4.602463106e-02-4.998171100e-02-5.375318995e-02-5.729012795e-02-6.054414831e-02
-6.346754370e-02-6.601321198e-02-6.813442688e-02-6.978446578e-02-7.091613773e-02
-7.148127988e-02-7.143032115e-02-7.071205054e-02-6.927377497e-02-6.706210907e-02
-6.402470518e-02-6.011329902e-02-5.528849984e-02-4.952676469e-02-4.282991595e-02
-3.523732212e-02-2.684037536e-02-1.779808573e-02-8.351440231e-03 1.167240287e-03
 1.045729233e-02 1.946700940e-02 2.813209614e-02 3.637776661e-02 4.412265150e-02
 5.128461322e-02 5.778808393e-02 6.357196352e-02 6.859667363e-02 7.284889583e-02
 7.634293438e-02 7.911844333e-02 8.123516044e-02 8.276595171e-02 8.378965385e-02
 8.438491342e-02 8.462567311e-02 8.457841777e-02 8.430105521e-02 8.384829464e-02
 6.443788864e-04 1.458633443e-03 2.599065393e-03 4.063485367e-03 5.691446246e-03
 5.827052604e-03 3.970455177e-03 1.778776940e-03-7.002489547e-04-3.463827391e-03
-6.503367848e-03-9.799839398e-03-1.332964063e-02-1.706469765e-02-2.097266671e-02
-2.501724413e-02-2.915857996e-02-3.335378250e-02-3.755749192e-02-4.172249367e-02
-4.580033646e-02-4.974191639e-02-5.349798823e-02-5.701956789e-02-6.025819564e-02
-6.316603875e-02-6.569582398e-02-6.780060452e-02-6.943338350e-02-7.054663681e-02
-7.109180304e-02-7.101883933e-02-7.027598066e-02-6.880988803e-02-6.656642990e-02
-6.349240807e-02-5.953860954e-02-5.466462271e-02-4.884587304e-02-4.208326106e-02
-3.441555736e-02-2.593423650e-02-1.679963380e-02-7.256156853e-03 2.357246145e-03
 1.177973604e-02 2.095790098e-02 2.982149842e-02 3.828421356e-02 4.624697348e-02
 5.360478875e-02 6.025720402e-02 6.612097542e-02 7.114221989e-02 7.530478720e-02
 7.863235905e-02 8.118362307e-02 8.304213613e-02 8.430409096e-02 8.506727287e-02
 8.542319495e-02 8.545276019e-02 8.522472885e-02 8.479585866e-02 8.420646767e-02
 6.503459672e-04 1.472186159e-03 2.623341634e-03 4.101662501e-03 5.735410680e-03
 5.868491842e-03 4.086185866e-03 1.907987353e-03-5.391312400e-04-3.266438765e-03
-6.267051990e-03-9.522254737e-03-1.300877797e-02-1.669890103e-02-2.056064687e-02
-2.455808101e-02-2.865171205e-02-3.279898138e-02-3.695482147e-02-4.107225381e-02
-4.510299226e-02-4.899801366e-02-5.270805739e-02-5.618401782e-02-5.937719949e-02
-6.223941333e-02-6.472290378e-02-6.678011110e-02-6.836328996e-02-6.942402667e-02
-6.991272214e-02-6.977813937e-02-6.896715336e-02-6.742489092e-02-6.509550791e-02
-6.192392173e-02-5.785889101e-02-5.285789781e-02-4.689431234e-02-3.996725997e-02
-3.211439425e-02-2.342732148e-02-1.406863541e-02-4.288351976e-03 5.563436897e-03
 1.534403492e-02 2.500212794e-02 3.445918004e-02 4.360192943e-02 5.227827092e-02
 6.030296395e-02 6.747877118e-02 7.363099140e-02 7.864474656e-02 8.249236970e-02
 8.524036985e-02 8.703117052e-02 8.804615470e-02 8.846684430e-02 8.844957042e-02
 8.811693260e-02 8.756007768e-02 8.684501262e-02 8.601913331e-02 8.511901926e-02
 6.603422292e-04 1.494898121e-03 2.664038969e-03 4.165778451e-03 5.833320077e-03
 6.012210116e-03 4.248992908e-03 2.123560217e-03-2.697306592e-04-2.936560623e-03
-5.872223899e-03-9.058483623e-03-1.247261346e-02-1.608748016e-02-1.987172204e-02
-2.379002826e-02-2.780351695e-02-3.187020084e-02-3.594552059e-02-3.998291820e-02
-4.393441708e-02-4.775117206e-02-5.138395150e-02-5.478351628e-02-5.790086573e-02
-6.068732861e-02-6.309448897e-02-6.507395040e-02-6.657695949e-02-6.755393008e-02
-6.795393544e-02-6.772426706e-02-6.681019929e-02-6.515514849e-02-6.270147774e-02
-5.939226894e-02-5.517446025e-02-5.000381170e-02-4.385218771e-02-3.671758437e-02
-2.863711152e-02-1.970267549e-02-1.007830446e-02-1.693207439e-05 1.018966199e-02
 2.054061221e-02 3.102348109e-02 4.159563359e-02 5.215329795e-02 6.248065077e-02
 7.219748502e-02 8.079362021e-02 8.778285242e-02 9.282798529e-02 9.584488366e-02
 9.706334548e-02 9.696164632e-02 9.607221768e-02 9.479050413e-02 9.334549617e-02
 9.185540605e-02 9.037741833e-02 8.893698744e-02 8.754357885e-02 8.620214826e-02
 6.740979251e-04 1.526161213e-03 2.720076023e-03 4.254062025e-03 5.963200785e-03
 6.192948302e-03 4.480220584e-03 2.421240580e-03 1.022755910e-04-2.480639651e-03
-5.325966613e-03-8.416111711e-03-1.172908141e-02-1.523854596e-02-1.891399278e-02
-2.272097886e-02-2.662147929e-02-3.057432113e-02-3.453568399e-02-3.845964119e-02
-4.229871000e-02-4.600437557e-02-4.952755257e-02-5.281895028e-02-5.582931217e-02
-5.850950874e-02-6.081047380e-02-6.268298781e-02-6.407732975e-02-6.494283928e-02
-6.522745756e-02-6.487734684e-02-6.383672980e-02-6.204813976e-02-5.945333397e-02
-5.599519215e-02-5.162099357e-02-4.628752405e-02-3.996847764e-02-3.266454183e-02
-2.441631786e-02-1.531974801e-02-5.542949877e-03 4.657917913e-03 1.518968429e-02
 2.613013549e-02 3.757702439e-02 4.965349107e-02 6.251098368e-02 7.632791328e-02
 9.100815335e-02 1.033777062e-01 1.132553226e-01 1.186902416e-01 1.192772095e-01
 1.157827423e-01 1.102617275e-01 1.055206091e-01 1.015539647e-01 9.820144633e-02
 9.533320410e-02 9.284530801e-02 9.065624074e-02 8.870270332e-02 8.692912253e-02
 6.912178317e-04 1.565086447e-03 2.789879337e-03 4.364056271e-03 6.116503852e-03
 6.391570177e-03 4.778356161e-03 2.793813479e-03 5.681729728e-04-1.908730548e-03
-4.639389664e-03-7.607066718e-03-1.079071099e-02-1.416500172e-02-1.770048937e-02
-2.136382440e-02-2.511807465e-02-2.892312319e-02-3.273613068e-02-3.651203869e-02
-4.020408505e-02-4.376429849e-02-4.714393883e-02-5.029385074e-02-5.316470381e-02
-5.570709959e-02-5.787153712e-02-5.960824251e-02-6.086688552e-02-6.159622790e-02
-6.174377442e-02-6.125553069e-02-6.007601261e-02-5.814870185e-02-5.541720044e-02
-5.182740120e-02-4.733105089e-02-4.189112023e-02-3.548937519e-02-2.813640774e-02
-1.988406256e-02-1.083959896e-02-1.179900695e-03 8.850511563e-03 1.933506455e-02
 3.039764193e-02 4.221812942e-02 5.506316046e-02 6.933879838e-02 8.566969983e-02
 1.048194858e-01 1.215400716e-01 1.326735916e-01 1.375791814e-01 1.358115093e-01
 1.283028526e-01 1.182782286e-01 1.107127813e-01 1.049337170e-01 1.003849488e-01
 9.670076163e-02 9.364005104e-02 9.103972548e-02 8.878646569e-02 8.680523614e-02
 7.111670324e-04 1.610468856e-03 2.871313518e-03 4.492556932e-03 6.314313711e-03
 6.682434696e-03 5.103824684e-03 3.230105019e-03 1.115149514e-03-1.236434802e-03
-3.828971046e-03-6.648795202e-03-9.675839578e-03-1.288588835e-02-1.625069456e-02
-1.973817761e-02-2.331270261e-02-2.693543602e-02-3.056476389e-02-3.415675223e-02
-3.766562362e-02-4.104422035e-02-4.424442386e-02-4.721750136e-02-4.991435569e-02
-5.228566186e-02-5.428188496e-02-5.585318827e-02-5.694925843e-02-5.751909684e-02
-5.751085352e-02-5.687181358e-02-5.554868647e-02-5.348839694e-02-5.063963066e-02
-4.695544334e-02-4.239728919e-02-3.694084018e-02-3.058392161e-02-2.335674852e-02
-1.533431751e-02-6.650195788e-03 2.489781277e-03 1.195814432e-02 2.183132933e-02
 3.220787346e-02 4.321973702e-02 5.504819790e-02 6.795179737e-02 8.234265952e-02
 9.951210130e-02 1.151665183e-01 1.260496520e-01 1.287079243e-01 1.271108250e-01
 1.213038693e-01 1.130009858e-01 1.069231076e-01 1.020766773e-01 9.810649747e-02
 9.478964012e-02 9.196967400e-02 8.953284889e-02 8.739482376e-02 8.548862649e-02
 7.332504400e-04 1.660743834e-03 2.961607024e-03 4.635112800e-03 6.512591180e-03
 6.941423156e-03 5.496757686e-03 3.717924249e-03 1.727071374e-03-4.830253589e-04
-2.916072310e-03-5.564633120e-03-8.409555845e-03-1.142775055e-02-1.459225997e-02
-1.787240897e-02-2.123403679e-02-2.463980464e-02-2.804956579e-02-3.142077968e-02
-3.470894725e-02-3.786804183e-02-4.085090909e-02-4.360961131e-02-4.609569629e-02
-4.826037852e-02-5.005463206e-02-5.142920851e-02-5.233461246e-02-5.272108923e-02
-5.253870739e-02-5.173765167e-02-5.026888070e-02-4.808534775e-02-4.514402840e-02
-4.140903869e-02-3.685614830e-02-3.147897828e-02-2.529708124e-02-1.836583319e-02
-1.078770202e-02-2.724111041e-03 5.593855260e-03 1.414216860e-02 2.294598265e-02
 3.202935403e-02 4.140837582e-02 5.107603612e-02 6.096812225e-02 7.088793647e-02
 8.037605280e-02 8.868134602e-02 9.508887776e-02 9.919665641e-02 1.009614936e-01
 1.007208399e-01 9.914516173e-02 9.695905445e-02 9.461898990e-02 9.233426937e-02
 9.018599528e-02 8.819698535e-02 8.636447238e-02 8.467524123e-02 8.311360083e-02
 7.565836555e-04 1.713925906e-03 3.057252535e-03 4.786391762e-03 6.733749377e-03
 7.247382488e-03 5.898875784e-03 4.239663209e-03 2.384162807e-03 3.291036395e-04
-1.927576082e-03-4.385021519e-03-7.025232214e-03-9.826414055e-03-1.276303325e-02
-1.580595713e-02-1.892266046e-02-2.207749538e-02-2.523201723e-02-2.834535358e-02
-3.137459854e-02-3.427521160e-02-3.700139961e-02-3.950646263e-02-4.174308894e-02
-4.366359274e-02-4.522009931e-02-4.636469702e-02-4.704959433e-02-4.722734246e-02
-4.685121105e-02-4.587583522e-02-4.425828650e-02-4.195975555e-02-3.894806559e-02
-3.520125756e-02-3.071248316e-02-2.549636598e-02-1.959683672e-02-1.309637328e-02
-6.126031329e-03 1.125989866e-03 8.503851728e-03 1.600190683e-02 2.360668287e-02
 3.129249674e-02 3.901462170e-02 4.669912869e-02 5.423001988e-02 6.143786266e-02
 6.810065622e-02 7.397046655e-02 7.882572061e-02 8.252693359e-02 8.505154014e-02
 8.649733913e-02 8.705315970e-02 8.694571275e-02 8.638683247e-02 8.554408279e-02
 8.453642621e-02 8.344276832e-02 8.231310488e-02 8.117802145e-02 8.005987580e-02
 7.800336207e-04 1.767487058e-03 3.153835000e-03 4.939652744e-03 6.966725412e-03
 7.583246088e-03 6.305370256e-03 4.773025771e-03 3.059278136e-03 1.167751512e-03
-9.020494642e-04-3.151083400e-03-5.566995895e-03-8.129075501e-03-1.081312499e-02
-1.359156540e-02-1.643359450e-02-1.930540725e-02-2.217047356e-02-2.498986067e-02
-2.772258586e-02-3.032598319e-02-3.275606815e-02-3.496788663e-02-3.691583953e-02
-3.855398297e-02-3.983631487e-02-4.071707353e-02-4.115109187e-02-4.109427245e-02
-4.050427209e-02-3.934151192e-02-3.757065536e-02-3.516271807e-02-3.209798900e-02
-2.836992020e-02-2.399008464e-02-1.899426543e-02-1.344962521e-02-7.461984337e-03
-1.182408886e-03 5.196483580e-03 1.164976716e-02 1.815003226e-02 2.466289235e-02
 3.114459523e-02 3.753931038e-02 4.377662684e-02 4.977027224e-02 5.541967299e-02
 6.061609964e-02 6.525407857e-02 6.924640326e-02 7.253871030e-02 7.511893307e-02
 7.701847224e-02 7.830474260e-02 7.906772389e-02 7.940502240e-02 7.940967750e-02
 7.916280490e-02 7.873081916e-02 7.816575221e-02 7.750699344e-02 7.677584293e-02
 8.020763232e-04 1.818034976e-03 3.245468465e-03 5.085971147e-03 7.172254177e-03
 7.852709582e-03 6.713344750e-03 5.288465746e-03 3.718920346e-03 1.994909633e-03
 1.176842625e-04-1.911670388e-03-4.088971686e-03-6.394624274e-03-8.805829160e-03
-1.129662371e-02-1.383802025e-02-1.639820191e-02-1.894276244e-02-2.143498888e-02
-2.383617692e-02-2.610596777e-02-2.820269632e-02-3.008374281e-02-3.170588636e-02
-3.302566638e-02-3.399976919e-02-3.458547194e-02-3.474119140e-02-3.442720492e-02
-3.360663259e-02-3.224678713e-02-3.032101358e-02-2.781114799e-02-2.471070300e-02
-2.102888548e-02-1.679550662e-02-1.206643358e-02-6.928680321e-03-1.506584813e-03
 4.027633386e-03 9.639735744e-03 1.529543126e-02 2.095605618e-02 2.657864740e-02
 3.211549468e-02 3.751397643e-02 4.271693771e-02 4.766394449e-02 5.229368140e-02
 5.654757302e-02 6.037437727e-02 6.373508008e-02 6.660708956e-02 6.898669344e-02
 7.088909212e-02 7.234594574e-02 7.340103646e-02 7.410508086e-02 7.451077463e-02
 7.466884999e-02 7.462547087e-02 7.442090014e-02 7.408926716e-02 7.366408148e-02
 8.205848625e-04 1.860801100e-03 3.323770587e-03 5.212581359e-03 7.369023077e-03
 8.146024532e-03 7.063308064e-03 5.751776150e-03 4.324327059e-03 2.765586572e-03
 1.080234080e-03-7.284632835e-04-2.657634092e-03-4.694777397e-03-6.818270905e-03
-9.003672246e-03-1.122383207e-02-1.344903172e-02-1.564718881e-02-1.778410509e-02
-1.982375014e-02-2.172857213e-02-2.345982995e-02-2.497794488e-02-2.624287642e-02
-2.721453512e-02-2.785325737e-02-2.812037592e-02-2.797893997e-02-2.739465129e-02
-2.633709487e-02-2.478136113e-02-2.271016526e-02-2.011655812e-02-1.700734020e-02
-1.340707092e-02-9.362287246e-03-4.946620814e-03-2.662596805e-04 4.564615524e-03
 9.507618477e-03 1.452333134e-02 1.956740511e-02 2.459248900e-02 2.954938881e-02
 3.438788841e-02 3.905732921e-02 4.350795666e-02 4.769316510e-02 5.157199898e-02
 5.511129417e-02 5.828716688e-02 6.108580817e-02 6.350364357e-02 6.554691378e-02
 6.723070784e-02 6.857749689e-02 6.961528448e-02 7.037556623e-02 7.089133098e-02
 7.119531247e-02 7.131862913e-02 7.128985896e-02 7.113447399e-02 7.087325005e-02
 8.326345004e-04 1.889187630e-03 3.377098930e-03 5.301517192e-03 7.503979159e-03
 8.340457383e-03 7.358540151e-03 6.129694936e-03 4.828134727e-03 3.425969475e-03
 1.925700547e-03 3.326446179e-04-1.348209288e-03-3.111874661e-03-4.939666078e-03
-6.808815645e-03-8.694092518e-03-1.056801056e-02-1.240102883e-02-1.416179561e-02
-1.581741840e-02-1.733375791e-02-1.867574544e-02-1.980772849e-02-2.069385591e-02
-2.129852232e-02-2.158689696e-02-2.152558727e-02-2.108347855e-02-2.023281361e-02
-1.895060354e-02-1.722044354e-02-1.503476912e-02-1.239757185e-02-9.327504505e-03
-5.861706877e-03-2.059724281e-03 1.983365634e-03 6.233813876e-03 1.065654387e-02
 1.521293653e-02 1.985511749e-02 2.452362441e-02 2.915025030e-02 3.367741090e-02
 3.805458283e-02 4.222583708e-02 4.613517849e-02 4.973594801e-02 5.299683355e-02
 5.590351833e-02 5.845672386e-02 6.066822631e-02 6.255660748e-02 6.414392444e-02
 6.545363164e-02 6.650950607e-02 6.733514857e-02 6.795371439e-02 6.838768246e-02
 6.865860238e-02 6.878683173e-02 6.879129962e-02 6.868928800e-02 6.849531347e-02
 8.344516759e-04 1.894440819e-03 3.389461700e-03 5.327408834e-03 7.549972397e-03
 8.416907086e-03 7.510640750e-03 6.347337332e-03 5.167806074e-03 3.908552985e-03
 2.582492148e-03 1.195397840e-03-2.468309502e-04-1.737896847e-03-3.268948203e-03
-4.818575126e-03-6.363398785e-03-7.878168622e-03-9.336053134e-03-1.070889964e-02
-1.196750594e-02-1.308190149e-02-1.402164575e-02-1.475615266e-02-1.525505708e-02
-1.548864809e-02-1.542842424e-02-1.504778165e-02-1.432290682e-02-1.323390863e-02
-1.176619659e-02-9.912298036e-03-7.674193677e-03-5.065555972e-03-2.115544907e-03
 1.120515303e-03 4.626372360e-03 8.386795882e-03 1.238546238e-02 1.660239756e-02
 2.101164427e-02 2.556327555e-02 3.024343416e-02 3.472483972e-02 3.904551547e-02
 4.325224685e-02 4.720582260e-02 5.078960369e-02 5.392768393e-02 5.659413066e-02
 5.881024148e-02 6.062855344e-02 6.211222389e-02 6.331982312e-02 6.429878523e-02
 6.508496073e-02 6.570485600e-02 6.617840469e-02 6.652131535e-02 6.674673707e-02
 6.686629973e-02 6.689068715e-02 6.682990677e-02 6.669349757e-02 6.649565118e-02
 8.222983262e-04 1.867252716e-03 3.342035016e-03 5.256308734e-03 7.467578873e-03
 8.347695695e-03 7.424281542e-03 6.333524159e-03 5.247689583e-03 4.128001390e-03
 2.971200981e-03 1.781504374e-03 5.658955579e-04-6.671157393e-04-1.908188839e-03
-3.143810254e-03-4.351793009e-03-5.508939608e-03-6.591228899e-03-7.574110374e-03
-8.432765849e-03-9.142372187e-03-9.678368019e-03-1.001673581e-02-1.013430872e-02
-1.000912708e-02-9.620835670e-03-8.951420321e-03-7.986089126e-03-6.714197740e-03
-5.130106054e-03-3.235421987e-03-1.044428133e-03 1.420666228e-03 4.165308626e-03
 7.187401252e-03 1.048680357e-02 1.406522133e-02 1.792617734e-02 2.207759370e-02
 2.654083530e-02 3.118883664e-02 3.585189487e-02 4.066869965e-02 4.553361269e-02
 5.027375886e-02 5.460873566e-02 5.823613021e-02 6.097812902e-02 6.283316071e-02
 6.397505320e-02 6.465325854e-02 6.506342968e-02 6.532373805e-02 6.549756811e-02
 6.561510976e-02 6.568846211e-02 6.572092123e-02 6.571217267e-02 6.566097139e-02
 6.556639298e-02 6.542831125e-02 6.524747691e-02 6.502528012e-02 6.475567906e-02
 7.952830670e-04 1.804974449e-03 3.227660568e-03 5.068698055e-03 7.165365066e-03
 7.867564299e-03 6.791004843e-03 5.880632977e-03 4.973098971e-03 4.018711285e-03
 3.031517017e-03 2.026463507e-03 1.017784321e-03 1.927598013e-05-9.556140706e-04
-1.893718174e-03-2.778714783e-03-3.589224982e-03-4.304302418e-03-4.903617845e-03
-5.367698282e-03-5.678150887e-03-5.817915816e-03-5.771514212e-03-5.525246568e-03
-5.067219564e-03-4.387185165e-03-3.477571943e-03-2.335151055e-03-9.637553110e-04
 6.342358376e-04 2.467428260e-03 4.540968214e-03 6.859524303e-03 9.431686913e-03
 1.226812683e-02 1.538169053e-02 1.878791326e-02 2.250551464e-02 2.655604502e-02
 3.095861008e-02 3.571452630e-02 4.085444634e-02 4.647994016e-02 5.271472503e-02
 5.987738731e-02 6.660896620e-02 7.123981159e-02 7.342539320e-02 7.309106686e-02
 7.132455187e-02 6.988052603e-02 6.866865808e-02 6.770641565e-02 6.695404869e-02
 6.635992854e-02 6.587873642e-02 6.547447365e-02 6.511970989e-02 6.479402278e-02
 6.448246908e-02 6.417429299e-02 6.386187842e-02 6.353998652e-02 6.320961487e-02
 7.566824163e-04 1.716896664e-03 3.068613470e-03 4.814746697e-03 6.790997196e-03
 7.344447749e-03 6.121641128e-03 5.243070892e-03 4.457894276e-03 3.615574100e-03
 2.750695043e-03 1.886540386e-03 1.043834916e-03 2.413178882e-04-5.039397947e-04
-1.176292356e-03-1.761244152e-03-2.243186669e-03-2.604871577e-03-2.831187210e-03
-2.909261543e-03-2.828613751e-03-2.581511329e-03-2.163479604e-03-1.574052536e-03
-8.180365352e-04 1.059006300e-04 1.197716580e-03 2.456588434e-03 3.882111712e-03
 5.476514177e-03 7.246462557e-03 9.202381782e-03 1.135832521e-02 1.373160040e-02
 1.634320441e-02 1.921827563e-02 2.238503983e-02 2.587411334e-02 2.971964698e-02
 3.396388883e-02 3.866722972e-02 4.392434676e-02 4.988725094e-02 5.679725498e-02
 6.491627630e-02 7.226609202e-02 7.716368524e-02 7.964484192e-02 7.964440293e-02
 7.700607208e-02 7.335772320e-02 7.077632222e-02 6.893363603e-02 6.756319051e-02
 6.650508700e-02 6.565922435e-02 6.496019005e-02 6.436369302e-02 6.383888974e-02
 6.336384003e-02 6.292270644e-02 6.250397789e-02 6.209937799e-02 6.170417553e-02
 7.082951849e-04 1.608442009e-03 2.878399869e-03 4.524556064e-03 6.393943558e-03
 6.844496780e-03 5.500270928e-03 4.581818631e-03 3.750569440e-03 2.911082533e-03
 2.082047331e-03 1.287873638e-03 5.519541137e-04-1.043185645e-04-6.619670742e-04
-1.104520547e-03-1.417877824e-03-1.589994176e-03-1.610293353e-03-1.470799479e-03
-1.167315355e-03-6.981658042e-04-6.535434623e-05 7.251826924e-04 1.663653071e-03
 2.737147382e-03 3.931835702e-03 5.234164401e-03 6.632843059e-03 8.121064475e-03
 9.698383184e-03 1.137150581e-02 1.315465430e-02 1.508058525e-02 1.717369359e-02
 1.944853211e-02 2.196584004e-02 2.476654963e-02 2.789301156e-02 3.137766274e-02
 3.523241205e-02 3.949792573e-02 4.422503653e-02 4.947360987e-02 5.532078782e-02
 6.188058898e-02 6.782815987e-02 7.203951041e-02 7.447514280e-02 7.504880906e-02
 7.362022960e-02 7.124260869e-02 6.936484757e-02 6.785093255e-02 6.660595308e-02
 6.556241314e-02 6.467158600e-02 6.389786889e-02 6.321476028e-02 6.260211886e-02
 6.204435245e-02 6.152923074e-02 6.104709953e-02 6.059028430e-02 6.015030013e-02
 6.461208389e-04 1.469699280e-03 2.636348136e-03 4.156822661e-03 5.875714457e-03
 6.156044705e-03 4.697231640e-03 3.625384776e-03 2.682893181e-03 1.755284034e-03
 8.757823029e-04 7.574516180e-05-6.162124893e-04-1.175377098e-03-1.581580652e-03
-1.819209003e-03-1.876740018e-03-1.746125881e-03-1.422333716e-03-9.033403799e-04
-1.905452590e-04 7.106337756e-04 1.789691944e-03 3.029901482e-03 4.407464291e-03
 5.891555336e-03 7.445926848e-03 9.032692179e-03 1.061821525e-02 1.217996909e-02
 1.370854693e-02 1.520953595e-02 1.677544189e-02 1.837741691e-02 2.006136803e-02
 2.186370667e-02 2.387122526e-02 2.613464021e-02 2.870862201e-02 3.162970835e-02
 3.489199568e-02 3.850698084e-02 4.245815743e-02 4.668210011e-02 5.104783169e-02
 5.533195790e-02 5.922854915e-02 6.243840874e-02 6.476457941e-02 6.614507853e-02
 6.666443510e-02 6.654003249e-02 6.602967787e-02 6.533038476e-02 6.456030617e-02
 6.378359291e-02 6.303302061e-02 6.232362490e-02 6.166046155e-02 6.104307968e-02
 6.046814256e-02 5.993097131e-02 5.942644784e-02 5.894962452e-02 5.850019312e-02
 5.624291848e-04 1.282795882e-03 2.309538118e-03 3.657792507e-03 5.186322921e-03
 5.265716126e-03 3.535192573e-03 2.218237159e-03 1.043622767e-03-8.314848374e-05
-1.113792911e-03-2.003387532e-03-2.712863883e-03-3.212436834e-03-3.482633160e-03
-3.512855291e-03-3.298644636e-03-2.839009963e-03-2.134697741e-03-1.187664399e-03
-1.636525657e-06 1.416352261e-03 3.053424759e-03 4.887176746e-03 6.880893803e-03
 8.978543419e-03 1.110226137e-02 1.315733133e-02 1.504962903e-02 1.670460074e-02
 1.817111042e-02 1.943764009e-02 2.054682454e-02 2.158627485e-02 2.263566680e-02
 2.376743855e-02 2.504849508e-02 2.654577342e-02 2.833207732e-02 3.048511125e-02
 3.307274069e-02 3.612547805e-02 3.960941070e-02 4.341767144e-02 4.738290435e-02
 5.129743244e-02 5.493293334e-02 5.806631359e-02 6.051977448e-02 6.220623898e-02
 6.315333755e-02 6.348470223e-02 6.336821279e-02 6.296436751e-02 6.239857330e-02
 6.175683307e-02 6.109297669e-02 6.043817847e-02 5.980888902e-02 5.921245290e-02
 5.865079640e-02 5.812275604e-02 5.762551760e-02 5.715540158e-02 5.670317871e-02
 4.468990738e-04 1.025041113e-03 1.860026062e-03 2.974524988e-03 4.227033475e-03
 3.986536377e-03 1.908955017e-03 1.615841840e-04-1.450757392e-03-2.935449763e-03
-4.266445444e-03-5.357461477e-03-6.141535139e-03-6.583240013e-03-6.677869494e-03
-6.439056233e-03-5.885044752e-03-5.030146613e-03-3.882049667e-03-2.442590966e-03
-7.097300811e-04 1.320238540e-03 3.649872967e-03 6.275574610e-03 9.177211951e-03
 1.229735610e-02 1.550621674e-02 1.856498688e-02 2.114006757e-02 2.303363593e-02
 2.417377585e-02 2.467380546e-02 2.482343967e-02 2.485896828e-02 2.491758445e-02
 2.506132910e-02 2.531498583e-02 2.570333642e-02 2.630072201e-02 2.729965202e-02
 2.901766757e-02 3.171378451e-02 3.537369992e-02 3.971227844e-02 4.438581591e-02
 4.913530204e-02 5.371520660e-02 5.775599677e-02 6.077899725e-02 6.247723637e-02
 6.296603867e-02 6.267834718e-02 6.203159139e-02 6.126372078e-02 6.048009486e-02
 5.972317194e-02 5.900888679e-02 5.834193195e-02 5.772199149e-02 5.714639900e-02
 5.661135224e-02 5.611250576e-02 5.564529766e-02 5.520523615e-02 5.479074482e-02
 2.853871011e-04 6.619313852e-04 1.223374088e-03 2.011019736e-03 2.916620567e-03
 2.361826530e-03 8.397709522e-06-2.510671145e-03-4.931384012e-03-7.235573813e-03
-9.249728941e-03-1.076814040e-02-1.163976346e-02-1.186453696e-02-1.155582886e-02
-1.083831253e-02-9.788705754e-03-8.436009196e-03-6.780745611e-03-4.810048713e-03
-2.504527728e-03 1.614870672e-04 3.224225251e-03 6.737897916e-03 1.078423717e-02
 1.547958055e-02 2.094797518e-02 2.704823704e-02 3.226105969e-02 3.461236587e-02
 3.378916841e-02 3.144636221e-02 2.936112182e-02 2.781210160e-02 2.668057341e-02
 2.580895097e-02 2.503263151e-02 2.414950087e-02 2.284501861e-02 2.042002004e-02
 1.935308222e-02 2.183519397e-02 2.825513403e-02 3.527918022e-02 4.161626847e-02
 4.798927454e-02 5.505011245e-02 6.418683983e-02 6.965180013e-02 7.043198642e-02
 6.619796421e-02 6.300469464e-02 6.091917812e-02 5.943305033e-02 5.829645098e-02
 5.737927131e-02 5.660892890e-02 5.594249366e-02 5.535326477e-02 5.482386639e-02
 5.434245424e-02 5.390030503e-02 5.349004453e-02 5.310497879e-02 5.274116850e-02
 7.288590313e-05 1.670419615e-04 3.085155234e-04 5.297181831e-04 7.994846211e-04
-2.273999113e-04-2.981933243e-03-6.131442206e-03-9.708199263e-03-1.379637293e-02
-1.785807735e-02-2.050917525e-02-2.097483863e-02-1.975346178e-02-1.814680108e-02
-1.652625248e-02-1.483296250e-02-1.296118354e-02-1.082360408e-02-8.363637650e-03
-5.549050663e-03-2.356599517e-03 1.246786369e-03 5.324888347e-03 1.000047121e-02
 1.550835111e-02 2.232429627e-02 3.160608673e-02 4.063906599e-02 4.344820133e-02
 3.973139785e-02 3.391204243e-02 3.059274467e-02 2.846277025e-02 2.699571026e-02
 2.590266782e-02 2.498570266e-02 2.407681990e-02 2.302746448e-02 2.190747351e-02
 2.195960127e-02 2.419807971e-02 2.847902040e-02 3.382841583e-02 3.925464492e-02
 4.479757235e-02 5.062574148e-02 5.641408496e-02 6.069037091e-02 6.201089192e-02
 6.065971442e-02 5.870680025e-02 5.714721740e-02 5.595707218e-02 5.502694604e-02
 5.427686494e-02 5.365227794e-02 5.311433446e-02 5.264433955e-02 5.221991989e-02
 5.183672073e-02 5.149013128e-02 5.117721000e-02 5.087837431e-02 5.058378798e-02
-1.413463041e-04-3.444747480e-04-6.834361662e-04-1.239688748e-03-2.172579126e-03
-3.704573260e-03-5.998711660e-03-9.137355456e-03-1.330483951e-02-1.902806777e-02
-2.619316161e-02-3.022631293e-02-3.039512507e-02-2.642591410e-02-2.391571212e-02
-2.210083775e-02-2.038892629e-02-1.842019370e-02-1.600984028e-02-1.312104290e-02
-9.809531975e-03-6.156012772e-03-2.221663176e-03 1.963870530e-03 6.391552372e-03
 1.104165208e-02 1.581341131e-02 2.039068303e-02 2.415973879e-02 2.653154309e-02
 2.739087285e-02 2.721667697e-02 2.661524994e-02 2.598023043e-02 2.544583370e-02
 2.505114462e-02 2.480797047e-02 2.472898652e-02 2.488872210e-02 2.541859909e-02
 2.650510363e-02 2.828255084e-02 3.073939873e-02 3.373077200e-02 3.704283251e-02
 4.047133753e-02 4.380363719e-02 4.678035077e-02 4.912541150e-02 5.065747371e-02
 5.141028103e-02 5.160049006e-02 5.147744071e-02 5.121679293e-02 5.091057541e-02
 5.060085687e-02 5.030276690e-02 5.001981454e-02 4.975093876e-02 4.949253399e-02
 4.924118230e-02 4.899730685e-02 4.878796819e-02 4.859056074e-02 4.839141927e-02
-2.770620531e-04-6.536650702e-04-1.233195196e-03-2.070982384e-03-3.238776982e-03
-4.816241062e-03-6.877972911e-03-9.481071959e-03-1.263400185e-02-1.626140649e-02
-1.992873807e-02-2.291221912e-02-2.477477700e-02-2.578783084e-02-2.656620330e-02
-2.723037001e-02-2.726952796e-02-2.600548312e-02-2.321319631e-02-1.930126054e-02
-1.491009165e-02-1.043998377e-02-6.041496001e-03-1.757696747e-03 2.391364268e-03
 6.368653721e-03 1.009966575e-02 1.346876640e-02 1.634274917e-02 1.862243963e-02
 2.029354705e-02 2.143774408e-02 2.219581985e-02 2.271540744e-02 2.311875352e-02
 2.349733660e-02 2.392108189e-02 2.445042159e-02 2.514467367e-02 2.606277641e-02
 2.725452028e-02 2.874538254e-02 3.052364858e-02 3.253772151e-02 3.470382423e-02
 3.691770239e-02 3.906530895e-02 4.103414713e-02 4.272947168e-02 4.409345207e-02
 4.511716969e-02 4.583603612e-02 4.631073544e-02 4.660576182e-02 4.677565703e-02
 4.686050448e-02 4.688707041e-02 4.687191424e-02 4.682451160e-02 4.674977067e-02
 4.664986956e-02 4.652398730e-02 4.642692181e-02 4.632294495e-02 4.619549236e-02
-3.219445830e-04-7.451533029e-04-1.367781598e-03-2.216640265e-03-3.321884090e-03
-4.712008626e-03-6.406651126e-03-8.404197205e-03-1.067169666e-02-1.315195859e-02
-1.575651622e-02-1.841781027e-02-2.117499837e-02-2.429898372e-02-2.835909153e-02
-3.446728186e-02-4.107788799e-02-4.121342730e-02-3.498069740e-02-2.551543938e-02
-1.870516807e-02-1.314457232e-02-8.311071661e-03-3.972451585e-03-2.200049799e-05
 3.582262117e-03 6.846024572e-03 9.756578640e-03 1.229797967e-02 1.446488471e-02
 1.627253278e-02 1.775956534e-02 1.898319299e-02 2.001000880e-02 2.090711540e-02
 2.173650782e-02 2.255294368e-02 2.340382825e-02 2.432930485e-02 2.536127269e-02
 2.652101238e-02 2.781615033e-02 2.923836076e-02 3.076306794e-02 3.235158827e-02
 3.395531474e-02 3.552125058e-02 3.699830540e-02 3.834368462e-02 3.952821789e-02
 4.053913539e-02 4.137933798e-02 4.206355778e-02 4.261301854e-02 4.305041655e-02
 4.339632836e-02 4.366724414e-02 4.387489589e-02 4.402647283e-02 4.412547115e-02
 4.417303587e-02 4.416878006e-02 4.416865939e-02 4.414455992e-02 4.409005340e-02
-3.088417999e-04-7.069821871e-04-1.278247280e-03-2.033171071e-03-2.982148283e-03
-4.133008880e-03-5.488460762e-03-7.041913167e-03-8.769203010e-03-1.066700867e-02
-1.272435468e-02-1.494850081e-02-1.738731418e-02-2.016050958e-02-2.338524594e-02
-2.690382979e-02-2.954368596e-02-2.942773634e-02-2.622572907e-02-2.125584292e-02
-1.622506538e-02-1.158915289e-02-7.360667688e-03-3.505180915e-03-2.936525353e-06
 3.153135910e-03 5.969074762e-03 8.457843703e-03 1.064103716e-02 1.254688647e-02
 1.420793200e-02 1.565966425e-02 1.693963949e-02 1.808637588e-02 1.913792647e-02
 2.013042112e-02 2.109683524e-02 2.206601249e-02 2.306180121e-02 2.410216263e-02
 2.519824452e-02 2.635359094e-02 2.756377168e-02 2.881669854e-02 3.009376287e-02
 3.137174861e-02 3.262531919e-02 3.382976632e-02 3.496363429e-02 3.601080197e-02
 3.696166276e-02 3.781322325e-02 3.856820125e-02 3.923342819e-02 3.981794131e-02
 4.033106728e-02 4.078062557e-02 4.117124536e-02 4.150286668e-02 4.177001218e-02
 4.196336927e-02 4.207682411e-02 4.211622628e-02 4.212868127e-02 4.211970129e-02
-2.683633935e-04-6.102980954e-04-1.093661913e-03-1.720746438e-03-2.492786322e-03
-3.408887203e-03-4.465063394e-03-5.650951031e-03-6.945647826e-03-8.344784253e-03
-9.832038009e-03-1.137559333e-02-1.294672833e-02-1.449429498e-02-1.589966158e-02
-1.695183907e-02-1.735954221e-02-1.686148171e-02-1.537770640e-02-1.305544810e-02
-1.016786207e-02-6.980640219e-03-3.702728494e-03-5.065074292e-04 2.453508667e-03
 5.062207172e-03 7.281935893e-03 9.155335107e-03 1.076410900e-02 1.218420885e-02
 1.346885314e-02 1.465214561e-02 1.575732249e-02 1.680274256e-02 1.780489877e-02
 1.877942377e-02 1.974103043e-02 2.070297984e-02 2.167639297e-02 2.266956903e-02
 2.368741091e-02 2.473104328e-02 2.579770316e-02 2.688096370e-02 2.797131166e-02
 2.905704590e-02 3.012540900e-02 3.116382132e-02 3.216106268e-02 3.310825062e-02
 3.399949721e-02 3.483218688e-02 3.560688804e-02 3.632696842e-02 3.699800053e-02
 3.762699140e-02 3.822130501e-02 3.878674448e-02 3.932332786e-02 3.981534257e-02
 4.021288245e-02 4.043960908e-02 4.048546813e-02 4.043063250e-02 4.032848739e-02
-2.191070813e-04-4.961220720e-04-8.837944016e-04-1.380341632e-03-1.982508334e-03
-2.684953570e-03-3.479518311e-03-4.351424503e-03-5.278884996e-03-6.248702227e-03
-7.233274857e-03-8.189719586e-03-9.078613552e-03-9.839984552e-03-1.039197714e-02
-1.063646346e-02-1.047218365e-02-9.816524872e-03-8.625941445e-03-6.901615720e-03
-4.675225862e-03-1.988713442e-03 1.102588369e-03 4.449458450e-03 7.531165285e-03
 9.685233458e-03 1.083250251e-02 1.145426489e-02 1.202936730e-02 1.268404190e-02
 1.341925610e-02 1.421132263e-02 1.503905180e-02 1.588825879e-02 1.675100087e-02
 1.762389840e-02 1.850652214e-02 1.940003377e-02 2.030608960e-02 2.122598761e-02
 2.216004184e-02 2.310717668e-02 2.406473862e-02 2.502852034e-02 2.599298231e-02
 2.695164188e-02 2.789758392e-02 2.882403472e-02 2.972493610e-02 3.059546261e-02
 3.143244139e-02 3.223466166e-02 3.300309560e-02 3.374109393e-02 3.445467204e-02
 3.515308566e-02 3.585006184e-02 3.656645092e-02 3.733624109e-02 3.822685914e-02
 3.941552962e-02 3.986522187e-02 3.924604208e-02 3.884366823e-02 3.857746929e-02
-1.708069799e-04-3.855058841e-04-6.836629787e-04-1.061704936e-03-1.514438593e-03
-2.034630230e-03-2.612645033e-03-3.235473897e-03-3.869284903e-03-4.511895538e-03
-5.126091782e-03-5.674754785e-03-6.135056044e-03-6.461807899e-03-6.603612042e-03
-6.507211988e-03-6.122542095e-03-5.405747702e-03-4.320596364e-03-2.835886240e-03
-9.121377106e-04 1.527371363e-03 4.636962104e-03 8.838088402e-03 1.322079223e-02
 1.521079943e-02 1.477920328e-02 1.323917419e-02 1.279724007e-02 1.287228733e-02
 1.322279917e-02 1.373736484e-02 1.435580961e-02 1.504283027e-02 1.577685330e-02
 1.654447838e-02 1.733733592e-02 1.815013101e-02 1.897934296e-02 1.982233059e-02
 2.067671629e-02 2.153997979e-02 2.240922257e-02 2.328107795e-02 2.415174641e-02
 2.501713378e-02 2.587306618e-02 2.671555282e-02 2.754106770e-02 2.834682536e-02
 2.913103417e-02 2.989312333e-02 3.063395658e-02 3.135606726e-02 3.206397820e-02
 3.276471299e-02 3.346866969e-02 3.419110647e-02 3.495438427e-02 3.578532674e-02
 3.694640629e-02 3.738975184e-02 3.694939476e-02 3.664490786e-02 3.644703327e-02
-1.279389845e-04-2.880008038e-04-5.088978417e-04-7.866764051e-04-1.115943102e-03
-1.489620793e-03-1.898474521e-03-2.327025799e-03-2.750471991e-03-3.153434177e-03
-3.510642008e-03-3.803090560e-03-4.016314630e-03-4.122592081e-03-4.071416385e-03
-3.812076588e-03-3.352443105e-03-2.668138777e-03-1.736036974e-03-5.392325163e-04
 9.329287635e-04 2.682219763e-03 4.664549709e-03 6.745398063e-03 8.637659147e-03
 1.003487361e-02 1.085289572e-02 1.127880824e-02 1.159187467e-02 1.194273063e-02
 1.237283502e-02 1.288122219e-02 1.345559349e-02 1.408272285e-02 1.475133562e-02
 1.545253004e-02 1.617945090e-02 1.692678966e-02 1.769031709e-02 1.846651808e-02
 1.925231905e-02 2.004487410e-02 2.084140372e-02 2.163909805e-02 2.243508879e-02
 2.322648263e-02 2.401044184e-02 2.478429601e-02 2.554566823e-02 2.629260042e-02
 2.702366413e-02 2.773804408e-02 2.843558086e-02 2.911675152e-02 2.978254437e-02
 3.043412877e-02 3.107209404e-02 3.169476977e-02 3.229468879e-02 3.285206810e-02
 3.332812953e-02 3.367576396e-02 3.388197683e-02 3.398498315e-02 3.403266748e-02
-9.196429763e-05-2.065163977e-04-3.637052785e-04-5.599057377e-04-7.904307497e-04
-1.049612314e-03-1.331048528e-03-1.624999707e-03-1.904045559e-03-2.121209947e-03
-2.301561552e-03-2.434875148e-03-2.504275338e-03-2.498577676e-03-2.333541298e-03
-2.033283179e-03-1.593918956e-03-1.004001714e-03-2.561276367e-04 6.498518771e-04
 1.704094921e-03 2.882141497e-03 4.137807162e-03 5.403884981e-03 6.602545038e-03
 7.668211629e-03 8.572539701e-03 9.331586698e-03 9.989575998e-03 1.059436471e-02
 1.118219843e-02 1.177502647e-02 1.238387816e-02 1.301300243e-02 1.366300320e-02
 1.433266147e-02 1.501994829e-02 1.572234728e-02 1.643685446e-02 1.716042842e-02
 1.789046894e-02 1.862472578e-02 1.936105619e-02 2.009732307e-02 2.083139218e-02
 2.156111400e-02 2.228440021e-02 2.299924351e-02 2.370378018e-02 2.439634368e-02
 2.507545967e-02 2.573987884e-02 2.638848556e-02 2.702019138e-02 2.763370420e-02
 2.822716531e-02 2.879763362e-02 2.934035792e-02 2.984813113e-02 3.031119366e-02
 3.071859985e-02 3.106156104e-02 3.133702258e-02 3.154830616e-02 3.170535768e-02
-6.281759579e-05-1.406190185e-04-2.465826759e-04-3.774622517e-04-5.290827086e-04
-6.963706379e-04-8.734528548e-04-1.054801665e-03-1.214691464e-03-1.337211427e-03
-1.410373724e-03-1.451501344e-03-1.418392708e-03-1.320826138e-03-1.139950438e-03
-8.529830855e-04-4.839068149e-04 1.472481339e-05 6.007400907e-04 1.288308399e-03
 2.069638427e-03 2.899966512e-03 3.806468029e-03 4.705764293e-03 5.603533835e-03
 6.463996378e-03 7.255434533e-03 8.022471621e-03 8.712973814e-03 9.389295481e-03
 1.003390667e-02 1.065595752e-02 1.130045761e-02 1.191649015e-02 1.257206660e-02
 1.321813562e-02 1.387205147e-02 1.455571320e-02 1.522367205e-02 1.591794793e-02
 1.659668525e-02 1.728169507e-02 1.797207073e-02 1.864304506e-02 1.933765875e-02
 2.000608536e-02 2.068078158e-02 2.134636694e-02 2.198915078e-02 2.264504831e-02
 2.326453595e-02 2.388994349e-02 2.449159250e-02 2.506910245e-02 2.564676673e-02
 2.618056529e-02 2.671190536e-02 2.720703071e-02 2.766329218e-02 2.810501141e-02
 2.848466581e-02 2.884353349e-02 2.915238688e-02 2.941086289e-02 2.965340366e-02
 0.159511865E+01 0.161146865E+01 0.162620625E+01 0.164147325E+01 0.165706075E+01
 0.167294806E+01 0.168917982E+01 0.170577887E+01 0.172277952E+01 0.174023329E+01
 0.175817865E+01 0.177665936E+01 0.179572562E+01 0.181541592E+01 0.183578387E+01
 0.185689119E+01 0.187878576E+01 0.190151272E+01 0.192512373E+01 0.194970403E+01
 0.197531894E+01 0.200202617E+01 0.202988781E+01 0.205897312E+01 0.208939255E+01
 0.212123991E+01 0.215460251E+01 0.218956966E+01 0.222624114E+01 0.226474823E+01
 0.230524626E+01 0.234788009E+01 0.239279844E+01 0.244015943E+01 0.249013927E+01
 0.254296725E+01 0.259889662E+01 0.265818583E+01 0.272111933E+01 0.278801453E+01
 0.285922016E+01 0.293515130E+01 0.301629407E+01 0.310318891E+01 0.319643471E+01
 0.329672028E+01 0.340484741E+01 0.352176107E+01 0.364855570E+01 0.378652393E+01
 0.393721153E+01 0.410246111E+01 0.428450228E+01 0.448607484E+01 0.471062450E+01
 0.496253210E+01 0.524753380E+01 0.557325155E+01 0.594988850E+01 0.639226525E+01
 0.692329490E+01 0.758210639E+01 0.844594383E+01 0.972297101E+01 0.163809736E+02
  361   98
 0.574641029E+00 0.119048183E+01 0.568213459E+00 0.117653483E+01 0.561790009E+00
 0.116258592E+01 0.555381255E+00 0.114863026E+01 0.548989737E+00 0.113466669E+01
 0.542621269E+00 0.112069260E+01 0.536284907E+00 0.110670392E+01 0.529993358E+00
 0.109269504E+01 0.523758276E+00 0.107866093E+01 0.517586814E+00 0.106459873E+01
 0.511483855E+00 0.105050667E+01 0.505454705E+00 0.103638288E+01 0.499506131E+00
 0.102222496E+01 0.493643835E+00 0.100803111E+01 0.487870600E+00 0.993800794E+00
 0.482186967E+00 0.979534458E+00 0.476593379E+00 0.965232576E+00 0.471091720E+00
 0.950895081E+00 0.465684312E+00 0.936521776E+00 0.460371479E+00 0.922113243E+00
 0.455151228E+00 0.907670909E+00 0.450020758E+00 0.893196436E+00 0.444979735E+00
 0.878690571E+00 0.440030961E+00 0.864152976E+00 0.435176353E+00 0.849583667E+00
 0.430415903E+00 0.834983319E+00 0.425748230E+00 0.820353047E+00 0.421172490E+00
 0.805693762E+00 0.416690586E+00 0.791005517E+00 0.412305691E+00 0.776288022E+00
 0.408020697E+00 0.761541133E+00 0.403837629E+00 0.746765008E+00 0.399756387E+00
 0.731960435E+00 0.395775680E+00 0.717128513E+00 0.391894400E+00 0.702270262E+00
 0.388112277E+00 0.687386462E+00 0.384430136E+00 0.672477613E+00 0.380849279E+00
 0.657544114E+00 0.377370817E+00 0.642586434E+00 0.373995380E+00 0.627605168E+00
 0.370723024E+00 0.612601048E+00 0.367552585E+00 0.597575062E+00 0.364481948E+00
 0.582528362E+00 0.361509314E+00 0.567461994E+00 0.358633452E+00 0.552376855E+00
 0.355853740E+00 0.537273702E+00 0.353169981E+00 0.522153204E+00 0.350582131E+00
 0.507015996E+00 0.348090133E+00 0.491862714E+00 0.345693811E+00 0.476694007E+00
 0.343392041E+00 0.461510663E+00 0.341182316E+00 0.446313650E+00 0.339062159E+00
 0.431103881E+00 0.337029414E+00 0.415882183E+00 0.335082397E+00 0.400649281E+00
 0.333219976E+00 0.385405805E+00 0.331441240E+00 0.370152336E+00 0.329745326E+00
 0.354889437E+00 0.328131163E+00 0.339617676E+00 0.326597425E+00 0.324337627E+00
 0.325142906E+00 0.309049834E+00 0.323766782E+00 0.293754785E+00 0.322468593E+00
 0.278452923E+00 0.321248088E+00 0.263144670E+00 0.320104443E+00 0.247830482E+00
 0.319036563E+00 0.232510824E+00 0.318043436E+00 0.217186138E+00 0.317124144E+00
 0.201856845E+00 0.316277630E+00 0.186523361E+00 0.315502516E+00 0.171186102E+00
 0.314797505E+00 0.155845459E+00 0.314161449E+00 0.140501803E+00 0.313593450E+00
 0.125155476E+00 0.313093378E+00 0.109806786E+00 0.312661512E+00 0.944560255E-01
 0.312298242E+00 0.791034886E-01 0.312004048E+00 0.637494728E-01 0.311778816E+00
 0.483942904E-01 0.311621465E+00 0.330382620E-01 0.311530978E+00 0.176816937E-01
 0.311506484E+00 0.232487809E-02 0.311547318E+00-0.130319029E-01 0.311653408E+00
-0.283883716E-01 0.311824985E+00-0.437442482E-01 0.312062408E+00-0.590992477E-01
 0.312366178E+00-0.744530778E-01 0.312736875E+00-0.898054377E-01 0.313175142E+00
-0.105156017E+00 0.313681755E+00-0.120504492E+00 0.314257631E+00-0.135850525E+00
 0.314903664E+00-0.151193764E+00 0.315620047E+00-0.166533879E+00 0.316406821E+00
-0.181870545E+00 0.317264192E+00-0.197203426E+00 0.318192595E+00-0.212532170E+00
 0.319193109E+00-0.227856376E+00 0.320267469E+00-0.243175581E+00 0.321417492E+00
-0.258489291E+00 0.322644967E+00-0.273796987E+00 0.323951350E+00-0.289098151E+00
 0.325336927E+00-0.304392347E+00 0.326801809E+00-0.319679150E+00 0.328346380E+00
-0.334958107E+00 0.329971369E+00-0.350228721E+00 0.331677834E+00-0.365490444E+00
 0.333467037E+00-0.380742688E+00 0.335340468E+00-0.395984814E+00 0.337299884E+00
-0.411216125E+00 0.339347161E+00-0.426435875E+00 0.341483996E+00-0.441643309E+00
 0.343712100E+00-0.456837638E+00 0.346033367E+00-0.472018012E+00 0.348449928E+00
-0.487183508E+00 0.350963430E+00-0.502333238E+00 0.353574539E+00-0.517466450E+00
 0.356283650E+00-0.532582425E+00 0.359090933E+00-0.547680476E+00 0.361996494E+00
-0.562759923E+00 0.365001072E+00-0.577819952E+00 0.368106330E+00-0.592859543E+00
 0.371314630E+00-0.607877489E+00 0.374628720E+00-0.622872444E+00 0.378050573E+00
-0.637843174E+00 0.381580148E+00-0.652788873E+00 0.385216599E+00-0.667708929E+00
 0.388958557E+00-0.682602875E+00 0.392804545E+00-0.697470299E+00 0.396754252E+00
-0.712310504E+00 0.400809107E+00-0.727122323E+00 0.404971151E+00-0.741904380E+00
 0.409242249E+00-0.756655296E+00 0.413623249E+00-0.771373944E+00 0.418112841E+00
-0.786059835E+00 0.422709134E+00-0.800712682E+00 0.427410652E+00-0.815332106E+00
 0.432217698E+00-0.829917172E+00 0.437132259E+00-0.844466360E+00 0.442156326E+00
-0.858978097E+00 0.447290427E+00-0.873451270E+00 0.452533442E+00-0.887885347E+00
 0.457883998E+00-0.902279907E+00 0.463345913E+00-0.916632576E+00 0.468926835E+00
-0.930939386E+00 0.474633380E+00-0.945196551E+00 0.480469707E+00-0.959401078E+00
 0.486438547E+00-0.973550431E+00 0.492547646E+00-0.987639784E+00 0.498810739E+00
-0.100166135E+01 0.505242913E+00-0.101560614E+01 0.511859451E+00-0.102946439E+01
 0.518678690E+00-0.104322400E+01 0.525733360E+00-0.105686433E+01 0.533077076E+00
-0.107035112E+01 0.540787847E+00-0.108363123E+01 0.548980597E+00-0.109661905E+01
 0.557836591E+00-0.110916278E+01 0.567656019E+00-0.112096408E+01 0.578886020E+00
-0.113142227E+01 0.591930069E+00-0.113947560E+01 0.606553549E+00-0.114405172E+01
 0.621845257E+00-0.114522963E+01 0.637148395E+00-0.114404227E+01 0.652276306E+00
-0.114141693E+01 0.667228153E+00-0.113791826E+01 0.682038796E+00-0.113386086E+01
 0.696740973E+00-0.112942565E+01 0.711358036E+00-0.112471715E+01 0.725906377E+00
-0.111980026E+01 0.740396278E+00-0.111471364E+01 0.754834936E+00-0.110948331E+01
 0.769226376E+00-0.110412439E+01 0.783573424E+00-0.109864773E+01 0.797875397E+00
-0.109305442E+01 0.812124137E+00-0.108732691E+01 0.826307773E+00-0.108144007E+01
 0.840414571E+00-0.107537147E+01 0.854432799E+00-0.106910104E+01 0.868350705E+00
-0.106261102E+01 0.882157350E+00-0.105588759E+01 0.895843570E+00-0.104892231E+01
 0.909403831E+00-0.104171488E+01 0.922834678E+00-0.103426907E+01 0.936133028E+00
-0.102658911E+01 0.949289507E+00-0.101866862E+01 0.962284312E+00-0.101048565E+01
 0.975096822E+00-0.100202017E+01 0.987713378E+00-0.993265322E+00 0.100012797E+01
-0.984226357E+00 0.101234170E+01-0.974917710E+00 0.102436915E+01-0.965369509E+00
 0.103622799E+01-0.955612630E+00 0.104791195E+01-0.945647057E+00 0.105939708E+01
-0.935453019E+00 0.107066608E+01-0.925020564E+00 0.108172033E+01-0.914360788E+00
 0.109257405E+01-0.903496839E+00 0.110324237E+01-0.892450756E+00 0.111372617E+01
-0.881229413E+00 0.112400962E+01-0.869824215E+00 0.113407416E+01-0.858225404E+00
 0.114391188E+01-0.846433605E+00 0.115352849E+01-0.834460770E+00 0.116293214E+01
-0.822319946E+00 0.117211509E+01-0.810011377E+00 0.118105453E+01-0.797524874E+00
 0.118972847E+01-0.784852524E+00 0.119812775E+01-0.771996479E+00 0.120625720E+01
-0.758968110E+00 0.121412333E+01-0.745779088E+00 0.122171100E+01-0.732427962E+00
 0.122899426E+01-0.718908408E+00 0.123596245E+01-0.705223794E+00 0.124262010E+01
-0.691385417E+00 0.124897247E+01-0.677404277E+00 0.125500939E+01-0.663284078E+00
 0.126072255E+01-0.649029810E+00 0.126611731E+01-0.634651993E+00 0.127121089E+01
-0.620164701E+00 0.127602333E+01-0.605581582E+00 0.128056296E+01-0.590911240E+00
 0.128483343E+01-0.576160293E+00 0.128884266E+01-0.561336196E+00 0.129260469E+01
-0.546447421E+00 0.129614255E+01-0.531503756E+00 0.129948864E+01-0.516515959E+00
 0.130267537E+01-0.501493443E+00 0.130573296E+01-0.486444097E+00 0.130868808E+01
-0.471374280E+00 0.131155987E+01-0.456288357E+00 0.131436369E+01-0.441189647E+00
 0.131711564E+01-0.426081394E+00 0.131983326E+01-0.410966925E+00 0.132253537E+01
-0.395849673E+00 0.132524107E+01-0.380733064E+00 0.132797049E+01-0.365620723E+00
 0.133074466E+01-0.350516537E+00 0.133358420E+01-0.335424508E+00 0.133649379E+01
-0.320345826E+00 0.133946269E+01-0.305278706E+00 0.134247868E+01-0.290220938E+00
 0.134552944E+01-0.275170173E+00 0.134860316E+01-0.260124081E+00 0.135168880E+01
-0.245080428E+00 0.135477510E+01-0.230036909E+00 0.135784947E+01-0.214990949E+00
 0.136089662E+01-0.199939456E+00 0.136389590E+01-0.184878355E+00 0.136682000E+01
-0.169802489E+00 0.136963628E+01-0.154706128E+00 0.137230841E+01-0.139583612E+00
 0.137479887E+01-0.124430149E+00 0.137707819E+01-0.109243517E+00 0.137911976E+01
-0.940231298E-01 0.138089653E+01-0.787695968E-01 0.138238142E+01-0.634849254E-01
 0.138355282E+01-0.481730589E-01 0.138439791E+01-0.328397375E-01 0.138490625E+01
-0.174915756E-01 0.138506958E+01-0.213587721E-02 0.138488329E+01 0.132195589E-01
 0.138435252E+01 0.285669640E-01 0.138348754E+01 0.438991813E-01 0.138230064E+01
 0.592098613E-01 0.138080582E+01 0.744935718E-01 0.137902368E+01 0.897464851E-01
 0.137698279E+01 0.104966972E+00 0.137471191E+01 0.120154876E+00 0.137223907E+01
 0.135311235E+00 0.136959279E+01 0.150438300E+00 0.136680883E+01 0.165540658E+00
 0.136392337E+01 0.180623970E+00 0.136096880E+01 0.195693906E+00 0.135797233E+01
 0.210755574E+00 0.135495521E+01 0.225813118E+00 0.135193265E+01 0.240869572E+00
 0.134891680E+01 0.255927372E+00 0.134591821E+01 0.270988617E+00 0.134294670E+01
 0.286055227E+00 0.134001129E+01 0.301128910E+00 0.133712125E+01 0.316211358E+00
 0.133428636E+01 0.331304263E+00 0.133151602E+01 0.346409149E+00 0.132881012E+01
 0.361525714E+00 0.132614846E+01 0.376650137E+00 0.132350821E+01 0.391778315E+00
 0.132086707E+01 0.406906337E+00 0.131820354E+01 0.422030432E+00 0.131549654E+01
 0.437146801E+00 0.131272595E+01 0.452251640E+00 0.130987310E+01 0.467341150E+00
 0.130692037E+01 0.482411425E+00 0.130384894E+01 0.497457946E+00 0.130063385E+01
 0.512474407E+00 0.129724629E+01 0.527452876E+00 0.129365474E+01 0.542383713E+00
 0.128982647E+01 0.557255574E+00 0.128573500E+01 0.572057164E+00 0.128136435E+01
 0.586778711E+00 0.127670544E+01 0.601411579E+00 0.127175480E+01 0.615948336E+00
 0.126650725E+01 0.630380547E+00 0.126094632E+01 0.644694895E+00 0.125505705E+01
 0.658877289E+00 0.124883742E+01 0.672917957E+00 0.124230151E+01 0.686814245E+00
 0.123546785E+01 0.700566571E+00 0.122833427E+01 0.714165720E+00 0.122089431E+01
 0.727599690E+00 0.121315528E+01 0.740863650E+00 0.120514144E+01 0.753963458E+00
 0.119687508E+01 0.766905419E+00 0.118836073E+01 0.779685588E+00 0.117959727E+01
 0.792296242E+00 0.117059164E+01 0.804735133E+00 0.116136491E+01 0.817010958E+00
 0.115194628E+01 0.829140221E+00 0.114235442E+01 0.841132958E+00 0.113257778E+01
 0.852975513E+00 0.112259987E+01 0.864648966E+00 0.111241678E+01 0.876143880E+00
 0.110204343E+01 0.887467426E+00 0.109150145E+01 0.898634185E+00 0.108079923E+01
 0.909647451E+00 0.106991787E+01 0.920483711E+00 0.105883451E+01 0.931113217E+00
 0.104753977E+01 0.941517823E+00 0.103604482E+01 0.951700845E+00 0.102436977E+01
 0.961676907E+00 0.101252477E+01 0.971450546E+00 0.100049807E+01 0.980999652E+00
 0.988275962E+00 0.990297283E+00 0.975853327E+00 0.999325208E+00 0.963231794E+00
 0.100807290E+01 0.950422342E+00 0.101654307E+01 0.937444958E+00 0.102475371E+01
 0.924320800E+00 0.103272770E+01 0.911062091E+00 0.104047591E+01 0.897673236E+00
 0.104799700E+01 0.884157518E+00 0.105528764E+01 0.870520031E+00 0.106234789E+01
 0.856770331E+00 0.106918709E+01 0.842921125E+00 0.107582253E+01 0.828986378E+00
 0.108227646E+01 0.814980580E+00 0.108857477E+01 0.800918768E+00 0.109474706E+01
 0.786817699E+00 0.110082917E+01 0.772691205E+00 0.110685202E+01 0.758543179E+00
 0.111282410E+01 0.744374197E+00 0.111874631E+01 0.730188506E+00 0.112462838E+01
 0.715991041E+00 0.113048198E+01 0.701787013E+00 0.113631964E+01 0.687581298E+00
 0.114215319E+01 0.673379616E+00 0.114799656E+01 0.659187910E+00 0.115386410E+01
 0.645012953E+00 0.115977198E+01 0.630863276E+00 0.116574014E+01 0.616746691E+00
 0.117178614E+01 0.602668586E+00 0.117792121E+01 0.588630501E+00 0.118414729E+01
 0.574641029E+00 0.119048183E+01
 0.156441580E+01 0.156423520E+01 0.173298350E+01 0.167901950E+01 0.134847970E+01
 0.206041340E+01 0.108819530E+01 0.205946000E+01 0.902253030E+00 0.187565310E+01
 0.903668760E+00 0.187424170E+01 0.533866470E+00 0.150285580E+01 0.538010660E+00
 0.149874330E+01 0.332797140E+00 0.129708960E+01 0.332797140E+00 0.109400000E+01
 0.334795920E+00 0.109400000E+01 0.303115250E+00 0.847500000E+00 0.305114030E+00
 0.847500000E+00 0.269135950E+00 0.565000000E+00 0.271134730E+00 0.565000000E+00
 0.260841000E+00 0.495257700E+00 0.260841000E+00-0.507257700E+00 0.271134730E+00
-0.576999960E+00 0.269135950E+00-0.576999960E+00 0.305114030E+00-0.859500000E+00
 0.303115250E+00-0.859500000E+00 0.334795920E+00-0.110600010E+01 0.332797140E+00
-0.110600010E+01 0.332797140E+00-0.130908970E+01 0.538598100E+00-0.150990190E+01
 0.534468950E+00-0.151402960E+01 0.905629600E+00-0.188405800E+01 0.904219000E+00
-0.188547470E+01 0.108819530E+01-0.206614000E+01 0.134847970E+01-0.206518650E+01
 0.173017910E+01-0.168098580E+01 0.156441580E+01-0.156883530E+01 0.137999130E+01
-0.157688300E+01 0.137989190E+01-0.157672700E+01 0.119622210E+01-0.158474990E+01
 0.119631650E+01-0.158489800E+01 0.105537410E+01-0.159104840E+01 0.105528350E+01
-0.159090630E+01 0.947502500E+00-0.159561420E+01 0.905686400E+00-0.159556230E+01
 0.899143000E+00-0.159478470E+01 0.883387860E+00-0.159026430E+01 0.867681200E+00
-0.158087360E+01 0.851322350E+00-0.156766880E+01 0.833481900E+00-0.154624210E+01
 0.826062560E+00-0.152875240E+01 0.822677700E+00-0.151516830E+01 0.821022750E+00
-0.149624060E+01 0.820691350E+00-0.147724350E+01 0.822887360E+00-0.144582030E+01
 0.827573000E+00-0.141923050E+01 0.839194600E+00-0.138728100E+01 0.855244300E+00
-0.135284130E+01 0.877566500E+00-0.132209860E+01 0.899473500E+00-0.130017830E+01
 0.118567730E+01-0.101380000E+01 0.127900000E+01-0.842300000E+00 0.129600000E+01
-0.820200000E+00 0.143300000E+01-0.820200000E+00 0.143300000E+01-0.711000000E+00
 0.149000000E+01-0.491000000E+00 0.146000000E+01-0.491000000E+00 0.146000000E+01
-0.233000000E+00 0.166100000E+01-0.233000000E+00 0.166100000E+01 0.226000000E+00
 0.146000000E+01 0.226000000E+00 0.146000000E+01 0.481000000E+00 0.149300000E+01
 0.481000000E+00 0.147400000E+01 0.554000000E+00 0.143300000E+01 0.711000000E+00
 0.143300000E+01 0.815600000E+00 0.129600000E+01 0.815600000E+00 0.127900000E+01
 0.837699950E+00 0.118567730E+01 0.100920000E+01 0.899473500E+00 0.129557820E+01
 0.877566500E+00 0.131749860E+01 0.855244300E+00 0.134824120E+01 0.839194600E+00
 0.138268090E+01 0.827573000E+00 0.141463040E+01 0.822887360E+00 0.144122030E+01
 0.820691350E+00 0.147264350E+01 0.821022750E+00 0.149164060E+01 0.822677700E+00
 0.151056830E+01 0.826062560E+00 0.152415240E+01 0.833481900E+00 0.154164210E+01
 0.851322350E+00 0.156306870E+01 0.867681200E+00 0.157627360E+01 0.883387860E+00
 0.158566430E+01 0.899143000E+00 0.159018470E+01 0.905686400E+00 0.159096230E+01
 0.947502500E+00 0.159101410E+01 0.105528350E+01 0.158630620E+01 0.105537410E+01
 0.158644830E+01 0.119631650E+01 0.158029800E+01 0.119622210E+01 0.158014990E+01
 0.137989190E+01 0.157212700E+01 0.137999130E+01 0.157228290E+01 0.156441580E+01
 0.156423520E+01
    0
