EFIT++      MAST # 46630 # 480ms                   0  65  65
 0.194000000E+01 0.440000000E+01 0.800000000E+00 0.600000000E-01 0.000000000E+00
 0.957444161E+00 0.634951758E-02-0.713433785E-01 0.104724172E-02-0.592237479E+00
 0.740384995E+06-0.713433785E-01 0.000000000E+00 0.957444161E+00 0.000000000E+00
 0.634951758E-02 0.000000000E+00 0.104724172E-02 0.000000000E+00 0.000000000E+00
-0.514765749E+00-0.513878822E+00-0.512988545E+00-0.512095406E+00-0.511199898E+00
-0.510302519E+00-0.509403767E+00-0.508504147E+00-0.507604165E+00-0.506704332E+00
-0.505805163E+00-0.504907175E+00-0.504010891E+00-0.503116834E+00-0.502225535E+00
-0.501337526E+00-0.500453344E+00-0.499573528E+00-0.498698624E+00-0.497829178E+00
-0.496965741E+00-0.496108869E+00-0.495259120E+00-0.494417056E+00-0.493583243E+00
-0.492758250E+00-0.491942648E+00-0.491137014E+00-0.490341926E+00-0.489557967E+00
-0.488785721E+00-0.488025776E+00-0.487278723E+00-0.486545154E+00-0.485825666E+00
-0.485120856E+00-0.484431325E+00-0.483757675E+00-0.483100510E+00-0.482460435E+00
-0.481838059E+00-0.481233989E+00-0.480648834E+00-0.480083205E+00-0.479537713E+00
-0.479012968E+00-0.478509581E+00-0.478028164E+00-0.477569327E+00-0.477133678E+00
-0.476721828E+00-0.476334381E+00-0.475971945E+00-0.475635121E+00-0.475324511E+00
-0.475040713E+00-0.474784323E+00-0.474555931E+00-0.474356126E+00-0.474185492E+00
-0.474044608E+00-0.473934049E+00-0.473854383E+00-0.473806175E+00-0.473789983E+00
 0.212933315E+05 0.207957506E+05 0.202983226E+05 0.198012933E+05 0.193049087E+05
 0.188094146E+05 0.183150569E+05 0.178220814E+05 0.173307340E+05 0.168412606E+05
 0.163539069E+05 0.158689190E+05 0.153865425E+05 0.149070235E+05 0.144306077E+05
 0.139575411E+05 0.134880694E+05 0.130224385E+05 0.125608944E+05 0.121036828E+05
 0.116510496E+05 0.112032408E+05 0.107605020E+05 0.103230793E+05 0.989121844E+04
 0.946516531E+04 0.904516577E+04 0.863146568E+04 0.822431089E+04 0.782394729E+04
 0.743062071E+04 0.704457703E+04 0.666606211E+04 0.629532180E+04 0.593260197E+04
 0.557814847E+04 0.523220718E+04 0.489502395E+04 0.456684464E+04 0.424791511E+04
 0.393848123E+04 0.363878885E+04 0.334908384E+04 0.306961206E+04 0.280061936E+04
 0.254235161E+04 0.229505468E+04 0.205897441E+04 0.183435668E+04 0.162144734E+04
 0.142049226E+04 0.123173729E+04 0.105542829E+04 0.891811140E+03 0.741131684E+03
 0.603635788E+03 0.479569314E+03 0.369178121E+03 0.272708072E+03 0.190405026E+03
 0.122514846E+03 0.692833927E+02 0.309565264E+02 0.778010843E+01 0.000000000E+00
-0.402804049E+00-0.403743317E+00-0.404452962E+00-0.404932986E+00-0.405183389E+00
-0.405204169E+00-0.404995329E+00-0.404556866E+00-0.403888782E+00-0.402991077E+00
-0.401863749E+00-0.400506801E+00-0.398920230E+00-0.397104038E+00-0.395058224E+00
-0.392782789E+00-0.390277732E+00-0.387543054E+00-0.384578754E+00-0.381384832E+00
-0.377961289E+00-0.374308124E+00-0.370425338E+00-0.366312930E+00-0.361970900E+00
-0.357399249E+00-0.352597976E+00-0.347567081E+00-0.342306565E+00-0.336816428E+00
-0.331096668E+00-0.325147288E+00-0.318968285E+00-0.312559661E+00-0.305921415E+00
-0.299053548E+00-0.291956059E+00-0.284628949E+00-0.277072217E+00-0.269285863E+00
-0.261269888E+00-0.253024291E+00-0.244549072E+00-0.235844232E+00-0.226909770E+00
-0.217745687E+00-0.208351982E+00-0.198728656E+00-0.188875708E+00-0.178793138E+00
-0.168480947E+00-0.157939134E+00-0.147167699E+00-0.136166643E+00-0.124935965E+00
-0.113475666E+00-0.101785745E+00-0.898662026E-01-0.777170384E-01-0.653382527E-01
-0.527298454E-01-0.398918164E-01-0.268241659E-01-0.135268937E-01 0.000000000E+00
-0.439902701E+06-0.439876184E+06-0.439632304E+06-0.439171059E+06-0.438492451E+06
-0.437596479E+06-0.436483142E+06-0.435152442E+06-0.433604378E+06-0.431838950E+06
-0.429856159E+06-0.427656003E+06-0.425238483E+06-0.422603600E+06-0.419751352E+06
-0.416681741E+06-0.413394766E+06-0.409890427E+06-0.406168724E+06-0.402229657E+06
-0.398073226E+06-0.393699431E+06-0.389108272E+06-0.384299750E+06-0.379273863E+06
-0.374030613E+06-0.368569999E+06-0.362892020E+06-0.356996678E+06-0.350883972E+06
-0.344553902E+06-0.338006468E+06-0.331241671E+06-0.324259509E+06-0.317059984E+06
-0.309643094E+06-0.302008841E+06-0.294157223E+06-0.286088242E+06-0.277801897E+06
-0.269298188E+06-0.260577115E+06-0.251638678E+06-0.242482878E+06-0.233109713E+06
-0.223519184E+06-0.213711292E+06-0.203686036E+06-0.193443415E+06-0.182983431E+06
-0.172306083E+06-0.161411371E+06-0.150299295E+06-0.138969856E+06-0.127423052E+06
-0.115658884E+06-0.103677353E+06-0.914784573E+05-0.790621980E+05-0.664285748E+05
-0.535775876E+05-0.405092366E+05-0.272235216E+05-0.137204428E+05 0.000000000E+00
-1.024574106e-04-2.298089124e-04-4.041614956e-04-6.211634827e-04-8.753108150e-04
-1.160106311e-03-1.468388814e-03-1.793354437e-03-2.105063142e-03-2.344991630e-03
-2.548610043e-03-2.707926744e-03-2.794680084e-03-2.798916091e-03-2.700507384e-03
-2.480912217e-03-2.146865505e-03-1.676528145e-03-1.085840050e-03-3.705697859e-04
 4.605987819e-04 1.375230329e-03 2.370903520e-03 3.391062178e-03 4.421929440e-03
 5.430144307e-03 6.387578312e-03 7.314666640e-03 8.181941899e-03 9.028938182e-03
 9.847261319e-03 1.064230603e-02 1.144326894e-02 1.221358221e-02 1.299649969e-02
 1.375685696e-02 1.450331260e-02 1.525000707e-02 1.595460109e-02 1.665885531e-02
 1.731563793e-02 1.794674111e-02 1.855009535e-02 1.909263143e-02 1.962424927e-02
 2.008318954e-02 2.051042789e-02 2.088590755e-02 2.118911954e-02 2.147102495e-02
 2.166195920e-02 2.182662294e-02 2.192523636e-02 2.196163755e-02 2.198420960e-02
 2.193236663e-02 2.189241275e-02 2.182985799e-02 2.176408083e-02 2.176892995e-02
 2.178082407e-02 2.189737629e-02 2.206896258e-02 2.228514173e-02 2.260186006e-02
-1.426816107e-04-3.206243471e-04-5.652720968e-04-8.714991465e-04-1.232705346e-03
-1.640908393e-03-2.086832642e-03-2.556102976e-03-3.018261786e-03-3.404112208e-03
-3.751281230e-03-4.044983438e-03-4.264900865e-03-4.409779254e-03-4.338254108e-03
-4.108270732e-03-3.713246060e-03-3.138488988e-03-2.373798787e-03-1.417715737e-03
-2.792087707e-04 1.018337708e-03 2.426318212e-03 3.873199492e-03 5.274248910e-03
 6.556020732e-03 7.685341343e-03 8.677507923e-03 9.576740780e-03 1.042845631e-02
 1.126393679e-02 1.209917824e-02 1.293948197e-02 1.378404675e-02 1.462908972e-02
 1.546955036e-02 1.629996823e-02 1.711479072e-02 1.790841830e-02 1.867540426e-02
 1.941059855e-02 2.010910712e-02 2.076614489e-02 2.137696284e-02 2.193685885e-02
 2.244115223e-02 2.288527517e-02 2.326480466e-02 2.357556299e-02 2.381375610e-02
 2.397609596e-02 2.406010446e-02 2.406444553e-02 2.398956131e-02 2.383866079e-02
 2.361928016e-02 2.334562387e-02 2.304150709e-02 2.274320631e-02 2.249945143e-02
 2.236399606e-02 2.237852924e-02 2.255321465e-02 2.286021480e-02 2.325273123e-02
-1.926597377e-04-4.336489492e-04-7.662323349e-04-1.184504235e-03-1.680478625e-03
-2.243785015e-03-2.861304061e-03-3.513983432e-03-4.162261799e-03-4.800726595e-03
-5.382131614e-03-5.881216246e-03-6.286284925e-03-6.557621769e-03-6.640791824e-03
-6.488054198e-03-6.087638418e-03-5.416000641e-03-4.450112432e-03-3.173529412e-03
-1.575737930e-03 3.448322924e-04 2.553728341e-03 4.924215208e-03 7.145190971e-03
 8.855291385e-03 9.951764160e-03 1.066628349e-02 1.130490958e-02 1.200593185e-02
 1.278975320e-02 1.364150694e-02 1.454059143e-02 1.546836065e-02 1.640950505e-02
 1.735175279e-02 1.828520158e-02 1.920165220e-02 2.009404725e-02 2.095603611e-02
 2.178164951e-02 2.256505814e-02 2.330040202e-02 2.398168632e-02 2.460273672e-02
 2.515720129e-02 2.563858214e-02 2.604027881e-02 2.635562565e-02 2.657790932e-02
 2.670035941e-02 2.671611979e-02 2.661823636e-02 2.639975401e-02 2.605413777e-02
 2.557649771e-02 2.496668742e-02 2.423662262e-02 2.342656263e-02 2.263667510e-02
 2.206081508e-02 2.193023493e-02 2.231176551e-02 2.303715068e-02 2.389229555e-02
-2.531048276e-04-5.709019471e-04-1.011671678e-03-1.569616970e-03-2.236508016e-03
-3.001177596e-03-3.848970926e-03-4.757565169e-03-5.692693881e-03-6.637884357e-03
-7.551496918e-03-8.387994360e-03-9.112316011e-03-9.670431861e-03-1.000019520e-02
-1.003737104e-02-9.722281177e-03-9.005598321e-03-7.852007161e-03-6.238807544e-03
-4.142370885e-03-1.494806474e-03 1.825109464e-03 6.254212586e-03 1.104781505e-02
 1.342775272e-02 1.335076048e-02 1.240810266e-02 1.259543238e-02 1.323294238e-02
 1.409909031e-02 1.508904413e-02 1.614488543e-02 1.723157141e-02 1.832668892e-02
 1.941530706e-02 2.048704152e-02 2.153421332e-02 2.255061894e-02 2.353068383e-02
 2.446888198e-02 2.535935553e-02 2.619569330e-02 2.697083853e-02 2.767709847e-02
 2.830622640e-02 2.884954085e-02 2.929804117e-02 2.964247249e-02 2.987328816e-02
 2.998045193e-02 2.995301139e-02 2.977835189e-02 2.944099335e-02 2.892069874e-02
 2.818948693e-02 2.720682392e-02 2.591173390e-02 2.420974297e-02 2.195384044e-02
 1.833881461e-02 1.766730452e-02 2.051320753e-02 2.296714880e-02 2.479672590e-02
-3.227797988e-04-7.301657857e-04-1.299044314e-03-2.025540155e-03-2.903275786e-03
-3.922533386e-03-5.069357719e-03-6.320861774e-03-7.644532295e-03-9.020355783e-03
-1.041241817e-02-1.176227112e-02-1.302239213e-02-1.411896972e-02-1.495061692e-02
-1.539402999e-02-1.532096817e-02-1.462956212e-02-1.327507569e-02-1.127925641e-02
-8.711511947e-03-5.661151525e-03-2.233299378e-03 1.389287261e-03 4.795553715e-03
 7.508101925e-03 9.433813792e-03 1.091808188e-02 1.228353514e-02 1.365004054e-02
 1.503199790e-02 1.641608064e-02 1.778682440e-02 1.913265698e-02 2.044630994e-02
 2.172379791e-02 2.296316363e-02 2.416333118e-02 2.532315955e-02 2.644071346e-02
 2.751274675e-02 2.853438860e-02 2.949902290e-02 3.039834797e-02 3.122259611e-02
 3.196087920e-02 3.260160908e-02 3.313292447e-02 3.354304107e-02 3.382043398e-02
 3.395375848e-02 3.393141271e-02 3.374062872e-02 3.336592056e-02 3.278657134e-02
 3.197250640e-02 3.087714205e-02 2.942399909e-02 2.747897465e-02 2.477749263e-02
 2.082428697e-02 1.986994090e-02 2.307680503e-02 2.579064535e-02 2.772553903e-02
-3.962903275e-04-9.001821341e-04-1.610588253e-03-2.528855747e-03-3.654009125e-03
-4.981013002e-03-6.499333428e-03-8.191374282e-03-1.001076977e-02-1.195308027e-02
-1.398562236e-02-1.606676711e-02-1.816273347e-02-2.022144629e-02-2.210910060e-02
-2.355972558e-02-2.417422469e-02-2.358111346e-02-2.167781777e-02-1.870002471e-02
-1.505125076e-02-1.108849783e-02-7.056504682e-03-3.126036985e-03 5.694779208e-04
 3.936238963e-03 6.941076650e-03 9.611523954e-03 1.200619800e-02 1.418288653e-02
 1.618487447e-02 1.804197233e-02 1.977583441e-02 2.140413320e-02 2.294261179e-02
 2.440560522e-02 2.580576381e-02 2.715347840e-02 2.845627549e-02 2.971830411e-02
 3.093997098e-02 3.211776364e-02 3.324430264e-02 3.430866121e-02 3.529697171e-02
 3.619330294e-02 3.698074399e-02 3.764257870e-02 3.816339258e-02 3.852993823e-02
 3.873161091e-02 3.876045643e-02 3.861073789e-02 3.827820942e-02 3.775939087e-02
 3.705138753e-02 3.615340184e-02 3.507271459e-02 3.384236662e-02 3.256882876e-02
 3.152801601e-02 3.112572603e-02 3.143966642e-02 3.213655943e-02 3.291526284e-02
-4.604490824e-04-1.052687241e-03-1.900053423e-03-3.015742368e-03-4.411800556e-03
-6.095059286e-03-8.062220302e-03-1.029122027e-02-1.273948658e-02-1.536963301e-02
-1.814014473e-02-2.103632762e-02-2.411211783e-02-2.755338800e-02-3.165655792e-02
-3.639385246e-02-4.024647462e-02-4.000845039e-02-3.534176949e-02-2.830107939e-02
-2.167708811e-02-1.576148913e-02-1.041928285e-02-5.541962035e-03-1.070416087e-03
 3.023278994e-03 6.753802792e-03 1.013420060e-02 1.318124537e-02 1.591699134e-02
 1.836892338e-02 2.056956881e-02 2.255536194e-02 2.436463983e-02 2.603517964e-02
 2.760190297e-02 2.909515827e-02 3.053963344e-02 3.195370972e-02 3.334902440e-02
 3.473011297e-02 3.609415753e-02 3.743099208e-02 3.872355972e-02 3.994897991e-02
 4.108029397e-02 4.208883685e-02 4.294703280e-02 4.363124262e-02 4.412416221e-02
 4.441629129e-02 4.450622452e-02 4.439990392e-02 4.410934835e-02 4.365159235e-02
 4.304859309e-02 4.232875520e-02 4.153041974e-02 4.070666204e-02 3.992787738e-02
 3.927384658e-02 3.880962566e-02 3.856184079e-02 3.852709939e-02 3.864178396e-02
-4.885889439e-04-1.128707143e-03-2.066929794e-03-3.340866205e-03-4.993066599e-03
-7.063606336e-03-9.578864385e-03-1.253179154e-02-1.585324376e-02-1.942029347e-02
-2.302165951e-02-2.645857392e-02-2.967570264e-02-3.299181567e-02-3.706485344e-02
-4.280047468e-02-4.874860961e-02-4.830201623e-02-4.141485076e-02-3.114615371e-02
-2.318494629e-02-1.644326787e-02-1.045844559e-02-4.999904931e-03 4.453765577e-05
 4.719372130e-03 9.027755889e-03 1.295001192e-02 1.646119281e-02 1.954833496e-02
 2.222335468e-02 2.452677019e-02 2.652139155e-02 2.828030451e-02 2.987528558e-02
 3.136946290e-02 3.281454760e-02 3.425092166e-02 3.570858043e-02 3.720754824e-02
 3.875725686e-02 4.035519518e-02 4.198565860e-02 4.361946062e-02 4.521512703e-02
 4.672176126e-02 4.808368079e-02 4.924681515e-02 5.016624284e-02 5.081317293e-02
 5.117904411e-02 5.127518214e-02 5.112843865e-02 5.077500566e-02 5.025490614e-02
 4.960861066e-02 4.887585258e-02 4.809576857e-02 4.730706300e-02 4.654686788e-02
 4.584746291e-02 4.522731944e-02 4.475303362e-02 4.438325926e-02 4.409788268e-02
-4.368668786e-04-1.025164199e-03-1.921289782e-03-3.203899895e-03-4.978019527e-03
-7.364145260e-03-1.048098494e-02-1.443378716e-02-1.929248238e-02-2.502094909e-02
-3.082703349e-02-3.503409661e-02-3.678414595e-02-3.654954898e-02-3.591987942e-02
-3.527267975e-02-3.411236966e-02-3.179802626e-02-2.808457616e-02-2.327732867e-02
-1.791676981e-02-1.239012567e-02-6.872602529e-03-1.427879436e-03 3.911022521e-03
 9.095059432e-03 1.403147886e-02 1.857591283e-02 2.255961734e-02 2.585494769e-02
 2.844144901e-02 3.041988004e-02 3.196310640e-02 3.324778404e-02 3.441360530e-02
 3.555707185e-02 3.674244407e-02 3.801529274e-02 3.941227319e-02 4.096466246e-02
 4.269492468e-02 4.460832563e-02 4.668478050e-02 4.887551936e-02 5.110481729e-02
 5.327387396e-02 5.526606598e-02 5.695815321e-02 5.824226402e-02 5.905409863e-02
 5.939169853e-02 5.931085932e-02 5.890004785e-02 5.825207128e-02 5.744667770e-02
 5.654575441e-02 5.559564829e-02 5.463139329e-02 5.368018515e-02 5.276333630e-02
 5.189690011e-02 5.109296985e-02 5.039338813e-02 4.977488944e-02 4.921190534e-02
-2.624046537e-04-6.240323809e-04-1.198443006e-03-2.091471100e-03-3.525960761e-03
-5.855157249e-03-9.311448183e-03-1.397388256e-02-2.012959917e-02-2.859364800e-02
-3.911831515e-02-4.477152689e-02-4.417030753e-02-3.761268390e-02-3.303982499e-02
-2.964341586e-02-2.660526820e-02-2.345323767e-02-1.993664417e-02-1.596988873e-02
-1.157061956e-02-6.793000294e-03-1.681132165e-03 3.748150298e-03 9.498741259e-03
 1.556413197e-02 2.184551363e-02 2.797397662e-02 3.317199730e-02 3.667009422e-02
 3.832331512e-02 3.876895089e-02 3.878982286e-02 3.886524350e-02 3.913719423e-02
 3.963757751e-02 4.036544083e-02 4.130392472e-02 4.248562865e-02 4.396574951e-02
 4.584277940e-02 4.818665320e-02 5.098073072e-02 5.413680536e-02 5.751146185e-02
 6.094873277e-02 6.423553571e-02 6.705600034e-02 6.904591210e-02 6.996000523e-02
 6.984681285e-02 6.900838160e-02 6.778581889e-02 6.641165936e-02 6.500447776e-02
 6.361985778e-02 6.228134899e-02 6.099983772e-02 5.978166958e-02 5.862991965e-02
 5.754722437e-02 5.653681471e-02 5.562492040e-02 5.478976433e-02 5.402365268e-02
 6.361029136e-06 2.315307000e-05 7.356106013e-05 2.239419515e-04 4.531281495e-04
-1.222527460e-03-5.300096455e-03-9.811413375e-03-1.466650521e-02-1.991083361e-02
-2.481791314e-02-2.795206683e-02-2.852469681e-02-2.699302314e-02-2.465618170e-02
-2.211707990e-02-1.944437798e-02-1.657092993e-02-1.341544256e-02-9.914828755e-03
-6.025397427e-03-1.710368294e-03 3.078714388e-03 8.425028759e-03 1.448027819e-02
 2.153125154e-02 3.017014794e-02 4.186961221e-02 5.324017377e-02 5.733447199e-02
 5.371050981e-02 4.765352441e-02 4.470910017e-02 4.328010579e-02 4.273065768e-02
 4.274008462e-02 4.311184407e-02 4.369883800e-02 4.437288350e-02 4.511003147e-02
 4.665304312e-02 4.955853245e-02 5.376025971e-02 5.873377051e-02 6.393367011e-02
 6.951209728e-02 7.570256334e-02 8.214946385e-02 8.655475716e-02 8.715573010e-02
 8.393062619e-02 8.015977808e-02 7.706330623e-02 7.450032226e-02 7.230089986e-02
 7.035482168e-02 6.859429230e-02 6.697686976e-02 6.548032656e-02 6.408670779e-02
 6.279015051e-02 6.158706519e-02 6.047348675e-02 5.943381396e-02 5.845033080e-02
 2.532699441e-04 5.956008383e-04 1.122793865e-03 1.892865451e-03 2.748089769e-03
 1.429643939e-03-2.378932633e-03-5.749314179e-03-8.775564627e-03-1.153518349e-02
-1.386602293e-02-1.554219253e-02-1.637813422e-02-1.636354284e-02-1.562489198e-02
-1.431923902e-02-1.256080934e-02-1.040874312e-02-7.882814357e-03-4.980176525e-03
-1.684940491e-03 2.029348961e-03 6.202432674e-03 1.089347269e-02 1.618845848e-02
 2.220102293e-02 2.902484993e-02 3.641473224e-02 4.282415699e-02 4.633240172e-02
 4.664132380e-02 4.534715602e-02 4.423282563e-02 4.370787978e-02 4.371861361e-02
 4.414659277e-02 4.487259795e-02 4.577046924e-02 4.667609567e-02 4.736356183e-02
 4.891135844e-02 5.223129121e-02 5.743010658e-02 6.329500466e-02 6.917707389e-02
 7.547222400e-02 8.271811723e-02 9.153420267e-02 9.686120629e-02 9.698518246e-02
 9.187508644e-02 8.714323300e-02 8.359715802e-02 8.073037246e-02 7.827814800e-02
 7.610063705e-02 7.412144386e-02 7.229731159e-02 7.060278617e-02 6.902213564e-02
 6.754489311e-02 6.616316420e-02 6.486986362e-02 6.365806561e-02 6.252590642e-02
 4.276218772e-04 9.805726056e-04 1.777627020e-03 2.835203527e-03 3.936841382e-03
 2.700849416e-03-1.228824169e-03-3.186333254e-03-4.772232160e-03-6.251036438e-03
-7.546989041e-03-8.534150318e-03-9.121899109e-03-9.261867937e-03-8.945966038e-03
-8.192172455e-03-7.027782718e-03-5.477677750e-03-3.559318265e-03-1.282411530e-03
 1.349250602e-03 4.335101918e-03 7.674128494e-03 1.135864342e-02 1.536228791e-02
 1.961747508e-02 2.397974947e-02 2.819438562e-02 3.191378031e-02 3.494410769e-02
 3.721424831e-02 3.883952241e-02 4.012788798e-02 4.134015140e-02 4.264020854e-02
 4.411320873e-02 4.579991226e-02 4.772687572e-02 4.993636418e-02 5.251830020e-02
 5.560909092e-02 5.930809948e-02 6.358827917e-02 6.829243842e-02 7.321143322e-02
 7.813339064e-02 8.278228446e-02 8.672112780e-02 8.940849109e-02 9.050931579e-02
 9.014400857e-02 8.878918805e-02 8.693259679e-02 8.487923054e-02 8.278352298e-02
 8.072047038e-02 7.872715907e-02 7.682194331e-02 7.501316585e-02 7.330339963e-02
 7.169169886e-02 7.017488794e-02 6.874836203e-02 6.740672258e-02 6.614904908e-02
 5.571697412e-04 1.266462201e-03 2.268993127e-03 3.570146790e-03 4.932874084e-03
 3.992610100e-03 5.584084535e-04-8.194147561e-04-1.745313847e-03-2.637737004e-03
-3.420012083e-03-4.029459533e-03-4.411899460e-03-4.526184914e-03-4.345663185e-03
-3.856488752e-03-3.054151426e-03-1.939848278e-03-5.178328394e-04 1.205825190e-03
 3.223088623e-03 5.522542274e-03 8.086758469e-03 1.088839423e-02 1.388519924e-02
 1.701501425e-02 2.019368733e-02 2.332094134e-02 2.629829428e-02 2.904457767e-02
 3.161706334e-02 3.400456330e-02 3.626049374e-02 3.848140468e-02 4.075560913e-02
 4.316193616e-02 4.576781511e-02 4.863096235e-02 5.180194981e-02 5.532315902e-02
 5.922080405e-02 6.349020128e-02 6.807767128e-02 7.286710742e-02 7.767519891e-02
 8.225605878e-02 8.632113877e-02 8.958258859e-02 9.181674625e-02 9.292680234e-02
 9.297265274e-02 9.214522994e-02 9.069634880e-02 8.886607772e-02 8.684229012e-02
 8.475407650e-02 8.268241747e-02 8.067435016e-02 7.875477905e-02 7.693482782e-02
 7.521731155e-02 7.360018801e-02 7.207869186e-02 7.064645399e-02 6.928607454e-02
 6.700286564e-04 1.518097119e-03 2.708353690e-03 4.240870758e-03 5.880243468e-03
 5.261697274e-03 2.112695770e-03 1.146105291e-03 5.570316517e-04-9.056948744e-06
-5.200506917e-04-9.353145016e-04-1.216047683e-03-1.328244736e-03-1.244278978e-03
-9.433219674e-04-4.109195294e-04 3.618301382e-04 1.379081117e-03 2.640728422e-03
 4.142443113e-03 5.875237200e-03 7.824655769e-03 9.969823360e-03 1.228275394e-02
 1.472855856e-02 1.726731880e-02 1.985821847e-02 2.246581959e-02 2.506705841e-02
 2.765409592e-02 3.024079918e-02 3.289806683e-02 3.563138459e-02 3.848627897e-02
 4.149722134e-02 4.476205910e-02 4.832934616e-02 5.225618614e-02 5.657975505e-02
 6.128981876e-02 6.640453298e-02 7.191222974e-02 7.774441695e-02 8.372975021e-02
 8.952033796e-02 9.458219782e-02 9.839549855e-02 1.006437409e-01 1.012479370e-01
 1.003856584e-01 9.849192062e-02 9.607505096e-02 9.348578519e-02 9.090642313e-02
 8.842265430e-02 8.607140263e-02 8.386491584e-02 8.180281710e-02 7.987837879e-02
 7.808189352e-02 7.640251145e-02 7.482924832e-02 7.335176642e-02 7.197006462e-02
 7.820901700e-04 1.769097887e-03 3.148200254e-03 4.911825128e-03 6.816451230e-03
 6.480422248e-03 3.633135458e-03 2.857542051e-03 2.482092295e-03 2.074899544e-03
 1.670881838e-03 1.306744650e-03 1.017588614e-03 8.349405836e-04 7.858832853e-04
 8.928162281e-04 1.173553343e-03 1.641570084e-03 2.306254469e-03 3.173092193e-03
 4.243733007e-03 5.515970056e-03 6.983710410e-03 8.637068287e-03 1.046275372e-02
 1.244492594e-02 1.456665255e-02 1.681196437e-02 1.916829680e-02 2.162890901e-02
 2.419479024e-02 2.687551936e-02 2.969001384e-02 3.267332160e-02 3.585674275e-02
 3.926839258e-02 4.297131044e-02 4.701944742e-02 5.147027911e-02 5.637928283e-02
 6.179631456e-02 6.780464629e-02 7.451567736e-02 8.207965726e-02 9.072926032e-02
 1.010905507e-01 1.103888845e-01 1.164849788e-01 1.190389270e-01 1.178463784e-01
 1.129933420e-01 1.065452119e-01 1.016350862e-01 9.758097369e-02 9.413116111e-02
 9.113306878e-02 8.848413215e-02 8.611244188e-02 8.396584243e-02 8.200529550e-02
 8.020070973e-02 7.852823824e-02 7.696845287e-02 7.550493326e-02 7.411679984e-02
 9.032635386e-04 2.044196128e-03 3.639215800e-03 5.677014989e-03 7.890359522e-03
 7.857723236e-03 5.284777908e-03 4.697097852e-03 4.369290459e-03 3.940613564e-03
 3.473369212e-03 3.013790680e-03 2.597666223e-03 2.254298927e-03 2.008512225e-03
 1.881627692e-03 1.891955771e-03 2.055050534e-03 2.383854038e-03 2.888624764e-03
 3.576857798e-03 4.453237061e-03 5.519681897e-03 6.775556668e-03 8.218110658e-03
 9.843218025e-03 1.164625542e-02 1.362313400e-02 1.577146545e-02 1.809172684e-02
 2.058828126e-02 2.327018144e-02 2.615164673e-02 2.925210608e-02 3.259602201e-02
 3.621349437e-02 4.014129093e-02 4.442352106e-02 4.911356737e-02 5.427875052e-02
 6.000860216e-02 6.642670310e-02 7.370819723e-02 8.211353888e-02 9.204255363e-02
 1.039674033e-01 1.145592040e-01 1.210550019e-01 1.235223440e-01 1.218691839e-01
 1.159513240e-01 1.084739256e-01 1.028324560e-01 9.843524624e-02 9.486668296e-02
 9.187551847e-02 8.930237144e-02 8.704170255e-02 8.502105333e-02 8.318911493e-02
 8.150856773e-02 7.995160559e-02 7.849698888e-02 7.712774512e-02 7.582920129e-02
 1.030445569e-03 2.339104352e-03 4.184232366e-03 6.575272263e-03 9.298889501e-03
 1.001427190e-02 8.292759594e-03 7.254558120e-03 6.477328643e-03 5.728191346e-03
 4.997851321e-03 4.298536850e-03 3.645968528e-03 3.056953444e-03 2.548594975e-03
 2.137925658e-03 1.841747672e-03 1.676559746e-03 1.658539593e-03 1.802709419e-03
 2.122331801e-03 2.628512370e-03 3.329963576e-03 4.232972348e-03 5.341738381e-03
 6.659331237e-03 8.188117786e-03 9.930015559e-03 1.188703070e-02 1.406203404e-02
 1.645952779e-02 1.908603524e-02 2.195045231e-02 2.506427687e-02 2.844185214e-02
 3.210060096e-02 3.606136768e-02 4.034900974e-02 4.499370163e-02 5.003439039e-02
 5.553144781e-02 6.160581510e-02 6.836533873e-02 7.586374292e-02 8.420965060e-02
 9.343185976e-02 1.017611344e-01 1.071578365e-01 1.093600908e-01 1.080361292e-01
 1.045581017e-01 1.011217483e-01 9.791156856e-02 9.506640884e-02 9.256589884e-02
 9.035770438e-02 8.838719252e-02 8.660700093e-02 8.497878705e-02 8.347247094e-02
 8.206486291e-02 8.073833728e-02 7.947978371e-02 7.827996753e-02 7.713579475e-02
 1.141584410e-03 2.596991767e-03 4.661043613e-03 7.360272102e-03 1.049733369e-02
 1.177009740e-02 1.062795151e-02 9.316501157e-03 8.173692575e-03 7.089613362e-03
 6.058580325e-03 5.073553678e-03 4.135860724e-03 3.252499573e-03 2.434170843e-03
 1.694234189e-03 1.048213366e-03 5.127107889e-04 1.118915205e-04-1.316701586e-04
-1.972588968e-04-6.648133983e-05 2.760225414e-04 8.414846093e-04 1.635209631e-03
 2.665407228e-03 3.940386783e-03 5.465329027e-03 7.243012899e-03 9.275384767e-03
 1.156502647e-02 1.411456317e-02 1.692667386e-02 2.000460807e-02 2.335194760e-02
 2.697231452e-02 3.086880430e-02 3.504289056e-02 3.949207927e-02 4.420444626e-02
 4.914142964e-02 5.438123026e-02 6.022384644e-02 6.627779270e-02 7.235143652e-02
 7.813861469e-02 8.323313763e-02 8.724601411e-02 8.995241797e-02 9.136436327e-02
 9.172173971e-02 9.136895552e-02 9.060465645e-02 8.962879132e-02 8.855866255e-02
 8.745728326e-02 8.635554280e-02 8.526671363e-02 8.419511879e-02 8.314100970e-02
 8.210317333e-02 8.108023819e-02 8.007124927e-02 7.907573298e-02 7.808833706e-02
 1.216491929e-03 2.766557650e-03 4.961949767e-03 7.824008587e-03 1.114067791e-02
 1.257697242e-02 1.153506882e-02 1.023808083e-02 8.980973214e-03 7.726724234e-03
 6.477487781e-03 5.239442896e-03 4.019273801e-03 2.825158913e-03 1.667196567e-03
 5.574545225e-04-4.844081911e-04-1.430514317e-03-2.252555295e-03-2.922572297e-03
-3.413522643e-03-3.699824644e-03-3.757910245e-03-3.566771113e-03-3.108403630e-03
-2.367708547e-03-1.333780855e-03-2.245874532e-06 1.621366132e-03 3.529312636e-03
 5.727065204e-03 8.213504913e-03 1.098375272e-02 1.403311490e-02 1.735558677e-02
 2.094335432e-02 2.478643646e-02 2.887164049e-02 3.318139359e-02 3.769262887e-02
 4.237519366e-02 4.718356186e-02 5.198120148e-02 5.713301405e-02 6.225261617e-02
 6.701979768e-02 7.132335789e-02 7.504128723e-02 7.809213517e-02 8.045747402e-02
 8.218143707e-02 8.335120390e-02 8.407006927e-02 8.443584383e-02 8.452995377e-02
 8.441527022e-02 8.413848930e-02 8.373391731e-02 8.322705167e-02 8.263738536e-02
 8.198038233e-02 8.126877003e-02 8.051333685e-02 7.972348035e-02 7.891116124e-02
 1.254295204e-03 2.849342735e-03 5.101807789e-03 8.025519265e-03 1.141022178e-02
 1.290621175e-02 1.181587313e-02 1.048871865e-02 9.148768301e-03 7.751479287e-03
 6.308610805e-03 4.830966654e-03 3.328464140e-03 1.810921005e-03 2.886677253e-04
-1.217821763e-03-2.677428590e-03-4.057823342e-03-5.326068082e-03-6.449091041e-03
-7.394192907e-03-8.129548783e-03-8.624710911e-03-8.851120708e-03-8.782645455e-03
-8.396224935e-03-7.672717683e-03-6.597954688e-03-5.163819623e-03-3.368716670e-03
-1.218947614e-03 1.265089662e-03 4.046176010e-03 7.123210671e-03 1.048391802e-02
 1.411108963e-02 1.798576885e-02 2.208604393e-02 2.638662937e-02 3.085780738e-02
 3.546483097e-02 4.016797028e-02 4.492252636e-02 4.967162100e-02 5.433209867e-02
 5.880303818e-02 6.298895767e-02 6.681137194e-02 7.021375914e-02 7.316464544e-02
 7.565750130e-02 7.770690243e-02 7.934227740e-02 8.060132015e-02 8.152467205e-02
 8.215246921e-02 8.252253905e-02 8.266969523e-02 8.262560756e-02 8.241889767e-02
 8.207528477e-02 8.161772182e-02 8.106651856e-02 8.043942736e-02 7.975045041e-02
 1.264437680e-03 2.869635706e-03 5.131260037e-03 8.057874048e-03 1.141718526e-02
 1.284898017e-02 1.175438748e-02 1.036682499e-02 8.902347271e-03 7.339125747e-03
 5.687967397e-03 3.958296707e-03 2.159009029e-03 2.988113861e-04-1.604123004e-03
-3.516385896e-03-5.402750787e-03-7.226727972e-03-8.950986738e-03-1.053783151e-02
-1.194967026e-02-1.314947878e-02-1.410126397e-02-1.477053869e-02-1.512483137e-02
-1.513425577e-02-1.477220170e-02-1.401616819e-02-1.284875727e-02-1.125892250e-02
-9.243654516e-03-6.810042342e-03-3.977072125e-03-7.760081212e-04 2.738317957e-03
 6.521368041e-03 1.055570651e-02 1.481401672e-02 1.926674322e-02 2.388144051e-02
 2.862204179e-02 3.344780161e-02 3.831240346e-02 4.316290519e-02 4.793978781e-02
 5.257914160e-02 5.701667980e-02 6.119211897e-02 6.505287487e-02 6.855675327e-02
 7.167358239e-02 7.438582169e-02 7.668828695e-02 7.858720028e-02 8.009875823e-02
 8.124735326e-02 8.206355049e-02 8.258193800e-02 8.283900911e-02 8.287125325e-02
 8.271360339e-02 8.239832119e-02 8.195432344e-02 8.140687067e-02 8.077721686e-02
 1.256454995e-03 2.849604247e-03 5.090792299e-03 7.985226709e-03 1.130613975e-02
 1.269245721e-02 1.148572863e-02 9.995014969e-03 8.375177506e-03 6.622064437e-03
 4.742201146e-03 2.742097754e-03 6.279566827e-04-1.588733519e-03-3.873936265e-03
-6.190946771e-03-8.501084650e-03-1.076417690e-02-1.293907665e-02-1.498415569e-02
-1.685777677e-02-1.851874013e-02-1.992670691e-02-2.104260996e-02-2.182907190e-02
-2.225086240e-02-2.227542927e-02-2.187355285e-02-2.102018023e-02-1.969549329e-02
-1.788627937e-02-1.558767816e-02-1.280526270e-02-9.557725995e-03-5.879946142e-03
-1.824607130e-03 2.530493931e-03 7.108615193e-03 1.188696363e-02 1.683350011e-02
 2.191392763e-02 2.709167681e-02 3.232647822e-02 3.757384715e-02 4.278469201e-02
 4.790542473e-02 5.287857493e-02 5.764391846e-02 6.214019177e-02 6.630755272e-02
 7.009090910e-02 7.344397976e-02 7.633354228e-02 7.874296690e-02 8.067407514e-02
 8.214669035e-02 8.319586025e-02 8.386737882e-02 8.421264603e-02 8.428391840e-02
 8.413066971e-02 8.379731214e-02 8.332214911e-02 8.273731216e-02 8.207260883e-02
 1.237338096e-03 2.804941571e-03 5.007879205e-03 7.849046359e-03 1.109611994e-02
 1.238373975e-02 1.106877955e-02 9.456040012e-03 7.663614963e-03 5.703572586e-03
 3.579739868e-03 1.295548964e-03-1.145854909e-03-3.714465042e-03-6.373484486e-03
-9.083353270e-03-1.180231204e-02-1.448700743e-02-1.709306158e-02-1.957560881e-02
-2.188978597e-02-2.399117088e-02-2.583616901e-02-2.738235605e-02-2.858879321e-02
-2.941634161e-02-2.982801480e-02-2.978941797e-02-2.926933377e-02-2.824052920e-02
-2.668086258e-02-2.457476368e-02-2.191517331e-02-1.870595553e-02-1.496493021e-02
-1.072747711e-02-6.050698962e-03-1.016397328e-03 4.261501154e-03 9.716719911e-03
 1.532368156e-02 2.105406012e-02 2.687767421e-02 3.276050061e-02 3.866318391e-02
 4.453902547e-02 5.033165672e-02 5.597271418e-02 6.138038708e-02 6.646039075e-02
 7.111122688e-02 7.523467994e-02 7.875009356e-02 8.160839866e-02 8.380112740e-02
 8.536123196e-02 8.635540213e-02 8.687059702e-02 8.699943734e-02 8.682872093e-02
 8.643295043e-02 8.587232248e-02 8.519352417e-02 8.443169841e-02 8.360724971e-02
 1.211887898e-03 2.746332101e-03 4.901080636e-03 7.677443159e-03 1.083478177e-02
 1.200489451e-02 1.060340330e-02 8.820274702e-03 6.844886980e-03 4.669410167e-03
 2.294203512e-03-2.808545575e-04-3.039349203e-03-5.945475098e-03-8.959906349e-03
-1.204039409e-02-1.514243710e-02-1.821993467e-02-2.122581433e-02-2.411260920e-02
-2.683296957e-02-2.934009759e-02-3.158810086e-02-3.353226913e-02-3.512928759e-02
-3.633741120e-02-3.711663517e-02-3.742891031e-02-3.723846447e-02-3.651230449e-02
-3.522098675e-02-3.333975784e-02-3.085016948e-02-2.774228796e-02-2.401755650e-02
-1.969235181e-02-1.480224307e-02-9.406962415e-03-3.595834232e-03 2.509424230e-03
 8.784541867e-03 1.521784872e-02 2.179520049e-02 2.850104287e-02 3.531559100e-02
 4.221103080e-02 4.914528305e-02 5.605246180e-02 6.282988738e-02 6.932485326e-02
 7.533179057e-02 8.061583311e-02 8.496500518e-02 8.824659255e-02 9.044138813e-02
 9.164679263e-02 9.204724676e-02 9.185976079e-02 9.128099420e-02 9.046088026e-02
 8.950207246e-02 8.847054026e-02 8.740702347e-02 8.633596750e-02 8.527486655e-02
 1.183435617e-03 2.681162557e-03 4.783142403e-03 7.489546920e-03 1.057450988e-02
 1.166857206e-02 1.006666339e-02 8.144945044e-03 5.985501332e-03 3.595356962e-03
 9.728116179e-04-1.883527571e-03-4.940910572e-03-8.161735830e-03-1.150450861e-02
-1.492465647e-02-1.837530813e-02-2.180804214e-02-2.517358345e-02-2.842242916e-02
-3.150538548e-02-3.437400263e-02-3.698090072e-02-3.927998801e-02-4.122658218e-02
-4.277745592e-02-4.389083980e-02-4.452642784e-02-4.464544542e-02-4.421085412e-02
-4.318778438e-02-4.154430259e-02-3.925263590e-02-3.629098385e-02-3.264605913e-02
-2.831647658e-02-2.331705507e-02-1.768396731e-02-1.148058818e-02-4.804094543e-03
 2.208996072e-03 9.412754402e-03 1.681743078e-02 2.443580931e-02 3.228487723e-02
 4.038412658e-02 4.875123907e-02 5.739121342e-02 6.626939187e-02 7.524295767e-02
 8.390990944e-02 9.152226181e-02 9.736366434e-02 1.010581802e-01 1.025645430e-01
 1.022072403e-01 1.006668791e-01 9.866535563e-02 9.660127150e-02 9.462847218e-02
 9.279447212e-02 9.110437123e-02 8.954696214e-02 8.810577074e-02 8.676384647e-02
 1.154436978e-03 2.614911216e-03 4.663628369e-03 7.299742068e-03 1.028052883e-02
 1.123496578e-02 9.563951748e-03 7.476503712e-03 5.138332611e-03 2.541587016e-03
-3.186560186e-04-3.430515468e-03-6.758488912e-03-1.026256591e-02-1.389893356e-02
-1.762077132e-02-2.137906564e-02-2.512340382e-02-2.880271582e-02-3.236593533e-02
-3.576255629e-02-3.894306731e-02-4.185925393e-02-4.446436743e-02-4.671316834e-02
-4.856186354e-02-4.996796707e-02-5.089012713e-02-5.128797566e-02-5.112207201e-02
-5.035402981e-02-4.894693545e-02-4.686618681e-02-4.408090103e-02-4.056605119e-02
-3.630549485e-02-3.129603769e-02-2.555262550e-02-1.911462278e-02-1.205282227e-02
-4.477003179e-03 3.457219554e-03 1.162625758e-02 2.007272672e-02 2.885499960e-02
 3.805450616e-02 4.778596822e-02 5.821397673e-02 6.958313897e-02 8.228839388e-02
 9.715089978e-02 1.101636688e-01 1.189292454e-01 1.229576470e-01 1.220959914e-01
 1.171401078e-01 1.101746259e-01 1.050537910e-01 1.010565054e-01 9.783342756e-02
 9.516836366e-02 9.291510706e-02 9.097074817e-02 8.926107756e-02 8.772984036e-02
 1.126806132e-03 2.551882860e-03 4.550143529e-03 7.119991996e-03 1.002103368e-02
 1.088304177e-02 9.081921278e-03 6.851052075e-03 4.349069729e-03 1.564335725e-03
-1.509894082e-03-4.848416627e-03-8.414078212e-03-1.216497976e-02-1.605535633e-02
-2.003647059e-02-2.405750227e-02-2.806640453e-02-3.201069518e-02-3.583815313e-02
-3.949739429e-02-4.293830773e-02-4.611234026e-02-4.897262665e-02-5.147397242e-02
-5.357270644e-02-5.522643141e-02-5.639371237e-02-5.703375630e-02-5.710615126e-02
-5.657075049e-02-5.538780788e-02-5.351849397e-02-5.092594622e-02-4.757703092e-02
-4.344500903e-02-3.851329424e-02-3.278045216e-02-2.626650106e-02-1.902043123e-02
-1.112845152e-02-2.722238361e-03 6.014538495e-03 1.501725395e-02 2.435706511e-02
 3.413317485e-02 4.448791629e-02 5.563194818e-02 6.788741541e-02 8.176387223e-02
 9.839657011e-02 1.117184959e-01 1.243677001e-01 1.271140800e-01 1.255828962e-01
 1.197626682e-01 1.116787086e-01 1.059004260e-01 1.015247375e-01 9.810019990e-02
 9.533700558e-02 9.304494337e-02 9.109561111e-02 8.940004256e-02 8.789900581e-02
 1.102055348e-03 2.495482021e-03 4.448716536e-03 6.959589316e-03 9.795347631e-03
 1.058271760e-02 8.633020902e-03 6.296912819e-03 3.651954185e-03 7.031875701e-04
-2.552765841e-03-6.082843996e-03-9.848240142e-03-1.380534837e-02-1.790670357e-02
-2.210194138e-02-2.633874866e-02-3.056377201e-02-3.472345102e-02-3.876474499e-02
-4.263572586e-02-4.628601717e-02-4.966706631e-02-5.273224700e-02-5.543679819e-02
-5.773761613e-02-5.959292667e-02-6.096187651e-02-6.180409432e-02-6.207928741e-02
-6.174695660e-02-6.076633293e-02-5.909666434e-02-5.669800848e-02-5.353271653e-02
-4.956781772e-02-4.477852630e-02-3.915307606e-02-3.269901927e-02-2.545097115e-02
-1.747955359e-02-8.900838891e-03 1.148416059e-04 9.338528743e-03 1.877882743e-02
 2.848697863e-02 3.852696420e-02 4.897404934e-02 5.990572873e-02 7.136005919e-02
 8.302633665e-02 9.318959453e-02 1.012061224e-01 1.060827446e-01 1.074645181e-01
 1.058791866e-01 1.027595667e-01 9.978323929e-02 9.719586722e-02 9.496753698e-02
 9.303715973e-02 9.134499631e-02 8.984004657e-02 8.848096328e-02 8.723004228e-02
 1.081361608e-03 2.448359591e-03 4.364047546e-03 6.825748130e-03 9.587302415e-03
 1.027326592e-02 8.298456096e-03 5.838036090e-03 3.074382358e-03-9.703619036e-06
-3.410370109e-03-7.092816898e-03-1.101662746e-02-1.513665190e-02-1.940396541e-02
-2.376685889e-02-2.817182512e-02-3.256450207e-02-3.689053591e-02-4.109632978e-02
-4.512964952e-02-4.894006510e-02-5.247921486e-02-5.570088913e-02-5.856093990e-02
-6.101703307e-02-6.302827040e-02-6.455471931e-02-6.555690035e-02-6.599529667e-02
-6.582996624e-02-6.502035864e-02-6.352546352e-02-6.130444777e-02-5.831797130e-02
-5.453040304e-02-4.991318108e-02-4.444956075e-02-3.814095154e-02-3.101493349e-02
-2.313482347e-02-1.461034011e-02-5.608430683e-03 3.636651536e-03 1.292048226e-02
 2.224108180e-02 3.158231761e-02 4.090147942e-02 5.010724602e-02 5.902763101e-02
 6.738425006e-02 7.482053962e-02 8.099573341e-02 8.567605879e-02 8.880720573e-02
 9.054891312e-02 9.122746786e-02 9.121061084e-02 9.078942658e-02 9.014881610e-02
 8.939424658e-02 8.858307435e-02 8.774562244e-02 8.689752617e-02 8.604921772e-02
 1.065605715e-03 2.412501960e-03 4.299663389e-03 6.724161603e-03 9.452418366e-03
 1.011073265e-02 8.014246945e-03 5.490652475e-03 2.639001651e-03-5.457431577e-04
-4.053154700e-03-7.847378398e-03-1.188687725e-02-1.612538144e-02-2.051289277e-02
-2.499671517e-02-2.952247561e-02-3.403509672e-02-3.847968323e-02-4.280228750e-02
-4.695052488e-02-5.087401751e-02-5.452465365e-02-5.785665969e-02-6.082649173e-02
-6.339256388e-02-6.551484076e-02-6.715433226e-02-6.827254040e-02-6.883092162e-02
-6.879044464e-02-6.811134421e-02-6.675319697e-02-6.467547578e-02-6.183877347e-02
-5.820692057e-02-5.375024814e-02-4.845025100e-02-4.230586878e-02-3.534149083e-02
-2.761657422e-02-1.923639407e-02-1.036291373e-02-1.223906603e-03 7.882324677e-03
 1.685082438e-02 2.564072082e-02 3.419032814e-02 4.241249251e-02 5.019293969e-02
 5.739564015e-02 6.387830471e-02 6.951642596e-02 7.422898200e-02 7.799716896e-02
 8.086898623e-02 8.294685462e-02 8.436286396e-02 8.525238709e-02 8.573579911e-02
 8.591097894e-02 8.585345739e-02 8.561998771e-02 8.525281020e-02 8.478466836e-02
 1.055401942e-03 2.389286322e-03 4.257990867e-03 6.658376145e-03 9.347893250e-03
 9.953241384e-03 7.845930238e-03 5.267981259e-03 2.360351576e-03-8.877869541e-04
-4.462138716e-03-8.326179020e-03-1.243766430e-02-1.674961638e-02-2.121135897e-02
-2.576957590e-02-3.036935560e-02-3.495518327e-02-3.947184257e-02-4.386519177e-02
-4.808278512e-02-5.207431804e-02-5.579188365e-02-5.919003793e-02-6.222568114e-02
-6.485777299e-02-6.704690949e-02-6.875479975e-02-6.994369262e-02-7.057581628e-02
-7.061291026e-02-7.001594953e-02-6.874518567e-02-6.676066039e-02-6.402338090e-02
-6.049738073e-02-5.615291579e-02-5.097104995e-02-4.494984571e-02-3.811226377e-02
-3.051565265e-02-2.226234187e-02-1.351031438e-02-4.482293138e-03 4.529145703e-03
 1.330492626e-02 2.180609122e-02 2.998014379e-02 3.776216353e-02 4.507779725e-02
 5.184874382e-02 5.800069144e-02 6.347267177e-02 6.822589033e-02 7.224978137e-02
 7.556357569e-02 7.821294806e-02 8.026284727e-02 8.178868783e-02 8.286816558e-02
 8.357515101e-02 8.397603714e-02 8.412815442e-02 8.407952432e-02 8.386626764e-02
 1.051137293e-03 2.379575346e-03 4.240532213e-03 6.630734352e-03 9.304543078e-03
 9.887751428e-03 7.779109607e-03 5.175863845e-03 2.246574659e-03-1.026172742e-03
-4.626519583e-03-8.517602036e-03-1.265684851e-02-1.699696955e-02-2.148700028e-02
-2.607336634e-02-3.070093608e-02-3.531401960e-02-3.985727563e-02-4.427649117e-02
-4.851920445e-02-5.253514988e-02-5.627651254e-02-5.969798986e-02-6.275666827e-02
-6.541173242e-02-6.762403525e-02-6.935556713e-02-7.056887404e-02-7.122648765e-02
-7.129044665e-02-7.072200830e-02-6.948167481e-02-6.752968908e-02-6.482718835e-02
-6.133823844e-02-5.703299730e-02-5.189226052e-02-4.591360199e-02-3.911920899e-02
-3.156528485e-02-2.335251487e-02-1.463654005e-02-5.636662885e-03 3.359771842e-03
 1.209290854e-02 2.052543249e-02 2.860912557e-02 3.628667604e-02 4.349495980e-02
 5.016987071e-02 5.625238705e-02 6.169508904e-02 6.646797907e-02 7.056239818e-02
 7.399216995e-02 7.679175954e-02 7.901197776e-02 8.071430140e-02 8.196502906e-02
 8.283025244e-02 8.337217367e-02 8.364685940e-02 8.370330080e-02 8.358642200e-02
 1.052998790e-03 2.383804913e-03 4.248107787e-03 6.642699766e-03 9.337364316e-03
 9.956961264e-03 7.786399629e-03 5.218026443e-03 2.301781667e-03-9.567847281e-04
-4.542083842e-03-8.417331668e-03-1.254005971e-02-1.686309009e-02-2.133557097e-02
-2.590403625e-02-3.051345207e-02-3.510821074e-02-3.963303333e-02-4.403374570e-02
-4.825789862e-02-5.225521065e-02-5.597782124e-02-5.938035179e-02-6.241978199e-02
-6.505515926e-02-6.724716917e-02-6.895760504e-02-7.014878635e-02-7.078298904e-02
-7.082196650e-02-7.022666082e-02-6.895722859e-02-6.697353646e-02-6.423631592e-02
-6.070920134e-02-5.636190311e-02-5.117477311e-02-4.514498433e-02-3.829443691e-02
-3.067928576e-02-2.240062091e-02-1.361529451e-02-4.545195620e-03 4.517469511e-03
 1.334913877e-02 2.191090030e-02 3.014946718e-02 3.799792697e-02 4.537853518e-02
 5.220836581e-02 5.840790744e-02 6.391149644e-02 6.867733578e-02 7.269441399e-02
 7.598425060e-02 7.859693368e-02 8.060280335e-02 8.208244469e-02 8.311768364e-02
 8.378519630e-02 8.415300498e-02 8.427927559e-02 8.421253651e-02 8.399038317e-02
 1.060932161e-03 2.401865931e-03 4.280560151e-03 6.693930726e-03 9.395662452e-03
 1.001078175e-02 7.948878848e-03 5.395617917e-03 2.524755491e-03-6.814964430e-04
-4.211191735e-03-8.028098939e-03-1.209029907e-02-1.635115734e-02-2.076034195e-02
-2.526486551e-02-2.981011393e-02-3.434082450e-02-3.880197525e-02-4.313955079e-02
-4.730115573e-02-5.123645410e-02-5.489742243e-02-5.823841361e-02-6.121603882e-02
-6.378888472e-02-6.591709347e-02-6.756184343e-02-6.868478030e-02-6.924746125e-02
-6.921089174e-02-6.853525445e-02-6.717995568e-02-6.510414515e-02-6.226789969e-02
-5.863429660e-02-5.417263007e-02-4.886303147e-02-4.270271981e-02-3.571400498e-02
-2.795395232e-02-1.952525763e-02-1.058736662e-02-1.366230368e-03 7.839656310e-03
 1.691919561e-02 2.583375610e-02 3.452227021e-02 4.289509478e-02 5.083065070e-02
 5.818000150e-02 6.478396695e-02 7.050137281e-02 7.523990723e-02 7.897892329e-02
 8.177517609e-02 8.374752559e-02 8.504634789e-02 8.582180368e-02 8.620336139e-02
 8.629296348e-02 8.616691444e-02 8.588101563e-02 8.547584952e-02 8.498206371e-02
 1.074600725e-03 2.432994674e-03 4.336510623e-03 6.782415808e-03 9.531628929e-03
 1.021152049e-02 8.175582085e-03 5.699810996e-03 2.907685506e-03-2.090090122e-04
-3.643426650e-03-7.360225709e-03-1.131843069e-02-1.547235490e-02-1.977258031e-02
-2.416696450e-02-2.860163882e-02-3.302196003e-02-3.737337798e-02-4.160218541e-02
-4.565612123e-02-4.948480617e-02-5.303999824e-02-5.627566495e-02-5.914787918e-02
-6.161455559e-02-6.363505471e-02-6.516969270e-02-6.617920641e-02-6.662423725e-02
-6.646491378e-02-6.566063401e-02-6.417017313e-02-6.195227328e-02-5.896690460e-02
-5.517742051e-02-5.055385393e-02-4.507760447e-02-3.874772731e-02-3.158892359e-02
-2.366112897e-02-1.507027174e-02-5.979255768e-03 3.382519284e-03 1.279878052e-02
 2.227276791e-02 3.179683135e-02 4.133812349e-02 5.081370771e-02 6.004962342e-02
 6.873889249e-02 7.646714578e-02 8.283396241e-02 8.756128963e-02 9.058172649e-02
 9.208887732e-02 9.248066224e-02 9.219289618e-02 9.154809732e-02 9.073439509e-02
 8.985014440e-02 8.894399342e-02 8.803864002e-02 8.714363292e-02 8.626338906e-02
 1.093393361e-03 2.475810490e-03 4.413498784e-03 6.904185870e-03 9.711696243e-03
 1.046350211e-02 8.499381999e-03 6.119981258e-03 3.436718509e-03 4.446789191e-04
-2.856457006e-03-6.432675415e-03-1.024436241e-02-1.424717849e-02-1.839299947e-02
-2.263088427e-02-2.690803557e-02-3.117071738e-02-3.536509434e-02-3.943796031e-02
-4.333732902e-02-4.701286628e-02-5.041615177e-02-5.350076736e-02-5.622221888e-02
-5.853770825e-02-6.040578341e-02-6.178590445e-02-6.263797681e-02-6.292191642e-02
-6.259732866e-02-6.162340387e-02-5.995915650e-02-5.756416367e-02-5.439998865e-02
-5.043250152e-02-4.563532345e-02-3.999460667e-02-3.351529983e-02-2.622891553e-02
-1.820254054e-02-9.548392520e-03-4.328651609e-04 8.915904633e-03 1.849053521e-02
 2.835274218e-02 3.858173685e-02 4.927769882e-02 6.056295489e-02 7.257268876e-02
 8.529546976e-02 9.610754281e-02 1.048110492e-01 1.098098769e-01 1.107698603e-01
 1.083107582e-01 1.041981194e-01 1.007311381e-01 9.785065369e-02 9.543589158e-02
 9.338409762e-02 9.161255532e-02 9.005656008e-02 8.866624074e-02 8.740078687e-02
 1.116425541e-03 2.528317509e-03 4.507980245e-03 7.053695946e-03 9.920677593e-03
 1.073537459e-02 8.913810102e-03 6.638882916e-03 4.090491098e-03 1.253831283e-03
-1.877882644e-03-5.274733706e-03-8.898794555e-03-1.270738131e-02-1.665397292e-02
-2.068914076e-02-2.476146531e-02-2.881841123e-02-3.280713021e-02-3.667516242e-02
-4.037101135e-02-4.384457328e-02-4.704741011e-02-4.993286348e-02-5.245601768e-02
-5.457352887e-02-5.624334932e-02-5.742438667e-02-5.807615131e-02-5.815845954e-02
-5.763127771e-02-5.645481301e-02-5.458997964e-02-5.199939545e-02-4.864908720e-02
-4.451110119e-02-3.956721559e-02-3.381392307e-02-2.726876483e-02-1.997789101e-02
-1.202451587e-02-3.537637948e-03 5.300922254e-03 1.439869052e-02 2.382867569e-02
 3.369292427e-02 4.413833438e-02 5.538286468e-02 6.775974529e-02 8.178710047e-02
 9.815905712e-02 1.125137558e-01 1.222057619e-01 1.267068174e-01 1.256493371e-01
 1.198042362e-01 1.118857359e-01 1.060232385e-01 1.015966878e-01 9.814637602e-02
 9.537321081e-02 9.308117910e-02 9.113849595e-02 8.945417033e-02 8.796615286e-02
 1.142517461e-03 2.587856744e-03 4.615240717e-03 7.223779526e-03 1.018510764e-02
 1.112786220e-02 9.348235764e-03 7.231976320e-03 4.840069152e-03 2.182500086e-03
-7.457387018e-04-3.926965390e-03-7.324730032e-03-1.089803414e-02-1.460212429e-02
-1.838932394e-02-2.220987196e-02-2.601273444e-02-2.974635797e-02-3.335933566e-02
-3.680096227e-02-4.002166128e-02-4.297327415e-02-4.560921106e-02-4.788447204e-02
-4.975555784e-02-5.118030125e-02-5.211766157e-02-5.252753873e-02-5.237067853e-02
-5.160875813e-02-5.020475982e-02-4.812376260e-02-4.533430032e-02-4.181045358e-02
-3.753484640e-02-3.250270359e-02-2.672705442e-02-2.024505873e-02-1.312537590e-02
-5.475924540e-03 2.549466913e-03 1.079423991e-02 1.929647827e-02 2.811058119e-02
 3.731140171e-02 4.700234376e-02 5.732791356e-02 6.849602760e-02 8.083997474e-02
 9.549424181e-02 1.088901467e-01 1.183013212e-01 1.208751627e-01 1.198957340e-01
 1.153972267e-01 1.088450219e-01 1.041516073e-01 1.004267092e-01 9.738542632e-02
 9.484833381e-02 9.268979475e-02 9.081890415e-02 8.916876414e-02 8.768812273e-02
 1.170149170e-03 2.651012228e-03 4.729242879e-03 7.404880514e-03 1.043738161e-02
 1.145837014e-02 9.864732390e-03 7.873297275e-03 5.652790766e-03 3.194214041e-03
 4.948499735e-04-2.440916664e-03-5.578725038e-03-8.879685742e-03-1.230115107e-02
-1.579751305e-02-1.932099381e-02-2.282240427e-02-2.625184902e-02-2.955935557e-02
-3.269540911e-02-3.561137906e-02-3.825983066e-02-4.059472354e-02-4.257150836e-02
-4.414714394e-02-4.528006814e-02-4.593016896e-02-4.605881576e-02-4.562902587e-02
-4.460585739e-02-4.295713721e-02-4.065464753e-02-3.767590980e-02-3.400669905e-02
-2.964441157e-02-2.460235871e-02-1.891503626e-02-1.264427410e-02-5.885466329e-03
 1.226092646e-03 8.511282512e-03 1.597420521e-02 2.362430657e-02 3.147314828e-02
 3.953244625e-02 4.780856562e-02 5.629007502e-02 6.491993588e-02 7.353473007e-02
 8.176021669e-02 8.898523632e-02 9.461365346e-02 9.831188173e-02 1.000456946e-01
 1.000983817e-01 9.903190656e-02 9.743511403e-02 9.567916749e-02 9.393694215e-02
 9.227740079e-02 9.072187614e-02 8.927063835e-02 8.791526090e-02 8.664477160e-02
 1.197379099e-03 2.713427918e-03 4.842311335e-03 7.585292666e-03 1.070388809e-02
 1.183119060e-02 1.035929098e-02 8.524731114e-03 6.484093677e-03 4.235342211e-03
 1.778705536e-03-8.861933758e-04-3.735342951e-03-6.731777483e-03-9.834981588e-03
-1.300159094e-02-1.618608466e-02-1.934146381e-02-2.241989381e-02-2.537328907e-02
-2.815382374e-02-3.071435830e-02-3.300877820e-02-3.499224956e-02-3.662140640e-02
-3.785449449e-02-3.865150873e-02-3.897437345e-02-3.878722897e-02-3.805690044e-02
-3.675364144e-02-3.485225111e-02-3.233367653e-02-2.918719714e-02-2.541330424e-02
-2.102733168e-02-1.606385591e-02-1.058152549e-02-4.667837901e-03 1.555116098e-03
 7.931895297e-03 1.444516948e-02 2.107916146e-02 2.781531954e-02 3.463071187e-02
 4.149423910e-02 4.836087227e-02 5.516330279e-02 6.180142470e-02 6.813300169e-02
 7.397412921e-02 7.912052029e-02 8.339006173e-02 8.666886769e-02 8.894024794e-02
 9.028732372e-02 9.086814376e-02 9.087137559e-02 9.047314492e-02 8.981335031e-02
 8.899222913e-02 8.807726221e-02 8.711218488e-02 8.612464912e-02 8.513352139e-02
 1.221673241e-03 2.769463118e-03 4.944634338e-03 7.750122244e-03 1.096158788e-02
 1.221288184e-02 1.081625518e-02 9.140249248e-03 7.278945069e-03 5.242200942e-03
 3.033226814e-03 6.547012187e-04-1.885462811e-03-4.552555297e-03-7.308529731e-03
-1.011258165e-02-1.292179593e-02-1.569177140e-02-1.837720709e-02-2.093244429e-02
-2.331195476e-02-2.547076978e-02-2.736485033e-02-2.895140723e-02-3.018918880e-02
-3.103876424e-02-3.146284331e-02-3.142668344e-02-3.089864685e-02-2.985098436e-02
-2.826092138e-02-2.611214668e-02-2.339677793e-02-2.011792080e-02-1.629278778e-02
-1.195629829e-02-7.164995710e-03-2.001595488e-03 3.418962544e-03 9.002556027e-03
 1.471902295e-02 2.053869594e-02 2.642891062e-02 3.235378071e-02 3.827269433e-02
 4.413865621e-02 4.989634015e-02 5.548025026e-02 6.081381236e-02 6.581069675e-02
 7.037978563e-02 7.443436064e-02 7.790419202e-02 8.074725285e-02 8.295720220e-02
 8.456402429e-02 8.562757278e-02 8.622624850e-02 8.644456313e-02 8.636305018e-02
 8.605219030e-02 8.557010602e-02 8.496280327e-02 8.426564490e-02 8.350215373e-02
 1.239517685e-03 2.811329474e-03 5.022779250e-03 7.879211976e-03 1.114439715e-02
 1.245390747e-02 1.122081638e-02 9.659499633e-03 7.969619392e-03 6.138867293e-03
 4.173364635e-03 2.079014480e-03-1.388188019e-04-2.459447509e-03-4.847130158e-03
-7.263733126e-03-9.669248622e-03-1.202229748e-02-1.428063990e-02-1.640166729e-02
-1.834286766e-02-2.006225980e-02-2.151879931e-02-2.267276629e-02-2.348615612e-02
-2.392310401e-02-2.395038286e-02-2.353802685e-02-2.266014419e-02-2.129597693e-02
-1.943131237e-02-1.706026925e-02-1.418750898e-02-1.083071943e-02-7.023883778e-03
-2.820338154e-03 1.702126621e-03 6.442794556e-03 1.137682414e-02 1.646698700e-02
 2.167533011e-02 2.696081781e-02 3.227962874e-02 3.758485383e-02 4.282665515e-02
 4.795248989e-02 5.290753288e-02 5.763550096e-02 6.208010718e-02 6.618728821e-02
 6.990820124e-02 7.320276328e-02 7.604322215e-02 7.841701852e-02 8.032818194e-02
 8.179677669e-02 8.285640345e-02 8.355027902e-02 8.392674641e-02 8.403508632e-02
 8.392224192e-02 8.363069530e-02 8.319741736e-02 8.265368619e-02 8.202748535e-02
 1.245785189e-03 2.827606445e-03 5.056883689e-03 7.942671255e-03 1.126360575e-02
 1.266362744e-02 1.145884639e-02 1.001000024e-02 8.476471788e-03 6.836745972e-03
 5.102335495e-03 3.282131137e-03 1.384360093e-03-5.828943289e-04-2.590984889e-03
-4.605031629e-03-6.588462282e-03-8.503487608e-03-1.031155738e-02-1.197383047e-02
-1.345163863e-02-1.470694028e-02-1.570276671e-02-1.640367850e-02-1.677624994e-02
-1.678961402e-02-1.641611863e-02-1.563214564e-02-1.441912444e-02-1.276479762e-02
-1.066469078e-02-8.124214652e-03-5.160850519e-03-1.805828334e-03 1.887901665e-03
 5.854650957e-03 1.007754357e-02 1.452541527e-02 1.916597086e-02 2.396166193e-02
 2.886899171e-02 3.383848943e-02 3.881506497e-02 4.373995949e-02 4.855317950e-02
 5.319519535e-02 5.760819061e-02 6.173817897e-02 6.553808354e-02 6.897074003e-02
 7.201088309e-02 7.464578440e-02 7.687471246e-02 7.870760550e-02 8.016333096e-02
 8.126777228e-02 8.205186443e-02 8.254965359e-02 8.279646641e-02 8.282729344e-02
 8.267548253e-02 8.237179819e-02 8.194384907e-02 8.141582043e-02 8.080791532e-02
 1.233016540e-03 2.801495737e-03 5.017440440e-03 7.895527242e-03 1.121745973e-02
 1.263537402e-02 1.151039850e-02 1.011112310e-02 8.697530637e-03 7.226999354e-03
 5.706184988e-03 4.145172435e-03 2.552951452e-03 9.383096002e-04-6.876469883e-04
-2.293881859e-03-3.847873143e-03-5.315955655e-03-6.663860311e-03-7.857224921e-03
-8.862093849e-03-9.645405920e-03-1.017549136e-02-1.042258381e-02-1.035937754e-02
-9.961648264e-03-9.208956532e-03-8.085578181e-03-6.581772371e-03-4.694925818e-03
-2.430308944e-03 1.945186006e-04 3.141531922e-03 6.395245861e-03 9.946266592e-03
 1.377716228e-02 1.787018970e-02 2.220360631e-02 2.675018060e-02 3.147533090e-02
 3.633418635e-02 4.126739471e-02 4.619658747e-02 5.103149165e-02 5.569575809e-02
 6.012372081e-02 6.424333962e-02 6.798380328e-02 7.129028027e-02 7.413302168e-02
 7.650919856e-02 7.843875092e-02 7.995692802e-02 8.110653181e-02 8.193192072e-02
 8.247539619e-02 8.277557763e-02 8.286702416e-02 8.278045142e-02 8.254312941e-02
 8.217926185e-02 8.171028590e-02 8.115509825e-02 8.053021942e-02 7.984954865e-02
 1.191294296e-03 2.709686362e-03 4.861263636e-03 7.668519343e-03 1.091989732e-02
 1.228235550e-02 1.117792465e-02 9.798894818e-03 8.488136132e-03 7.168034822e-03
 5.851592510e-03 4.542809883e-03 3.246764666e-03 1.970550366e-03 7.233416497e-04
-4.789821274e-04-1.607656909e-03-2.633147595e-03-3.525719453e-03-4.256037200e-03
-4.795701456e-03-5.117749009e-03-5.197123046e-03-5.011270115e-03-4.540760205e-03
-3.769831730e-03-2.686676138e-03-1.284468308e-03 4.353790779e-04 2.458375883e-03
 4.782738139e-03 7.411015750e-03 1.033977239e-02 1.356544418e-02 1.708469123e-02
 2.089320765e-02 2.498544142e-02 2.935395299e-02 3.398789777e-02 3.886979337e-02
 4.397048709e-02 4.924306755e-02 5.469684748e-02 5.973876550e-02 6.451899804e-02
 6.911592520e-02 7.330241441e-02 7.690571455e-02 7.981898588e-02 8.201726915e-02
 8.355254519e-02 8.452684261e-02 8.505769096e-02 8.525252373e-02 8.519752113e-02
 8.495676637e-02 8.457605050e-02 8.408770885e-02 8.351486234e-02 8.287459492e-02
 8.218011971e-02 8.144215562e-02 8.066974829e-02 7.987076967e-02 7.905419758e-02
 1.111917724e-03 2.529089970e-03 4.538229226e-03 7.165004832e-03 1.022702558e-02
 1.142945117e-02 1.015574068e-02 8.799328464e-03 7.598690383e-03 6.475672437e-03
 5.400988921e-03 4.365415693e-03 3.370394872e-03 2.423513006e-03 1.536064747e-03
 7.218257562e-04 7.448342299e-07-6.010482888e-04-1.058294858e-03-1.347166752e-03
-1.445765142e-03-1.334469695e-03-9.960644602e-04-4.166732225e-04 4.129110738e-04
 1.495137721e-03 2.831447093e-03 4.430178970e-03 6.295695708e-03 8.429819562e-03
 1.083518860e-02 1.351563765e-02 1.647566679e-02 1.972077835e-02 2.325788684e-02
 2.709560924e-02 3.124465322e-02 3.571834620e-02 4.053392922e-02 4.571638678e-02
 5.131340211e-02 5.718147012e-02 6.295770524e-02 6.893361756e-02 7.498284109e-02
 8.081760456e-02 8.597077577e-02 8.995944535e-02 9.250674267e-02 9.362627747e-02
 9.362036586e-02 9.291466987e-02 9.184593866e-02 9.062031726e-02 8.935026545e-02
 8.809083180e-02 8.686498598e-02 8.567924373e-02 8.453251851e-02 8.342084009e-02
 8.233972681e-02 8.128527827e-02 8.025458159e-02 7.924568014e-02 7.825417279e-02
 9.988237188e-04 2.265991601e-03 4.049532983e-03 6.353547638e-03 8.938066722e-03
 9.418031177e-03 7.337807872e-03 6.531079725e-03 5.823786633e-03 5.078644576e-03
 4.326982070e-03 3.592622315e-03 2.896655566e-03 2.259073017e-03 1.699232752e-03
 1.236075403e-03 8.883618779e-04 6.767398981e-04 6.218311514e-04 7.411086155e-04
 1.048153060e-03 1.551439839e-03 2.261299657e-03 3.185098583e-03 4.327426534e-03
 5.690580872e-03 7.275947886e-03 9.085408795e-03 1.112119564e-02 1.338647753e-02
 1.588612466e-02 1.862735764e-02 2.162017552e-02 2.487773321e-02 2.841667315e-02
 3.225753096e-02 3.642528669e-02 4.095013519e-02 4.586837894e-02 5.122233580e-02
 5.705276049e-02 6.337724812e-02 7.026756039e-02 7.790267967e-02 8.651303409e-02
 9.661672585e-02 1.059789874e-01 1.118570712e-01 1.136962203e-01 1.113885215e-01
 1.067504009e-01 1.026944211e-01 9.907805190e-02 9.595099004e-02 9.325222386e-02
 9.090040188e-02 8.882318959e-02 8.696233091e-02 8.527257876e-02 8.371932182e-02
 8.227629184e-02 8.092371512e-02 7.964698032e-02 7.843585952e-02 7.728569744e-02
 8.744120261e-04 1.978286461e-03 3.520351679e-03 5.488868359e-03 7.622805564e-03
 7.512803467e-03 4.871514558e-03 4.174423584e-03 3.810148787e-03 3.341758862e-03
 2.833811657e-03 2.331289708e-03 1.870881963e-03 1.483359916e-03 1.195082851e-03
 1.028878114e-03 1.004584013e-03 1.139425670e-03 1.447886527e-03 1.941292733e-03
 2.627617846e-03 3.511539530e-03 4.595141617e-03 5.877865573e-03 7.356848321e-03
 9.027607127e-03 1.088504542e-02 1.292463969e-02 1.514367117e-02 1.754240440e-02
 2.012516625e-02 2.290115225e-02 2.588489897e-02 2.909622223e-02 3.255983991e-02
 3.630583465e-02 4.037041909e-02 4.479572738e-02 4.963041634e-02 5.493271113e-02
 6.077821412e-02 6.727587866e-02 7.459415492e-02 8.299893217e-02 9.290534126e-02
 1.047563402e-01 1.152953667e-01 1.217592050e-01 1.242254310e-01 1.226029348e-01
 1.166475224e-01 1.090614717e-01 1.032913057e-01 9.880986005e-02 9.518128516e-02
 9.214374208e-02 8.953305393e-02 8.724145774e-02 8.519535607e-02 8.334275934e-02
 8.164585812e-02 8.007642652e-02 7.861280116e-02 7.723742322e-02 7.593299856e-02
 7.581020852e-04 1.715070693e-03 3.052822973e-03 4.765151696e-03 6.612890628e-03
 6.218051939e-03 3.259466403e-03 2.460206988e-03 2.002561614e-03 1.526748505e-03
 1.059545887e-03 6.373192927e-04 2.955914737e-04 6.658545932e-05-2.189359776e-05
 5.317252423e-05 3.100839424e-04 7.626831619e-04 1.420608659e-03 2.289459927e-03
 3.370858701e-03 4.662451464e-03 6.157894322e-03 7.846927808e-03 9.715717073e-03
 1.174769050e-02 1.392503574e-02 1.623084503e-02 1.865165999e-02 2.117999505e-02
 2.381629644e-02 2.656970911e-02 2.945825638e-02 3.251868439e-02 3.578131587e-02
 3.926845430e-02 4.304589603e-02 4.716260612e-02 5.167110579e-02 5.661854435e-02
 6.203906073e-02 6.800176831e-02 7.459669645e-02 8.193716773e-02 9.017366048e-02
 9.951099639e-02 1.077828322e-01 1.131622700e-01 1.156072147e-01 1.149963789e-01
 1.111150534e-01 1.057115186e-01 1.011914436e-01 9.734441170e-02 9.401247307e-02
 9.108321570e-02 8.847483851e-02 8.612703674e-02 8.399446704e-02 8.204221552e-02
 8.024272254e-02 7.857368058e-02 7.701654963e-02 7.555537966e-02 7.417132560e-02
 6.500647302e-04 1.473243498e-03 2.629274517e-03 4.118926318e-03 5.701263213e-03
 5.008501663e-03 1.850909394e-03 7.605740883e-04 9.115996564e-05-5.614551143e-04
-1.153593567e-03-1.641331587e-03-1.983563831e-03-2.144881130e-03-2.097175974e-03
-1.819907684e-03-1.299404319e-03-5.277481616e-04 4.982529582e-04 1.777680083e-03
 3.305571117e-03 5.072445854e-03 7.063408415e-03 9.257044950e-03 1.162456018e-02
 1.412982463e-02 1.673118179e-02 1.938569776e-02 2.205579851e-02 2.471690206e-02
 2.736021646e-02 2.999462602e-02 3.271211781e-02 3.549488474e-02 3.839404069e-02
 4.145067410e-02 4.474981157e-02 4.834034386e-02 5.227189297e-02 5.657522109e-02
 6.124085986e-02 6.627412357e-02 7.165005870e-02 7.728630172e-02 8.300474112e-02
 8.848342597e-02 9.326637662e-02 9.690662852e-02 9.911876761e-02 9.982949462e-02
 9.919544755e-02 9.758217070e-02 9.541533513e-02 9.301572031e-02 9.057182891e-02
 8.818320651e-02 8.589884674e-02 8.373987098e-02 8.171209030e-02 7.981301501e-02
 7.803582169e-02 7.637161496e-02 7.481072663e-02 7.334368176e-02 7.197041407e-02
 5.399045895e-04 1.227725064e-03 2.200648577e-03 3.464128877e-03 4.793470739e-03
 3.824504900e-03 2.716264850e-04-1.199232678e-03-2.254881190e-03-3.264963407e-03
-4.155833243e-03-4.857741626e-03-5.311379672e-03-5.473594749e-03-5.318715864e-03
-4.835880150e-03-4.024303161e-03-2.888642797e-03-1.435808020e-03 3.264153881e-04
 2.389113146e-03 4.740637664e-03 7.363736165e-03 1.023133785e-02 1.330108515e-02
 1.650962035e-02 1.976968593e-02 2.297567960e-02 2.602308069e-02 2.883118753e-02
 3.144323055e-02 3.385834759e-02 3.613351887e-02 3.836954307e-02 4.065734607e-02
 4.307522082e-02 4.568801689e-02 4.855004441e-02 5.170863126e-02 5.520387498e-02
 5.906081465e-02 6.327395482e-02 6.778911851e-02 7.249173655e-02 7.720487972e-02
 8.169503087e-02 8.568866513e-02 8.890897843e-02 9.113541673e-02 9.226808046e-02
 9.236086018e-02 9.159682559e-02 9.021875766e-02 8.845869903e-02 8.649932111e-02
 8.446740336e-02 8.244359428e-02 8.047564380e-02 7.858958457e-02 7.679773494e-02
 7.510400389e-02 7.350727755e-02 7.200354231e-02 7.058701721e-02 6.924013393e-02
 4.114874587e-04 9.449022215e-04 1.716425141e-03 2.744607792e-03 3.801621251e-03
 2.500352025e-03-1.494713300e-03-3.590654016e-03-5.383794011e-03-7.055148092e-03
-8.519641268e-03-9.636111959e-03-1.030266169e-02-1.047112956e-02-1.014346042e-02
-9.351317604e-03-8.133875251e-03-6.523809353e-03-4.542562326e-03-2.201193586e-03
 4.967439607e-04 3.551956081e-03 6.965614421e-03 1.073325449e-02 1.483275909e-02
 1.920071450e-02 2.369272572e-02 2.804224563e-02 3.187834618e-02 3.496609999e-02
 3.723132054e-02 3.882157774e-02 4.007089706e-02 4.125584847e-02 4.254219822e-02
 4.401044739e-02 4.569475946e-02 4.761457190e-02 4.980558187e-02 5.235606177e-02
 5.541125620e-02 5.908478581e-02 6.335228973e-02 6.805021394e-02 7.297314937e-02
 7.792496902e-02 8.264256976e-02 8.667137160e-02 8.941237511e-02 9.048469721e-02
 9.002646225e-02 8.857499911e-02 8.665703368e-02 8.457925540e-02 8.248456413e-02
 8.043708153e-02 7.846648005e-02 7.658665899e-02 7.480350929e-02 7.311838765e-02
 7.152984540e-02 7.003458269e-02 6.862804648e-02 6.730497958e-02 6.606528596e-02
 2.354047802e-04 5.553706575e-04 1.052489798e-03 1.788854355e-03 2.618643691e-03
 1.311889487e-03-2.477272994e-03-6.177573736e-03-9.557343691e-03-1.270113940e-02
-1.537040059e-02-1.725709204e-02-1.814324630e-02-1.804641978e-02-1.716198200e-02
-1.570368018e-02-1.381000504e-02-1.154336513e-02-8.919208479e-03-5.929447409e-03
-2.554117109e-03 1.236227626e-03 5.484267273e-03 1.025378790e-02 1.564025013e-02
 2.177875550e-02 2.881358394e-02 3.658776542e-02 4.338290677e-02 4.697279166e-02
 4.702824944e-02 4.540525344e-02 4.414096615e-02 4.356629676e-02 4.357194537e-02
 4.401528707e-02 4.476592929e-02 4.569037425e-02 4.661217424e-02 4.717075524e-02
 4.855857995e-02 5.185600112e-02 5.726476647e-02 6.317429453e-02 6.903877547e-02
 7.535495931e-02 8.275334946e-02 9.274087586e-02 9.828058177e-02 9.818441821e-02
 9.201082707e-02 8.696525403e-02 8.331614628e-02 8.041631417e-02 7.796061461e-02
 7.579386906e-02 7.383254710e-02 7.202964527e-02 7.035765783e-02 6.879976599e-02
 6.734500325e-02 6.598528409e-02 6.471335593e-02 6.352202216e-02 6.240797311e-02
-1.316883140e-05-2.374311838e-05-1.795323519e-05 6.023658607e-05 1.819208177e-04
-1.558541297e-03-5.751683825e-03-1.047086533e-02-1.577405252e-02-2.179415584e-02
-2.772113370e-02-3.138547692e-02-3.167100618e-02-2.931103578e-02-2.639970031e-02
-2.354301675e-02-2.068316902e-02-1.768419337e-02-1.443000017e-02-1.084227683e-02
-6.873322651e-03-2.487969556e-03 2.358409782e-03 7.744089537e-03 1.381340261e-02
 2.083712365e-02 2.935901127e-02 4.068676584e-02 5.169550714e-02 5.575764914e-02
 5.253349945e-02 4.694932418e-02 4.422393537e-02 4.291950946e-02 4.245994923e-02
 4.254569836e-02 4.299220348e-02 4.366502976e-02 4.445951746e-02 4.538913000e-02
 4.704450351e-02 4.992264284e-02 5.396090968e-02 5.870953616e-02 6.373618481e-02
 6.913155635e-02 7.504026926e-02 8.100779817e-02 8.511588617e-02 8.571690324e-02
 8.297111053e-02 7.951280782e-02 7.655255071e-02 7.406181536e-02 7.190829186e-02
 6.999700061e-02 6.826598201e-02 6.667401522e-02 6.520247915e-02 6.383090876e-02
 6.255656798e-02 6.137621539e-02 6.028745185e-02 5.927088435e-02 5.831081476e-02
-2.753371991e-04-6.552393535e-04-1.259345142e-03-2.198109052e-03-3.692474263e-03
-6.054396226e-03-9.514656927e-03-1.419838997e-02-2.039639122e-02-2.892345023e-02
-3.957946034e-02-4.531793444e-02-4.503274312e-02-3.830804944e-02-3.383618952e-02
-3.053549654e-02-2.756490664e-02-2.443063084e-02-2.087551349e-02-1.682900562e-02
-1.233562692e-02-7.473976908e-03-2.303913930e-03 3.148357867e-03 8.878647848e-03
 1.486975000e-02 2.101205743e-02 2.695169969e-02 3.199819946e-02 3.548875552e-02
 3.729863216e-02 3.796958229e-02 3.819563438e-02 3.842426440e-02 3.881293163e-02
 3.940653324e-02 4.021147312e-02 4.122106376e-02 4.246464221e-02 4.399342750e-02
 4.589045311e-02 4.821364813e-02 5.094722013e-02 5.400957927e-02 5.727027319e-02
 6.057845822e-02 6.372762203e-02 6.642242492e-02 6.833085339e-02 6.923330586e-02
 6.917121408e-02 6.841215697e-02 6.726650601e-02 6.595502608e-02 6.459712697e-02
 6.325150236e-02 6.194500385e-02 6.069083205e-02 5.949662687e-02 5.836658913e-02
 5.730373832e-02 5.631289822e-02 5.542207380e-02 5.460953765e-02 5.386482972e-02
-4.369082510e-04-1.024404502e-03-1.917150753e-03-3.189854299e-03-4.939972788e-03
-7.276033071e-03-1.029952966e-02-1.408696604e-02-1.864262299e-02-2.383634494e-02
-2.897983596e-02-3.292883949e-02-3.501607137e-02-3.563636138e-02-3.579170147e-02
-3.579617565e-02-3.511893931e-02-3.299727585e-02-2.917121913e-02-2.409555763e-02
-1.849098124e-02-1.280567763e-02-7.204785966e-03-1.731988689e-03 3.594558441e-03
 8.736769654e-03 1.361336762e-02 1.809575164e-02 2.203470181e-02 2.531881293e-02
 2.793203932e-02 2.996615819e-02 3.157888243e-02 3.293417498e-02 3.416479901e-02
 3.536475919e-02 3.659781652e-02 3.790920261e-02 3.933435884e-02 4.090223946e-02
 4.263253026e-02 4.452856231e-02 4.657028831e-02 4.871123560e-02 5.087977999e-02
 5.298254854e-02 5.490965792e-02 5.654573203e-02 5.779039476e-02 5.858376566e-02
 5.892321208e-02 5.885937487e-02 5.847396116e-02 5.785418254e-02 5.707641052e-02
 5.620104045e-02 5.527406860e-02 5.433072053e-02 5.339857394e-02 5.249933878e-02
 5.164933801e-02 5.085774686e-02 5.018145211e-02 4.958510432e-02 4.904230584e-02
-4.780667737e-04-1.103368635e-03-2.017732066e-03-3.255203523e-03-4.853245268e-03
-6.845290380e-03-9.249784775e-03-1.205117005e-02-1.518326352e-02-1.853656707e-02
-2.194669241e-02-2.527164602e-02-2.851706578e-02-3.199020070e-02-3.637560306e-02
-4.300869789e-02-5.009807245e-02-4.983522915e-02-4.235470398e-02-3.117434654e-02
-2.297816763e-02-1.619519211e-02-1.022911738e-02-4.813015116e-03 1.773584428e-04
 4.792087273e-03 9.038942968e-03 1.290346771e-02 1.636619098e-02 1.941850383e-02
 2.207417796e-02 2.437266361e-02 2.637353613e-02 2.814581676e-02 2.975749355e-02
 3.126866996e-02 3.272876971e-02 3.417637793e-02 3.563996191e-02 3.713822098e-02
 3.867957985e-02 4.026106592e-02 4.186727720e-02 4.347019887e-02 4.503035730e-02
 4.649952615e-02 4.782510034e-02 4.895610278e-02 4.985020029e-02 5.048015840e-02
 5.083764178e-02 5.093297706e-02 5.079125328e-02 5.044671038e-02 4.993766927e-02
 4.930335675e-02 4.858274383e-02 4.781461648e-02 4.703763915e-02 4.628909296e-02
 4.560148158e-02 4.499687864e-02 4.453684308e-02 4.418714767e-02 4.392430164e-02
-4.445208661e-04-1.015518692e-03-1.831034232e-03-2.902248869e-03-4.238794873e-03
-5.845032381e-03-7.716005743e-03-9.830963084e-03-1.214098017e-02-1.462313696e-02
-1.723968479e-02-1.997675780e-02-2.287411795e-02-2.606079383e-02-2.967765123e-02
-3.356857159e-02-3.640186048e-02-3.605600584e-02-3.218119488e-02-2.626466294e-02
-2.026053996e-02-1.468667143e-02-9.556182189e-03-4.826173063e-03-4.696041661e-04
 3.524861020e-03 7.164357065e-03 1.046026597e-02 1.343088162e-02 1.610054986e-02
 1.849823699e-02 2.065656405e-02 2.261081023e-02 2.439736258e-02 2.605172631e-02
 2.760657512e-02 2.909022482e-02 3.052562255e-02 3.192972204e-02 3.331306000e-02
 3.467942651e-02 3.602565291e-02 3.734164858e-02 3.861085939e-02 3.981129063e-02
 4.091715776e-02 4.190111635e-02 4.273688161e-02 4.340189008e-02 4.387954218e-02
 4.416058642e-02 4.424342147e-02 4.413344577e-02 4.384193156e-02 4.338510913e-02
 4.278419144e-02 4.206699115e-02 4.127151366e-02 4.045092164e-02 3.967632674e-02
 3.902889790e-02 3.857560256e-02 3.834030727e-02 3.832481070e-02 3.846246577e-02
-3.789141660e-04-8.602282906e-04-1.537886891e-03-2.412283121e-03-3.481404897e-03
-4.739263767e-03-6.174501207e-03-7.765753350e-03-9.475920739e-03-1.129117646e-02
-1.318110889e-02-1.510097526e-02-1.701035987e-02-1.884650075e-02-2.047537547e-02
-2.166108313e-02-2.207829499e-02-2.143692168e-02-1.965304015e-02-1.689990876e-02
-1.349216939e-02-9.732489308e-03-5.853056284e-03-2.036532316e-03 1.560515551e-03
 4.822762354e-03 7.709348445e-03 1.025524901e-02 1.253165243e-02 1.460471370e-02
 1.652027385e-02 1.830719812e-02 1.998480445e-02 2.156812187e-02 2.307037914e-02
 2.450367597e-02 2.587874667e-02 2.720438664e-02 2.848683690e-02 2.972925986e-02
 3.093136583e-02 3.208922803e-02 3.319532179e-02 3.423882027e-02 3.520616135e-02
 3.608186828e-02 3.684956227e-02 3.749305776e-02 3.799739230e-02 3.834962883e-02
 3.853929215e-02 3.855836657e-02 3.840087825e-02 3.806219998e-02 3.753835629e-02
 3.682585166e-02 3.592313771e-02 3.483646148e-02 3.359747486e-02 3.231227236e-02
 3.126330192e-02 3.086693469e-02 3.119826532e-02 3.192783169e-02 3.273945843e-02
-3.061734039e-04-6.922817852e-04-1.230837575e-03-1.917571490e-03-2.745696874e-03
-3.705130863e-03-4.781613305e-03-5.951567976e-03-7.181985096e-03-8.453303289e-03
-9.728661992e-03-1.095533137e-02-1.208348741e-02-1.304249165e-02-1.373929502e-02
-1.406433418e-02-1.390626587e-02-1.317655014e-02-1.183258688e-02-9.884253245e-03
-7.378104338e-03-4.373981991e-03-9.438295644e-04 2.757854270e-03 6.240833672e-03
 8.881169127e-03 1.057710248e-02 1.180288086e-02 1.297235920e-02 1.419786602e-02
 1.547508327e-02 1.677829515e-02 1.808468138e-02 1.937810543e-02 2.064823680e-02
 2.188888138e-02 2.309640472e-02 2.426842255e-02 2.540276948e-02 2.649672312e-02
 2.754645879e-02 2.854671499e-02 2.949065311e-02 3.036989512e-02 3.117471611e-02
 3.189435748e-02 3.251741071e-02 3.303220571e-02 3.342712453e-02 3.369075290e-02
 3.381177894e-02 3.377854403e-02 3.357813196e-02 3.319482294e-02 3.260759328e-02
 3.178601090e-02 3.068313667e-02 2.922229869e-02 2.727006954e-02 2.457609408e-02
 2.081982712e-02 1.992186030e-02 2.282130913e-02 2.560195080e-02 2.756966276e-02
-2.382759813e-04-5.372359443e-04-9.514548260e-04-1.475059945e-03-2.099773295e-03
-2.814427784e-03-3.604616265e-03-4.451531060e-03-5.307462193e-03-6.171143311e-03
-6.997497517e-03-7.742490340e-03-8.375878512e-03-8.845558517e-03-9.093644693e-03
-9.061284840e-03-8.694403465e-03-7.947589563e-03-6.786283590e-03-5.184698283e-03
-3.112958818e-03-5.091616760e-04 2.758190020e-03 7.087546141e-03 1.171089791e-02
 1.404048520e-02 1.402919894e-02 1.305701028e-02 1.316041271e-02 1.372449353e-02
 1.452608854e-02 1.545938792e-02 1.646542151e-02 1.750815664e-02 1.856428094e-02
 1.961805714e-02 2.065838759e-02 2.167697431e-02 2.266709014e-02 2.362273144e-02
 2.453803468e-02 2.540689133e-02 2.622272004e-02 2.697836559e-02 2.766609718e-02
 2.827767589e-02 2.880445733e-02 2.923748914e-02 2.956755852e-02 2.978513900e-02
 2.988018018e-02 2.984167236e-02 2.965689553e-02 2.931021402e-02 2.878118447e-02
 2.804156563e-02 2.705048594e-02 2.574639713e-02 2.403286569e-02 2.174176770e-02
 1.829663940e-02 1.767590149e-02 2.033241776e-02 2.281579841e-02 2.467840770e-02
-1.798993059e-04-4.047739864e-04-7.148243425e-04-1.104269508e-03-1.565348977e-03
-2.088065361e-03-2.659619972e-03-3.258719379e-03-3.851321522e-03-4.417916316e-03
-4.930740503e-03-5.367388642e-03-5.708561859e-03-5.921911009e-03-5.953279985e-03
-5.749105378e-03-5.314113183e-03-4.623026074e-03-3.653456233e-03-2.390793800e-03
-8.280065203e-04 1.032498065e-03 3.144603422e-03 5.378935218e-03 7.466416376e-03
 9.114934526e-03 1.023849459e-02 1.101060049e-02 1.168113642e-02 1.238344600e-02
 1.315055410e-02 1.397690900e-02 1.484702474e-02 1.574489165e-02 1.665651582e-02
 1.757024651e-02 1.847644218e-02 1.936698646e-02 2.023482346e-02 2.107356651e-02
 2.187718993e-02 2.263979850e-02 2.335546819e-02 2.401815161e-02 2.462163829e-02
 2.515955665e-02 2.562540201e-02 2.601257388e-02 2.631440637e-02 2.652417872e-02
 2.663510002e-02 2.664027593e-02 2.653269281e-02 2.630531147e-02 2.595148290e-02
 2.546616209e-02 2.484898686e-02 2.411160007e-02 2.329416897e-02 2.249804787e-02
 2.192146862e-02 2.179933546e-02 2.219801344e-02 2.294858144e-02 2.383274567e-02
-1.318924144e-04-2.962462463e-04-5.219578459e-04-8.040676214e-04-1.136248105e-03
-1.510985395e-03-1.920013357e-03-2.350704649e-03-2.765764087e-03-3.100689733e-03
-3.394115491e-03-3.634551632e-03-3.800681460e-03-3.877425085e-03-3.779069857e-03
-3.526271579e-03-3.113117219e-03-2.527118744e-03-1.760560622e-03-8.135295337e-04
 3.036340434e-04 1.566188849e-03 2.928511176e-03 4.324997598e-03 5.679815834e-03
 6.928097928e-03 8.039321442e-03 9.024085335e-03 9.918937054e-03 1.076376604e-02
 1.158783920e-02 1.240741032e-02 1.322885663e-02 1.405246830e-02 1.487533915e-02
 1.569300371e-02 1.650041877e-02 1.729237611e-02 1.806364121e-02 1.880911449e-02
 1.952381156e-02 2.020289104e-02 2.084155485e-02 2.143502068e-02 2.197856741e-02
 2.246748298e-02 2.289719354e-02 2.326326367e-02 2.356150926e-02 2.378813776e-02
 2.393984862e-02 2.401416671e-02 2.400974749e-02 2.392703758e-02 2.376926357e-02
 2.354401220e-02 2.326562089e-02 2.295817086e-02 2.265845136e-02 2.241602085e-02
 2.228569200e-02 2.231018334e-02 2.250049210e-02 2.282968195e-02 2.325226618e-02
-9.341896951e-05-2.093825302e-04-3.678444934e-04-5.645303894e-04-7.939972081e-04
-1.049715970e-03-1.324259849e-03-1.611002367e-03-1.874672786e-03-2.094425480e-03
-2.255327962e-03-2.384903387e-03-2.425742063e-03-2.395660796e-03-2.271364761e-03
-2.022602106e-03-1.684863279e-03-1.190211817e-03-5.982663819e-04 1.139510821e-04
 9.402545525e-04 1.824215634e-03 2.815482066e-03 3.806835631e-03 4.818715730e-03
 5.809162993e-03 6.736870437e-03 7.664138403e-03 8.509404109e-03 9.352679346e-03
 1.015870899e-02 1.093141734e-02 1.172769170e-02 1.246819655e-02 1.324552259e-02
 1.398498455e-02 1.470745589e-02 1.543926396e-02 1.610636710e-02 1.680529745e-02
 1.743860030e-02 1.805212684e-02 1.864294355e-02 1.915628762e-02 1.968662735e-02
 2.012485942e-02 2.054279969e-02 2.090754804e-02 2.119028006e-02 2.147156137e-02
 2.164508765e-02 2.180721278e-02 2.189768070e-02 2.192265487e-02 2.194537512e-02
 2.188295092e-02 2.184474273e-02 2.178024330e-02 2.171173272e-02 2.172277039e-02
 2.173676645e-02 2.186395016e-02 2.204695954e-02 2.227771579e-02 2.261339931e-02
 0.134467129E+01 0.135413697E+01 0.136257944E+01 0.137163540E+01 0.138111471E+01
 0.139096744E+01 0.140121527E+01 0.141187465E+01 0.142294132E+01 0.143444222E+01
 0.144641719E+01 0.145888104E+01 0.147184396E+01 0.148532999E+01 0.149938527E+01
 0.151404797E+01 0.152933666E+01 0.154526716E+01 0.156187888E+01 0.157923028E+01
 0.159736758E+01 0.161632634E+01 0.163614516E+01 0.165686458E+01 0.167854695E+01
 0.170126481E+01 0.172509084E+01 0.175008866E+01 0.177632435E+01 0.180387014E+01
 0.183282183E+01 0.186328743E+01 0.189538431E+01 0.192923051E+01 0.196495243E+01
 0.200268644E+01 0.204258641E+01 0.208483816E+01 0.212965126E+01 0.217725612E+01
 0.222790379E+01 0.228187310E+01 0.233947657E+01 0.240107596E+01 0.246709324E+01
 0.253801420E+01 0.261438935E+01 0.269685593E+01 0.278616074E+01 0.288318374E+01
 0.298896945E+01 0.310477941E+01 0.323215779E+01 0.337301168E+01 0.352973239E+01
 0.370536124E+01 0.390384821E+01 0.413040470E+01 0.439228474E+01 0.470008605E+01
 0.507029963E+01 0.553134927E+01 0.614041050E+01 0.705320348E+01 0.128282152E+02
  361   98
 0.551320618E+00 0.108177466E+01 0.545777303E+00 0.106895330E+01 0.540272978E+00
 0.105611514E+01 0.534816721E+00 0.104325649E+01 0.529417177E+00 0.103037393E+01
 0.524081799E+00 0.101746465E+01 0.518814014E+00 0.100452765E+01 0.513611742E+00
 0.991564170E+00 0.508471173E+00 0.978576093E+00 0.503388901E+00 0.965565092E+00
 0.498361629E+00 0.952532740E+00 0.493389335E+00 0.939479314E+00 0.488470610E+00
 0.926405607E+00 0.483601211E+00 0.913313446E+00 0.478776421E+00 0.900204780E+00
 0.473993224E+00 0.887080879E+00 0.469252714E+00 0.873941500E+00 0.464557275E+00
 0.860785947E+00 0.459906250E+00 0.847614625E+00 0.455297061E+00 0.834428605E+00
 0.450727167E+00 0.821228915E+00 0.446198680E+00 0.808014962E+00 0.441718124E+00
 0.794784683E+00 0.437290604E+00 0.781536561E+00 0.432918982E+00 0.768269890E+00
 0.428604300E+00 0.754984592E+00 0.424347180E+00 0.741680737E+00 0.420150054E+00
 0.728357835E+00 0.416017281E+00 0.715014831E+00 0.411953665E+00 0.701650606E+00
 0.407963500E+00 0.688264268E+00 0.404049971E+00 0.674855325E+00 0.400214013E+00
 0.661423987E+00 0.396455594E+00 0.647970744E+00 0.392774581E+00 0.634496116E+00
 0.389171514E+00 0.621000438E+00 0.385648405E+00 0.607483667E+00 0.382208294E+00
 0.593945535E+00 0.378854051E+00 0.580385875E+00 0.375587780E+00 0.566804756E+00
 0.372410752E+00 0.553202484E+00 0.369323400E+00 0.539579578E+00 0.366324827E+00
 0.525936855E+00 0.363413924E+00 0.512275157E+00 0.360590110E+00 0.498595193E+00
 0.357853512E+00 0.484897516E+00 0.355204705E+00 0.471182591E+00 0.352644354E+00
 0.457450879E+00 0.350172942E+00 0.443702881E+00 0.347790716E+00 0.429939149E+00
 0.345497725E+00 0.416160269E+00 0.343293798E+00 0.402366864E+00 0.341177601E+00
 0.388559726E+00 0.339147329E+00 0.374739691E+00 0.337201304E+00 0.360907540E+00
 0.335337902E+00 0.347064017E+00 0.333555526E+00 0.333209827E+00 0.331853050E+00
 0.319345592E+00 0.330229953E+00 0.305471840E+00 0.328686147E+00 0.291589041E+00
 0.327221889E+00 0.277697627E+00 0.325837617E+00 0.263798014E+00 0.324533060E+00
 0.249890693E+00 0.323307622E+00 0.235976177E+00 0.322160761E+00 0.222054965E+00
 0.321091996E+00 0.208127538E+00 0.320100807E+00 0.194194376E+00 0.319186118E+00
 0.180255982E+00 0.318346684E+00 0.166312853E+00 0.317581365E+00 0.152365459E+00
 0.316889157E+00 0.138414246E+00 0.316269315E+00 0.124459629E+00 0.315721776E+00
 0.110501989E+00 0.315246835E+00 0.965416903E-01 0.314844963E+00 0.825790972E-01
 0.314516784E+00 0.686145778E-01 0.314262693E+00 0.546485139E-01 0.314081806E+00
 0.406813096E-01 0.313973044E+00 0.267133571E-01 0.313935483E+00 0.127450314E-01
 0.313968355E+00-0.122330641E-02 0.314071178E+00-0.151913045E-01 0.314244027E+00
-0.291586114E-01 0.314487212E+00-0.431248707E-01 0.314801202E+00-0.570897173E-01
 0.315186631E+00-0.710527746E-01 0.315644196E+00-0.850136539E-01 0.316174508E+00
-0.989719590E-01 0.316778284E+00-0.112927279E+00 0.317456376E+00-0.126879185E+00
 0.318209744E+00-0.140827229E+00 0.319039052E+00-0.154770963E+00 0.319944333E+00
-0.168709971E+00 0.320925746E+00-0.182643826E+00 0.321983741E+00-0.196572075E+00
 0.323119115E+00-0.210494229E+00 0.324332942E+00-0.224409763E+00 0.325626247E+00
-0.238318135E+00 0.326999901E+00-0.252218800E+00 0.328454561E+00-0.266111222E+00
 0.329990629E+00-0.279994878E+00 0.331608240E+00-0.293869270E+00 0.333307600E+00
-0.307733887E+00 0.335089425E+00-0.321588146E+00 0.336955043E+00-0.335431370E+00
 0.338906199E+00-0.349262796E+00 0.340944753E+00-0.363081611E+00 0.343072514E+00
-0.376886970E+00 0.345291423E+00-0.390677972E+00 0.347603546E+00-0.404453651E+00
 0.350011002E+00-0.418212990E+00 0.352514647E+00-0.431955151E+00 0.355113538E+00
-0.445679619E+00 0.357806421E+00-0.459385955E+00 0.360591991E+00-0.473073755E+00
 0.363469155E+00-0.486742596E+00 0.366438283E+00-0.500391756E+00 0.369501659E+00
-0.514020070E+00 0.372662000E+00-0.527626224E+00 0.375922075E+00-0.541208826E+00
 0.379284419E+00-0.554766472E+00 0.382749785E+00-0.568298152E+00 0.386316334E+00
-0.581803517E+00 0.389981510E+00-0.595282452E+00 0.393742533E+00-0.608734959E+00
 0.397597305E+00-0.622160903E+00 0.401546131E+00-0.635559485E+00 0.405591006E+00
-0.648929383E+00 0.409733462E+00-0.662269369E+00 0.413973743E+00-0.675578584E+00
 0.418310578E+00-0.688856651E+00 0.422741833E+00-0.702103508E+00 0.427266528E+00
-0.715318740E+00 0.431886004E+00-0.728501139E+00 0.436602517E+00-0.741649130E+00
 0.441417824E+00-0.754761260E+00 0.446332832E+00-0.767836344E+00 0.451348839E+00
-0.780873014E+00 0.456468391E+00-0.793869368E+00 0.461696133E+00-0.806822578E+00
 0.467038552E+00-0.819728909E+00 0.472502926E+00-0.832584074E+00 0.478099969E+00
-0.845382022E+00 0.483844702E+00-0.858114344E+00 0.489755612E+00-0.870770353E+00
 0.495856098E+00-0.883336049E+00 0.502174322E+00-0.895793639E+00 0.508747072E+00
-0.908118758E+00 0.515627723E+00-0.920274537E+00 0.522886739E+00-0.932208004E+00
 0.530614175E+00-0.943843248E+00 0.538919608E+00-0.955072586E+00 0.547933125E+00
-0.965740893E+00 0.557810543E+00-0.975612927E+00 0.568712598E+00-0.984335908E+00
 0.580709071E+00-0.991472380E+00 0.593671608E+00-0.996645703E+00 0.607281982E+00
-0.999741690E+00 0.621190486E+00-0.100095376E+01 0.635150908E+00-0.100063681E+01
 0.649036714E+00-0.999143727E+00 0.662798436E+00-0.996758505E+00 0.676424097E+00
-0.993687399E+00 0.689917511E+00-0.990078071E+00 0.703287457E+00-0.986034648E+00
 0.716543548E+00-0.981631919E+00 0.729694627E+00-0.976924576E+00 0.742749052E+00
-0.971955319E+00 0.755716233E+00-0.966762550E+00 0.768603218E+00-0.961373783E+00
 0.781411768E+00-0.955801138E+00 0.794139532E+00-0.950046374E+00 0.806782507E+00
-0.944107658E+00 0.819336014E+00-0.937982095E+00 0.831795615E+00-0.931667715E+00
 0.844158391E+00-0.925165806E+00 0.856422419E+00-0.918479492E+00 0.868588599E+00
-0.911616729E+00 0.880660252E+00-0.904589001E+00 0.892641766E+00-0.897408653E+00
 0.904537843E+00-0.890087613E+00 0.916348228E+00-0.882629129E+00 0.928063525E+00
-0.875022186E+00 0.939671618E+00-0.867252659E+00 0.951163644E+00-0.859312471E+00
 0.962536320E+00-0.851202257E+00 0.973789699E+00-0.842927297E+00 0.984929827E+00
-0.834500461E+00 0.995969621E+00-0.825942573E+00 0.100691910E+01-0.817269415E+00
 0.101776897E+01-0.808472007E+00 0.102850037E+01-0.799530497E+00 0.103909839E+01
-0.790431298E+00 0.104955903E+01-0.781174494E+00 0.105988615E+01-0.771768934E+00
 0.107008685E+01-0.762226412E+00 0.108016663E+01-0.752556231E+00 0.109012335E+01
-0.742759404E+00 0.109994446E+01-0.732826652E+00 0.110961329E+01-0.722745635E+00
 0.111911828E+01-0.712510000E+00 0.112845617E+01-0.702121685E+00 0.113763111E+01
-0.691589172E+00 0.114664831E+01-0.680921294E+00 0.115550264E+01-0.670117874E+00
 0.116417603E+01-0.659168683E+00 0.117265091E+01-0.648065152E+00 0.118092023E+01
-0.636807690E+00 0.118898577E+01-0.625403339E+00 0.119684878E+01-0.613858417E+00
 0.120450331E+01-0.602174236E+00 0.121193753E+01-0.590348673E+00 0.121914157E+01
-0.578381506E+00 0.122611207E+01-0.566276817E+00 0.123285407E+01-0.554043369E+00
 0.123937695E+01-0.541691686E+00 0.124568460E+01-0.529228709E+00 0.125177293E+01
-0.516657148E+00 0.125764084E+01-0.503981192E+00 0.126329664E+01-0.491209171E+00
 0.126875655E+01-0.478352165E+00 0.127403739E+01-0.465420562E+00 0.127914718E+01
-0.452420418E+00 0.128409035E+01-0.439356001E+00 0.128887557E+01-0.426232901E+00
 0.129351757E+01-0.413058440E+00 0.129803509E+01-0.399840767E+00 0.130244363E+01
-0.386586339E+00 0.130675507E+01-0.373300000E+00 0.131097766E+01-0.359985156E+00
 0.131511898E+01-0.346644809E+00 0.131918746E+01-0.333282062E+00 0.132319030E+01
-0.319899502E+00 0.132713519E+01-0.306499747E+00 0.133103099E+01-0.293085631E+00
 0.133488604E+01-0.279659746E+00 0.133870451E+01-0.266223414E+00 0.134247932E+01
-0.252774753E+00 0.134619719E+01-0.239310243E+00 0.134984473E+01-0.225826513E+00
 0.135340914E+01-0.212320579E+00 0.135687806E+01-0.198789810E+00 0.136024042E+01
-0.185232172E+00 0.136348408E+01-0.171645655E+00 0.136659283E+01-0.158027650E+00
 0.136954580E+01-0.144375035E+00 0.137231893E+01-0.130684782E+00 0.137488920E+01
-0.116955017E+00 0.137723599E+01-0.103185316E+00 0.137933862E+01-0.893762485E-01
 0.138117644E+01-0.755294752E-01 0.138272922E+01-0.616478758E-01 0.138398251E+01
-0.477360514E-01 0.138492766E+01-0.337999128E-01 0.138555725E+01-0.198459672E-01
 0.138586518E+01-0.588122811E-02 0.138584715E+01 0.808688978E-02 0.138550454E+01
 0.220508250E-01 0.138484367E+01 0.360033306E-01 0.138387237E+01 0.499376802E-01
 0.138259966E+01 0.638477517E-01 0.138103585E+01 0.777281279E-01 0.137919784E+01
 0.915748895E-01 0.137710673E+01 0.105385722E+00 0.137478357E+01 0.119159443E+00
 0.137224906E+01 0.132895867E+00 0.136952375E+01 0.146595731E+00 0.136663140E+01
 0.160261329E+00 0.136359628E+01 0.173895942E+00 0.136043939E+01 0.187502889E+00
 0.135717711E+01 0.201084963E+00 0.135382170E+01 0.214644335E+00 0.135038361E+01
 0.228182982E+00 0.134687300E+01 0.241703011E+00 0.134330004E+01 0.255206698E+00
 0.133967532E+01 0.268696588E+00 0.133600934E+01 0.282175327E+00 0.133230632E+01
 0.295643935E+00 0.132856243E+01 0.309101239E+00 0.132476978E+01 0.322544880E+00
 0.132091892E+01 0.335971959E+00 0.131700014E+01 0.349379370E+00 0.131300266E+01
 0.362763520E+00 0.130891564E+01 0.376120597E+00 0.130473073E+01 0.389447323E+00
 0.130044069E+01 0.402740577E+00 0.129603526E+01 0.415996027E+00 0.129149691E+01
 0.429206541E+00 0.128680406E+01 0.442362950E+00 0.128194034E+01 0.455457137E+00
 0.127689690E+01 0.468483154E+00 0.127167130E+01 0.481437167E+00 0.126625900E+01
 0.494314279E+00 0.126064221E+01 0.507103491E+00 0.125480314E+01 0.519792742E+00
 0.124873308E+01 0.532373124E+00 0.124243516E+01 0.544841007E+00 0.123591885E+01
 0.557196158E+00 0.122918120E+01 0.569431995E+00 0.122221144E+01 0.581537106E+00
 0.121500466E+01 0.593502614E+00 0.120756722E+01 0.605326156E+00 0.119991304E+01
 0.617010570E+00 0.119205319E+01 0.628557651E+00 0.118398962E+01 0.639963390E+00
 0.117572097E+01 0.651221339E+00 0.116725046E+01 0.662328220E+00 0.115859163E+01
 0.673288945E+00 0.114976763E+01 0.684117182E+00 0.114079997E+01 0.694826760E+00
 0.113168834E+01 0.705414101E+00 0.112242264E+01 0.715866862E+00 0.111299684E+01
 0.726175479E+00 0.110341815E+01 0.736342209E+00 0.109370422E+01 0.746379834E+00
 0.108387667E+01 0.756306265E+00 0.107394541E+01 0.766128936E+00 0.106390301E+01
 0.775837926E+00 0.105373877E+01 0.785419283E+00 0.104344822E+01 0.794864834E+00
 0.103303415E+01 0.804174034E+00 0.102250496E+01 0.813352847E+00 0.101187294E+01
 0.822412352E+00 0.100114977E+01 0.831363804E+00 0.990338106E+00 0.840208162E+00
 0.979428623E+00 0.848931548E+00 0.968410022E+00 0.857516670E+00 0.957276850E+00
 0.865952681E+00 0.946033064E+00 0.874240697E+00 0.934687162E+00 0.882388380E+00
 0.923249725E+00 0.890407082E+00 0.911730893E+00 0.898308428E+00 0.900135233E+00
 0.906096583E+00 0.888457930E+00 0.913761763E+00 0.876691261E+00 0.921289017E+00
 0.864831103E+00 0.928668084E+00 0.852879519E+00 0.935898136E+00 0.840841053E+00
 0.942982591E+00 0.828723646E+00 0.949931186E+00 0.816538359E+00 0.956760068E+00
 0.804296040E+00 0.963486192E+00 0.792002100E+00 0.970117497E+00 0.779656956E+00
 0.976652978E+00 0.767259766E+00 0.983089183E+00 0.754809535E+00 0.989422170E+00
 0.742306405E+00 0.995650071E+00 0.729753145E+00 0.100177631E+01 0.717153230E+00
 0.100780601E+01 0.704511328E+00 0.101374719E+01 0.691832554E+00 0.101960928E+01
 0.679123424E+00 0.102540529E+01 0.666393172E+00 0.103115476E+01 0.653650360E+00
 0.103687635E+01 0.640896951E+00 0.104257428E+01 0.628130320E+00 0.104824252E+01
 0.615350152E+00 0.105388017E+01 0.602558703E+00 0.105949218E+01 0.589757636E+00
 0.106508222E+01 0.576950002E+00 0.107065719E+01 0.564136248E+00 0.107621809E+01
 0.551320618E+00 0.108177466E+01
 0.156441580E+01 0.156423520E+01 0.173298350E+01 0.167901950E+01 0.134847970E+01
 0.206041340E+01 0.108819530E+01 0.205946000E+01 0.902253030E+00 0.187565310E+01
 0.903668760E+00 0.187424170E+01 0.533866470E+00 0.150285580E+01 0.538010660E+00
 0.149874330E+01 0.332797140E+00 0.129708960E+01 0.332797140E+00 0.109400000E+01
 0.334795920E+00 0.109400000E+01 0.303115250E+00 0.847500000E+00 0.305114030E+00
 0.847500000E+00 0.269135950E+00 0.565000000E+00 0.271134730E+00 0.565000000E+00
 0.260841000E+00 0.495257700E+00 0.260841000E+00-0.507257700E+00 0.271134730E+00
-0.576999960E+00 0.269135950E+00-0.576999960E+00 0.305114030E+00-0.859500000E+00
 0.303115250E+00-0.859500000E+00 0.334795920E+00-0.110600010E+01 0.332797140E+00
-0.110600010E+01 0.332797140E+00-0.130908970E+01 0.538598100E+00-0.150990190E+01
 0.534468950E+00-0.151402960E+01 0.905629600E+00-0.188405800E+01 0.904219000E+00
-0.188547470E+01 0.108819530E+01-0.206614000E+01 0.134847970E+01-0.206518650E+01
 0.173017910E+01-0.168098580E+01 0.156441580E+01-0.156883530E+01 0.137999130E+01
-0.157688300E+01 0.137989190E+01-0.157672700E+01 0.119622210E+01-0.158474990E+01
 0.119631650E+01-0.158489800E+01 0.105537410E+01-0.159104840E+01 0.105528350E+01
-0.159090630E+01 0.947502500E+00-0.159561420E+01 0.905686400E+00-0.159556230E+01
 0.899143000E+00-0.159478470E+01 0.883387860E+00-0.159026430E+01 0.867681200E+00
-0.158087360E+01 0.851322350E+00-0.156766880E+01 0.833481900E+00-0.154624210E+01
 0.826062560E+00-0.152875240E+01 0.822677700E+00-0.151516830E+01 0.821022750E+00
-0.149624060E+01 0.820691350E+00-0.147724350E+01 0.822887360E+00-0.144582030E+01
 0.827573000E+00-0.141923050E+01 0.839194600E+00-0.138728100E+01 0.855244300E+00
-0.135284130E+01 0.877566500E+00-0.132209860E+01 0.899473500E+00-0.130017830E+01
 0.118567730E+01-0.101380000E+01 0.127900000E+01-0.842300000E+00 0.129600000E+01
-0.820200000E+00 0.143300000E+01-0.820200000E+00 0.143300000E+01-0.711000000E+00
 0.149000000E+01-0.491000000E+00 0.146000000E+01-0.491000000E+00 0.146000000E+01
-0.233000000E+00 0.166100000E+01-0.233000000E+00 0.166100000E+01 0.226000000E+00
 0.146000000E+01 0.226000000E+00 0.146000000E+01 0.481000000E+00 0.149300000E+01
 0.481000000E+00 0.147400000E+01 0.554000000E+00 0.143300000E+01 0.711000000E+00
 0.143300000E+01 0.815600000E+00 0.129600000E+01 0.815600000E+00 0.127900000E+01
 0.837699950E+00 0.118567730E+01 0.100920000E+01 0.899473500E+00 0.129557820E+01
 0.877566500E+00 0.131749860E+01 0.855244300E+00 0.134824120E+01 0.839194600E+00
 0.138268090E+01 0.827573000E+00 0.141463040E+01 0.822887360E+00 0.144122030E+01
 0.820691350E+00 0.147264350E+01 0.821022750E+00 0.149164060E+01 0.822677700E+00
 0.151056830E+01 0.826062560E+00 0.152415240E+01 0.833481900E+00 0.154164210E+01
 0.851322350E+00 0.156306870E+01 0.867681200E+00 0.157627360E+01 0.883387860E+00
 0.158566430E+01 0.899143000E+00 0.159018470E+01 0.905686400E+00 0.159096230E+01
 0.947502500E+00 0.159101410E+01 0.105528350E+01 0.158630620E+01 0.105537410E+01
 0.158644830E+01 0.119631650E+01 0.158029800E+01 0.119622210E+01 0.158014990E+01
 0.137989190E+01 0.157212700E+01 0.137999130E+01 0.157228290E+01 0.156441580E+01
 0.156423520E+01
    0
