EFIT++      MAST # 46630 # 500ms                   0  65  65
 0.194000000E+01 0.440000000E+01 0.800000000E+00 0.600000000E-01 0.000000000E+00
 0.956760047E+00 0.647671558E-02-0.693720068E-01 0.348225021E-02-0.590451213E+00
 0.742501012E+06-0.693720068E-01 0.000000000E+00 0.956760047E+00 0.000000000E+00
 0.647671558E-02 0.000000000E+00 0.348225021E-02 0.000000000E+00 0.000000000E+00
-0.515725641E+00-0.514767473E+00-0.513806968E+00-0.512844613E+00-0.511880903E+00
-0.510916334E+00-0.509951408E+00-0.508986629E+00-0.508022505E+00-0.507059549E+00
-0.506098277E+00-0.505139208E+00-0.504182868E+00-0.503229784E+00-0.502280487E+00
-0.501335515E+00-0.500395406E+00-0.499460704E+00-0.498531957E+00-0.497609717E+00
-0.496694539E+00-0.495786982E+00-0.494887609E+00-0.493996987E+00-0.493115687E+00
-0.492244281E+00-0.491383348E+00-0.490533468E+00-0.489695226E+00-0.488869209E+00
-0.488056007E+00-0.487256213E+00-0.486470425E+00-0.485699240E+00-0.484943261E+00
-0.484203090E+00-0.483479334E+00-0.482772601E+00-0.482083501E+00-0.481412645E+00
-0.480760645E+00-0.480128116E+00-0.479515673E+00-0.478923930E+00-0.478353505E+00
-0.477805012E+00-0.477279068E+00-0.476776288E+00-0.476297287E+00-0.475842678E+00
-0.475413075E+00-0.475009088E+00-0.474631325E+00-0.474280393E+00-0.473956895E+00
-0.473661433E+00-0.473394603E+00-0.473156999E+00-0.472949209E+00-0.472771820E+00
-0.472625410E+00-0.472510555E+00-0.472427822E+00-0.472377775E+00-0.472360970E+00
 0.203362392E+05 0.198607968E+05 0.193855148E+05 0.189106276E+05 0.184363696E+05
 0.179629754E+05 0.174906794E+05 0.170197160E+05 0.165503198E+05 0.160827251E+05
 0.156171665E+05 0.151538785E+05 0.146930955E+05 0.142350519E+05 0.137799823E+05
 0.133281210E+05 0.128797027E+05 0.124349616E+05 0.119941324E+05 0.115574495E+05
 0.111251473E+05 0.106974603E+05 0.102746230E+05 0.985686979E+04 0.944443523E+04
 0.903755374E+04 0.863645980E+04 0.824138787E+04 0.785257243E+04 0.747024793E+04
 0.709464885E+04 0.672600965E+04 0.636456480E+04 0.601054877E+04 0.566419602E+04
 0.532574103E+04 0.499541825E+04 0.467346217E+04 0.436010724E+04 0.405558793E+04
 0.376013872E+04 0.347399406E+04 0.319738842E+04 0.293055628E+04 0.267373210E+04
 0.242715035E+04 0.219104549E+04 0.196565199E+04 0.175120433E+04 0.154793696E+04
 0.135608435E+04 0.117588098E+04 0.100756131E+04 0.851359806E+03 0.707510937E+03
 0.576249169E+03 0.457808972E+03 0.352424812E+03 0.260331156E+03 0.181762473E+03
 0.116953229E+03 0.661378927E+02 0.295509306E+02 0.742681057E+01 0.000000000E+00
-0.433492151E+00-0.433854400E+00-0.433990123E+00-0.433899321E+00-0.433581992E+00
-0.433038138E+00-0.432267758E+00-0.431270852E+00-0.430047420E+00-0.428597462E+00
-0.426920979E+00-0.425017970E+00-0.422888434E+00-0.420532373E+00-0.417949787E+00
-0.415140674E+00-0.412105035E+00-0.408842871E+00-0.405354181E+00-0.401638965E+00
-0.397697223E+00-0.393528955E+00-0.389134162E+00-0.384512842E+00-0.379664997E+00
-0.374590626E+00-0.369289729E+00-0.363762306E+00-0.358008358E+00-0.352027883E+00
-0.345820883E+00-0.339387357E+00-0.332727305E+00-0.325840727E+00-0.318727623E+00
-0.311387994E+00-0.303821839E+00-0.296029158E+00-0.288009951E+00-0.279764218E+00
-0.271291959E+00-0.262593175E+00-0.253667864E+00-0.244516028E+00-0.235137666E+00
-0.225532778E+00-0.215701365E+00-0.205643425E+00-0.195358960E+00-0.184847969E+00
-0.174110451E+00-0.163146409E+00-0.151955840E+00-0.140538745E+00-0.128895125E+00
-0.117024979E+00-0.104928307E+00-0.926051088E-01-0.800553850E-01-0.672791355E-01
-0.542763600E-01-0.410470588E-01-0.275912317E-01-0.139088788E-01 0.000000000E+00
-0.417661774E+06-0.417623919E+06-0.417380092E+06-0.416930293E+06-0.416274522E+06
-0.415412780E+06-0.414345066E+06-0.413071380E+06-0.411591722E+06-0.409906093E+06
-0.408014492E+06-0.405916919E+06-0.403613374E+06-0.401103858E+06-0.398388370E+06
-0.395466910E+06-0.392339479E+06-0.389006076E+06-0.385466701E+06-0.381721354E+06
-0.377770035E+06-0.373612745E+06-0.369249483E+06-0.364680249E+06-0.359905044E+06
-0.354923867E+06-0.349736718E+06-0.344343597E+06-0.338744505E+06-0.332939441E+06
-0.326928405E+06-0.320711397E+06-0.314288418E+06-0.307659467E+06-0.300824544E+06
-0.293783649E+06-0.286536783E+06-0.279083945E+06-0.271425135E+06-0.263560354E+06
-0.255489600E+06-0.247212875E+06-0.238730179E+06-0.230041510E+06-0.221146870E+06
-0.212046258E+06-0.202739674E+06-0.193227119E+06-0.183508592E+06-0.173584093E+06
-0.163453622E+06-0.153117180E+06-0.142574765E+06-0.131826380E+06-0.120872022E+06
-0.109711693E+06-0.983453915E+05-0.867731186E+05-0.749948740E+05-0.630106577E+05
-0.508204696E+05-0.384243098E+05-0.258221783E+05-0.130140750E+05 0.000000000E+00
-8.501422820e-05-1.903916438e-04-3.340975496e-04-5.119653472e-04-7.187198698e-04
-9.481280139e-04-1.193307694e-03-1.447675994e-03-1.681955234e-03-1.838999783e-03
-1.953729049e-03-2.018669286e-03-2.006724303e-03-1.909329022e-03-1.708260943e-03
-1.385380624e-03-9.462730314e-04-3.691768310e-04 3.300366437e-04 1.154389414e-03
 2.093499199e-03 3.112974842e-03 4.206896129e-03 5.316018990e-03 6.422885339e-03
 7.491926354e-03 8.494474439e-03 9.451283526e-03 1.033610899e-02 1.119083208e-02
 1.201065949e-02 1.280381531e-02 1.360114160e-02 1.436881844e-02 1.515048313e-02
 1.591317157e-02 1.666690197e-02 1.742832001e-02 1.815795648e-02 1.887175092e-02
 1.954463375e-02 2.018870239e-02 2.080185860e-02 2.136414931e-02 2.190264159e-02
 2.238098275e-02 2.282120752e-02 2.321079343e-02 2.353711933e-02 2.382837435e-02
 2.404455536e-02 2.422237430e-02 2.433976293e-02 2.440015059e-02 2.443320969e-02
 2.440792727e-02 2.437812712e-02 2.433056312e-02 2.428390501e-02 2.428837124e-02
 2.431544361e-02 2.442575940e-02 2.459248394e-02 2.480649343e-02 2.509167012e-02
-1.225227996e-04-2.750823848e-04-4.843496861e-04-7.454289213e-04-1.052000402e-03
-1.396406285e-03-1.769742537e-03-2.158067094e-03-2.531433370e-03-2.821115173e-03
-3.065562713e-03-3.249799061e-03-3.351824724e-03-3.361363837e-03-3.183898463e-03
-2.845835549e-03-2.335756388e-03-1.639072339e-03-7.463961916e-04 3.428478558e-04
 1.617795805e-03 3.051262750e-03 4.590115920e-03 6.155058978e-03 7.651268086e-03
 8.997040624e-03 1.015689624e-02 1.115086164e-02 1.203213986e-02 1.285521008e-02
 1.365811649e-02 1.446110317e-02 1.527189248e-02 1.609099199e-02 1.691530463e-02
 1.774010035e-02 1.855995995e-02 1.936893997e-02 2.016045107e-02 2.092789555e-02
 2.166544766e-02 2.236794255e-02 2.303050862e-02 2.364837481e-02 2.421682429e-02
 2.473117331e-02 2.518683791e-02 2.557937954e-02 2.590459956e-02 2.615866691e-02
 2.633825460e-02 2.644080988e-02 2.646489400e-02 2.641078591e-02 2.628143606e-02
 2.608397478e-02 2.583197765e-02 2.554838455e-02 2.526834526e-02 2.503931033e-02
 2.491380944e-02 2.493268397e-02 2.510625388e-02 2.540834504e-02 2.579420583e-02
-1.692987839e-04-3.809044289e-04-6.725873536e-04-1.038754894e-03-1.471790106e-03
-1.961720407e-03-2.495812324e-03-3.055298097e-03-3.600537121e-03-4.125371545e-03
-4.591812853e-03-4.974675943e-03-5.254726838e-03-5.394261745e-03-5.345835162e-03
-5.065917432e-03-4.533377246e-03-3.721422981e-03-2.605512719e-03-1.167163072e-03
 6.062257622e-04 2.717337008e-03 5.131900871e-03 7.709145183e-03 1.009426059e-02
 1.187828018e-02 1.294960626e-02 1.357199870e-02 1.410306511e-02 1.470459263e-02
 1.540263113e-02 1.618210501e-02 1.702084553e-02 1.789858181e-02 1.879861215e-02
 1.970750710e-02 2.061437037e-02 2.151010224e-02 2.238680920e-02 2.323739294e-02
 2.405526831e-02 2.483413895e-02 2.556780967e-02 2.625005114e-02 2.687452640e-02
 2.743477180e-02 2.792421513e-02 2.833621104e-02 2.866407434e-02 2.890109586e-02
 2.904053282e-02 2.907557984e-02 2.899935315e-02 2.880497495e-02 2.848595827e-02
 2.803734350e-02 2.745860161e-02 2.676058901e-02 2.598141465e-02 2.521826663e-02
 2.466269831e-02 2.454064930e-02 2.491498646e-02 2.562490895e-02 2.645866051e-02
-2.258565382e-04-5.094466275e-04-9.027222336e-04-1.400361844e-03-1.994697070e-03
-2.675174942e-03-3.427773716e-03-4.230782249e-03-5.050547652e-03-5.871645259e-03
-6.656836866e-03-7.363885048e-03-7.954007864e-03-8.373875111e-03-8.562495596e-03
-8.456050158e-03-7.993965467e-03-7.124740089e-03-5.809458068e-03-4.019585931e-03
-1.723003720e-03 1.155663956e-03 4.773501860e-03 9.623591037e-03 1.483123750e-02
 1.730727588e-02 1.702657068e-02 1.570007842e-02 1.564002415e-02 1.610816230e-02
 1.684723737e-02 1.773735777e-02 1.871266312e-02 1.973338729e-02 2.077406580e-02
 2.181766484e-02 2.285226910e-02 2.386903236e-02 2.486083052e-02 2.582135080e-02
 2.674447549e-02 2.762387877e-02 2.845278634e-02 2.922386565e-02 2.992921967e-02
 3.056045605e-02 3.110879728e-02 3.156519126e-02 3.192037571e-02 3.216484500e-02
 3.228866256e-02 3.228105267e-02 3.212968428e-02 3.181951593e-02 3.133098170e-02
 3.063712728e-02 2.969897926e-02 2.845776710e-02 2.682059257e-02 2.461294318e-02
 2.144770881e-02 2.088030589e-02 2.325670350e-02 2.561930340e-02 2.739471859e-02
-2.905959313e-04-6.576980634e-04-1.170861895e-03-1.826970056e-03-2.620536584e-03
-3.542820746e-03-4.580887549e-03-5.712868671e-03-6.907263593e-03-8.145198556e-03
-9.392375398e-03-1.059691550e-02-1.170851405e-02-1.265367078e-02-1.333286525e-02
-1.362461027e-02-1.340189749e-02-1.256280806e-02-1.106064835e-02-8.913207989e-03
-6.184775427e-03-2.959231892e-03 6.619407415e-04 4.484242872e-03 8.044507401e-03
 1.080456514e-02 1.266764841e-02 1.402378542e-02 1.525356088e-02 1.649728056e-02
 1.777324394e-02 1.906690147e-02 2.036057646e-02 2.164062835e-02 2.289808047e-02
 2.412758067e-02 2.532608341e-02 2.649164351e-02 2.762242311e-02 2.871592771e-02
 2.976846336e-02 3.077480281e-02 3.172804857e-02 3.261967950e-02 3.343975984e-02
 3.417727708e-02 3.482055743e-02 3.535769090e-02 3.577688320e-02 3.606664450e-02
 3.621572271e-02 3.621268775e-02 3.604505844e-02 3.569781053e-02 3.515096827e-02
 3.437567197e-02 3.332742056e-02 3.193356974e-02 3.006810219e-02 2.750330466e-02
 2.405751927e-02 2.322712109e-02 2.574853505e-02 2.841715500e-02 3.028574176e-02
-3.574820513e-04-8.130055832e-04-1.456889108e-03-2.291717545e-03-3.317942246e-03
-4.532043279e-03-5.924996054e-03-7.480623453e-03-9.153722032e-03-1.094101617e-02
-1.281043766e-02-1.472568890e-02-1.665347522e-02-1.854022546e-02-2.025655927e-02
-2.154282101e-02-2.200673721e-02-2.128325694e-02-1.927079138e-02-1.619862892e-02
-1.246242218e-02-8.414748200e-03-4.301671414e-03-3.011168678e-04 3.442768693e-03
 6.827101112e-03 9.816563407e-03 1.244451729e-02 1.477964155e-02 1.688919729e-02
 1.882306817e-02 2.061486662e-02 2.228811512e-02 2.386121437e-02 2.535002871e-02
 2.676872429e-02 2.812966981e-02 2.944295590e-02 3.071583532e-02 3.195222663e-02
 3.315235020e-02 3.431254467e-02 3.542531028e-02 3.647962077e-02 3.746152460e-02
 3.835501951e-02 3.914313524e-02 3.980910773e-02 4.033748631e-02 4.071500039e-02
 4.093103782e-02 4.097765711e-02 4.084915817e-02 4.054135355e-02 4.005081855e-02
 3.937462565e-02 3.851161693e-02 3.746780066e-02 3.627298699e-02 3.502831887e-02
 3.400724932e-02 3.361311444e-02 3.391523200e-02 3.460299502e-02 3.536511025e-02
-4.121910977e-04-9.446462114e-04-1.710453294e-03-2.724922603e-03-4.002486973e-03
-5.552415415e-03-7.373701451e-03-9.446274771e-03-1.172918133e-02-1.418627835e-02
-1.677661403e-02-1.948668615e-02-2.237080490e-02-2.560289902e-02-2.946712675e-02
-3.401349015e-02-3.767717645e-02-3.729919305e-02-3.263805058e-02-2.562039039e-02
-1.901034525e-02-1.309325936e-02-7.742758127e-03-2.857291439e-03 1.616620071e-03
 5.703013724e-03 9.414922271e-03 1.276599508e-02 1.577524578e-02 1.846767023e-02
 2.087357709e-02 2.302773819e-02 2.496813506e-02 2.673404702e-02 2.836376245e-02
 2.989245680e-02 3.135061069e-02 3.276300999e-02 3.414814322e-02 3.551777368e-02
 3.687656989e-02 3.822183385e-02 3.954348888e-02 4.082452885e-02 4.204208821e-02
 4.316919660e-02 4.417715935e-02 4.503835596e-02 4.572908303e-02 4.623194374e-02
 4.653730715e-02 4.664359141e-02 4.655650907e-02 4.628778469e-02 4.585406770e-02
 4.527679031e-02 4.458362155e-02 4.381189839e-02 4.301346830e-02 4.225752330e-02
 4.162306811e-02 4.117462375e-02 4.093618236e-02 4.089371317e-02 4.098817426e-02
-4.259992921e-04-9.891510250e-04-1.823505921e-03-2.970529642e-03-4.477107172e-03
-6.387516716e-03-8.731638502e-03-1.150500412e-02-1.464045400e-02-1.801730085e-02
-2.142680329e-02-2.467165587e-02-2.770607122e-02-3.082588097e-02-3.467061196e-02
-4.021135639e-02-4.586354694e-02-4.530952758e-02-3.852520693e-02-2.840694337e-02
-2.051112612e-02-1.380954671e-02-7.853457051e-03-2.419115461e-03 2.601433055e-03
 7.250211194e-03 1.152934887e-02 1.541929411e-02 1.889597778e-02 2.194759553e-02
 2.458709105e-02 2.685563680e-02 2.881629063e-02 3.054210677e-02 3.210473840e-02
 3.356725915e-02 3.498149098e-02 3.638812363e-02 3.781763285e-02 3.929062599e-02
 4.081712226e-02 4.239510514e-02 4.400920753e-02 4.563041200e-02 4.721728667e-02
 4.871892008e-02 5.007961284e-02 5.124528544e-02 5.217098199e-02 5.282780392e-02
 5.320697103e-02 5.331946241e-02 5.319166514e-02 5.285922252e-02 5.236156556e-02
 5.173856100e-02 5.102934745e-02 5.027250177e-02 4.950625379e-02 4.876742788e-02
 4.808827890e-02 4.748934389e-02 4.701448574e-02 4.663833304e-02 4.634448689e-02
-3.515984033e-04-8.354015474e-04-1.591742165e-03-2.706774113e-03-4.294927573e-03
-6.485772656e-03-9.403521793e-03-1.315391124e-02-1.780405560e-02-2.331549278e-02
-2.891371469e-02-3.291897685e-02-3.456030817e-02-3.422139700e-02-3.350335348e-02
-3.277282963e-02-3.154348382e-02-2.918779977e-02-2.546569138e-02-2.067323788e-02
-1.533967688e-02-9.844819530e-03-4.361238368e-03 1.047544256e-03 6.348080926e-03
 1.149133756e-02 1.638556061e-02 2.088844974e-02 2.483374367e-02 2.809557964e-02
 3.065397241e-02 3.260866556e-02 3.413040716e-02 3.539359636e-02 3.653628492e-02
 3.765416952e-02 3.881150118e-02 4.005454083e-02 4.142121477e-02 4.294443720e-02
 4.464829981e-02 4.653929953e-02 4.859797269e-02 5.077553164e-02 5.299581267e-02
 5.515960751e-02 5.715026437e-02 5.884485213e-02 6.013581228e-02 6.095891591e-02
 6.131199134e-02 6.125025884e-02 6.086124236e-02 6.023667192e-02 5.945533725e-02
 5.857839101e-02 5.765166322e-02 5.670985077e-02 5.577996641e-02 5.488328803e-02
 5.403597955e-02 5.324979137e-02 5.255188194e-02 5.192876044e-02 5.136215262e-02
-1.425418907e-04-3.550407166e-04-7.264590708e-04-1.373787139e-03-2.545218324e-03
-4.633597084e-03-7.885919378e-03-1.235895900e-02-1.831325594e-02-2.652115164e-02
-3.668951836e-02-4.212978807e-02-4.151826186e-02-3.510317581e-02-3.055664504e-02
-2.715378433e-02-2.410289241e-02-2.094185090e-02-1.742484466e-02-1.346772443e-02
-9.087625632e-03-4.337676279e-03 7.386666397e-04 6.124546656e-03 1.182337500e-02
 1.782837767e-02 2.404238493e-02 3.010344743e-02 3.524958654e-02 3.871403825e-02
 4.035596699e-02 4.080195845e-02 4.082984639e-02 4.090229028e-02 4.116405112e-02
 4.164523772e-02 4.234259945e-02 4.324537414e-02 4.438424269e-02 4.582298859e-02
 4.766452624e-02 4.998031571e-02 5.275702855e-02 5.590330265e-02 5.927267116e-02
 6.270475658e-02 6.598700104e-02 6.880817416e-02 7.080589039e-02 7.173378136e-02
 7.164128876e-02 7.083081602e-02 6.963951337e-02 6.829620285e-02 6.691844486e-02
 6.556088600e-02 6.424711429e-02 6.298810634e-02 6.179012313e-02 6.065664843e-02
 5.959039570e-02 5.859391107e-02 5.768272910e-02 5.684338320e-02 5.607232948e-02
 1.686428552e-04 3.929821079e-04 7.399647278e-04 1.286393903e-03 2.008586574e-03
 6.417688928e-04-3.382805958e-03-7.818220586e-03-1.257679911e-02-1.770523384e-02
-2.249693228e-02-2.553107354e-02-2.607127039e-02-2.452369932e-02-2.218443402e-02
-1.964479369e-02-1.697277123e-02-1.410278855e-02-1.095533519e-02-7.468716444e-03
-3.600227881e-03 6.860662728e-04 5.437546904e-03 1.073564764e-02 1.672903811e-02
 2.369901055e-02 3.222672892e-02 4.379017911e-02 5.514252807e-02 5.920010246e-02
 5.552130742e-02 4.952025917e-02 4.663950555e-02 4.523635498e-02 4.468784210e-02
 4.467834550e-02 4.501271609e-02 4.554275139e-02 4.613611583e-02 4.678798340e-02
 4.830360388e-02 5.115635537e-02 5.532980175e-02 6.033336327e-02 6.554997513e-02
 7.112008669e-02 7.727640298e-02 8.368386663e-02 8.823214011e-02 8.864567443e-02
 8.554573980e-02 8.183729481e-02 7.879651370e-02 7.627745539e-02 7.411442197e-02
 7.219887160e-02 7.046417328e-02 6.886921541e-02 6.739117614e-02 6.601351114e-02
 6.472898479e-02 6.353287568e-02 6.242080006e-02 6.138164639e-02 6.040067824e-02
 4.513933345e-04 1.048313285e-03 1.940612508e-03 3.195269532e-03 4.632117310e-03
 3.668791758e-03-9.689479961e-05-3.448768269e-03-6.450925652e-03-9.183397690e-03
-1.148431599e-02-1.313085218e-02-1.394383537e-02-1.391465151e-02-1.316864125e-02
-1.186119111e-02-1.010540736e-02-7.960066221e-03-5.445107745e-03-2.558126607e-03
 7.161903352e-04 4.403607615e-03 8.542990407e-03 1.319230570e-02 1.843585022e-02
 2.438492895e-02 3.113101176e-02 3.843347521e-02 4.477711855e-02 4.825936728e-02
 4.856329351e-02 4.730261878e-02 4.621050394e-02 4.569290466e-02 4.569448956e-02
 4.609656129e-02 4.677884001e-02 4.761216469e-02 4.842222813e-02 4.904019431e-02
 5.061978311e-02 5.388762060e-02 5.896210850e-02 6.484923560e-02 7.074855583e-02
 7.703025641e-02 8.422053083e-02 9.313697853e-02 9.862326892e-02 9.865107872e-02
 9.337890182e-02 8.873414024e-02 8.524375366e-02 8.241831931e-02 7.999881944e-02
 7.784786429e-02 7.589050986e-02 7.408441899e-02 7.240472978e-02 7.083608741e-02
 6.936827943e-02 6.799368723e-02 6.670571093e-02 6.549810934e-02 6.436883813e-02
 6.484461686e-04 1.483642825e-03 2.681941840e-03 4.264766043e-03 5.989708129e-03
 5.146875569e-03 1.274625804e-03-6.901577375e-04-2.289915269e-03-3.779876618e-03
-5.079664475e-03-6.066718761e-03-6.653153030e-03-6.792605214e-03-6.478121805e-03
-5.728201294e-03-4.570354610e-03-3.029590841e-03-1.123508792e-03 1.138021497e-03
 3.751046451e-03 6.714885288e-03 1.002852958e-02 1.368455332e-02 1.765738695e-02
 2.188130172e-02 2.621575392e-02 3.041374525e-02 3.414675903e-02 3.715602368e-02
 3.937717291e-02 4.097628597e-02 4.224577558e-02 4.343913957e-02 4.471568219e-02
 4.615754432e-02 4.780363445e-02 4.968008746e-02 5.183123764e-02 5.435295926e-02
 5.739006910e-02 6.104319225e-02 6.528742857e-02 6.996639624e-02 7.486338093e-02
 7.976223467e-02 8.438796668e-02 8.830913116e-02 9.098881499e-02 9.208613680e-02
 9.172713949e-02 9.038964290e-02 8.855403284e-02 8.652103392e-02 8.444348161e-02
 8.239599427e-02 8.041573853e-02 7.852130653e-02 7.672133036e-02 7.501869336e-02
 7.341278267e-02 7.190079029e-02 7.047851811e-02 6.914098144e-02 6.788678539e-02
 7.905631097e-04 1.796885064e-03 3.219211714e-03 5.065627013e-03 7.067888114e-03
 6.529474788e-03 3.165075736e-03 1.774954911e-03 8.235875904e-04-8.837220375e-05
-8.862419499e-04-1.508226884e-03-1.901177581e-03-2.024951820e-03-1.853740462e-03
-1.374336139e-03-5.826788938e-04 5.197329067e-04 1.928461663e-03 3.637357870e-03
 5.638419101e-03 7.920413330e-03 1.046630428e-02 1.324943834e-02 1.622867081e-02
 1.934348522e-02 2.251193151e-02 2.563612827e-02 2.861925408e-02 3.138934017e-02
 3.393891084e-02 3.629351366e-02 3.852318921e-02 4.071917136e-02 4.296877429e-02
 4.534767989e-02 4.791951183e-02 5.073967279e-02 5.385912167e-02 5.732345585e-02
 6.116351483e-02 6.537809913e-02 6.991509819e-02 7.465853508e-02 7.942451388e-02
 8.396682931e-02 8.799767450e-02 9.123085988e-02 9.344416635e-02 9.454106056e-02
 9.458050610e-02 9.375169075e-02 9.230450912e-02 9.047745272e-02 8.845727757e-02
 8.637236345e-02 8.430330938e-02 8.229702324e-02 8.037846718e-02 7.855896126e-02
 7.684162168e-02 7.522478477e-02 7.370411175e-02 7.227370384e-02 7.091843772e-02
 9.098428701e-04 2.062383738e-03 3.681629710e-03 5.769197494e-03 8.058034758e-03
 7.850533105e-03 4.773120778e-03 3.792360616e-03 3.178592302e-03 2.589726420e-03
 2.058566118e-03 1.625426183e-03 1.328635911e-03 1.201683196e-03 1.271698574e-03
 1.559080593e-03 2.077943912e-03 2.836951159e-03 3.840119640e-03 5.087315512e-03
 6.574296956e-03 8.292292756e-03 1.022721206e-02 1.235870715e-02 1.465948764e-02
 1.709549960e-02 1.962771802e-02 2.221612351e-02 2.482572286e-02 2.743330770e-02
 3.003231563e-02 3.263553417e-02 3.527961515e-02 3.799984591e-02 4.084419533e-02
 4.386093720e-02 4.710954052e-02 5.063987381e-02 5.450121737e-02 5.873523473e-02
 6.336725089e-02 6.841287934e-02 7.385699432e-02 7.962926797e-02 8.555712916e-02
 9.129054643e-02 9.629428784e-02 1.000589146e-01 1.022740394e-01 1.028612661e-01
 1.019921707e-01 1.000900323e-01 9.766377371e-02 9.506616650e-02 9.247928010e-02
 8.998821515e-02 8.762951434e-02 8.541529886e-02 8.334526811e-02 8.141293522e-02
 7.960898125e-02 7.792308454e-02 7.634490837e-02 7.486478359e-02 7.348162481e-02
 1.024725846e-03 2.319417266e-03 4.131393097e-03 6.454127067e-03 9.012520344e-03
 9.091715879e-03 6.315873627e-03 5.529598022e-03 5.129273463e-03 4.699297934e-03
 4.274432694e-03 3.891141872e-03 3.584226684e-03 3.384902906e-03 3.319962020e-03
 3.411552653e-03 3.677290891e-03 4.130515971e-03 4.780554401e-03 5.632905536e-03
 6.689312393e-03 7.947742398e-03 9.402355672e-03 1.104358981e-02 1.285852980e-02
 1.483173662e-02 1.694666091e-02 1.918764424e-02 2.154231681e-02 2.400399640e-02
 2.657359511e-02 2.926060926e-02 3.208325664e-02 3.506900583e-02 3.825014573e-02
 4.166299886e-02 4.535404798e-02 4.937224281e-02 5.377176605e-02 5.861232101e-02
 6.396074395e-02 6.990176024e-02 7.654414286e-02 8.403641663e-02 9.261409324e-02
 1.028292798e-01 1.119638707e-01 1.179533483e-01 1.204582989e-01 1.192784650e-01
 1.145032277e-01 1.081229268e-01 1.031937752e-01 9.912565231e-02 9.566092270e-02
 9.264673444e-02 8.998073841e-02 8.759129565e-02 8.542653756e-02 8.344777207e-02
 8.162538474e-02 7.993623959e-02 7.836200007e-02 7.688788535e-02 7.549624976e-02
 1.146513365e-03 2.595652299e-03 4.623844479e-03 7.220511548e-03 1.008525948e-02
 1.046317273e-02 7.966891492e-03 7.369145565e-03 7.019047867e-03 6.570435483e-03
 6.084696566e-03 5.607583020e-03 5.174606453e-03 4.814892929e-03 4.553141165e-03
 4.410580156e-03 4.405459471e-03 4.553311064e-03 4.867077575e-03 5.357072978e-03
 6.030898608e-03 6.893388941e-03 7.946649594e-03 9.190256127e-03 1.062168244e-02
 1.223700184e-02 1.403175469e-02 1.600195975e-02 1.814524713e-02 2.046199384e-02
 2.295630842e-02 2.563675417e-02 2.851677475e-02 3.161486645e-02 3.495465418e-02
 3.856522500e-02 4.248187525e-02 4.674740693e-02 5.141460786e-02 5.655062125e-02
 6.224388338e-02 6.861475236e-02 7.583408108e-02 8.415776251e-02 9.397692445e-02
 1.057073483e-01 1.160927307e-01 1.224560093e-01 1.248640175e-01 1.232264751e-01
 1.174022098e-01 1.100100661e-01 1.043664291e-01 9.995081307e-02 9.635839261e-02
 9.334069897e-02 9.073947490e-02 8.844966431e-02 8.639902861e-02 8.453637747e-02
 8.282449492e-02 8.123574098e-02 7.974925989e-02 7.834934775e-02 7.702765514e-02
 1.273090850e-03 2.888891385e-03 5.165090897e-03 8.111134132e-03 1.148143510e-02
 1.260018011e-02 1.093156243e-02 9.895897378e-03 9.109418755e-03 8.348398198e-03
 7.604991064e-03 6.891779665e-03 6.224729870e-03 5.620832694e-03 5.097324563e-03
 4.671337246e-03 4.359737218e-03 4.179052423e-03 4.145521385e-03 4.274299459e-03
 4.578817551e-03 5.070364915e-03 5.757838960e-03 6.647693334e-03 7.744235462e-03
 9.050619276e-03 1.056930720e-02 1.230227224e-02 1.425152692e-02 1.641987256e-02
 1.881165002e-02 2.143317515e-02 2.429310437e-02 2.740274247e-02 3.077632584e-02
 3.443134199e-02 3.838901397e-02 4.267513465e-02 4.732170443e-02 5.237062484e-02
 5.788228188e-02 6.396268239e-02 7.067489502e-02 7.810756304e-02 8.633684704e-02
 9.539186070e-02 1.035380518e-01 1.088149316e-01 1.109503622e-01 1.096192249e-01
 1.061771212e-01 1.027327781e-01 9.946075939e-02 9.657008594e-02 9.402763179e-02
 9.177852263e-02 8.976714838e-02 8.794560729e-02 8.627513660e-02 8.472522526e-02
 8.327214806e-02 8.189751104e-02 8.058696392e-02 7.932922971e-02 7.812314861e-02
 1.383451319e-03 3.144806997e-03 5.637822314e-03 8.888479778e-03 1.266451400e-02
 1.432747944e-02 1.323445876e-02 1.193525213e-02 1.078979581e-02 9.699845980e-03
 8.659728773e-03 7.663418464e-03 6.712946292e-03 5.815776234e-03 4.982921907e-03
 4.227930707e-03 3.566460626e-03 3.015439471e-03 2.598395754e-03 2.338317073e-03
 2.256232442e-03 2.370798057e-03 2.697627584e-03 3.248247910e-03 4.028378879e-03
 5.045874129e-03 6.309150297e-03 7.823445381e-03 9.591479248e-03 1.161499026e-02
 1.389658844e-02 1.643894364e-02 1.924482786e-02 2.231759956e-02 2.566113289e-02
 2.927962589e-02 3.317718006e-02 3.735687181e-02 4.181861356e-02 4.655400070e-02
 5.155227884e-02 5.665600688e-02 6.250008378e-02 6.856596391e-02 7.454925710e-02
 8.020420382e-02 8.518057960e-02 8.909321433e-02 9.171889700e-02 9.306658912e-02
 9.336812464e-02 9.295904261e-02 9.213800410e-02 9.110712340e-02 8.998387656e-02
 8.883061563e-02 8.767745754e-02 8.653697153e-02 8.541283421e-02 8.430465426e-02
 8.321052362e-02 8.212827353e-02 8.105601759e-02 7.999208228e-02 7.892041011e-02
 1.458120333e-03 3.313849440e-03 5.937876022e-03 9.351175707e-03 1.330720462e-02
 1.513551801e-02 1.414701914e-02 1.286269914e-02 1.160141607e-02 1.033828737e-02
 9.078265320e-03 7.828037675e-03 6.594595322e-03 5.386372158e-03 4.213679063e-03
 3.088840227e-03 2.030666968e-03 1.067563094e-03 2.280982447e-04-4.595123839e-04
-9.680059110e-04-1.271621494e-03-1.346644139e-03-1.171932193e-03-7.293371994e-04
-3.706470608e-06 1.016000289e-03 2.334503292e-03 3.947001739e-03 5.844388607e-03
 8.032350437e-03 1.050983317e-02 1.327170330e-02 1.631360335e-02 1.962995541e-02
 2.321342321e-02 2.705463215e-02 3.114130151e-02 3.545725143e-02 3.998196641e-02
 4.469145543e-02 4.949369149e-02 5.422631592e-02 5.936866836e-02 6.439991071e-02
 6.905349075e-02 7.325806488e-02 7.688679635e-02 7.985704693e-02 8.214903140e-02
 8.380505088e-02 8.491048000e-02 8.556735436e-02 8.587276788e-02 8.590765737e-02
 8.573442071e-02 8.539924521e-02 8.493590184e-02 8.436933761e-02 8.371848220e-02
 8.299822141e-02 8.222069203e-02 8.139609731e-02 8.053344417e-02 7.965116305e-02
 1.496214629e-03 3.397407129e-03 6.079430114e-03 9.556093147e-03 1.358510901e-02
 1.548245402e-02 1.445057432e-02 1.313518173e-02 1.178014450e-02 1.036821430e-02
 8.910916188e-03 7.418641911e-03 5.901119125e-03 4.368133301e-03 2.830118569e-03
 1.306585101e-03-1.708991130e-04-1.569646448e-03-2.856395274e-03-3.997813219e-03
-4.961008243e-03-5.714034166e-03-6.226392917e-03-6.469542048e-03-6.417423963e-03
-6.047070566e-03-5.339410564e-03-4.280272374e-03-2.861401483e-03-1.081029099e-03
 1.055016202e-03 3.527561807e-03 6.297344850e-03 9.363636282e-03 1.271423185e-02
 1.633168413e-02 2.019726665e-02 2.428909422e-02 2.858147988e-02 3.304370969e-02
 3.763892024e-02 4.232423375e-02 4.704976340e-02 5.174988629e-02 5.634451371e-02
 6.074215613e-02 6.485274050e-02 6.860052889e-02 7.193024206e-02 7.481080716e-02
 7.723561543e-02 7.921891650e-02 8.078972644e-02 8.198532319e-02 8.284594639e-02
 8.341133252e-02 8.371889802e-02 8.380302919e-02 8.369495425e-02 8.342284489e-02
 8.301197028e-02 8.248484382e-02 8.186135848e-02 8.115881601e-02 8.038836396e-02
 1.506813399e-03 3.418808801e-03 6.111044613e-03 9.592180913e-03 1.359580806e-02
 1.542683209e-02 1.439958238e-02 1.301247590e-02 1.153285209e-02 9.954322432e-03
 8.287433076e-03 6.541608794e-03 4.725763529e-03 2.848637935e-03 9.273743782e-04
-1.004134391e-03-2.910252170e-03-4.754090667e-03-6.497978839e-03-8.103949797e-03
-9.534222479e-03-1.075167455e-02-1.172030974e-02-1.240573149e-02-1.277564461e-02
-1.280041640e-02-1.245374290e-02-1.171345024e-02-1.056245261e-02-8.989922348e-03
-6.992837652e-03-4.577982466e-03-1.763749603e-03 1.419605130e-03 4.919555493e-03
 8.687426385e-03 1.270584319e-02 1.694669714e-02 2.138015326e-02 2.597290853e-02
 3.068762324e-02 3.548213288e-02 4.030872072e-02 4.511367093e-02 4.983787363e-02
 5.441887224e-02 5.879417933e-02 6.290510887e-02 6.670027386e-02 7.013828092e-02
 7.318943584e-02 7.583643314e-02 7.807414803e-02 7.990873400e-02 8.135622204e-02
 8.244076339e-02 8.319262373e-02 8.364605023e-02 8.383717035e-02 8.380209798e-02
 8.357539442e-02 8.318896544e-02 8.267139734e-02 8.204761404e-02 8.133789594e-02
 1.499181690e-03 3.399599540e-03 6.072104643e-03 9.522038631e-03 1.348989976e-02
 1.528029299e-02 1.413113242e-02 1.263321163e-02 1.099924735e-02 9.230621115e-03
 7.334235590e-03 5.316800553e-03 3.184713165e-03 9.483106277e-04-1.357796378e-03
-3.696413146e-03-6.028363547e-03-8.313023876e-03-1.050885733e-02-1.257392632e-02
-1.446637909e-02-1.614490727e-02-1.756917695e-02-1.870024372e-02-1.950097082e-02
-1.993647957e-02-1.997466846e-02-1.958684586e-02-1.874852866e-02-1.744046551e-02
-1.564994785e-02-1.337246093e-02-1.061364866e-02-7.391690323e-03-3.740267100e-03
 2.894515902e-04 4.622693749e-03 9.177049323e-03 1.392952655e-02 1.884712692e-02
 2.389509781e-02 2.903621854e-02 3.422983656e-02 3.943131995e-02 4.459175493e-02
 4.965803289e-02 5.457336523e-02 5.927828780e-02 6.371227552e-02 6.781614391e-02
 7.153534912e-02 7.482403367e-02 7.764925959e-02 7.999452827e-02 8.186163475e-02
 8.327023303e-02 8.425509270e-02 8.486166405e-02 8.514097693e-02 8.514491917e-02
 8.492261408e-02 8.451815111e-02 8.396954731e-02 8.330882592e-02 8.257199020e-02
 1.480206520e-03 3.355256535e-03 5.989756689e-03 9.386732977e-03 1.328077178e-02
 1.497274175e-02 1.371688514e-02 1.208706083e-02 1.027960388e-02 8.302985598e-03
 6.161135804e-03 3.857619074e-03 1.395768161e-03-1.195184622e-03-3.877775788e-03
-6.611794070e-03-9.354883718e-03-1.206315630e-02-1.469177661e-02-1.719551318e-02
-1.952924138e-02-2.164839306e-02-2.350935236e-02-2.506980552e-02-2.628906102e-02
-2.712836614e-02-2.755125682e-02-2.752398745e-02-2.701609807e-02-2.600118638e-02
-2.445795886e-02-2.237163366e-02-1.973576919e-02-1.655456597e-02-1.284570985e-02
-8.643679757e-03-4.003573871e-03 9.955104845e-04 6.244337780e-03 1.166726399e-02
 1.723794397e-02 2.292831826e-02 2.870808907e-02 3.454327122e-02 4.039464285e-02
 4.621575822e-02 5.195061347e-02 5.753130082e-02 6.287653603e-02 6.789262231e-02
 7.247870668e-02 7.653724584e-02 7.998818309e-02 8.278282053e-02 8.491271211e-02
 8.641048945e-02 8.734231429e-02 8.779457645e-02 8.785938614e-02 8.762311036e-02
 8.715988730e-02 8.652960256e-02 8.577867600e-02 8.494185136e-02 8.402911395e-02
 1.454692329e-03 3.296481796e-03 5.882606722e-03 9.214440712e-03 1.301718895e-02
 1.458715143e-02 1.323858254e-02 1.144479409e-02 9.452744051e-03 7.258837156e-03
 4.863601441e-03 2.266973440e-03-5.154471568e-04-3.447238146e-03-6.488393019e-03
-9.595989063e-03-1.272488073e-02-1.582837890e-02-1.885889802e-02-2.176855004e-02
-2.450966973e-02-2.703526120e-02-2.929936197e-02-3.125732917e-02-3.286606160e-02
-3.408418144e-02-3.487221029e-02-3.519278577e-02-3.501097737e-02-3.429477182e-02
-3.301581050e-02-3.115047141e-02-2.868139260e-02-2.559953743e-02-2.190687336e-02
-1.761970629e-02-1.277265279e-02-7.423139155e-03-1.656217169e-03 4.411712432e-03
 1.064700274e-02 1.703680958e-02 2.356723856e-02 3.022267815e-02 3.698337581e-02
 4.382162631e-02 5.069554920e-02 5.753955036e-02 6.425131881e-02 7.067859933e-02
 7.661654227e-02 8.183169963e-02 8.611413902e-02 8.933268040e-02 9.146810557e-02
 9.261626326e-02 9.295958863e-02 9.271381845e-02 9.207507083e-02 9.119294958e-02
 9.016979749e-02 8.907130259e-02 8.793798134e-02 8.679424570e-02 8.566357936e-02
 1.426037611e-03 3.230832927e-03 5.763761059e-03 9.025025539e-03 1.275687815e-02
 1.425573849e-02 1.270566032e-02 1.076299338e-02 8.584740537e-03 6.174020547e-03
 3.529106064e-03 6.477615233e-04-2.437041547e-03-5.686988965e-03-9.059854667e-03
-1.251033825e-02-1.599087286e-02-1.945239647e-02-2.284506763e-02-2.611890715e-02
-2.922434835e-02-3.211268349e-02-3.473640044e-02-3.704941161e-02-3.900718633e-02
-4.056680819e-02-4.168698945e-02-4.232808698e-02-4.245217651e-02-4.202325600e-02
-4.100766318e-02-3.937480671e-02-3.709832366e-02-3.415778335e-02-3.054106047e-02
-2.624748144e-02-2.129180624e-02-1.570901777e-02-9.559773437e-03-2.936283478e-03
 4.032080818e-03 1.118901932e-02 1.854351839e-02 2.610831148e-02 3.390020275e-02
 4.193854877e-02 5.024102232e-02 5.881285493e-02 6.761996076e-02 7.651983169e-02
 8.510831733e-02 9.263095580e-02 9.839395914e-02 1.020266505e-01 1.034878485e-01
 1.030959208e-01 1.015073757e-01 9.945317948e-02 9.733463596e-02 9.530503692e-02
 9.341119609e-02 9.165784122e-02 9.003361669e-02 8.852198344e-02 8.710605147e-02
 1.396770393e-03 3.163958390e-03 5.643100944e-03 8.833352604e-03 1.245785879e-02
 1.381066949e-02 1.219140884e-02 1.008730054e-02 7.728399069e-03 5.108688067e-03
 2.223264024e-03-9.169600512e-04-4.275793296e-03-7.812457265e-03-1.148234923e-02
-1.523786831e-02-1.902925485e-02-2.280540562e-02-2.651463325e-02-3.010534154e-02
-3.352659404e-02-3.672855901e-02-3.966282199e-02-4.228256548e-02-4.454262491e-02
-4.639944001e-02-4.781093164e-02-4.873634579e-02-4.913611906e-02-4.897183406e-02
-4.820634874e-02-4.680420078e-02-4.473240577e-02-4.196178463e-02-3.846896612e-02
-3.423921092e-02-2.927018266e-02-2.357673918e-02-1.719670913e-02-1.019741706e-02
-2.682549784e-03 5.201410092e-03 1.331787626e-02 2.170837559e-02 3.043068875e-02
 3.956563407e-02 4.922719952e-02 5.957905588e-02 7.086451112e-02 8.347110902e-02
 9.815531141e-02 1.109822297e-01 1.196212816e-01 1.235890796e-01 1.227350442e-01
 1.178434883e-01 1.109271723e-01 1.057766661e-01 1.017377135e-01 9.846628782e-02
 9.574708485e-02 9.343453533e-02 9.142619734e-02 8.964810768e-02 8.804086927e-02
 1.368855861e-03 3.100276779e-03 5.528426686e-03 8.651696496e-03 1.219600351e-02
 1.345624511e-02 1.170296278e-02 9.454763514e-03 6.930075827e-03 4.119961926e-03
 1.017612791e-03-2.352450516e-03-5.952266263e-03-9.739102393e-03-1.366635228e-02
-1.768445145e-02-2.174178925e-02-2.578558419e-02-2.976269085e-02-3.362030901e-02
-3.730657010e-02-4.077098268e-02-4.396472645e-02-4.684079316e-02-4.935398225e-02
-5.146076917e-02-5.311907473e-02-5.428797514e-02-5.492740459e-02-5.499791603e-02
-5.446058171e-02-5.327713312e-02-5.141046064e-02-4.882561396e-02-4.549146427e-02
-4.138320051e-02-3.648582747e-02-3.079879712e-02-2.434182138e-02-1.716176461e-02
-9.340238875e-03-1.001160646e-03 7.682878006e-03 1.662967250e-02 2.590946575e-02
 3.562058389e-02 4.590431421e-02 5.696963466e-02 6.913559351e-02 8.290939511e-02
 9.932940918e-02 1.124581982e-01 1.249230340e-01 1.276333716e-01 1.261274649e-01
 1.203981454e-01 1.123942062e-01 1.065937886e-01 1.021834904e-01 9.871424552e-02
 9.589901179e-02 9.354900955e-02 9.153664038e-02 8.977359309e-02 8.820806329e-02
 1.343841751e-03 3.043271127e-03 5.425901522e-03 8.489541462e-03 1.196894330e-02
 1.315673972e-02 1.125814777e-02 8.894462534e-03 6.224966512e-03 3.249012212e-03
-3.818499406e-05-3.602895009e-03-7.405549035e-03-1.140170976e-02-1.554305380e-02
-1.977836430e-02-2.405450719e-02-2.831736007e-02-3.251266117e-02-3.658674801e-02
-4.048715997e-02-4.416308555e-02-4.756564333e-02-5.064799455e-02-5.336529487e-02
-5.567450276e-02-5.753407220e-02-5.890356830e-02-5.974325581e-02-6.001372440e-02
-5.967562990e-02-5.868964956e-02-5.701677128e-02-5.461906098e-02-5.146107729e-02
-4.751212297e-02-4.274953099e-02-3.716316537e-02-3.076125516e-02-2.357754618e-02
-1.567953354e-02-7.177188071e-03 1.768905747e-03 1.094190525e-02 2.032581811e-02
 2.997279782e-02 3.994714520e-02 5.032448693e-02 6.118369979e-02 7.256767875e-02
 8.414788283e-02 9.417458045e-02 1.021025434e-01 1.069133574e-01 1.082595387e-01
 1.066986446e-01 1.035384215e-01 1.005109505e-01 9.787392282e-02 9.559332808e-02
 9.360677313e-02 9.185423106e-02 9.028469408e-02 8.885671608e-02 8.752337798e-02
 1.322933634e-03 2.995654774e-03 5.340332431e-03 8.354244757e-03 1.175687881e-02
 1.283702735e-02 1.090899300e-02 8.429880895e-03 5.640289704e-03 2.527029322e-03
-9.071256677e-04-4.626631760e-03-8.590245014e-03-1.275194033e-02-1.706189977e-02
-2.146753059e-02-2.591447455e-02-3.034756967e-02-3.471172757e-02-3.895269292e-02
-4.301765765e-02-4.685570971e-02-5.041810514e-02-5.365836122e-02-5.653217862e-02
-5.899721012e-02-6.101270354e-02-6.253905728e-02-6.353733782e-02-6.396882191e-02
-6.379464149e-02-6.297562849e-02-6.147247900e-02-5.924638307e-02-5.626029443e-02
-5.248104149e-02-4.788249829e-02-4.245003071e-02-3.618639137e-02-2.911913296e-02
-2.130941629e-02-1.286178894e-02-3.934106235e-03 5.253637766e-03 1.448020629e-02
 2.374182996e-02 3.302187729e-02 4.227760656e-02 5.141786231e-02 6.027069138e-02
 6.855746335e-02 7.592280120e-02 8.203030918e-02 8.665000454e-02 8.972790197e-02
 9.142010490e-02 9.204807171e-02 9.197817746e-02 9.150176567e-02 9.080358825e-02
 8.998871294e-02 8.911411020e-02 8.820980784e-02 8.729132453e-02 8.637381391e-02
 1.307038440e-03 2.959474314e-03 5.275355331e-03 8.251702491e-03 1.162241723e-02
 1.267944173e-02 1.062845943e-02 8.078713504e-03 5.199658928e-03 1.984172977e-03
-1.558450240e-03-5.391584081e-03-9.472836865e-03-1.375503642e-02-1.818726604e-02
-2.271592199e-02-2.728575642e-02-3.184086749e-02-3.632559891e-02-4.068531523e-02
-4.486702476e-02-4.881982983e-02-5.249519334e-02-5.584701969e-02-5.883155847e-02
-6.140714902e-02-6.353383406e-02-6.517288073e-02-6.628625866e-02-6.683613729e-02
-6.678448010e-02-6.609283223e-02-6.472242074e-02-6.263471411e-02-5.979261729e-02
-5.616250767e-02-5.171733863e-02-4.644103833e-02-4.033439466e-02-3.342251652e-02
-2.576376822e-02-1.745975592e-02-8.665482908e-03 4.018203748e-04 9.457311539e-03
 1.837161515e-02 2.710478824e-02 3.559571103e-02 4.375765457e-02 5.147675995e-02
 5.861752598e-02 6.503839466e-02 7.061569455e-02 7.526900257e-02 7.897953712e-02
 8.179470953e-02 8.381605268e-02 8.517483904e-02 8.600582740e-02 8.642891266e-02
 8.654154083e-02 8.641881725e-02 8.611706899e-02 8.567814714e-02 8.513675218e-02
 1.296791490e-03 2.936158872e-03 5.233499755e-03 8.185612016e-03 1.151616219e-02
 1.251719725e-02 1.045631724e-02 7.854139245e-03 4.918285862e-03 1.638346016e-03
-1.972378999e-03-5.876572226e-03-1.003111948e-02-1.438812665e-02-1.889598594e-02
-2.350046018e-02-2.814574875e-02-3.277549665e-02-3.733370874e-02-4.176553510e-02
-4.601789941e-02-5.003995025e-02-5.378332426e-02-5.720222003e-02-6.025329123e-02
-6.289537789e-02-6.508910426e-02-6.679638204e-02-6.797986871e-02-6.860244312e-02
-6.862677584e-02-6.801509029e-02-6.672923329e-02-6.473120127e-02-6.198429772e-02
-5.845512685e-02-5.411664948e-02-4.895252772e-02-4.296294592e-02-3.617199121e-02
-2.863647433e-02-2.045574085e-02-1.178154441e-02-2.826451551e-03 6.131415542e-03
 1.485281204e-02 2.329869734e-02 3.141661266e-02 3.914174674e-02 4.639990931e-02
 5.311300527e-02 5.920694917e-02 6.462097297e-02 6.931639413e-02 7.328262110e-02
 7.653871337e-02 7.913006570e-02 8.112129308e-02 8.258746227e-02 8.360591776e-02
 8.425015742e-02 8.458613725e-02 8.467060740e-02 8.455063389e-02 8.425515371e-02
 1.292582797e-03 2.926581789e-03 5.216300474e-03 8.158422912e-03 1.147314627e-02
 1.245098338e-02 1.038780035e-02 7.762795942e-03 4.804712896e-03 1.499562176e-03
-2.137746788e-03-6.069577181e-03-1.025249786e-02-1.463830839e-02-1.917511353e-02
-2.380841628e-02-2.848219202e-02-3.313990452e-02-3.772542544e-02-4.218382301e-02
-4.646199197e-02-5.050910447e-02-5.427687113e-02-5.771961130e-02-6.079414136e-02
-6.345949994e-02-6.567653893e-02-6.740741905e-02-6.861505978e-02-6.926260582e-02
-6.931298742e-02-6.872867017e-02-6.747171306e-02-6.550428005e-02-6.278978071e-02
-5.929484426e-02-5.499235196e-02-4.986575307e-02-4.391484893e-02-3.716312257e-02
-2.966648357e-02-2.152295762e-02-1.288235589e-02-3.954323954e-03 4.987526593e-03
 1.366656381e-02 2.204509714e-02 3.007468672e-02 3.769789820e-02 4.485154393e-02
 5.147148476e-02 5.749867715e-02 6.288567856e-02 6.760246122e-02 7.164032499e-02
 7.501303835e-02 7.775499467e-02 7.991691538e-02 8.156017260e-02 8.275095049e-02
 8.355522376e-02 8.403508201e-02 8.424649344e-02 8.423850976e-02 8.406169933e-02
 1.294575397e-03 2.931117104e-03 5.224444352e-03 8.171336382e-03 1.150964929e-02
 1.253025661e-02 1.040922088e-02 7.807810995e-03 4.862520363e-03 1.571629788e-03
-2.050509139e-03-5.966362654e-03-1.013261779e-02-1.450119736e-02-1.902032815e-02
-2.363562811e-02-2.829117500e-02-3.293051755e-02-3.749759077e-02-4.193750124e-02
-4.619715433e-02-5.022570321e-02-5.397480875e-02-5.739870922e-02-6.045410844e-02
-6.309990127e-02-6.529676503e-02-6.700665542e-02-6.819225667e-02-6.881644793e-02
-6.884186313e-02-6.823064010e-02-6.694447761e-02-6.494514643e-02-6.219563062e-02
-5.866210497e-02-5.431697696e-02-4.914322317e-02-4.314021365e-02-3.633111581e-02
-2.877177009e-02-2.056060158e-02-1.184865299e-02-2.848212021e-03 6.162156683e-03
 1.494210284e-02 2.345241790e-02 3.163963140e-02 3.943669456e-02 4.676572982e-02
 5.354364719e-02 5.969072872e-02 6.514109306e-02 6.985278289e-02 7.381474473e-02
 7.704857852e-02 7.960451864e-02 8.155304694e-02 8.297485176e-02 8.395183883e-02
 8.456078585e-02 8.486989985e-02 8.493769575e-02 8.481324295e-02 8.453119286e-02
 1.302686298e-03 2.949584887e-03 5.257630947e-03 8.223720116e-03 1.156726598e-02
 1.257778021e-02 1.056284094e-02 7.988774831e-03 5.089852487e-03 1.852156627e-03
-1.713485013e-03-5.570086448e-03-9.674892704e-03-1.398038211e-02-1.843531496e-02
-2.298580101e-02-2.757634999e-02-3.215086671e-02-3.665355337e-02-4.102968501e-02
-4.522623033e-02-4.919229777e-02-5.287939568e-02-5.624150524e-02-5.923497447e-02
-6.181825168e-02-6.395148650e-02-6.559603692e-02-6.671393157e-02-6.726734939e-02
-6.721819373e-02-6.652785711e-02-6.515729557e-02-6.306755922e-02-6.022095599e-02
-5.658305572e-02-5.212576458e-02-4.683170345e-02-4.070009024e-02-3.375423016e-02
-2.605052933e-02-1.768863369e-02-8.821847886e-03 3.335943292e-04 9.492504162e-03
 1.852438896e-02 2.739110882e-02 3.603178759e-02 4.435686813e-02 5.224480425e-02
 5.954651544e-02 6.610227091e-02 7.176997501e-02 7.645654338e-02 8.014126839e-02
 8.288159984e-02 8.479730859e-02 8.603932383e-02 8.675794305e-02 8.708262600e-02
 8.711535136e-02 8.693254924e-02 8.659021860e-02 8.612919765e-02 8.558202207e-02
 1.316563730e-03 2.981190869e-03 5.314440142e-03 8.313567642e-03 1.170620696e-02
 1.278532419e-02 1.079773009e-02 8.297753142e-03 5.478661385e-03 2.331985177e-03
-1.136837737e-03-4.891734247e-03-8.890917828e-03-1.308783998e-02-1.743219858e-02
-2.187097059e-02-2.634943213e-02-3.081212762e-02-3.520375101e-02-3.946990584e-02
-4.355771667e-02-4.741627195e-02-5.099688725e-02-5.425318700e-02-5.714101293e-02
-5.961817682e-02-6.164408572e-02-6.317927746e-02-6.418491603e-02-6.462230896e-02
-6.445252436e-02-6.363620420e-02-6.213369305e-02-5.990562853e-02-5.691416870e-02
-5.312505968e-02-4.851076618e-02-4.305488682e-02-3.675803708e-02-2.964528061e-02
-2.177499993e-02-1.324879834e-02-4.221585866e-03 5.089494906e-03 1.445795784e-02
 2.388594489e-02 3.336497195e-02 4.286163069e-02 5.229269692e-02 6.148479706e-02
 7.013325868e-02 7.782435894e-02 8.415080500e-02 8.882863747e-02 9.178997261e-02
 9.323423240e-02 9.356708802e-02 9.322360140e-02 9.252353401e-02 9.165423650e-02
 9.071415508e-02 8.975218125e-02 8.879120722e-02 8.784094171e-02 8.690806292e-02
 1.335585710e-03 3.024531654e-03 5.392376221e-03 8.436844910e-03 1.188881916e-02
 1.304143354e-02 1.112671038e-02 8.723311615e-03 6.014567366e-03 2.994387939e-03
-3.390826190e-04-3.951209850e-03-7.801635029e-03-1.184520214e-02-1.603293825e-02
-2.031305256e-02-2.463192159e-02-2.893502587e-02-3.316780384e-02-3.727639164e-02
-4.120822273e-02-4.491246819e-02-4.834030697e-02-5.144502431e-02-5.418194639e-02
-5.650822895e-02-5.838252780e-02-5.976458967e-02-6.061481361e-02-6.089384612e-02
-6.056228913e-02-5.958061828e-02-5.790943146e-02-5.551017218e-02-5.234649844e-02
-4.838648975e-02-4.360589568e-02-3.799261423e-02-3.155253010e-02-2.431671677e-02
-1.634977684e-02-7.758726992e-03 1.298584901e-03 1.060713740e-02 2.014132657e-02
 2.996366724e-02 4.015369471e-02 5.081129697e-02 6.205673593e-02 7.401055926e-02
 8.675033430e-02 9.760738910e-02 1.063157120e-01 1.112728335e-01 1.121384397e-01
 1.095224395e-01 1.053064270e-01 1.017984533e-01 9.886375701e-02 9.639280455e-02
 9.428481146e-02 9.245749664e-02 9.084619858e-02 8.940089523e-02 8.807618613e-02
 1.358852017e-03 3.077576205e-03 5.487832873e-03 8.587905866e-03 1.209873177e-02
 1.331111505e-02 1.153952031e-02 9.247610263e-03 6.675338722e-03 3.812069055e-03
 6.509512262e-04-2.778973362e-03-6.438991589e-03-1.028559891e-02-1.427144133e-02
-1.834626681e-02-2.245786190e-02-2.655294392e-02-3.057797790e-02-3.447988946e-02
-3.820664926e-02-4.170771124e-02-4.493429457e-02-4.783950844e-02-5.037832778e-02
-5.250743870e-02-5.418498204e-02-5.537023509e-02-5.602328326e-02-5.610474733e-02
-5.557564767e-02-5.439750506e-02-5.253279883e-02-4.994592461e-02-4.660481510e-02
-4.248340083e-02-3.756508557e-02-3.184738127e-02-2.534776773e-02-1.811068292e-02
-1.021531409e-02-1.783560285e-03 7.013194466e-03 1.607127894e-02 2.546344567e-02
 3.529199419e-02 4.570451897e-02 5.692049156e-02 6.927656890e-02 8.330267279e-02
 9.978819402e-02 1.142671736e-01 1.240032000e-01 1.284603489e-01 1.272644032e-01
 1.211979590e-01 1.130826831e-01 1.071370857e-01 1.026439217e-01 9.913337559e-02
 9.630313560e-02 9.395573454e-02 9.195865051e-02 9.022055814e-02 8.868298090e-02
 1.385158509e-03 3.137613126e-03 5.596007369e-03 8.759479745e-03 1.236762183e-02
 1.371512186e-02 1.198986077e-02 9.846662487e-03 7.432341696e-03 4.750238449e-03
 1.795260395e-03-1.416235095e-03-4.847077500e-03-8.455510757e-03-1.219600532e-02
-1.602011410e-02-1.987733355e-02-2.371593452e-02-2.748373114e-02-3.112875959e-02
-3.459984395e-02-3.784703307e-02-4.082189955e-02-4.347770141e-02-4.576941577e-02
-4.765366460e-02-4.908856296e-02-5.003353187e-02-5.044913049e-02-5.029697623e-02
-4.953983720e-02-4.814199860e-02-4.607002281e-02-4.329404040e-02-3.978972225e-02
-3.554108491e-02-3.054426460e-02-2.481233759e-02-1.838115838e-02-1.131603926e-02
-3.718779582e-03 4.266039201e-03 1.247165480e-02 2.093654600e-02 2.971497391e-02
 3.888185647e-02 4.854077159e-02 5.883633133e-02 6.997597896e-02 8.229157978e-02
 9.702719972e-02 1.105298904e-01 1.199822152e-01 1.224865154e-01 1.213843542e-01
 1.167044486e-01 1.099990381e-01 1.052569320e-01 1.014791921e-01 9.838500670e-02
 9.579558655e-02 9.358522249e-02 9.166279443e-02 8.996113174e-02 8.842636575e-02
 1.412946530e-03 3.201140963e-03 5.710716439e-03 8.941763210e-03 1.261980837e-02
 1.404147532e-02 1.249958642e-02 1.049299064e-02 8.251944730e-03 5.770868711e-03
 3.047240310e-03 8.398507274e-05-3.084004694e-03-6.417181014e-03-9.872193388e-03
-1.340272918e-02-1.696033215e-02-2.049518282e-02-2.395682066e-02-2.729478725e-02
-3.045917287e-02-3.340105346e-02-3.607281242e-02-3.842834959e-02-4.042318943e-02
-4.201451031e-02-4.316112821e-02-4.382347967e-02-4.396366169e-02-4.354560015e-02
-4.253543276e-02-4.090220729e-02-3.861900975e-02-3.566464690e-02-3.202600798e-02
-2.770121734e-02-2.270364759e-02-1.706680763e-02-1.085000977e-02-4.144450492e-03
 2.920763189e-03 1.017375478e-02 1.760305092e-02 2.521916957e-02 3.303437354e-02
 4.106071919e-02 4.930462997e-02 5.775445623e-02 6.635280962e-02 7.493681433e-02
 8.313628753e-02 9.034447985e-02 9.594907312e-02 9.960879071e-02 1.012895212e-01
 1.012830706e-01 1.001685174e-01 9.852822421e-02 9.672820322e-02 9.494069191e-02
 9.323494716e-02 9.163254689e-02 9.013385055e-02 8.873042002e-02 8.741180340e-02
 1.440211481e-03 3.263662267e-03 5.824040356e-03 9.122714704e-03 1.288742680e-02
 1.441670618e-02 1.299913357e-02 1.114856734e-02 9.088741180e-03 6.819021861e-03
 4.339711788e-03 1.650435404e-03-1.225937800e-03-4.251727754e-03-7.385739173e-03
-1.058395353e-02-1.380023558e-02-1.698702808e-02-2.009600882e-02-2.307868824e-02
-2.588693194e-02-2.847339759e-02-3.079188325e-02-3.279759240e-02-3.444732988e-02
-3.569965383e-02-3.651501925e-02-3.685596093e-02-3.668737559e-02-3.597697575e-02
-3.469599996e-02-3.282027373e-02-3.033172145e-02-2.722042624e-02-2.348732228e-02
-1.914756443e-02-1.423457246e-02-8.804570464e-03-2.941181176e-03 3.239749962e-03
 9.580171210e-03 1.605807589e-02 2.265716703e-02 2.935911691e-02 3.614118370e-02
 4.297239416e-02 4.980776074e-02 5.657995484e-02 6.318884042e-02 6.949214659e-02
 7.530570865e-02 8.042428878e-02 8.466414191e-02 8.791004385e-02 9.014521878e-02
 9.145394052e-02 9.199563169e-02 9.195953834e-02 9.152163569e-02 9.082151445e-02
 8.995920603e-02 8.900208429e-02 8.799382368e-02 8.696208785e-02 8.592865804e-02
 1.464327525e-03 3.319319520e-03 5.925759047e-03 9.286764420e-03 1.314610575e-02
 1.480391031e-02 1.346242534e-02 1.176731475e-02 9.887940193e-03 7.831459390e-03
 5.601305257e-03 3.200428214e-03 6.354060924e-04-2.058594792e-03-4.842975268e-03
-7.676383567e-03-1.051538994e-02-1.331512961e-02-1.602990672e-02-1.861375107e-02
-2.102091883e-02-2.320633196e-02-2.512595729e-02-2.673713347e-02-2.799886341e-02
-2.887209950e-02-2.932005988e-02-2.930862513e-02-2.880687483e-02-2.778783456e-02
-2.622951016e-02-2.411629200e-02-2.144080688e-02-1.820628702e-02-1.442948580e-02
-1.014408330e-02-5.404432652e-03-2.899435829e-04 5.092564086e-03 1.063614962e-02
 1.631348186e-02 2.209492068e-02 2.794826619e-02 3.383789007e-02 3.972334779e-02
 4.555768642e-02 5.128550096e-02 5.684111412e-02 6.214768388e-02 6.711852671e-02
 7.166207259e-02 7.569106042e-02 7.913469915e-02 8.195051207e-02 8.413192688e-02
 8.570891359e-02 8.674141993e-02 8.730792148e-02 8.749292534e-02 8.737689480e-02
 8.703021378e-02 8.651090957e-02 8.586490362e-02 8.512739640e-02 8.431657040e-02
 1.481693326e-03 3.360108288e-03 6.002000855e-03 9.412901127e-03 1.332254066e-02
 1.503145397e-02 1.385872526e-02 1.228985259e-02 1.058172743e-02 8.731325391e-03
 6.745107222e-03 4.629091858e-03 2.388693260e-03 4.346095691e-05-2.370418436e-03
-4.814373141e-03-7.247977691e-03-9.629484694e-03-1.191635210e-02-1.406575012e-02
-1.603503880e-02-1.778221170e-02-1.926630810e-02-2.044780399e-02-2.128900151e-02
-2.175444623e-02-2.181141127e-02-2.143049669e-02-2.058640249e-02-1.925893360e-02
-1.743430916e-02-1.510683855e-02-1.228098929e-02-8.973832456e-03-5.218076052e-03
-1.065063836e-03 3.413508334e-03 8.109057240e-03 1.299732320e-02 1.804203014e-02
 2.320580808e-02 2.844861710e-02 3.372738553e-02 3.899575352e-02 4.420410042e-02
 4.929977352e-02 5.422759762e-02 5.893081221e-02 6.335261013e-02 6.743840718e-02
 7.113885288e-02 7.441337618e-02 7.723376898e-02 7.958706763e-02 8.147696537e-02
 8.292326112e-02 8.395934853e-02 8.462827560e-02 8.497823771e-02 8.505838080e-02
 8.491552533e-02 8.459204529e-02 8.412482253e-02 8.354514592e-02 8.288452387e-02
 1.487155955e-03 3.374540767e-03 6.032772416e-03 9.471089591e-03 1.343560109e-02
 1.523616583e-02 1.409682673e-02 1.264216260e-02 1.108805362e-02 9.428244581e-03
 7.673414279e-03 5.832328012e-03 3.913087611e-03 1.923574846e-03-1.085824922e-04
-2.148111963e-03-4.158110683e-03-6.100503270e-03-7.936516813e-03-9.627163599e-03
-1.113371521e-02-1.241816293e-02-1.344366808e-02-1.417501543e-02-1.457909000e-02
-1.462540654e-02-1.428673271e-02-1.353985983e-02-1.236656305e-02-1.075478177e-02
-8.700047556e-03-6.207369439e-03-3.293383677e-03 1.231207235e-05 3.661487156e-03
 7.578444580e-03 1.174881075e-02 1.614246444e-02 2.072750541e-02 2.546739503e-02
 3.032028194e-02 3.523861251e-02 4.016934529e-02 4.505518568e-02 4.983631632e-02
 5.445221780e-02 5.884369196e-02 6.295552866e-02 6.673972531e-02 7.015843035e-02
 7.318582782e-02 7.580869569e-02 7.802582366e-02 7.984667800e-02 8.128967378e-02
 8.238028014e-02 8.314906923e-02 8.362978002e-02 8.385748461e-02 8.386696499e-02
 8.369139958e-02 8.336141733e-02 8.290452136e-02 8.234478745e-02 8.170138464e-02
 1.473338965e-03 3.345979919e-03 5.988771858e-03 9.416441959e-03 1.337746089e-02
 1.518984459e-02 1.412133718e-02 1.273112534e-02 1.129941881e-02 9.809756864e-03
 8.270271258e-03 6.690334656e-03 5.078590945e-03 3.443737694e-03 1.795762384e-03
 1.658408475e-04-1.413254661e-03-2.907648769e-03-4.282909601e-03-5.504576607e-03
-6.538669604e-03-7.352181173e-03-7.913566646e-03-8.193250375e-03-8.164167102e-03
-7.802355632e-03-7.087635674e-03-6.004456415e-03-4.543109906e-03-2.700934462e-03
-4.829634902e-04 2.095041763e-03 4.998885009e-03 8.203584243e-03 1.170134917e-02
 1.547468852e-02 1.950558005e-02 2.377219628e-02 2.824776503e-02 3.289889066e-02
 3.768326272e-02 4.254533072e-02 4.741280667e-02 5.220753950e-02 5.685023865e-02
 6.126520508e-02 6.537586525e-02 6.910957709e-02 7.241090439e-02 7.524991018e-02
 7.762361377e-02 7.955165841e-02 8.106879476e-02 8.221717619e-02 8.304047169e-02
 8.358035004e-02 8.387490530e-02 8.395828567e-02 8.386089382e-02 8.360976131e-02
 8.322890710e-02 8.273962322e-02 8.216069378e-02 8.150853165e-02 8.079627277e-02
 1.430592004e-03 3.251737081e-03 5.827938464e-03 9.181386681e-03 1.306582782e-02
 1.481242460e-02 1.375384911e-02 1.238058465e-02 1.106396507e-02 9.733039778e-03
 8.403114655e-03 7.078955835e-03 5.765951815e-03 4.471347030e-03 3.204403978e-03
 1.980351736e-03 8.281665384e-04-2.224008755e-04-1.141460530e-03-1.899578398e-03
-2.468312627e-03-2.820707405e-03-2.931769102e-03-2.779021641e-03-2.343126222e-03
-1.608472260e-03-5.635128112e-04 7.989573424e-04 2.478626763e-03 4.463310427e-03
 6.744734302e-03 9.326482786e-03 1.220559478e-02 1.537735898e-02 1.883748352e-02
 2.258068442e-02 2.660045493e-02 3.088819564e-02 3.543150302e-02 4.021017059e-02
 4.518543231e-02 5.036693863e-02 5.580353964e-02 6.073984295e-02 6.551081330e-02
 7.012700450e-02 7.432242399e-02 7.793184750e-02 8.085085677e-02 8.305609905e-02
 8.460068049e-02 8.558684090e-02 8.613112559e-02 8.633933085e-02 8.629612896e-02
 8.606454843e-02 8.568973684e-02 8.520365746e-02 8.462921130e-02 8.398333505e-02
 8.327911952e-02 8.252716213e-02 8.173638521e-02 8.091462711e-02 8.007429425e-02
 1.350572965e-03 3.069666715e-03 5.502208258e-03 8.673457814e-03 1.236837802e-02
 1.395622299e-02 1.271618514e-02 1.136252093e-02 1.015853112e-02 9.027992172e-03
 7.942626196e-03 6.893914623e-03 5.883761540e-03 4.920028995e-03 4.014148738e-03
 3.179942656e-03 2.436984819e-03 1.811590922e-03 1.329188093e-03 1.013735387e-03
 8.872252844e-04 9.693145358e-04 1.277234422e-03 1.825079622e-03 2.622590599e-03
 3.673314900e-03 4.975403731e-03 6.537687115e-03 8.364839984e-03 1.045877323e-02
 1.282125272e-02 1.545542944e-02 1.836506977e-02 2.155481247e-02 2.503055680e-02
 2.879966447e-02 3.287122169e-02 3.725643467e-02 4.196968528e-02 4.703200006e-02
 5.248492505e-02 5.835185492e-02 6.401079961e-02 6.986264647e-02 7.587789796e-02
 8.172381350e-02 8.688862224e-02 9.088724090e-02 9.344342239e-02 9.457345695e-02
 9.458563135e-02 9.391333860e-02 9.288367077e-02 9.169414299e-02 9.045459104e-02
 8.921966007e-02 8.801251081e-02 8.683994916e-02 8.570114121e-02 8.459228469e-02
 8.350895446e-02 8.244717371e-02 8.140380869e-02 8.037647609e-02 7.935508054e-02
 1.237256993e-03 2.806211690e-03 5.013276566e-03 7.862548252e-03 1.107990479e-02
 1.194561242e-02 9.913993236e-03 9.101614400e-03 8.384873840e-03 7.629008742e-03
 6.865279745e-03 6.117499680e-03 5.406780768e-03 4.753124613e-03 4.175875385e-03
 3.693930246e-03 3.325962722e-03 3.092457051e-03 3.014203589e-03 3.108892463e-03
 3.390441309e-03 3.867858703e-03 4.550310956e-03 5.445408932e-03 6.557930440e-03
 7.890265027e-03 9.443499149e-03 1.121927678e-02 1.321959861e-02 1.544728421e-02
 1.790672797e-02 2.060456824e-02 2.355009625e-02 2.675559162e-02 3.023665703e-02
 3.401260716e-02 3.810698812e-02 4.254827427e-02 4.737063810e-02 5.261397428e-02
 5.831973640e-02 6.452256725e-02 7.131965601e-02 7.887313730e-02 8.742919341e-02
 9.753661081e-02 1.069368892e-01 1.128312457e-01 1.146709398e-01 1.123480837e-01
 1.076808748e-01 1.036413677e-01 1.001131469e-01 9.704754180e-02 9.439645026e-02
 9.208212813e-02 9.003416083e-02 8.819552659e-02 8.652183265e-02 8.497905342e-02
 8.354126740e-02 8.218877294e-02 8.090662622e-02 7.968364845e-02 7.851636075e-02
 1.112548900e-03 2.518038936e-03 4.483784139e-03 6.998477822e-03 9.768109531e-03
 1.004962752e-02 7.459050513e-03 6.753362152e-03 6.374296537e-03 5.892005721e-03
 5.370288649e-03 4.853759986e-03 4.378825294e-03 3.976027110e-03 3.671535584e-03
 3.488025236e-03 3.445223500e-03 3.560285793e-03 3.847689957e-03 4.318824574e-03
 4.981774110e-03 5.841340486e-03 6.899568572e-03 8.155941753e-03 9.607651289e-03
 1.125022795e-02 1.307852644e-02 1.508793978e-02 1.727559400e-02 1.964150487e-02
 2.218961124e-02 2.492856182e-02 2.787216592e-02 3.103938649e-02 3.445406821e-02
 3.814532452e-02 4.214824983e-02 4.650410050e-02 5.126141672e-02 5.647955320e-02
 6.223669703e-02 6.864515293e-02 7.587576991e-02 8.419507354e-02 9.402186520e-02
 1.058613838e-01 1.164284517e-01 1.229034989e-01 1.253634699e-01 1.237162453e-01
 1.177155971e-01 1.101213707e-01 1.044164710e-01 9.999614440e-02 9.641837978e-02
 9.342222986e-02 9.084487735e-02 8.857980412e-02 8.655444921e-02 8.471767804e-02
 8.303240979e-02 8.147109076e-02 8.001280154e-02 7.864128022e-02 7.734384276e-02
 9.951379130e-04 2.252546830e-03 4.012704297e-03 6.270124044e-03 8.753876655e-03
 8.752186881e-03 5.841669891e-03 5.032381631e-03 4.560083676e-03 4.070321045e-03
 3.589839323e-03 3.154660095e-03 2.799912654e-03 2.557439359e-03 2.454715522e-03
 2.514501589e-03 2.754919614e-03 3.189715871e-03 3.828510573e-03 4.676945825e-03
 5.736731222e-03 7.005626491e-03 8.477429692e-03 1.014204630e-02 1.198582338e-02
 1.399237183e-02 1.614403453e-02 1.842400257e-02 2.081883797e-02 2.332097559e-02
 2.593067731e-02 2.865685434e-02 3.151718030e-02 3.454518670e-02 3.777119153e-02
 4.122079734e-02 4.495307160e-02 4.901556715e-02 5.345964679e-02 5.833413877e-02
 6.368012362e-02 6.956733035e-02 7.608444308e-02 8.334145186e-02 9.147388129e-02
 1.007644539e-01 1.090382064e-01 1.144049778e-01 1.168376531e-01 1.162109774e-01
 1.122977561e-01 1.069111701e-01 1.024734672e-01 9.868247515e-02 9.539521106e-02
 9.250259165e-02 8.992448656e-02 8.760172512e-02 8.548986793e-02 8.355480741e-02
 8.176978287e-02 8.011337002e-02 7.856810701e-02 7.711944338e-02 7.575127921e-02
 8.843492711e-04 2.004851424e-03 3.579553543e-03 5.610473738e-03 7.823741027e-03
 7.517705655e-03 4.412298963e-03 3.312637076e-03 2.629685459e-03 1.965543991e-03
 1.363346675e-03 8.663271389e-04 5.148627129e-04 3.437043347e-04 3.804410981e-04
 6.452617877e-04 1.151645335e-03 1.907447507e-03 2.915897103e-03 4.176184405e-03
 5.683511545e-03 7.428611478e-03 9.396848833e-03 1.156713082e-02 1.391105078e-02
 1.639293081e-02 1.897160129e-02 2.160458628e-02 2.425462216e-02 2.689713049e-02
 2.952370822e-02 3.214402208e-02 3.483398016e-02 3.759072510e-02 4.046433374e-02
 4.349786045e-02 4.676685568e-02 5.031934516e-02 5.420295939e-02 5.844969413e-02
 6.305874614e-02 6.803540045e-02 7.335411626e-02 7.893285010e-02 8.459567193e-02
 9.002617638e-02 9.477436178e-02 9.839106591e-02 1.005882749e-01 1.012926129e-01
 1.006635891e-01 9.906975044e-02 9.693043064e-02 9.455947921e-02 9.214246382e-02
 8.977803899e-02 8.751507333e-02 8.537484309e-02 8.336344159e-02 8.147874786e-02
 7.971438945e-02 7.806200769e-02 7.651254858e-02 7.505714455e-02 7.369426604e-02
 7.683853595e-04 1.746889059e-03 3.130448373e-03 4.926945079e-03 6.881979365e-03
 6.299314339e-03 2.790499877e-03 1.312050850e-03 2.476184367e-04-7.671340307e-04
-1.660077608e-03-2.363146561e-03-2.818593287e-03-2.984450462e-03-2.835758049e-03
-2.361935228e-03-1.562175351e-03-4.409441813e-04 9.951100358e-04 2.738474479e-03
 4.780503740e-03 7.109827714e-03 9.709515731e-03 1.255291673e-02 1.559826243e-02
 1.878303520e-02 2.202112079e-02 2.520826168e-02 2.824099835e-02 3.104055249e-02
 3.363352482e-02 3.602821239e-02 3.828660126e-02 4.050739353e-02 4.278069609e-02
 4.518358095e-02 4.777951120e-02 5.062167314e-02 5.375674305e-02 5.722463785e-02
 6.105052024e-02 6.522928999e-02 6.970794011e-02 7.437392266e-02 7.905259128e-02
 8.351241953e-02 8.748113599e-02 9.068228270e-02 9.289512953e-02 9.401958724e-02
 9.410942751e-02 9.334737958e-02 9.197537779e-02 9.022423684e-02 8.827540588e-02
 8.625468907e-02 8.424204497e-02 8.228477426e-02 8.040865219e-02 7.862590051e-02
 7.694047641e-02 7.535144683e-02 7.385509171e-02 7.244604447e-02 7.110968409e-02
 6.284721161e-04 1.439214085e-03 2.604949201e-03 4.149030562e-03 5.815397737e-03
 4.887910677e-03 9.401223906e-04-1.155307527e-03-2.942237906e-03-4.601076958e-03
-6.049240222e-03-7.150145797e-03-7.805421970e-03-7.968750783e-03-7.642312611e-03
-6.857017833e-03-5.650962707e-03-4.055844308e-03-2.092385779e-03 2.288150004e-04
 2.904474304e-03 5.935450784e-03 9.323026685e-03 1.306289370e-02 1.713327434e-02
 2.147152916e-02 2.593493024e-02 3.026028893e-02 3.408353414e-02 3.715603644e-02
 3.940596867e-02 4.099183359e-02 4.224178745e-02 4.342920262e-02 4.471824853e-02
 4.618882657e-02 4.787498746e-02 4.979621656e-02 5.198809779e-02 5.453800666e-02
 5.758858288e-02 6.124383686e-02 6.548215608e-02 7.015189280e-02 7.505042600e-02
 7.998291766e-02 8.468618436e-02 8.870371619e-02 9.143393023e-02 9.249653747e-02
 9.202817864e-02 9.056682577e-02 8.864163282e-02 8.656004412e-02 8.446460917e-02
 8.241868963e-02 8.045113497e-02 7.857508966e-02 7.679580359e-02 7.511413367e-02
 7.352831300e-02 7.203495726e-02 7.062968884e-02 6.930761626e-02 6.806783990e-02
 4.309609755e-04 1.002311762e-03 1.860185339e-03 3.075960569e-03 4.482112873e-03
 3.526058077e-03-2.218438692e-04-3.889832042e-03-7.219948373e-03-1.030226364e-02
-1.290964875e-02-1.474619111e-02-1.560225405e-02-1.549521378e-02-1.461497671e-02
-1.316937450e-02-1.129287460e-02-9.045861693e-03-6.443032591e-03-3.476194148e-03
-1.255682976e-04 3.637955511e-03 7.856592391e-03 1.259347756e-02 1.794314608e-02
 2.403946777e-02 3.102542066e-02 3.874214056e-02 4.548018845e-02 4.904179903e-02
 4.914295150e-02 4.755529281e-02 4.632544444e-02 4.577687330e-02 4.580405905e-02
 4.626684300e-02 4.703705525e-02 4.798381257e-02 4.893076931e-02 4.961333373e-02
 5.120124401e-02 5.448082630e-02 5.962997174e-02 6.546990810e-02 7.131364611e-02
 7.762048207e-02 8.502734221e-02 9.498975259e-02 1.004977126e-01 1.004077065e-01
 9.426722314e-02 8.917784859e-02 8.550806471e-02 8.259570001e-02 8.013286526e-02
 7.796268816e-02 7.600033217e-02 7.419766526e-02 7.252610715e-02 7.096775682e-02
 6.951060146e-02 6.814588632e-02 6.686668121e-02 6.566706951e-02 6.454428496e-02
 1.477239095e-04 3.429234024e-04 6.427054896e-04 1.113201394e-03 1.724004695e-03
 3.034073449e-04-3.817221914e-03-8.429742876e-03-1.358700670e-02-1.942689123e-02
-2.517941729e-02-2.868922270e-02-2.897270806e-02-2.663970724e-02-2.377498952e-02
-2.095670125e-02-1.812791131e-02-1.515547047e-02-1.192588721e-02-8.362681213e-03
-4.419307637e-03-6.137201438e-05 4.755042100e-03 1.010726278e-02 1.613809933e-02
 2.311563051e-02 3.157917802e-02 4.280478705e-02 5.356160036e-02 5.759954663e-02
 5.457057589e-02 4.913692014e-02 4.645983220e-02 4.519124299e-02 4.476123922e-02
 4.487328560e-02 4.534511424e-02 4.604440565e-02 4.686772083e-02 4.783627614e-02
 4.955117693e-02 5.241087407e-02 5.640134043e-02 6.113031870e-02 6.614655851e-02
 7.153948997e-02 7.745460775e-02 8.343647422e-02 8.752360858e-02 8.814540826e-02
 8.537001628e-02 8.188967659e-02 7.891414448e-02 7.641273320e-02 7.425437822e-02
 7.234117192e-02 7.060997879e-02 6.902159809e-02 6.755065081e-02 6.618225946e-02
 6.490525805e-02 6.371191069e-02 6.259603863e-02 6.155419982e-02 6.057494446e-02
-1.556982558e-04-3.866659779e-04-7.878856686e-04-1.480721474e-03-2.709812032e-03
-4.818847005e-03-8.050132202e-03-1.250934355e-02-1.845745105e-02-2.666259380e-02
-3.688348798e-02-4.237580698e-02-4.208863737e-02-3.558860394e-02-3.120513833e-02
-2.794671768e-02-2.500031832e-02-2.188443572e-02-1.834798075e-02-1.432253485e-02
-9.852635096e-03-5.016287243e-03 1.270444117e-04 5.551159226e-03 1.125165938e-02
 1.721133829e-02 2.332160540e-02 2.923244661e-02 3.426348070e-02 3.775106324e-02
 3.958016430e-02 4.026908826e-02 4.052419653e-02 4.077320877e-02 4.118333640e-02
 4.179756127e-02 4.261819704e-02 4.364715554e-02 4.490500212e-02 4.644834134e-02
 4.835551920e-02 5.068043263e-02 5.341205295e-02 5.646881193e-02 5.972598164e-02
 6.303160558e-02 6.617901900e-02 6.887301084e-02 7.077834692e-02 7.167701893e-02
 7.160919076e-02 7.084353639e-02 6.969235386e-02 6.837664051e-02 6.701716930e-02
 6.567199860e-02 6.436814214e-02 6.311865562e-02 6.193064087e-02 6.080866171e-02
 5.975562043e-02 5.877248429e-02 5.785528875e-02 5.700485559e-02 5.622699092e-02
-3.510306661e-04-8.330384725e-04-1.584118505e-03-2.685828604e-03-4.244032219e-03
-6.375169892e-03-9.185445808e-03-1.275185407e-02-1.707746707e-02-2.203339579e-02
-2.694864002e-02-3.070426193e-02-3.267835440e-02-3.322310136e-02-3.332295329e-02
-3.327967711e-02-3.256429387e-02-3.042541347e-02-2.660790104e-02-2.155449184e-02
-1.597658144e-02-1.031669106e-02-4.738688517e-03 7.132447368e-04 6.020257349e-03
 1.114398425e-02 1.600356250e-02 2.047150507e-02 2.439996050e-02 2.767840442e-02
 3.029082177e-02 3.232811545e-02 3.394667578e-02 3.530924896e-02 3.654776327e-02
 3.775573759e-02 3.899664584e-02 4.031546957e-02 4.174732105e-02 4.332072319e-02
 4.505491829e-02 4.695302079e-02 4.899520540e-02 5.113557766e-02 5.330313653e-02
 5.540493259e-02 5.733124319e-02 5.896665459e-02 6.021069587e-02 6.100347295e-02
 6.134249360e-02 6.127870713e-02 6.089423995e-02 6.027672941e-02 5.950290153e-02
 5.863341981e-02 5.771449798e-02 5.678158817e-02 5.586257284e-02 5.497960717e-02
 5.414968836e-02 5.338466284e-02 5.268366810e-02 5.205167593e-02 5.147986308e-02
-4.147667574e-04-9.620756545e-04-1.770893919e-03-2.878906738e-03-4.327698861e-03
-6.154806121e-03-8.382345888e-03-1.099808063e-02-1.393925900e-02-1.710011406e-02
-2.032100719e-02-2.346546264e-02-2.654374715e-02-2.984858008e-02-3.405207849e-02
-4.053445970e-02-4.732698811e-02-4.698740538e-02-3.964149995e-02-2.861280357e-02
-2.045684899e-02-1.369595540e-02-7.742704081e-03-2.334923560e-03 2.648583832e-03
 7.256088655e-03 1.149457486e-02 1.534962260e-02 1.880233559e-02 2.184487526e-02
 2.449169138e-02 2.678266079e-02 2.877751493e-02 3.054523048e-02 3.215363897e-02
 3.366263854e-02 3.512142792e-02 3.656835602e-02 3.803164870e-02 3.952977653e-02
 4.107098179e-02 4.265219484e-02 4.425802342e-02 4.586055474e-02 4.742046511e-02
 4.888967768e-02 5.021570834e-02 5.134767232e-02 5.224332105e-02 5.287552414e-02
 5.323608981e-02 5.333553241e-02 5.319916199e-02 5.286145296e-02 5.236095680e-02
 5.173712290e-02 5.102915478e-02 5.027612839e-02 4.951714139e-02 4.879017558e-02
 4.812884861e-02 4.755771926e-02 4.708113043e-02 4.670035867e-02 4.640633614e-02
-3.959166951e-04-9.066748735e-04-1.639971216e-03-2.609120155e-03-3.826221882e-03
-5.298269088e-03-7.022960086e-03-8.982208433e-03-1.113000444e-02-1.344526139e-02
-1.589209460e-02-1.845972677e-02-2.118996210e-02-2.420341905e-02-2.764494033e-02
-3.139141259e-02-3.409079092e-02-3.364754413e-02-2.975391108e-02-2.382522386e-02
-1.781151263e-02-1.222079953e-02-7.070074457e-03-2.320701659e-03 2.050565190e-03
 6.052371945e-03 9.690854939e-03 1.297814925e-02 1.593449284e-02 1.858656746e-02
 2.096544332e-02 2.310531444e-02 2.504246396e-02 2.681381065e-02 2.845505356e-02
 2.999884320e-02 3.147334676e-02 3.290130043e-02 3.429942743e-02 3.567804415e-02
 3.704075212e-02 3.838424022e-02 3.969832756e-02 4.096641943e-02 4.216652108e-02
 4.327287708e-02 4.425819243e-02 4.509624806e-02 4.576456355e-02 4.624664272e-02
 4.653336016e-02 4.662326164e-02 4.652190685e-02 4.624073029e-02 4.579610629e-02
 4.520934786e-02 4.450829546e-02 4.373089466e-02 4.293020008e-02 4.217732405e-02
 4.155381015e-02 4.112575232e-02 4.091266619e-02 4.087815769e-02 4.096898697e-02
-3.402104018e-04-7.733233751e-04-1.384769877e-03-2.176279379e-03-3.147423747e-03
-4.293965260e-03-5.606385231e-03-7.065274193e-03-8.635684417e-03-1.030513424e-02
-1.204447346e-02-1.381567191e-02-1.557872093e-02-1.726933536e-02-1.875690444e-02
-1.980927931e-02-2.010451624e-02-1.935517460e-02-1.747692176e-02-1.463876968e-02
-1.115051668e-02-7.312109630e-03-3.356751418e-03 5.274240463e-04 4.174974672e-03
 7.462515543e-03 1.034784857e-02 1.287225097e-02 1.511572123e-02 1.715168038e-02
 1.903055317e-02 2.078357580e-02 2.243105671e-02 2.398826198e-02 2.546827821e-02
 2.688288983e-02 2.824245318e-02 2.955538131e-02 3.082755910e-02 3.206183464e-02
 3.325765299e-02 3.441087365e-02 3.551380881e-02 3.655551580e-02 3.752235926e-02
 3.839882674e-02 3.916853708e-02 3.981533269e-02 4.032430812e-02 4.068261207e-02
 4.087988397e-02 4.090825109e-02 4.076190842e-02 4.043641642e-02 3.992798834e-02
 3.923327440e-02 3.835071999e-02 3.728615865e-02 3.606994815e-02 3.480574740e-02
 3.377382922e-02 3.338744495e-02 3.371641317e-02 3.443847844e-02 3.523701338e-02
-2.744298278e-04-6.208589296e-04-1.104642850e-03-1.722375143e-03-2.468308118e-03
-3.333531487e-03-4.305055844e-03-5.360759415e-03-6.469253479e-03-7.612204038e-03
-8.755402949e-03-9.851561834e-03-1.084891275e-02-1.167692639e-02-1.224390266e-02
-1.244137582e-02-1.215843854e-02-1.130595478e-02-9.839400786e-03-7.765407221e-03
-5.126797082e-03-1.979440048e-03 1.610040983e-03 5.482853068e-03 9.108898078e-03
 1.180125778e-02 1.342993133e-02 1.456486747e-02 1.564289908e-02 1.679113482e-02
 1.800486693e-02 1.925607947e-02 2.051980091e-02 2.177815336e-02 2.301944069e-02
 2.423639940e-02 2.542455165e-02 2.658084311e-02 2.770257346e-02 2.878659273e-02
 2.982873570e-02 3.082347201e-02 3.176375452e-02 3.264104822e-02 3.344551622e-02
 3.416632798e-02 3.479203963e-02 3.531098023e-02 3.571156489e-02 3.598244715e-02
 3.611242064e-02 3.608997562e-02 3.590239815e-02 3.553424243e-02 3.496486447e-02
 3.416438461e-02 3.308673090e-02 3.165674227e-02 2.974408787e-02 2.711214649e-02
 2.355512653e-02 2.270946647e-02 2.535634946e-02 2.811670242e-02 3.005516438e-02
-2.116360698e-04-4.771981543e-04-8.451353108e-04-1.310133053e-03-1.864587701e-03
-2.498091511e-03-3.197039052e-03-3.943437571e-03-4.690988766e-03-5.438752076e-03
-6.147349650e-03-6.776887988e-03-7.291280198e-03-7.639934908e-03-7.766461977e-03
-7.612548674e-03-7.123136509e-03-6.250825464e-03-4.958278864e-03-3.215685198e-03
-9.881398462e-04 1.792658458e-03 5.281628439e-03 9.949384554e-03 1.503925139e-02
 1.746412938e-02 1.716177703e-02 1.585717019e-02 1.581694103e-02 1.628101957e-02
 1.700852571e-02 1.788476424e-02 1.884574962e-02 1.985235968e-02 2.087924631e-02
 2.190926214e-02 2.293029737e-02 2.393330958e-02 2.491101442e-02 2.585698466e-02
 2.676502948e-02 2.762878394e-02 2.844146459e-02 2.919575838e-02 2.988381474e-02
 3.049730948e-02 3.102754506e-02 3.146554702e-02 3.180211118e-02 3.202775153e-02
 3.213249254e-02 3.210543900e-02 3.193403406e-02 3.160286945e-02 3.109182008e-02
 3.037309844e-02 2.940648960e-02 2.813135427e-02 2.645197810e-02 2.419045878e-02
 2.092401710e-02 2.034966185e-02 2.283591505e-02 2.528698057e-02 2.713244277e-02
-1.571735620e-04-3.534890490e-04-6.238362558e-04-9.627914546e-04-1.363027582e-03
-1.815041622e-03-2.306576515e-03-2.817018150e-03-3.313146320e-03-3.776043826e-03
-4.183393016e-03-4.513025052e-03-4.740840841e-03-4.834386779e-03-4.749345363e-03
-4.441779174e-03-3.898399804e-03-3.092577530e-03-2.001746641e-03-6.103512556e-04
 1.089434212e-03 3.093414711e-03 5.356024402e-03 7.738601661e-03 9.948232046e-03
 1.166067022e-02 1.278071764e-02 1.351025483e-02 1.412555002e-02 1.477535134e-02
 1.549701160e-02 1.628514637e-02 1.712341006e-02 1.799480487e-02 1.888445571e-02
 1.977998771e-02 2.067119331e-02 2.154953542e-02 2.240765808e-02 2.323895638e-02
 2.403722870e-02 2.479642339e-02 2.551047424e-02 2.617320842e-02 2.677831017e-02
 2.731932476e-02 2.778968699e-02 2.818275827e-02 2.849185635e-02 2.871026513e-02
 2.883121839e-02 2.884786506e-02 2.875325055e-02 2.854040379e-02 2.820273723e-02
 2.773522443e-02 2.713740041e-02 2.642053573e-02 2.562397067e-02 2.484780520e-02
 2.428906196e-02 2.418025218e-02 2.458615613e-02 2.534080214e-02 2.622658570e-02
-1.123206475e-04-2.520324033e-04-4.433983719e-04-6.816770350e-04-9.607963570e-04
-1.273524480e-03-1.611925483e-03-1.964019598e-03-2.294341147e-03-2.540754492e-03
-2.740562599e-03-2.881743235e-03-2.941902219e-03-2.902276174e-03-2.708717263e-03
-2.362012272e-03-1.850849582e-03-1.162671562e-03-2.903228721e-04 7.652694935e-04
 1.992183374e-03 3.363037122e-03 4.829070959e-03 6.319803091e-03 7.753107592e-03
 9.058864573e-03 1.020507382e-02 1.120534832e-02 1.210180547e-02 1.293992361e-02
 1.375319116e-02 1.456052336e-02 1.536977622e-02 1.618197479e-02 1.699450008e-02
 1.780294418e-02 1.860222448e-02 1.938715547e-02 2.015273264e-02 2.089413179e-02
 2.160645013e-02 2.228478041e-02 2.292421537e-02 2.351986469e-02 2.406690984e-02
 2.456056266e-02 2.499618553e-02 2.536929652e-02 2.567567755e-02 2.591150974e-02
 2.607347689e-02 2.615908553e-02 2.616697138e-02 2.609754600e-02 2.595397241e-02
 2.574372527e-02 2.548095384e-02 2.518946589e-02 2.490569588e-02 2.467882079e-02
 2.456336258e-02 2.460203728e-02 2.480645231e-02 2.515112075e-02 2.559113877e-02
-7.651561837e-05-1.711746807e-04-2.999012634e-04-4.585643937e-04-6.418712440e-04
-8.434013590e-04-1.055660665e-03-1.271144653e-03-1.459276937e-03-1.600681454e-03
-1.682074646e-03-1.723054919e-03-1.676928082e-03-1.555365723e-03-1.338352426e-03
-1.000271547e-03-5.665773165e-04 1.649291694e-05 7.025641401e-04 1.507651910e-03
 2.423350812e-03 3.400363814e-03 4.469708211e-03 5.539612651e-03 6.617119513e-03
 7.662480730e-03 8.639416399e-03 9.595376011e-03 1.046922069e-02 1.132652746e-02
 1.214384017e-02 1.292746310e-02 1.372379535e-02 1.447277589e-02 1.524673479e-02
 1.598779214e-02 1.671153505e-02 1.743695829e-02 1.810369242e-02 1.879952457e-02
 1.943533495e-02 2.005162279e-02 2.064520242e-02 2.116635447e-02 2.169961112e-02
 2.214646543e-02 2.257115051e-02 2.294376779e-02 2.323813369e-02 2.352650283e-02
 2.371315291e-02 2.388471667e-02 2.398711593e-02 2.402617567e-02 2.405927172e-02
 2.401264187e-02 2.398575491e-02 2.393467722e-02 2.388127404e-02 2.390272389e-02
 2.393212450e-02 2.407020807e-02 2.426639311e-02 2.451389310e-02 2.486475245e-02
 0.133971921E+01 0.134901063E+01 0.135734184E+01 0.136627820E+01 0.137563642E+01
 0.138536355E+01 0.139548129E+01 0.140600691E+01 0.141693487E+01 0.142829151E+01
 0.144011592E+01 0.145242413E+01 0.146522365E+01 0.147854013E+01 0.149241754E+01
 0.150689425E+01 0.152198846E+01 0.153771588E+01 0.155411603E+01 0.157124503E+01
 0.158914846E+01 0.160786175E+01 0.162742322E+01 0.164787333E+01 0.166927335E+01
 0.169169429E+01 0.171520657E+01 0.173987407E+01 0.176576119E+01 0.179294023E+01
 0.182150656E+01 0.185156472E+01 0.188322986E+01 0.191661825E+01 0.195185436E+01
 0.198907231E+01 0.202842515E+01 0.207009528E+01 0.211428694E+01 0.216122653E+01
 0.221116036E+01 0.226436244E+01 0.232113995E+01 0.238185025E+01 0.244690740E+01
 0.251678752E+01 0.259203103E+01 0.267326295E+01 0.276121551E+01 0.285675183E+01
 0.296089445E+01 0.307487919E+01 0.320021652E+01 0.333877318E+01 0.349288989E+01
 0.366553759E+01 0.386058493E+01 0.408313296E+01 0.434026873E+01 0.464234028E+01
 0.500540299E+01 0.545717461E+01 0.605336263E+01 0.694552451E+01 0.124548851E+02
  361   98
 0.553219369E+00 0.108388910E+01 0.547687312E+00 0.107105319E+01 0.542191718E+00
 0.105820164E+01 0.536741552E+00 0.104533075E+01 0.531345770E+00 0.103243697E+01
 0.526012326E+00 0.101951729E+01 0.520745646E+00 0.100657025E+01 0.515544324E+00
 0.993596807E+00 0.510404458E+00 0.980598896E+00 0.505322736E+00 0.967578141E+00
 0.500296333E+00 0.954535931E+00 0.495325306E+00 0.941472514E+00 0.490408957E+00
 0.928388421E+00 0.485543296E+00 0.915285392E+00 0.480723099E+00 0.902165569E+00
 0.475944747E+00 0.889030447E+00 0.471208850E+00 0.875879960E+00 0.466518374E+00
 0.862713203E+00 0.461873089E+00 0.849530435E+00 0.457270239E+00 0.836332789E+00
 0.452706296E+00 0.823121638E+00 0.448181223E+00 0.809897124E+00 0.443701421E+00
 0.796657207E+00 0.439272852E+00 0.783400067E+00 0.434899322E+00 0.770124669E+00
 0.430582565E+00 0.756830702E+00 0.426323207E+00 0.743518233E+00 0.422122806E+00
 0.730187046E+00 0.417984597E+00 0.716836423E+00 0.413913063E+00 0.703465318E+00
 0.409912687E+00 0.690072753E+00 0.405987302E+00 0.676658017E+00 0.402138578E+00
 0.663221087E+00 0.398366710E+00 0.649762381E+00 0.394671402E+00 0.636282452E+00
 0.391052491E+00 0.622781813E+00 0.387511158E+00 0.609260618E+00 0.384050524E+00
 0.595718545E+00 0.380674155E+00 0.582155220E+00 0.377384998E+00 0.568570482E+00
 0.374185155E+00 0.554964431E+00 0.371075793E+00 0.541337418E+00 0.368056218E+00
 0.527690228E+00 0.365124888E+00 0.514023810E+00 0.362280612E+00 0.500339010E+00
 0.359522791E+00 0.486636525E+00 0.356851516E+00 0.472916905E+00 0.354267503E+00
 0.459180583E+00 0.351771654E+00 0.445427970E+00 0.349364666E+00 0.431659526E+00
 0.347046996E+00 0.417875765E+00 0.344818827E+00 0.404077254E+00 0.342679129E+00
 0.390264747E+00 0.340626149E+00 0.376439084E+00 0.338658275E+00 0.362601050E+00
 0.336774008E+00 0.348751384E+00 0.334971911E+00 0.334890785E+00 0.333250721E+00
 0.321019907E+00 0.331609502E+00 0.307139340E+00 0.330047749E+00 0.293249606E+00
 0.328565322E+00 0.279351183E+00 0.327162329E+00 0.265444516E+00 0.325838589E+00
 0.251530082E+00 0.324593712E+00 0.237608370E+00 0.323427365E+00 0.223679860E+00
 0.322339267E+00 0.209745018E+00 0.321329127E+00 0.195804307E+00 0.320396065E+00
 0.181858226E+00 0.319538948E+00 0.167907270E+00 0.318756741E+00 0.153951914E+00
 0.318048544E+00 0.139992606E+00 0.317413640E+00 0.126029772E+00 0.316851753E+00
 0.112063809E+00 0.316362923E+00 0.980950985E-01 0.315947379E+00 0.841240158E-01
 0.315605517E+00 0.701509361E-01 0.315337676E+00 0.561762416E-01 0.315143243E+00
 0.422003327E-01 0.315021378E+00 0.282236024E-01 0.314971390E+00 0.142464300E-01
 0.314992744E+00 0.269184328E-03 0.315085113E+00-0.137077725E-01 0.315248540E+00
-0.276840790E-01 0.315483286E+00-0.416593694E-01 0.315789771E+00-0.556332704E-01
 0.316168581E+00-0.696053977E-01 0.316620378E+00-0.835753551E-01 0.317145704E+00
-0.975427406E-01 0.317745189E+00-0.111507139E+00 0.318419596E+00-0.125468120E+00
 0.319169805E+00-0.139425233E+00 0.319996541E+00-0.153378021E+00 0.320899998E+00
-0.167326052E+00 0.321880476E+00-0.181268880E+00 0.322938540E+00-0.195206034E+00
 0.324075072E+00-0.209137009E+00 0.325291067E+00-0.223061273E+00 0.326587160E+00
-0.236978309E+00 0.327963829E+00-0.250887606E+00 0.329421402E+00-0.264788657E+00
 0.330960049E+00-0.278680968E+00 0.332579977E+00-0.292564036E+00 0.334281833E+00
-0.306437299E+00 0.336066833E+00-0.320300108E+00 0.337936639E+00-0.334151733E+00
 0.339893234E+00-0.347991365E+00 0.341938538E+00-0.361818164E+00 0.344074142E+00
-0.375631303E+00 0.346301751E+00-0.389429903E+00 0.348623216E+00-0.403213022E+00
 0.351040479E+00-0.416979663E+00 0.353554469E+00-0.430728968E+00 0.356164260E+00
-0.444460412E+00 0.358868549E+00-0.458173559E+00 0.361665977E+00-0.471868010E+00
 0.364555421E+00-0.485543343E+00 0.367537284E+00-0.499198821E+00 0.370614040E+00
-0.512833230E+00 0.373788535E+00-0.526445213E+00 0.377063529E+00-0.540033365E+00
 0.380441383E+00-0.553596312E+00 0.383922799E+00-0.567133047E+00 0.387505938E+00
-0.580643213E+00 0.391188398E+00-0.594126647E+00 0.394967826E+00-0.607583224E+00
 0.398842998E+00-0.621012542E+00 0.402814677E+00-0.634413634E+00 0.406884536E+00
-0.647785236E+00 0.411053494E+00-0.661126273E+00 0.415321041E+00-0.674436102E+00
 0.419685186E+00-0.687714572E+00 0.424143451E+00-0.700961738E+00 0.428695590E+00
-0.714176940E+00 0.433343997E+00-0.727358587E+00 0.438091453E+00-0.740504883E+00
 0.442939847E+00-0.753614288E+00 0.447889885E+00-0.766685652E+00 0.452942821E+00
-0.779717583E+00 0.458101848E+00-0.792707877E+00 0.463372881E+00-0.805653123E+00
 0.468763156E+00-0.818549168E+00 0.474280179E+00-0.831391494E+00 0.479934400E+00
-0.844173996E+00 0.485741188E+00-0.856887901E+00 0.491720357E+00-0.869521629E+00
 0.497896675E+00-0.882060120E+00 0.504298805E+00-0.894484783E+00 0.510962684E+00
-0.906770966E+00 0.517940591E+00-0.918881420E+00 0.525303187E+00-0.930761691E+00
 0.533140288E+00-0.942334058E+00 0.541559629E+00-0.953489355E+00 0.550686813E+00
-0.964072307E+00 0.560668047E+00-0.973852144E+00 0.571647133E+00-0.982492740E+00
 0.583679898E+00-0.989586608E+00 0.596642661E+00-0.994785442E+00 0.610241319E+00
-0.997974071E+00 0.624146732E+00-0.999318879E+00 0.638118537E+00-0.999144596E+00
 0.652026998E+00-0.997785831E+00 0.665817620E+00-0.995518794E+00 0.679474565E+00
-0.992548091E+00 0.692999305E+00-0.989022730E+00 0.706399200E+00-0.985048426E+00
 0.719683307E+00-0.980702365E+00 0.732860119E+00-0.976040873E+00 0.745938463E+00
-0.971109695E+00 0.758927526E+00-0.965947820E+00 0.771833617E+00-0.960581810E+00
 0.784658224E+00-0.955023851E+00 0.797399348E+00-0.949277096E+00 0.810053165E+00
-0.943340579E+00 0.822615046E+00-0.937211927E+00 0.835081026E+00-0.930890486E+00
 0.847448565E+00-0.924378553E+00 0.859716189E+00-0.917680280E+00 0.871885217E+00
-0.910804490E+00 0.883958648E+00-0.903762168E+00 0.895941367E+00-0.896566555E+00
 0.907838806E+00-0.889230782E+00 0.919649921E+00-0.881756828E+00 0.931363776E+00
-0.874131370E+00 0.942968463E+00-0.866340807E+00 0.954456238E+00-0.858378861E+00
 0.965824159E+00-0.850246703E+00 0.977072339E+00-0.841949696E+00 0.988209372E+00
-0.833504050E+00 0.999249789E+00-0.824932460E+00 0.101020182E+01-0.816248224E+00
 0.102105199E+01-0.807437084E+00 0.103178149E+01-0.798479420E+00 0.104237748E+01
-0.789364232E+00 0.105283776E+01-0.780093602E+00 0.106316589E+01-0.770675965E+00
 0.107336830E+01-0.761122260E+00 0.108345090E+01-0.751442184E+00 0.109341169E+01
-0.741636825E+00 0.110323711E+01-0.731695845E+00 0.111290971E+01-0.721606130E+00
 0.112241786E+01-0.711361301E+00 0.113175897E+01-0.700963936E+00 0.114093892E+01
-0.690423994E+00 0.114996375E+01-0.679750934E+00 0.115882676E+01-0.668943137E+00
 0.116750718E+01-0.657988185E+00 0.117598751E+01-0.646877635E+00 0.118426063E+01
-0.635611947E+00 0.119232716E+01-0.624197417E+00 0.120018791E+01-0.612640209E+00
 0.120783713E+01-0.600941934E+00 0.121526308E+01-0.589100698E+00 0.122245551E+01
-0.577116188E+00 0.122941249E+01-0.564993476E+00 0.123614130E+01-0.552742629E+00
 0.124265217E+01-0.540374566E+00 0.124894571E+01-0.527894515E+00 0.125501524E+01
-0.515304004E+00 0.126086174E+01-0.502608379E+00 0.126649685E+01-0.489817500E+00
 0.127193933E+01-0.476943456E+00 0.127720461E+01-0.463995915E+00 0.128229650E+01
-0.450979211E+00 0.128721954E+01-0.437897705E+00 0.129198472E+01-0.424757857E+00
 0.129660984E+01-0.411568041E+00 0.130111552E+01-0.398336938E+00 0.130551624E+01
-0.385070547E+00 0.130982079E+01-0.371772636E+00 0.131403617E+01-0.358446186E+00
 0.131817096E+01-0.345094508E+00 0.132223568E+01-0.331721331E+00 0.132623914E+01
-0.318329682E+00 0.133018941E+01-0.304922243E+00 0.133409389E+01-0.291501397E+00
 0.133795725E+01-0.278068655E+00 0.134177909E+01-0.264624044E+00 0.134555155E+01
-0.251165494E+00 0.134926403E+01-0.237690282E+00 0.135290658E+01-0.224196000E+00
 0.135646966E+01-0.210680523E+00 0.135994323E+01-0.197141768E+00 0.136331535E+01
-0.183577397E+00 0.136657000E+01-0.169984372E+00 0.136968603E+01-0.156358920E+00
 0.137263896E+01-0.142697213E+00 0.137540241E+01-0.128995948E+00 0.137795397E+01
-0.115253665E+00 0.138027457E+01-0.101470523E+00 0.138234482E+01-0.876475853E-01
 0.138414509E+01-0.737869258E-01 0.138565608E+01-0.598917814E-01 0.138686431E+01
-0.459670570E-01 0.138776089E+01-0.320188106E-01 0.138833819E+01-0.180537160E-01
 0.138859007E+01-0.407897210E-02 0.138851263E+01 0.989782453E-02 0.138810845E+01
 0.238690002E-01 0.138738461E+01 0.378272770E-01 0.138634975E+01 0.517659597E-01
 0.138501373E+01 0.656790216E-01 0.138338807E+01 0.795612396E-01 0.138149078E+01
 0.934089761E-01 0.137934261E+01 0.107220044E+00 0.137696387E+01 0.120993293E+00
 0.137437420E+01 0.134728466E+00 0.137159340E+01 0.148426243E+00 0.136864661E+01
 0.162089295E+00 0.136555990E+01 0.175721436E+00 0.136235675E+01 0.189326701E+00
 0.135905670E+01 0.202908797E+00 0.135567420E+01 0.216470598E+00 0.135221944E+01
 0.230014175E+00 0.134870047E+01 0.243541217E+00 0.134512490E+01 0.257053405E+00
 0.134150064E+01 0.270552622E+00 0.133783581E+01 0.284040878E+00 0.133413370E+01
 0.297518953E+00 0.133039279E+01 0.310986308E+00 0.132660772E+01 0.324441319E+00
 0.132277025E+01 0.337881473E+00 0.131887054E+01 0.351303698E+00 0.131489595E+01
 0.364703937E+00 0.131083431E+01 0.378078040E+00 0.130667699E+01 0.391422707E+00
 0.130241783E+01 0.404735217E+00 0.129804963E+01 0.418012345E+00 0.129355529E+01
 0.431247287E+00 0.128891127E+01 0.444430432E+00 0.128409806E+01 0.457552739E+00
 0.127910309E+01 0.470606930E+00 0.127392049E+01 0.483587765E+00 0.126854488E+01
 0.496489860E+00 0.126296136E+01 0.509303322E+00 0.125715394E+01 0.522016858E+00
 0.125111458E+01 0.534621861E+00 0.124484599E+01 0.547114456E+00 0.123835726E+01
 0.559494143E+00 0.123164578E+01 0.571754487E+00 0.122470029E+01 0.583883771E+00
 0.121751599E+01 0.595873154E+00 0.121010039E+01 0.607720888E+00 0.120246936E+01
 0.619431046E+00 0.119463217E+01 0.631004245E+00 0.118658704E+01 0.642433862E+00
 0.117833097E+01 0.653712039E+00 0.116986829E+01 0.664836049E+00 0.116121557E+01
 0.675812916E+00 0.115239798E+01 0.686657834E+00 0.114343829E+01 0.697385659E+00
 0.113433398E+01 0.707991013E+00 0.112507221E+01 0.718459111E+00 0.111564552E+01
 0.728778946E+00 0.110606199E+01 0.738953325E+00 0.109634310E+01 0.748998508E+00
 0.108651371E+01 0.758935626E+00 0.107658373E+01 0.768772216E+00 0.106654071E+01
 0.778493350E+00 0.105637064E+01 0.788081455E+00 0.104606907E+01 0.797528145E+00
 0.103564324E+01 0.806837518E+00 0.102510564E+01 0.816020209E+00 0.101446865E+01
 0.825087594E+00 0.100373867E+01 0.834044744E+00 0.992913008E+00 0.842886002E+00
 0.981983813E+00 0.851598933E+00 0.970943066E+00 0.860170051E+00 0.959787389E+00
 0.868591036E+00 0.948522162E+00 0.876864910E+00 0.937158184E+00 0.885002644E+00
 0.925706986E+00 0.893017194E+00 0.914174924E+00 0.900914948E+00 0.902561172E+00
 0.908692068E+00 0.890860993E+00 0.916338530E+00 0.879069215E+00 0.923842948E+00
 0.867183491E+00 0.931197662E+00 0.855206517E+00 0.938402831E+00 0.843143517E+00
 0.945463040E+00 0.831003014E+00 0.952389155E+00 0.818797413E+00 0.959199927E+00
 0.806538708E+00 0.965914662E+00 0.794229780E+00 0.972536878E+00 0.781867600E+00
 0.979059134E+00 0.769450331E+00 0.985475888E+00 0.756978617E+00 0.991786167E+00
 0.744453827E+00 0.997990436E+00 0.731879098E+00 0.100409286E+01 0.719258275E+00
 0.101009939E+01 0.706596641E+00 0.101601942E+01 0.693900562E+00 0.102186522E+01
 0.681176834E+00 0.102765061E+01 0.668433067E+00 0.103339173E+01 0.655675492E+00
 0.103910211E+01 0.642906090E+00 0.104478599E+01 0.630123403E+00 0.105043993E+01
 0.617326994E+00 0.105606275E+01 0.604519312E+00 0.106165984E+01 0.591701991E+00
 0.106723482E+01 0.578878411E+00 0.107279539E+01 0.566049698E+00 0.107834412E+01
 0.553219369E+00 0.108388910E+01
 0.156441580E+01 0.156423520E+01 0.173298350E+01 0.167901950E+01 0.134847970E+01
 0.206041340E+01 0.108819530E+01 0.205946000E+01 0.902253030E+00 0.187565310E+01
 0.903668760E+00 0.187424170E+01 0.533866470E+00 0.150285580E+01 0.538010660E+00
 0.149874330E+01 0.332797140E+00 0.129708960E+01 0.332797140E+00 0.109400000E+01
 0.334795920E+00 0.109400000E+01 0.303115250E+00 0.847500000E+00 0.305114030E+00
 0.847500000E+00 0.269135950E+00 0.565000000E+00 0.271134730E+00 0.565000000E+00
 0.260841000E+00 0.495257700E+00 0.260841000E+00-0.507257700E+00 0.271134730E+00
-0.576999960E+00 0.269135950E+00-0.576999960E+00 0.305114030E+00-0.859500000E+00
 0.303115250E+00-0.859500000E+00 0.334795920E+00-0.110600010E+01 0.332797140E+00
-0.110600010E+01 0.332797140E+00-0.130908970E+01 0.538598100E+00-0.150990190E+01
 0.534468950E+00-0.151402960E+01 0.905629600E+00-0.188405800E+01 0.904219000E+00
-0.188547470E+01 0.108819530E+01-0.206614000E+01 0.134847970E+01-0.206518650E+01
 0.173017910E+01-0.168098580E+01 0.156441580E+01-0.156883530E+01 0.137999130E+01
-0.157688300E+01 0.137989190E+01-0.157672700E+01 0.119622210E+01-0.158474990E+01
 0.119631650E+01-0.158489800E+01 0.105537410E+01-0.159104840E+01 0.105528350E+01
-0.159090630E+01 0.947502500E+00-0.159561420E+01 0.905686400E+00-0.159556230E+01
 0.899143000E+00-0.159478470E+01 0.883387860E+00-0.159026430E+01 0.867681200E+00
-0.158087360E+01 0.851322350E+00-0.156766880E+01 0.833481900E+00-0.154624210E+01
 0.826062560E+00-0.152875240E+01 0.822677700E+00-0.151516830E+01 0.821022750E+00
-0.149624060E+01 0.820691350E+00-0.147724350E+01 0.822887360E+00-0.144582030E+01
 0.827573000E+00-0.141923050E+01 0.839194600E+00-0.138728100E+01 0.855244300E+00
-0.135284130E+01 0.877566500E+00-0.132209860E+01 0.899473500E+00-0.130017830E+01
 0.118567730E+01-0.101380000E+01 0.127900000E+01-0.842300000E+00 0.129600000E+01
-0.820200000E+00 0.143300000E+01-0.820200000E+00 0.143300000E+01-0.711000000E+00
 0.149000000E+01-0.491000000E+00 0.146000000E+01-0.491000000E+00 0.146000000E+01
-0.233000000E+00 0.166100000E+01-0.233000000E+00 0.166100000E+01 0.226000000E+00
 0.146000000E+01 0.226000000E+00 0.146000000E+01 0.481000000E+00 0.149300000E+01
 0.481000000E+00 0.147400000E+01 0.554000000E+00 0.143300000E+01 0.711000000E+00
 0.143300000E+01 0.815600000E+00 0.129600000E+01 0.815600000E+00 0.127900000E+01
 0.837699950E+00 0.118567730E+01 0.100920000E+01 0.899473500E+00 0.129557820E+01
 0.877566500E+00 0.131749860E+01 0.855244300E+00 0.134824120E+01 0.839194600E+00
 0.138268090E+01 0.827573000E+00 0.141463040E+01 0.822887360E+00 0.144122030E+01
 0.820691350E+00 0.147264350E+01 0.821022750E+00 0.149164060E+01 0.822677700E+00
 0.151056830E+01 0.826062560E+00 0.152415240E+01 0.833481900E+00 0.154164210E+01
 0.851322350E+00 0.156306870E+01 0.867681200E+00 0.157627360E+01 0.883387860E+00
 0.158566430E+01 0.899143000E+00 0.159018470E+01 0.905686400E+00 0.159096230E+01
 0.947502500E+00 0.159101410E+01 0.105528350E+01 0.158630620E+01 0.105537410E+01
 0.158644830E+01 0.119631650E+01 0.158029800E+01 0.119622210E+01 0.158014990E+01
 0.137989190E+01 0.157212700E+01 0.137999130E+01 0.157228290E+01 0.156441580E+01
 0.156423520E+01
    0
