EFIT++      MAST # 46630 # 520ms                   0  65  65
 0.194000000E+01 0.440000000E+01 0.800000000E+00 0.600000000E-01 0.000000000E+00
 0.956298225E+00 0.665786712E-02-0.668689849E-01 0.615779872E-02-0.592962643E+00
 0.742328085E+06-0.668689849E-01 0.000000000E+00 0.956298225E+00 0.000000000E+00
 0.665786712E-02 0.000000000E+00 0.615779872E-02 0.000000000E+00 0.000000000E+00
-0.517540132E+00-0.516569398E+00-0.515597330E+00-0.514624398E+00-0.513651072E+00
-0.512677828E+00-0.511705145E+00-0.510733504E+00-0.509763393E+00-0.508795301E+00
-0.507829722E+00-0.506867153E+00-0.505908094E+00-0.504953052E+00-0.504002534E+00
-0.503057052E+00-0.502117123E+00-0.501183266E+00-0.500256005E+00-0.499335866E+00
-0.498423380E+00-0.497519081E+00-0.496623507E+00-0.495737199E+00-0.494860701E+00
-0.493994560E+00-0.493139329E+00-0.492295561E+00-0.491463813E+00-0.490644646E+00
-0.489838621E+00-0.489046305E+00-0.488268265E+00-0.487505072E+00-0.486757300E+00
-0.486025522E+00-0.485310315E+00-0.484612258E+00-0.483931931E+00-0.483269915E+00
-0.482626793E+00-0.482003149E+00-0.481399565E+00-0.480816628E+00-0.480254922E+00
-0.479715032E+00-0.479197542E+00-0.478703037E+00-0.478232099E+00-0.477785311E+00
-0.477363253E+00-0.476966504E+00-0.476595641E+00-0.476251238E+00-0.475933868E+00
-0.475644098E+00-0.475382494E+00-0.475149618E+00-0.474946028E+00-0.474772277E+00
-0.474628913E+00-0.474516480E+00-0.474435515E+00-0.474386551E+00-0.474370114E+00
 0.204910352E+05 0.200120810E+05 0.195332816E+05 0.190548734E+05 0.185770928E+05
 0.181001763E+05 0.176243602E+05 0.171498810E+05 0.166769751E+05 0.162058788E+05
 0.157368287E+05 0.152700612E+05 0.148058125E+05 0.143443192E+05 0.138858177E+05
 0.134305444E+05 0.129787356E+05 0.125306279E+05 0.120864576E+05 0.116464612E+05
 0.112108750E+05 0.107799354E+05 0.103538790E+05 0.993294202E+04 0.951736098E+04
 0.910737226E+04 0.870321227E+04 0.830511745E+04 0.791332419E+04 0.752806891E+04
 0.714958802E+04 0.677811795E+04 0.641389510E+04 0.605715588E+04 0.570813672E+04
 0.536707403E+04 0.503420421E+04 0.470976369E+04 0.439398888E+04 0.408711619E+04
 0.378938203E+04 0.350102283E+04 0.322227499E+04 0.295337493E+04 0.269455906E+04
 0.244606381E+04 0.220812557E+04 0.198098076E+04 0.176486581E+04 0.156001712E+04
 0.136667111E+04 0.118506419E+04 0.101543277E+04 0.858013279E+03 0.713042119E+03
 0.580755707E+03 0.461390457E+03 0.355182784E+03 0.262369102E+03 0.183185824E+03
 0.117869365E+03 0.666561389E+02 0.297825600E+02 0.748504236E+01 0.000000000E+00
-0.439920689E+00-0.439804520E+00-0.439473824E+00-0.438928602E+00-0.438168852E+00
-0.437194577E+00-0.436005774E+00-0.434602444E+00-0.432984588E+00-0.431152206E+00
-0.429105296E+00-0.426843860E+00-0.424367897E+00-0.421677407E+00-0.418772391E+00
-0.415652847E+00-0.412318778E+00-0.408770181E+00-0.405007058E+00-0.401029408E+00
-0.396837231E+00-0.392430527E+00-0.387809297E+00-0.382973540E+00-0.377923257E+00
-0.372658446E+00-0.367179109E+00-0.361485245E+00-0.355576855E+00-0.349453938E+00
-0.343116494E+00-0.336564523E+00-0.329798025E+00-0.322817001E+00-0.315621451E+00
-0.308211373E+00-0.300586769E+00-0.292747638E+00-0.284693980E+00-0.276425795E+00
-0.267943084E+00-0.259245846E+00-0.250334082E+00-0.241207790E+00-0.231866972E+00
-0.222311628E+00-0.212541756E+00-0.202557358E+00-0.192358433E+00-0.181944981E+00
-0.171317003E+00-0.160474498E+00-0.149417466E+00-0.138145907E+00-0.126659822E+00
-0.114959210E+00-0.103044072E+00-0.909144061E-01-0.785702140E-01-0.660114951E-01
-0.532382495E-01-0.402504772E-01-0.270481782E-01-0.136313525E-01 0.000000000E+00
-0.419749831E+06-0.419717762E+06-0.419478501E+06-0.419032048E+06-0.418378405E+06
-0.417517571E+06-0.416449545E+06-0.415174328E+06-0.413691920E+06-0.412002321E+06
-0.410105531E+06-0.408001550E+06-0.405690377E+06-0.403172014E+06-0.400446459E+06
-0.397513713E+06-0.394373776E+06-0.391026648E+06-0.387472328E+06-0.383710818E+06
-0.379742116E+06-0.375566223E+06-0.371183139E+06-0.366592864E+06-0.361795397E+06
-0.356790740E+06-0.351578891E+06-0.346159852E+06-0.340533621E+06-0.334700199E+06
-0.328659585E+06-0.322411781E+06-0.315956785E+06-0.309294599E+06-0.302425221E+06
-0.295348652E+06-0.288064892E+06-0.280573940E+06-0.272875798E+06-0.264970464E+06
-0.256857940E+06-0.248538224E+06-0.240011317E+06-0.231277218E+06-0.222335929E+06
-0.213187449E+06-0.203831777E+06-0.194268914E+06-0.184498860E+06-0.174521615E+06
-0.164337179E+06-0.153945551E+06-0.143346733E+06-0.132540723E+06-0.121527522E+06
-0.110307130E+06-0.988795469E+05-0.872447726E+05-0.754028071E+05-0.633536505E+05
-0.510973027E+05-0.386337637E+05-0.259630336E+05-0.130851124E+05 0.000000000E+00
-7.128463075e-05-1.594962784e-04-2.795096486e-04-4.275531900e-04-5.988552079e-04
-7.877900744e-04-9.881634944e-04-1.194072173e-03-1.374564137e-03-1.468439920e-03
-1.516192451e-03-1.511952693e-03-1.427743531e-03-1.254832479e-03-9.735569777e-04
-5.658571478e-04-4.042025976e-05 6.245307650e-04 1.410691661e-03 2.321094094e-03
 3.344782810e-03 4.445130005e-03 5.616876334e-03 6.796945503e-03 7.967932428e-03
 9.092667512e-03 1.014127812e-02 1.113741189e-02 1.205322463e-02 1.293488441e-02
 1.377762389e-02 1.459083039e-02 1.540851998e-02 1.619423787e-02 1.699581276e-02
 1.777742546e-02 1.854960549e-02 1.932875744e-02 2.007099257e-02 2.081700658e-02
 2.152102053e-02 2.220515981e-02 2.286776324e-02 2.347638361e-02 2.408073569e-02
 2.461986295e-02 2.513455981e-02 2.560509639e-02 2.601122072e-02 2.640338621e-02
 2.671236981e-02 2.700184837e-02 2.723164624e-02 2.740433923e-02 2.756600420e-02
 2.765392242e-02 2.774990854e-02 2.781499629e-02 2.786262701e-02 2.795974067e-02
 2.803755422e-02 2.818859736e-02 2.836204419e-02 2.854862156e-02 2.880677031e-02
-1.058961340e-04-2.377063658e-04-4.184100951e-04-6.436713890e-04-9.079007130e-04
-1.204365179e-03-1.525314651e-03-1.857541692e-03-2.169425352e-03-2.383721910e-03
-2.549908520e-03-2.655297244e-03-2.680470105e-03-2.626553857e-03-2.344214818e-03
-1.897705552e-03-1.281638152e-03-4.814613334e-04 5.129813456e-04 1.702676822e-03
 3.077153993e-03 4.609386587e-03 6.243129325e-03 7.894696592e-03 9.464483577e-03
 1.086688279e-02 1.206554891e-02 1.308327730e-02 1.397803171e-02 1.480893658e-02
 1.561746565e-02 1.642602221e-02 1.724357993e-02 1.807134481e-02 1.890661465e-02
 1.974491495e-02 2.058110509e-02 2.140977370e-02 2.222531241e-02 2.302223878e-02
 2.379548196e-02 2.454033999e-02 2.525229200e-02 2.592690348e-02 2.655982851e-02
 2.714678124e-02 2.768362333e-02 2.816639012e-02 2.859137902e-02 2.895526564e-02
 2.925518694e-02 2.948897582e-02 2.965537651e-02 2.975448480e-02 2.978841773e-02
 2.976237169e-02 2.968622096e-02 2.957649305e-02 2.945829347e-02 2.936523823e-02
 2.933424521e-02 2.939365847e-02 2.954957348e-02 2.978093939e-02 3.005497865e-02
-1.486949178e-04-3.346057208e-04-5.909445779e-04-9.128225059e-04-1.293505793e-03
-1.724063608e-03-2.192940370e-03-2.682165822e-03-3.149995655e-03-3.595589354e-03
-3.971934421e-03-4.256023840e-03-4.439237372e-03-4.482729490e-03-4.331581010e-03
-3.937517944e-03-3.289982928e-03-2.364538692e-03-1.135747862e-03 4.164583277e-04
 2.307289963e-03 4.542850896e-03 7.087559398e-03 9.793326154e-03 1.228582467e-02
 1.413000771e-02 1.520710766e-02 1.580471504e-02 1.630333682e-02 1.687659753e-02
 1.755316139e-02 1.831785813e-02 1.914794074e-02 2.002261758e-02 2.092484056e-02
 2.184102556e-02 2.276031337e-02 2.367382625e-02 2.457404885e-02 2.545435868e-02
 2.630868124e-02 2.713123279e-02 2.791633448e-02 2.865829618e-02 2.935136572e-02
 2.998973117e-02 3.056755946e-02 3.107905247e-02 3.151850288e-02 3.188033466e-02
 3.215911934e-02 3.234957019e-02 3.244653732e-02 3.244506794e-02 3.234068099e-02
 3.213018944e-02 3.181380969e-02 3.140017542e-02 3.091750483e-02 3.043521043e-02
 3.008694910e-02 3.003225926e-02 3.031782268e-02 3.082846601e-02 3.141849025e-02
-1.998638025e-04-4.510559542e-04-7.997935263e-04-1.241653741e-03-1.770075435e-03
-2.375783410e-03-3.046156500e-03-3.760288058e-03-4.483955164e-03-5.205039939e-03
-5.883517028e-03-6.475528698e-03-6.948871443e-03-7.251341373e-03-7.322162115e-03
-7.097941197e-03-6.518932717e-03-5.534136680e-03-4.104109675e-03-2.198532070e-03
 2.193197874e-04 3.241348484e-03 7.031802710e-03 1.213373177e-02 1.763962267e-02
 2.018605521e-02 1.973425081e-02 1.820443745e-02 1.805036881e-02 1.845572986e-02
 1.915132842e-02 2.001114422e-02 2.096608831e-02 2.197459911e-02 2.301020699e-02
 2.405535497e-02 2.509792524e-02 2.612909659e-02 2.714193702e-02 2.813044929e-02
 2.908892327e-02 3.001151359e-02 3.089199267e-02 3.172364535e-02 3.249927617e-02
 3.321129970e-02 3.385187988e-02 3.441307941e-02 3.488697625e-02 3.526570158e-02
 3.554135140e-02 3.570571958e-02 3.574978803e-02 3.566288053e-02 3.543132494e-02
 3.503634879e-02 3.445071559e-02 3.363325311e-02 3.251994088e-02 3.101284284e-02
 2.853058027e-02 2.808027090e-02 3.007319614e-02 3.175988746e-02 3.300536407e-02
-2.573613307e-04-5.830805204e-04-1.039428759e-03-1.624501933e-03-2.334302008e-03
-3.161798373e-03-4.095904983e-03-5.115924570e-03-6.190714839e-03-7.304953623e-03
-8.425687319e-03-9.496140048e-03-1.047219276e-02-1.128311001e-02-1.183074805e-02
-1.199538829e-02-1.165197310e-02-1.069994334e-02-9.092457592e-03-6.845099732e-03
-4.017757071e-03-6.891666216e-04 3.041295263e-03 6.973765730e-03 1.062229270e-02
 1.341608989e-02 1.525189272e-02 1.655628959e-02 1.773126091e-02 1.892720647e-02
 2.016419293e-02 2.142727046e-02 2.269805092e-02 2.396231252e-02 2.521070744e-02
 2.643771017e-02 2.764026863e-02 2.881656772e-02 2.996501126e-02 3.108343847e-02
 3.216856755e-02 3.321565417e-02 3.421835362e-02 3.516877326e-02 3.605769460e-02
 3.687493165e-02 3.760977587e-02 3.825146154e-02 3.878957333e-02 3.921431247e-02
 3.951654032e-02 3.968752319e-02 3.971829932e-02 3.959855718e-02 3.931481878e-02
 3.884749235e-02 3.816583369e-02 3.721860367e-02 3.591478607e-02 3.407178964e-02
 3.132894482e-02 3.065860207e-02 3.289032138e-02 3.472817645e-02 3.602783756e-02
-3.144777006e-04-7.165374359e-04-1.287170864e-03-2.030664522e-03-2.949547939e-03
-4.042694314e-03-5.303759305e-03-6.719364219e-03-8.243135904e-03-9.879052662e-03
-1.159731423e-02-1.335815378e-02-1.512992867e-02-1.686336334e-02-1.842890370e-02
-1.957023610e-02-1.990416320e-02-1.907414258e-02-1.698080758e-02-1.384882130e-02
-1.006524863e-02-5.975980132e-03-1.824877632e-03 2.208132238e-03 5.974300323e-03
 9.366461605e-03 1.234847481e-02 1.495694300e-02 1.726560421e-02 1.934631273e-02
 2.125218282e-02 2.301881096e-02 2.467088412e-02 2.622751385e-02 2.770505393e-02
 2.911806830e-02 3.047929915e-02 3.179921906e-02 3.308548586e-02 3.434245189e-02
 3.557080227e-02 3.676737338e-02 3.792520057e-02 3.903383796e-02 4.007997166e-02
 4.104831027e-02 4.192268737e-02 4.268725956e-02 4.332764264e-02 4.383181430e-02
 4.419063771e-02 4.439792915e-02 4.445009221e-02 4.434544968e-02 4.408352017e-02
 4.366466097e-02 4.309090654e-02 4.236994352e-02 4.152719988e-02 4.063849873e-02
 3.989556760e-02 3.957909840e-02 3.974489513e-02 4.016421986e-02 4.062778264e-02
-3.558234505e-04-8.183646296e-04-1.488671274e-03-2.384505872e-03-3.523223805e-03
-4.917376991e-03-6.569547045e-03-8.462888157e-03-1.055949193e-02-1.282992355e-02
-1.523848565e-02-1.777336429e-02-2.048676342e-02-2.355845881e-02-2.727215174e-02
-3.157333053e-02-3.503525611e-02-3.457688387e-02-2.989062684e-02-2.292493342e-02
-1.635745645e-02-1.047017028e-02-5.139698770e-03-2.690443256e-04 4.191369419e-03
 8.262764824e-03 1.195665854e-02 1.528645267e-02 1.827186373e-02 2.093909170e-02
 2.331977414e-02 2.544992189e-02 2.736859081e-02 2.911597330e-02 3.073114156e-02
 3.224996109e-02 3.370353846e-02 3.511724331e-02 3.651011973e-02 3.789446541e-02
 3.927546402e-02 4.065091391e-02 4.201121925e-02 4.333984777e-02 4.461441402e-02
 4.580844827e-02 4.689378700e-02 4.784337338e-02 4.863409182e-02 4.924913864e-02
 4.967945135e-02 4.992394455e-02 4.998867343e-02 4.988540145e-02 4.963023877e-02
 4.924301261e-02 4.874789308e-02 4.817552556e-02 4.756618852e-02 4.697151115e-02
 4.644900954e-02 4.604567669e-02 4.578236598e-02 4.566096408e-02 4.564056284e-02
-3.509264605e-04-8.212773547e-04-1.529485577e-03-2.520829356e-03-3.846508676e-03
-5.555102384e-03-7.680476894e-03-1.022161359e-02-1.311475819e-02-1.625091263e-02
-1.943511199e-02-2.248460363e-02-2.534688632e-02-2.832882296e-02-3.205425200e-02
-3.735583549e-02-4.285384610e-02-4.224536691e-02-3.548823945e-02-2.548904362e-02
-1.768891724e-02-1.105616405e-02-5.151537399e-03 2.420849880e-04 5.228381028e-03
 9.846484554e-03 1.409658941e-02 1.795795543e-02 2.140594737e-02 2.442870559e-02
 2.703951248e-02 2.928015783e-02 3.121448777e-02 3.291641819e-02 3.445846080e-02
 3.590450189e-02 3.730711969e-02 3.870771220e-02 4.013742568e-02 4.161749852e-02
 4.315852171e-02 4.475896196e-02 4.640382963e-02 4.806439318e-02 4.969945622e-02
 5.125833657e-02 5.268558165e-02 5.392736573e-02 5.493894238e-02 5.569149319e-02
 5.617609733e-02 5.640329757e-02 5.639867931e-02 5.619661510e-02 5.583462841e-02
 5.534980700e-02 5.477737046e-02 5.415062262e-02 5.350118240e-02 5.285842063e-02
 5.224743433e-02 5.168271065e-02 5.121689495e-02 5.081942121e-02 5.047757872e-02
-2.496062905e-04-6.075187007e-04-1.193619342e-03-2.101094308e-03-3.452993074e-03
-5.386463519e-03-8.028530664e-03-1.148089253e-02-1.580063966e-02-2.095194247e-02
-2.619576441e-02-2.996631371e-02-3.147860776e-02-3.115170890e-02-3.046129187e-02
-2.974460979e-02-2.852425645e-02-2.618838674e-02-2.250435571e-02-1.776545986e-02
-1.249050892e-02-7.051815755e-03-1.619006419e-03 3.744759852e-03 9.005261125e-03
 1.411223104e-02 1.897247760e-02 2.344222021e-02 2.735399653e-02 3.058136436e-02
 3.310434736e-02 3.502323925e-02 3.650984598e-02 3.773981033e-02 3.885230857e-02
 3.994396380e-02 4.107980751e-02 4.230683111e-02 4.366372876e-02 4.518425414e-02
 4.689334027e-02 4.879810296e-02 5.087924596e-02 5.308776631e-02 5.534719838e-02
 5.755814733e-02 5.960395945e-02 6.136191917e-02 6.272482241e-02 6.362856657e-02
 6.407044358e-02 6.410448880e-02 6.381669352e-02 6.329702734e-02 6.262222398e-02
 6.185098686e-02 6.102625168e-02 6.017940726e-02 5.933389330e-02 5.850743723e-02
 5.771308284e-02 5.696059927e-02 5.628299770e-02 5.566273263e-02 5.507867816e-02
-2.567551021e-06-3.999766183e-05-1.711833632e-04-5.237707062e-04-1.371603272e-03
-3.147765877e-03-6.109083397e-03-1.027649840e-02-1.586581952e-02-2.360747596e-02
-3.325175198e-02-3.839418929e-02-3.775671455e-02-3.160230765e-02-2.725950304e-02
-2.398879584e-02-2.102873550e-02-1.793736532e-02-1.448016887e-02-1.057841156e-02
-6.250944156e-03-1.550790256e-03 3.479229031e-03 8.822837967e-03 1.448380478e-02
 2.045534949e-02 2.663936815e-02 3.267076126e-02 3.778091204e-02 4.120518385e-02
 4.280171622e-02 4.319825287e-02 4.317431919e-02 4.319961930e-02 4.341760600e-02
 4.385941548e-02 4.452325946e-02 4.539646402e-02 4.651247746e-02 4.793462049e-02
 4.976874340e-02 5.209036243e-02 5.488431443e-02 5.805623851e-02 6.145741609e-02
 6.492744923e-02 6.825323385e-02 7.112280583e-02 7.317670320e-02 7.417407475e-02
 7.416189573e-02 7.343674343e-02 7.233364543e-02 7.108020657e-02 6.979212717e-02
 6.852241924e-02 6.729263580e-02 6.611167739e-02 6.498383912e-02 6.391056134e-02
 6.289296799e-02 6.193281495e-02 6.104999632e-02 6.022730934e-02 5.946142337e-02
 3.525916171e-04 8.127227461e-04 1.497702013e-03 2.497429963e-03 3.787477363e-03
 2.789695654e-03-1.141422875e-03-5.438880109e-03-9.979857778e-03-1.484989360e-02
-1.938323089e-02-2.225189948e-02-2.273569102e-02-2.124949785e-02-1.900094149e-02
-1.654699332e-02-1.394942479e-02-1.114418956e-02-8.054510653e-03-4.620899687e-03
-8.019798697e-04 3.437648104e-03 8.145440691e-03 1.340342497e-02 1.936147885e-02
 2.630312770e-02 3.481404277e-02 4.635521462e-02 5.758459110e-02 6.159449207e-02
 5.794637743e-02 5.189809310e-02 4.893441303e-02 4.746467785e-02 4.685901069e-02
 4.679860506e-02 4.708648972e-02 4.757323931e-02 4.812661036e-02 4.872409172e-02
 5.016207272e-02 5.303557579e-02 5.727254517e-02 6.230829640e-02 6.755176164e-02
 7.315344047e-02 7.934822697e-02 8.578923493e-02 9.020934783e-02 9.090398885e-02
 8.781847739e-02 8.419804998e-02 8.123932939e-02 7.880326965e-02 7.672204107e-02
 7.488603147e-02 7.322737754e-02 7.170340573e-02 7.029052013e-02 6.897051835e-02
 6.773592685e-02 6.658190052e-02 6.550388218e-02 6.448860324e-02 6.351856156e-02
 6.700090194e-04 1.547928749e-03 2.843322584e-03 4.633091998e-03 6.711415423e-03
 6.131086572e-03 2.396680982e-03-9.325614128e-04-3.862443919e-03-6.482911470e-03
-8.668929570e-03-1.022751954e-02-1.098775582e-02-1.094073909e-02-1.020388913e-02
-8.922579630e-03-7.202159357e-03-5.096717120e-03-2.623742246e-03 2.203498028e-04
 3.451443720e-03 7.095645920e-03 1.119213278e-02 1.579926820e-02 2.100193589e-02
 2.691234752e-02 3.362301523e-02 4.089156449e-02 4.718937079e-02 5.061530009e-02
 5.087105810e-02 4.954041713e-02 4.838330409e-02 4.780419533e-02 4.774833565e-02
 4.809645480e-02 4.872736624e-02 4.951078396e-02 5.027439149e-02 5.077903354e-02
 5.217994615e-02 5.545148817e-02 6.070645404e-02 6.664476622e-02 7.256265960e-02
 7.886545077e-02 8.609216904e-02 9.484679781e-02 1.001631815e-01 1.003744849e-01
 9.544105396e-02 9.086466244e-02 8.745393493e-02 8.470950026e-02 8.237008828e-02
 8.029726562e-02 7.841498442e-02 7.667980487e-02 7.506584731e-02 7.355687977e-02
 7.214197826e-02 7.081295467e-02 6.956271922e-02 6.838464542e-02 6.727762256e-02
 8.869190191e-04 2.026624140e-03 3.657156718e-03 5.804393578e-03 8.194683797e-03
 7.745133581e-03 3.879957239e-03 1.899036966e-03 3.244595492e-04-1.113151024e-03
-2.361653599e-03-3.304885747e-03-3.859732001e-03-3.981718475e-03-3.663477663e-03
-2.921637181e-03-1.781316012e-03-2.652870737e-04 1.610621331e-03 3.837795987e-03
 6.413095212e-03 9.336290349e-03 1.260651434e-02 1.621615364e-02 2.013899751e-02
 2.430791014e-02 2.857949540e-02 3.270073495e-02 3.632410521e-02 3.927417620e-02
 4.147873162e-02 4.303854141e-02 4.426037663e-02 4.540229765e-02 4.662614517e-02
 4.801585315e-02 4.961173359e-02 5.144096379e-02 5.354859916e-02 5.603132784e-02
 5.903612422e-02 6.267097020e-02 6.690957838e-02 7.158785631e-02 7.648849459e-02
 8.139604038e-02 8.603627345e-02 8.997873035e-02 9.269101412e-02 9.384415338e-02
 9.355608571e-02 9.229486039e-02 9.053963100e-02 8.858954550e-02 8.659553305e-02
 8.463039954e-02 8.272974889e-02 8.091087807e-02 7.918136672e-02 7.754325552e-02
 7.599526709e-02 7.453408042e-02 7.315511866e-02 7.185316668e-02 7.062789752e-02
 1.038909361e-03 2.360918543e-03 4.228672644e-03 6.652320119e-03 9.327237197e-03
 9.181754700e-03 5.833193321e-03 4.422915358e-03 3.483149058e-03 2.585213501e-03
 1.804114650e-03 1.198076102e-03 8.173032410e-04 6.999826996e-04 8.709363118e-04
 1.343164058e-03 2.121034980e-03 3.203617058e-03 4.587092029e-03 6.265848143e-03
 8.232260299e-03 1.047526662e-02 1.297775569e-02 1.571270619e-02 1.863824834e-02
 2.169271370e-02 2.479257827e-02 2.783833093e-02 3.073235746e-02 3.339218328e-02
 3.589010793e-02 3.820574132e-02 4.038735899e-02 4.253124024e-02 4.472460952e-02
 4.704616095e-02 4.956401280e-02 5.233709520e-02 5.541757908e-02 5.884970081e-02
 6.266158098e-02 6.685027279e-02 7.136334235e-02 7.608562015e-02 8.083529013e-02
 8.536937047e-02 8.940364004e-02 9.265499158e-02 9.490338845e-02 9.605310253e-02
 9.616185789e-02 9.541561215e-02 9.405984444e-02 9.232854404e-02 9.040473419e-02
 8.841407034e-02 8.643527615e-02 8.451398444e-02 8.267427807e-02 8.092685409e-02
 7.927437472e-02 7.771484102e-02 7.624367307e-02 7.485477406e-02 7.353045466e-02
 1.162844267e-03 2.636275132e-03 4.707026217e-03 7.377736149e-03 1.034486479e-02
 1.053516063e-02 7.470159310e-03 6.470487764e-03 5.853329065e-03 5.265362180e-03
 4.736195522e-03 4.304754724e-03 4.008018128e-03 3.878313396e-03 3.941908343e-03
 4.218654155e-03 4.722389427e-03 5.461696277e-03 6.440624584e-03 7.659109066e-03
 9.112950434e-03 1.079334642e-02 1.268606703e-02 1.477049603e-02 1.701894185e-02
 1.939684332e-02 2.186463719e-02 2.438186766e-02 2.691343669e-02 2.943656306e-02
 3.194310043e-02 3.444687576e-02 3.702617480e-02 3.967894773e-02 4.244947624e-02
 4.536843961e-02 4.854208754e-02 5.201839425e-02 5.585615885e-02 6.009151112e-02
 6.470601517e-02 6.971842985e-02 7.511813808e-02 8.083826844e-02 8.671144157e-02
 9.239885175e-02 9.738098534e-02 1.011501906e-01 1.033969709e-01 1.040434497e-01
 1.032620576e-01 1.014762014e-01 9.917856554e-02 9.670894071e-02 9.424423293e-02
 9.186772611e-02 8.961535909e-02 8.749908415e-02 8.551858449e-02 8.366739248e-02
 8.193618906e-02 8.031460813e-02 7.879222332e-02 7.735931159e-02 7.601704609e-02
 1.279786689e-03 2.897642258e-03 5.163731120e-03 8.072054889e-03 1.131110933e-02
 1.178986556e-02 9.023363288e-03 8.213104601e-03 7.807350742e-03 7.372231089e-03
 6.942273082e-03 6.553350124e-03 6.239585090e-03 6.031532064e-03 5.955400059e-03
 6.032868749e-03 6.281207520e-03 6.713518773e-03 7.338972244e-03 8.162962209e-03
 9.187146767e-03 1.040940204e-02 1.182377049e-02 1.342053471e-02 1.518658888e-02
 1.710628652e-02 1.916288340e-02 2.134058072e-02 2.362694284e-02 2.601528500e-02
 2.850655668e-02 3.111015969e-02 3.384483931e-02 3.674693209e-02 3.984692468e-02
 4.317031796e-02 4.678308041e-02 5.073917725e-02 5.509535252e-02 5.990415480e-02
 6.520902213e-02 7.108978865e-02 7.765462057e-02 8.504917536e-02 9.349813183e-02
 1.036203821e-01 1.127153017e-01 1.186951566e-01 1.212294416e-01 1.201185641e-01
 1.154447127e-01 1.092226665e-01 1.045028871e-01 1.006083411e-01 9.729578114e-02
 9.441718323e-02 9.187298146e-02 8.959336925e-02 8.752774580e-02 8.563829551e-02
 8.389596865e-02 8.227790171e-02 8.076570808e-02 7.934415554e-02 7.799325686e-02
 1.402314600e-03 3.175397391e-03 5.658523472e-03 8.841407732e-03 1.238539730e-02
 1.315859996e-02 1.067617611e-02 1.005253919e-02 9.694644211e-03 9.237764467e-03
 8.743335606e-03 8.256765814e-03 7.813153038e-03 7.441198941e-03 7.165200442e-03
 7.006034232e-03 6.981661199e-03 7.107393125e-03 7.396026040e-03 7.857767185e-03
 8.500142752e-03 9.327933669e-03 1.034320013e-02 1.154546231e-02 1.293210840e-02
 1.449908703e-02 1.624186768e-02 1.815645264e-02 2.024052032e-02 2.249458300e-02
 2.492300099e-02 2.753479623e-02 3.034413184e-02 3.337030474e-02 3.663749226e-02
 4.017536383e-02 4.402007191e-02 4.821459243e-02 5.281021504e-02 5.787084341e-02
 6.348126143e-02 6.975961368e-02 7.687551066e-02 8.508299475e-02 9.477231300e-02
 1.064111081e-01 1.167592232e-01 1.231228086e-01 1.255670074e-01 1.240017470e-01
 1.182861566e-01 1.110572036e-01 1.056199995e-01 1.013884216e-01 9.795731196e-02
 9.508229689e-02 9.260841540e-02 9.043307600e-02 8.848586129e-02 8.671693387e-02
 8.509008720e-02 8.357841722e-02 8.216151939e-02 8.082353903e-02 7.955340421e-02
 1.528918909e-03 3.468620140e-03 6.199560432e-03 9.731376601e-03 1.378249474e-02
 1.530058996e-02 1.363647962e-02 1.257672857e-02 1.177882474e-02 1.100815530e-02
 1.025451406e-02 9.530142442e-03 8.850681753e-03 8.232788575e-03 7.693377992e-03
 7.249292611e-03 6.917179519e-03 6.713464346e-03 6.654340221e-03 6.754910714e-03
 7.028595614e-03 7.486735630e-03 8.138340734e-03 8.990000992e-03 1.004606943e-02
 1.130936126e-02 1.278226474e-02 1.446682494e-02 1.636515612e-02 1.848012077e-02
 2.081620455e-02 2.337990814e-02 2.618007615e-02 2.922812513e-02 3.253826175e-02
 3.612770847e-02 4.001701330e-02 4.423054421e-02 4.879751853e-02 5.375455529e-02
 5.915549150e-02 6.509975670e-02 7.169801520e-02 7.900774206e-02 8.715792736e-02
 9.616570854e-02 1.043098869e-01 1.095997468e-01 1.117829217e-01 1.105360659e-01
 1.071917281e-01 1.038928905e-01 1.008194678e-01 9.809365365e-02 9.569734509e-02
 9.357979853e-02 9.168784635e-02 8.997535291e-02 8.840494662e-02 8.694728180e-02
 8.557968161e-02 8.428479808e-02 8.304948995e-02 8.186407911e-02 8.072771006e-02
 1.638887999e-03 3.723602310e-03 6.670520418e-03 1.050575576e-02 1.495902774e-02
 1.701538343e-02 1.593068159e-02 1.460115962e-02 1.345003295e-02 1.235063276e-02
 1.130034301e-02 1.029280960e-02 9.329711595e-03 8.418181071e-03 7.568902860e-03
 6.795100618e-03 6.112068537e-03 5.536725731e-03 5.093374641e-03 4.804758600e-03
 4.691872190e-03 4.773562311e-03 5.065926234e-03 5.581414317e-03 6.327405196e-03
 7.307163217e-03 8.530160178e-03 1.000239882e-02 1.172705079e-02 1.370566595e-02
 1.594076477e-02 1.843507473e-02 2.119134146e-02 2.421275232e-02 2.750290586e-02
 3.106557154e-02 3.490422148e-02 3.902117722e-02 4.341587295e-02 4.808101248e-02
 5.298249232e-02 5.825190360e-02 6.391389197e-02 6.976414185e-02 7.567420840e-02
 8.133148041e-02 8.632041139e-02 9.026111898e-02 9.293342533e-02 9.434789400e-02
 9.473716458e-02 9.443558032e-02 9.373179499e-02 9.281855545e-02 9.180894241e-02
 9.076365227e-02 8.971234911e-02 8.866768069e-02 8.763366203e-02 8.661038755e-02
 8.559653812e-02 8.459062439e-02 8.359152529e-02 8.259845030e-02 8.159970635e-02
 1.712927116e-03 3.891167841e-03 6.967814964e-03 1.096387876e-02 1.559465013e-02
 1.781300377e-02 1.682954345e-02 1.551865532e-02 1.424924624e-02 1.297923576e-02
 1.171105331e-02 1.045112711e-02 9.206253009e-03 7.984636605e-03 6.796317148e-03
 5.653243986e-03 4.575064928e-03 3.589813472e-03 2.725938957e-03 2.011570154e-03
 1.473968708e-03 1.139003516e-03 1.030612542e-03 1.170251159e-03 1.576380742e-03
 2.264212791e-03 3.245600802e-03 4.526790939e-03 6.105574304e-03 7.966763917e-03
 1.011670584e-02 1.255551578e-02 1.527859224e-02 1.828075515e-02 2.155593877e-02
 2.509634885e-02 2.889221290e-02 3.293071027e-02 3.719465090e-02 4.166072155e-02
 4.629638703e-02 5.107557629e-02 5.590457696e-02 6.090967002e-02 6.587584349e-02
 7.054137751e-02 7.476493065e-02 7.842380529e-02 8.143604532e-02 8.378186685e-02
 8.550277424e-02 8.668234338e-02 8.741992595e-02 8.780966079e-02 8.792993169e-02
 8.784127923e-02 8.758869861e-02 8.720528775e-02 8.671569486e-02 8.613881384e-02
 8.548967818e-02 8.478069762e-02 8.402242446e-02 8.322418774e-02 8.240223264e-02
 1.750332139e-03 3.973114362e-03 7.106362255e-03 1.116379865e-02 1.586684257e-02
 1.815441027e-02 1.711415405e-02 1.577540582e-02 1.441859463e-02 1.300297731e-02
 1.153998431e-02 1.004013736e-02 8.513177779e-03 6.968796582e-03 5.417226402e-03
 3.878584280e-03 2.384107447e-03 9.662397926e-04-3.419426574e-04-1.507214846e-03
-2.496708383e-03-3.278413289e-03-3.821681731e-03-4.097742427e-03-4.080237964e-03
-3.745821149e-03-3.074920104e-03-2.052749071e-03-6.704669430e-04 1.073843925e-03
 3.175570655e-03 5.617821077e-03 8.364176135e-03 1.140424475e-02 1.472756801e-02
 1.831676337e-02 2.215301720e-02 2.621442306e-02 3.047559986e-02 3.490659029e-02
 3.947205888e-02 4.413063325e-02 4.883475873e-02 5.352701242e-02 5.812657595e-02
 6.253780564e-02 6.667023029e-02 7.044802687e-02 7.381568411e-02 7.674165290e-02
 7.921853532e-02 8.125948021e-02 8.289217228e-02 8.415247391e-02 8.507928778e-02
 8.571121613e-02 8.608480473e-02 8.623383825e-02 8.618918363e-02 8.597884847e-02
 8.562808883e-02 8.515951272e-02 8.459317728e-02 8.394661127e-02 8.323210219e-02
 1.760353812e-03 3.993185411e-03 7.135546354e-03 1.119596805e-02 1.586927327e-02
 1.808290054e-02 1.705403982e-02 1.565349595e-02 1.417218087e-02 1.259049547e-02
 1.091914564e-02 9.167480656e-03 7.344324095e-03 5.458312983e-03 3.526979652e-03
 1.583816470e-03-3.358500759e-04-2.195394449e-03-3.957329577e-03-5.583788841e-03
-7.037003116e-03-8.279773972e-03-9.275945243e-03-9.990883371e-03-1.039198628e-02
-1.044924946e-02-1.013592497e-02-9.429331837e-03-8.311816471e-03-6.771888402e-03
-4.805717407e-03-2.419088633e-03 3.706242168e-04 3.534264320e-03 7.022566699e-03
 1.077671597e-02 1.478129297e-02 1.900878576e-02 2.342971412e-02 2.801142210e-02
 3.271756260e-02 3.750711380e-02 4.233366726e-02 4.714465661e-02 5.188154051e-02
 5.648183696e-02 6.088275627e-02 6.502520415e-02 6.885728493e-02 7.233697117e-02
 7.543380580e-02 7.812961923e-02 8.041837615e-02 8.230534366e-02 8.380575993e-02
 8.494312920e-02 8.574724208e-02 8.625204260e-02 8.649350760e-02 8.650772297e-02
 8.632931185e-02 8.599030101e-02 8.551943094e-02 8.494180683e-02 8.427813645e-02
 1.752347531e-03 3.973125460e-03 7.095083196e-03 1.112344149e-02 1.576147207e-02
 1.793690718e-02 1.678538594e-02 1.528073763e-02 1.364444080e-02 1.187315386e-02
 9.973466278e-03 7.951938877e-03 5.814846166e-03 3.572791021e-03 1.259865333e-03
-1.087138628e-03-3.429397910e-03-5.726557112e-03-7.937254166e-03-1.001962456e-02
-1.193178711e-02-1.363230572e-02-1.508062900e-02-1.623751674e-02-1.706547061e-02
-1.752919653e-02-1.759613588e-02-1.723710466e-02-1.642709565e-02-1.514630017e-02
-1.338138713e-02-1.112715804e-02-8.388506045e-03-5.182856869e-03-1.543096822e-03
 2.480174567e-03 6.815194943e-03 1.137066894e-02 1.612566227e-02 2.104781332e-02
 2.610275706e-02 3.125399824e-02 3.646151111e-02 4.168118729e-02 4.686442856e-02
 5.195819495e-02 5.690552106e-02 6.164654109e-02 6.612012742e-02 7.026632198e-02
 7.402968409e-02 7.736341021e-02 8.023366388e-02 8.262319648e-02 8.453327800e-02
 8.598329201e-02 8.700797057e-02 8.765290264e-02 8.796936567e-02 8.800954531e-02
 8.782287036e-02 8.745371676e-02 8.694035323e-02 8.631496271e-02 8.561136229e-02
 1.733215287e-03 3.928438059e-03 7.012146404e-03 1.098725808e-02 1.555069591e-02
 1.762601449e-02 1.636881915e-02 1.474083872e-02 1.293202442e-02 1.095394216e-02
 8.810461567e-03 6.505060131e-03 4.040959036e-03 1.447131785e-03-1.239483372e-03
-3.979148201e-03-6.729883806e-03-9.448070829e-03-1.208902361e-02-1.460753676e-02
-1.695839072e-02-1.909680977e-02-2.097887145e-02-2.256187353e-02-2.380467351e-02
-2.466802501e-02-2.511494571e-02-2.511116362e-02-2.462569626e-02-2.363162906e-02
-2.210717430e-02-2.003707132e-02-1.741441506e-02-1.424293255e-02-1.053981393e-02
-6.339028920e-03-1.695219460e-03 3.312702942e-03 8.578018805e-03 1.401806969e-02
 1.960809252e-02 2.532050762e-02 3.112565226e-02 3.698995590e-02 4.287443886e-02
 4.873268002e-02 5.450844679e-02 6.013331711e-02 6.552518211e-02 7.058920298e-02
 7.522310426e-02 7.932776682e-02 8.282165642e-02 8.565501957e-02 8.781902019e-02
 8.934658999e-02 9.030468122e-02 9.078067555e-02 9.086765118e-02 9.065280979e-02
 9.021096087e-02 8.960250277e-02 8.887422923e-02 8.806120611e-02 8.717735002e-02
 1.707725143e-03 3.869740337e-03 6.905192507e-03 1.081540039e-02 1.528699193e-02
 1.723954403e-02 1.590136374e-02 1.410399072e-02 1.211208230e-02 9.918483222e-03
 7.523637483e-03 4.927505768e-03 2.145411720e-03-7.868159910e-04-3.829732197e-03
-6.940893451e-03-1.007552768e-02-1.318719087e-02-1.622840206e-02-1.915123359e-02
-2.190784111e-02-2.445092213e-02-2.673409817e-02-2.871222344e-02-3.034163216e-02
-3.158034630e-02-3.238827719e-02-3.272746542e-02-3.256241672e-02-3.186060367e-02
-3.059321306e-02-2.873623481e-02-2.627198541e-02-2.319117264e-02-1.949556249e-02
-1.520129037e-02-1.034277160e-02-4.977196272e-03 8.105696150e-04 6.904598968e-03
 1.316780709e-02 1.958885606e-02 2.615419230e-02 3.284870739e-02 3.965298153e-02
 4.653944643e-02 5.346608407e-02 6.036679161e-02 6.713827313e-02 7.362668105e-02
 7.962471827e-02 8.489533068e-02 8.922435982e-02 9.247759966e-02 9.463552437e-02
 9.579642777e-02 9.614642934e-02 9.590434645e-02 9.526833096e-02 9.438936598e-02
 9.337074866e-02 9.227878182e-02 9.115432886e-02 9.002190932e-02 8.890279098e-02
 1.679202944e-03 3.804411133e-03 6.786965431e-03 1.062706124e-02 1.503099523e-02
 1.691805996e-02 1.536465856e-02 1.342707756e-02 1.125071642e-02 8.842092473e-03
 6.199602383e-03 3.320990191e-03 2.385724256e-04-3.009980457e-03-6.383027308e-03
-9.835757466e-03-1.332096548e-02-1.678980052e-02-2.019246995e-02-2.347887878e-02
-2.659918730e-02-2.950427310e-02-3.214609002e-02-3.447792432e-02-3.645455720e-02
-3.803235342e-02-3.916930632e-02-3.982508247e-02-3.996112153e-02-3.954086143e-02
-3.853017383e-02-3.689810822e-02-3.461805793e-02-3.166946597e-02-2.804019601e-02
-2.372967201e-02-1.875285553e-02-1.314501048e-02-6.967086732e-03-3.117377935e-04
 6.691071971e-03 1.388563386e-02 2.128244087e-02 2.889481089e-02 3.674025455e-02
 4.483876710e-02 5.320847104e-02 6.185462226e-02 7.074238037e-02 7.972781356e-02
 8.840594520e-02 9.602352567e-02 1.018542056e-01 1.055178738e-01 1.069728013e-01
 1.065471749e-01 1.049313945e-01 1.028518233e-01 1.007098218e-01 9.866043722e-02
 9.675149363e-02 9.498798119e-02 9.335840959e-02 9.184594995e-02 9.043334441e-02
 1.650109657e-03 3.737941886e-03 6.667055568e-03 1.043660703e-02 1.473132528e-02
 1.646843933e-02 1.485926475e-02 1.275629234e-02 1.040055681e-02 7.784534244e-03
 4.903380673e-03 1.767571764e-03-1.587413155e-03-5.121489817e-03-8.790671025e-03
-1.254785205e-02-1.634361857e-02-2.012704001e-02-2.384641793e-02-2.744996148e-02
-3.088636612e-02-3.410527783e-02-3.705763196e-02-3.969586426e-02-4.197400109e-02
-4.384764604e-02-4.527389120e-02-4.621119354e-02-4.661926971e-02-4.645907732e-02
-4.569296624e-02-4.428510159e-02-4.220227690e-02-3.941525347e-02-3.590077122e-02
-3.164437678e-02-2.664419196e-02-2.091570090e-02-1.449752689e-02-7.457898874e-03
 9.851684352e-05 8.024012564e-03 1.618688768e-02 2.463023915e-02 3.341313610e-02
 4.261796379e-02 5.236070920e-02 6.280768125e-02 7.420593814e-02 8.695517312e-02
 1.018946999e-01 1.149708440e-01 1.237541453e-01 1.277492494e-01 1.268014979e-01
 1.217154233e-01 1.146056994e-01 1.093704008e-01 1.052706813e-01 1.019531269e-01
 9.919936459e-02 9.686165028e-02 9.483593734e-02 9.304709614e-02 9.143606070e-02
 1.622368650e-03 3.674659051e-03 6.553107167e-03 1.025611818e-02 1.447173049e-02
 1.611842406e-02 1.437496536e-02 1.212801738e-02 9.607601227e-03 6.802459783e-03
 3.705797472e-03 3.413581416e-04-3.253671660e-03-7.037288159e-03-1.096351869e-02
-1.498329514e-02-1.904533219e-02-2.309698082e-02-2.708502559e-02-3.095639599e-02
-3.465876617e-02-3.814102299e-02-4.135359003e-02-4.424860333e-02-4.677994469e-02
-4.890314825e-02-5.057520698e-02-5.175431745e-02-5.239961398e-02-5.247095760e-02
-5.192886143e-02-5.073465263e-02-4.885099165e-02-4.624289048e-02-4.287939091e-02
-3.873607484e-02-3.379857331e-02-2.806720142e-02-2.156276123e-02-1.433342239e-02
-6.462273890e-03 1.925247500e-03 1.065508954e-02 1.965431833e-02 2.899477296e-02
 3.877665408e-02 4.914378394e-02 6.030901787e-02 7.259788160e-02 8.652476812e-02
 1.032512372e-01 1.166360631e-01 1.293417758e-01 1.320351335e-01 1.304044922e-01
 1.244374496e-01 1.161896635e-01 1.102852437e-01 1.057979267e-01 1.022718496e-01
 9.941410228e-02 9.703245176e-02 9.499711415e-02 9.321823846e-02 9.164034909e-02
 1.597504350e-03 3.617995593e-03 6.451200641e-03 1.009495215e-02 1.424745880e-02
 1.582417243e-02 1.392519679e-02 1.157105355e-02 8.906893044e-03 5.936969027e-03
 2.656390186e-03-9.019681727e-04-4.699360884e-03-8.692115271e-03-1.283256014e-02
-1.706997425e-02-2.135152945e-02-2.562319856e-02-2.983059638e-02-3.391972306e-02
-3.783758282e-02-4.153265701e-02-4.495521820e-02-4.805748068e-02-5.079359261e-02
-5.311948492e-02-5.499260304e-02-5.637155876e-02-5.721575157e-02-5.748502333e-02
-5.713942577e-02-5.613919975e-02-5.444508706e-02-5.201911986e-02-4.882605740e-02
-4.483565921e-02-4.002599114e-02-3.438794177e-02-2.793106275e-02-2.069070554e-02
-1.273621229e-02-4.179572134e-03 4.816590537e-03 1.403433347e-02 2.347098920e-02
 3.317891791e-02 4.322298699e-02 5.367923964e-02 6.462569194e-02 7.609993612e-02
 8.779163755e-02 9.797699618e-02 1.059899253e-01 1.108329543e-01 1.121467372e-01
 1.104583734e-01 1.072342156e-01 1.041568505e-01 1.014718833e-01 9.914972132e-02
 9.712884949e-02 9.534893915e-02 9.375842466e-02 9.231535909e-02 9.097573985e-02
 1.576708760e-03 3.570635536e-03 6.366093907e-03 9.960381433e-03 1.403441668e-02
 1.550014905e-02 1.358695433e-02 1.110925309e-02 8.325473652e-03 5.218994486e-03
 1.792039813e-03-1.920718651e-03-5.878902271e-03-1.003727803e-02-1.434669307e-02
-1.875504788e-02-2.320827241e-02-2.765126796e-02-3.202877811e-02-3.628615517e-02
-4.036999309e-02-4.422860479e-02-4.781232996e-02-5.107366871e-02-5.396724618e-02
-5.644962343e-02-5.847898084e-02-6.001471071e-02-6.101696830e-02-6.144624401e-02
-6.126303527e-02-6.042771639e-02-5.890072710e-02-5.664322716e-02-5.361839261e-02
-4.979355492e-02-4.514340142e-02-3.965445011e-02-3.333096869e-02-2.620240428e-02
-1.833219504e-02-9.827537082e-03-8.493012448e-04 8.378899387e-03 1.764946934e-02
 2.695965292e-02 3.629282963e-02 4.560570537e-02 5.480600989e-02 6.372016872e-02
 7.206735152e-02 7.948763231e-02 8.563647158e-02 9.027733773e-02 9.335529111e-02
 9.503195263e-02 9.563712371e-02 9.554182436e-02 9.503948218e-02 9.431649887e-02
 9.347920304e-02 9.258539771e-02 9.166560718e-02 9.073558587e-02 8.980881630e-02
 1.560880185e-03 3.534606332e-03 6.301389636e-03 9.858282916e-03 1.390267846e-02
 1.534959231e-02 1.330201694e-02 1.075952551e-02 7.886866922e-03 4.678637252e-03
 1.143571420e-03-2.682616050e-03-6.758425768e-03-1.103749599e-02-1.546958282e-02
-2.000157223e-02-2.457849005e-02-2.914447294e-02-3.364366311e-02-3.802099223e-02
-4.222282515e-02-4.619744088e-02-4.989533689e-02-5.326935234e-02-5.627461580e-02
-5.886833331e-02-6.100944318e-02-6.265817480e-02-6.377556057e-02-6.432296343e-02
-6.426169833e-02-6.355284528e-02-6.215737475e-02-6.003673338e-02-5.715406731e-02
-5.347628920e-02-4.897721439e-02-4.364199170e-02-3.747301420e-02-3.049739168e-02
-2.277586920e-02-1.441275351e-02-5.565935890e-03 3.544574166e-03 1.263184631e-02
 2.158229791e-02 3.035480854e-02 3.888709651e-02 4.709111198e-02 5.485140612e-02
 6.203054889e-02 6.848475600e-02 7.408816033e-02 7.875879844e-02 8.247756371e-02
 8.529283749e-02 8.730794802e-02 8.865614178e-02 8.947394751e-02 8.988274956e-02
 8.998123929e-02 8.984557073e-02 8.953296317e-02 8.908601356e-02 8.853916588e-02
 1.550649592e-03 3.511326033e-03 6.259594047e-03 9.792279784e-03 1.379515637e-02
 1.518359355e-02 1.313246461e-02 1.053555332e-02 7.606318550e-03 4.333925984e-03
 7.309698699e-04-3.166171892e-03-7.315296568e-03-1.166933156e-02-1.617734565e-02
-2.078558809e-02-2.543852209e-02-3.007981538e-02-3.465325060e-02-3.910352055e-02
-4.337687873e-02-4.742162258e-02-5.118839591e-02-5.463030613e-02-5.770286246e-02
-6.036375141e-02-6.257247640e-02-6.428989905e-02-6.547773155e-02-6.609804250e-02
-6.611285452e-02-6.548393077e-02-6.417287082e-02-6.214166320e-02-5.935387164e-02
-5.577666043e-02-5.138388400e-02-4.616046484e-02-4.010824235e-02-3.325336817e-02
-2.565511847e-02-1.741566106e-02-8.689839767e-03 3.065424845e-04 9.292102091e-03
 1.804350742e-02 2.652100259e-02 3.467125755e-02 4.242845639e-02 4.971729623e-02
 5.645851172e-02 6.257688056e-02 6.801066467e-02 7.272052677e-02 7.669564538e-02
 7.995529632e-02 8.254546290e-02 8.453159215e-02 8.598970077e-02 8.699811586e-02
 8.763131681e-02 8.795625893e-02 8.803078838e-02 8.790333688e-02 8.760663757e-02
 1.546411848e-03 3.501677551e-03 6.242252814e-03 9.764832223e-03 1.375123359e-02
 1.511538614e-02 1.306579181e-02 1.044368421e-02 7.492427721e-03 4.195041491e-03
 5.656529670e-04-3.359037518e-03-7.536509100e-03-1.191938246e-02-1.645643771e-02
-2.109366170e-02-2.577528947e-02-3.044480190e-02-3.504584171e-02-3.952301255e-02
-4.382253154e-02-4.789271280e-02-5.168426824e-02-5.515042167e-02-5.824684258e-02
-6.093141587e-02-6.316387484e-02-6.490533490e-02-6.611777763e-02-6.676354735e-02
-6.680493853e-02-6.620397073e-02-6.492247142e-02-6.292261326e-02-6.016808257e-02
-5.662608367e-02-5.227040327e-02-4.708575745e-02-4.107360102e-02-3.425946927e-02
-2.670171194e-02-1.850113748e-02-9.810592664e-03-8.428676882e-04 8.125370400e-03
 1.683208308e-02 2.523904412e-02 3.329712552e-02 4.094809467e-02 4.812790493e-02
 5.477155769e-02 6.081921815e-02 6.622279047e-02 7.095179135e-02 7.499730209e-02
 7.837312109e-02 8.111390177e-02 8.327081139e-02 8.490579289e-02 8.608566123e-02
 8.687702405e-02 8.734256217e-02 8.753876347e-02 8.751508789e-02 8.732178559e-02
 1.548347254e-03 3.506078545e-03 6.250144268e-03 9.777330282e-03 1.378953698e-02
 1.520034729e-02 1.307639226e-02 1.048738291e-02 7.549210184e-03 4.266143349e-03
 6.519807149e-04-3.256664851e-03-7.417382021e-03-1.178290938e-02-1.630214673e-02
-2.092119629e-02-2.558439854e-02-3.023532497e-02-3.481768963e-02-3.927614466e-02
-4.355692995e-02-4.760835449e-02-5.138109576e-02-5.482831311e-02-5.790558120e-02
-6.057065989e-02-6.278312747e-02-6.450391472e-02-6.569478899e-02-6.631785054e-02
-6.633511912e-02-6.570830757e-02-6.439890259e-02-6.236869996e-02-5.958097112e-02
-5.600246761e-02-5.160649008e-02-4.637724932e-02-4.031570775e-02-3.344698508e-02
-2.582921101e-02-1.756337976e-02-8.803281876e-03 2.360153574e-04 9.273321581e-03
 1.808142703e-02 2.662055721e-02 3.483651871e-02 4.266141267e-02 5.001643497e-02
 5.681757336e-02 6.298428559e-02 6.845003570e-02 7.317241211e-02 7.714011454e-02
 8.037471501e-02 8.292665292e-02 8.486683082e-02 8.627650048e-02 8.723816096e-02
 8.782909535e-02 8.811782121e-02 8.816285799e-02 8.801282453e-02 8.770004762e-02
 1.556389156e-03 3.524389183e-03 6.283048529e-03 9.829261171e-03 1.384390183e-02
 1.523974887e-02 1.323882284e-02 1.066732323e-02 7.775154550e-03 4.545103020e-03
 9.873537581e-04-2.862021774e-03-6.961160963e-03-1.126335160e-02-1.571802564e-02
-2.027178163e-02-2.486940279e-02-2.945483353e-02-3.397207755e-02-3.836598272e-02
-4.258288342e-02-4.657107798e-02-5.028112736e-02-5.366597090e-02-5.668086486e-02
-5.928315966e-02-6.143194238e-02-6.308758151e-02-6.421122294e-02-6.476429916e-02
-6.470812953e-02-6.400370855e-02-6.261180236e-02-6.049350091e-02-5.761140342e-02
-5.393164418e-02-4.942698711e-02-4.408121950e-02-3.789503957e-02-3.089353395e-02
-2.313514960e-02-1.472174603e-02-5.808872994e-03 3.385160752e-03 1.257350626e-02
 2.163696209e-02 3.053659919e-02 3.921065842e-02 4.756843266e-02 5.548691005e-02
 6.281542262e-02 6.939295655e-02 7.507670463e-02 7.977323632e-02 8.346152583e-02
 8.619874832e-02 8.810483511e-02 8.933157526e-02 9.003054594e-02 9.033240793e-02
 9.033999228e-02 9.013020701e-02 8.975922911e-02 8.926788432e-02 8.868926304e-02
 1.570191328e-03 3.555825036e-03 6.339554383e-03 9.918640214e-03 1.398325933e-02
 1.544962180e-02 1.346870287e-02 1.097470860e-02 8.162164758e-03 5.022786177e-03
 1.561644737e-03-2.186075107e-03-6.179458499e-03-1.037275378e-02-1.471632696e-02
-1.915765029e-02-2.364229002e-02-2.811485661e-02-3.251988083e-02-3.680258193e-02
-4.090949899e-02-4.478896351e-02-4.839139941e-02-5.166944613e-02-5.457791025e-02
-5.707356104e-02-5.911479626e-02-6.066121483e-02-6.167314535e-02-6.211119238e-02
-6.193587879e-02-6.110748108e-02-5.958617809e-02-5.733265962e-02-5.430937083e-02
-5.048259495e-02-4.582559572e-02-4.032303875e-02-3.397687100e-02-2.681373383e-02
-1.889379758e-02-1.032062027e-02-1.251165443e-03 8.095398376e-03 1.750083785e-02
 2.696777848e-02 3.648813152e-02 4.602850197e-02 5.550493057e-02 6.474145858e-02
 7.342763934e-02 8.114453516e-02 8.748753206e-02 9.217565428e-02 9.514065303e-02
 9.657787129e-02 9.688908392e-02 9.651462158e-02 9.578036136e-02 9.487628667e-02
 9.390161452e-02 9.290531593e-02 9.191013667e-02 9.092559178e-02 8.995902111e-02
 1.589133500e-03 3.598984397e-03 6.417164091e-03 1.004140213e-02 1.416549057e-02
 1.570565875e-02 1.379541479e-02 1.139847771e-02 8.695849469e-03 5.682459140e-03
 2.356309724e-03-1.248800449e-03-5.093353242e-03-9.132968607e-03-1.331933371e-02
-1.760115888e-02-2.192513069e-02-2.623682911e-02-3.048157498e-02-3.460517615e-02
-3.855454488e-02-4.227816548e-02-4.572639910e-02-4.885162130e-02-5.160819805e-02
-5.395231554e-02-5.584169001e-02-5.723519473e-02-5.809245358e-02-5.837346411e-02
-5.803832929e-02-5.704719589e-02-5.536051966e-02-5.293980239e-02-4.974897110e-02
-4.575659131e-02-4.093911595e-02-3.528535483e-02-2.880228943e-02-2.152223480e-02
-1.351111616e-02-4.877224967e-03 4.220448950e-03 1.356566014e-02 2.314006177e-02
 3.300661599e-02 4.324567000e-02 5.395861807e-02 6.526920699e-02 7.731451684e-02
 9.008019404e-02 1.009157533e-01 1.096232484e-01 1.145895884e-01 1.154771014e-01
 1.129123412e-01 1.086759845e-01 1.050913762e-01 1.021008984e-01 9.958195800e-02
 9.743045889e-02 9.556260295e-02 9.391280728e-02 9.243037250e-02 9.106765945e-02
 1.612320769e-03 3.651847057e-03 6.512288223e-03 1.019191936e-02 1.437309808e-02
 1.596980601e-02 1.421163344e-02 1.192090516e-02 9.354036899e-03 6.496879868e-03
 3.342534096e-03-8.071441225e-05-3.734943738e-03-7.577394558e-03-1.156135920e-02
-1.563709023e-02-1.975270505e-02-2.385505784e-02-2.789054867e-02-3.180584062e-02
-3.554845949e-02-3.906725661e-02-4.231272246e-02-4.523714787e-02-4.779463863e-02
-4.994099989e-02-5.163351727e-02-5.283067301e-02-5.349184829e-02-5.357707671e-02
-5.304693010e-02-5.186263653e-02-4.998655096e-02-4.738312114e-02-4.402051146e-02
-3.987306065e-02-3.492474598e-02-2.917379820e-02-2.263853320e-02-1.536429161e-02
-7.431157251e-03 1.038047783e-03 9.871294716e-03 1.896835893e-02 2.840273090e-02
 3.827754086e-02 4.874129684e-02 6.001430977e-02 7.243331827e-02 8.652164546e-02
 1.029778783e-01 1.173967044e-01 1.271071559e-01 1.315754711e-01 1.304302232e-01
 1.244500726e-01 1.163747786e-01 1.103749710e-01 1.058268012e-01 1.022657735e-01
 9.938950767e-02 9.699974965e-02 9.496314275e-02 9.318768068e-02 9.161581801e-02
 1.638562393e-03 3.711730304e-03 6.620171466e-03 1.036301383e-02 1.464370428e-02
 1.637967738e-02 1.465071310e-02 1.251764871e-02 1.010828323e-02 7.431547293e-03
 4.482473719e-03 1.277029098e-03-2.148376320e-03-5.752701140e-03-9.491045671e-03
-1.331546874e-02-1.717581760e-02-2.102053844e-02-2.479743624e-02-2.845435577e-02
-3.193976017e-02-3.520318920e-02-3.819558669e-02-4.086949533e-02-4.317912607e-02
-4.508032004e-02-4.653043164e-02-4.748817343e-02-4.791347648e-02-4.776743403e-02
-4.701241246e-02-4.561243075e-02-4.353392808e-02-4.074705626e-02-3.722764654e-02
-3.296000299e-02-2.794065947e-02-2.218317088e-02-1.572390073e-02-8.628680357e-03
-9.998569631e-04 7.017791514e-03 1.525852038e-02 2.376067361e-02 3.257920719e-02
 4.178985563e-02 5.149725542e-02 6.184758553e-02 7.305110478e-02 8.544477665e-02
 1.001718433e-01 1.136280548e-01 1.230606544e-01 1.255878366e-01 1.245268744e-01
 1.199123418e-01 1.132224213e-01 1.084088826e-01 1.045751021e-01 1.014327961e-01
 9.880038991e-02 9.655069516e-02 9.459163388e-02 9.285532020e-02 9.128640504e-02
 1.666327394e-03 3.775192069e-03 6.734728376e-03 1.054498625e-02 1.489320042e-02
 1.669945388e-02 1.516792264e-02 1.316214571e-02 1.092513091e-02 8.448513758e-03
 5.729724919e-03 2.771593795e-03-3.916461673e-04-3.721118703e-03-7.174081960e-03
-1.070472574e-02-1.426496016e-02-1.780517607e-02-2.127495752e-02-2.462372556e-02
-2.780129484e-02-3.075832884e-02-3.344668647e-02-3.581966038e-02-3.783211700e-02
-3.944055834e-02-4.060313685e-02-4.127966694e-02-4.143168947e-02-4.102265982e-02
-4.001834481e-02-3.838752870e-02-3.610314271e-02-3.314394261e-02-2.949685927e-02
-2.516013260e-02-2.014728841e-02-1.449199967e-02-8.253770127e-03-1.523888161e-03
 5.568831351e-03 1.285172664e-02 2.031191792e-02 2.796044481e-02 3.580995566e-02
 4.387294215e-02 5.215629388e-02 6.064878347e-02 6.929298668e-02 7.792384675e-02
 8.616304487e-02 9.339273288e-02 9.901082862e-02 1.026802939e-01 1.043663685e-01
 1.043549103e-01 1.032131398e-01 1.015361615e-01 9.969901907e-02 9.787620344e-02
 9.613715431e-02 9.450317941e-02 9.297431302e-02 9.154181219e-02 9.019518016e-02
 1.693663988e-03 3.837851576e-03 6.848237492e-03 1.072610176e-02 1.516091553e-02
 1.707439551e-02 1.566477206e-02 1.381606877e-02 1.175947947e-02 9.493233500e-03
 7.017602962e-03 4.332195655e-03 1.459524951e-03-1.563386273e-03-4.695925635e-03
-7.894566068e-03-1.111354567e-02-1.430554365e-02-1.742232786e-02-2.041535185e-02
-2.323628500e-02-2.583746439e-02-2.817226397e-02-3.019538448e-02-3.186307669e-02
-3.313332108e-02-3.396599800e-02-3.432309411e-02-3.416900441e-02-3.347100049e-02
-3.219994950e-02-3.033137793e-02-2.784697831e-02-2.473665530e-02-2.100119551e-02
-1.665561458e-02-1.173322307e-02-6.290149816e-03-4.097766434e-04 5.792067009e-03
 1.215730695e-02 1.865991640e-02 2.528408314e-02 3.201168667e-02 3.882016457e-02
 4.567862128e-02 5.254198052e-02 5.934253941e-02 6.597933914e-02 7.230873825e-02
 7.814489473e-02 8.328130334e-02 8.753381745e-02 9.078717653e-02 9.302426696e-02
 9.432877866e-02 9.486009861e-02 9.480857081e-02 9.435188175e-02 9.363111208e-02
 9.274726436e-02 9.176824675e-02 9.073798751e-02 8.968426529e-02 8.863002354e-02
 1.718031727e-03 3.894051097e-03 6.950850636e-03 1.089139718e-02 1.542300820e-02
 1.746829259e-02 1.612402230e-02 1.443357622e-02 1.255670499e-02 1.050285721e-02
 8.275339390e-03 5.876982849e-03 3.314303452e-03 6.219319884e-04-2.162078718e-03
-4.996843173e-03-7.839295308e-03-1.064481701e-02-1.336783282e-02-1.596236492e-02
-1.838253905e-02-2.058303530e-02-2.251948349e-02-2.414881003e-02-2.542955210e-02
-2.632216487e-02-2.678935834e-02-2.679651258e-02-2.631222777e-02-2.530908036e-02
-2.376465958e-02-2.166296489e-02-1.899624912e-02-1.576737713e-02-1.199273280e-02
-7.705600541e-03-2.959697155e-03 2.166442355e-03 7.566211130e-03 1.312755029e-02
 1.882265538e-02 2.462194279e-02 3.049314708e-02 3.640067041e-02 4.230409489e-02
 4.815646387e-02 5.390228925e-02 5.947568270e-02 6.479943508e-02 6.978635621e-02
 7.434430212e-02 7.838547075e-02 8.183863210e-02 8.466098119e-02 8.684571727e-02
 8.842270971e-02 8.945199498e-02 9.001235341e-02 9.018875462e-02 9.006217018e-02
 8.970343974e-02 8.917094475e-02 8.851085226e-02 8.775848045e-02 8.693002652e-02
 1.735924976e-03 3.936014893e-03 7.029141411e-03 1.102064611e-02 1.560142994e-02
 1.769462988e-02 1.652842196e-02 1.495466909e-02 1.324923106e-02 1.140131562e-02
 9.417094292e-03 7.302481664e-03 5.062823977e-03 2.717557077e-03 3.023982481e-04
-2.144491280e-03-4.583019859e-03-6.971676767e-03-9.268051252e-03-1.142933590e-02
-1.341280637e-02-1.517627231e-02-1.667850091e-02-1.787962218e-02-1.874153387e-02
-1.922833421e-02-1.930682055e-02-1.894709707e-02-1.812335713e-02-1.681489049e-02
-1.500739307e-02-1.269464908e-02-9.880595353e-03-6.581742555e-03-2.830103685e-03
 1.323671584e-03 5.808293151e-03 1.051652047e-02 1.541717606e-02 2.047371445e-02
 2.564900818e-02 3.090286658e-02 3.619212111e-02 4.147037847e-02 4.668810960e-02
 5.179285487e-02 5.672965820e-02 6.144191855e-02 6.587287063e-02 6.996783676e-02
 7.367725490e-02 7.696026372e-02 7.978833230e-02 8.214818400e-02 8.404324359e-02
 8.549311303e-02 8.653107743e-02 8.720016696e-02 8.754863555e-02 8.762573732e-02
 8.747842113e-02 8.714918542e-02 8.667501822e-02 8.608732103e-02 8.541905825e-02
 1.742261892e-03 3.952416149e-03 7.063392918e-03 1.108421588e-02 1.572375980e-02
 1.791479685e-02 1.676794238e-02 1.530700650e-02 1.375757381e-02 1.210055767e-02
 1.034724871e-02 8.506423267e-03 6.586204797e-03 4.594536709e-03 2.558910956e-03
 5.142437763e-04-1.502841562e-03-3.454479146e-03-5.302020158e-03-7.006509405e-03
-8.529157812e-03-9.831805625e-03-1.087737844e-02-1.163034841e-02-1.205722037e-02
-1.212706930e-02-1.181216709e-02-1.108876526e-02-9.938052644e-03-8.347346169e-03
-6.311506213e-03-3.834716623e-03-9.327027226e-04 2.365587826e-03 6.013289096e-03
 9.933143732e-03 1.410739295e-02 1.850601984e-02 2.309674044e-02 2.784266498e-02
 3.270133715e-02 3.762456511e-02 4.255859007e-02 4.744566459e-02 5.222627544e-02
 5.684086511e-02 6.123129873e-02 6.534319593e-02 6.912905829e-02 7.255121053e-02
 7.558372990e-02 7.821308198e-02 8.043762781e-02 8.226636824e-02 8.371727372e-02
 8.481542392e-02 8.559107305e-02 8.607771736e-02 8.631025640e-02 8.632335915e-02
 8.615013715e-02 8.582118482e-02 8.536399085e-02 8.480261432e-02 8.415583822e-02
 1.729702529e-03 3.926713181e-03 7.024509654e-03 1.103760473e-02 1.567654693e-02
 1.788217017e-02 1.681700887e-02 1.540803813e-02 1.397926225e-02 1.249201293e-02
 1.095277329e-02 9.371279051e-03 7.756364053e-03 6.116779336e-03 4.462617524e-03
 2.824846483e-03 1.235990396e-03-2.702550887e-04-1.659567065e-03-2.897512394e-03
-3.950051955e-03-4.784031462e-03-5.367673141e-03-5.671085117e-03-5.666806859e-03
-5.330411296e-03-4.641190036e-03-3.582930122e-03-2.145144473e-03-3.243226938e-04
 1.875164274e-03 4.438795355e-03 7.334524553e-03 1.053179277e-02 1.402378254e-02
 1.779304254e-02 2.182164348e-02 2.608796631e-02 3.056517583e-02 3.521941008e-02
 4.000710730e-02 4.487185075e-02 4.974044335e-02 5.452495667e-02 5.914977852e-02
 6.354700616e-02 6.764232570e-02 7.136470756e-02 7.465964010e-02 7.749733973e-02
 7.987433416e-02 8.180939210e-02 8.333628523e-02 8.449626184e-02 8.533221955e-02
 8.588518583e-02 8.619272693e-02 8.628856451e-02 8.620276666e-02 8.596211208e-02
 8.559043645e-02 8.510890466e-02 8.453621639e-02 8.388871959e-02 8.317923379e-02
 1.688558677e-03 3.836142784e-03 6.870330838e-03 1.081318654e-02 1.537980194e-02
 1.752418641e-02 1.648101564e-02 1.508608702e-02 1.376915617e-02 1.243591380e-02
 1.110260298e-02 9.773755185e-03 8.454671048e-03 7.152524749e-03 5.876460176e-03
 4.641656167e-03 3.476896736e-03 2.411761394e-03 1.476048591e-03 6.991834037e-04
 1.096853920e-04-2.653255017e-04-4.005997736e-04-2.732897813e-04 1.364228754e-04
 8.446999494e-04 1.863606727e-03 3.201100988e-03 4.858127517e-03 6.824482411e-03
 9.087540573e-03 1.165196175e-02 1.451528931e-02 1.767261456e-02 2.111994448e-02
 2.485236061e-02 2.886366435e-02 3.314572292e-02 3.768713199e-02 4.247090534e-02
 4.747322566e-02 5.261990686e-02 5.787223887e-02 6.292249065e-02 6.771880540e-02
 7.228602054e-02 7.644351126e-02 8.002590278e-02 8.293062408e-02 8.513370612e-02
 8.668552843e-02 8.768503468e-02 8.824634651e-02 8.847387092e-02 8.845136591e-02
 8.824108737e-02 8.788750209e-02 8.742200962e-02 8.686707477e-02 8.623931530e-02
 8.555160069e-02 8.481438383e-02 8.403650066e-02 8.322577377e-02 8.239595760e-02
 1.610339219e-03 3.658227348e-03 6.552192598e-03 1.031745937e-02 1.470290298e-02
 1.670058640e-02 1.547371459e-02 1.410359139e-02 1.289349859e-02 1.175674331e-02
 1.066428119e-02 9.607570552e-03 8.588397372e-03 7.614454710e-03 6.696981017e-03
 5.849573490e-03 5.091654768e-03 4.449406423e-03 3.948192644e-03 3.612009967e-03
 3.462991552e-03 3.521024827e-03 3.803579512e-03 4.325227054e-03 5.096500734e-03
 6.122214964e-03 7.398673023e-03 8.934891668e-03 1.073619216e-02 1.280483813e-02
 1.514242141e-02 1.775234024e-02 2.063866354e-02 2.380631106e-02 2.726146234e-02
 3.101181993e-02 3.506689219e-02 3.943829388e-02 4.414043523e-02 4.919257109e-02
 5.462749430e-02 6.026884093e-02 6.602285393e-02 7.198395316e-02 7.796941584e-02
 8.371810978e-02 8.879947217e-02 9.274471156e-02 9.528459062e-02 9.643177298e-02
 9.647883368e-02 9.583784855e-02 9.483744433e-02 9.367914694e-02 9.247242483e-02
 9.127060249e-02 9.009576078e-02 8.895400131e-02 8.784405963e-02 8.676187927e-02
 8.570289589e-02 8.466307416e-02 8.363928184e-02 8.262914462e-02 8.162053308e-02
 1.498719266e-03 3.398765765e-03 6.070778874e-03 9.519167428e-03 1.343177234e-02
 1.471254394e-02 1.271508447e-02 1.188001162e-02 1.115100113e-02 1.038455373e-02
 9.610333608e-03 8.851848673e-03 8.129914339e-03 7.464222817e-03 6.873805694e-03
 6.377257344e-03 5.992966529e-03 5.741270626e-03 5.642961721e-03 5.715863949e-03
 5.974221513e-03 6.427665842e-03 7.084305762e-03 7.952124817e-03 9.036233819e-03
 1.033926008e-02 1.186222917e-02 1.360693224e-02 1.557559715e-02 1.777128045e-02
 2.019859296e-02 2.286438988e-02 2.577822505e-02 2.895268358e-02 3.240373455e-02
 3.615112233e-02 4.021891663e-02 4.463632810e-02 4.943882206e-02 5.466882162e-02
 6.037060168e-02 6.657219597e-02 7.333906211e-02 8.083698918e-02 8.926949852e-02
 9.914543987e-02 1.082963606e-01 1.140647786e-01 1.159091630e-01 1.137236561e-01
 1.092724821e-01 1.053753562e-01 1.018887878e-01 9.887757454e-02 9.627986175e-02
 9.401568270e-02 9.201417045e-02 9.021829305e-02 8.858374560e-02 8.707659979e-02
 8.567102841e-02 8.434743549e-02 8.309102711e-02 8.189089795e-02 8.074516403e-02
 1.375072243e-03 3.113172028e-03 5.546329047e-03 8.663904345e-03 1.213497370e-02
 1.284101163e-02 1.028938298e-02 9.555587928e-03 9.164622810e-03 8.669227188e-03
 8.135382708e-03 7.607189764e-03 7.120521794e-03 6.705423068e-03 6.387612984e-03
 6.189377731e-03 6.130133963e-03 6.226826014e-03 6.493831514e-03 6.942518350e-03
 7.581007027e-03 8.414140253e-03 9.443917325e-03 1.066989541e-02 1.208938077e-02
 1.369802795e-02 1.549081578e-02 1.746325382e-02 1.961261217e-02 2.193907383e-02
 2.444677320e-02 2.714461166e-02 3.004671471e-02 3.317240215e-02 3.654585724e-02
 4.019655609e-02 4.416000068e-02 4.847766106e-02 5.319772967e-02 5.837814344e-02
 6.409390675e-02 7.045184731e-02 7.761527565e-02 8.584083599e-02 9.552923396e-02
 1.070987493e-01 1.173883253e-01 1.237211508e-01 1.261716361e-01 1.246504172e-01
 1.189196711e-01 1.115949563e-01 1.060188901e-01 1.016920306e-01 9.819149970e-02
 9.526239786e-02 9.274472612e-02 9.053339102e-02 8.855659476e-02 8.676362751e-02
 8.511764862e-02 8.359123576e-02 8.216352062e-02 8.081815911e-02 7.954201773e-02
 1.257452737e-03 2.847399405e-03 5.075189527e-03 7.936234413e-03 1.112395097e-02
 1.155087973e-02 8.678955239e-03 7.847123852e-03 7.359792805e-03 6.858495939e-03
 6.367850472e-03 5.923205050e-03 5.558965799e-03 5.306260444e-03 5.191930182e-03
 5.238222939e-03 5.462883856e-03 5.879411285e-03 6.497285520e-03 7.322094666e-03
 8.355552158e-03 9.595454395e-03 1.103564692e-02 1.266609388e-02 1.447321174e-02
 1.644068453e-02 1.855092788e-02 2.078721902e-02 2.313621651e-02 2.559046322e-02
 2.815034020e-02 3.082485877e-02 3.363182319e-02 3.660641810e-02 3.977889308e-02
 4.317301830e-02 4.685141302e-02 5.086228100e-02 5.525736032e-02 6.008404398e-02
 6.537868745e-02 7.120909797e-02 7.766255564e-02 8.484879696e-02 9.291531359e-02
 1.020462762e-01 1.101363195e-01 1.154194205e-01 1.178507717e-01 1.173120398e-01
 1.135957704e-01 1.083891118e-01 1.040265722e-01 1.003190290e-01 9.711011715e-02
 9.428981378e-02 9.177819891e-02 8.951640007e-02 8.746019570e-02 8.557560764e-02
 8.383593276e-02 8.221974395e-02 8.070951655e-02 7.929054158e-02 7.794517097e-02
 1.144433157e-03 2.595004334e-03 4.634493044e-03 7.266319595e-03 1.017955065e-02
 1.029670529e-02 7.236189508e-03 6.114683307e-03 5.422780073e-03 4.752613864e-03
 4.146621918e-03 3.646731271e-03 3.291935809e-03 3.115776179e-03 3.144920650e-03
 3.398948276e-03 3.891000731e-03 4.628802502e-03 5.615586963e-03 6.850623396e-03
 8.329222987e-03 1.004222864e-02 1.197510075e-02 1.410682303e-02 1.640904268e-02
 1.884611403e-02 2.137688355e-02 2.395888553e-02 2.655489378e-02 2.914044872e-02
 3.170695688e-02 3.426358692e-02 3.689473918e-02 3.958937904e-02 4.239805651e-02
 4.536282673e-02 4.856458735e-02 5.205231891e-02 5.587541771e-02 6.006602157e-02
 6.461943836e-02 6.954158694e-02 7.480780082e-02 8.033674734e-02 8.595312962e-02
 9.134093293e-02 9.605373458e-02 9.965542461e-02 1.018672696e-01 1.026166457e-01
 1.020543122e-01 1.005344112e-01 9.847140858e-02 9.617810512e-02 9.383814115e-02
 9.154837663e-02 8.935641566e-02 8.728273711e-02 8.533294835e-02 8.350462881e-02
 8.179121032e-02 8.018419269e-02 7.867441015e-02 7.725296294e-02 7.592072202e-02
 1.022847024e-03 2.325031049e-03 4.165718678e-03 6.555359078e-03 9.205901715e-03
 9.047060679e-03 5.574742141e-03 4.077575310e-03 3.012509951e-03 2.004720856e-03
 1.122914567e-03 4.313422359e-04-1.525644540e-05-1.769111261e-04-2.970804373e-05
 4.366347947e-04 1.223107394e-03 2.325662292e-03 3.738125045e-03 5.453410152e-03
 7.463210704e-03 9.756399920e-03 1.231620506e-02 1.511606138e-02 1.811422631e-02
 2.124814782e-02 2.443160539e-02 2.756017438e-02 3.053031032e-02 3.326247838e-02
 3.579219352e-02 3.812251301e-02 4.031217734e-02 4.246038393e-02 4.465718147e-02
 4.698013546e-02 4.949384198e-02 5.225327419e-02 5.530764573e-02 5.870011916e-02
 6.245931324e-02 6.658268257e-02 7.101765099e-02 7.565018006e-02 8.030390852e-02
 8.474708935e-02 8.870955310e-02 9.191870775e-02 9.415749096e-02 9.532709056e-02
 9.547922888e-02 9.479209898e-02 9.350245539e-02 9.183668279e-02 8.997295687e-02
 8.803484284e-02 8.610084444e-02 8.421735470e-02 8.240959911e-02 8.068946755e-02
 7.906070484e-02 7.752222083e-02 7.607015902e-02 7.469897691e-02 7.339094139e-02
 8.711762623e-04 1.992034291e-03 3.598394268e-03 5.718687037e-03 8.064473724e-03
 7.548087356e-03 3.638934067e-03 1.525089302e-03-2.453776379e-04-1.858225493e-03
-3.259550681e-03-4.320238947e-03-4.946555396e-03-5.093975849e-03-4.764255667e-03
-3.986533492e-03-2.796769631e-03-1.224807742e-03 7.099704000e-04 2.997825623e-03
 5.635971671e-03 8.625523528e-03 1.196786663e-02 1.565870098e-02 1.967620753e-02
 2.395770657e-02 2.836046479e-02 3.262109437e-02 3.637365626e-02 3.937758118e-02
 4.155971368e-02 4.307195010e-02 4.424343748e-02 4.534696418e-02 4.654575256e-02
 4.791871520e-02 4.949921975e-02 5.130707699e-02 5.338088105e-02 5.581667380e-02
 5.877240428e-02 6.237166892e-02 6.659091702e-02 7.125823690e-02 7.615776249e-02
 8.108862877e-02 8.578954580e-02 8.981388110e-02 9.257422739e-02 9.369741223e-02
 9.331864997e-02 9.196447739e-02 9.015106722e-02 8.817865974e-02 8.618680137e-02
 8.423777743e-02 8.236012429e-02 8.056696919e-02 7.886366157e-02 7.725119126e-02
 7.572789056e-02 7.429037159e-02 7.293411066e-02 7.165398830e-02 7.045036589e-02
 6.510642635e-04 1.505355062e-03 2.769240464e-03 4.524464726e-03 6.578837830e-03
 6.016045016e-03 2.311053633e-03-1.325843465e-03-4.574917320e-03-7.551444503e-03
-1.005050814e-02-1.180156503e-02-1.260641664e-02-1.248231678e-02-1.161024679e-02
-1.018771633e-02-8.342229246e-03-6.130690681e-03-3.566468598e-03-6.410757525e-04
 2.665163879e-03 6.381150904e-03 1.054887046e-02 1.523120046e-02 2.052234316e-02
 2.655565602e-02 3.347348010e-02 4.112101546e-02 4.779991326e-02 5.130500217e-02
 5.129766572e-02 4.963325624e-02 4.831790117e-02 4.767944513e-02 4.760771018e-02
 4.795927655e-02 4.860156279e-02 4.939628607e-02 5.015670112e-02 5.050543572e-02
 5.172953217e-02 5.496614003e-02 6.042855216e-02 6.641494727e-02 7.230974769e-02
 7.862163795e-02 8.598053072e-02 9.586431583e-02 1.013813877e-01 1.013734833e-01
 9.540769939e-02 9.053690301e-02 8.703414866e-02 8.426337269e-02 8.192481350e-02
 7.986569779e-02 7.800346674e-02 7.629138129e-02 7.470186677e-02 7.321791219e-02
 7.182835956e-02 7.052500049e-02 6.930055686e-02 6.814792662e-02 6.706418220e-02
 3.303074922e-04 7.591845444e-04 1.393136273e-03 2.310084913e-03 3.478591464e-03
 2.428399774e-03-1.595481479e-03-6.062204779e-03-1.100669429e-02-1.658196684e-02
-2.205099065e-02-2.539890208e-02-2.561918220e-02-2.336591057e-02-2.058812831e-02
-1.784241491e-02-1.507316270e-02-1.215252122e-02-8.971573755e-03-5.456941784e-03
-1.563835915e-03 2.741305047e-03 7.502025570e-03 1.279538794e-02 1.876382304e-02
 2.567478096e-02 3.406541613e-02 4.523433033e-02 5.613027615e-02 6.010420210e-02
 5.682296458e-02 5.122290834e-02 4.846785014e-02 4.711260673e-02 4.658630226e-02
 4.659122377e-02 4.694247697e-02 4.750356467e-02 4.816682718e-02 4.895074025e-02
 5.049590756e-02 5.332924260e-02 5.738609899e-02 6.218210285e-02 6.724049132e-02
 7.264717223e-02 7.854786385e-02 8.450009774e-02 8.862165148e-02 8.930632151e-02
 8.670284687e-02 8.339935106e-02 8.058197910e-02 7.822249281e-02 7.619031899e-02
 7.439152767e-02 7.276439651e-02 7.126736311e-02 6.988142803e-02 6.858535550e-02
 6.737606286e-02 6.625003327e-02 6.520481501e-02 6.422072519e-02 6.328204804e-02
-1.868313771e-05-7.875545074e-05-2.464729793e-04-6.548122363e-04-1.574056058e-03
-3.382038462e-03-6.331599635e-03-1.050178540e-02-1.611283155e-02-2.389532227e-02
-3.364292154e-02-3.885410806e-02-3.850715148e-02-3.220658379e-02-2.796366111e-02
-2.478648459e-02-2.189198277e-02-1.881804683e-02-1.532437080e-02-1.134687635e-02
-6.930289991e-03-2.151165369e-03 2.932399923e-03 8.294868373e-03 1.393183778e-02
 1.982569536e-02 2.586738800e-02 3.170638313e-02 3.665921599e-02 4.006877801e-02
 4.181088753e-02 4.242376038e-02 4.259320593e-02 4.276252011e-02 4.308715527e-02
 4.361183348e-02 4.434376759e-02 4.527782164e-02 4.644712511e-02 4.790886362e-02
 4.975382741e-02 5.204552141e-02 5.476854874e-02 5.783708202e-02 6.111462783e-02
 6.444675664e-02 6.762719692e-02 7.036444488e-02 7.233217449e-02 7.331456205e-02
 7.335185986e-02 7.270590399e-02 7.168036517e-02 7.049086567e-02 6.925329773e-02
 6.802383185e-02 6.682716272e-02 6.567447490e-02 6.457149426e-02 6.352065831e-02
 6.252354910e-02 6.158410685e-02 6.073073540e-02 5.994131919e-02 5.920604913e-02
-2.521243495e-04-6.123206461e-04-1.199169349e-03-2.101440313e-03-3.433765208e-03
-5.320577649e-03-7.872284647e-03-1.116477563e-02-1.519334167e-02-1.983828118e-02
-2.445674848e-02-2.798496810e-02-2.980258078e-02-3.027122098e-02-3.031357910e-02
-3.020789732e-02-2.944099286e-02-2.728363386e-02-2.348834484e-02-1.849091286e-02
-1.298192731e-02-7.391697313e-03-1.880216898e-03 3.508330709e-03 8.753749218e-03
 1.381612483e-02 1.861329494e-02 2.301689955e-02 2.687877201e-02 3.008867218e-02
 3.263115328e-02 3.459777009e-02 3.614545774e-02 3.743739715e-02 3.860598482e-02
 3.974543973e-02 4.092035540e-02 4.217742445e-02 4.355414306e-02 4.508192483e-02
 4.678288932e-02 4.866220469e-02 5.070066270e-02 5.285167578e-02 5.504303326e-02
 5.718092909e-02 5.915560276e-02 6.085233407e-02 6.217150249e-02 6.305345153e-02
 6.349475930e-02 6.354419962e-02 6.328084141e-02 6.278886923e-02 6.214145575e-02
 6.139565128e-02 6.059390404e-02 5.976767199e-02 5.894065420e-02 5.813083917e-02
 5.735138437e-02 5.660924321e-02 5.596193913e-02 5.537364293e-02 5.481897966e-02
-3.422165437e-04-7.999706114e-04-1.487289125e-03-2.445751553e-03-3.721366853e-03
-5.356121065e-03-7.376221380e-03-9.772263088e-03-1.248424137e-02-1.541531547e-02
-1.841502198e-02-2.135301906e-02-2.423611988e-02-2.735899536e-02-3.137014310e-02
-3.751575992e-02-4.409748719e-02-4.365841920e-02-3.632455344e-02-2.545026558e-02
-1.742418296e-02-1.075079959e-02-4.863263031e-03 4.897933156e-04 5.423151831e-03
 9.981033535e-03 1.416800669e-02 1.796851723e-02 2.136353243e-02 2.434577528e-02
 2.693065653e-02 2.915916920e-02 3.109216309e-02 3.279967927e-02 3.435057987e-02
 3.580582143e-02 3.721575635e-02 3.862002378e-02 4.004826415e-02 4.152040447e-02
 4.304604222e-02 4.462320524e-02 4.623724509e-02 4.786065797e-02 4.945431727e-02
 5.097028526e-02 5.235625704e-02 5.356155738e-02 5.454406392e-02 5.527652265e-02
 5.575021565e-02 5.597463273e-02 5.597351607e-02 5.577918510e-02 5.542734604e-02
 5.495371719e-02 5.439261837e-02 5.377684730e-02 5.313779871e-02 5.250476560e-02
 5.190277573e-02 5.134859455e-02 5.090359960e-02 5.053492665e-02 5.022408030e-02
-3.412990856e-04-7.843414004e-04-1.425181592e-03-2.279525447e-03-3.362283115e-03
-4.683527074e-03-6.244228886e-03-8.029050180e-03-9.991517321e-03-1.211842226e-02
-1.437683412e-02-1.675522898e-02-1.929197158e-02-2.211231751e-02-2.534705199e-02
-2.883313447e-02-3.130855765e-02-3.074320937e-02-2.680332174e-02-2.090777430e-02
-1.492765054e-02-9.361577839e-03-4.228179505e-03 5.058502973e-04 4.858349061e-03
 8.833875503e-03 1.243653462e-02 1.567861023e-02 1.858216170e-02 2.117651777e-02
 2.349546373e-02 2.557554941e-02 2.745493628e-02 2.917200312e-02 3.076361343e-02
 3.226340897e-02 3.370046912e-02 3.509842082e-02 3.647487767e-02 3.784103666e-02
 3.920134143e-02 4.055325227e-02 4.188726950e-02 4.318739191e-02 4.443215349e-02
 4.559629414e-02 4.665300444e-02 4.757654555e-02 4.834489452e-02 4.894195608e-02
 4.935890559e-02 4.959443550e-02 4.965401648e-02 4.954861036e-02 4.929345416e-02
 4.890754617e-02 4.841435978e-02 4.784407321e-02 4.723688643e-02 4.664493248e-02
 4.612681678e-02 4.573135961e-02 4.547833460e-02 4.538206056e-02 4.539536979e-02
-2.982340314e-04-6.791311599e-04-1.218970858e-03-1.921057360e-03-2.786850213e-03
-3.814228577e-03-4.995941716e-03-6.314021393e-03-7.732650573e-03-9.244930861e-03
-1.082397333e-02-1.242649665e-02-1.401466501e-02-1.552916102e-02-1.684033898e-02
-1.772089771e-02-1.785827709e-02-1.697368943e-02-1.498543220e-02-1.205817083e-02
-8.493375011e-03-4.584542999e-03-5.639876444e-04 3.374757884e-03 7.056684707e-03
 1.035015859e-02 1.321104065e-02 1.568604723e-02 1.786503045e-02 1.983063050e-02
 2.163953569e-02 2.332659215e-02 2.491402432e-02 2.641810198e-02 2.785248501e-02
 2.922936340e-02 3.055946384e-02 3.185159544e-02 3.311208648e-02 3.434427667e-02
 3.554814255e-02 3.672010476e-02 3.785306044e-02 3.893667690e-02 3.995796317e-02
 4.090210164e-02 4.175347708e-02 4.249679339e-02 4.311813108e-02 4.360578558e-02
 4.395075117e-02 4.414677850e-02 4.419002505e-02 4.407841900e-02 4.381096679e-02
 4.338740296e-02 4.280897719e-02 4.208227700e-02 4.123121167e-02 4.033105673e-02
 3.958013771e-02 3.926996405e-02 3.945389396e-02 3.990850029e-02 4.040892863e-02
-2.416854056e-04-5.472937468e-04-9.749364228e-04-1.522294595e-03-2.184932982e-03
-2.955417915e-03-3.822297958e-03-4.763905939e-03-5.748225849e-03-6.760640033e-03
-7.767061680e-03-8.716371019e-03-9.562155085e-03-1.023678263e-02-1.065010993e-02
-1.069555101e-02-1.026414334e-02-9.267888813e-03-7.661581685e-03-5.448641274e-03
-2.665413618e-03 6.408460885e-04 4.408002581e-03 8.468783242e-03 1.223949715e-02
 1.496918432e-02 1.654517340e-02 1.755103245e-02 1.850139108e-02 1.953749588e-02
 2.065676391e-02 2.182933613e-02 2.302808566e-02 2.423347016e-02 2.543265345e-02
 2.661765331e-02 2.778359270e-02 2.892725949e-02 3.004598061e-02 3.113677885e-02
 3.219578008e-02 3.321784617e-02 3.419641437e-02 3.512352535e-02 3.599001648e-02
 3.678584634e-02 3.750050163e-02 3.812342322e-02 3.864437652e-02 3.905368670e-02
 3.934226062e-02 3.950132105e-02 3.952177393e-02 3.939309644e-02 3.910153911e-02
 3.862721170e-02 3.793911777e-02 3.698601606e-02 3.567795918e-02 3.384826534e-02
 3.132499548e-02 3.071736387e-02 3.261292926e-02 3.451797157e-02 3.585035195e-02
-1.858028800e-04-4.191252820e-04-7.426616240e-04-1.151905500e-03-1.640235880e-03
-2.198358872e-03-2.813907577e-03-3.470058708e-03-4.115895354e-03-4.757729242e-03
-5.350690460e-03-5.852048668e-03-6.235203803e-03-6.449558585e-03-6.438282292e-03
-6.143088879e-03-5.509680228e-03-4.490883088e-03-3.047968263e-03-1.147540351e-03
 1.253413003e-03 4.239971598e-03 7.985606317e-03 1.298808061e-02 1.830850405e-02
 2.081133976e-02 2.044866724e-02 1.889692420e-02 1.865484542e-02 1.898243104e-02
 1.960941398e-02 2.040880116e-02 2.131038909e-02 2.227157012e-02 2.326493613e-02
 2.427209920e-02 2.528021443e-02 2.627983553e-02 2.726350631e-02 2.822480425e-02
 2.915768931e-02 3.005607634e-02 3.091358112e-02 3.172340553e-02 3.247833276e-02
 3.317080253e-02 3.379303326e-02 3.433715323e-02 3.479529961e-02 3.515964102e-02
 3.542227741e-02 3.557496559e-02 3.560860636e-02 3.551239925e-02 3.527250874e-02
 3.486996350e-02 3.427727825e-02 3.345283039e-02 3.233073835e-02 3.079076025e-02
 2.849885020e-02 2.810500111e-02 2.988937941e-02 3.160355609e-02 3.288206360e-02
-1.365562199e-04-3.071396491e-04-5.420528631e-04-8.365393808e-04-1.184109540e-03
-1.576242570e-03-2.001717027e-03-2.439720098e-03-2.854667190e-03-3.229250855e-03
-3.537654003e-03-3.760152792e-03-3.880317100e-03-3.867000361e-03-3.664340662e-03
-3.216592448e-03-2.532513194e-03-1.585820713e-03-3.518190471e-04 1.187212924e-03
 3.041988729e-03 5.213169858e-03 7.650277942e-03 1.020125001e-02 1.254288290e-02
 1.432421379e-02 1.544617958e-02 1.612589316e-02 1.667442222e-02 1.725927805e-02
 1.792451259e-02 1.866636152e-02 1.946838810e-02 2.031309862e-02 2.118513743e-02
 2.207176560e-02 2.296252329e-02 2.384870338e-02 2.472284865e-02 2.557833976e-02
 2.640907726e-02 2.720924007e-02 2.797311230e-02 2.869497666e-02 2.936906850e-02
 2.998957837e-02 3.055068702e-02 3.104661572e-02 3.147167534e-02 3.182030030e-02
 3.208705933e-02 3.226664540e-02 3.235386778e-02 3.234370900e-02 3.223159342e-02
 3.201419508e-02 3.169151987e-02 3.127190770e-02 3.078342040e-02 3.029656260e-02
 2.994931094e-02 2.990466486e-02 3.020868902e-02 3.074586360e-02 3.136638780e-02
-9.558340394e-05-2.144058024e-04-3.770149040e-04-5.792426405e-04-8.157828052e-04
-1.080407278e-03-1.366512735e-03-1.662877949e-03-1.929328350e-03-2.093035092e-03
-2.205580412e-03-2.258131496e-03-2.230122761e-03-2.108084390e-03-1.799092681e-03
-1.329322873e-03-6.946170460e-04 1.171733447e-04 1.113471021e-03 2.293448313e-03
 3.644963391e-03 5.139373752e-03 6.723607171e-03 8.320820408e-03 9.842003258e-03
 1.121176522e-02 1.239676724e-02 1.341387064e-02 1.431149966e-02 1.514189440e-02
 1.594398520e-02 1.674045084e-02 1.754157320e-02 1.834991478e-02 1.916388331e-02
 1.997978661e-02 2.079304736e-02 2.159869986e-02 2.239154121e-02 2.316644916e-02
 2.391855725e-02 2.464326300e-02 2.533607481e-02 2.599256065e-02 2.660838474e-02
 2.717925619e-02 2.770105245e-02 2.816981658e-02 2.858185764e-02 2.893386837e-02
 2.922298857e-02 2.944706643e-02 2.960484929e-02 2.969644643e-02 2.972399819e-02
 2.969275226e-02 2.961270813e-02 2.950064403e-02 2.938215533e-02 2.929166192e-02
 2.926712612e-02 2.933793467e-02 2.951109746e-02 2.976666016e-02 3.007336001e-02
-6.258540895e-05-1.398298939e-04-2.445261248e-04-3.729578744e-04-5.203756005e-04
-6.810465313e-04-8.483576438e-04-1.016358146e-03-1.148714441e-03-1.224465773e-03
-1.230275327e-03-1.197292819e-03-1.067271787e-03-8.603403172e-04-5.534861660e-04
-1.164891014e-04 4.120425351e-04 1.101737371e-03 1.888782884e-03 2.795615823e-03
 3.813823944e-03 4.881933757e-03 6.048901969e-03 7.199285423e-03 8.351447267e-03
 9.459520830e-03 1.048003533e-02 1.147981454e-02 1.237671677e-02 1.325841715e-02
 1.409207850e-02 1.488544059e-02 1.570104572e-02 1.645833608e-02 1.725611006e-02
 1.801782341e-02 1.876671186e-02 1.953188225e-02 2.023827646e-02 2.097827387e-02
 2.165921325e-02 2.232569911e-02 2.297524061e-02 2.355541511e-02 2.415728927e-02
 2.467608821e-02 2.518101667e-02 2.564051325e-02 2.602687327e-02 2.641751537e-02
 2.670998022e-02 2.699653172e-02 2.721850562e-02 2.738070800e-02 2.754227525e-02
 2.762104536e-02 2.771886508e-02 2.778282480e-02 2.782915389e-02 2.793259817e-02
 2.801426578e-02 2.817639659e-02 2.836230496e-02 2.856513352e-02 2.884240274e-02
 0.133523845E+01 0.134470752E+01 0.135322290E+01 0.136235530E+01 0.137191503E+01
 0.138185306E+01 0.139217994E+01 0.140292026E+01 0.141406660E+01 0.142564532E+01
 0.143769549E+01 0.145023146E+01 0.146326454E+01 0.147681930E+01 0.149093869E+01
 0.150566182E+01 0.152100809E+01 0.153699398E+01 0.155365868E+01 0.157105743E+01
 0.158923815E+01 0.160823620E+01 0.162809035E+01 0.164884184E+01 0.167055222E+01
 0.169329397E+01 0.171713764E+01 0.174214799E+01 0.176839060E+01 0.179593824E+01
 0.182488715E+01 0.185534465E+01 0.188742717E+01 0.192125152E+01 0.195694351E+01
 0.199463933E+01 0.203449368E+01 0.207669185E+01 0.212144195E+01 0.216897210E+01
 0.221953156E+01 0.227339806E+01 0.233088313E+01 0.239234906E+01 0.245821619E+01
 0.252896836E+01 0.260515271E+01 0.268740349E+01 0.277646406E+01 0.287321269E+01
 0.297868754E+01 0.309414314E+01 0.322111502E+01 0.336150259E+01 0.351768784E+01
 0.369269306E+01 0.389045562E+01 0.411617772E+01 0.437709624E+01 0.468379098E+01
 0.505272082E+01 0.551241614E+01 0.612032503E+01 0.703307088E+01 0.126921370E+02
  361   98
 0.554244756E+00 0.108651482E+01 0.548700944E+00 0.107363640E+01 0.543191857E+00
 0.106074309E+01 0.537725924E+00 0.104783143E+01 0.532311769E+00 0.103489797E+01
 0.526957297E+00 0.102193969E+01 0.521667939E+00 0.100895470E+01 0.516443405E+00
 0.995943490E+00 0.511280204E+00 0.982907819E+00 0.506174988E+00 0.969849329E+00
 0.501124878E+00 0.956769429E+00 0.496129367E+00 0.943668579E+00 0.491188411E+00
 0.930547056E+00 0.486298587E+00 0.917406391E+00 0.481454857E+00 0.904248664E+00
 0.476653344E+00 0.891075473E+00 0.471893866E+00 0.877887036E+00 0.467179633E+00
 0.864682360E+00 0.462511024E+00 0.851461484E+00 0.457885743E+00 0.838225386E+00
 0.453300454E+00 0.824975381E+00 0.448754384E+00 0.811711869E+00 0.444253506E+00
 0.798432955E+00 0.439804068E+00 0.785136718E+00 0.435410232E+00 0.771822005E+00
 0.431074052E+00 0.758488403E+00 0.426796281E+00 0.745135948E+00 0.422578320E+00
 0.731764480E+00 0.418423194E+00 0.718373354E+00 0.414335295E+00 0.704961555E+00
 0.410319083E+00 0.691528116E+00 0.406378436E+00 0.678072318E+00 0.402515192E+00
 0.664594093E+00 0.398729551E+00 0.651093867E+00 0.395021175E+00 0.637572212E+00
 0.391389784E+00 0.624029679E+00 0.387836333E+00 0.610466487E+00 0.384363777E+00
 0.596882360E+00 0.380975683E+00 0.583276923E+00 0.377675027E+00 0.569650011E+00
 0.374463937E+00 0.556001716E+00 0.371343631E+00 0.542332380E+00 0.368313541E+00
 0.528642763E+00 0.365372116E+00 0.514933820E+00 0.362518148E+00 0.501206404E+00
 0.359751017E+00 0.487461219E+00 0.357070817E+00 0.473698820E+00 0.354478259E+00
 0.459919643E+00 0.351974221E+00 0.446124105E+00 0.349559327E+00 0.432312683E+00
 0.347233930E+00 0.418485912E+00 0.344998122E+00 0.404644372E+00 0.342850941E+00
 0.390788806E+00 0.340790759E+00 0.376920036E+00 0.338816109E+00 0.363038830E+00
 0.336925613E+00 0.349145912E+00 0.335117890E+00 0.335241980E+00 0.333391598E+00
 0.321327704E+00 0.331745661E+00 0.307403693E+00 0.330179470E+00 0.293470486E+00
 0.328692867E+00 0.279528564E+00 0.327286016E+00 0.265578368E+00 0.325958840E+00
 0.251620366E+00 0.324711032E+00 0.237655046E+00 0.323542321E+00 0.223682884E+00
 0.322452471E+00 0.209704349E+00 0.321441206E+00 0.195719909E+00 0.320507576E+00
 0.181730071E+00 0.319650319E+00 0.167735345E+00 0.318868254E+00 0.153736216E+00
 0.318160321E+00 0.139733142E+00 0.317525686E+00 0.125726554E+00 0.316964208E+00
 0.111716843E+00 0.316476182E+00 0.977043806E-01 0.316062111E+00 0.836895385E-01
 0.315722666E+00 0.696726906E-01 0.315458373E+00 0.556542243E-01 0.315268430E+00
 0.416345530E-01 0.315151731E+00 0.276140804E-01 0.315107316E+00 0.135931922E-01
 0.315134384E+00-0.427740469E-03 0.315232415E+00-0.144483567E-01 0.315401477E+00
-0.284682962E-01 0.315641905E+00-0.424871933E-01 0.315954195E+00-0.565046735E-01
 0.316339010E+00-0.705203499E-01 0.316797078E+00-0.845338232E-01 0.317329010E+00
-0.985446870E-01 0.317935509E+00-0.112552521E+00 0.318617399E+00-0.126556887E+00
 0.319375607E+00-0.140557328E+00 0.320210764E+00-0.154553389E+00 0.321122856E+00
-0.168544648E+00 0.322112018E+00-0.182530669E+00 0.323178701E+00-0.196510991E+00
 0.324323736E+00-0.210485113E+00 0.325548159E+00-0.224452503E+00 0.326852772E+00
-0.238412631E+00 0.328238161E+00-0.252364974E+00 0.329704659E+00-0.266309025E+00
 0.331252330E+00-0.280244301E+00 0.332881237E+00-0.294170314E+00 0.334591959E+00
-0.308086513E+00 0.336385744E+00-0.321992248E+00 0.338264331E+00-0.335886781E+00
 0.340229801E+00-0.349769289E+00 0.342284049E+00-0.363638937E+00 0.344428623E+00
-0.377494905E+00 0.346665169E+00-0.391336325E+00 0.348995449E+00-0.405162271E+00
 0.351421262E+00-0.418971776E+00 0.353943105E+00-0.432764067E+00 0.356559857E+00
-0.446538668E+00 0.359270164E+00-0.460295167E+00 0.362072696E+00-0.474033174E+00
 0.364966476E+00-0.487752252E+00 0.367952301E+00-0.501451590E+00 0.371032681E+00
-0.515129976E+00 0.374210331E+00-0.528786091E+00 0.377487833E+00-0.542418585E+00
 0.380867313E+00-0.556026156E+00 0.384348864E+00-0.569607972E+00 0.387930351E+00
-0.583163778E+00 0.391609209E+00-0.596693485E+00 0.395382952E+00-0.610197035E+00
 0.399250359E+00-0.623674058E+00 0.403212245E+00-0.637123610E+00 0.407270172E+00
-0.650544496E+00 0.411424839E+00-0.663935750E+00 0.415675515E+00-0.677296840E+00
 0.420020044E+00-0.690627709E+00 0.424456026E+00-0.703928427E+00 0.428983206E+00
-0.717198379E+00 0.433603542E+00-0.730436184E+00 0.438319183E+00-0.743640337E+00
 0.443131392E+00-0.756809604E+00 0.448040456E+00-0.769943073E+00 0.453047296E+00
-0.783039578E+00 0.458154359E+00-0.796097325E+00 0.463366460E+00-0.809113498E+00
 0.468689603E+00-0.822084650E+00 0.474130392E+00-0.835006891E+00 0.479699077E+00
-0.847874524E+00 0.485409534E+00-0.860679858E+00 0.491279122E+00-0.873413016E+00
 0.497329694E+00-0.886061149E+00 0.503587207E+00-0.898608151E+00 0.510087049E+00
-0.911031274E+00 0.516879767E+00-0.923296593E+00 0.524031600E+00-0.935355846E+00
 0.531626923E+00-0.947140484E+00 0.539769398E+00-0.958553394E+00 0.548586162E+00
-0.969452880E+00 0.558240600E+00-0.979615978E+00 0.568912162E+00-0.988701647E+00
 0.580707472E+00-0.996264355E+00 0.593541392E+00-0.100188039E+01 0.607110542E+00
-0.100536608E+01 0.621042101E+00-0.100687399E+01 0.635057730E+00-0.100676214E+01
 0.649010184E+00-0.100540642E+01 0.662840737E+00-0.100311342E+01 0.676534249E+00
-0.100010548E+01 0.690093603E+00-0.996539799E+00 0.703527248E+00-0.992525706E+00
 0.716844705E+00-0.988141124E+00 0.730054805E+00-0.983442763E+00 0.743165114E+00
-0.978472588E+00 0.756182660E+00-0.973264200E+00 0.769113327E+00-0.967843644E+00
 0.781963696E+00-0.962235326E+00 0.794738155E+00-0.956456169E+00 0.807433930E+00
-0.950506168E+00 0.820043817E+00-0.944376268E+00 0.832561144E+00-0.938059519E+00
 0.844981672E+00-0.931554501E+00 0.857301989E+00-0.924861629E+00 0.869519986E+00
-0.917983736E+00 0.881634857E+00-0.910925769E+00 0.893649773E+00-0.903698923E+00
 0.905574452E+00-0.896324098E+00 0.917416939E+00-0.888817988E+00 0.929170707E+00
-0.881173730E+00 0.940821349E+00-0.873373231E+00 0.952357176E+00-0.865403934E+00
 0.963772095E+00-0.857262401E+00 0.975062937E+00-0.848949646E+00 0.986233061E+00
-0.840475345E+00 0.997293405E+00-0.831858225E+00 0.100825512E+01-0.823115961E+00
 0.101911649E+01-0.814249367E+00 0.102986405E+01-0.805245169E+00 0.104048397E+01
-0.796090795E+00 0.105096753E+01-0.786780579E+00 0.106131152E+01-0.777315529E+00
 0.107151853E+01-0.767702904E+00 0.108159736E+01-0.757955948E+00 0.109155576E+01
-0.748085972E+00 0.110138739E+01-0.738089733E+00 0.111107184E+01-0.727950869E+00
 0.112059081E+01-0.717656513E+00 0.112993499E+01-0.707203244E+00 0.113910845E+01
-0.696599817E+00 0.114812112E+01-0.685859375E+00 0.115697665E+01-0.674989014E+00
 0.116565738E+01-0.663978600E+00 0.117414076E+01-0.652815450E+00 0.118241330E+01
-0.641495178E+00 0.119047195E+01-0.630021653E+00 0.119831875E+01-0.618402212E+00
 0.120595358E+01-0.606642408E+00 0.121336805E+01-0.594742452E+00 0.122055074E+01
-0.582701200E+00 0.122749574E+01-0.570521298E+00 0.123420761E+01-0.558211379E+00
 0.124069757E+01-0.545783009E+00 0.124697231E+01-0.533244607E+00 0.125302628E+01
-0.520598144E+00 0.125885699E+01-0.507847194E+00 0.126447244E+01-0.494999978E+00
 0.126988969E+01-0.482067912E+00 0.127512791E+01-0.469062279E+00 0.128019536E+01
-0.455989161E+00 0.128509564E+01-0.442852462E+00 0.128983716E+01-0.429657621E+00
 0.129443501E+01-0.416412015E+00 0.129890946E+01-0.403124199E+00 0.130327778E+01
-0.389801110E+00 0.130755138E+01-0.376447335E+00 0.131173786E+01-0.363065984E+00
 0.131584482E+01-0.349660012E+00 0.131988158E+01-0.336232732E+00 0.132385692E+01
-0.322787136E+00 0.132777868E+01-0.309325811E+00 0.133165501E+01-0.295851331E+00
 0.133549300E+01-0.282365882E+00 0.133929575E+01-0.268870453E+00 0.134305789E+01
-0.255363646E+00 0.134676754E+01-0.241842335E+00 0.135041267E+01-0.228303491E+00
 0.135398174E+01-0.214744401E+00 0.135746325E+01-0.201162571E+00 0.136084562E+01
-0.187555720E+00 0.136411564E+01-0.173921441E+00 0.136725571E+01-0.160256661E+00
 0.137024364E+01-0.146557829E+00 0.137305426E+01-0.132821544E+00 0.137566335E+01
-0.119045580E+00 0.137805048E+01-0.105229448E+00 0.138019527E+01-0.913736516E-01
 0.138207719E+01-0.774797364E-01 0.138367585E+01-0.635504137E-01 0.138497532E+01
-0.495900163E-01 0.138596615E+01-0.356043371E-01 0.138664038E+01-0.215998349E-01
 0.138699141E+01-0.758351572E-02 0.138701440E+01 0.643717406E-02 0.138670988E+01
 0.204545828E-01 0.138608414E+01 0.344613394E-01 0.138514523E+01 0.484506065E-01
 0.138390251E+01 0.624161785E-01 0.138236657E+01 0.763525659E-01 0.138055382E+01
 0.902556833E-01 0.137848535E+01 0.104123089E+00 0.137618216E+01 0.117953470E+00
 0.137366475E+01 0.131746490E+00 0.137095331E+01 0.145502702E+00 0.136807185E+01
 0.159224331E+00 0.136504622E+01 0.172914910E+00 0.136189957E+01 0.186578196E+00
 0.135865096E+01 0.200217607E+00 0.135531472E+01 0.213835855E+00 0.135190192E+01
 0.227435120E+00 0.134842199E+01 0.241017367E+00 0.134488386E+01 0.254584573E+00
 0.134129667E+01 0.268138893E+00 0.133766975E+01 0.281682636E+00 0.133400778E+01
 0.295216944E+00 0.133030912E+01 0.308741271E+00 0.132656813E+01 0.322253951E+00
 0.132277646E+01 0.335752491E+00 0.131892443E+01 0.349233932E+00 0.131500022E+01
 0.362694532E+00 0.131099172E+01 0.376130265E+00 0.130689005E+01 0.389537849E+00
 0.130268877E+01 0.402914547E+00 0.129838077E+01 0.416257255E+00 0.129395025E+01
 0.429559768E+00 0.128937377E+01 0.442812755E+00 0.128463117E+01 0.456007190E+00
 0.127970883E+01 0.469135619E+00 0.127459987E+01 0.482192549E+00 0.126929909E+01
 0.495172783E+00 0.126379237E+01 0.508066972E+00 0.125806301E+01 0.520863765E+00
 0.125210121E+01 0.533553929E+00 0.124590751E+01 0.546132544E+00 0.123948978E+01
 0.558598354E+00 0.123284714E+01 0.570945771E+00 0.122596878E+01 0.583163421E+00
 0.121884940E+01 0.595242212E+00 0.121149568E+01 0.607179799E+00 0.120392379E+01
 0.618980234E+00 0.119614381E+01 0.630644531E+00 0.118815385E+01 0.642165997E+00
 0.117995060E+01 0.653536579E+00 0.117153774E+01 0.664752973E+00 0.116293070E+01
 0.675821099E+00 0.115415297E+01 0.686754385E+00 0.114522688E+01 0.697566904E+00
 0.113615287E+01 0.708255576E+00 0.112691981E+01 0.718807139E+00 0.111752117E+01
 0.729211486E+00 0.110796386E+01 0.739470290E+00 0.109826856E+01 0.749598830E+00
 0.108845962E+01 0.759617374E+00 0.107854839E+01 0.769534730E+00 0.106852294E+01
 0.779336581E+00 0.105836872E+01 0.789004960E+00 0.104808027E+01 0.798530365E+00
 0.103766574E+01 0.807917770E+00 0.102713946E+01 0.817179723E+00 0.101651498E+01
 0.826328868E+00 0.100579603E+01 0.835367142E+00 0.994976750E+00 0.844285065E+00
 0.984049134E+00 0.853069882E+00 0.973006733E+00 0.861709958E+00 0.961847189E+00
 0.870198187E+00 0.950576352E+00 0.878538091E+00 0.939206484E+00 0.886742497E+00
 0.927750546E+00 0.894826302E+00 0.916212608E+00 0.902792625E+00 0.904587989E+00
 0.910631904E+00 0.892871001E+00 0.918332425E+00 0.881058110E+00 0.925884991E+00
 0.869148450E+00 0.933284018E+00 0.857145417E+00 0.940530598E+00 0.845055045E+00
 0.947630514E+00 0.832886302E+00 0.954595282E+00 0.820652292E+00 0.961444790E+00
 0.808365593E+00 0.968199343E+00 0.796027723E+00 0.974859957E+00 0.783633542E+00
 0.981415176E+00 0.771180089E+00 0.987857078E+00 0.758669219E+00 0.994186753E+00
 0.746103604E+00 0.100040705E+01 0.733487005E+00 0.100652327E+01 0.720823802E+00
 0.101254243E+01 0.708119926E+00 0.101847528E+01 0.695383039E+00 0.102433693E+01
 0.682620775E+00 0.103014314E+01 0.669839386E+00 0.103590714E+01 0.657042413E+00
 0.104163645E+01 0.644231468E+00 0.104733445E+01 0.631406293E+00 0.105300035E+01
 0.618566929E+00 0.105863403E+01 0.605715996E+00 0.106424127E+01 0.592855226E+00
 0.106982590E+01 0.579988267E+00 0.107539627E+01 0.567117021E+00 0.108095673E+01
 0.554244756E+00 0.108651482E+01
 0.156441580E+01 0.156423520E+01 0.173298350E+01 0.167901950E+01 0.134847970E+01
 0.206041340E+01 0.108819530E+01 0.205946000E+01 0.902253030E+00 0.187565310E+01
 0.903668760E+00 0.187424170E+01 0.533866470E+00 0.150285580E+01 0.538010660E+00
 0.149874330E+01 0.332797140E+00 0.129708960E+01 0.332797140E+00 0.109400000E+01
 0.334795920E+00 0.109400000E+01 0.303115250E+00 0.847500000E+00 0.305114030E+00
 0.847500000E+00 0.269135950E+00 0.565000000E+00 0.271134730E+00 0.565000000E+00
 0.260841000E+00 0.495257700E+00 0.260841000E+00-0.507257700E+00 0.271134730E+00
-0.576999960E+00 0.269135950E+00-0.576999960E+00 0.305114030E+00-0.859500000E+00
 0.303115250E+00-0.859500000E+00 0.334795920E+00-0.110600010E+01 0.332797140E+00
-0.110600010E+01 0.332797140E+00-0.130908970E+01 0.538598100E+00-0.150990190E+01
 0.534468950E+00-0.151402960E+01 0.905629600E+00-0.188405800E+01 0.904219000E+00
-0.188547470E+01 0.108819530E+01-0.206614000E+01 0.134847970E+01-0.206518650E+01
 0.173017910E+01-0.168098580E+01 0.156441580E+01-0.156883530E+01 0.137999130E+01
-0.157688300E+01 0.137989190E+01-0.157672700E+01 0.119622210E+01-0.158474990E+01
 0.119631650E+01-0.158489800E+01 0.105537410E+01-0.159104840E+01 0.105528350E+01
-0.159090630E+01 0.947502500E+00-0.159561420E+01 0.905686400E+00-0.159556230E+01
 0.899143000E+00-0.159478470E+01 0.883387860E+00-0.159026430E+01 0.867681200E+00
-0.158087360E+01 0.851322350E+00-0.156766880E+01 0.833481900E+00-0.154624210E+01
 0.826062560E+00-0.152875240E+01 0.822677700E+00-0.151516830E+01 0.821022750E+00
-0.149624060E+01 0.820691350E+00-0.147724350E+01 0.822887360E+00-0.144582030E+01
 0.827573000E+00-0.141923050E+01 0.839194600E+00-0.138728100E+01 0.855244300E+00
-0.135284130E+01 0.877566500E+00-0.132209860E+01 0.899473500E+00-0.130017830E+01
 0.118567730E+01-0.101380000E+01 0.127900000E+01-0.842300000E+00 0.129600000E+01
-0.820200000E+00 0.143300000E+01-0.820200000E+00 0.143300000E+01-0.711000000E+00
 0.149000000E+01-0.491000000E+00 0.146000000E+01-0.491000000E+00 0.146000000E+01
-0.233000000E+00 0.166100000E+01-0.233000000E+00 0.166100000E+01 0.226000000E+00
 0.146000000E+01 0.226000000E+00 0.146000000E+01 0.481000000E+00 0.149300000E+01
 0.481000000E+00 0.147400000E+01 0.554000000E+00 0.143300000E+01 0.711000000E+00
 0.143300000E+01 0.815600000E+00 0.129600000E+01 0.815600000E+00 0.127900000E+01
 0.837699950E+00 0.118567730E+01 0.100920000E+01 0.899473500E+00 0.129557820E+01
 0.877566500E+00 0.131749860E+01 0.855244300E+00 0.134824120E+01 0.839194600E+00
 0.138268090E+01 0.827573000E+00 0.141463040E+01 0.822887360E+00 0.144122030E+01
 0.820691350E+00 0.147264350E+01 0.821022750E+00 0.149164060E+01 0.822677700E+00
 0.151056830E+01 0.826062560E+00 0.152415240E+01 0.833481900E+00 0.154164210E+01
 0.851322350E+00 0.156306870E+01 0.867681200E+00 0.157627360E+01 0.883387860E+00
 0.158566430E+01 0.899143000E+00 0.159018470E+01 0.905686400E+00 0.159096230E+01
 0.947502500E+00 0.159101410E+01 0.105528350E+01 0.158630620E+01 0.105537410E+01
 0.158644830E+01 0.119631650E+01 0.158029800E+01 0.119622210E+01 0.158014990E+01
 0.137989190E+01 0.157212700E+01 0.137999130E+01 0.157228290E+01 0.156441580E+01
 0.156423520E+01
    0
