EFIT++      MAST # 46630 # 560ms                   0  65  65
 0.194000000E+01 0.440000000E+01 0.800000000E+00 0.600000000E-01 0.000000000E+00
 0.954405313E+00 0.506754616E-02-0.616532710E-01 0.117921182E-01-0.592895756E+00
 0.742110317E+06-0.616532710E-01 0.000000000E+00 0.954405313E+00 0.000000000E+00
 0.506754616E-02 0.000000000E+00 0.117921182E-01 0.000000000E+00 0.000000000E+00
-0.518936187E+00-0.517904830E+00-0.516873777E+00-0.515843478E+00-0.514814384E+00
-0.513786950E+00-0.512761637E+00-0.511738906E+00-0.510719225E+00-0.509703063E+00
-0.508690895E+00-0.507683199E+00-0.506680455E+00-0.505683149E+00-0.504691769E+00
-0.503706808E+00-0.502728762E+00-0.501758130E+00-0.500795416E+00-0.499841126E+00
-0.498895769E+00-0.497959861E+00-0.497033917E+00-0.496118457E+00-0.495214006E+00
-0.494321089E+00-0.493440236E+00-0.492571980E+00-0.491716855E+00-0.490875399E+00
-0.490048154E+00-0.489235662E+00-0.488438467E+00-0.487657119E+00-0.486892166E+00
-0.486144159E+00-0.485413651E+00-0.484701197E+00-0.484007353E+00-0.483332675E+00
-0.482677721E+00-0.482043048E+00-0.481429217E+00-0.480836786E+00-0.480266313E+00
-0.479718357E+00-0.479193477E+00-0.478692229E+00-0.478215169E+00-0.477762853E+00
-0.477335832E+00-0.476934659E+00-0.476559881E+00-0.476212045E+00-0.475891694E+00
-0.475599367E+00-0.475335602E+00-0.475100931E+00-0.474895881E+00-0.474720977E+00
-0.474576737E+00-0.474463675E+00-0.474382299E+00-0.474333110E+00-0.474316605E+00
 0.200477147E+05 0.195789850E+05 0.191104155E+05 0.186422372E+05 0.181746812E+05
 0.177079785E+05 0.172423604E+05 0.167780578E+05 0.163153019E+05 0.158543237E+05
 0.153953544E+05 0.149386250E+05 0.144843666E+05 0.140328104E+05 0.135841873E+05
 0.131387286E+05 0.126966653E+05 0.122582284E+05 0.118236491E+05 0.113931585E+05
 0.109669877E+05 0.105453677E+05 0.101285296E+05 0.971670461E+04 0.931012372E+04
 0.890901804E+04 0.851361866E+04 0.812415669E+04 0.774086321E+04 0.736396931E+04
 0.699370608E+04 0.663030462E+04 0.627399602E+04 0.592501136E+04 0.558358174E+04
 0.524993825E+04 0.492431199E+04 0.460693404E+04 0.429803549E+04 0.399784744E+04
 0.370660098E+04 0.342452720E+04 0.315185719E+04 0.288882204E+04 0.263565284E+04
 0.239258069E+04 0.215983668E+04 0.193765189E+04 0.172625742E+04 0.152588437E+04
 0.133676381E+04 0.115912685E+04 0.993204578E+03 0.839228080E+03 0.697428449E+03
 0.568036778E+03 0.451284158E+03 0.347401680E+03 0.256620436E+03 0.179171517E+03
 0.115286015E+03 0.651950205E+02 0.291296256E+02 0.732092164E+01 0.000000000E+00
-0.466380114E+00-0.465416367E+00-0.464251875E+00-0.462886638E+00-0.461320658E+00
-0.459553933E+00-0.457586465E+00-0.455418252E+00-0.453049295E+00-0.450479594E+00
-0.447709148E+00-0.444737959E+00-0.441566025E+00-0.438193347E+00-0.434619925E+00
-0.430845758E+00-0.426870848E+00-0.422695193E+00-0.418318795E+00-0.413741652E+00
-0.408963764E+00-0.403985133E+00-0.398805758E+00-0.393425638E+00-0.387844774E+00
-0.382063166E+00-0.376080814E+00-0.369897718E+00-0.363513877E+00-0.356929292E+00
-0.350143964E+00-0.343157891E+00-0.335971073E+00-0.328583512E+00-0.320995206E+00
-0.313206157E+00-0.305216363E+00-0.297025825E+00-0.288634543E+00-0.280042516E+00
-0.271249746E+00-0.262256231E+00-0.253061972E+00-0.243666969E+00-0.234071222E+00
-0.224274730E+00-0.214277494E+00-0.204079515E+00-0.193680791E+00-0.183081323E+00
-0.172281110E+00-0.161280154E+00-0.150078453E+00-0.138676008E+00-0.127072819E+00
-0.115268886E+00-0.103264209E+00-0.910587874E-01-0.786526217E-01-0.660457118E-01
-0.532380578E-01-0.402296596E-01-0.270205173E-01-0.136106307E-01 0.000000000E+00
-0.408451651E+06-0.408412815E+06-0.408172607E+06-0.407731027E+06-0.407088074E+06
-0.406243750E+06-0.405198053E+06-0.403950984E+06-0.402502544E+06-0.400852731E+06
-0.399001546E+06-0.396948989E+06-0.394695060E+06-0.392239758E+06-0.389583085E+06
-0.386725040E+06-0.383665622E+06-0.380404833E+06-0.376942671E+06-0.373279137E+06
-0.369414231E+06-0.365347953E+06-0.361080303E+06-0.356611281E+06-0.351940887E+06
-0.347069120E+06-0.341995982E+06-0.336721471E+06-0.331245589E+06-0.325568334E+06
-0.319689707E+06-0.313609708E+06-0.307328337E+06-0.300845594E+06-0.294161479E+06
-0.287275992E+06-0.280189132E+06-0.272900901E+06-0.265411297E+06-0.257720322E+06
-0.249827974E+06-0.241734254E+06-0.233439162E+06-0.224942698E+06-0.216244862E+06
-0.207345654E+06-0.198245074E+06-0.188943121E+06-0.179439797E+06-0.169735100E+06
-0.159829031E+06-0.149721591E+06-0.139412778E+06-0.128902593E+06-0.118191036E+06
-0.107278107E+06-0.961638053E+05-0.848481320E+05-0.733310865E+05-0.616126690E+05
-0.496928794E+05-0.375717177E+05-0.252491839E+05-0.127252780E+05 0.000000000E+00
-4.040274804e-05-8.979468289e-05-1.558221688e-04-2.351818292e-04-3.236635794e-04
-4.162543001e-04-5.073358475e-04-5.912831366e-04-6.393049514e-04-5.952093101e-04
-4.958182232e-04-3.358032062e-04-8.913566309e-05 2.536186770e-04 7.119533376e-04
 1.302348441e-03 2.015893506e-03 2.871002581e-03 3.849661919e-03 4.952395418e-03
 6.165921610e-03 7.452227479e-03 8.799952662e-03 1.014440093e-02 1.146214597e-02
 1.271363584e-02 1.386905464e-02 1.495050571e-02 1.593650806e-02 1.687382380e-02
 1.776331668e-02 1.861783883e-02 1.947137538e-02 2.029325398e-02 2.112797218e-02
 2.194378932e-02 2.275004551e-02 2.356015386e-02 2.433354106e-02 2.512318953e-02
 2.587408879e-02 2.661208303e-02 2.733558435e-02 2.800711457e-02 2.868548019e-02
 2.929989225e-02 2.989869672e-02 3.045929549e-02 3.095837128e-02 3.145524650e-02
 3.186885146e-02 3.227341761e-02 3.262108072e-02 3.291339302e-02 3.320198085e-02
 3.340993929e-02 3.362827458e-02 3.380508105e-02 3.394854074e-02 3.412886262e-02
 3.425790874e-02 3.443860653e-02 3.460943219e-02 3.476132827e-02 3.496761539e-02
-6.970837378e-05-1.560954869e-04-2.737550690e-04-4.190258175e-04-5.871460350e-04
-7.723377925e-04-9.679153037e-04-1.161938686e-03-1.324485908e-03-1.380667539e-03
-1.379664766e-03-1.310041684e-03-1.154662534e-03-9.212654819e-04-4.327708588e-04
 2.266531006e-04 1.059036014e-03 2.078748609e-03 3.296150327e-03 4.711966014e-03
 6.314717769e-03 8.074771478e-03 9.929146303e-03 1.178376061e-02 1.352656142e-02
 1.506172739e-02 1.635015660e-02 1.742074741e-02 1.834271004e-02 1.918634575e-02
 2.000137385e-02 2.081529759e-02 2.163991528e-02 2.247787079e-02 2.332712345e-02
 2.418347302e-02 2.504193894e-02 2.589743501e-02 2.674505927e-02 2.758015016e-02
 2.839814898e-02 2.919461610e-02 2.996521006e-02 3.070568168e-02 3.141191374e-02
 3.207989405e-02 3.270581047e-02 3.328606515e-02 3.381735293e-02 3.429675959e-02
 3.472180123e-02 3.509060655e-02 3.540201861e-02 3.565586406e-02 3.585333778e-02
 3.599761219e-02 3.609477346e-02 3.615490523e-02 3.619315501e-02 3.622956952e-02
 3.628585244e-02 3.637817388e-02 3.650858359e-02 3.666133345e-02 3.681577548e-02
-1.057969757e-04-2.379600260e-04-4.198843179e-04-6.476600928e-04-9.157639178e-04
-1.216678859e-03-1.540445556e-03-1.870931275e-03-2.168849977e-03-2.435512675e-03
-2.620094325e-03-2.701186572e-03-2.676252783e-03-2.506419694e-03-2.133285898e-03
-1.506205819e-03-6.197431792e-04 5.501960489e-04 2.031034646e-03 3.845896948e-03
 6.014158268e-03 8.546262284e-03 1.140507558e-02 1.442445882e-02 1.717798016e-02
 1.916882127e-02 2.026412223e-02 2.079928812e-02 2.121566190e-02 2.171595640e-02
 2.233543413e-02 2.305848013e-02 2.386042555e-02 2.471858542e-02 2.561438574e-02
 2.653311650e-02 2.746315809e-02 2.839519229e-02 2.932152431e-02 3.023553538e-02
 3.113126266e-02 3.200309870e-02 3.284559668e-02 3.365336376e-02 3.442102495e-02
 3.514324052e-02 3.581475995e-02 3.643049486e-02 3.698559403e-02 3.747550574e-02
 3.789601712e-02 3.824326879e-02 3.851375691e-02 3.870436241e-02 3.881250126e-02
 3.883660300e-02 3.877737017e-02 3.864078308e-02 3.844467894e-02 3.823107432e-02
 3.807879567e-02 3.808292025e-02 3.827286573e-02 3.858006869e-02 3.892141369e-02
-1.482289356e-04-3.348619294e-04-5.944636943e-04-9.240144738e-04-1.318666826e-03
-1.771110410e-03-2.270875732e-03-2.799402646e-03-3.324981483e-03-3.837235468e-03
-4.295932009e-03-4.657529870e-03-4.894238874e-03-4.955308567e-03-4.780728062e-03
-4.307608258e-03-3.476286134e-03-2.234685030e-03-5.402828021e-04 1.643120619e-03
 4.362958491e-03 7.734195370e-03 1.195341704e-02 1.765607214e-02 2.380653326e-02
 2.653023183e-02 2.578687988e-02 2.380174638e-02 2.340421677e-02 2.365398302e-02
 2.424348720e-02 2.502928585e-02 2.593303143e-02 2.690772928e-02 2.792351884e-02
 2.896065364e-02 3.000559024e-02 3.104859816e-02 3.208220119e-02 3.310012357e-02
 3.409657548e-02 3.506578795e-02 3.600174247e-02 3.689805756e-02 3.774799975e-02
 3.854458739e-02 3.928075271e-02 3.994952496e-02 4.054419488e-02 4.105842066e-02
 4.148623666e-02 4.182192691e-02 4.205972272e-02 4.219326940e-02 4.221477342e-02
 4.211367173e-02 4.187454346e-02 4.147383451e-02 4.087520195e-02 4.003536671e-02
 3.843940408e-02 3.814864616e-02 3.950081523e-02 4.049847301e-02 4.121107856e-02
-1.940412456e-04-4.407941053e-04-7.884822432e-04-1.237245815e-03-1.785549331e-03
-2.429134006e-03-3.159879204e-03-3.960211742e-03-4.802148962e-03-5.672936960e-03
-6.541830270e-03-7.351050544e-03-8.061111678e-03-8.604178050e-03-8.884431001e-03
-8.784768509e-03-8.182534429e-03-6.978195710e-03-5.123292613e-03-2.628532463e-03
 4.540021937e-04 4.054296855e-03 8.077145281e-03 1.230805920e-02 1.619933550e-02
 1.910200843e-02 2.090312226e-02 2.209943165e-02 2.315680037e-02 2.425071993e-02
 2.540574938e-02 2.660548777e-02 2.782906526e-02 2.906002208e-02 3.028725280e-02
 3.150392655e-02 3.270605930e-02 3.389120277e-02 3.505736663e-02 3.620219033e-02
 3.732235441e-02 3.841321785e-02 3.946866857e-02 4.048117295e-02 4.144200339e-02
 4.234161048e-02 4.317009117e-02 4.391768922e-02 4.457525390e-02 4.513458009e-02
 4.558855982e-02 4.593108684e-02 4.615666536e-02 4.625966474e-02 4.623311033e-02
 4.606676096e-02 4.574389127e-02 4.523539136e-02 4.448745368e-02 4.338099232e-02
 4.157452920e-02 4.111304303e-02 4.266190304e-02 4.369333333e-02 4.441662465e-02
-2.350871142e-04-5.384718752e-04-9.739261960e-04-1.548819074e-03-2.269338843e-03
-3.138409862e-03-4.153950739e-03-5.306907402e-03-6.555614133e-03-7.907424632e-03
-9.336088672e-03-1.080157621e-02-1.227421733e-02-1.370813046e-02-1.497598235e-02
-1.582815526e-02-1.589406258e-02-1.482901215e-02-1.253628729e-02-9.232417248e-03
-5.291819420e-03-1.051881236e-03 3.243842784e-03 7.407605244e-03 1.127780252e-02
 1.473604295e-02 1.774361326e-02 2.034455687e-02 2.262500945e-02 2.466832023e-02
 2.653561299e-02 2.826718419e-02 2.989017431e-02 3.142484860e-02 3.288803304e-02
 3.429443921e-02 3.565682674e-02 3.698565796e-02 3.828860560e-02 3.957008880e-02
 4.083092492e-02 4.206815586e-02 4.327510191e-02 4.444168811e-02 4.555506585e-02
 4.660051408e-02 4.756255552e-02 4.842617253e-02 4.917796692e-02 4.980709427e-02
 5.030582894e-02 5.066968379e-02 5.089710326e-02 5.098884754e-02 5.094727715e-02
 5.077585965e-02 5.047946670e-02 5.006669540e-02 4.955715173e-02 4.900030104e-02
 4.851117416e-02 4.825611629e-02 4.827410729e-02 4.842592686e-02 4.858955052e-02
-2.535952661e-04-5.896508164e-04-1.087723646e-03-1.770431310e-03-2.660754545e-03
-3.777267182e-03-5.128691212e-03-6.704424976e-03-8.472923435e-03-1.041066446e-02
-1.248733724e-02-1.469348239e-02-1.707936271e-02-1.982375632e-02-2.320297127e-02
-2.710254467e-02-3.020626323e-02-2.953513862e-02-2.477186247e-02-1.781360981e-02
-1.123896485e-02-5.323424310e-03 4.797900704e-05 4.963115424e-03 9.463788359e-03
 1.356564261e-02 1.727745525e-02 2.061275573e-02 2.359352293e-02 2.624924592e-02
 2.861491627e-02 3.072941220e-02 3.263399590e-02 3.437045242e-02 3.597896523e-02
 3.749616949e-02 3.895371623e-02 4.037738129e-02 4.178653756e-02 4.319377511e-02
 4.460456074e-02 4.601698539e-02 4.742176929e-02 4.880273161e-02 5.013788322e-02
 5.140120125e-02 5.256501921e-02 5.360281932e-02 5.449205118e-02 5.521647920e-02
 5.576757952e-02 5.614472743e-02 5.635427796e-02 5.640798232e-02 5.632135075e-02
 5.611253655e-02 5.580214839e-02 5.541414140e-02 5.497743378e-02 5.452671687e-02
 5.409908439e-02 5.372506814e-02 5.342289508e-02 5.320984182e-02 5.306202819e-02
-2.149705268e-04-5.180295985e-04-1.000285515e-03-1.715254016e-03-2.723457821e-03
-4.082675960e-03-5.834854127e-03-7.986036690e-03-1.048020889e-02-1.321861806e-02
-1.602096465e-02-1.871912430e-02-2.125875202e-02-2.394451822e-02-2.737436025e-02
-3.228070884e-02-3.740921713e-02-3.663491212e-02-2.991023577e-02-2.005947140e-02
-1.233640884e-02-5.740025001e-03 1.514916523e-04 5.544582782e-03 1.053596445e-02
 1.516016285e-02 1.941455630e-02 2.327705951e-02 2.672284774e-02 2.974067069e-02
 3.234486577e-02 3.457843794e-02 3.650642198e-02 3.820379762e-02 3.974398048e-02
 4.119160460e-02 4.259986423e-02 4.401067274e-02 4.545561951e-02 4.695633415e-02
 4.852375807e-02 5.015667376e-02 5.184038170e-02 5.354643245e-02 5.523392621e-02
 5.685250738e-02 5.834707442e-02 5.966414172e-02 6.075922732e-02 6.160361942e-02
 6.218826453e-02 6.252326370e-02 6.263338282e-02 6.255170169e-02 6.231382796e-02
 6.195409839e-02 6.150390022e-02 6.099143203e-02 6.044196837e-02 5.987778925e-02
 5.931725088e-02 5.876923055e-02 5.829473483e-02 5.785855175e-02 5.745158120e-02
-6.220198355e-05-1.900058972e-04-4.673843522e-04-1.003072582e-03-1.939520860e-03
-3.432155569e-03-5.617972154e-03-8.597155149e-03-1.241828785e-02-1.704237708e-02
-2.177269286e-02-2.515581409e-02-2.643078609e-02-2.601161631e-02-2.525232027e-02
-2.445586795e-02-2.315850463e-02-2.077107550e-02-1.707087479e-02-1.234317319e-02
-7.090225917e-03-1.672879088e-03 3.743502621e-03 9.096032038e-03 1.434923088e-02
 1.945124929e-02 2.430750124e-02 2.877322262e-02 3.268049208e-02 3.590291665e-02
 3.842083197e-02 4.033496580e-02 4.181767716e-02 4.304522076e-02 4.415736279e-02
 4.525126268e-02 4.639243478e-02 4.762832019e-02 4.899805388e-02 5.053582705e-02
 5.226698025e-02 5.419893937e-02 5.631256852e-02 5.855892147e-02 6.086161225e-02
 6.312146061e-02 6.522220180e-02 6.704162547e-02 6.847296500e-02 6.945220305e-02
 6.997612803e-02 7.009766247e-02 6.990123014e-02 6.947492610e-02 6.889334867e-02
 6.821277101e-02 6.747335786e-02 6.670339876e-02 6.592302965e-02 6.514673091e-02
 6.438473508e-02 6.364509773e-02 6.296647512e-02 6.232772726e-02 6.170555471e-02
 2.608627340e-04 5.518160713e-04 8.689115031e-04 1.061430164e-03 8.019456418e-04
-4.266131181e-04-2.908912259e-03-6.611127279e-03-1.168432067e-02-1.879070321e-02
-2.770075522e-02-3.240327185e-02-3.169136987e-02-2.581993190e-02-2.165050893e-02
-1.846585532e-02-1.554687903e-02-1.247651127e-02-9.033795848e-03-5.145966357e-03
-8.331581135e-04 3.852379540e-03 8.868898579e-03 1.420077024e-02 1.985190915e-02
 2.581532068e-02 3.199239376e-02 3.801711248e-02 4.311911145e-02 4.653665453e-02
 4.812673698e-02 4.851884464e-02 4.848932603e-02 4.851220962e-02 4.872886472e-02
 4.917118576e-02 4.983877734e-02 5.071717353e-02 5.184223393e-02 5.327633699e-02
 5.512680207e-02 5.747046864e-02 6.029099062e-02 6.349373458e-02 6.692840508e-02
 7.043491521e-02 7.380079540e-02 7.671536042e-02 7.882208381e-02 7.988175616e-02
 7.994048995e-02 7.929138467e-02 7.826608043e-02 7.708981720e-02 7.587609894e-02
 7.467639709e-02 7.351054264e-02 7.238574673e-02 7.130473659e-02 7.026730898e-02
 6.927335781e-02 6.832414370e-02 6.744387056e-02 6.661204949e-02 6.582536713e-02
 7.070276638e-04 1.621019178e-03 2.955684403e-03 4.825185371e-03 7.201627189e-03
 6.892417148e-03 3.098655139e-03-9.958957697e-04-5.264350843e-03-9.804630171e-03
-1.400720127e-02-1.664377218e-02-1.703286240e-02-1.557514588e-02-1.338768983e-02
-1.098785548e-02-8.431078943e-03-5.655766767e-03-2.588840753e-03 8.262679350e-04
 4.629152564e-03 8.854347370e-03 1.354900870e-02 1.879514699e-02 2.474276874e-02
 3.167567606e-02 4.018015773e-02 5.170993474e-02 6.289684954e-02 6.689772942e-02
 6.327561505e-02 5.723225926e-02 5.425907393e-02 5.278389178e-02 5.217540208e-02
 5.211412112e-02 5.240261326e-02 5.289097150e-02 5.344661130e-02 5.404320152e-02
 5.547825095e-02 5.837425716e-02 6.264658681e-02 6.771186372e-02 7.298068423e-02
 7.860415359e-02 8.481600041e-02 9.127020974e-02 9.569456461e-02 9.647325729e-02
 9.346064840e-02 8.992456528e-02 8.704194382e-02 8.467537702e-02 8.265724257e-02
 8.087810030e-02 7.926979434e-02 7.778888500e-02 7.641162864e-02 7.511875368e-02
 7.390296886e-02 7.275965430e-02 7.168437878e-02 7.066210777e-02 6.967337132e-02
 1.099161406e-03 2.528786595e-03 4.615849783e-03 7.457184080e-03 1.079803859e-02
 1.098140131e-02 7.330967308e-03 4.061513374e-03 1.222345287e-03-1.292855707e-03
-3.370978508e-03-4.834329265e-03-5.527907219e-03-5.445826213e-03-4.698488433e-03
-3.421378501e-03-1.712178250e-03 3.794518433e-04 2.838100199e-03 5.668135801e-03
 8.885648370e-03 1.251674875e-02 1.660058075e-02 2.119549493e-02 2.638640383e-02
 3.228562766e-02 3.898587594e-02 4.624455137e-02 5.253079459e-02 5.594648706e-02
 5.619967404e-02 5.486253843e-02 5.370122599e-02 5.311918503e-02 5.306185255e-02
 5.340982127e-02 5.404157292e-02 5.482625400e-02 5.559130509e-02 5.608174805e-02
 5.745741631e-02 6.074790903e-02 6.606449374e-02 7.203661097e-02 7.797610674e-02
 8.429422467e-02 9.152842189e-02 1.002497319e-01 1.055527116e-01 1.058309036e-01
 1.010180916e-01 9.651961558e-02 9.317626024e-02 9.049077381e-02 8.820333032e-02
 8.617619024e-02 8.433350361e-02 8.263176449e-02 8.104490615e-02 7.955648186e-02
 7.815538014e-02 7.683325603e-02 7.558285592e-02 7.439741921e-02 7.327669408e-02
 1.361464776e-03 3.107557514e-03 5.599770252e-03 8.874128918e-03 1.259846226e-02
 1.296619589e-02 9.178861894e-03 7.207008448e-03 5.643543511e-03 4.224329244e-03
 3.005149124e-03 2.093976704e-03 1.567550867e-03 1.466517905e-03 1.797204351e-03
 2.543890599e-03 3.683205996e-03 5.194149411e-03 7.062303327e-03 9.280029959e-03
 1.184479574e-02 1.475671104e-02 1.801505564e-02 2.161220974e-02 2.552179829e-02
 2.967629785e-02 3.393151828e-02 3.803267227e-02 4.162591196e-02 4.456617127e-02
 4.677853169e-02 4.834008050e-02 4.956234866e-02 5.070467195e-02 5.192956506e-02
 5.332146741e-02 5.492110540e-02 5.675596347e-02 5.887132599e-02 6.136420535e-02
 6.438225427e-02 6.803496993e-02 7.229515502e-02 7.699593172e-02 8.191862456e-02
 8.684720102e-02 9.150791878e-02 9.547238083e-02 9.821182436e-02 9.940081999e-02
 9.915531718e-02 9.793894920e-02 9.622770371e-02 9.431885011e-02 9.236239818e-02
 9.043068960e-02 8.855903015e-02 8.676446577e-02 8.505433661e-02 8.343045389e-02
 8.189132931e-02 8.043345912e-02 7.905212338e-02 7.774203368e-02 7.650375893e-02
 1.537533593e-03 3.493801268e-03 6.257319907e-03 9.843272467e-03 1.387729947e-02
 1.455705525e-02 1.130463114e-02 9.887417763e-03 8.930648571e-03 8.026366399e-03
 7.245403108e-03 6.643447450e-03 6.268207946e-03 6.155836902e-03 6.329838586e-03
 6.802610052e-03 7.578459660e-03 8.656711707e-03 1.003392822e-02 1.170487317e-02
 1.366222421e-02 1.589512076e-02 1.838654216e-02 2.110944275e-02 2.402180524e-02
 2.706168020e-02 3.014513950e-02 3.317227214e-02 3.604536662e-02 3.867832648e-02
 4.117221433e-02 4.349014778e-02 4.567254691e-02 4.781745459e-02 5.001202495e-02
 5.233602178e-02 5.485918977e-02 5.764175024e-02 6.073632269e-02 6.418661619e-02
 6.801962682e-02 7.223147171e-02 7.676908619e-02 8.151677190e-02 8.629225420e-02
 9.085224303e-02 9.491246484e-02 9.819005891e-02 1.004653842e-01 1.016429194e-01
 1.017801406e-01 1.010623778e-01 9.973437629e-02 9.802945850e-02 9.613008336e-02
 9.416142847e-02 9.220180250e-02 9.029646779e-02 8.846917049e-02 8.673030025e-02
 8.508224146e-02 8.352275081e-02 8.204704438e-02 8.064883669e-02 7.930841785e-02
 1.673527940e-03 3.794994024e-03 6.778152666e-03 1.062826775e-02 1.497132550e-02
 1.600187474e-02 1.303102211e-02 1.201855395e-02 1.138047837e-02 1.077557332e-02
 1.023394193e-02 9.793530503e-03 9.490195162e-03 9.355204686e-03 9.413955277e-03
 9.685670493e-03 1.018380071e-02 1.091673528e-02 1.188846496e-02 1.309893993e-02
 1.454400332e-02 1.621488865e-02 1.809737421e-02 2.017081406e-02 2.240744847e-02
 2.477262005e-02 2.722666911e-02 2.972908831e-02 3.224484976e-02 3.475142949e-02
 3.724020723e-02 3.972547052e-02 4.230055438e-02 4.495008266e-02 4.771712495e-02
 5.062617852e-02 5.380048250e-02 5.728753907e-02 6.114980507e-02 6.542167351e-02
 7.006922799e-02 7.511256340e-02 8.054274527e-02 8.629375508e-02 9.219835389e-02
 9.791702074e-02 1.029288345e-01 1.067253875e-01 1.089967302e-01 1.096648097e-01
 1.089021151e-01 1.071324200e-01 1.048496057e-01 1.023941340e-01 9.994287262e-02
 9.757876376e-02 9.533731598e-02 9.323004609e-02 9.125622387e-02 8.940899566e-02
 8.767868089e-02 8.605457246e-02 8.452592509e-02 8.308277267e-02 8.172785233e-02
 1.796095104e-03 4.068364850e-03 7.254520100e-03 1.135011911e-02 1.597330052e-02
 1.729990533e-02 1.462653952e-02 1.380631887e-02 1.337677650e-02 1.292137973e-02
 1.247432780e-02 1.207103742e-02 1.174507680e-02 1.152643100e-02 1.144079072e-02
 1.150940611e-02 1.174922131e-02 1.217311000e-02 1.279009320e-02 1.360547312e-02
 1.462085105e-02 1.583406382e-02 1.723911918e-02 1.882626208e-02 2.058234501e-02
 2.249168434e-02 2.453751293e-02 2.670404027e-02 2.897887834e-02 3.135542579e-02
 3.383474255e-02 3.642631195e-02 3.914920846e-02 4.204312891e-02 4.513812923e-02
 4.845609444e-02 5.207034038e-02 5.603706189e-02 6.041444591e-02 6.525310013e-02
 7.058881893e-02 7.650065689e-02 8.309795092e-02 9.052762765e-02 9.901586757e-02
 1.091795587e-01 1.183119869e-01 1.243225299e-01 1.268795067e-01 1.257827785e-01
 1.211148784e-01 1.148929921e-01 1.101734982e-01 1.062821738e-01 1.029741905e-01
 1.001006207e-01 9.756120714e-02 9.528557578e-02 9.322264098e-02 9.133415497e-02
 8.959065981e-02 8.796887291e-02 8.644993131e-02 8.501799783e-02 8.365116341e-02
 1.920662977e-03 4.350336268e-03 7.755885159e-03 1.212802831e-02 1.705417446e-02
 1.866810578e-02 1.629060096e-02 1.565748758e-02 1.527699428e-02 1.480063827e-02
 1.428908071e-02 1.378727450e-02 1.332996394e-02 1.294554578e-02 1.265805309e-02
 1.248814731e-02 1.245362624e-02 1.256969786e-02 1.284907645e-02 1.330190359e-02
 1.393565260e-02 1.475506115e-02 1.576215119e-02 1.695640310e-02 1.833515670e-02
 1.989429468e-02 2.162925241e-02 2.353604125e-02 2.561239543e-02 2.785893561e-02
 3.028019872e-02 3.288548360e-02 3.568936232e-02 3.871161760e-02 4.197688572e-02
 4.551538661e-02 4.936402891e-02 5.356644251e-02 5.817415151e-02 6.325085982e-02
 6.888111207e-02 7.518328761e-02 8.232765278e-02 9.056907182e-02 1.002983777e-01
 1.119806330e-01 1.223677333e-01 1.287609526e-01 1.312253891e-01 1.296706432e-01
 1.239554455e-01 1.167208386e-01 1.112787977e-01 1.070452733e-01 1.036141505e-01
 1.007401723e-01 9.826770706e-02 9.609364148e-02 9.414714075e-02 9.237802427e-02
 9.074979365e-02 8.923528026e-02 8.781379533e-02 8.646899167e-02 8.518821375e-02
 2.047294998e-03 4.643299493e-03 8.295639381e-03 1.301429649e-02 1.844739815e-02
 2.080776248e-02 1.922035263e-02 1.815979884e-02 1.734954984e-02 1.656503897e-02
 1.579775555e-02 1.506014677e-02 1.436791515e-02 1.373772087e-02 1.318646121e-02
 1.273097102e-02 1.238795981e-02 1.217402706e-02 1.210541235e-02 1.219720977e-02
 1.246281508e-02 1.291355097e-02 1.355842161e-02 1.440401062e-02 1.545461178e-02
 1.671281958e-02 1.818087796e-02 1.986081978e-02 2.175481296e-02 2.386579607e-02
 2.619833627e-02 2.875907180e-02 3.155702875e-02 3.460383100e-02 3.791389633e-02
 4.150464028e-02 4.539674497e-02 4.961458289e-02 5.418717139e-02 5.915071037e-02
 6.455914177e-02 7.051472922e-02 7.713513042e-02 8.447268565e-02 9.266326117e-02
 1.017108097e-01 1.098891671e-01 1.152055472e-01 1.174064100e-01 1.161679093e-01
 1.128265005e-01 1.095276285e-01 1.064512917e-01 1.037243635e-01 1.013278758e-01
 9.921070052e-02 9.731936152e-02 9.560746684e-02 9.403744008e-02 9.257978745e-02
 9.121175412e-02 8.991601407e-02 8.867961169e-02 8.749332665e-02 8.635658961e-02
 2.156446844e-03 4.896211684e-03 8.762343588e-03 1.378081074e-02 1.960643975e-02
 2.248848465e-02 2.148412959e-02 2.016186452e-02 1.900171713e-02 1.789338043e-02
 1.683300244e-02 1.581465733e-02 1.484030805e-02 1.391724689e-02 1.305622452e-02
 1.227046109e-02 1.157511765e-02 1.098904027e-02 1.053626971e-02 1.023938515e-02
 1.011928943e-02 1.019481652e-02 1.048216599e-02 1.099408570e-02 1.173860691e-02
 1.271691866e-02 1.393815555e-02 1.540870561e-02 1.713201985e-02 1.910979907e-02
 2.134436539e-02 2.383842198e-02 2.659476328e-02 2.961662078e-02 3.290763953e-02
 3.647159844e-02 4.031189652e-02 4.443065997e-02 4.882695144e-02 5.349283497e-02
 5.838976405e-02 6.368468194e-02 6.935687114e-02 7.521701022e-02 8.115223442e-02
 8.683973592e-02 9.185448373e-02 9.581614791e-02 9.850455073e-02 9.993059012e-02
 1.003275721e-01 1.000307113e-01 9.932983256e-02 9.841858884e-02 9.741052536e-02
 9.636654092e-02 9.531637083e-02 9.427267477e-02 9.323946108e-02 9.221682546e-02
 9.120347801e-02 9.019800274e-02 8.919940554e-02 8.820708511e-02 8.721052876e-02
 2.229603561e-03 5.061713752e-03 9.055820915e-03 1.423276536e-02 2.023300608e-02
 2.327390677e-02 2.236866250e-02 2.106122277e-02 1.978613752e-02 1.850858068e-02
 1.723178786e-02 1.596235798e-02 1.470725250e-02 1.347480826e-02 1.227515772e-02
 1.112024772e-02 1.003164255e-02 9.037384383e-03 8.165860668e-03 7.445115088e-03
 6.902319155e-03 6.563255604e-03 6.451782142e-03 6.589268922e-03 6.994044675e-03
 7.680984547e-03 8.661842857e-03 9.943080350e-03 1.152308878e-02 1.338790975e-02
 1.554039215e-02 1.798131306e-02 2.070645630e-02 2.371056065e-02 2.698752862e-02
 3.052953527e-02 3.432678120e-02 3.836636406e-02 4.263091664e-02 4.709676117e-02
 5.173046244e-02 5.651267266e-02 6.135255524e-02 6.636435994e-02 7.134954708e-02
 7.603634216e-02 8.027773516e-02 8.395166649e-02 8.697629612e-02 8.933200165e-02
 9.106056025e-02 9.224591626e-02 9.298783439e-02 9.338084409e-02 9.350364771e-02
 9.341701870e-02 9.316611127e-02 9.278412915e-02 9.229579335e-02 9.172005422e-02
 9.107199745e-02 9.036408785e-02 8.960693637e-02 8.880991231e-02 8.798858612e-02
 2.266328678e-03 5.142128954e-03 9.191671554e-03 1.442858188e-02 2.050364658e-02
 2.362058027e-02 2.264482365e-02 2.130645580e-02 1.994351656e-02 1.852063168e-02
 1.704939549e-02 1.554044543e-02 1.400364202e-02 1.244880002e-02 1.088623207e-02
 9.337961697e-03 7.835290136e-03 6.410671253e-03 5.097158275e-03 3.927924544e-03
 2.935762405e-03 2.152582815e-03 1.608909716e-03 1.333361305e-03 1.352108907e-03
 1.688296198e-03 2.361304803e-03 3.385782875e-03 4.770493557e-03 6.517299502e-03
 8.621430412e-03 1.106654532e-02 1.381761938e-02 1.686107720e-02 2.018700633e-02
 2.377822900e-02 2.761600828e-02 3.167851620e-02 3.594051696e-02 4.037227273e-02
 4.493881924e-02 4.959931747e-02 5.430706729e-02 5.900597247e-02 6.361461177e-02
 6.803566681e-02 7.217763065e-02 7.596413290e-02 7.933940942e-02 8.227183574e-02
 8.475405429e-02 8.679933061e-02 8.843550941e-02 8.969862716e-02 9.062775182e-02
 9.126162796e-02 9.163691526e-02 9.178748500e-02 9.174426811e-02 9.153531947e-02
 9.118593110e-02 9.071873935e-02 9.015382372e-02 8.950873617e-02 8.879603310e-02
 2.275862360e-03 5.161117469e-03 9.218983470e-03 1.445792638e-02 2.049739836e-02
 2.352868333e-02 2.257876087e-02 2.117526947e-02 1.968714810e-02 1.809779291e-02
 1.641789513e-02 1.465687832e-02 1.282366784e-02 1.092702848e-02 8.986421213e-03
 7.035419035e-03 5.109391395e-03 3.244987894e-03 1.479698175e-03-1.486283541e-04
-1.602260698e-03-2.844063130e-03-3.837972589e-03-4.549485863e-03-4.946174262e-03
-4.998253970e-03-4.679236218e-03-3.966731967e-03-2.843401181e-03-1.298067591e-03
 6.728239968e-04 3.063340203e-03 5.856128990e-03 9.022196242e-03 1.251349139e-02
 1.626944024e-02 2.027502248e-02 2.450303672e-02 2.892415625e-02 3.350592980e-02
 3.821227956e-02 4.300245101e-02 4.783028180e-02 5.264333097e-02 5.738297713e-02
 6.198648389e-02 6.639075654e-02 7.053644440e-02 7.437148199e-02 7.785375860e-02
 8.095280484e-02 8.365048972e-02 8.594084732e-02 8.782922680e-02 8.933094645e-02
 9.046957889e-02 9.127496616e-02 9.178108609e-02 9.202393374e-02 9.203960132e-02
 9.186271036e-02 9.152528114e-02 9.105604481e-02 9.048009941e-02 8.981821352e-02
 2.267485317e-03 5.140236768e-03 9.177102613e-03 1.438328912e-02 2.038974095e-02
 2.338927878e-02 2.230439972e-02 2.079432057e-02 1.915056375e-02 1.737085099e-02
 1.546185095e-02 1.343016671e-02 1.128209198e-02 9.030304372e-03 6.709015271e-03
 4.355086429e-03 2.007390790e-03-2.936778060e-04-2.506723249e-03-4.589850686e-03
-6.501155748e-03-8.199193766e-03-9.643430173e-03-1.079468017e-02-1.161555379e-02
-1.207093130e-02-1.212850678e-02-1.175943370e-02-1.093912659e-02-9.648271650e-03
-7.874077366e-03-5.611877529e-03-2.867026777e-03 3.427392239e-04 3.984497449e-03
 8.007918708e-03 1.234268685e-02 1.689701496e-02 2.165032926e-02 2.657052297e-02
 3.162334091e-02 3.677244919e-02 4.197792813e-02 4.719573307e-02 5.237727647e-02
 5.746948716e-02 6.241535015e-02 6.715495798e-02 7.162716835e-02 7.577204340e-02
 7.953419431e-02 8.286688992e-02 8.573637132e-02 8.812545722e-02 9.003546265e-02
 9.148578750e-02 9.251115129e-02 9.315710681e-02 9.347488002e-02 9.351659868e-02
 9.333163462e-02 9.296431237e-02 9.245285662e-02 9.182939928e-02 9.112706457e-02
 2.248035335e-03 5.094840262e-03 9.092925865e-03 1.424521250e-02 2.017549076e-02
 2.307255950e-02 2.188364761e-02 2.024737235e-02 1.843000582e-02 1.644244274e-02
 1.428864030e-02 1.197222623e-02 9.496601973e-03 6.892752051e-03 4.197559875e-03
 1.450749437e-03-1.305685696e-03-4.028084064e-03-6.671692446e-03-9.191216108e-03
-1.154133169e-02-1.367715686e-02-1.555467564e-02-1.713112492e-02-1.836535616e-02
-1.921819552e-02-1.965283431e-02-1.963529527e-02-1.913502570e-02-1.812568003e-02
-1.658616882e-02-1.450203070e-02-1.186720720e-02-8.686233512e-03-4.976946241e-03
-7.736459847e-04 3.869166860e-03 8.873337231e-03 1.413436306e-02 1.956948466e-02
 2.515427968e-02 3.086120382e-02 3.666067977e-02 4.251918101e-02 4.839776026e-02
 5.425002594e-02 6.001978667e-02 6.563868903e-02 7.102473278e-02 7.608323178e-02
 8.071209770e-02 8.481240858e-02 8.830280396e-02 9.113364864e-02 9.329614803e-02
 9.482319276e-02 9.578162270e-02 9.625866102e-02 9.634721233e-02 9.613431614e-02
 9.569464677e-02 9.508849886e-02 9.436259168e-02 9.355195807e-02 9.267153986e-02
 2.222245092e-03 5.035464311e-03 8.984764532e-03 1.407145345e-02 1.990697784e-02
 2.267493159e-02 2.140941354e-02 1.960398862e-02 1.760210618e-02 1.539746520e-02
 1.299059430e-02 1.038155758e-02 7.587637280e-03 4.644731872e-03 1.592306073e-03
-1.527174155e-03-4.668889615e-03-7.786312148e-03-1.083183368e-02-1.375735717e-02
-1.651483386e-02-1.905673520e-02-2.133645440e-02-2.330863966e-02-2.492947000e-02
-2.615689439e-02-2.695086568e-02-2.727361162e-02-2.708999787e-02-2.636804937e-02
-2.507970549e-02-2.320189919e-02-2.071804692e-02-1.762004877e-02-1.391085173e-02
-9.607610145e-03-4.745383011e-03 6.186145386e-04 6.400345952e-03 1.248592208e-02
 1.874018665e-02 2.515203152e-02 3.170782954e-02 3.839246879e-02 4.518652140e-02
 5.206242694e-02 5.897820879e-02 6.586786616e-02 7.262830243e-02 7.910600251e-02
 8.509413688e-02 9.035617832e-02 9.467842410e-02 9.792695122e-02 1.000822949e-01
 1.012425783e-01 1.015935509e-01 1.013535533e-01 1.007202866e-01 9.984439562e-02
 9.882895870e-02 9.774015095e-02 9.661876780e-02 9.548928381e-02 9.437232469e-02
 2.193433062e-03 4.969475681e-03 8.865354568e-03 1.388126703e-02 1.965338579e-02
 2.236606443e-02 2.086948008e-02 1.892075913e-02 1.673276936e-02 1.431122689e-02
 1.165446387e-02 8.761973354e-03 5.666540350e-03 2.405826278e-03-9.785289019e-04
-4.441690268e-03-7.936383535e-03-1.141363070e-02-1.482344665e-02-1.811547911e-02
-2.123957416e-02-2.414625374e-02-2.678709699e-02-2.911502500e-02-3.108449697e-02
-3.265163627e-02-3.377431513e-02-3.441223913e-02-3.452708504e-02-3.408275861e-02
-3.304585393e-02-3.138640698e-02-2.907905014e-02-2.610467684e-02-2.245273154e-02
-1.812421832e-02-1.313548988e-02-7.522754118e-03-1.347122232e-03 5.299702198e-03
 1.229016623e-02 1.947182411e-02 2.685529647e-02 3.445377129e-02 4.228466501e-02
 5.036787775e-02 5.872144352e-02 6.735055991e-02 7.622042359e-02 8.518743320e-02
 9.384770504e-02 1.014501377e-01 1.072693521e-01 1.109260024e-01 1.123784738e-01
 1.119543743e-01 1.103433035e-01 1.082694607e-01 1.061331119e-01 1.040889596e-01
 1.021847602e-01 1.004255309e-01 9.879983962e-02 9.729092536e-02 9.588158637e-02
 2.164067103e-03 4.902384587e-03 8.744326528e-03 1.368902864e-02 1.934622756e-02
 2.189767120e-02 2.035817078e-02 1.824391008e-02 1.587505443e-02 1.324442216e-02
 1.034714955e-02 7.195892823e-03 3.826073395e-03 2.777130142e-04-3.405238259e-03
-7.175662091e-03-1.098406048e-02-1.477933568e-02-1.850953222e-02-2.212251382e-02
-2.556655178e-02-2.879080690e-02-3.174569369e-02-3.438312344e-02-3.665663209e-02
-3.852140890e-02-3.993425273e-02-4.085349471e-02-4.123893882e-02-4.105188588e-02
-4.025532135e-02-3.881436396e-02-3.669708739e-02-3.387584274e-02-3.032921587e-02
-2.604475240e-02-2.102255800e-02-1.527984110e-02-8.856363562e-03-1.820486619e-03
 5.724472539e-03 1.363403428e-02 2.178022346e-02 3.020611942e-02 3.897060775e-02
 4.815584864e-02 5.787753682e-02 6.830157794e-02 7.967444430e-02 9.239509727e-02
 1.073032149e-01 1.203526162e-01 1.291174285e-01 1.331033108e-01 1.321559246e-01
 1.270782289e-01 1.199823315e-01 1.147589131e-01 1.106684531e-01 1.073582547e-01
 1.046104900e-01 1.022777898e-01 1.002563765e-01 9.847132722e-02 9.686407310e-02
 2.136082608e-03 4.838544378e-03 8.629372182e-03 1.350694808e-02 1.908533016e-02
 2.154798084e-02 1.986933633e-02 1.761002020e-02 1.507503966e-02 1.225370523e-02
 9.139322531e-03 5.757679085e-03 2.145786422e-03-1.654480777e-03-5.597219688e-03
-9.633354835e-03-1.371149917e-02-1.777879516e-02-2.178170648e-02-2.566673213e-02
-2.938101744e-02-3.287284219e-02-3.609197237e-02-3.898987098e-02-4.151977206e-02
-4.363663262e-02-4.529698778e-02-4.645874615e-02-4.708097497e-02-4.712373856e-02
-4.654806939e-02-4.531616780e-02-4.339194610e-02-4.074205043e-02-3.733751097e-02
-3.315617830e-02-2.818609603e-02-2.242991824e-02-1.591039728e-02-8.676848628e-03
-8.121922143e-04 7.560205984e-03 1.627079232e-02 2.524986122e-02 3.456907235e-02
 4.432839933e-02 5.467134451e-02 6.581030067e-02 7.807010400e-02 9.196395321e-02
 1.086542131e-01 1.220102401e-01 1.346882605e-01 1.373733142e-01 1.357427287e-01
 1.297839935e-01 1.215505337e-01 1.156582937e-01 1.111799360e-01 1.076606917e-01
 1.048083174e-01 1.024310418e-01 1.003994063e-01 9.862377571e-02 9.704810663e-02
 2.111019213e-03 4.781422416e-03 8.526633647e-03 1.334446028e-02 1.886173724e-02
 2.125894111e-02 1.941754466e-02 1.704805296e-02 1.436766669e-02 1.137935961e-02
 8.080355636e-03 4.503523062e-03 6.875207987e-04-3.324069278e-03-7.483624731e-03
-1.174039530e-02-1.604141964e-02-2.033241615e-02-2.455861656e-02-2.866551180e-02
-3.259948293e-02-3.630829587e-02-3.974144540e-02-4.285034286e-02-4.558835134e-02
-4.791068233e-02-4.977417840e-02-5.113701817e-02-5.195839184e-02-5.219820952e-02
-5.181692019e-02-5.077553709e-02-4.903598594e-02-4.656191399e-02-4.332011945e-02
-3.928277680e-02-3.443063640e-02-2.875735609e-02-2.227505790e-02-1.502106681e-02
-7.065590661e-03 1.480214544e-03 1.045687231e-02 1.965257261e-02 2.906619646e-02
 3.875002719e-02 4.876883507e-02 5.919851818e-02 7.011689195e-02 8.156131018e-02
 9.322294797e-02 1.033837412e-01 1.113755345e-01 1.162043852e-01 1.175116019e-01
 1.158218355e-01 1.126025711e-01 1.095300751e-01 1.068489062e-01 1.045297441e-01
 1.025113215e-01 1.007335157e-01 9.914493219e-02 9.770377969e-02 9.636712450e-02
 2.090085119e-03 4.733742952e-03 8.440946534e-03 1.320894297e-02 1.864326717e-02
 2.091947474e-02 1.907464783e-02 1.658278919e-02 1.378187418e-02 1.065594517e-02
 7.209471458e-03 3.476950352e-03-5.014067514e-04-4.680500015e-03-9.011242973e-03
-1.344150552e-02-1.791706571e-02-2.238253544e-02-2.678222485e-02-3.106091229e-02
-3.516449092e-02-3.904046942e-02-4.263831155e-02-4.590960885e-02-4.880809009e-02
-5.128948155e-02-5.331124271e-02-5.483221358e-02-5.581222149e-02-5.621170922e-02
-5.599146170e-02-5.511252706e-02-5.353644920e-02-5.122595301e-02-4.814624848e-02
-4.426714199e-02-3.956615546e-02-3.403284545e-02-2.767446934e-02-2.052304657e-02
-1.264367870e-02-4.143718319e-03 4.817956567e-03 1.402240734e-02 2.326836381e-02
 3.255332603e-02 4.186082353e-02 5.114774644e-02 6.032211411e-02 6.921084451e-02
 7.753387591e-02 8.493219134e-02 9.106199518e-02 9.568724579e-02 9.875316529e-02
 1.004211399e-01 1.010203578e-01 1.009209910e-01 1.004157583e-01 9.969064613e-02
 9.885178803e-02 9.795692160e-02 9.703657481e-02 9.610652691e-02 9.517979549e-02
 2.074191751e-03 4.697563612e-03 8.375968452e-03 1.310642341e-02 1.851497355e-02
 2.078166468e-02 1.878979284e-02 1.623151252e-02 1.334125240e-02 1.011306991e-02
 6.557846810e-03 2.711087181e-03-1.385915163e-03-5.686960553e-03-1.014188796e-02
-1.469755583e-02-1.929882767e-02-2.388952720e-02-2.841332721e-02-3.281453817e-02
-3.703876693e-02-4.103342254e-02-4.474805391e-02-4.813451359e-02-5.114695168e-02
-5.374165434e-02-5.587675196e-02-5.751183345e-02-5.860751482e-02-5.912502378e-02
-5.902587782e-02-5.827175140e-02-5.682464992e-02-5.464753296e-02-5.170555563e-02
-4.796812143e-02-4.341195534e-02-3.802540113e-02-3.181410540e-02-2.480814858e-02
-1.707049698e-02-8.706350191e-03 1.274776032e-04 9.214633627e-03 1.827484375e-02
 2.719824874e-02 3.594386410e-02 4.444960591e-02 5.262768894e-02 6.036299520e-02
 6.751847307e-02 7.395072060e-02 7.953419863e-02 8.418716448e-02 8.789059058e-02
 9.069278668e-02 9.269688119e-02 9.403584552e-02 9.484592577e-02 9.524827188e-02
 9.534141881e-02 9.520145015e-02 9.488559377e-02 9.443650965e-02 9.388848123e-02
 2.063978438e-03 4.674319854e-03 8.334233437e-03 1.304049969e-02 1.840482396e-02
 2.060758234e-02 1.861995718e-02 1.600787200e-02 1.306116987e-02 9.768943191e-03
 6.145865382e-03 2.228074698e-03-1.942456403e-03-6.318836937e-03-1.085023136e-02
-1.548286639e-02-2.016103938e-02-2.482809302e-02-2.942732017e-02-3.390276434e-02
-3.819988616e-02-4.226607250e-02-4.605097331e-02-4.950666044e-02-5.258761307e-02
-5.525054442e-02-5.745409548e-02-5.915843229e-02-6.032479556e-02-6.091506436e-02
-6.089141125e-02-6.021614469e-02-5.885185611e-02-5.676201407e-02-5.391217437e-02
-5.027199959e-02-4.581829649e-02-4.053927448e-02-3.444018412e-02-2.755038933e-02
-1.993173098e-02-1.168772835e-02-2.972726518e-03 6.000428815e-03 1.495618800e-02
 2.367812477e-02 3.212660806e-02 4.024848142e-02 4.797814224e-02 5.524052803e-02
 6.195662273e-02 6.805143832e-02 7.346342982e-02 7.815338845e-02 8.211054147e-02
 8.535413064e-02 8.793003280e-02 8.990353823e-02 9.135048599e-02 9.234903698e-02
 9.297354973e-02 9.329094358e-02 9.335916933e-02 9.322698825e-02 9.292829173e-02
 2.059847064e-03 4.664909299e-03 8.317309118e-03 1.301368192e-02 1.836085059e-02
 2.053711513e-02 1.855411733e-02 1.591823533e-02 1.295034557e-02 9.633969792e-03
 5.985280005e-03 2.040726558e-03-2.157413458e-03-6.561955687e-03-1.112178742e-02
-1.578288140e-02-2.048931155e-02-2.518423435e-02-2.981079920e-02-3.431295293e-02
-3.863610861e-02-4.272765540e-02-4.653729428e-02-5.001719450e-02-5.312197500e-02
-5.580852609e-02-5.803569708e-02-5.976388662e-02-6.095458450e-02-6.156992683e-02
-6.157234179e-02-6.092438156e-02-5.958885780e-02-5.752942251e-02-5.471176308e-02
-5.110560411e-02-4.668772374e-02-4.144618606e-02-3.538594535e-02-2.853586964e-02
-2.095702997e-02-1.275178073e-02-4.072700059e-03 4.870123060e-03 1.380559349e-02
 2.247988858e-02 3.085494436e-02 3.888182754e-02 4.650253079e-02 5.365325423e-02
 6.026925085e-02 6.629091923e-02 7.167035161e-02 7.637718200e-02 8.040252095e-02
 8.376010382e-02 8.648443880e-02 8.862648607e-02 9.024794445e-02 9.141537092e-02
 9.219511960e-02 9.264963437e-02 9.283518865e-02 9.280105527e-02 9.259770001e-02
 2.061986261e-03 4.669771248e-03 8.326020698e-03 1.302747468e-02 1.840583423e-02
 2.063964943e-02 1.856994446e-02 1.596649431e-02 1.301302676e-02 9.712488869e-03
 6.080623693e-03 2.153784591e-03-2.025871584e-03-6.411290612e-03-1.095149284e-02
-1.559258051e-02-2.027874753e-02-2.495325557e-02-2.955933976e-02-3.404100935e-02
-3.834371346e-02-4.241484868e-02-4.620409348e-02-4.966356393e-02-5.274779523e-02
-5.541356380e-02-5.761957577e-02-5.932605828e-02-6.049430210e-02-6.108621735e-02
-6.106397927e-02-6.038985963e-02-5.902636074e-02-5.693679452e-02-5.408647530e-02
-5.044472051e-02-4.598786901e-02-4.070352299e-02-3.459617712e-02-2.769429551e-02
-2.005870533e-02-1.179186911e-02-3.047156239e-03 5.963318565e-03 1.496430947e-02
 2.373633558e-02 3.223979146e-02 4.042070741e-02 4.821146769e-02 5.553360696e-02
 6.230349127e-02 6.844096046e-02 7.387980580e-02 7.857781811e-02 8.252372133e-02
 8.573892377e-02 8.827355032e-02 9.019809937e-02 9.159338322e-02 9.254145653e-02
 9.311915771e-02 9.339453948e-02 9.342558814e-02 9.326022125e-02 9.292838684e-02
 2.070331134e-03 4.688771911e-03 8.360164785e-03 1.308134700e-02 1.845791530e-02
 2.066664103e-02 1.873573634e-02 1.615329104e-02 1.324771487e-02 1.000231238e-02
 6.429175609e-03 2.564105576e-03-1.551299825e-03-5.870547848e-03-1.034320677e-02
-1.491589527e-02-1.953327446e-02-2.413900770e-02-2.867665217e-02-3.309044837e-02
-3.732597792e-02-4.133066658e-02-4.505411744e-02-4.844826881e-02-5.146738059e-02
-5.406786409e-02-5.620798010e-02-5.784744159e-02-5.894696911e-02-5.946786017e-02
-5.937164950e-02-5.861995530e-02-5.717462860e-02-5.499834756e-02-5.205582562e-02
-4.831582754e-02-4.375420397e-02-3.835815244e-02-3.213187416e-02-2.510369900e-02
-1.733456871e-02-8.927471268e-03-3.701780363e-05 9.122161569e-03 1.827010600e-02
 2.729308450e-02 3.615226850e-02 4.478612602e-02 5.310430224e-02 6.098427900e-02
 6.827605771e-02 7.481948152e-02 8.047265179e-02 8.514277478e-02 8.880888564e-02
 9.152760326e-02 9.341794743e-02 9.463078222e-02 9.531690688e-02 9.560634218e-02
 9.560137590e-02 9.537844253e-02 9.499329857e-02 9.448640808e-02 9.389124859e-02
 2.084524325e-03 4.721100400e-03 8.418278384e-03 1.317328506e-02 1.860316481e-02
 2.088925086e-02 1.897326119e-02 1.646960284e-02 1.364596879e-02 1.049391965e-02
 7.020336094e-03 3.260138181e-03-7.460226122e-04-4.952619570e-03-9.310169447e-03
-1.376618841e-02-1.826615372e-02-2.275443651e-02-2.717517064e-02-3.147302444e-02
-3.559384637e-02-3.948516213e-02-4.309650826e-02-4.637959648e-02-4.928831283e-02
-5.177856560e-02-5.380800696e-02-5.533566408e-02-5.632152763e-02-5.672615883e-02
-5.651039179e-02-5.563522613e-02-5.406202616e-02-5.175316727e-02-4.867329537e-02
-4.479138849e-02-4.008382272e-02-3.453863925e-02-2.816116628e-02-2.098104887e-02
-1.306056541e-02-4.503851843e-03 4.533775260e-03 1.383769873e-02 2.319908499e-02
 3.262077417e-02 4.209487536e-02 5.158825076e-02 6.101733970e-02 7.020667696e-02
 7.884628221e-02 8.651876043e-02 9.282369094e-02 9.748339944e-02 1.004300460e-01
 1.018559495e-01 1.021582552e-01 1.017755633e-01 1.010332455e-01 1.001206621e-01
 9.913649051e-02 9.812932702e-02 9.712167751e-02 9.612292260e-02 9.514122109e-02
 2.103925028e-03 4.765307773e-03 8.497777185e-03 1.329904518e-02 1.879051417e-02
 2.115346144e-02 1.930826407e-02 1.690388124e-02 1.419293349e-02 1.117003112e-02
 7.834839087e-03 4.220969215e-03 3.677150793e-04-3.680760171e-03-7.876306517e-03
-1.216770592e-02-1.650159733e-02-2.082337526e-02-2.507802907e-02-2.921089149e-02
-3.316826903e-02-3.689793279e-02-4.034945541e-02-4.347438883e-02-4.622628686e-02
-4.856058681e-02-5.043437495e-02-5.180607185e-02-5.263508589e-02-5.288149663e-02
-5.250584524e-02-5.146912726e-02-4.973310318e-02-4.726106469e-02-4.401921625e-02
-3.997884893e-02-3.511948886e-02-2.943318140e-02-2.293001124e-02-1.564484170e-02
-7.645030923e-03 9.614970083e-04 1.001864415e-02 1.931602524e-02 2.884132354e-02
 3.865697661e-02 4.884284216e-02 5.949991823e-02 7.075208102e-02 8.274101171e-02
 9.542021855e-02 1.061670007e-01 1.148087994e-01 1.197418325e-01 1.206320553e-01
 1.181067463e-01 1.138967974e-01 1.103120696e-01 1.073224143e-01 1.048016531e-01
 1.026453717e-01 1.007699213e-01 9.910993287e-02 9.761486628e-02 9.623539609e-02
 2.127612610e-03 4.819314605e-03 8.594964146e-03 1.345282003e-02 1.899994931e-02
 2.141414388e-02 1.973241517e-02 1.743789702e-02 1.486598832e-02 1.200328955e-02
 8.843061262e-03 5.414832184e-03 1.756220508e-03-2.090279180e-03-6.078161221e-03
-1.015779239e-02-1.427729468e-02-1.838340171e-02-2.242226065e-02-2.634015149e-02
-3.008409886e-02-3.360235645e-02-3.684475133e-02-3.976288363e-02-4.231018638e-02
-4.444186046e-02-4.611471028e-02-4.728691720e-02-4.791780041e-02-4.796762833e-02
-4.739755956e-02-4.616980914e-02-4.424815539e-02-4.159892165e-02-3.819258394e-02
-3.400616535e-02-2.902657029e-02-2.325498201e-02-1.671236907e-02-9.445968752e-03
-1.536426939e-03 6.894859358e-03 1.568002151e-02 2.472757926e-02 3.411055588e-02
 4.393136328e-02 5.433746168e-02 6.554752065e-02 7.789544396e-02 9.189788455e-02
 1.082158697e-01 1.225009269e-01 1.321265710e-01 1.365640618e-01 1.354459109e-01
 1.295430556e-01 1.215443501e-01 1.155698498e-01 1.110334543e-01 1.074762911e-01
 1.045984084e-01 1.022028906e-01 1.001571820e-01 9.836982648e-02 9.678520991e-02
 2.154369126e-03 4.880373536e-03 8.704963512e-03 1.362728311e-02 1.928032008e-02
 2.184663042e-02 2.018241054e-02 1.804629045e-02 1.563485945e-02 1.295599701e-02
 1.000476655e-02 6.798438970e-03 3.373175547e-03-2.302229225e-04-3.967058940e-03
-7.789527695e-03-1.164752415e-02-1.548943742e-02-1.926290270e-02-2.291548337e-02
-2.639526009e-02-2.965130884e-02-3.263405696e-02-3.529551422e-02-3.758938527e-02
-3.947107987e-02-4.089764823e-02-4.182768044e-02-4.222122182e-02-4.203976966e-02
-4.124643207e-02-3.980634553e-02-3.768746436e-02-3.486184947e-02-3.130759464e-02
-2.701152767e-02-2.197280782e-02-1.620747289e-02-9.753884420e-03-2.678979567e-03
 4.915166505e-03 1.288603130e-02 2.107904920e-02 2.953231991e-02 3.830043591e-02
 4.745860287e-02 5.711076940e-02 6.740227775e-02 7.854248684e-02 9.086725539e-02
 1.054751220e-01 1.188079779e-01 1.281579261e-01 1.306719893e-01 1.296320037e-01
 1.250742761e-01 1.184390559e-01 1.136331121e-01 1.098029085e-01 1.066598852e-01
 1.040229740e-01 1.017655151e-01 9.979586063e-02 9.804643084e-02 9.646112760e-02
 2.182639089e-03 4.944986393e-03 8.821588422e-03 1.381250769e-02 1.953035612e-02
 2.215999772e-02 2.070655199e-02 1.870190163e-02 1.646567888e-02 1.399013277e-02
 1.127277005e-02 8.317638016e-03 5.158806148e-03 1.834952000e-03-1.611373938e-03
-5.134512441e-03-8.686459869e-03-1.221761210e-02-1.567746852e-02-1.901527604e-02
-2.218059475e-02-2.512377099e-02-2.779631001e-02-3.015114782e-02-3.214283108e-02
-3.372762372e-02-3.486357001e-02-3.551055572e-02-3.563042129e-02-3.518719468e-02
-3.414752492e-02-3.248141109e-02-3.016333399e-02-2.717390559e-02-2.350214820e-02
-1.914850054e-02-1.412859456e-02-8.477840711e-03-2.256777415e-03 4.443454425e-03
 1.149578002e-02 1.873099953e-02 2.614448693e-02 3.374650770e-02 4.154915407e-02
 4.956451809e-02 5.779923625e-02 6.624202404e-02 7.483566490e-02 8.341547396e-02
 9.160318518e-02 9.878194085e-02 1.043580229e-01 1.079985370e-01 1.096687299e-01
 1.096500333e-01 1.085009090e-01 1.068161039e-01 1.049707979e-01 1.031388773e-01
 1.013893089e-01 9.974316214e-02 9.820038897e-02 9.675224288e-02 9.538849788e-02
 2.210451819e-03 5.008729141e-03 8.937039262e-03 1.399668358e-02 1.980269732e-02
 2.254175476e-02 2.121185105e-02 1.936620223e-02 1.731299396e-02 1.505080052e-02
 1.258006664e-02 9.900662546e-03 7.035884694e-03 4.022517829e-03 9.009611603e-04
-2.285436292e-03-5.491041210e-03-8.668600429e-03-1.176988254e-02-1.474627580e-02
-1.754932658e-02-2.013120728e-02-2.244510885e-02-2.444556074e-02-2.608868975e-02
-2.733243944e-02-2.813678232e-02-2.846396836e-02-2.827886633e-02-2.754946483e-02
-2.624761313e-02-2.435008919e-02-2.184008603e-02-1.870920119e-02-1.496000794e-02
-1.060924795e-02-5.691682136e-03-2.642988191e-04 5.589737301e-03 1.175612618e-02
 1.807869144e-02 2.453940581e-02 3.112223520e-02 3.780873857e-02 4.457611401e-02
 5.139332056e-02 5.821524994e-02 6.497430382e-02 7.156979133e-02 7.785854197e-02
 8.365546597e-02 8.875516493e-02 9.297476060e-02 9.619986520e-02 9.841336608e-02
 9.969807447e-02 1.002120951e-01 1.001446483e-01 9.967262279e-02 9.893652493e-02
 9.803692824e-02 9.704142696e-02 9.599373061e-02 9.492149688e-02 9.384879440e-02
 2.235257291e-03 5.065918669e-03 9.041414156e-03 1.416474475e-02 2.007261296e-02
 2.295271770e-02 2.167923858e-02 1.999307570e-02 1.812167551e-02 1.607414125e-02
 1.385395253e-02 1.146413942e-02 8.912050155e-03 6.232168681e-03 3.462366810e-03
 6.433532548e-04-2.181959728e-03-4.969073148e-03-7.672489776e-03-1.024626952e-02
-1.264454232e-02-1.482197272e-02-1.673417516e-02-1.833808637e-02-1.959230955e-02
-2.045745423e-02-2.089650671e-02-2.087527703e-02-2.036297551e-02-1.933298647e-02
-1.776390676e-02-1.564092705e-02-1.295763052e-02-9.718283856e-03-5.940629640e-03
-1.659112513e-03 3.071778282e-03 8.173321312e-03 1.353929749e-02 1.906740388e-02
 2.472865296e-02 3.049390223e-02 3.633093827e-02 4.220416585e-02 4.807315353e-02
 5.389096072e-02 5.960217265e-02 6.514104920e-02 7.043061518e-02 7.538400296e-02
 7.990946717e-02 8.391963852e-02 8.734367355e-02 9.013900631e-02 9.229885279e-02
 9.385287128e-02 9.486072451e-02 9.540075049e-02 9.555748327e-02 9.541150442e-02
 9.503332160e-02 9.448104243e-02 9.380061268e-02 9.302713797e-02 9.217450762e-02
 2.253560649e-03 5.108799241e-03 9.121309680e-03 1.429642452e-02 2.024974026e-02
 2.316823257e-02 2.208905330e-02 2.052292202e-02 1.882438523e-02 1.698428206e-02
 1.500899776e-02 1.290468647e-02 1.067699975e-02 8.345785139e-03 5.946576637e-03
 3.517349455e-03 1.098014596e-03-1.270083217e-03-3.544681347e-03-5.683103569e-03
-7.642745854e-03-9.381538377e-03-1.085838509e-02-1.203358886e-02-1.286927912e-02
-1.332986851e-02-1.338257389e-02-1.299804238e-02-1.215114456e-02-1.082197981e-02
-8.997173132e-03-6.671514998e-03-3.849955481e-03-5.498897231e-04 3.196020660e-03
 7.336997961e-03 1.180170737e-02 1.648297631e-02 2.135724679e-02 2.638759108e-02
 3.153662576e-02 3.676395714e-02 4.202632050e-02 4.727725879e-02 5.246722944e-02
 5.754381455e-02 6.245215207e-02 6.713577941e-02 7.153810605e-02 7.560465648e-02
 7.928608520e-02 8.254174136e-02 8.534327171e-02 8.767751662e-02 8.954793725e-02
 9.097408591e-02 9.198912249e-02 9.263589757e-02 9.296245519e-02 9.301783014e-02
 9.284875763e-02 9.249753761e-02 9.200098058e-02 9.139036603e-02 9.069999574e-02
 2.260324687e-03 5.126145149e-03 9.157189938e-03 1.436244583e-02 2.037867141e-02
 2.340372677e-02 2.233576538e-02 2.088387032e-02 1.934190450e-02 1.769336041e-02
 1.594956781e-02 1.411952624e-02 1.221162920e-02 1.023414990e-02 8.214628129e-03
 6.187791669e-03 4.190070307e-03 2.259128925e-03 4.334116129e-04-1.248335457e-03
-2.747540537e-03-4.026277106e-03-5.047730344e-03-5.776671496e-03-6.179957689e-03
-6.227082303e-03-5.890812942e-03-5.147979947e-03-3.980426250e-03-2.376179217e-03
-3.308161687e-04 2.150773510e-03 5.052313997e-03 8.344586033e-03 1.198000882e-02
 1.588467138e-02 2.004342340e-02 2.442551117e-02 2.899922946e-02 3.372781456e-02
 3.856872403e-02 4.347358723e-02 4.838840273e-02 5.325523546e-02 5.801454024e-02
 6.260687753e-02 6.697428915e-02 7.106256525e-02 7.482435807e-02 7.822213250e-02
 8.123010506e-02 8.383488116e-02 8.603495456e-02 8.783943829e-02 8.926638011e-02
 9.034089198e-02 9.109321202e-02 9.155677564e-02 9.176638524e-02 9.175658709e-02
 9.156035509e-02 9.120814054e-02 9.072729057e-02 9.014171630e-02 8.946967160e-02
 2.248288529e-03 5.101598609e-03 9.120295798e-03 1.431878738e-02 2.033412627e-02
 2.337206880e-02 2.238954032e-02 2.099310818e-02 1.957249426e-02 1.809353284e-02
 1.656335196e-02 1.499193449e-02 1.338838268e-02 1.176173438e-02 1.012226314e-02
 8.500792696e-03 6.929645719e-03 5.442293217e-03 4.072810304e-03 2.855361834e-03
 1.823697833e-03 1.010660184e-03 4.476855449e-04 1.642917232e-04 1.875287829e-04
 5.413761972e-04 1.246062530e-03 2.317287873e-03 3.765018820e-03 5.592326685e-03
 7.794568263e-03 1.035661833e-02 1.324561946e-02 1.643633620e-02 1.992101981e-02
 2.368224633e-02 2.770253423e-02 3.196050806e-02 3.642947534e-02 4.107559917e-02
 4.585509757e-02 5.071108240e-02 5.556950018e-02 6.034082663e-02 6.494972443e-02
 6.932949111e-02 7.340632881e-02 7.710936182e-02 8.038409883e-02 8.320076764e-02
 8.555595164e-02 8.746853698e-02 8.897246575e-02 9.010917823e-02 9.092174589e-02
 9.145132142e-02 9.173553435e-02 9.180810922e-02 9.169906633e-02 9.143509871e-02
 9.103993106e-02 9.053460303e-02 8.993768360e-02 8.926538020e-02 8.853009373e-02
 2.207856328e-03 5.012628935e-03 8.968929968e-03 1.409863399e-02 2.004141428e-02
 2.301517086e-02 2.206228653e-02 2.068412933e-02 1.937248680e-02 1.804618420e-02
 1.672027593e-02 1.539954385e-02 1.408957985e-02 1.279783039e-02 1.153367843e-02
 1.031220694e-02 9.162002665e-03 8.112392679e-03 7.192891891e-03 6.432614668e-03
 5.859747022e-03 5.501055056e-03 5.381419188e-03 5.523297145e-03 5.946111258e-03
 6.665656824e-03 7.693717563e-03 9.037844285e-03 1.069844053e-02 1.266462023e-02
 1.492723427e-02 1.749026406e-02 2.035111738e-02 2.350549612e-02 2.694977781e-02
 3.067940329e-02 3.468852799e-02 3.896938438e-02 4.351095953e-02 4.829673321e-02
 5.330405681e-02 5.845233174e-02 6.369893327e-02 6.874995947e-02 7.353472710e-02
 7.808735971e-02 8.223073719e-02 8.579816887e-02 8.868656701e-02 9.087167471e-02
 9.240375793e-02 9.338190105e-02 9.392064870e-02 9.412494442e-02 9.407898650e-02
 9.384529515e-02 9.346844474e-02 9.297983118e-02 9.240184413e-02 9.175098282e-02
 9.103997403e-02 9.027911695e-02 8.947709304e-02 8.864160849e-02 8.778771967e-02
 2.130547523e-03 4.836854062e-03 8.654783550e-03 1.360944062e-02 1.937924395e-02
 2.222035057e-02 2.106963962e-02 1.971433630e-02 1.850969447e-02 1.737694775e-02
 1.628856463e-02 1.523656930e-02 1.422308320e-02 1.325600114e-02 1.234668163e-02
 1.150877827e-02 1.076138881e-02 1.013041399e-02 9.640899826e-03 9.316505297e-03
 9.179018084e-03 9.247989579e-03 9.540574721e-03 1.007096709e-02 1.084926707e-02
 1.187978201e-02 1.315991289e-02 1.469882004e-02 1.650155132e-02 1.857036541e-02
 2.090731010e-02 2.351608458e-02 2.640108311e-02 2.956761153e-02 3.302226864e-02
 3.677320316e-02 4.083040666e-02 4.520601477e-02 4.991502804e-02 5.497744657e-02
 6.042723870e-02 6.606804111e-02 7.183247560e-02 7.780557207e-02 8.379338046e-02
 8.953862065e-02 9.461383911e-02 9.855045701e-02 1.010791245e-01 1.022121125e-01
 1.022410515e-01 1.015767146e-01 1.005506408e-01 9.936678249e-02 9.813534930e-02
 9.690973552e-02 9.571187145e-02 9.454763845e-02 9.341553103e-02 9.231124965e-02
 9.122999317e-02 9.016749943e-02 8.912042072e-02 8.808614420e-02 8.705015901e-02
 2.019718354e-03 4.579421199e-03 8.177613750e-03 1.281914027e-02 1.811737582e-02
 2.024162670e-02 1.834985693e-02 1.751800509e-02 1.678463511e-02 1.601495063e-02
 1.523916706e-02 1.448074927e-02 1.376044274e-02 1.309783563e-02 1.251182204e-02
 1.202083120e-02 1.164305463e-02 1.139840602e-02 1.130732886e-02 1.138729052e-02
 1.165216851e-02 1.211120864e-02 1.277287323e-02 1.364484340e-02 1.473201152e-02
 1.603689093e-02 1.756058684e-02 1.930499885e-02 2.127246071e-02 2.346621155e-02
 2.589113514e-02 2.855443014e-02 3.146605925e-02 3.463908258e-02 3.808998959e-02
 4.183907762e-02 4.591097518e-02 5.033541799e-02 5.514833002e-02 6.039249299e-02
 6.611201811e-02 7.233262290e-02 7.911690492e-02 8.663347676e-02 9.508582917e-02
 1.049690676e-01 1.141169152e-01 1.198823750e-01 1.217218156e-01 1.195293460e-01
 1.150712705e-01 1.111562216e-01 1.076338554e-01 1.045938154e-01 1.019707689e-01
 9.968357120e-02 9.766059889e-02 9.584424453e-02 9.418973287e-02 9.266273794e-02
 9.123708926e-02 8.989288788e-02 8.861506224e-02 8.739245940e-02 8.622417589e-02
 1.895901346e-03 4.293758338e-03 7.653834723e-03 1.196654839e-02 1.682857894e-02
 1.838830448e-02 1.594442584e-02 1.521108073e-02 1.480511885e-02 1.430021296e-02
 1.376009344e-02 1.322832238e-02 1.274030930e-02 1.232566459e-02 1.200969842e-02
 1.181431186e-02 1.175855917e-02 1.185903297e-02 1.212979718e-02 1.258193897e-02
 1.322333489e-02 1.405863058e-02 1.508972080e-02 1.631604758e-02 1.773482611e-02
 1.934166679e-02 2.113156225e-02 2.310008417e-02 2.524462137e-02 2.756554420e-02
 3.006726912e-02 3.275910394e-02 3.565573998e-02 3.877715887e-02 4.214816725e-02
 4.579896533e-02 4.976602442e-02 5.409163111e-02 5.882420644e-02 6.402116250e-02
 6.975649356e-02 7.613618791e-02 8.332334678e-02 9.157502152e-02 1.012915304e-01
 1.128756693e-01 1.231688159e-01 1.295044180e-01 1.319570317e-01 1.304373436e-01
 1.247076197e-01 1.173724115e-01 1.117696579e-01 1.074186122e-01 1.038971283e-01
 1.009494808e-01 9.841486078e-02 9.618748252e-02 9.419497581e-02 9.238616123e-02
 9.072381446e-02 8.918020300e-02 8.773421629e-02 8.636935049e-02 8.507266825e-02
 1.775989729e-03 4.023198802e-03 7.175100976e-03 1.122869485e-02 1.580760581e-02
 1.709111305e-02 1.431989970e-02 1.348351291e-02 1.298255448e-02 1.247056403e-02
 1.197293043e-02 1.152447077e-02 1.115890741e-02 1.090666547e-02 1.079393656e-02
 1.084241178e-02 1.106938465e-02 1.148800130e-02 1.210747262e-02 1.293318223e-02
 1.396668619e-02 1.520565799e-02 1.664384195e-02 1.827111427e-02 2.007381724e-02
 2.203558276e-02 2.413880884e-02 2.636680148e-02 2.870629818e-02 3.114996566e-02
 3.369834137e-02 3.636053956e-02 3.915452211e-02 4.211959229e-02 4.528556856e-02
 4.867116794e-02 5.234819125e-02 5.636671059e-02 6.078022586e-02 6.563416993e-02
 7.095569051e-02 7.681212125e-02 8.329215084e-02 9.050728330e-02 9.860951593e-02
 1.077639298e-01 1.158645974e-01 1.211591311e-01 1.235989268e-01 1.230664493e-01
 1.193569649e-01 1.141433419e-01 1.097588371e-01 1.060368543e-01 1.028166175e-01
 9.998670844e-02 9.746630713e-02 9.519585558e-02 9.313058513e-02 9.123607747e-02
 8.948527935e-02 8.785649368e-02 8.633200078e-02 8.489695164e-02 8.353293546e-02
 1.656970733e-03 3.757985273e-03 6.713373335e-03 1.052926093e-02 1.482230046e-02
 1.578152190e-02 1.283045564e-02 1.170535027e-02 1.099993160e-02 1.032223570e-02
 9.713601856e-03 9.214698359e-03 8.863185947e-03 8.691379612e-03 8.724961803e-03
 8.982817255e-03 9.477665380e-03 1.021701793e-02 1.120403057e-02 1.243796287e-02
 1.391413513e-02 1.562338706e-02 1.755114774e-02 1.967633399e-02 2.197049344e-02
 2.439786100e-02 2.691717032e-02 2.948589372e-02 3.206687603e-02 3.463598438e-02
 3.718415001e-02 3.971923494e-02 4.234787207e-02 4.503741191e-02 4.783930201e-02
 5.079232725e-02 5.399035067e-02 5.748331354e-02 6.132329129e-02 6.554068033e-02
 7.011869814e-02 7.506357049e-02 8.035196374e-02 8.590322493e-02 9.154191754e-02
 9.695075457e-02 1.016817191e-01 1.052991331e-01 1.075248782e-01 1.082863562e-01
 1.077336165e-01 1.062200529e-01 1.041616219e-01 1.018725361e-01 9.953667727e-02
 9.725059529e-02 9.506143632e-02 9.298923011e-02 9.103919155e-02 8.920857425e-02
 8.749054943e-02 8.587641699e-02 8.435686776e-02 8.292293775e-02 8.157668909e-02
 1.522703402e-03 3.460834714e-03 6.199902219e-03 9.755643438e-03 1.377466042e-02
 1.445705030e-02 1.107617680e-02 9.578387706e-03 8.508195538e-03 7.504500935e-03
 6.633341998e-03 5.956018684e-03 5.524366757e-03 5.376088767e-03 5.533744624e-03
 6.007119948e-03 6.797311163e-03 7.900686113e-03 9.311563619e-03 1.102329202e-02
 1.302787860e-02 1.531437754e-02 1.786606937e-02 2.065632299e-02 2.364321008e-02
 2.676386549e-02 2.993163174e-02 3.304164582e-02 3.599039252e-02 3.869677963e-02
 4.122008001e-02 4.354983903e-02 4.573655567e-02 4.788107922e-02 5.007350948e-02
 5.239233862e-02 5.490359755e-02 5.766349601e-02 6.072186692e-02 6.412177092e-02
 6.789126587e-02 7.202723692e-02 7.647646039e-02 8.112407465e-02 8.579297684e-02
 9.025109850e-02 9.422860547e-02 9.745384788e-02 9.971083048e-02 1.009013044e-01
 1.010767292e-01 1.004143130e-01 9.914953265e-02 9.750762609e-02 9.566590985e-02
 9.374734702e-02 9.183001907e-02 8.996001220e-02 8.816231975e-02 8.644865168e-02
 8.482261444e-02 8.328301698e-02 8.182593844e-02 8.044578263e-02 7.912330579e-02
 1.345850302e-03 3.073452477e-03 5.542395969e-03 8.791707966e-03 1.247093627e-02
 1.276948645e-02 8.959956991e-03 6.865833785e-03 5.121226257e-03 3.541143791e-03
 2.182896808e-03 1.166431078e-03 5.780205429e-04 4.581413462e-04 8.045290425e-04
 1.589784163e-03 2.780434716e-03 4.348886918e-03 6.277394365e-03 8.557242990e-03
 1.118620723e-02 1.416565063e-02 1.749700402e-02 2.117586804e-02 2.518019145e-02
 2.944688879e-02 3.383250639e-02 3.807215162e-02 4.179542198e-02 4.478694532e-02
 4.697144169e-02 4.848084099e-02 4.964750228e-02 5.074510393e-02 5.193724004e-02
 5.330305677e-02 5.487610641e-02 5.667639136e-02 5.874290989e-02 6.117281990e-02
 6.412626657e-02 6.773104966e-02 7.196222078e-02 7.664205290e-02 8.155192881e-02
 8.648995465e-02 9.119633376e-02 9.522953407e-02 9.800908707e-02 9.916372505e-02
 9.882881883e-02 9.752570511e-02 9.576345281e-02 9.383856883e-02 9.188922427e-02
 8.997733301e-02 8.813138916e-02 8.636455209e-02 8.468219955e-02 8.308533269e-02
 8.157228441e-02 8.013966591e-02 7.878296184e-02 7.749709999e-02 7.628328995e-02
 1.078580338e-03 2.482581515e-03 4.535630318e-03 7.340135334e-03 1.065668669e-02
 1.086121938e-02 7.247293830e-03 3.688686410e-03 5.503840561e-04-2.291024192e-03
-4.653998411e-03-6.290919148e-03-7.020911898e-03-6.862469962e-03-5.985001289e-03
-4.572250252e-03-2.742354093e-03-5.475344994e-04 2.000610841e-03 4.910933759e-03
 8.202942795e-03 1.190524789e-02 1.605956754e-02 2.072856675e-02 2.600628798e-02
 3.202600325e-02 3.893011165e-02 4.656392213e-02 5.322908122e-02 5.672141246e-02
 5.670480522e-02 5.503037469e-02 5.370560534e-02 5.305758531e-02 5.297577654e-02
 5.331620569e-02 5.394542247e-02 5.472367917e-02 5.546280514e-02 5.574921860e-02
 5.689008259e-02 6.013312883e-02 6.570083058e-02 7.172609167e-02 7.763223332e-02
 8.393985843e-02 9.126879246e-02 1.011401602e-01 1.066872278e-01 1.067130377e-01
 1.007993229e-01 9.605403735e-02 9.264096490e-02 8.994425544e-02 8.766861324e-02
 8.566337772e-02 8.384706527e-02 8.217347296e-02 8.061528340e-02 7.915561674e-02
 7.778340771e-02 7.649051646e-02 7.526966208e-02 7.411370170e-02 7.302024019e-02
 6.812359316e-04 1.559072616e-03 2.834751625e-03 4.608620915e-03 6.846314497e-03
 6.493625814e-03 2.624628271e-03-1.611930800e-03-6.241839105e-03-1.142817282e-02
-1.648734222e-02-1.957437726e-02-1.970246549e-02-1.753273362e-02-1.485059413e-02
-1.217680016e-02-9.457218692e-03-6.570900146e-03-3.414992323e-03 7.972131564e-05
 3.955624507e-03 8.245104947e-03 1.299121934e-02 1.827083703e-02 2.422629437e-02
 3.112500549e-02 3.950427002e-02 5.066205350e-02 6.153840000e-02 6.550032451e-02
 6.221402608e-02 5.660496905e-02 5.383805176e-02 5.247162709e-02 5.193427198e-02
 5.192769530e-02 5.226633797e-02 5.281284119e-02 5.345872586e-02 5.422033672e-02
 5.574096689e-02 5.858581039e-02 6.267235368e-02 6.749053222e-02 7.256331721e-02
 7.797477632e-02 8.386889099e-02 8.980838823e-02 9.397070876e-02 9.468068055e-02
 9.218313831e-02 8.898330981e-02 8.625962490e-02 8.398328696e-02 8.202483421e-02
 8.029142684e-02 7.872164718e-02 7.727343311e-02 7.592838149e-02 7.466400599e-02
 7.347806584e-02 7.236745010e-02 7.133020116e-02 7.034446293e-02 6.939340570e-02
 2.408104495e-04 5.037594755e-04 7.760105797e-04 9.007192402e-04 5.556554118e-04
-7.066565059e-04-3.164444661e-03-6.854894400e-03-1.193664380e-02-1.907013193e-02
-2.807254518e-02-3.283510435e-02-3.238903190e-02-2.637605447e-02-2.230139150e-02
-1.920378111e-02-1.634413135e-02-1.328645138e-02-9.804652483e-03-5.840435232e-03
-1.439112397e-03 3.324192251e-03 8.392783295e-03 1.374180066e-02 1.936685634e-02
 2.524995645e-02 3.128147815e-02 3.711018204e-02 4.205152147e-02 4.545026831e-02
 4.718125819e-02 4.778431300e-02 4.794288900e-02 4.810284264e-02 4.841825950e-02
 4.893433961e-02 4.965914840e-02 5.058667736e-02 5.175198233e-02 5.321255450e-02
 5.506134295e-02 5.736374134e-02 6.010340646e-02 6.319303791e-02 6.649422686e-02
 6.985263050e-02 7.306342639e-02 7.583816177e-02 7.785440342e-02 7.889763337e-02
 7.900755440e-02 7.844245806e-02 7.750114030e-02 7.639550038e-02 7.523867930e-02
 7.408502805e-02 7.295755469e-02 7.186587787e-02 7.081427460e-02 6.980373912e-02
 6.883473806e-02 6.791102259e-02 6.706536953e-02 6.627263449e-02 6.552230007e-02
-6.780981967e-05-2.017594498e-04-4.850977674e-04-1.021650202e-03-1.944534522e-03
-3.395604223e-03-5.495625423e-03-8.321630227e-03-1.186795477e-02-1.601617377e-02
-2.016277782e-02-2.331712406e-02-2.487760070e-02-2.519980946e-02-2.512697925e-02
-2.490309016e-02-2.402928476e-02-2.180318683e-02-1.798729876e-02-1.300441585e-02
-7.521600247e-03-1.955262548e-03 3.538607750e-03 8.915347608e-03 1.415288483e-02
 1.920931723e-02 2.400087110e-02 2.839812361e-02 3.225243271e-02 3.545359569e-02
 3.798650043e-02 3.994318039e-02 4.148112857e-02 4.276410785e-02 4.392507955e-02
 4.505880490e-02 4.623041664e-02 4.748717821e-02 4.886721724e-02 5.040263034e-02
 5.211619671e-02 5.401358447e-02 5.607582853e-02 5.825640181e-02 6.048319087e-02
 6.266272799e-02 6.468589996e-02 6.643881724e-02 6.782256278e-02 6.877768992e-02
 6.930024792e-02 6.943771239e-02 6.926725965e-02 6.887083402e-02 6.831917154e-02
 6.766670562e-02 6.695304296e-02 6.620656621e-02 6.544776060e-02 6.469149315e-02
 6.394823028e-02 6.322278488e-02 6.258044572e-02 6.198006246e-02 6.139443983e-02
-2.085318036e-04-5.017822324e-04-9.668903850e-04-1.653504819e-03-2.616804931e-03
-3.907960391e-03-5.561518531e-03-7.576203438e-03-9.900961708e-03-1.244748914e-02
-1.507730441e-02-1.766965565e-02-2.022994556e-02-2.304999630e-02-2.674877449e-02
-3.244594862e-02-3.861084756e-02-3.798458344e-02-3.068650588e-02-1.998222602e-02
-1.203845633e-02-5.399193060e-03 4.791292619e-04 5.835400977e-03 1.077667020e-02
 1.534216291e-02 1.953347719e-02 2.333373638e-02 2.672386458e-02 2.969740339e-02
 3.227103580e-02 3.448715778e-02 3.640794917e-02 3.810461196e-02 3.964697911e-02
 4.109680983e-02 4.250513099e-02 4.391216924e-02 4.534809690e-02 4.683333280e-02
 4.837792680e-02 4.998031443e-02 5.162621414e-02 5.328847069e-02 5.492832284e-02
 5.649824160e-02 5.794636859e-02 5.922246315e-02 6.028473767e-02 6.110606980e-02
 6.167757750e-02 6.200822259e-02 6.212080210e-02 6.204620498e-02 6.181810453e-02
 6.146940158e-02 6.103059141e-02 6.052946345e-02 5.999125527e-02 5.943842263e-02
 5.888952156e-02 5.835652725e-02 5.790780464e-02 5.750736921e-02 5.713958048e-02
-2.408186854e-04-5.595411991e-04-1.031106912e-03-1.676012076e-03-2.514733878e-03
-3.563325794e-03-4.828849931e-03-6.302426599e-03-7.945948263e-03-9.749407884e-03
-1.168496703e-02-1.374211159e-02-1.595673191e-02-1.845641583e-02-2.135835726e-02
-2.446704149e-02-2.660564874e-02-2.581587263e-02-2.176505377e-02-1.583211152e-02
-9.816611231e-03-4.203234924e-03 9.853586996e-04 5.774767039e-03 1.017523754e-02
 1.418562778e-02 1.780737490e-02 2.105332675e-02 2.394850261e-02 2.652625513e-02
 2.882432194e-02 3.088252389e-02 3.274146185e-02 3.444122288e-02 3.601982939e-02
 3.751170843e-02 3.894648992e-02 4.034821572e-02 4.173484464e-02 4.311789059e-02
 4.450211071e-02 4.588529110e-02 4.725828210e-02 4.860546753e-02 4.990581087e-02
 5.113453071e-02 5.226534204e-02 5.327306274e-02 5.413623609e-02 5.483931310e-02
 5.537395986e-02 5.573925633e-02 5.594088051e-02 5.598968127e-02 5.590020315e-02
 5.568970984e-02 5.537812181e-02 5.498906738e-02 5.455175606e-02 5.410207860e-02
 5.367919331e-02 5.331640296e-02 5.303051425e-02 5.285143595e-02 5.274770721e-02
-2.202430664e-04-5.042113373e-04-9.112783087e-04-1.447791441e-03-2.118823326e-03
-2.926250265e-03-3.867015159e-03-4.927894818e-03-6.079018839e-03-7.315182409e-03
-8.612917359e-03-9.926137456e-03-1.121972777e-02-1.243914629e-02-1.345662759e-02
-1.405066199e-02-1.391900224e-02-1.279235013e-02-1.059120815e-02-7.473916288e-03
-3.731811713e-03 3.485796138e-04 4.534318140e-03 8.622403085e-03 1.242219011e-02
 1.578833981e-02 1.867375291e-02 2.113456512e-02 2.327602775e-02 2.519451279e-02
 2.695575863e-02 2.859959291e-02 3.015064500e-02 3.162618950e-02 3.304020380e-02
 3.440489546e-02 3.573090862e-02 3.702696913e-02 3.829936917e-02 3.955148127e-02
 4.078339290e-02 4.199171797e-02 4.316963220e-02 4.430717078e-02 4.539180562e-02
 4.640928488e-02 4.734467243e-02 4.818347867e-02 4.891273755e-02 4.952187265e-02
 5.000321931e-02 5.035213160e-02 5.056668976e-02 5.064711454e-02 5.059507978e-02
 5.041322034e-02 5.010536655e-02 4.967870155e-02 4.915102623e-02 4.857179288e-02
 4.806670243e-02 4.781925131e-02 4.786549650e-02 4.807073792e-02 4.829045502e-02
-1.795116235e-04-4.075879256e-04-7.285547383e-04-1.142112147e-03-1.646258972e-03
-2.236303258e-03-2.903742308e-03-3.630561172e-03-4.388893543e-03-5.165320596e-03
-5.926619794e-03-6.619752507e-03-7.203491241e-03-7.613306711e-03-7.760997610e-03
-7.542047924e-03-6.849313238e-03-5.595345073e-03-3.733059468e-03-1.260812745e-03
 1.793817445e-03 5.394753939e-03 9.486868668e-03 1.389095833e-02 1.794398463e-02
 2.078977582e-02 2.231261896e-02 2.317501194e-02 2.398200169e-02 2.489845624e-02
 2.592341566e-02 2.702351998e-02 2.816794795e-02 2.933421934e-02 3.050732344e-02
 3.167771177e-02 3.283940277e-02 3.398843023e-02 3.512163803e-02 3.623578127e-02
 3.732689534e-02 3.838990394e-02 3.941844401e-02 4.040488818e-02 4.134054065e-02
 4.221597223e-02 4.302144714e-02 4.374738042e-02 4.438475562e-02 4.492542982e-02
 4.536225904e-02 4.568898689e-02 4.589984668e-02 4.598881609e-02 4.594841250e-02
 4.576778232e-02 4.542952686e-02 4.490397555e-02 4.413776558e-02 4.303107898e-02
 4.149022304e-02 4.110681372e-02 4.223215895e-02 4.337367336e-02 4.415512400e-02
-1.351222542e-04-3.050783507e-04-5.411270154e-04-8.401429842e-04-1.197199827e-03
-1.604965092e-03-2.053234000e-03-2.527597401e-03-2.983075966e-03-3.424455859e-03
-3.804650424e-03-4.079367590e-03-4.230037145e-03-4.206468344e-03-3.951744849e-03
-3.407617147e-03-2.520013053e-03-1.240976070e-03 4.711405084e-04 2.655639971e-03
 5.367033357e-03 8.712507118e-03 1.289764763e-02 1.849525781e-02 2.439906145e-02
 2.708231287e-02 2.650023331e-02 2.452049336e-02 2.402339456e-02 2.418790214e-02
 2.470313698e-02 2.542400663e-02 2.627072416e-02 2.719505918e-02 2.816608720e-02
 2.916313628e-02 3.017185400e-02 3.118180644e-02 3.218491584e-02 3.317440690e-02
 3.414409293e-02 3.508790867e-02 3.599963385e-02 3.687276859e-02 3.770052918e-02
 3.847593288e-02 3.919193898e-02 3.984160996e-02 4.041825487e-02 4.091551638e-02
 4.132736373e-02 4.164795420e-02 4.187132143e-02 4.199083462e-02 4.199833674e-02
 4.188279663e-02 4.162816622e-02 4.120984635e-02 4.058832759e-02 3.968955701e-02
 3.832226146e-02 3.810282500e-02 3.919843258e-02 4.025108060e-02 4.102207316e-02
-9.447536716e-05-2.123275260e-04-3.742179406e-04-5.763295996e-04-8.133249260e-04
-1.078018847e-03-1.360725611e-03-1.643127271e-03-1.893701452e-03-2.096403674e-03
-2.220890014e-03-2.248216144e-03-2.168182948e-03-1.951074314e-03-1.532190761e-03
-8.465465498e-04 7.977440433e-05 1.273227624e-03 2.760987860e-03 4.563609233e-03
 6.695366044e-03 9.161553938e-03 1.190611757e-02 1.475720631e-02 1.734592131e-02
 1.927330102e-02 2.043005217e-02 2.106732861e-02 2.154765931e-02 2.206703685e-02
 2.267876320e-02 2.338057499e-02 2.415518619e-02 2.498378269e-02 2.584979144e-02
 2.673950443e-02 2.764175534e-02 2.854737017e-02 2.944862795e-02 3.033880387e-02
 3.121180997e-02 3.206192886e-02 3.288363268e-02 3.367147801e-02 3.442006560e-02
 3.512405074e-02 3.577818868e-02 3.637739837e-02 3.691682841e-02 3.739191115e-02
 3.779839528e-02 3.813235523e-02 3.839018955e-02 3.856864680e-02 3.866497084e-02
 3.867736890e-02 3.860625700e-02 3.845730180e-02 3.824841072e-02 3.802376078e-02
 3.786930779e-02 3.788638475e-02 3.810406375e-02 3.845211784e-02 3.884019480e-02
-6.013678826e-05-1.344610016e-04-2.352962844e-04-3.591117659e-04-5.013585704e-04
-6.566168183e-04-8.190042421e-04-9.782501621e-04-1.097878354e-03-1.112314781e-03
-1.066510750e-03-9.523479320e-04-7.522488072e-04-4.579140383e-04 5.366067492e-05
 7.357415130e-04 1.586507327e-03 2.617529417e-03 3.836162617e-03 5.241179615e-03
 6.819319409e-03 8.539117358e-03 1.034089213e-02 1.213798804e-02 1.383025067e-02
 1.533344481e-02 1.661176590e-02 1.768710829e-02 1.861762910e-02 1.946574199e-02
 2.027833534e-02 2.108334735e-02 2.189420571e-02 2.271524213e-02 2.354581840e-02
 2.438274631e-02 2.522174063e-02 2.605810595e-02 2.688703454e-02 2.770383832e-02
 2.850394580e-02 2.928296535e-02 3.003660685e-02 3.076066615e-02 3.145107828e-02
 3.210386087e-02 3.271524423e-02 3.328165655e-02 3.379981598e-02 3.426683095e-02
 3.468022256e-02 3.503813530e-02 3.533941880e-02 3.558392661e-02 3.577291007e-02
 3.590966318e-02 3.600053226e-02 3.605609750e-02 3.609240664e-02 3.613091245e-02
 3.619508511e-02 3.630277643e-02 3.645734121e-02 3.664432831e-02 3.684452981e-02
-3.241261926e-05-7.173627697e-05-1.237126867e-04-1.851059131e-04-2.517618142e-04
-3.186547146e-04-3.800298303e-04-4.311028503e-04-4.371322954e-04-3.785942030e-04
-2.423774552e-04-5.976099022e-05 2.273783506e-04 5.990334255e-04 1.078420592e-03
 1.694915987e-03 2.408110449e-03 3.285976274e-03 4.262984965e-03 5.359872312e-03
 6.566077686e-03 7.817253123e-03 9.158918816e-03 1.047151044e-02 1.176965563e-02
 1.300470312e-02 1.413215694e-02 1.521995086e-02 1.618843784e-02 1.712887766e-02
 1.801194364e-02 1.884854500e-02 1.970386352e-02 2.049915711e-02 2.133475660e-02
 2.213494768e-02 2.292351626e-02 2.372947937e-02 2.447624802e-02 2.526763158e-02
 2.600094790e-02 2.672575034e-02 2.743972596e-02 2.808546018e-02 2.876402386e-02
 2.936017559e-02 2.995079117e-02 3.050139484e-02 3.098167773e-02 3.147729754e-02
 3.187504634e-02 3.227649570e-02 3.261612590e-02 3.289796772e-02 3.318531823e-02
 3.338446252e-02 3.360375980e-02 3.377939567e-02 3.392281506e-02 3.410955512e-02
 3.424597671e-02 3.444032447e-02 3.462823297e-02 3.480357013e-02 3.503377802e-02
 0.132105511E+01 0.133055079E+01 0.133919443E+01 0.134844274E+01 0.135813064E+01
 0.136819045E+01 0.137864398E+01 0.138951735E+01 0.140079748E+01 0.141250976E+01
 0.142469647E+01 0.143737383E+01 0.145055415E+01 0.146425349E+01 0.147851745E+01
 0.149338917E+01 0.150888798E+01 0.152503245E+01 0.154185333E+01 0.155940931E+01
 0.157774928E+01 0.159691244E+01 0.161693827E+01 0.163786611E+01 0.165975125E+01
 0.168267093E+01 0.170669822E+01 0.173189895E+01 0.175834017E+01 0.178609590E+01
 0.181525565E+01 0.184593067E+01 0.187823946E+01 0.191230152E+01 0.194824446E+01
 0.198620664E+01 0.202634155E+01 0.206883343E+01 0.211389449E+01 0.216175598E+01
 0.221267076E+01 0.226692037E+01 0.232482054E+01 0.238673422E+01 0.245308768E+01
 0.252437107E+01 0.260113890E+01 0.268403531E+01 0.277381550E+01 0.287136889E+01
 0.297774884E+01 0.309422958E+01 0.322237190E+01 0.336410674E+01 0.352186301E+01
 0.369873258E+01 0.389871627E+01 0.412711034E+01 0.439132367E+01 0.470221965E+01
 0.507682705E+01 0.554467812E+01 0.616550362E+01 0.710268974E+01 0.127879360E+02
  361   98
 0.554778253E+00 0.108505241E+01 0.549204997E+00 0.107215684E+01 0.543663572E+00
 0.105924757E+01 0.538162704E+00 0.104632096E+01 0.532711441E+00 0.103337336E+01
 0.527318125E+00 0.102040151E+01 0.521988052E+00 0.100740355E+01 0.516720524E+00
 0.994380122E+00 0.511511884E+00 0.981333025E+00 0.506358847E+00 0.968263867E+00
 0.501259023E+00 0.955173852E+00 0.496212890E+00 0.942063047E+00 0.491220420E+00
 0.928931712E+00 0.486278076E+00 0.915781428E+00 0.481380784E+00 0.902614299E+00
 0.476524859E+00 0.889431857E+00 0.471711022E+00 0.876233989E+00 0.466942668E+00
 0.863019620E+00 0.462220006E+00 0.849788852E+00 0.457540608E+00 0.836542720E+00
 0.452901160E+00 0.823282542E+00 0.448301675E+00 0.810008450E+00 0.443748657E+00
 0.796718351E+00 0.439248240E+00 0.783410348E+00 0.434804371E+00 0.770083357E+00
 0.430418886E+00 0.756737040E+00 0.426092508E+00 0.743371447E+00 0.421826901E+00
 0.729986335E+00 0.417625455E+00 0.716580946E+00 0.413492683E+00 0.703154229E+00
 0.409432972E+00 0.689705243E+00 0.405449932E+00 0.676233351E+00 0.401545070E+00
 0.662738593E+00 0.397718550E+00 0.649221410E+00 0.393970146E+00 0.635682358E+00
 0.390299930E+00 0.622121902E+00 0.386709504E+00 0.608540102E+00 0.383202087E+00
 0.594936632E+00 0.379781030E+00 0.581311187E+00 0.376448923E+00 0.567663719E+00
 0.373207438E+00 0.553994444E+00 0.370057311E+00 0.540303826E+00 0.366997725E+00
 0.526592689E+00 0.364027429E+00 0.512861932E+00 0.361145638E+00 0.499112327E+00
 0.358352234E+00 0.485344493E+00 0.355647637E+00 0.471558939E+00 0.353032561E+00
 0.457756123E+00 0.350507617E+00 0.443936536E+00 0.348073149E+00 0.430100724E+00
 0.345729263E+00 0.416249278E+00 0.343475820E+00 0.402382832E+00 0.341311525E+00
 0.388502191E+00 0.339234609E+00 0.374608206E+00 0.337243435E+00 0.360701674E+00
 0.335336400E+00 0.346783354E+00 0.333511895E+00 0.332853974E+00 0.331768783E+00
 0.318914174E+00 0.330106578E+00 0.304964496E+00 0.328525276E+00 0.291005415E+00
 0.327025247E+00 0.277037367E+00 0.325607035E+00 0.263060775E+00 0.324270417E+00
 0.249076144E+00 0.323014846E+00 0.235084003E+00 0.321839812E+00 0.221084869E+00
 0.320744848E+00 0.207079244E+00 0.319729398E+00 0.193067630E+00 0.318792272E+00
 0.179050558E+00 0.317932140E+00 0.165028551E+00 0.317147782E+00 0.151002101E+00
 0.316438123E+00 0.136971673E+00 0.315802426E+00 0.122937699E+00 0.315240744E+00
 0.108900568E+00 0.314753477E+00 0.948606574E-01 0.314341198E+00 0.808183447E-01
 0.314004631E+00 0.667740136E-01 0.313744061E+00 0.527280669E-01 0.313558399E+00
 0.386809298E-01 0.313446474E+00 0.246330113E-01 0.313407291E+00 0.105847013E-01
 0.313440019E+00-0.346362554E-02 0.313544201E+00-0.175116042E-01 0.313719954E+00
-0.315588697E-01 0.313967605E+00-0.456050514E-01 0.314287648E+00-0.596497699E-01
 0.314680752E+00-0.736926331E-01 0.315147624E+00-0.877332372E-01 0.315688934E+00
-0.101771168E+00 0.316305489E+00-0.115805995E+00 0.316998237E+00-0.129837268E+00
 0.317768210E+00-0.143864514E+00 0.318615867E+00-0.157887280E+00 0.319541061E+00
-0.171905144E+00 0.320543847E+00-0.185917671E+00 0.321624591E+00-0.199924401E+00
 0.322784050E+00-0.213924834E+00 0.324023349E+00-0.227918426E+00 0.325343649E+00
-0.241904607E+00 0.326745935E+00-0.255882805E+00 0.328230930E+00-0.269852459E+00
 0.329799023E+00-0.283813029E+00 0.331450115E+00-0.297764026E+00 0.333184142E+00
-0.311704958E+00 0.335001558E+00-0.325635264E+00 0.336903494E+00-0.339554282E+00
 0.338891519E+00-0.353461263E+00 0.340967408E+00-0.367355400E+00 0.343133069E+00
-0.381235827E+00 0.345390548E+00-0.395101616E+00 0.347741984E+00-0.408951779E+00
 0.350189351E+00-0.422785313E+00 0.352732713E+00-0.436601520E+00 0.355370953E+00
-0.450399925E+00 0.358102804E+00-0.464180102E+00 0.360927042E+00-0.477941643E+00
 0.363842870E+00-0.491684068E+00 0.366851295E+00-0.505406520E+00 0.369954503E+00
-0.519107846E+00 0.373154940E+00-0.532786787E+00 0.376455079E+00-0.546442016E+00
 0.379856955E+00-0.560072254E+00 0.383360041E+00-0.573676834E+00 0.386961965E+00
-0.587255581E+00 0.390659700E+00-0.600808552E+00 0.394449986E+00-0.614335933E+00
 0.398330603E+00-0.627837678E+00 0.402302326E+00-0.641312904E+00 0.406367000E+00
-0.654760383E+00 0.410525715E+00-0.668179077E+00 0.414778169E+00-0.681568360E+00
 0.419122538E+00-0.694928104E+00 0.423556398E+00-0.708258416E+00 0.428078473E+00
-0.721559062E+00 0.432689424E+00-0.734829158E+00 0.437390384E+00-0.748067635E+00
 0.442181941E+00-0.761273591E+00 0.447064231E+00-0.774446272E+00 0.452037803E+00
-0.787584760E+00 0.457103849E+00-0.800687867E+00 0.462265242E+00-0.813753708E+00
 0.467526327E+00-0.826779725E+00 0.472893169E+00-0.839762520E+00 0.478375665E+00
-0.852696893E+00 0.483985594E+00-0.865576498E+00 0.489736688E+00-0.878393678E+00
 0.495646559E+00-0.891138406E+00 0.501737970E+00-0.903797338E+00 0.508045432E+00
-0.916349961E+00 0.514615473E+00-0.928767072E+00 0.521507676E+00-0.941008145E+00
 0.528799790E+00-0.953015022E+00 0.536592993E+00-0.964702416E+00 0.545023781E+00
-0.975937640E+00 0.554279175E+00-0.986502053E+00 0.564581530E+00-0.996044823E+00
 0.576104703E+00-0.100406260E+01 0.588814320E+00-0.101001367E+01 0.602378716E+00
-0.101361539E+01 0.616345884E+00-0.101503172E+01 0.630385026E+00-0.101470553E+01
 0.644337286E+00-0.101309014E+01 0.658149882E+00-0.101053579E+01 0.671816044E+00
-0.100728508E+01 0.685344609E+00-0.100350104E+01 0.698747797E+00-0.999293800E+00
 0.712036718E+00-0.994738140E+00 0.725221068E+00-0.989887959E+00 0.738308250E+00
-0.984781278E+00 0.751304294E+00-0.979446843E+00 0.764213785E+00-0.973906178E+00
 0.777043110E+00-0.968182274E+00 0.789799895E+00-0.962298434E+00 0.802486594E+00
-0.956264966E+00 0.815096713E+00-0.950073063E+00 0.827621930E+00-0.943711193E+00
 0.840056030E+00-0.937173036E+00 0.852394121E+00-0.930455466E+00 0.864632384E+00
-0.923557702E+00 0.876768617E+00-0.916481958E+00 0.888802692E+00-0.909233815E+00
 0.900740928E+00-0.901828846E+00 0.912592295E+00-0.894285600E+00 0.924359152E+00
-0.886611204E+00 0.936031529E+00-0.878793881E+00 0.947597370E+00-0.870819806E+00
 0.959047695E+00-0.862680738E+00 0.970376656E+00-0.854373576E+00 0.981582773E+00
-0.845901417E+00 0.992673100E+00-0.837278212E+00 0.100365871E+01-0.828521970E+00
 0.101454567E+01-0.819643363E+00 0.102532682E+01-0.810636592E+00 0.103598911E+01
-0.801489443E+00 0.104652089E+01-0.792192341E+00 0.105691506E+01-0.782741631E+00
 0.106716993E+01-0.773139955E+00 0.107729165E+01-0.763397984E+00 0.108729052E+01
-0.753529954E+00 0.109716984E+01-0.743542245E+00 0.110691390E+01-0.733422562E+00
 0.111650141E+01-0.723154471E+00 0.112591731E+01-0.712728801E+00 0.113515923E+01
-0.702148583E+00 0.114423568E+01-0.691426060E+00 0.115315593E+01-0.680573239E+00
 0.116191295E+01-0.669588313E+00 0.117048329E+01-0.658457158E+00 0.117884825E+01
-0.647170872E+00 0.118699969E+01-0.635729422E+00 0.119493793E+01-0.624139025E+00
 0.120266496E+01-0.612406760E+00 0.121017663E+01-0.600535474E+00 0.121746218E+01
-0.588524098E+00 0.122451187E+01-0.576372802E+00 0.123132542E+01-0.564087524E+00
 0.123791169E+01-0.551678899E+00 0.124428138E+01-0.539157709E+00 0.125043364E+01
-0.526528269E+00 0.125636272E+01-0.513792533E+00 0.126207177E+01-0.500956642E+00
 0.126757418E+01-0.488030799E+00 0.127288948E+01-0.475026873E+00 0.127803175E+01
-0.461953551E+00 0.128300491E+01-0.448814963E+00 0.128781485E+01-0.435615740E+00
 0.129247372E+01-0.422362427E+00 0.129699997E+01-0.409063221E+00 0.130141335E+01
-0.395726123E+00 0.130572754E+01-0.382356605E+00 0.130995144E+01-0.368958281E+00
 0.131409235E+01-0.355534077E+00 0.131815890E+01-0.342087154E+00 0.132216061E+01
-0.328620790E+00 0.132610528E+01-0.315137605E+00 0.133000092E+01-0.301640170E+00
 0.133385521E+01-0.288130867E+00 0.133767332E+01-0.274611292E+00 0.134145406E+01
-0.261081223E+00 0.134518725E+01-0.247537960E+00 0.134886069E+01-0.233978373E+00
 0.135246255E+01-0.220399599E+00 0.135598122E+01-0.206799038E+00 0.135940490E+01
-0.193174257E+00 0.136272133E+01-0.179522985E+00 0.136591487E+01-0.165842451E+00
 0.136896503E+01-0.152129255E+00 0.137184768E+01-0.138379893E+00 0.137453726E+01
-0.124591488E+00 0.137701221E+01-0.110762966E+00 0.137925211E+01-0.968944549E-01
 0.138123629E+01-0.829870801E-01 0.138294404E+01-0.690430903E-01 0.138435652E+01
-0.550661251E-01 0.138546241E+01-0.410615784E-01 0.138625320E+01-0.270357223E-01
 0.138672164E+01-0.129954133E-01 0.138686204E+01 0.105199886E-02 0.138667213E+01
 0.150988315E-01 0.138615667E+01 0.291374983E-01 0.138532317E+01 0.431608887E-01
 0.138418054E+01 0.571624953E-01 0.138273879E+01 0.711364840E-01 0.138101145E+01
 0.850780757E-01 0.137901901E+01 0.989842834E-01 0.137678281E+01 0.112853405E+00
 0.137432379E+01 0.126684783E+00 0.137166237E+01 0.140478663E+00 0.136882070E+01
 0.154236566E+00 0.136582475E+01 0.167961718E+00 0.136269848E+01 0.181657786E+00
 0.135946212E+01 0.195328273E+00 0.135613116E+01 0.208976020E+00 0.135271740E+01
 0.222603299E+00 0.134923103E+01 0.236212187E+00 0.134568150E+01 0.249804739E+00
 0.134207829E+01 0.263383165E+00 0.133843123E+01 0.276949880E+00 0.133474761E+01
 0.290506712E+00 0.133102698E+01 0.304053435E+00 0.132726430E+01 0.317588539E+00
 0.132345147E+01 0.331109596E+00 0.131957913E+01 0.344613729E+00 0.131563670E+01
 0.358097562E+00 0.131161184E+01 0.371557012E+00 0.130749460E+01 0.384988490E+00
 0.130327754E+01 0.398388959E+00 0.129895331E+01 0.411755223E+00 0.129450859E+01
 0.425081889E+00 0.128992123E+01 0.438360116E+00 0.128517061E+01 0.451580793E+00
 0.128024252E+01 0.464736338E+00 0.127512979E+01 0.477821225E+00 0.126982871E+01
 0.490830940E+00 0.126432680E+01 0.503756981E+00 0.125860579E+01 0.516587525E+00
 0.125265356E+01 0.529312446E+00 0.124646898E+01 0.541926077E+00 0.124006071E+01
 0.554427563E+00 0.123343227E+01 0.566813709E+00 0.122657270E+01 0.579073335E+00
 0.121947327E+01 0.591195634E+00 0.121213612E+01 0.603175557E+00 0.120457476E+01
 0.615015267E+00 0.119680205E+01 0.626717316E+00 0.118882024E+01 0.638277754E+00
 0.118062658E+01 0.649689007E+00 0.117222237E+01 0.660946105E+00 0.116362019E+01
 0.672052681E+00 0.115484308E+01 0.683021582E+00 0.114591739E+01 0.693869955E+00
 0.113684924E+01 0.704599507E+00 0.112762654E+01 0.715196500E+00 0.111823935E+01
 0.725648037E+00 0.110869038E+01 0.735952000E+00 0.109899820E+01 0.746121410E+00
 0.108918738E+01 0.756176429E+00 0.107927459E+01 0.766130951E+00 0.106925173E+01
 0.775974612E+00 0.105910436E+01 0.785689847E+00 0.104882465E+01 0.795264946E+00
 0.103841747E+01 0.804701352E+00 0.102789428E+01 0.814008218E+00 0.101726810E+01
 0.823197340E+00 0.100654666E+01 0.832275140E+00 0.995728612E+00 0.841237583E+00
 0.984806838E+00 0.850073308E+00 0.973773126E+00 0.858768830E+00 0.962622799E+00
 0.867314293E+00 0.951359329E+00 0.875710078E+00 0.939993027E+00 0.883966135E+00
 0.928536085E+00 0.892095962E+00 0.916995543E+00 0.900106675E+00 0.905370469E+00
 0.907994204E+00 0.893656137E+00 0.915748534E+00 0.881847732E+00 0.923358828E+00
 0.869942721E+00 0.930817083E+00 0.857943265E+00 0.938122425E+00 0.845854539E+00
 0.945279088E+00 0.833684523E+00 0.952296650E+00 0.821445737E+00 0.959193607E+00
 0.809151355E+00 0.965990988E+00 0.796805380E+00 0.972694199E+00 0.784403989E+00
 0.979294308E+00 0.771944250E+00 0.985783592E+00 0.759427333E+00 0.992161892E+00
 0.746855245E+00 0.998430750E+00 0.734231339E+00 0.100459460E+01 0.721559732E+00
 0.101065979E+01 0.708845873E+00 0.101663593E+01 0.696096834E+00 0.102253665E+01
 0.683319893E+00 0.102837673E+01 0.670522087E+00 0.103417094E+01 0.657708573E+00
 0.103993034E+01 0.644881555E+00 0.104565960E+01 0.632040578E+00 0.105135751E+01
 0.619185190E+00 0.105702283E+01 0.606318013E+00 0.106266132E+01 0.593440798E+00
 0.106827685E+01 0.580557031E+00 0.107387734E+01 0.567668581E+00 0.107946704E+01
 0.554778253E+00 0.108505241E+01
 0.156441580E+01 0.156423520E+01 0.173298350E+01 0.167901950E+01 0.134847970E+01
 0.206041340E+01 0.108819530E+01 0.205946000E+01 0.902253030E+00 0.187565310E+01
 0.903668760E+00 0.187424170E+01 0.533866470E+00 0.150285580E+01 0.538010660E+00
 0.149874330E+01 0.332797140E+00 0.129708960E+01 0.332797140E+00 0.109400000E+01
 0.334795920E+00 0.109400000E+01 0.303115250E+00 0.847500000E+00 0.305114030E+00
 0.847500000E+00 0.269135950E+00 0.565000000E+00 0.271134730E+00 0.565000000E+00
 0.260841000E+00 0.495257700E+00 0.260841000E+00-0.507257700E+00 0.271134730E+00
-0.576999960E+00 0.269135950E+00-0.576999960E+00 0.305114030E+00-0.859500000E+00
 0.303115250E+00-0.859500000E+00 0.334795920E+00-0.110600010E+01 0.332797140E+00
-0.110600010E+01 0.332797140E+00-0.130908970E+01 0.538598100E+00-0.150990190E+01
 0.534468950E+00-0.151402960E+01 0.905629600E+00-0.188405800E+01 0.904219000E+00
-0.188547470E+01 0.108819530E+01-0.206614000E+01 0.134847970E+01-0.206518650E+01
 0.173017910E+01-0.168098580E+01 0.156441580E+01-0.156883530E+01 0.137999130E+01
-0.157688300E+01 0.137989190E+01-0.157672700E+01 0.119622210E+01-0.158474990E+01
 0.119631650E+01-0.158489800E+01 0.105537410E+01-0.159104840E+01 0.105528350E+01
-0.159090630E+01 0.947502500E+00-0.159561420E+01 0.905686400E+00-0.159556230E+01
 0.899143000E+00-0.159478470E+01 0.883387860E+00-0.159026430E+01 0.867681200E+00
-0.158087360E+01 0.851322350E+00-0.156766880E+01 0.833481900E+00-0.154624210E+01
 0.826062560E+00-0.152875240E+01 0.822677700E+00-0.151516830E+01 0.821022750E+00
-0.149624060E+01 0.820691350E+00-0.147724350E+01 0.822887360E+00-0.144582030E+01
 0.827573000E+00-0.141923050E+01 0.839194600E+00-0.138728100E+01 0.855244300E+00
-0.135284130E+01 0.877566500E+00-0.132209860E+01 0.899473500E+00-0.130017830E+01
 0.118567730E+01-0.101380000E+01 0.127900000E+01-0.842300000E+00 0.129600000E+01
-0.820200000E+00 0.143300000E+01-0.820200000E+00 0.143300000E+01-0.711000000E+00
 0.149000000E+01-0.491000000E+00 0.146000000E+01-0.491000000E+00 0.146000000E+01
-0.233000000E+00 0.166100000E+01-0.233000000E+00 0.166100000E+01 0.226000000E+00
 0.146000000E+01 0.226000000E+00 0.146000000E+01 0.481000000E+00 0.149300000E+01
 0.481000000E+00 0.147400000E+01 0.554000000E+00 0.143300000E+01 0.711000000E+00
 0.143300000E+01 0.815600000E+00 0.129600000E+01 0.815600000E+00 0.127900000E+01
 0.837699950E+00 0.118567730E+01 0.100920000E+01 0.899473500E+00 0.129557820E+01
 0.877566500E+00 0.131749860E+01 0.855244300E+00 0.134824120E+01 0.839194600E+00
 0.138268090E+01 0.827573000E+00 0.141463040E+01 0.822887360E+00 0.144122030E+01
 0.820691350E+00 0.147264350E+01 0.821022750E+00 0.149164060E+01 0.822677700E+00
 0.151056830E+01 0.826062560E+00 0.152415240E+01 0.833481900E+00 0.154164210E+01
 0.851322350E+00 0.156306870E+01 0.867681200E+00 0.157627360E+01 0.883387860E+00
 0.158566430E+01 0.899143000E+00 0.159018470E+01 0.905686400E+00 0.159096230E+01
 0.947502500E+00 0.159101410E+01 0.105528350E+01 0.158630620E+01 0.105537410E+01
 0.158644830E+01 0.119631650E+01 0.158029800E+01 0.119622210E+01 0.158014990E+01
 0.137989190E+01 0.157212700E+01 0.137999130E+01 0.157228290E+01 0.156441580E+01
 0.156423520E+01
    0
