EFIT++      MAST # 47085 # 440ms                   0  65  65
 0.194000000E+01 0.440000000E+01 0.800000000E+00 0.600000000E-01 0.000000000E+00
 0.931787994E+00-0.453519236E-03-0.761114942E-01 0.216256461E-01-0.654594649E+00
 0.753762416E+06-0.761114942E-01 0.000000000E+00 0.931787994E+00 0.000000000E+00
-0.453519236E-03 0.000000000E+00 0.216256461E-01 0.000000000E+00 0.000000000E+00
-0.624560824E+00-0.620978555E+00-0.617465690E+00-0.614022351E+00-0.610648635E+00
-0.607344622E+00-0.604110365E+00-0.600945896E+00-0.597851224E+00-0.594826331E+00
-0.591871178E+00-0.588985696E+00-0.586169793E+00-0.583423349E+00-0.580746216E+00
-0.578138220E+00-0.575599159E+00-0.573128800E+00-0.570726884E+00-0.568393120E+00
-0.566127191E+00-0.563928747E+00-0.561797410E+00-0.559732772E+00-0.557734394E+00
-0.555801807E+00-0.553934513E+00-0.552131983E+00-0.550393658E+00-0.548718950E+00
-0.547107242E+00-0.545557884E+00-0.544070203E+00-0.542643492E+00-0.541277019E+00
-0.539970023E+00-0.538721716E+00-0.537531284E+00-0.536397885E+00-0.535320654E+00
-0.534298698E+00-0.533331104E+00-0.532416931E+00-0.531555217E+00-0.530744981E+00
-0.529985215E+00-0.529274896E+00-0.528612978E+00-0.527998397E+00-0.527430073E+00
-0.526906906E+00-0.526427782E+00-0.525991570E+00-0.525597127E+00-0.525243294E+00
-0.524928901E+00-0.524652764E+00-0.524413690E+00-0.524210475E+00-0.524041906E+00
-0.523906760E+00-0.523803809E+00-0.523731814E+00-0.523689534E+00-0.523675719E+00
 0.108961130E+05 0.106360678E+05 0.103764427E+05 0.101173551E+05 0.985892280E+04
 0.960126330E+04 0.934449425E+04 0.908873323E+04 0.883409788E+04 0.858070579E+04
 0.832867457E+04 0.807812184E+04 0.782916519E+04 0.758192225E+04 0.733651061E+04
 0.709304789E+04 0.685165169E+04 0.661243963E+04 0.637552932E+04 0.614103835E+04
 0.590908435E+04 0.567978491E+04 0.545325766E+04 0.522962019E+04 0.500899011E+04
 0.479148504E+04 0.457722259E+04 0.436632035E+04 0.415889595E+04 0.395506698E+04
 0.375495107E+04 0.355866581E+04 0.336632881E+04 0.317805769E+04 0.299397006E+04
 0.281418351E+04 0.263881567E+04 0.246798413E+04 0.230180652E+04 0.214040043E+04
 0.198388347E+04 0.183237326E+04 0.168598741E+04 0.154484351E+04 0.140905919E+04
 0.127875204E+04 0.115403969E+04 0.103503973E+04 0.921869774E+03 0.814647434E+03
 0.713490317E+03 0.618516032E+03 0.529842187E+03 0.447586392E+03 0.371866255E+03
 0.302799385E+03 0.240503390E+03 0.185095879E+03 0.136694462E+03 0.954167459E+02
 0.613803407E+02 0.347028548E+02 0.155018968E+02 0.389507567E+01 0.000000000E+00
-0.147922704E+01-0.144254786E+01-0.140629934E+01-0.137048150E+01-0.133509434E+01
-0.130013785E+01-0.126561204E+01-0.123151690E+01-0.119785244E+01-0.116461865E+01
-0.113181554E+01-0.109944310E+01-0.106750134E+01-0.103599025E+01-0.100490984E+01
-0.974260102E+00-0.944041040E+00-0.914252654E+00-0.884894942E+00-0.855967905E+00
-0.827471544E+00-0.799405857E+00-0.771770846E+00-0.744566510E+00-0.717792849E+00
-0.691449863E+00-0.665537552E+00-0.640055917E+00-0.615004956E+00-0.590384671E+00
-0.566195060E+00-0.542436125E+00-0.519107865E+00-0.496210280E+00-0.473743370E+00
-0.451707135E+00-0.430101576E+00-0.408926691E+00-0.388182482E+00-0.367868947E+00
-0.347986088E+00-0.328533904E+00-0.309512395E+00-0.290921561E+00-0.272761402E+00
-0.255031919E+00-0.237733110E+00-0.220864977E+00-0.204427518E+00-0.188420735E+00
-0.172844627E+00-0.157699194E+00-0.142984436E+00-0.128700353E+00-0.114846946E+00
-0.101424213E+00-0.884321555E-01-0.758707732E-01-0.637400660E-01-0.520400339E-01
-0.407706769E-01-0.299319950E-01-0.195239882E-01-0.954665655E-02 0.000000000E+00
-0.170393992E+06-0.170157472E+06-0.169843941E+06-0.169453397E+06-0.168985840E+06
-0.168441272E+06-0.167819691E+06-0.167121098E+06-0.166345493E+06-0.165492875E+06
-0.164563245E+06-0.163556603E+06-0.162472949E+06-0.161312282E+06-0.160074603E+06
-0.158759912E+06-0.157368208E+06-0.155899492E+06-0.154353764E+06-0.152731024E+06
-0.151031271E+06-0.149254506E+06-0.147400729E+06-0.145469940E+06-0.143462138E+06
-0.141377324E+06-0.139215497E+06-0.136976659E+06-0.134660808E+06-0.132267945E+06
-0.129798069E+06-0.127251182E+06-0.124627282E+06-0.121926369E+06-0.119148445E+06
-0.116293508E+06-0.113361559E+06-0.110352598E+06-0.107266624E+06-0.104103638E+06
-0.100863640E+06-0.975466294E+05-0.941526067E+05-0.906815717E+05-0.871335244E+05
-0.835084648E+05-0.798063929E+05-0.760273088E+05-0.721712124E+05-0.682381037E+05
-0.642279827E+05-0.601408494E+05-0.559767039E+05-0.517355461E+05-0.474173760E+05
-0.430221937E+05-0.385499990E+05-0.340007921E+05-0.293745729E+05-0.246713415E+05
-0.198910977E+05-0.150338417E+05-0.100995734E+05-0.508829285E+04 0.000000000E+00
-4.724199043e-06-1.069613147e-05-1.910614856e-05-3.009287642e-05-4.404779155e-05
-6.190856862e-05-8.576410894e-05-1.207507046e-04-1.381055485e-04-6.551751471e-05
 2.050572080e-05 1.109789931e-04 2.275688790e-04 3.624353335e-04 5.250070218e-04
 7.255012475e-04 9.387196074e-04 1.191171474e-03 1.457822915e-03 1.757128399e-03
 2.101255426e-03 2.481014223e-03 2.951296859e-03 3.492530394e-03 4.154345611e-03
 4.941713396e-03 5.841598690e-03 6.887474003e-03 8.008592235e-03 9.231306223e-03
 1.050468238e-02 1.180595005e-02 1.315898723e-02 1.449137020e-02 1.586440018e-02
 1.721951466e-02 1.857137730e-02 1.994605384e-02 2.128082119e-02 2.263868310e-02
 2.395720966e-02 2.527380143e-02 2.659112253e-02 2.786673143e-02 2.917865559e-02
 3.044241445e-02 3.172247784e-02 3.299405430e-02 3.423087615e-02 3.550937141e-02
 3.672897673e-02 3.798206134e-02 3.920586929e-02 4.039655569e-02 4.160902418e-02
 4.273209939e-02 4.385880965e-02 4.489658949e-02 4.582238237e-02 4.668807848e-02
 4.735001794e-02 4.791366538e-02 4.829416223e-02 4.848989833e-02 4.861735960e-02
-1.157709777e-05-2.627254998e-05-4.693070168e-05-7.365668745e-05-1.067417658e-04
-1.469055983e-04-1.955268510e-04-2.492772443e-04-2.845572460e-04-2.258457022e-04
-1.528712139e-04-7.378516453e-05 8.817664108e-06 6.360187732e-05 2.578409533e-04
 4.766001522e-04 6.997883081e-04 9.245342741e-04 1.150584854e-03 1.378975367e-03
 1.616984100e-03 1.883831338e-03 2.209656880e-03 2.646432302e-03 3.261115160e-03
 4.108650746e-03 5.202790850e-03 6.508381640e-03 7.961771511e-03 9.499781166e-03
 1.107567257e-02 1.266041946e-02 1.423790991e-02 1.579999593e-02 1.734314491e-02
 1.886631779e-02 2.036975922e-02 2.185412737e-02 2.331991331e-02 2.476768501e-02
 2.619849187e-02 2.761381291e-02 2.901530577e-02 3.040470057e-02 3.178382519e-02
 3.315456194e-02 3.451894367e-02 3.587912211e-02 3.723737681e-02 3.859608902e-02
 3.995754570e-02 4.132376248e-02 4.269593942e-02 4.407368918e-02 4.545371558e-02
 4.682773849e-02 4.817946915e-02 4.948050148e-02 5.068645285e-02 5.173654566e-02
 5.256239136e-02 5.310898628e-02 5.335738265e-02 5.332953373e-02 5.307995382e-02
-1.839658421e-05-4.173649663e-05-7.438186849e-05-1.160075896e-04-1.659003662e-04
-2.227453781e-04-2.844098913e-04-3.438247868e-04-3.688050257e-04-3.803149078e-04
-3.451464482e-04-2.670956100e-04-1.751456529e-04-6.393088506e-05 8.860613882e-05
 2.929115927e-04 5.089427622e-04 7.166811691e-04 9.004155408e-04 1.040694988e-03
 1.116585212e-03 1.111978040e-03 1.025636555e-03 9.511027009e-04 1.177158499e-03
 2.042642992e-03 3.621506899e-03 5.653788082e-03 7.797735463e-03 9.890715843e-03
 1.189497799e-02 1.381247512e-02 1.565400375e-02 1.743077170e-02 1.915249609e-02
 2.082723682e-02 2.246161931e-02 2.406109678e-02 2.563019538e-02 2.717274995e-02
 2.869211605e-02 3.019133445e-02 3.167325480e-02 3.314064646e-02 3.459631717e-02
 3.604324744e-02 3.748474073e-02 3.892458642e-02 4.036723126e-02 4.181795283e-02
 4.328302386e-02 4.476984406e-02 4.628698837e-02 4.784405640e-02 4.945106352e-02
 5.111678278e-02 5.284470292e-02 5.462362589e-02 5.640670783e-02 5.807028346e-02
 5.936900134e-02 6.001116521e-02 5.991688132e-02 5.930371325e-02 5.845576955e-02
-2.505278539e-05-5.729300741e-05-1.030791342e-04-1.623042221e-04-2.339848850e-04
-3.158020240e-04-4.037260073e-04-4.867016895e-04-5.415015357e-04-5.762881130e-04
-5.713588857e-04-5.115206855e-04-4.086871615e-04-2.613903098e-04-6.949214442e-05
 1.612682224e-04 4.172229147e-04 6.769236231e-04 9.102144467e-04 1.073764780e-03
 1.105451877e-03 9.274404112e-04 3.116656450e-04-1.239060150e-03-2.983724394e-03
-2.194503279e-03 1.114469476e-03 5.383684275e-03 8.511175269e-03 1.113887278e-02
 1.348380700e-02 1.564343904e-02 1.767013775e-02 1.959568209e-02 2.144119981e-02
 2.322176496e-02 2.494871606e-02 2.663090367e-02 2.827540760e-02 2.988798650e-02
 3.147339308e-02 3.303562434e-02 3.457814595e-02 3.610411456e-02 3.761661389e-02
 3.911891449e-02 4.061476422e-02 4.210871584e-02 4.360650210e-02 4.511547700e-02
 4.664515854e-02 4.820793518e-02 4.982004413e-02 5.150300512e-02 5.328582490e-02
 5.520852034e-02 5.732792747e-02 5.972754323e-02 6.253505776e-02 6.596686391e-02
 7.077541923e-02 7.193658953e-02 6.887776212e-02 6.598656517e-02 6.380453717e-02
-2.958613443e-05-6.939672607e-05-1.288272421e-04-2.099579770e-04-3.135005473e-04
-4.376973869e-04-5.772609392e-04-7.171381492e-04-8.323617651e-04-9.210774529e-04
-9.671625867e-04-9.359396670e-04-8.297312511e-04-6.452054502e-04-3.800436172e-04
-3.870913381e-05 3.670050926e-04 8.180022528e-04 1.288215903e-03 1.745355393e-03
 2.153320989e-03 2.475550493e-03 2.690724050e-03 2.878882437e-03 3.383939056e-03
 4.634563119e-03 6.675911957e-03 9.126681182e-03 1.162094208e-02 1.401572739e-02
 1.628368336e-02 1.843236447e-02 2.047679172e-02 2.243210380e-02 2.431193002e-02
 2.612819100e-02 2.789118029e-02 2.960966476e-02 3.129097401e-02 3.294109746e-02
 3.456480852e-02 3.616582749e-02 3.774702956e-02 3.931070093e-02 4.085884526e-02
 4.239354076e-02 4.391734672e-02 4.543375723e-02 4.694770254e-02 4.846610808e-02
 4.999854353e-02 5.155803353e-02 5.316217014e-02 5.483478401e-02 5.660864680e-02
 5.853010711e-02 6.066749101e-02 6.312727877e-02 6.608778256e-02 6.987569555e-02
 7.492036329e-02 7.627298272e-02 7.274271878e-02 6.932971632e-02 6.690238787e-02
-2.479506562e-05-6.342607509e-05-1.296369667e-04-2.323364747e-04-3.786491063e-04
-5.711659160e-04-8.055884127e-04-1.068073286e-03-1.303713048e-03-1.516078297e-03
-1.667281344e-03-1.708306016e-03-1.614886762e-03-1.382307993e-03-1.000502505e-03
-4.700381477e-04 1.953371986e-04 9.758354660e-04 1.848524039e-03 2.788268335e-03
 3.774116643e-03 4.800062655e-03 5.884304009e-03 7.073701799e-03 8.433865027e-03
 1.001695328e-02 1.182568692e-02 1.380755813e-02 1.588382684e-02 1.798317635e-02
 2.005695431e-02 2.207851211e-02 2.403707367e-02 2.593182891e-02 2.776760854e-02
 2.955196166e-02 3.129324081e-02 3.299939158e-02 3.467723971e-02 3.633212933e-02
 3.796780599e-02 3.958647049e-02 4.118895735e-02 4.277501467e-02 4.434367723e-02
 4.589372940e-02 4.742424787e-02 4.893519801e-02 5.042803897e-02 5.190628078e-02
 5.337593956e-02 5.484585457e-02 5.632784953e-02 5.783671078e-02 5.938985985e-02
 6.100630199e-02 6.270363970e-02 6.448982460e-02 6.634044518e-02 6.813698214e-02
 6.953937358e-02 7.003957214e-02 6.955772532e-02 6.852111710e-02 6.730022843e-02
 8.155304935e-06 3.104978163e-07-4.231325524e-05-1.459884245e-04-3.361595149e-04
-6.310002092e-04-1.034044904e-03-1.521638952e-03-2.039117686e-03-2.532218419e-03
-2.921236607e-03-3.122089534e-03-3.073299481e-03-2.789527735e-03-2.318222366e-03
-1.399717619e-03-3.691536283e-04 8.844522663e-04 2.312528954e-03 3.877626649e-03
 5.488291903e-03 7.139445713e-03 8.842206595e-03 1.061136492e-02 1.245862878e-02
 1.438619424e-02 1.638221061e-02 1.842116698e-02 2.046967277e-02 2.249477856e-02
 2.447101571e-02 2.638392062e-02 2.822997298e-02 3.001416222e-02 3.174665146e-02
 3.343964971e-02 3.510505657e-02 3.675298641e-02 3.839102057e-02 4.002395473e-02
 4.165383360e-02 4.328013074e-02 4.490000277e-02 4.650861067e-02 4.809954836e-02
 4.966543939e-02 5.119874266e-02 5.269273974e-02 5.414257371e-02 5.554611713e-02
 5.690441760e-02 5.822153204e-02 5.950367786e-02 6.075771368e-02 6.198893322e-02
 6.319799125e-02 6.437656456e-02 6.550136078e-02 6.652710140e-02 6.738267467e-02
 6.798086318e-02 6.825187803e-02 6.818765635e-02 6.785990592e-02 6.735231994e-02
 1.103770233e-04 2.117683537e-04 2.839122036e-04 2.618697342e-04 7.395056273e-05
-3.450456437e-04-1.036884432e-03-1.995781669e-03-3.138765687e-03-4.331577712e-03
-5.335512397e-03-5.893993068e-03-5.809251966e-03-5.154651040e-03-4.109188379e-03
-2.555956894e-03-8.958314419e-04 9.783751798e-04 3.033642652e-03 5.220332855e-03
 7.399201410e-03 9.592977065e-03 1.182063999e-02 1.409159867e-02 1.640357061e-02
 1.874049852e-02 2.107216431e-02 2.335766394e-02 2.555359037e-02 2.762506989e-02
 2.955521720e-02 3.134858414e-02 3.302742404e-02 3.462355564e-02 3.617009575e-02
 3.769585385e-02 3.922283821e-02 4.076594912e-02 4.233373649e-02 4.392944233e-02
 4.555192447e-02 4.719629638e-02 4.885425224e-02 5.051415640e-02 5.216111055e-02
 5.377734688e-02 5.534334331e-02 5.683989166e-02 5.825089969e-02 5.956611970e-02
 6.078268313e-02 6.190465520e-02 6.294068633e-02 6.390061136e-02 6.479201056e-02
 6.561737400e-02 6.637209381e-02 6.704343585e-02 6.761094326e-02 6.804907121e-02
 6.833254477e-02 6.844039612e-02 6.841117963e-02 6.822835339e-02 6.791212679e-02
 3.542850870e-04 7.403229292e-04 1.157320073e-03 1.467156785e-03 1.490758087e-03
 1.038649340e-03-4.341335340e-05-1.848493741e-03-4.396487328e-03-7.619733013e-03
-1.079666891e-02-1.244397622e-02-1.181111131e-02-9.276284214e-03-6.275796487e-03
-3.376438437e-03-6.346869779e-04 1.996129370e-03 4.572075160e-03 7.135419843e-03
 9.715528980e-03 1.233850922e-02 1.502744972e-02 1.779676679e-02 2.064433317e-02
 2.354144742e-02 2.642261682e-02 2.918348560e-02 3.170079549e-02 3.387770582e-02
 3.568923391e-02 3.719232495e-02 3.849298134e-02 3.969994857e-02 4.089665386e-02
 4.213615386e-02 4.344735705e-02 4.484290941e-02 4.632520251e-02 4.789021213e-02
 4.952979137e-02 5.123283635e-02 5.298534619e-02 5.476920584e-02 5.655990750e-02
 5.832419007e-02 6.001945017e-02 6.159748164e-02 6.301396218e-02 6.424092987e-02
 6.527515219e-02 6.613636652e-02 6.685658077e-02 6.746777231e-02 6.799412051e-02
 6.844963144e-02 6.883899954e-02 6.915970673e-02 6.940445146e-02 6.956370353e-02
 6.962832834e-02 6.959308047e-02 6.948368034e-02 6.928628668e-02 6.898877872e-02
 8.144485516e-04 1.795403026e-03 3.054453506e-03 4.393161773e-03 5.374487991e-03
 5.308925829e-03 3.845470847e-03 1.106359748e-03-2.971464356e-03-8.994200506e-03
-1.670057408e-02-2.021761529e-02-1.839232430e-02-1.150714275e-02-6.359207472e-03
-2.395167997e-03 9.455811385e-04 3.954382005e-03 6.799925402e-03 9.591407104e-03
 1.240767477e-02 1.531248066e-02 1.836271113e-02 2.161165696e-02 2.510618153e-02
 2.887045466e-02 3.285492055e-02 3.681893201e-02 4.023894053e-02 4.259694976e-02
 4.379416843e-02 4.426050384e-02 4.452415378e-02 4.490957868e-02 4.550940550e-02
 4.634132130e-02 4.739716867e-02 4.864753590e-02 5.007913107e-02 5.166331087e-02
 5.338097831e-02 5.521461548e-02 5.714738069e-02 5.917292314e-02 6.126954539e-02
 6.340025470e-02 6.548626282e-02 6.739365266e-02 6.896461524e-02 7.008885593e-02
 7.078063923e-02 7.116100631e-02 7.136796487e-02 7.149346705e-02 7.157945480e-02
 7.164097946e-02 7.167831892e-02 7.168601481e-02 7.165693630e-02 7.158299759e-02
 7.145785742e-02 7.127850423e-02 7.106263984e-02 7.079600749e-02 7.048440012e-02
 1.429582570e-03 3.267197706e-03 5.920613577e-03 9.548722711e-03 1.411172823e-02
 1.519489596e-02 1.168536650e-02 7.975322837e-03 4.219501550e-03 2.734163747e-04
-3.288226311e-03-5.275078530e-03-5.063279259e-03-3.070996741e-03-4.590851097e-04
 2.205234051e-03 4.810540387e-03 7.371916575e-03 9.935640078e-03 1.255490749e-02
 1.528540115e-02 1.818754951e-02 2.133245831e-02 2.481248196e-02 2.876142306e-02
 3.339889799e-02 3.914637785e-02 4.700737072e-02 5.466032712e-02 5.748430107e-02
 5.518732272e-02 5.128643489e-02 4.955567206e-02 4.894182475e-02 4.902038602e-02
 4.958597218e-02 5.052510985e-02 5.176952906e-02 5.327596703e-02 5.501709864e-02
 5.693738285e-02 5.896287050e-02 6.110993250e-02 6.343599604e-02 6.599059279e-02
 6.882217742e-02 7.199405672e-02 7.532353370e-02 7.778377883e-02 7.869714899e-02
 7.793503941e-02 7.694203922e-02 7.621848664e-02 7.569933150e-02 7.530570910e-02
 7.498527215e-02 7.470370065e-02 7.443713893e-02 7.417192775e-02 7.389507294e-02
 7.360171416e-02 7.328891207e-02 7.295439734e-02 7.258843072e-02 7.217469851e-02
 1.962849374e-03 4.501521860e-03 8.177553025e-03 1.312512428e-02 1.898985623e-02
 2.070728133e-02 1.723046815e-02 1.404451721e-02 1.136632770e-02 9.081695751e-03
 7.273697056e-03 6.088584291e-03 5.651248372e-03 5.937440508e-03 6.806382048e-03
 8.092240097e-03 9.668789934e-03 1.146235734e-02 1.344048670e-02 1.559849036e-02
 1.795045885e-02 2.052483625e-02 2.336349828e-02 2.652346685e-02 3.008006667e-02
 3.412627704e-02 3.873974422e-02 4.376542559e-02 4.816065536e-02 5.063371503e-02
 5.099764894e-02 5.032803752e-02 4.984992149e-02 4.984851520e-02 5.029904224e-02
 5.113775627e-02 5.231028823e-02 5.377679194e-02 5.550968867e-02 5.751326015e-02
 5.971530781e-02 6.198854756e-02 6.432506744e-02 6.688000720e-02 6.969343919e-02
 7.282414871e-02 7.644075928e-02 8.073369633e-02 8.354742712e-02 8.418983989e-02
 8.260427227e-02 8.111070410e-02 8.009406200e-02 7.933418246e-02 7.871630807e-02
 7.817949650e-02 7.768980153e-02 7.722719616e-02 7.677908392e-02 7.633701877e-02
 7.589500230e-02 7.544847164e-02 7.499359756e-02 7.452720052e-02 7.405353975e-02
 2.311725443e-03 5.271574551e-03 9.487720420e-03 1.501591361e-02 2.140832678e-02
 2.342882173e-02 1.982467403e-02 1.780396894e-02 1.622246947e-02 1.482947799e-02
 1.366039699e-02 1.280370419e-02 1.231563660e-02 1.221602453e-02 1.249062967e-02
 1.310413762e-02 1.401543721e-02 1.518859555e-02 1.659789438e-02 1.822851333e-02
 2.007492823e-02 2.213824363e-02 2.442262052e-02 2.692992846e-02 2.965057364e-02
 3.254733229e-02 3.553049117e-02 3.843463668e-02 4.102932181e-02 4.319851285e-02
 4.489896312e-02 4.620702618e-02 4.733771203e-02 4.847266892e-02 4.972702332e-02
 5.116108219e-02 5.280140977e-02 5.465541347e-02 5.671854581e-02 5.897670519e-02
 6.140751024e-02 6.398334258e-02 6.667853675e-02 6.946636026e-02 7.230601155e-02
 7.512914516e-02 7.781583930e-02 8.016701076e-02 8.193871396e-02 8.298027671e-02
 8.333793756e-02 8.321498067e-02 8.282441774e-02 8.230277240e-02 8.172205978e-02
 8.111912934e-02 8.051301539e-02 7.991320607e-02 7.932369078e-02 7.874517192e-02
 7.817640462e-02 7.761505940e-02 7.705830375e-02 7.650332276e-02 7.595428421e-02
 2.533552545e-03 5.756713678e-03 1.030949409e-02 1.621730748e-02 2.296849647e-02
 2.531732900e-02 2.228481472e-02 2.078531622e-02 1.974073280e-02 1.876382739e-02
 1.791790572e-02 1.724802080e-02 1.678963178e-02 1.656586238e-02 1.658712098e-02
 1.685330242e-02 1.735743886e-02 1.808939889e-02 1.903863898e-02 2.019561355e-02
 2.155186607e-02 2.309896171e-02 2.482637831e-02 2.671841764e-02 2.875033685e-02
 3.088449351e-02 3.306853541e-02 3.523909719e-02 3.733379941e-02 3.930046756e-02
 4.118959691e-02 4.299119933e-02 4.474055612e-02 4.650358101e-02 4.833803107e-02
 5.029256011e-02 5.240382900e-02 5.469567442e-02 5.717954181e-02 5.985505177e-02
 6.271059690e-02 6.572339327e-02 6.885583497e-02 7.204813870e-02 7.521007579e-02
 7.821731742e-02 8.091997117e-02 8.316740918e-02 8.484395393e-02 8.590182961e-02
 8.637562011e-02 8.636818519e-02 8.601377828e-02 8.543975385e-02 8.474510492e-02
 8.399696333e-02 8.323637887e-02 8.248603962e-02 8.175676426e-02 8.105213787e-02
 8.037157891e-02 7.971228753e-02 7.907044604e-02 7.844167421e-02 7.780736871e-02
 2.691461792e-03 6.104755548e-03 1.090708231e-02 1.710930281e-02 2.419863105e-02
 2.692289361e-02 2.416298896e-02 2.305178423e-02 2.229442510e-02 2.157247717e-02
 2.091172524e-02 2.034422113e-02 1.989862589e-02 1.959826146e-02 1.946035706e-02
 1.949624715e-02 1.971223637e-02 2.011074204e-02 2.069134934e-02 2.145152194e-02
 2.238684739e-02 2.349081218e-02 2.475419848e-02 2.616429081e-02 2.770420494e-02
 2.935279781e-02 3.108570693e-02 3.287793638e-02 3.470792162e-02 3.656209301e-02
 3.843634354e-02 4.034070148e-02 4.232703807e-02 4.439320563e-02 4.656605463e-02
 4.886145732e-02 5.134274231e-02 5.403241924e-02 5.695823475e-02 6.013237914e-02
 6.353250494e-02 6.716454132e-02 7.102058476e-02 7.506169178e-02 7.918790332e-02
 8.318989681e-02 8.673993531e-02 8.951331011e-02 9.131449723e-02 9.209776067e-02
 9.197896155e-02 9.123623858e-02 9.018550556e-02 8.903919603e-02 8.790273789e-02
 8.682092939e-02 8.580888250e-02 8.486752709e-02 8.399122570e-02 8.317161161e-02
 8.239956277e-02 8.166621549e-02 8.096346849e-02 8.028450219e-02 7.963669902e-02
 2.822555735e-03 6.396026237e-03 1.141205273e-02 1.786980227e-02 2.524905167e-02
 2.827728244e-02 2.580312564e-02 2.488047049e-02 2.432010947e-02 2.373123869e-02
 2.314525253e-02 2.259357170e-02 2.210500985e-02 2.170437153e-02 2.141203572e-02
 2.124409675e-02 2.121278307e-02 2.132697892e-02 2.159271894e-02 2.201356404e-02
 2.259079720e-02 2.332348294e-02 2.420845537e-02 2.524033816e-02 2.641172841e-02
 2.771366817e-02 2.913648317e-02 3.067102208e-02 3.231016267e-02 3.405029902e-02
 3.589247691e-02 3.784280857e-02 3.991291115e-02 4.212518698e-02 4.449723190e-02
 4.704232704e-02 4.979943798e-02 5.279883425e-02 5.607224796e-02 5.964888785e-02
 6.355292390e-02 6.783416901e-02 7.256322925e-02 7.783759892e-02 8.380790935e-02
 9.091278904e-02 9.735171598e-02 1.017233978e-01 1.038126637e-01 1.034877561e-01
 1.008012680e-01 9.710837970e-02 9.444842790e-02 9.233702556e-02 9.060869409e-02
 8.915919114e-02 8.791668815e-02 8.682979035e-02 8.586068565e-02 8.498091861e-02
 8.416870588e-02 8.340719413e-02 8.268330321e-02 8.198672277e-02 8.129999096e-02
 2.947718962e-03 6.678472419e-03 1.191224748e-02 1.864230862e-02 2.631099393e-02
 2.960257498e-02 2.744099611e-02 2.670138005e-02 2.619275325e-02 2.558699115e-02
 2.494041365e-02 2.429414128e-02 2.367931701e-02 2.312075181e-02 2.263886280e-02
 2.225072329e-02 2.197070346e-02 2.181091886e-02 2.178157084e-02 2.189117721e-02
 2.214645791e-02 2.255228594e-02 2.311170195e-02 2.382603693e-02 2.469524287e-02
 2.571838147e-02 2.689401047e-02 2.822076517e-02 2.969806828e-02 3.132687111e-02
 3.311023341e-02 3.505375906e-02 3.716584785e-02 3.945764213e-02 4.194284835e-02
 4.463817759e-02 4.756410647e-02 5.074529995e-02 5.421189919e-02 5.800274795e-02
 6.217119964e-02 6.679343145e-02 7.198022227e-02 7.789894279e-02 8.480989856e-02
 9.304208728e-02 1.004285374e-01 1.051588330e-01 1.072761636e-01 1.067192546e-01
 1.033918523e-01 9.906464853e-02 9.594737637e-02 9.362449522e-02 9.181997797e-02
 9.036689788e-02 8.915831927e-02 8.812261430e-02 8.721007973e-02 8.638526627e-02
 8.562237132e-02 8.490235872e-02 8.421111295e-02 8.353837495e-02 8.288121057e-02
 3.070421423e-03 6.961631657e-03 1.243213146e-02 1.949230816e-02 2.765084838e-02
 3.166694688e-02 3.020815724e-02 2.908330274e-02 2.818375483e-02 2.729881983e-02
 2.642038590e-02 2.556017583e-02 2.473257402e-02 2.395246607e-02 2.323456799e-02
 2.259315680e-02 2.204198469e-02 2.159430962e-02 2.126302610e-02 2.106207356e-02
 2.100373526e-02 2.109854298e-02 2.135508686e-02 2.177970482e-02 2.237720984e-02
 2.315277582e-02 2.411022822e-02 2.525238968e-02 2.658160776e-02 2.810069410e-02
 2.981296154e-02 3.172238210e-02 3.383384805e-02 3.615336006e-02 3.868815876e-02
 4.144690476e-02 4.443994639e-02 4.767975553e-02 5.118178187e-02 5.496653576e-02
 5.906744091e-02 6.355418433e-02 6.849785954e-02 7.392783655e-02 7.991742322e-02
 8.649834544e-02 9.251831782e-02 9.663016347e-02 9.866651329e-02 9.840749620e-02
 9.673667620e-02 9.509714940e-02 9.360738599e-02 9.232122198e-02 9.122724604e-02
 9.028936085e-02 8.946974067e-02 8.873553003e-02 8.806012576e-02 8.742271950e-02
 8.680737064e-02 8.620203794e-02 8.559769113e-02 8.498772575e-02 8.437852384e-02
 3.174321501e-03 7.202043753e-03 1.287489271e-02 2.021767641e-02 2.873565694e-02
 3.322112629e-02 3.233482818e-02 3.097220023e-02 2.975730201e-02 2.857858488e-02
 2.743505239e-02 2.632227234e-02 2.524276769e-02 2.420363006e-02 2.321473758e-02
 2.228771022e-02 2.143533746e-02 2.067226902e-02 2.001688614e-02 1.948714909e-02
 1.910024265e-02 1.887226836e-02 1.881796334e-02 1.895046325e-02 1.928117159e-02
 1.981962925e-02 2.057302854e-02 2.154561636e-02 2.273775771e-02 2.415420356e-02
 2.579789990e-02 2.767013935e-02 2.977169772e-02 3.210314104e-02 3.466456340e-02
 3.745555726e-02 4.047489873e-02 4.371991860e-02 4.718520486e-02 5.085959084e-02
 5.471220270e-02 5.882473676e-02 6.327637033e-02 6.787383016e-02 7.251544738e-02
 7.698976562e-02 8.101926526e-02 8.434552994e-02 8.681646514e-02 8.843444105e-02
 8.935069563e-02 8.978435018e-02 8.992175101e-02 8.988556300e-02 8.974697771e-02
 8.954345371e-02 8.929264357e-02 8.900160801e-02 8.867232850e-02 8.830476972e-02
 8.789845670e-02 8.745319863e-02 8.696934058e-02 8.644742614e-02 8.586742897e-02
 3.243074533e-03 7.357586509e-03 1.315068247e-02 2.064242194e-02 2.932471864e-02
 3.396026028e-02 3.317102430e-02 3.182750824e-02 3.050498873e-02 2.917099890e-02
 2.783063506e-02 2.649172474e-02 2.516226097e-02 2.385136254e-02 2.256958264e-02
 2.132893368e-02 2.014447854e-02 1.903760216e-02 1.803041411e-02 1.714531520e-02
 1.640457458e-02 1.582990104e-02 1.544201283e-02 1.526021134e-02 1.530196221e-02
 1.558247428e-02 1.611427034e-02 1.690679776e-02 1.796616533e-02 1.929522723e-02
 2.089243224e-02 2.275034095e-02 2.486412299e-02 2.723039845e-02 2.984230511e-02
 3.269163208e-02 3.576806753e-02 3.905865981e-02 4.254707427e-02 4.621260152e-02
 5.002850196e-02 5.396856646e-02 5.795220187e-02 6.212841121e-02 6.630091863e-02
 7.026643039e-02 7.393186764e-02 7.720951922e-02 8.003792703e-02 8.239684280e-02
 8.430701875e-02 8.581759998e-02 8.698879162e-02 8.787816610e-02 8.853392912e-02
 8.899367631e-02 8.928592534e-02 8.943245090e-02 8.945042805e-02 8.935404134e-02
 8.915554723e-02 8.886590444e-02 8.849511736e-02 8.805273943e-02 8.756253933e-02
 3.276458867e-03 7.430729253e-03 1.327427028e-02 2.082063390e-02 2.958122373e-02
 3.430695092e-02 3.342485439e-02 3.205172085e-02 3.064083919e-02 2.916809407e-02
 2.764633326e-02 2.608768433e-02 2.450381849e-02 2.290656669e-02 2.130842482e-02
 1.972476125e-02 1.817952025e-02 1.669818332e-02 1.530744148e-02 1.403480912e-02
 1.290816769e-02 1.195525483e-02 1.120310943e-02 1.067748478e-02 1.040224339e-02
 1.039874782e-02 1.068526320e-02 1.127639461e-02 1.218257796e-02 1.340961757e-02
 1.495822462e-02 1.682369095e-02 1.899598672e-02 2.145864055e-02 2.418623361e-02
 2.716684351e-02 3.038382986e-02 3.381764491e-02 3.744585642e-02 4.124269405e-02
 4.517852367e-02 4.921956256e-02 5.332790824e-02 5.745798710e-02 6.154624959e-02
 6.551721424e-02 6.929857501e-02 7.282816902e-02 7.605760387e-02 7.895474564e-02
 8.150412942e-02 8.370495264e-02 8.556749087e-02 8.710923918e-02 8.835175904e-02
 8.931856462e-02 9.003388926e-02 9.052199386e-02 9.080672533e-02 9.091115790e-02
 9.085726115e-02 9.066560172e-02 9.035510297e-02 8.994272909e-02 8.943815099e-02
 3.282924171e-03 7.443053462e-03 1.329031274e-02 2.083351357e-02 2.954379409e-02
 3.415819659e-02 3.332889473e-02 3.188373169e-02 3.034741647e-02 2.871108578e-02
 2.698769753e-02 2.518948964e-02 2.332868656e-02 2.141784683e-02 1.947154214e-02
 1.751548894e-02 1.557765575e-02 1.368806907e-02 1.187853312e-02 1.018223242e-02
 8.633230791e-03 7.265875088e-03 6.114117708e-03 5.210775186e-03 4.586744148e-03
 4.270198877e-03 4.285797180e-03 4.653921144e-03 5.389977291e-03 6.503777110e-03
 7.999007154e-03 9.872811386e-03 1.211547458e-02 1.471014217e-02 1.763270567e-02
 2.085236504e-02 2.432841775e-02 2.803490399e-02 3.194605942e-02 3.603369675e-02
 4.026639937e-02 4.460891624e-02 4.902138379e-02 5.345855839e-02 5.786969460e-02
 6.219984332e-02 6.639241579e-02 7.039212939e-02 7.414773994e-02 7.761439038e-02
 8.075551622e-02 8.354425087e-02 8.596428830e-02 8.801016793e-02 8.968693986e-02
 9.100918394e-02 9.199942322e-02 9.268607983e-02 9.310121738e-02 9.327835019e-02
 9.325056006e-02 9.304906705e-02 9.270229242e-02 9.223528186e-02 9.166816569e-02
 3.270941040e-03 7.414204132e-03 1.323461597e-02 2.073802905e-02 2.941333450e-02
 3.400184910e-02 3.300632993e-02 3.144298941e-02 2.974374483e-02 2.791105910e-02
 2.595499652e-02 2.388616273e-02 2.171564091e-02 1.945518918e-02 1.713015290e-02
 1.476947146e-02 1.240505239e-02 1.007160090e-02 7.806318264e-03 5.648468748e-03
 3.638811323e-03 1.818902293e-03 2.302820243e-04-1.086433452e-03-2.092528322e-03
-2.752197021e-03-3.033551277e-03-2.909585449e-03-2.359062971e-03-1.367291529e-03
 7.324026669e-05 1.962381312e-03 4.292000111e-03 7.045822296e-03 1.019942309e-02
 1.372033534e-02 1.756818493e-02 2.169546920e-02 2.604508645e-02 3.059134967e-02
 3.530380178e-02 4.014940781e-02 4.509165538e-02 5.008966680e-02 5.509748952e-02
 6.006367805e-02 6.493128912e-02 6.963844225e-02 7.411968557e-02 7.830846803e-02
 8.214091089e-02 8.556071337e-02 8.852450179e-02 9.100648792e-02 9.300122107e-02
 9.452361555e-02 9.560617828e-02 9.629414735e-02 9.663975375e-02 9.669684618e-02
 9.651673347e-02 9.614555383e-02 9.562304230e-02 9.498262893e-02 9.426538542e-02
 3.246814408e-03 7.358315308e-03 1.313190587e-02 2.057127077e-02 2.915666383e-02
 3.362581783e-02 3.251582481e-02 3.080581429e-02 2.891492759e-02 2.685579474e-02
 2.463614115e-02 2.226409330e-02 1.974840515e-02 1.710972780e-02 1.437617265e-02
 1.157968900e-02 8.756044358e-03 5.944665143e-03 3.188329099e-03 5.326931310e-04
-1.974349046e-03-4.283476438e-03-6.344904084e-03-8.109476093e-03-9.529854098e-03
-1.056175801e-02-1.116520945e-02-1.130572517e-02-1.095540816e-02-1.009388912e-02
-8.709079637e-03-6.797710370e-03-4.365642708e-03-1.427957138e-03 1.991161339e-03
 5.858708049e-03 1.013324822e-02 1.476534624e-02 1.969790451e-02 2.486690966e-02
 3.023186264e-02 3.576696212e-02 4.144371676e-02 4.722939904e-02 5.308497833e-02
 5.896253580e-02 6.480224651e-02 7.052935724e-02 7.605221973e-02 8.126322019e-02
 8.604479371e-02 9.028165100e-02 9.387754248e-02 9.677185214e-02 9.895039741e-02
 1.004466501e-01 1.013329965e-01 1.017052331e-01 1.016657431e-01 1.013103043e-01
 1.007206897e-01 9.996240614e-02 9.908564904e-02 9.812732421e-02 9.709194152e-02
 3.215041737e-03 7.285384204e-03 1.299953156e-02 2.035949862e-02 2.882910965e-02
 3.313844045e-02 3.193948454e-02 3.003667690e-02 2.793149279e-02 2.562238964e-02
 2.311388249e-02 2.041094239e-02 1.752663141e-02 1.448630308e-02 1.131992606e-02
 8.062219014e-03 4.752666569e-03 1.435388025e-03-1.841171884e-03-5.024750484e-03
-8.059984889e-03-1.088934019e-02-1.345423502e-02-1.569633711e-02-1.755898737e-02
-1.898869840e-02-1.993666377e-02-2.036020881e-02-2.022411311e-02-1.950174023e-02
-1.817592042e-02-1.623954754e-02-1.369586996e-02-1.055847613e-02-6.850996218e-03
-2.606561966e-03 2.132920133e-03 7.317614809e-03 1.289063076e-02 1.878882310e-02
 2.494356513e-02 3.131458256e-02 3.788924604e-02 4.465305977e-02 5.158672214e-02
 5.866144047e-02 6.583149150e-02 7.302297397e-02 8.011860116e-02 8.694223218e-02
 9.325538945e-02 9.878427940e-02 1.032804037e-01 1.065867905e-01 1.086785320e-01
 1.096665123e-01 1.097625149e-01 1.092153795e-01 1.082497519e-01 1.070359547e-01
 1.056895587e-01 1.042837253e-01 1.028625197e-01 1.014514996e-01 1.000776720e-01
 3.178989054e-03 7.202887698e-03 1.285044560e-02 2.012244006e-02 2.851721893e-02
 3.276742474e-02 3.127748708e-02 2.919202689e-02 2.685890491e-02 2.428497329e-02
 2.147176998e-02 1.842197298e-02 1.515650296e-02 1.170149859e-02 8.088574892e-03
 4.355027636e-03 5.439142311e-04-3.296034725e-03-7.110710897e-03-1.084116067e-02
-1.442437321e-02-1.779432848e-02-2.088329304e-02-2.362333286e-02-2.594799433e-02
-2.779408731e-02-2.910349084e-02-2.982489364e-02-2.991537956e-02-2.934177323e-02
-2.808167379e-02-2.612412275e-02-2.346987514e-02-2.013126827e-02-1.613170766e-02
-1.150481141e-02-6.293273572e-03-5.475194266e-04 5.675770549e-03 1.231518993e-02
 1.930604050e-02 2.658173561e-02 3.412810728e-02 4.196216553e-02 5.010545932e-02
 5.858234475e-02 6.741489594e-02 7.661011385e-02 8.612847405e-02 9.580480820e-02
 1.051746013e-01 1.133745788e-01 1.195578130e-01 1.232834878e-01 1.245020001e-01
 1.235917734e-01 1.213562017e-01 1.186236851e-01 1.158519254e-01 1.132169454e-01
 1.107715485e-01 1.085191651e-01 1.064442380e-01 1.045250951e-01 1.027397301e-01
 3.141424355e-03 7.117025114e-03 1.269553056e-02 1.987634223e-02 2.812139197e-02
 3.215919961e-02 3.061706900e-02 2.832440775e-02 2.575881996e-02 2.291554559e-02
 1.979197567e-02 1.639693395e-02 1.275171174e-02 8.883303154e-03 4.824889669e-03
 6.161936252e-04-3.696330826e-03-8.059511283e-03-1.241371720e-02-1.669340217e-02
-2.082795303e-02-2.474285418e-02-2.836115629e-02-3.160521563e-02-3.439864739e-02
-3.666841477e-02-3.834695740e-02-3.937425123e-02-3.969968824e-02-3.928366937e-02
-3.809881857e-02-3.613074783e-02-3.337833083e-02-2.985347325e-02-2.558039743e-02
-2.059448420e-02-1.494073171e-02-8.671898020e-03-1.846388402e-03 5.474073169e-03
 1.322700788e-02 2.135201349e-02 2.979430034e-02 3.859829507e-02 4.783159450e-02
 5.758917609e-02 6.800501935e-02 7.927118739e-02 9.167275593e-02 1.056731395e-01
 1.222689286e-01 1.367639822e-01 1.463319116e-01 1.503992025e-01 1.487858900e-01
 1.424213556e-01 1.337705433e-01 1.273447468e-01 1.222601299e-01 1.181059005e-01
 1.146286357e-01 1.116562234e-01 1.090668832e-01 1.067721069e-01 1.046991991e-01
 3.104799518e-03 7.033337764e-03 1.254463327e-02 1.963696728e-02 2.777811053e-02
 3.169859521e-02 2.996910801e-02 2.748279785e-02 2.469274927e-02 2.158962901e-02
 1.816765223e-02 1.444185642e-02 1.043319957e-02 6.169099394e-03 1.683961421e-03
-2.980386054e-03-7.774416632e-03-1.264085122e-02-1.751488009e-02-2.232470865e-02
-2.699246053e-02-3.143545285e-02-3.556783493e-02-3.930255511e-02-4.255359197e-02
-4.523835951e-02-4.728017320e-02-4.861064860e-02-4.917189869e-02-4.891840111e-02
-4.781842336e-02-4.585492030e-02-4.302585186e-02-3.934390613e-02-3.483564931e-02
-2.954015488e-02-2.350718647e-02-1.679501788e-02-9.467967596e-03-1.593702213e-03
 6.759674815e-03 1.552681254e-02 2.464865878e-02 3.411466849e-02 4.400644419e-02
 5.443931056e-02 6.557944665e-02 7.767292431e-02 9.109606451e-02 1.064418795e-01
 1.250933639e-01 1.399264239e-01 1.540074608e-01 1.565369699e-01 1.540970653e-01
 1.466705798e-01 1.366573467e-01 1.294173694e-01 1.238406861e-01 1.194006179e-01
 1.157575794e-01 1.126883402e-01 1.100417565e-01 1.077128837e-01 1.056422025e-01
 3.071335122e-03 6.956869816e-03 1.240677348e-02 1.941834061e-02 2.747672568e-02
 3.130885044e-02 2.936322900e-02 2.671374413e-02 2.371829994e-02 2.037610885e-02
 1.668515521e-02 1.266020322e-02 8.322175043e-03 3.698918386e-03-1.174103557e-03
-6.253245453e-03-1.148629629e-02-1.681234329e-02-2.216194612e-02-2.745767682e-02
-3.261506686e-02-3.754398229e-02-4.215042123e-02-4.633869712e-02-5.001393794e-02
-5.308479978e-02-5.546626601e-02-5.708238439e-02-5.786878691e-02-5.777484289e-02
-5.676531483e-02-5.482141783e-02-5.194122368e-02-4.813939583e-02-4.344628643e-02
-3.790646606e-02-3.157678733e-02-2.452410060e-02-1.682274399e-02-8.551918912e-03
 2.069618229e-04 9.372895626e-03 1.886788430e-02 2.861954630e-02 3.864453810e-02
 4.900595279e-02 5.978046168e-02 7.105699883e-02 8.292586440e-02 9.542887038e-02
 1.082185528e-01 1.193302664e-01 1.279503436e-01 1.329441457e-01 1.338945945e-01
 1.313927424e-01 1.271848519e-01 1.231781716e-01 1.196483017e-01 1.165621696e-01
 1.138485481e-01 1.114370088e-01 1.092670089e-01 1.072888595e-01 1.054428517e-01
 3.043003498e-03 6.892123845e-03 1.229004653e-02 1.923305355e-02 2.717653411e-02
 3.083900369e-02 2.887585316e-02 2.606300881e-02 2.289297826e-02 1.934820550e-02
 1.542986356e-02 1.115207547e-02 6.535516158e-03 1.608249425e-03-3.593486244e-03
-9.024612569e-03-1.463073806e-02-2.034794990e-02-2.610294320e-02-3.181355180e-02
-3.738973014e-02-4.273501319e-02-4.774845209e-02-5.232698847e-02-5.636819274e-02
-5.977325535e-02-6.245008854e-02-6.431637400e-02-6.530238255e-02-6.535339801e-02
-6.443159894e-02-6.251728794e-02-5.960940495e-02-5.572531413e-02-5.089990725e-02
-4.518411541e-02-3.864295981e-02-3.135329986e-02-2.340145124e-02-1.488085172e-02
-5.889953488e-03 3.469472999e-03 1.309340279e-02 2.287568485e-02 3.272272351e-02
 4.263416892e-02 5.259350293e-02 6.255292086e-02 7.240782495e-02 8.195984976e-02
 9.088713335e-02 9.877589502e-02 1.052282435e-01 1.099705289e-01 1.129393735e-01
 1.143221382e-01 1.144999656e-01 1.138995511e-01 1.128574491e-01 1.115872368e-01
 1.102104445e-01 1.087927169e-01 1.073682262e-01 1.059541529e-01 1.045689918e-01
 3.021460611e-03 6.842887844e-03 1.220127972e-02 1.909237400e-02 2.699958392e-02
 3.064811847e-02 2.848461991e-02 2.556764774e-02 2.226533692e-02 1.856645641e-02
 1.447515839e-02 1.000502991e-02 5.176479650e-03 1.765730871e-05-5.434682231e-03
-1.113443681e-02-1.702561319e-02-2.304206178e-02-2.910756906e-02-3.513637940e-02
-4.103420219e-02-4.669973687e-02-5.202671628e-02-5.690643146e-02-6.123065976e-02
-6.489487797e-02-6.780160738e-02-6.986371276e-02-7.100746695e-02-7.117519834e-02
-7.032736281e-02-6.844392096e-02-6.552495374e-02-6.159050881e-02-5.667973003e-02
-5.084937741e-02-4.417188978e-02-3.673317332e-02-2.863031650e-02-1.996943607e-02
-1.086385455e-02-1.432803032e-03 8.199161699e-03 1.790183209e-02 2.753790360e-02
 3.703380485e-02 4.634473452e-02 5.540097883e-02 6.410274915e-02 7.231837267e-02
 7.989053661e-02 8.665425891e-02 9.246487503e-02 9.722810757e-02 1.009220429e-01
 1.036024887e-01 1.053884172e-01 1.064330192e-01 1.068930248e-01 1.069075600e-01
 1.065895182e-01 1.060257674e-01 1.052813100e-01 1.044042764e-01 1.034352763e-01
 3.007964059e-03 6.812038215e-03 1.214565649e-02 1.900407491e-02 2.685066847e-02
 3.041048471e-02 2.824912077e-02 2.525775283e-02 2.187254144e-02 1.807732114e-02
 1.387789119e-02 9.287472673e-03 4.326282104e-03-9.775037126e-04-6.586833468e-03
-1.245498960e-02-1.852499888e-02-2.472932987e-02-3.098996103e-02-3.721889578e-02
-4.331918507e-02-4.918649330e-02-5.471121030e-02-5.978107258e-02-6.428421366e-02
-6.811252059e-02-7.116513686e-02-7.335192507e-02-7.459669153e-02-7.483998072e-02
-7.404127311e-02-7.218046129e-02-6.925853514e-02-6.529746962e-02-6.033937240e-02
-5.444500672e-02-4.769185115e-02-4.017188849e-02-3.198932896e-02-2.325846784e-02
-1.410185604e-02-4.648925485e-03 4.964840301e-03 1.459816882e-02 2.410376944e-02
 3.336003771e-02 4.232223315e-02 5.093008469e-02 5.910888795e-02 6.677287994e-02
 7.383156134e-02 8.019890117e-02 8.580421641e-02 9.060246210e-02 9.458129597e-02
 9.776290931e-02 1.002001183e-01 1.019680133e-01 1.031537167e-01 1.038468830e-01
 1.041326246e-01 1.040872947e-01 1.037766725e-01 1.032555142e-01 1.025554478e-01
 3.003308267e-03 6.801391626e-03 1.212644635e-02 1.897352586e-02 2.679927171e-02
 3.032542506e-02 2.817072577e-02 2.515119144e-02 2.173800248e-02 1.791024900e-02
 1.367423797e-02 9.043087921e-03 4.036962572e-03-1.315945365e-03-6.978480144e-03
-1.290371280e-02-1.903433536e-02-2.530234509e-02-3.162910397e-02-3.792585135e-02
-4.409473166e-02-5.003037435e-02-5.562202942e-02-6.075622181e-02-6.531984372e-02
-6.920356047e-02-7.230536754e-02-7.453410943e-02-7.581275891e-02-7.608126156e-02
-7.529877604e-02-7.344518310e-02-7.052179302e-02-6.655124530e-02-6.157665918e-02
-5.566015261e-02-4.888089364e-02-4.133287798e-02-3.312263726e-02-2.436707281e-02
-1.519158085e-02-5.728586393e-03 3.883464868e-03 1.350069902e-02 2.297415098e-02
 3.216742610e-02 4.103770352e-02 4.952949099e-02 5.757669988e-02 6.510641704e-02
 7.204448560e-02 7.832253788e-02 8.388556767e-02 8.869870208e-02 9.275176253e-02
 9.606059824e-02 9.866494375e-02 1.006234202e-01 1.020069311e-01 1.028918733e-01
 1.033543012e-01 1.034656592e-01 1.032901909e-01 1.028841325e-01 1.023105219e-01
 3.007781186e-03 6.811613943e-03 1.214487123e-02 1.900285609e-02 2.687673384e-02
 3.048994024e-02 2.823414798e-02 2.525455531e-02 2.187020444e-02 1.807559275e-02
 1.387675752e-02 9.286967736e-03 4.326472633e-03-9.765254892e-04-6.584954434e-03
-1.245207908e-02-1.852091147e-02-2.472390818e-02-3.098303855e-02-3.721030000e-02
-4.330874090e-02-4.917402658e-02-5.469655140e-02-5.976405975e-02-6.426469573e-02
-6.809035869e-02-7.114020446e-02-7.332410582e-02-7.456587407e-02-7.480604973e-02
-7.400409564e-02-7.213986746e-02-6.921429220e-02-6.524924815e-02-6.028670348e-02
-5.438722883e-02-4.762804563e-02-4.010080283e-02-3.190928819e-02-2.316727650e-02
-1.399669736e-02-4.526271779e-03 5.109280069e-03 1.476941893e-02 2.430739668e-02
 3.360409379e-02 4.261461181e-02 5.127752988e-02 5.951559822e-02 6.723888789e-02
 7.435130441e-02 8.076055896e-02 8.639031087e-02 9.119185481e-02 9.515220270e-02
 9.829612074e-02 1.006814966e-01 1.023896358e-01 1.035136099e-01 1.041477948e-01
 1.043804579e-01 1.042896978e-01 1.039420443e-01 1.033924750e-01 1.026714445e-01
 3.021127246e-03 6.842124207e-03 1.219989511e-02 1.909004253e-02 2.696787436e-02
 3.055336907e-02 2.848793000e-02 2.556308560e-02 2.226140162e-02 1.856340450e-02
 1.447309555e-02 1.000409321e-02 5.176843370e-03 1.953138629e-05-5.431054875e-03
-1.112878363e-02-1.701763603e-02-2.303144159e-02-2.909397146e-02-3.511946099e-02
-4.101361768e-02-4.667514669e-02-5.199779445e-02-5.687287315e-02-6.119218792e-02
-6.485124810e-02-6.775260947e-02-6.980916924e-02-7.094722519e-02-7.110911632e-02
-7.025528634e-02-6.836565061e-02-6.544019960e-02-6.149883068e-02-5.658046051e-02
-5.074152471e-02-4.405401645e-02-3.660324675e-02-2.848552656e-02-1.980597571e-02
-1.067666152e-02-1.215265051e-03 8.455523053e-03 1.820766271e-02 2.790624664e-02
 3.748356800e-02 4.689666553e-02 5.607596789e-02 6.491831294e-02 7.328310757e-02
 8.099761381e-02 8.787674646e-02 9.375595652e-02 9.852740183e-02 1.021667746e-01
 1.047400076e-01 1.063852106e-01 1.072768070e-01 1.075886172e-01 1.074702025e-01
 1.070390281e-01 1.063826902e-01 1.055648906e-01 1.046316618e-01 1.036226378e-01
 3.042548956e-03 6.891092794e-03 1.228820368e-02 1.923025235e-02 2.718868398e-02
 3.089091080e-02 2.886227427e-02 2.605668828e-02 2.288776599e-02 1.934401795e-02
 1.542691271e-02 1.115062072e-02 6.535860812e-03 1.610740613e-03-3.588459371e-03
-9.016622434e-03-1.461932393e-02-2.033262481e-02-2.608320248e-02-3.178888319e-02
-3.735962531e-02-4.269898040e-02-4.770602955e-02-5.227775757e-02-5.631179042e-02
-5.970938440e-02-6.237852446e-02-6.423696691e-02-6.521505247e-02-6.525812160e-02
-6.432838577e-02-6.240614409e-02-5.949028148e-02-5.559803755e-02-5.076408838e-02
-4.503903179e-02-3.848740544e-02-3.118539340e-02-2.321839070e-02-1.467859940e-02
-5.662828971e-03 3.729317541e-03 1.339666294e-02 2.323677894e-02 3.316504104e-02
 4.318864051e-02 5.330069499e-02 6.346443128e-02 7.358445854e-02 8.345962159e-02
 9.273470318e-02 1.009284611e-01 1.075716079e-01 1.123374367e-01 1.151468760e-01
 1.162275231e-01 1.160454102e-01 1.151059351e-01 1.137815645e-01 1.122894580e-01
 1.107427647e-01 1.091968454e-01 1.076768096e-01 1.061925290e-01 1.047546454e-01
 3.070764469e-03 6.955583674e-03 1.240449534e-02 1.941478693e-02 2.746426579e-02
 3.128084072e-02 2.936179506e-02 2.670638298e-02 2.371170331e-02 2.037056121e-02
 1.668098871e-02 1.265779938e-02 8.321972776e-03 3.701412850e-03-1.168364633e-03
-6.243667421e-03-1.147224538e-02-1.679315665e-02-2.213694424e-02-2.742617819e-02
-3.257640481e-02-3.749752364e-02-4.209558629e-02-4.627498011e-02-4.994092700e-02
-5.300219520e-02-5.537389528e-02-5.698021239e-02-5.775691959e-02-5.765352256e-02
-5.663490532e-02-5.468237749e-02-5.179406433e-02-4.798462527e-02-4.328433139e-02
-3.773757173e-02-3.140088720e-02-2.434064762e-02-1.663048833e-02-8.348608812e-03
 4.249928604e-04 9.611325459e-03 1.913526715e-02 2.892858747e-02 3.901738908e-02
 4.947520511e-02 6.039551243e-02 7.189557060e-02 8.411717789e-02 9.721009742e-02
 1.112088399e-01 1.230386289e-01 1.324326353e-01 1.375311229e-01 1.379415420e-01
 1.343783132e-01 1.289552921e-01 1.243492952e-01 1.204497310e-01 1.171207466e-01
 1.142424017e-01 1.117171780e-01 1.094682529e-01 1.074357198e-01 1.055564185e-01
 3.104088959e-03 7.031743249e-03 1.254182603e-02 1.963258189e-02 2.776229216e-02
 3.165355846e-02 2.996148261e-02 2.747363426e-02 2.468421543e-02 2.158208566e-02
 1.816150976e-02 1.443762640e-02 1.043146962e-02 6.170526846e-03 1.689267269e-03
-2.970425643e-03-7.758981478e-03-1.261909107e-02-1.748593143e-02-2.228771453e-02
-2.694659315e-02-3.137993869e-02-3.550198189e-02-3.922578090e-02-4.246545277e-02
-4.513857763e-02-4.716866248e-02-4.848753603e-02-4.903754078e-02-4.877339375e-02
-4.766360383e-02-4.569136056e-02-4.285484235e-02-3.916692948e-02-3.465434371e-02
-2.935626668e-02-2.332251147e-02-1.661133008e-02-9.286933917e-03-1.416780937e-03
 6.931363432e-03 1.569263154e-02 2.480873369e-02 3.427162964e-02 4.416487413e-02
 5.460683102e-02 6.576863129e-02 7.790461735e-02 9.140417164e-02 1.068760203e-01
 1.251780232e-01 1.411824804e-01 1.517641884e-01 1.563039620e-01 1.543697632e-01
 1.468628973e-01 1.369952450e-01 1.296141665e-01 1.239449524e-01 1.194458487e-01
 1.157654773e-01 1.126732252e-01 1.100135413e-01 1.076787739e-01 1.056067947e-01
 3.140518548e-03 7.114998766e-03 1.269197864e-02 1.987101748e-02 2.814635848e-02
 3.224869575e-02 3.059254825e-02 2.831225668e-02 2.574730518e-02 2.290484757e-02
 1.978254064e-02 1.638943289e-02 1.274689817e-02 8.882015451e-03 4.828041409e-03
 6.247612320e-04-3.681323065e-03-8.037009343e-03-1.238265868e-02-1.665274105e-02
-2.077668761e-02-2.468005828e-02-2.828601290e-02-3.151705262e-02-3.429697434e-02
-3.655295976e-02-3.821770285e-02-3.923146748e-02-3.954396400e-02-3.911593825e-02
-3.792038129e-02-3.594329026e-02-3.318393852e-02-2.965464393e-02-2.538005380e-02
-2.039599048e-02-1.474791959e-02-8.489110728e-03-1.678553900e-03 5.621324745e-03
 1.334712991e-02 2.143725969e-02 2.983490244e-02 3.858201265e-02 4.774125716e-02
 5.739959571e-02 6.767745796e-02 7.874307167e-02 9.083799502e-02 1.043488624e-01
 1.206530237e-01 1.355553662e-01 1.458361931e-01 1.481533553e-01 1.463544697e-01
 1.404745417e-01 1.322618436e-01 1.263041190e-01 1.215057718e-01 1.175353524e-01
 1.141821711e-01 1.112977051e-01 1.087737730e-01 1.065299924e-01 1.044968557e-01
 3.177793798e-03 7.200220120e-03 1.284578506e-02 2.011523361e-02 2.847456479e-02
 3.265647894e-02 3.127278749e-02 2.917617288e-02 2.684273703e-02 2.426922620e-02
 2.145703721e-02 1.840905458e-02 1.514634526e-02 1.169514720e-02 8.087160856e-03
 4.359751292e-03 5.560257126e-04-3.275257568e-03-7.079987735e-03-1.079923728e-02
-1.437005348e-02-1.772650978e-02-2.080100450e-02-2.352577623e-02-2.583458652e-02
-2.766450392e-02-2.895770988e-02-2.966323865e-02-2.973856167e-02-2.915093208e-02
-2.787841764e-02-2.591056861e-02-2.324869044e-02-1.990571659e-02-1.590570157e-02
-1.128297783e-02-6.081037305e-03-3.512120498e-04 5.848757042e-03 1.245616926e-02
 1.940477414e-02 2.662580228e-02 3.410232869e-02 4.184681421e-02 4.987431829e-02
 5.819989377e-02 6.683210609e-02 7.575844289e-02 8.491294644e-02 9.410601666e-02
 1.029043249e-01 1.105987577e-01 1.164861528e-01 1.201727016e-01 1.216164383e-01
 1.211487407e-01 1.194293506e-01 1.171364601e-01 1.146957731e-01 1.123048254e-01
 1.100408574e-01 1.079257775e-01 1.059570329e-01 1.041220385e-01 1.024071955e-01
 3.213408063e-03 7.281746927e-03 1.299319731e-02 2.034991574e-02 2.882089636e-02
 3.314127540e-02 3.191380345e-02 3.001399515e-02 2.790811843e-02 2.559886504e-02
 2.309101230e-02 2.038961800e-02 1.750803017e-02 1.447171683e-02 1.131073873e-02
 8.059883024e-03 4.758681068e-03 1.451274081e-03-1.813898486e-03-4.984609459e-03
-8.005564876e-03-1.081933542e-02-1.336748501e-02-1.559186894e-02-1.743605998e-02
-1.884684839e-02-1.977575211e-02-2.018046812e-02-2.002619562e-02-1.928676681e-02
-1.794553172e-02-1.599595877e-02-1.344193158e-02-1.029774237e-02-6.587803722e-03
-2.346118093e-03 2.384434771e-03 7.552916292e-03 1.310118289e-02 1.896469889e-02
 2.507308754e-02 3.138509463e-02 3.788517311e-02 4.455550916e-02 5.137305508e-02
 5.830497552e-02 6.530174893e-02 7.228730226e-02 7.914667220e-02 8.571506245e-02
 9.177821962e-02 9.709694365e-02 1.014566337e-01 1.047214581e-01 1.068686791e-01
 1.079918315e-01 1.082713920e-01 1.079228546e-01 1.071467035e-01 1.061012807e-01
 1.048990103e-01 1.036144824e-01 1.022949438e-01 1.009693987e-01 9.966598414e-02
 3.244503047e-03 7.353186206e-03 1.312301767e-02 2.055790946e-02 2.915611894e-02
 3.365417726e-02 3.248721993e-02 3.077316987e-02 2.888040682e-02 2.682039874e-02
 2.460095008e-02 2.223027887e-02 1.971723026e-02 1.708278084e-02 1.435512102e-02
 1.156626188e-02 8.752004756e-03 5.951785751e-03 3.208366158e-03 5.673580347e-04
-1.923421094e-03-4.214760776e-03-6.257023718e-03-8.001241099e-03-9.400302726e-03
-1.041019892e-02-1.099126477e-02-1.110937427e-02-1.073703277e-02-9.854321036e-03
-8.449652763e-03-6.520320024e-03-4.072814444e-03-1.122929607e-03 2.304337434e-03
 6.175048079e-03 1.044671362e-02 1.506879095e-02 1.998306106e-02 2.512358450e-02
 3.045031105e-02 3.593520989e-02 4.154775604e-02 4.725344993e-02 5.301197923e-02
 5.877495333e-02 6.448333785e-02 7.006504907e-02 7.543368230e-02 8.048990712e-02
 8.512719479e-02 8.924257127e-02 9.275087666e-02 9.559869413e-02 9.777338867e-02
 9.930413921e-02 1.002546445e-01 1.007101223e-01 1.007630020e-01 1.005013355e-01
 1.000018453e-01 9.932730976e-02 9.852686553e-02 9.763743943e-02 9.666639673e-02
 3.267550360e-03 7.406700356e-03 1.322166896e-02 2.071851708e-02 2.936499826e-02
 3.389421614e-02 3.296664484e-02 3.139449378e-02 2.969236188e-02 2.785802875e-02
 2.590175196e-02 2.383424325e-02 2.166662720e-02 1.941072709e-02 1.709225296e-02
 1.474014893e-02 1.238632549e-02 1.006547425e-02 7.814765147e-03 5.673409156e-03
 3.682086304e-03 1.882245044e-03 3.152865259e-04-9.783452672e-04-1.960139917e-03
-2.594530288e-03-2.849898649e-03-2.699541164e-03-2.122554201e-03-1.104610147e-03
 3.614013121e-04 2.274883534e-03 4.627195130e-03 7.401460598e-03 1.057252145e-02
 1.410699941e-02 1.796336508e-02 2.209256648e-02 2.643922293e-02 3.097512289e-02
 3.566759779e-02 4.048134895e-02 4.537787082e-02 5.031501389e-02 5.524661809e-02
 6.012225684e-02 6.488722995e-02 6.948305248e-02 7.384873116e-02 7.792307187e-02
 8.164809888e-02 8.497336318e-02 8.786052024e-02 9.028723615e-02 9.224943853e-02
 9.376125630e-02 9.485259512e-02 9.556493323e-02 9.594633396e-02 9.604670723e-02
 9.591405505e-02 9.559200013e-02 9.511853130e-02 9.452598015e-02 9.385441475e-02
 3.277793472e-03 7.431702852e-03 1.327075030e-02 2.080437083e-02 2.952751374e-02
 3.418636554e-02 3.326083774e-02 3.181139897e-02 3.027122515e-02 2.863238997e-02
 2.690861302e-02 2.511209626e-02 2.325496636e-02 2.134963815e-02 1.941104926e-02
 1.746492535e-02 1.553920483e-02 1.366388740e-02 1.187073977e-02 1.019289389e-02
 8.664340477e-03 7.319329282e-03 6.191689828e-03 5.314090200e-03 4.717255035e-03
 4.429166804e-03 4.474276308e-03 4.872748968e-03 5.639770287e-03 6.784927313e-03
 8.311683650e-03 1.021696163e-02 1.249083600e-02 1.511622910e-02 1.806884144e-02
 2.131718493e-02 2.481913135e-02 2.855134824e-02 3.248597710e-02 3.659208933e-02
 4.083450800e-02 4.517341526e-02 4.956446191e-02 5.395960906e-02 5.830836643e-02
 6.255884793e-02 6.665883527e-02 7.055750168e-02 7.420780983e-02 7.756898859e-02
 8.060852648e-02 8.330343509e-02 8.564079432e-02 8.761769217e-02 8.924065137e-02
 9.052458587e-02 9.149132886e-02 9.216783252e-02 9.258421354e-02 9.277185731e-02
 9.276177287e-02 9.258332337e-02 9.226337061e-02 9.182568384e-02 9.128725388e-02
 3.268590044e-03 7.413249044e-03 1.324401020e-02 2.077517979e-02 2.949876171e-02
 3.416799025e-02 3.333431280e-02 3.194733907e-02 3.052726433e-02 2.905202687e-02
 2.753096328e-02 2.597576118e-02 2.439768147e-02 2.280822729e-02 2.121965955e-02
 1.964778173e-02 1.811652585e-02 1.665135164e-02 1.527893190e-02 1.402674743e-02
 1.292262386e-02 1.199421751e-02 1.126846072e-02 1.077097851e-02 1.052548912e-02
 1.055320250e-02 1.087223427e-02 1.149705532e-02 1.243799414e-02 1.370078848e-02
 1.528613000e-02 1.718938334e-02 1.940070666e-02 2.190346205e-02 2.467450447e-02
 2.770330097e-02 3.097341607e-02 3.446576926e-02 3.815742485e-02 4.202035660e-02
 4.601975876e-02 5.011162476e-02 5.424018160e-02 5.834188108e-02 6.235769260e-02
 6.623237710e-02 6.990714248e-02 7.332471076e-02 7.643844342e-02 7.921820212e-02
 8.165172270e-02 8.374217242e-02 8.550364501e-02 8.695656596e-02 8.812423904e-02
 8.903078040e-02 8.970010282e-02 9.015548780e-02 9.041939404e-02 9.051331046e-02
 9.045758831e-02 9.027125847e-02 8.997186331e-02 8.957522989e-02 8.909285744e-02
 3.231272328e-03 7.331017472e-03 1.310388952e-02 2.057086172e-02 2.922173893e-02
 3.381824674e-02 3.302074121e-02 3.164492224e-02 3.033331752e-02 2.900090431e-02
 2.766611068e-02 2.633555411e-02 2.501631072e-02 2.371704133e-02 2.244813196e-02
 2.122157801e-02 2.005317383e-02 1.896440581e-02 1.797743564e-02 1.711467722e-02
 1.639836850e-02 1.585014587e-02 1.549062013e-02 1.533895854e-02 1.541247774e-02
 1.572623686e-02 1.629262539e-02 1.712100934e-02 1.821753407e-02 1.958507608e-02
 2.122205372e-02 2.312089913e-02 2.527988413e-02 2.769640872e-02 3.036517181e-02
 3.328023150e-02 3.643415437e-02 3.981759076e-02 4.341835438e-02 4.721952255e-02
 5.119602468e-02 5.531650551e-02 5.957603532e-02 6.362934308e-02 6.755138957e-02
 7.135599810e-02 7.489327053e-02 7.804662118e-02 8.074019662e-02 8.295153832e-02
 8.470868730e-02 8.607161458e-02 8.710897817e-02 8.788253277e-02 8.844153722e-02
 8.882293034e-02 8.905373066e-02 8.915385062e-02 8.913851401e-02 8.902002214e-02
 8.880890111e-02 8.851457185e-02 8.814570376e-02 8.771066231e-02 8.723039814e-02
 3.158191181e-03 7.164856343e-03 1.280696726e-02 2.010851087e-02 2.860702149e-02
 3.310110666e-02 3.207598561e-02 3.071670717e-02 2.949649810e-02 2.833663812e-02
 2.721237447e-02 2.611744155e-02 2.505458881e-02 2.403153853e-02 2.305878964e-02
 2.214847224e-02 2.131376223e-02 2.057033663e-02 1.993673968e-02 1.943097397e-02
 1.907018548e-02 1.887037327e-02 1.884612352e-02 1.901039018e-02 1.937438323e-02
 1.994741197e-02 2.073639564e-02 2.174522998e-02 2.297487357e-02 2.443062260e-02
 2.611563136e-02 2.803173592e-02 3.018085545e-02 3.256502872e-02 3.518641279e-02
 3.804754646e-02 4.115157357e-02 4.450258141e-02 4.810627903e-02 5.197192918e-02
 5.612003228e-02 6.048072570e-02 6.483219070e-02 6.932621881e-02 7.388346271e-02
 7.831840136e-02 8.233426123e-02 8.559871302e-02 8.791947107e-02 8.930210278e-02
 8.995089770e-02 9.015622858e-02 9.011351425e-02 8.993509805e-02 8.968522729e-02
 8.939587027e-02 8.907994069e-02 8.874052890e-02 8.837641736e-02 8.798504564e-02
 8.756395977e-02 8.711142067e-02 8.662656394e-02 8.610900790e-02 8.553886946e-02
 3.052291265e-03 6.919264264e-03 1.235280353e-02 1.935852390e-02 2.740258792e-02
 3.120275101e-02 2.952367038e-02 2.863674991e-02 2.784059094e-02 2.700502177e-02
 2.615750838e-02 2.531976063e-02 2.451058784e-02 2.374728191e-02 2.304600940e-02
 2.242195979e-02 2.188945467e-02 2.146208121e-02 2.115368772e-02 2.097812427e-02
 2.094752459e-02 2.107220737e-02 2.136048318e-02 2.181833391e-02 2.245041725e-02
 2.326168852e-02 2.425576283e-02 2.543530648e-02 2.680264690e-02 2.836070751e-02
 3.011299111e-02 3.206381445e-02 3.421862097e-02 3.658421422e-02 3.916897674e-02
 4.198317463e-02 4.503937937e-02 4.835306383e-02 5.194334253e-02 5.583328158e-02
 6.004652771e-02 6.459725429e-02 6.953136164e-02 7.495093144e-02 8.098447537e-02
 8.813526467e-02 9.488927850e-02 9.931624019e-02 1.010581563e-01 1.000388342e-01
 9.745407254e-02 9.534563252e-02 9.367081660e-02 9.224733319e-02 9.105837426e-02
 9.005419243e-02 8.918784249e-02 8.842073859e-02 8.772265613e-02 8.707043832e-02
 8.644657382e-02 8.583795013e-02 8.523482651e-02 8.463022144e-02 8.403058981e-02
 2.931711945e-03 6.641792618e-03 1.184586219e-02 1.853700005e-02 2.616980970e-02
 2.944527943e-02 2.723464679e-02 2.642398722e-02 2.592131634e-02 2.531984525e-02
 2.468009366e-02 2.404154334e-02 2.343552004e-02 2.288744965e-02 2.241832163e-02
 2.204561339e-02 2.178392414e-02 2.164546072e-02 2.164043580e-02 2.177722834e-02
 2.206231952e-02 2.250027989e-02 2.309380399e-02 2.384384694e-02 2.474998360e-02
 2.581089869e-02 2.702477397e-02 2.838989320e-02 2.990537912e-02 3.157193419e-02
 3.339241989e-02 3.537225980e-02 3.751965059e-02 3.984550753e-02 4.236327809e-02
 4.508914593e-02 4.804249500e-02 5.124622077e-02 5.472768530e-02 5.852113631e-02
 6.267288541e-02 6.725132541e-02 7.236366277e-02 7.818173032e-02 8.498828420e-02
 9.321569481e-02 1.006646503e-01 1.053989374e-01 1.074706948e-01 1.068178638e-01
 1.032736092e-01 9.873890037e-02 9.555880166e-02 9.321537401e-02 9.140343936e-02
 8.994759999e-02 8.873808273e-02 8.770248836e-02 8.679103610e-02 8.596838845e-02
 8.520886368e-02 8.449349328e-02 8.380814652e-02 8.314234362e-02 8.249031963e-02
 2.810244207e-03 6.368545229e-03 1.136424547e-02 1.779794722e-02 2.515592374e-02
 2.816868542e-02 2.562509012e-02 2.470931475e-02 2.410648195e-02 2.349254654e-02
 2.288917833e-02 2.232675342e-02 2.183369910e-02 2.143463456e-02 2.114975483e-02
 2.099486512e-02 2.098178089e-02 2.111888428e-02 2.141167020e-02 2.186315607e-02
 2.247410650e-02 2.324309857e-02 2.416649600e-02 2.523844216e-02 2.645101180e-02
 2.779465542e-02 2.925903801e-02 3.083430871e-02 3.251266987e-02 3.428994354e-02
 3.616675875e-02 3.814898611e-02 4.024761855e-02 4.248215759e-02 4.487029318e-02
 4.742681345e-02 5.018338403e-02 5.316515898e-02 5.639915221e-02 5.991160060e-02
 6.372618052e-02 6.788407201e-02 7.243976965e-02 7.746194893e-02 8.302202517e-02
 8.942840482e-02 9.524292393e-02 9.913365830e-02 1.011104519e-01 1.010877938e-01
 9.889744925e-02 9.582756188e-02 9.349384986e-02 9.155490003e-02 8.993168021e-02
 8.855029636e-02 8.735396788e-02 8.629966995e-02 8.535457204e-02 8.449331325e-02
 8.369607429e-02 8.294724139e-02 8.223447436e-02 8.154786454e-02 8.087229579e-02
 2.681572787e-03 6.082932392e-03 1.086958958e-02 1.705335981e-02 2.410821643e-02
 2.677385324e-02 2.407253802e-02 2.287540520e-02 2.208010184e-02 2.131656800e-02
 2.062148008e-02 2.002881756e-02 1.956822007e-02 1.926326513e-02 1.913073988e-02
 1.918098239e-02 1.941897882e-02 1.984575230e-02 2.045961293e-02 2.125698177e-02
 2.223266659e-02 2.337960189e-02 2.468816076e-02 2.614524012e-02 2.773344745e-02
 2.943087491e-02 3.121205792e-02 3.305059677e-02 3.492339281e-02 3.681554809e-02
 3.872293814e-02 4.065331787e-02 4.265083134e-02 4.471916250e-02 4.688896111e-02
 4.918542495e-02 5.164817672e-02 5.429966057e-02 5.715958889e-02 6.023790312e-02
 6.352721142e-02 6.702439561e-02 7.071160411e-02 7.454109112e-02 7.841151101e-02
 8.213789421e-02 8.544962362e-02 8.806369416e-02 8.979917343e-02 9.061449726e-02
 9.061900925e-02 9.005362089e-02 8.917444536e-02 8.816524065e-02 8.713125862e-02
 8.612487571e-02 8.516866086e-02 8.426927902e-02 8.342520676e-02 8.263096359e-02
 8.187943647e-02 8.116315157e-02 8.047495988e-02 7.980867864e-02 7.917186154e-02
 2.523927723e-03 5.735727660e-03 1.027392961e-02 1.616489770e-02 2.292650560e-02
 2.531748684e-02 2.215625207e-02 2.060163356e-02 1.947426500e-02 1.843214812e-02
 1.753173386e-02 1.682207673e-02 1.634144635e-02 1.611350371e-02 1.614696861e-02
 1.643859193e-02 1.697781541e-02 1.775128484e-02 1.874603696e-02 1.995101113e-02
 2.135704456e-02 2.295562559e-02 2.473657294e-02 2.668469020e-02 2.877554096e-02
 3.097109179e-02 3.321732774e-02 3.544761317e-02 3.759530441e-02 3.961073893e-02
 4.150740963e-02 4.329828035e-02 4.503040084e-02 4.677124661e-02 4.858091355e-02
 5.050726080e-02 5.258419063e-02 5.483233877e-02 5.726042220e-02 5.986626873e-02
 6.263737511e-02 6.555053077e-02 6.856882867e-02 7.163575302e-02 7.466818489e-02
 7.755268606e-02 8.015140643e-02 8.232266134e-02 8.395431534e-02 8.499769100e-02
 8.548353814e-02 8.550819233e-02 8.519746178e-02 8.467075575e-02 8.402162330e-02
 8.331445984e-02 8.258947537e-02 8.186955084e-02 8.116614624e-02 8.048361251e-02
 7.982210128e-02 7.917944796e-02 7.855235440e-02 7.793683293e-02 7.731296123e-02
 2.299146367e-03 5.244628696e-03 9.443882784e-03 1.495630423e-02 2.130856253e-02
 2.326179454e-02 1.968690053e-02 1.757047932e-02 1.584699604e-02 1.433932006e-02
 1.307702588e-02 1.215799143e-02 1.164636466e-02 1.156092883e-02 1.187853530e-02
 1.255217412e-02 1.353069926e-02 1.477165840e-02 1.624612216e-02 1.793840947e-02
 1.984361057e-02 2.196438833e-02 2.430719803e-02 2.687692757e-02 2.966765463e-02
 3.264572898e-02 3.572224426e-02 3.872499332e-02 4.141217491e-02 4.360963921e-02
 4.527431369e-02 4.652822801e-02 4.760114886e-02 4.868523547e-02 4.989716541e-02
 5.129465412e-02 5.290088587e-02 5.472027326e-02 5.674557629e-02 5.895946395e-02
 6.133576497e-02 6.384621989e-02 6.646770894e-02 6.918014586e-02 7.195370598e-02
 7.473080663e-02 7.739795513e-02 7.974801543e-02 8.151036350e-02 8.251141937e-02
 8.280595858e-02 8.262495231e-02 8.219777088e-02 8.166052819e-02 8.107887794e-02
 8.048372076e-02 7.988993224e-02 7.930442710e-02 7.872973548e-02 7.816581023e-02
 7.761107824e-02 7.706311144e-02 7.651908933e-02 7.597629017e-02 7.544028210e-02
 1.942170634e-03 4.455183361e-03 8.097576487e-03 1.301029552e-02 1.885711710e-02
 2.060928117e-02 1.718896280e-02 1.376666889e-02 1.085434575e-02 8.308705017e-03
 6.279021363e-03 4.975683099e-03 4.545576301e-03 4.940276016e-03 5.962293663e-03
 7.399435441e-03 9.105626706e-03 1.100446764e-02 1.306724565e-02 1.529429249e-02
 1.770429930e-02 2.032971061e-02 2.321627585e-02 2.642577203e-02 3.004122772e-02
 3.417109680e-02 3.892785036e-02 4.421640995e-02 4.887548239e-02 5.139482618e-02
 5.155421418e-02 5.063028650e-02 5.001678648e-02 4.994809852e-02 5.036090779e-02
 5.117487523e-02 5.232875820e-02 5.378072499e-02 5.550616273e-02 5.750495825e-02
 5.966768488e-02 6.189970976e-02 6.418444281e-02 6.666099587e-02 6.941604305e-02
 7.252129066e-02 7.617862094e-02 8.099798580e-02 8.392223166e-02 8.441959472e-02
 8.228827099e-02 8.062680734e-02 7.954040101e-02 7.874769726e-02 7.811492768e-02
 7.757321308e-02 7.708454936e-02 7.662657812e-02 7.618530622e-02 7.575146160e-02
 7.531858926e-02 7.488188280e-02 7.443731531e-02 7.398145163e-02 7.351686913e-02
 1.400528363e-03 3.197052339e-03 5.782612264e-03 9.298852598e-03 1.370082093e-02
 1.477273858e-02 1.124042259e-02 7.465393218e-03 3.436618543e-03-1.049598537e-03
-5.362774868e-03-7.700823208e-03-7.205136563e-03-4.490148921e-03-1.379349759e-03
 1.566273084e-03 4.337854226e-03 7.003758948e-03 9.637281129e-03 1.230558274e-02
 1.507154326e-02 1.799906825e-02 2.116044162e-02 2.464726734e-02 2.858983255e-02
 3.319769309e-02 3.886009282e-02 4.648300366e-02 5.395616491e-02 5.674894520e-02
 5.463577630e-02 5.099251208e-02 4.938006126e-02 4.881892423e-02 4.892413297e-02
 4.950306788e-02 5.044765608e-02 5.169252354e-02 5.319623430e-02 5.492449949e-02
 5.681116713e-02 5.880637978e-02 6.091323560e-02 6.317758767e-02 6.566100108e-02
 6.840726982e-02 7.144990069e-02 7.456766522e-02 7.691754482e-02 7.777122428e-02
 7.719065705e-02 7.629753412e-02 7.560490061e-02 7.509425811e-02 7.470189303e-02
 7.438144432e-02 7.410051449e-02 7.383505808e-02 7.357313495e-02 7.329973531e-02
 7.301167217e-02 7.270585277e-02 7.238082873e-02 7.202461385e-02 7.162293887e-02
 7.904360709e-04 1.737899326e-03 2.943404877e-03 4.201472950e-03 5.084489613e-03
 5.002373497e-03 3.617551567e-03 9.601346355e-04-3.036698053e-03-8.964250303e-03
-1.659592685e-02-2.006343622e-02-1.846006991e-02-1.146590404e-02-6.385958441e-03
-2.464144880e-03 8.504402888e-04 3.843426393e-03 6.680303935e-03 9.467123870e-03
 1.227921407e-02 1.517668867e-02 1.821262279e-02 2.143569195e-02 2.488627103e-02
 2.857923982e-02 3.245543919e-02 3.628200757e-02 3.959190892e-02 4.193364798e-02
 4.322050675e-02 4.381960030e-02 4.420048324e-02 4.466489201e-02 4.531620579e-02
 4.617988723e-02 4.725142894e-02 4.850840913e-02 4.993572933e-02 5.150778539e-02
 5.320446307e-02 5.500791945e-02 5.690266614e-02 5.888023288e-02 6.092073949e-02
 6.298701790e-02 6.500283165e-02 6.684333828e-02 6.836341643e-02 6.946301220e-02
 7.015411081e-02 7.054512940e-02 7.076242656e-02 7.089357897e-02 7.098148696e-02
 7.104255435e-02 7.107856212e-02 7.108504740e-02 7.105532812e-02 7.098184653e-02
 7.085830863e-02 7.068252514e-02 7.047185883e-02 7.021296731e-02 6.991061236e-02
 3.455882587e-04 7.219624897e-04 1.129077115e-03 1.435434223e-03 1.474274823e-03
 1.073280432e-03 9.672046675e-05-1.525194371e-03-3.756899508e-03-6.454987239e-03
-8.991520545e-03-1.035658796e-02-9.929685802e-03-8.027001698e-03-5.530151007e-03
-2.947822642e-03-4.063822408e-04 2.101527994e-03 4.608457673e-03 7.133680281e-03
 9.688219028e-03 1.228784566e-02 1.495078022e-02 1.768873544e-02 2.049797234e-02
 2.334971405e-02 2.618133474e-02 2.889567007e-02 3.137996009e-02 3.354620409e-02
 3.537094496e-02 3.690426786e-02 3.824154645e-02 3.948276020e-02 4.070659611e-02
 4.196451970e-02 4.328546322e-02 4.468265101e-02 4.615909193e-02 4.771125845e-02
 4.933139851e-02 5.100878412e-02 5.272985723e-02 5.447713358e-02 5.622709852e-02
 5.794805369e-02 5.959971757e-02 6.113687977e-02 6.251821309e-02 6.371763510e-02
 6.473187781e-02 6.557894090e-02 6.628848195e-02 6.689059000e-02 6.740842947e-02
 6.785572908e-02 6.823735115e-02 6.855115643e-02 6.879028981e-02 6.894564839e-02
 6.900839750e-02 6.897123691e-02 6.886834776e-02 6.867853505e-02 6.838824181e-02
 1.135314827e-04 2.208738873e-04 3.053396494e-04 3.064654815e-04 1.585848815e-04
-1.963861230e-04-7.927499574e-04-1.617674650e-03-2.595485824e-03-3.603624269e-03
-4.447657439e-03-4.917798642e-03-4.871580563e-03-4.347947117e-03-3.466557961e-03
-2.144778576e-03-7.271751041e-04 1.026666451e-03 3.083003139e-03 5.304069535e-03
 7.469162374e-03 9.639855107e-03 1.184107452e-02 1.408358072e-02 1.636585936e-02
 1.867293362e-02 2.097625356e-02 2.323709728e-02 2.541428700e-02 2.747444852e-02
 2.940077085e-02 3.119631139e-02 3.288078472e-02 3.448326235e-02 3.603456841e-02
 3.756194183e-02 3.908649286e-02 4.062271318e-02 4.217905150e-02 4.375883157e-02
 4.536111356e-02 4.698131875e-02 4.861156937e-02 5.024080897e-02 5.185490192e-02
 5.343703884e-02 5.496881387e-02 5.643217667e-02 5.781204258e-02 5.909881412e-02
 6.028979396e-02 6.138877624e-02 6.240387731e-02 6.334436460e-02 6.421740289e-02
 6.502532142e-02 6.576364099e-02 6.642003913e-02 6.697471015e-02 6.740289566e-02
 6.768008632e-02 6.778845698e-02 6.776016833e-02 6.758539235e-02 6.728290949e-02
 1.642015795e-05 2.020231781e-05-3.955823893e-06-8.033460568e-05-2.322040352e-04
-4.759000857e-04-8.145926852e-04-1.228765961e-03-1.657911674e-03-2.068602321e-03
-2.390316070e-03-2.549481643e-03-2.491919101e-03-2.227884099e-03-1.747629420e-03
-9.523435682e-04 1.916315305e-05 1.200352465e-03 2.582077992e-03 4.095150542e-03
 5.669972085e-03 7.290132552e-03 8.963627557e-03 1.070473200e-02 1.252601163e-02
 1.443081752e-02 1.640784323e-02 1.843123299e-02 2.046675371e-02 2.248063985e-02
 2.444683521e-02 2.635041728e-02 2.818738234e-02 2.996216069e-02 3.168432806e-02
 3.336555598e-02 3.501731382e-02 3.664941562e-02 3.826926969e-02 3.988161342e-02
 4.148853583e-02 4.308965013e-02 4.468234503e-02 4.626210353e-02 4.782292388e-02
 4.935789715e-02 5.085997725e-02 5.232291562e-02 5.374223846e-02 5.511605947e-02
 5.644549535e-02 5.773450725e-02 5.898909618e-02 6.021585461e-02 6.141984622e-02
 6.260163143e-02 6.375305537e-02 6.485143640e-02 6.585278613e-02 6.668814644e-02
 6.727313677e-02 6.754070745e-02 6.748072192e-02 6.716594506e-02 6.667660261e-02
-1.574302832e-05-4.245278306e-05-9.114438991e-05-1.701376553e-04-2.861203481e-04
-4.416611490e-04-6.329536406e-04-8.432023782e-04-1.034529760e-03-1.199984576e-03
-1.311293293e-03-1.320021694e-03-1.206584970e-03-9.675476338e-04-5.918800620e-04
-7.818108364e-05 5.646208838e-04 1.320824438e-03 2.169337971e-03 3.085198493e-03
 4.046602545e-03 5.045405715e-03 6.097930977e-03 7.252726267e-03 8.582481584e-03
 1.014738144e-02 1.195091320e-02 1.393311944e-02 1.600715532e-02 1.809812119e-02
 2.015767339e-02 2.216092852e-02 2.409879789e-02 2.597159721e-02 2.778474208e-02
 2.954598857e-02 3.126367837e-02 3.294564647e-02 3.459858431e-02 3.622772234e-02
 3.783673670e-02 3.942781335e-02 4.100182852e-02 4.255862396e-02 4.409736947e-02
 4.561700903e-02 4.711678091e-02 4.859678700e-02 5.005856954e-02 5.150564262e-02
 5.294392845e-02 5.438206434e-02 5.583156275e-02 5.730679470e-02 5.882467262e-02
 6.040361808e-02 6.206062210e-02 6.380313987e-02 6.560690324e-02 6.735623384e-02
 6.872207857e-02 6.921309469e-02 6.875029637e-02 6.775185252e-02 6.657341282e-02
-2.156366323e-05-5.112978992e-05-9.606463585e-05-1.584433244e-04-2.391267788e-04
-3.367559865e-04-4.467369182e-04-5.547502240e-04-6.373809187e-04-6.942294638e-04
-7.082716097e-04-6.506299296e-04-5.224151803e-04-3.209202113e-04-4.356745873e-05
 3.062948586e-04 7.183473901e-04 1.174906177e-03 1.650735473e-03 2.113148950e-03
 2.524321249e-03 2.842167165e-03 3.024459343e-03 3.121158438e-03 3.518155036e-03
 4.748394135e-03 6.878776187e-03 9.399856459e-03 1.191205817e-02 1.429006912e-02
 1.652620258e-02 1.863789906e-02 2.064448562e-02 2.256283391e-02 2.440713994e-02
 2.618936140e-02 2.791959771e-02 2.960633706e-02 3.125662000e-02 3.287617403e-02
 3.446955523e-02 3.604031705e-02 3.759121659e-02 3.912446401e-02 4.064201818e-02
 4.214592987e-02 4.363873169e-02 4.512387342e-02 4.660620372e-02 4.809250902e-02
 4.959214155e-02 5.111780693e-02 5.268664761e-02 5.432187259e-02 5.605539425e-02
 5.793235417e-02 6.001933270e-02 6.242018617e-02 6.530917087e-02 6.901064135e-02
 7.401284016e-02 7.535752315e-02 7.179438422e-02 6.849383687e-02 6.614139601e-02
-1.846563549e-05-4.243347841e-05-7.675721513e-05-1.215286220e-04-1.760794065e-04
-2.385429059e-04-3.057349814e-04-3.721532942e-04-3.979576492e-04-4.107275104e-04
-3.815432687e-04-2.929241318e-04-1.661429556e-04 3.288938732e-06 2.174961081e-04
 4.722495772e-04 7.544817514e-04 1.043775244e-03 1.312277950e-03 1.520954407e-03
 1.615960654e-03 1.516799475e-03 1.030627735e-03-2.910691994e-04-1.831871839e-03
-1.039293149e-03 2.104255463e-03 6.134540254e-03 9.100333343e-03 1.161686382e-02
 1.387584295e-02 1.596474111e-02 1.793097343e-02 1.980344625e-02 2.160142887e-02
 2.333869305e-02 2.502561046e-02 2.667028473e-02 2.827920499e-02 2.985765847e-02
 3.141002238e-02 3.293999701e-02 3.445081510e-02 3.594544996e-02 3.742683755e-02
 3.889812228e-02 4.036293349e-02 4.182569872e-02 4.329200410e-02 4.476901998e-02
 4.626602640e-02 4.779509913e-02 4.937206143e-02 5.101788051e-02 5.276081579e-02
 5.463985173e-02 5.671035181e-02 5.905359236e-02 6.179340170e-02 6.513250902e-02
 6.989580471e-02 7.105387293e-02 6.800003624e-02 6.519626102e-02 6.308321147e-02
-1.304418951e-05-2.971909616e-05-5.323371480e-05-8.352513356e-05-1.202726692e-04
-1.627181578e-04-2.091430935e-04-2.495889966e-04-2.606754515e-04-2.423067045e-04
-1.828204199e-04-8.790648248e-05 2.254351717e-05 1.465230514e-04 3.181299102e-04
 5.691111237e-04 8.260875527e-04 1.076099382e-03 1.308684121e-03 1.508850937e-03
 1.661625037e-03 1.765084171e-03 1.824546134e-03 1.929255095e-03 2.302707659e-03
 3.194739206e-03 4.662002108e-03 6.512161342e-03 8.490484960e-03 1.045380025e-02
 1.235641067e-02 1.419153338e-02 1.596401865e-02 1.768125623e-02 1.935046402e-02
 2.097799906e-02 2.256927114e-02 2.412882282e-02 2.566047032e-02 2.716748705e-02
 2.865278909e-02 3.011907658e-02 3.156893327e-02 3.300491632e-02 3.442965862e-02
 3.584599037e-02 3.725707874e-02 3.866658146e-02 4.007880996e-02 4.149889513e-02
 4.293294496e-02 4.438817104e-02 4.587293377e-02 4.739659368e-02 4.896891487e-02
 5.059844295e-02 5.228855429e-02 5.402828609e-02 5.577198765e-02 5.739959481e-02
 5.867362923e-02 5.931112970e-02 5.923408875e-02 5.865451936e-02 5.784901937e-02
-7.083061873e-06-1.617500468e-05-2.913708446e-05-4.626673347e-05-6.814970512e-05
-9.597873445e-05-1.321400350e-04-1.750599082e-04-1.912821198e-04-1.138106979e-04
-1.870881168e-05 8.248174960e-05 1.889890303e-04 2.879291855e-04 4.966429914e-04
 7.390885787e-04 9.925928648e-04 1.254103859e-03 1.523184509e-03 1.801774643e-03
 2.097575214e-03 2.427720480e-03 2.819537181e-03 3.316191357e-03 3.970957959e-03
 4.826648068e-03 5.893850266e-03 7.145127626e-03 8.529786013e-03 9.995684308e-03
 1.150228977e-02 1.302300658e-02 1.454215228e-02 1.605114773e-02 1.754582781e-02
 1.902447967e-02 2.048677403e-02 2.193283465e-02 2.336252702e-02 2.477585957e-02
 2.617351147e-02 2.755674493e-02 2.892703639e-02 3.028595369e-02 3.163520297e-02
 3.297653221e-02 3.431188161e-02 3.564330304e-02 3.697298967e-02 3.830325668e-02
 3.963631536e-02 4.097414875e-02 4.231793473e-02 4.366732571e-02 4.501914894e-02
 4.636539126e-02 4.769028481e-02 4.896629803e-02 5.015043834e-02 5.118387263e-02
 5.200046988e-02 5.254721956e-02 5.280633279e-02 5.280029110e-02 5.258467114e-02
-7.916467922e-07-1.813792167e-06-3.320467201e-06-5.469757990e-06-8.627713068e-06
-1.358642785e-05-2.211162923e-05-4.059439918e-05-2.710674164e-05 3.267792978e-05
 1.446882262e-04 2.367311811e-04 3.888990403e-04 5.444818719e-04 7.228130341e-04
 9.587871872e-04 1.172659433e-03 1.479418858e-03 1.771730917e-03 2.104225891e-03
 2.493089701e-03 2.879474016e-03 3.412726460e-03 3.967977901e-03 4.652743894e-03
 5.448285277e-03 6.312456922e-03 7.362506558e-03 8.430697291e-03 9.629750706e-03
 1.086087442e-02 1.210137237e-02 1.343259849e-02 1.469642316e-02 1.605357507e-02
 1.736608614e-02 1.867342489e-02 2.002876111e-02 2.130830396e-02 2.265698351e-02
 2.393735831e-02 2.522401216e-02 2.651846645e-02 2.774482655e-02 2.904954397e-02
 3.027530764e-02 3.153417780e-02 3.278151871e-02 3.397794292e-02 3.524597173e-02
 3.642781861e-02 3.766548535e-02 3.886417357e-02 4.002359956e-02 4.122254194e-02
 4.231413806e-02 4.342880492e-02 4.444847588e-02 4.535473313e-02 4.621624041e-02
 4.686707140e-02 4.743477062e-02 4.782081872e-02 4.802660790e-02 4.817244022e-02
 0.862457688E+00 0.870160120E+00 0.878571440E+00 0.887787866E+00 0.897287268E+00
 0.907264231E+00 0.917700769E+00 0.928540956E+00 0.939801721E+00 0.951549118E+00
 0.963795774E+00 0.976560011E+00 0.989862528E+00 0.100372732E+01 0.101818679E+01
 0.103327636E+01 0.104903083E+01 0.106548734E+01 0.108268562E+01 0.110066258E+01
 0.111946045E+01 0.113912958E+01 0.115972401E+01 0.118130190E+01 0.120393046E+01
 0.122767617E+01 0.125260194E+01 0.127878129E+01 0.130630216E+01 0.133526505E+01
 0.136578111E+01 0.139796413E+01 0.143192455E+01 0.146779539E+01 0.150573098E+01
 0.154589918E+01 0.158849373E+01 0.163373543E+01 0.168185039E+01 0.173308313E+01
 0.178772630E+01 0.184612258E+01 0.190866838E+01 0.197580616E+01 0.204801723E+01
 0.212586794E+01 0.221003480E+01 0.230130378E+01 0.240061923E+01 0.250908894E+01
 0.262800006E+01 0.275892756E+01 0.290383843E+01 0.306520271E+01 0.324606002E+01
 0.345030390E+01 0.368314547E+01 0.395163539E+01 0.426549530E+01 0.463909612E+01
 0.509566143E+01 0.567596318E+01 0.646382753E+01 0.769997708E+01 0.157635101E+02
  361   98
 0.592179007E+00 0.109944133E+01 0.586524803E+00 0.108626922E+01 0.580849466E+00
 0.107310620E+01 0.575160834E+00 0.105994892E+01 0.569466789E+00 0.104679398E+01
 0.563775730E+00 0.103363775E+01 0.558095848E+00 0.102047669E+01 0.552431502E+00
 0.100730894E+01 0.546784364E+00 0.994133793E+00 0.541155249E+00 0.980950941E+00
 0.535545240E+00 0.967759946E+00 0.529955772E+00 0.954560235E+00 0.524389156E+00
 0.941350871E+00 0.518846967E+00 0.928131240E+00 0.513328996E+00 0.914901481E+00
 0.507834425E+00 0.901661987E+00 0.502362932E+00 0.888412938E+00 0.496916094E+00
 0.875153735E+00 0.491496786E+00 0.861883257E+00 0.486106298E+00 0.848601045E+00
 0.480744964E+00 0.835307039E+00 0.475413791E+00 0.822000910E+00 0.470115761E+00
 0.808681550E+00 0.464855417E+00 0.795347263E+00 0.459635979E+00 0.781996911E+00
 0.454459461E+00 0.768629859E+00 0.449327795E+00 0.755245525E+00 0.444244903E+00
 0.741842593E+00 0.439216389E+00 0.728419168E+00 0.434246713E+00 0.714973848E+00
 0.429338710E+00 0.701505895E+00 0.424494125E+00 0.688015000E+00 0.419715086E+00
 0.674500748E+00 0.415006425E+00 0.660961816E+00 0.410373364E+00 0.647396830E+00
 0.405820028E+00 0.633804876E+00 0.401349229E+00 0.620185552E+00 0.396962818E+00
 0.606538815E+00 0.392662783E+00 0.592864617E+00 0.388451737E+00 0.579162754E+00
 0.384332979E+00 0.565432869E+00 0.380309616E+00 0.551674728E+00 0.376384217E+00
 0.537888319E+00 0.372558391E+00 0.524073946E+00 0.368832851E+00 0.510232191E+00
 0.365207755E+00 0.496363791E+00 0.361683067E+00 0.482469533E+00 0.358259121E+00
 0.468550107E+00 0.354937536E+00 0.454605901E+00 0.351719989E+00 0.440637323E+00
 0.348607620E+00 0.426644935E+00 0.345601060E+00 0.412629430E+00 0.342700465E+00
 0.398591613E+00 0.339905302E+00 0.384532422E+00 0.337214929E+00 0.370452803E+00
 0.334628636E+00 0.356353693E+00 0.332145468E+00 0.342236055E+00 0.329764581E+00
 0.328100808E+00 0.327486222E+00 0.313948674E+00 0.325311081E+00 0.299780308E+00
 0.323240204E+00 0.285596329E+00 0.321274938E+00 0.271397333E+00 0.319416154E+00
 0.257184004E+00 0.317663484E+00 0.242957201E+00 0.316016339E+00 0.228717794E+00
 0.314474093E+00 0.214466644E+00 0.313036131E+00 0.200204594E+00 0.311701394E+00
 0.185932512E+00 0.310468380E+00 0.171651282E+00 0.309335892E+00 0.157361728E+00
 0.308303169E+00 0.143064618E+00 0.307369925E+00 0.128760669E+00 0.306536229E+00
 0.114450574E+00 0.305802181E+00 0.100135021E+00 0.305167795E+00 0.858147057E-01
 0.304633020E+00 0.714903244E-01 0.304197682E+00 0.571625762E-01 0.303860745E+00
 0.428321757E-01 0.303621281E+00 0.284998147E-01 0.303478947E+00 0.141661600E-01
 0.303433856E+00-0.168130340E-03 0.303486249E+00-0.145023958E-01 0.303635877E+00
-0.288359762E-01 0.303882531E+00-0.431682154E-01 0.304226274E+00-0.574984546E-01
 0.304667492E+00-0.718260235E-01 0.305206637E+00-0.861502417E-01 0.305843889E+00
-0.100470431E+00 0.306579794E+00-0.114785888E+00 0.307415349E+00-0.129095875E+00
 0.308351957E+00-0.143399602E+00 0.309390487E+00-0.157696291E+00 0.310530753E+00
-0.171985225E+00 0.311772443E+00-0.186265704E+00 0.313115280E+00-0.200537026E+00
 0.314559215E+00-0.214798474E+00 0.316105041E+00-0.229049238E+00 0.317754307E+00
-0.243288400E+00 0.319508753E+00-0.257514984E+00 0.321370038E+00-0.271727984E+00
 0.323339270E+00-0.285926431E+00 0.325415640E+00-0.300109606E+00 0.327597485E+00
-0.314276940E+00 0.329883225E+00-0.328427884E+00 0.332271535E+00-0.342561878E+00
 0.334761673E+00-0.356678289E+00 0.337354536E+00-0.370776192E+00 0.340051688E+00
-0.384854514E+00 0.342854692E+00-0.398912143E+00 0.345764953E+00-0.412947958E+00
 0.348783234E+00-0.426960942E+00 0.351908736E+00-0.440950402E+00 0.355140068E+00
-0.454915798E+00 0.358475714E+00-0.468856646E+00 0.361914219E+00-0.482772482E+00
 0.365454745E+00-0.496662712E+00 0.369097632E+00-0.510526449E+00 0.372843117E+00
-0.524362819E+00 0.376690990E+00-0.538171066E+00 0.380640411E+00-0.551950612E+00
 0.384689747E+00-0.565701129E+00 0.388836628E+00-0.579422545E+00 0.393078255E+00
-0.593114971E+00 0.397411713E+00-0.606778613E+00 0.401834732E+00-0.620413526E+00
 0.406345531E+00-0.634019654E+00 0.410942404E+00-0.647596943E+00 0.415622708E+00
-0.661145700E+00 0.420382591E+00-0.674666707E+00 0.425217272E+00-0.688161151E+00
 0.430122595E+00-0.701630079E+00 0.435096902E+00-0.715073682E+00 0.440138667E+00
-0.728492133E+00 0.445245174E+00-0.741886081E+00 0.450412101E+00-0.755256840E+00
 0.455634211E+00-0.768606144E+00 0.460908504E+00-0.781934917E+00 0.466234006E+00
-0.795243312E+00 0.471609459E+00-0.808531611E+00 0.477032326E+00-0.821800632E+00
 0.482498827E+00-0.835051737E+00 0.488007142E+00-0.848285515E+00 0.493558309E+00
-0.861501375E+00 0.499154167E+00-0.874698374E+00 0.504795797E+00-0.887875870E+00
 0.510483146E+00-0.901033699E+00 0.516218368E+00-0.914170730E+00 0.522007842E+00
-0.927283941E+00 0.527860630E+00-0.940369011E+00 0.533787239E+00-0.953420807E+00
 0.539799837E+00-0.966433206E+00 0.545915781E+00-0.979397339E+00 0.552164448E+00
-0.992297993E+00 0.558592675E+00-0.100511005E+01 0.565274220E+00-0.101779170E+01
 0.572331328E+00-0.103026784E+01 0.579982513E+00-0.104238744E+01 0.588648471E+00
-0.105379839E+01 0.599087459E+00-0.106359172E+01 0.611916145E+00-0.106985377E+01
 0.626117081E+00-0.107146619E+01 0.640353606E+00-0.106990067E+01 0.654321282E+00
-0.106669374E+01 0.668059499E+00-0.106260666E+01 0.681629927E+00-0.105799093E+01
 0.695075783E+00-0.105302334E+01 0.708423680E+00-0.104779798E+01 0.721690666E+00
-0.104237036E+01 0.734886963E+00-0.103677300E+01 0.748018795E+00-0.103102601E+01
 0.761089162E+00-0.102514055E+01 0.774097121E+00-0.101911842E+01 0.787039005E+00
-0.101295558E+01 0.799910409E+00-0.100664688E+01 0.812707571E+00-0.100018891E+01
 0.825426744E+00-0.993578669E+00 0.838064468E+00-0.986814018E+00 0.850617594E+00
-0.979893646E+00 0.863084055E+00-0.972818341E+00 0.875464226E+00-0.965593102E+00
 0.887757773E+00-0.958221439E+00 0.899959005E+00-0.950697985E+00 0.912059465E+00
-0.943013518E+00 0.924052029E+00-0.935161738E+00 0.935931865E+00-0.927140425E+00
 0.947695419E+00-0.918949530E+00 0.959341921E+00-0.910593028E+00 0.970872826E+00
-0.902077716E+00 0.982289316E+00-0.893409604E+00 0.993589545E+00-0.884590466E+00
 0.100476820E+01-0.875617732E+00 0.101581878E+01-0.866487742E+00 0.102673534E+01
-0.857197924E+00 0.103751383E+01-0.847748262E+00 0.104815488E+01-0.838144074E+00
 0.105866235E+01-0.828393920E+00 0.106903845E+01-0.818504077E+00 0.107927588E+01
-0.808470768E+00 0.108936283E+01-0.798286199E+00 0.109928936E+01-0.787945230E+00
 0.110905109E+01-0.777448540E+00 0.111864743E+01-0.766800440E+00 0.112807829E+01
-0.756005503E+00 0.113733798E+01-0.745063405E+00 0.114641442E+01-0.733968837E+00
 0.115529508E+01-0.722716969E+00 0.116397119E+01-0.711306638E+00 0.117243951E+01
-0.699741259E+00 0.118069984E+01-0.688026411E+00 0.118874977E+01-0.676166016E+00
 0.119657795E+01-0.664158118E+00 0.120417296E+01-0.652001413E+00 0.121152874E+01
-0.639698485E+00 0.121864413E+01-0.627254973E+00 0.122551904E+01-0.614677001E+00
 0.123215262E+01-0.601970096E+00 0.123854446E+01-0.589139890E+00 0.124469726E+01
-0.576193340E+00 0.125061618E+01-0.563138197E+00 0.125630789E+01-0.549982397E+00
 0.126178062E+01-0.536733990E+00 0.126704368E+01-0.523400888E+00 0.127210877E+01
-0.509991316E+00 0.127698946E+01-0.496513517E+00 0.128169949E+01-0.482975122E+00
 0.128625271E+01-0.469383171E+00 0.129066236E+01-0.455743958E+00 0.129494370E+01
-0.442063912E+00 0.129911455E+01-0.428349766E+00 0.130319448E+01-0.414608287E+00
 0.130720213E+01-0.400845546E+00 0.131114719E+01-0.387064735E+00 0.131503660E+01
-0.373268108E+00 0.131887872E+01-0.359458239E+00 0.132268394E+01-0.345638153E+00
 0.132646351E+01-0.331811028E+00 0.133022264E+01-0.317978330E+00 0.133396329E+01
-0.304140625E+00 0.133768604E+01-0.290298095E+00 0.134138960E+01-0.276450417E+00
 0.134507058E+01-0.262596722E+00 0.134872073E+01-0.248734872E+00 0.135232958E+01
-0.234862216E+00 0.135588544E+01-0.220975885E+00 0.135937467E+01-0.207072667E+00
 0.136278116E+01-0.193148955E+00 0.136608714E+01-0.179201045E+00 0.136927153E+01
-0.165224889E+00 0.137230991E+01-0.151216283E+00 0.137517488E+01-0.137171212E+00
 0.137783840E+01-0.123086574E+00 0.138027827E+01-0.108961499E+00 0.138247294E+01
-0.947962802E-01 0.138439993E+01-0.805922018E-01 0.138603629E+01-0.663517454E-01
 0.138736184E+01-0.520790264E-01 0.138836407E+01-0.377799819E-01 0.138903289E+01
-0.234614828E-01 0.138935997E+01-0.913111573E-02 0.138933912E+01 0.520296040E-02
 0.138897029E+01 0.195323146E-01 0.138826120E+01 0.338488795E-01 0.138722196E+01
 0.481452881E-01 0.138586431E+01 0.624149984E-01 0.138420151E+01 0.766523976E-01
 0.138225317E+01 0.908535720E-01 0.138004364E+01 0.105016489E+00 0.137759668E+01
 0.119140347E+00 0.137493492E+01 0.133225327E+00 0.137208026E+01 0.147272503E+00
 0.136905922E+01 0.161284865E+00 0.136589929E+01 0.175266577E+00 0.136262479E+01
 0.189221913E+00 0.135925650E+01 0.203154922E+00 0.135581163E+01 0.217069196E+00
 0.135230533E+01 0.230968126E+00 0.134875066E+01 0.244854766E+00 0.134515875E+01
 0.258731821E+00 0.134153948E+01 0.272601767E+00 0.133790117E+01 0.286466732E+00
 0.133424643E+01 0.300327373E+00 0.133057472E+01 0.314183531E+00 0.132688389E+01
 0.328034606E+00 0.132317051E+01 0.341879653E+00 0.131942945E+01 0.355717245E+00
 0.131564919E+01 0.369544177E+00 0.131181762E+01 0.383356976E+00 0.130792471E+01
 0.397152608E+00 0.130396206E+01 0.410928371E+00 0.129992059E+01 0.424681208E+00
 0.129578260E+01 0.438405303E+00 0.129152757E+01 0.452093550E+00 0.128713651E+01
 0.465738751E+00 0.128259292E+01 0.479333914E+00 0.127788302E+01 0.492872350E+00
 0.127299330E+01 0.506346864E+00 0.126791019E+01 0.519749607E+00 0.126262023E+01
 0.533072048E+00 0.125711169E+01 0.546305591E+00 0.125137561E+01 0.559442094E+00
 0.124540465E+01 0.572473510E+00 0.123919280E+01 0.585391819E+00 0.123273548E+01
 0.598189187E+00 0.122603068E+01 0.610858644E+00 0.121908013E+01 0.623394969E+00
 0.121188711E+01 0.635793763E+00 0.120445342E+01 0.648049773E+00 0.119678060E+01
 0.660157520E+00 0.118887433E+01 0.672114139E+00 0.118074574E+01 0.683920764E+00
 0.117240785E+01 0.695580538E+00 0.116386659E+01 0.707092163E+00 0.115512394E+01
 0.718451600E+00 0.114618327E+01 0.729655857E+00 0.113705282E+01 0.740706020E+00
 0.112774552E+01 0.751607668E+00 0.111827573E+01 0.762368481E+00 0.110865170E+01
 0.772991583E+00 0.109887299E+01 0.783472459E+00 0.108893828E+01 0.793805584E+00
 0.107884991E+01 0.803988756E+00 0.106861625E+01 0.814025917E+00 0.105824824E+01
 0.823924251E+00 0.104775431E+01 0.833688988E+00 0.103713383E+01 0.843315931E+00
 0.102638305E+01 0.852797127E+00 0.101550019E+01 0.862126409E+00 0.100448693E+01
 0.871301397E+00 0.993346961E+00 0.880322111E+00 0.982086161E+00 0.889191543E+00
 0.970711628E+00 0.897914649E+00 0.959227920E+00 0.906493520E+00 0.947633762E+00
 0.914922510E+00 0.935926438E+00 0.923193589E+00 0.924105571E+00 0.931301563E+00
 0.912174026E+00 0.939245770E+00 0.900136076E+00 0.947027804E+00 0.887998580E+00
 0.954653664E+00 0.875770378E+00 0.962133232E+00 0.863458890E+00 0.969474910E+00
 0.851066211E+00 0.976678687E+00 0.838592943E+00 0.983742007E+00 0.826041487E+00
 0.990665439E+00 0.813415361E+00 0.997451748E+00 0.800718790E+00 0.100410534E+01
 0.787956843E+00 0.101063267E+01 0.775135085E+00 0.101704173E+01 0.762260423E+00
 0.102334386E+01 0.749340162E+00 0.102955198E+01 0.736380543E+00 0.103567753E+01
 0.723385674E+00 0.104172795E+01 0.710358589E+00 0.104770869E+01 0.697302222E+00
 0.105362523E+01 0.684218951E+00 0.105948206E+01 0.671112230E+00 0.106528621E+01
 0.657985212E+00 0.107104432E+01 0.644841622E+00 0.107676451E+01 0.631685332E+00
 0.108245542E+01 0.618519858E+00 0.108812507E+01 0.605350239E+00 0.109378507E+01
 0.592179007E+00 0.109944133E+01
 0.156441580E+01 0.156423520E+01 0.173298350E+01 0.167901950E+01 0.134847970E+01
 0.206041340E+01 0.108819530E+01 0.205946000E+01 0.902253030E+00 0.187565310E+01
 0.903668760E+00 0.187424170E+01 0.533866470E+00 0.150285580E+01 0.538010660E+00
 0.149874330E+01 0.332797140E+00 0.129708960E+01 0.332797140E+00 0.109400000E+01
 0.334795920E+00 0.109400000E+01 0.303115250E+00 0.847500000E+00 0.305114030E+00
 0.847500000E+00 0.269135950E+00 0.565000000E+00 0.271134730E+00 0.565000000E+00
 0.260841000E+00 0.495257700E+00 0.260841000E+00-0.507257700E+00 0.271134730E+00
-0.576999960E+00 0.269135950E+00-0.576999960E+00 0.305114030E+00-0.859500000E+00
 0.303115250E+00-0.859500000E+00 0.334795920E+00-0.110600010E+01 0.332797140E+00
-0.110600010E+01 0.332797140E+00-0.130908970E+01 0.538598100E+00-0.150990190E+01
 0.534468950E+00-0.151402960E+01 0.905629600E+00-0.188405800E+01 0.904219000E+00
-0.188547470E+01 0.108819530E+01-0.206614000E+01 0.134847970E+01-0.206518650E+01
 0.173017910E+01-0.168098580E+01 0.156441580E+01-0.156883530E+01 0.137999130E+01
-0.157688300E+01 0.137989190E+01-0.157672700E+01 0.119622210E+01-0.158474990E+01
 0.119631650E+01-0.158489800E+01 0.105537410E+01-0.159104840E+01 0.105528350E+01
-0.159090630E+01 0.947502500E+00-0.159561420E+01 0.905686400E+00-0.159556230E+01
 0.899143000E+00-0.159478470E+01 0.883387860E+00-0.159026430E+01 0.867681200E+00
-0.158087360E+01 0.851322350E+00-0.156766880E+01 0.833481900E+00-0.154624210E+01
 0.826062560E+00-0.152875240E+01 0.822677700E+00-0.151516830E+01 0.821022750E+00
-0.149624060E+01 0.820691350E+00-0.147724350E+01 0.822887360E+00-0.144582030E+01
 0.827573000E+00-0.141923050E+01 0.839194600E+00-0.138728100E+01 0.855244300E+00
-0.135284130E+01 0.877566500E+00-0.132209860E+01 0.899473500E+00-0.130017830E+01
 0.118567730E+01-0.101380000E+01 0.127900000E+01-0.842300000E+00 0.129600000E+01
-0.820200000E+00 0.143300000E+01-0.820200000E+00 0.143300000E+01-0.711000000E+00
 0.149000000E+01-0.491000000E+00 0.146000000E+01-0.491000000E+00 0.146000000E+01
-0.233000000E+00 0.166100000E+01-0.233000000E+00 0.166100000E+01 0.226000000E+00
 0.146000000E+01 0.226000000E+00 0.146000000E+01 0.481000000E+00 0.149300000E+01
 0.481000000E+00 0.147400000E+01 0.554000000E+00 0.143300000E+01 0.711000000E+00
 0.143300000E+01 0.815600000E+00 0.129600000E+01 0.815600000E+00 0.127900000E+01
 0.837699950E+00 0.118567730E+01 0.100920000E+01 0.899473500E+00 0.129557820E+01
 0.877566500E+00 0.131749860E+01 0.855244300E+00 0.134824120E+01 0.839194600E+00
 0.138268090E+01 0.827573000E+00 0.141463040E+01 0.822887360E+00 0.144122030E+01
 0.820691350E+00 0.147264350E+01 0.821022750E+00 0.149164060E+01 0.822677700E+00
 0.151056830E+01 0.826062560E+00 0.152415240E+01 0.833481900E+00 0.154164210E+01
 0.851322350E+00 0.156306870E+01 0.867681200E+00 0.157627360E+01 0.883387860E+00
 0.158566430E+01 0.899143000E+00 0.159018470E+01 0.905686400E+00 0.159096230E+01
 0.947502500E+00 0.159101410E+01 0.105528350E+01 0.158630620E+01 0.105537410E+01
 0.158644830E+01 0.119631650E+01 0.158029800E+01 0.119622210E+01 0.158014990E+01
 0.137989190E+01 0.157212700E+01 0.137999130E+01 0.157228290E+01 0.156441580E+01
 0.156423520E+01
    0
