EFIT++      MAST # 47085 # 460ms                   0  65  65
 0.194000000E+01 0.440000000E+01 0.800000000E+00 0.600000000E-01 0.000000000E+00
 0.930595720E+00-0.865887838E-03-0.750882133E-01 0.240373969E-01-0.654706420E+00
 0.756397323E+06-0.750882133E-01 0.000000000E+00 0.930595720E+00 0.000000000E+00
-0.865887838E-03 0.000000000E+00 0.240373969E-01 0.000000000E+00 0.000000000E+00
-0.626579603E+00-0.622864766E+00-0.619223835E+00-0.615656924E+00-0.612164125E+00
-0.608745503E+00-0.605401098E+00-0.602130924E+00-0.598934968E+00-0.595813187E+00
-0.592765511E+00-0.589791840E+00-0.586892044E+00-0.584065963E+00-0.581313404E+00
-0.578634145E+00-0.576027929E+00-0.573494467E+00-0.571033440E+00-0.568644491E+00
-0.566327233E+00-0.564081244E+00-0.561906068E+00-0.559801213E+00-0.557766157E+00
-0.555800341E+00-0.553903171E+00-0.552074023E+00-0.550312236E+00-0.548617117E+00
-0.546987938E+00-0.545423941E+00-0.543924334E+00-0.542488293E+00-0.541114964E+00
-0.539803459E+00-0.538552865E+00-0.537362235E+00-0.536230596E+00-0.535156945E+00
-0.534140254E+00-0.533179467E+00-0.532273503E+00-0.531421256E+00-0.530621598E+00
-0.529873376E+00-0.529175418E+00-0.528526528E+00-0.527925493E+00-0.527371080E+00
-0.526862038E+00-0.526397100E+00-0.525974983E+00-0.525594387E+00-0.525254002E+00
-0.524952504E+00-0.524688554E+00-0.524460806E+00-0.524267902E+00-0.524108475E+00
-0.523981151E+00-0.523884547E+00-0.523817274E+00-0.523777937E+00-0.523765136E+00
 0.120994788E+05 0.118107840E+05 0.115225513E+05 0.112349112E+05 0.109479945E+05
 0.106619319E+05 0.103768542E+05 0.100928919E+05 0.981017587E+04 0.952883675E+04
 0.924900523E+04 0.897081204E+04 0.869438787E+04 0.841986343E+04 0.814736942E+04
 0.787703653E+04 0.760899549E+04 0.734337698E+04 0.708031171E+04 0.681993038E+04
 0.656236371E+04 0.630774238E+04 0.605619710E+04 0.580785858E+04 0.556285751E+04
 0.532132461E+04 0.508339057E+04 0.484918610E+04 0.461884190E+04 0.439248867E+04
 0.417025712E+04 0.395227794E+04 0.373868185E+04 0.352959954E+04 0.332516171E+04
 0.312549908E+04 0.293074234E+04 0.274102220E+04 0.255646935E+04 0.237721451E+04
 0.220338837E+04 0.203512164E+04 0.187254502E+04 0.171578921E+04 0.156498492E+04
 0.142026285E+04 0.128175370E+04 0.114958818E+04 0.102389698E+04 0.904810814E+03
 0.792460382E+03 0.686976387E+03 0.588489531E+03 0.497130517E+03 0.413030049E+03
 0.336318829E+03 0.267127560E+03 0.205586945E+03 0.151827687E+03 0.105980489E+03
 0.681760543E+02 0.385450849E+02 0.172182841E+02 0.432635485E+01 0.000000000E+00
-0.151776225E+01-0.147906894E+01-0.144085112E+01-0.140310881E+01-0.136584200E+01
-0.132905069E+01-0.129273488E+01-0.125689457E+01-0.122152976E+01-0.118664046E+01
-0.115222665E+01-0.111828835E+01-0.108482554E+01-0.105183824E+01-0.101932644E+01
-0.987290137E+00-0.955729337E+00-0.924644038E+00-0.894034239E+00-0.863899942E+00
-0.834241145E+00-0.805057849E+00-0.776350055E+00-0.748117761E+00-0.720360968E+00
-0.693079676E+00-0.666273885E+00-0.639943594E+00-0.614088805E+00-0.588709517E+00
-0.563805729E+00-0.539377443E+00-0.515424657E+00-0.491947372E+00-0.468945589E+00
-0.446419306E+00-0.424368524E+00-0.402793243E+00-0.381693463E+00-0.361069183E+00
-0.340920405E+00-0.321247128E+00-0.302049351E+00-0.283327076E+00-0.265080301E+00
-0.247309027E+00-0.230013254E+00-0.213192982E+00-0.196848211E+00-0.180978941E+00
-0.165585172E+00-0.150666904E+00-0.136224137E+00-0.122256870E+00-0.108765105E+00
-0.957488401E-01-0.832080765E-01-0.711428137E-01-0.595530519E-01-0.484387909E-01
-0.378000309E-01-0.276367718E-01-0.179490136E-01-0.873675635E-02 0.000000000E+00
-0.186515476E+06-0.186259386E+06-0.185918907E+06-0.185494041E+06-0.184984788E+06
-0.184391146E+06-0.183713117E+06-0.182950700E+06-0.182103895E+06-0.181172703E+06
-0.180157123E+06-0.179057155E+06-0.177872799E+06-0.176604056E+06-0.175250924E+06
-0.173813406E+06-0.172291499E+06-0.170685205E+06-0.168994523E+06-0.167219453E+06
-0.165359995E+06-0.163416150E+06-0.161387917E+06-0.159275296E+06-0.157078287E+06
-0.154796891E+06-0.152431107E+06-0.149980935E+06-0.147446376E+06-0.144827429E+06
-0.142124094E+06-0.139336371E+06-0.136464260E+06-0.133507762E+06-0.130466876E+06
-0.127341603E+06-0.124131941E+06-0.120837892E+06-0.117459455E+06-0.113996631E+06
-0.110449418E+06-0.106817818E+06-0.103101830E+06-0.993014548E+05-0.954166915E+05
-0.914475404E+05-0.873940016E+05-0.832560751E+05-0.790337608E+05-0.747270588E+05
-0.703359691E+05-0.658604916E+05-0.613006264E+05-0.566563734E+05-0.519277327E+05
-0.471147042E+05-0.422172881E+05-0.372354841E+05-0.321692925E+05-0.270187131E+05
-0.217837459E+05-0.164643911E+05-0.110606485E+05-0.557251809E+04 0.000000000E+00
 1.611829108e-05 3.640792429e-05 6.463400084e-05 1.004486756e-04 1.432040396e-04
 1.916638672e-04 2.433834252e-04 2.927178186e-04 3.668649189e-04 5.357558725e-04
 7.243709286e-04 9.237814746e-04 1.154506686e-03 1.407307491e-03 1.689637659e-03
 2.011237803e-03 2.348063475e-03 2.726386655e-03 3.121152052e-03 3.549305009e-03
 4.020886896e-03 4.524195162e-03 5.109710615e-03 5.754314307e-03 6.502939607e-03
 7.357689329e-03 8.304818997e-03 9.378336763e-03 1.051159071e-02 1.173408738e-02
 1.299948388e-02 1.428862701e-02 1.562753577e-02 1.694709663e-02 1.830903965e-02
 1.965714417e-02 2.100704737e-02 2.238605159e-02 2.373375128e-02 2.510125463e-02
 2.643687779e-02 2.777351011e-02 2.911396601e-02 3.042228015e-02 3.176561278e-02
 3.307184896e-02 3.439642303e-02 3.571823736e-02 3.701484548e-02 3.835165929e-02
 3.964229179e-02 4.096538666e-02 4.226633269e-02 4.354047756e-02 4.483280203e-02
 4.604510075e-02 4.725299873e-02 4.837192012e-02 4.937577498e-02 5.030216368e-02
 5.102165604e-02 5.162000687e-02 5.202270753e-02 5.222955720e-02 5.234359631e-02
 1.253597074e-05 2.821146443e-05 4.990490935e-05 7.726344223e-05 1.097134678e-04
 1.462555541e-04 1.852825476e-04 2.295999270e-04 3.008442548e-04 4.684737677e-04
 6.582039348e-04 8.624707750e-04 1.080011030e-03 1.288445616e-03 1.607677073e-03
 1.954660673e-03 2.314260914e-03 2.683589345e-03 3.061631403e-03 3.448491084e-03
 3.849266968e-03 4.278641172e-03 4.760777404e-03 5.337517074e-03 6.062720901e-03
 6.980517537e-03 8.101686229e-03 9.397419424e-03 1.081584662e-02 1.230554107e-02
 1.382848164e-02 1.536109867e-02 1.689039040e-02 1.840990172e-02 1.991700849e-02
 2.141116049e-02 2.289283684e-02 2.436268661e-02 2.582091330e-02 2.726772613e-02
 2.870402916e-02 3.013134072e-02 3.155144692e-02 3.296624233e-02 3.437772830e-02
 3.578797046e-02 3.719918108e-02 3.861369090e-02 4.003395010e-02 4.146248819e-02
 4.290170857e-02 4.435366704e-02 4.581948213e-02 4.729846469e-02 4.878664245e-02
 5.027444116e-02 5.174329463e-02 5.316108708e-02 5.447785971e-02 5.562539503e-02
 5.652711591e-02 5.712163811e-02 5.738838086e-02 5.735339101e-02 5.707847128e-02
 9.541580243e-06 2.134543298e-05 3.762256469e-05 5.832555432e-05 8.372436879e-05
 1.146440830e-04 1.527137274e-04 2.042392702e-04 2.989920440e-04 4.182360101e-04
 5.858556433e-04 7.982982070e-04 1.034320936e-03 1.297335928e-03 1.602464618e-03
 1.956107752e-03 2.327993578e-03 2.701820770e-03 3.063982584e-03 3.397813011e-03
 3.685324405e-03 3.912270804e-03 4.077419954e-03 4.256376491e-03 4.683041559e-03
 5.631368529e-03 7.160487048e-03 9.059994266e-03 1.105204190e-02 1.300446512e-02
 1.488644659e-02 1.669950831e-02 1.845248118e-02 2.015464414e-02 2.181415733e-02
 2.343789726e-02 2.503160313e-02 2.660006030e-02 2.814729172e-02 2.967677175e-02
 3.119163215e-02 3.269481515e-02 3.418917638e-02 3.567757315e-02 3.716296577e-02
 3.864854163e-02 4.013786194e-02 4.163502700e-02 4.314485480e-02 4.467306547e-02
 4.622645900e-02 4.781305996e-02 4.944217132e-02 5.112420735e-02 5.287001215e-02
 5.468899814e-02 5.658460346e-02 5.854373515e-02 6.051331871e-02 6.235447346e-02
 6.379287053e-02 6.450183478e-02 6.439111754e-02 6.370466474e-02 6.275908119e-02
 7.518469628e-06 1.616923625e-05 2.715393968e-05 3.999392695e-05 5.496053074e-05
 7.356088295e-05 9.893946808e-05 1.408250603e-04 2.202574468e-04 3.290836842e-04
 4.824228932e-04 6.920259112e-04 9.497196361e-04 1.256340083e-03 1.611046354e-03
 2.008006391e-03 2.434951886e-03 2.873337792e-03 3.297646239e-03 3.671903025e-03
 3.944854705e-03 4.050226738e-03 3.804818677e-03 2.807546200e-03 1.662023649e-03
 2.566132779e-03 5.505098696e-03 9.230420723e-03 1.203509349e-02 1.443374416e-02
 1.660277816e-02 1.862131562e-02 2.053202020e-02 2.236100700e-02 2.412588864e-02
 2.583947314e-02 2.751160842e-02 2.915016064e-02 3.076157038e-02 3.235120231e-02
 3.392359590e-02 3.548267211e-02 3.703192680e-02 3.857463175e-02 4.011405769e-02
 4.165372947e-02 4.319772063e-02 4.475099442e-02 4.631980318e-02 4.791216743e-02
 4.953847464e-02 5.121226804e-02 5.295134612e-02 5.477937890e-02 5.672839356e-02
 5.884274282e-02 6.118563514e-02 6.385014306e-02 6.697845093e-02 7.080466811e-02
 7.626712636e-02 7.758582044e-02 7.406732083e-02 7.082991386e-02 6.839579168e-02
 8.857539519e-06 1.719204862e-05 2.438490445e-05 2.745864243e-05 2.461116975e-05
 1.635437321e-05 6.599849792e-06 8.489687886e-06 4.454434715e-05 1.160727406e-04
 2.372972137e-04 4.359145499e-04 7.121973626e-04 1.069114927e-03 1.507242544e-03
 2.020623994e-03 2.596756850e-03 3.217289791e-03 3.858943728e-03 4.494352261e-03
 5.093662243e-03 5.626892774e-03 6.076764646e-03 6.507975384e-03 7.198969953e-03
 8.496037320e-03 1.043411397e-02 1.270449216e-02 1.500863685e-02 1.722990740e-02
 1.934571892e-02 2.136217442e-02 2.329178189e-02 2.514744460e-02 2.694107963e-02
 2.868338419e-02 3.038382734e-02 3.205066272e-02 3.369094361e-02 3.531055942e-02
 3.691431089e-02 3.850603475e-02 4.008878350e-02 4.166506348e-02 4.323713303e-02
 4.480736072e-02 4.637864200e-02 4.795487230e-02 4.954147834e-02 5.114602148e-02
 5.277891142e-02 5.445431249e-02 5.619139975e-02 5.801625206e-02 5.996491088e-02
 6.208861784e-02 6.446329470e-02 6.720780459e-02 7.052210196e-02 7.477843864e-02
 8.052973254e-02 8.207807860e-02 7.799335165e-02 7.419569524e-02 7.149228368e-02
 2.142568749e-05 4.050506085e-05 5.383795987e-05 5.115637957e-05 2.370722988e-05
-3.292902786e-05-1.163991324e-04-2.149226781e-04-2.780585921e-04-3.087510416e-04
-2.709920762e-04-1.219461301e-04 1.616074118e-04 5.856612656e-04 1.155907200e-03
 1.865781602e-03 2.695361297e-03 3.619600039e-03 4.615231478e-03 5.663179180e-03
 6.750255181e-03 7.874457396e-03 9.051352685e-03 1.031817778e-02 1.172649100e-02
 1.331652421e-02 1.508833071e-02 1.699731991e-02 1.897792452e-02 2.097107652e-02
 2.293671417e-02 2.485330269e-02 2.671282819e-02 2.851590076e-02 3.026809474e-02
 3.197741244e-02 3.365257540e-02 3.530191117e-02 3.693267271e-02 3.855067087e-02
 4.016013228e-02 4.176372306e-02 4.336270262e-02 4.495719087e-02 4.654654227e-02
 4.812982050e-02 4.970635917e-02 5.127637802e-02 5.284160843e-02 5.440587300e-02
 5.597556857e-02 5.756001932e-02 5.917168085e-02 6.082615844e-02 6.254188999e-02
 6.433900781e-02 6.623599868e-02 6.824040165e-02 7.032325371e-02 7.235021778e-02
 7.394067308e-02 7.452666628e-02 7.401604432e-02 7.288955926e-02 7.156038078e-02
 6.510435262e-05 1.280825663e-04 1.825665836e-04 2.001772278e-04 1.530167186e-04
 2.025595438e-05-2.044168299e-04-5.006728982e-04-8.177070419e-04-1.103257284e-03
-1.280050724e-03-1.267110784e-03-1.004628644e-03-4.955385139e-04 2.258480161e-04
 1.339778380e-03 2.565158520e-03 3.941445590e-03 5.383772020e-03 6.924323995e-03
 8.519578286e-03 1.016829054e-02 1.187344670e-02 1.364190590e-02 1.547856842e-02
 1.738081640e-02 1.933475041e-02 2.131566622e-02 2.329309157e-02 2.523795130e-02
 2.712860724e-02 2.895382967e-02 3.071259941e-02 3.241178634e-02 3.406301724e-02
 3.567974703e-02 3.727505186e-02 3.886023521e-02 4.044409545e-02 4.203263339e-02
 4.362901297e-02 4.523366193e-02 4.684447142e-02 4.845710597e-02 5.006546390e-02
 5.166233008e-02 5.324023505e-02 5.479247110e-02 5.631412924e-02 5.780294327e-02
 5.925970534e-02 6.068807482e-02 6.209370388e-02 6.348266973e-02 6.485915543e-02
 6.622214265e-02 6.756065511e-02 6.884712678e-02 7.002962300e-02 7.102763313e-02
 7.174305086e-02 7.209723296e-02 7.207823575e-02 7.175623996e-02 7.122648671e-02
 1.827646449e-04 3.737152853e-04 5.677537361e-04 6.964201048e-04 6.840661350e-04
 4.616158899e-04-1.610589612e-05-7.467855325e-04-1.652503461e-03-2.603402503e-03
-3.368981708e-03-3.700091487e-03-3.412228710e-03-2.555581377e-03-1.286516794e-03
 4.504881013e-04 2.342001357e-03 4.297148930e-03 6.274496015e-03 8.319701014e-03
 1.041770446e-02 1.255468537e-02 1.473638267e-02 1.696445820e-02 1.923151569e-02
 2.151825715e-02 2.379282158e-02 2.601402021e-02 2.813915919e-02 3.013462657e-02
 3.198493431e-02 3.369590322e-02 3.529085541e-02 3.680256482e-02 3.826515493e-02
 3.970866079e-02 4.115665628e-02 4.262599081e-02 4.412748254e-02 4.566676976e-02
 4.724493930e-02 4.885885392e-02 5.050127426e-02 5.216094829e-02 5.382287528e-02
 5.546898375e-02 5.707947196e-02 5.863494096e-02 6.011909486e-02 6.152127908e-02
 6.283784577e-02 6.407163752e-02 6.522967199e-02 6.631982092e-02 6.734742242e-02
 6.831242425e-02 6.920729183e-02 7.001589585e-02 7.071394193e-02 7.127187444e-02
 7.166083409e-02 7.185853532e-02 7.188886171e-02 7.174579248e-02 7.145401303e-02
 4.497493019e-04 9.535433624e-04 1.529644967e-03 2.033231097e-03 2.276960660e-03
 2.063847667e-03 1.236202251e-03-2.972955851e-04-2.552997222e-03-5.460275349e-03
-8.326635463e-03-9.728991807e-03-8.962135310e-03-6.371510559e-03-3.335700288e-03
-4.011904164e-04 2.367924592e-03 5.005066505e-03 7.560444471e-03 1.008256468e-02
 1.261094066e-02 1.517828128e-02 1.780960946e-02 2.051883181e-02 2.330265255e-02
 2.613150955e-02 2.893986259e-02 3.162423135e-02 3.406273435e-02 3.615964043e-02
 3.789033602e-02 3.931124712e-02 4.052724329e-02 4.164600958e-02 4.275057267e-02
 4.389454323e-02 4.510852441e-02 4.640816806e-02 4.780022639e-02 4.928601692e-02
 5.086267929e-02 5.252290526e-02 5.425396423e-02 5.603655381e-02 5.784369059e-02
 5.963989553e-02 6.138163259e-02 6.302110837e-02 6.451496817e-02 6.583564944e-02
 6.697894008e-02 6.796211872e-02 6.881381326e-02 6.956245196e-02 7.022897348e-02
 7.082456063e-02 7.135141122e-02 7.180472282e-02 7.217508324e-02 7.245109113e-02
 7.262212525e-02 7.268165275e-02 7.264604534e-02 7.250754212e-02 7.225917648e-02
 9.436434620e-04 2.085920804e-03 3.565859524e-03 5.174822651e-03 6.451962834e-03
 6.670638451e-03 5.469089596e-03 2.997397193e-03-7.731616741e-04-6.402856797e-03
-1.362928635e-02-1.686528034e-02-1.501556155e-02-8.343635656e-03-3.316698872e-03
 5.802334936e-04 3.877231958e-03 6.849631604e-03 9.657514642e-03 1.240617494e-02
 1.517330365e-02 1.802254622e-02 2.101064593e-02 2.419031888e-02 2.760751287e-02
 3.128561092e-02 3.517554016e-02 3.904067735e-02 4.236715668e-02 4.463891436e-02
 4.575932726e-02 4.615079350e-02 4.633719240e-02 4.663196445e-02 4.712881918e-02
 4.784412936e-02 4.876885790e-02 4.987949302e-02 5.116729247e-02 5.261991011e-02
 5.423603435e-02 5.601082939e-02 5.792929267e-02 5.997215245e-02 6.210294737e-02
 6.427384659e-02 6.640488452e-02 6.836935757e-02 7.001890782e-02 7.125009568e-02
 7.207593883e-02 7.260913486e-02 7.297711978e-02 7.326408098e-02 7.350824277e-02
 7.372234848e-02 7.390555535e-02 7.405153860e-02 7.415228498e-02 7.419920610e-02
 7.418538768e-02 7.410697809e-02 7.397503165e-02 7.378039758e-02 7.353168708e-02
 1.599014308e-03 3.653406747e-03 6.616702448e-03 1.065862121e-02 1.573746320e-02
 1.715909081e-02 1.374009011e-02 1.015310831e-02 6.578358591e-03 2.842646550e-03
-5.098811144e-04-2.346456189e-03-2.080899225e-03-1.081656908e-04 2.459328813e-03
 5.078849059e-03 7.642554918e-03 1.016374980e-02 1.268610723e-02 1.526059831e-02
 1.794122195e-02 2.078705216e-02 2.386783733e-02 2.727420598e-02 3.113740857e-02
 3.567288041e-02 4.129423589e-02 4.900630735e-02 5.657713848e-02 5.930811393e-02
 5.690710679e-02 5.296412761e-02 5.118398679e-02 5.048546652e-02 5.045029607e-02
 5.087327896e-02 5.163727813e-02 5.266655072e-02 5.390639354e-02 5.533642211e-02
 5.703460739e-02 5.899025932e-02 6.121905059e-02 6.369797777e-02 6.635765199e-02
 6.924054478e-02 7.241363084e-02 7.571704224e-02 7.823993830e-02 7.923422335e-02
 7.872966755e-02 7.798782087e-02 7.748872778e-02 7.717048400e-02 7.696043329e-02
 7.680967963e-02 7.668594736e-02 7.656682113e-02 7.643850718e-02 7.628887478e-02
 7.611216425e-02 7.590469348e-02 7.566395171e-02 7.538302889e-02 7.504766414e-02
 2.165296971e-03 4.963959441e-03 9.012494356e-03 1.445374252e-02 2.091037335e-02
 2.299416775e-02 1.956994358e-02 1.640902629e-02 1.378821142e-02 1.159140783e-02
 9.874983490e-03 8.763006777e-03 8.373650004e-03 8.682405294e-03 9.553528228e-03
 1.082747504e-02 1.238272032e-02 1.414817608e-02 1.609242798e-02 1.821093028e-02
 2.051743557e-02 2.303976852e-02 2.581895129e-02 2.891087204e-02 3.238934202e-02
 3.634536606e-02 4.085465131e-02 4.576461223e-02 5.005246503e-02 5.243856032e-02
 5.272385236e-02 5.199209280e-02 5.143492495e-02 5.133315811e-02 5.165850897e-02
 5.234343577e-02 5.332724375e-02 5.455884983e-02 5.598893224e-02 5.760618377e-02
 5.952644971e-02 6.171337428e-02 6.417498125e-02 6.692864880e-02 6.985501988e-02
 7.302801717e-02 7.661750144e-02 8.085490382e-02 8.371185173e-02 8.447294247e-02
 8.313071303e-02 8.192282812e-02 8.114421917e-02 8.059383464e-02 8.016611000e-02
 7.980475958e-02 7.947831573e-02 7.916807694e-02 7.886214070e-02 7.855241101e-02
 7.823307768e-02 7.789976664e-02 7.754899669e-02 7.717811462e-02 7.679144200e-02
 2.534255279e-03 5.778343882e-03 1.039818091e-02 1.645407186e-02 2.347160370e-02
 2.588626976e-02 2.233714968e-02 2.029746198e-02 1.872323292e-02 1.736161080e-02
 1.622642897e-02 1.540051002e-02 1.493580679e-02 1.485004963e-02 1.512860819e-02
 1.573684744e-02 1.663473720e-02 1.778735501e-02 1.916971050e-02 2.076740125e-02
 2.257507092e-02 2.459382864e-02 2.682777350e-02 2.927877080e-02 3.193748143e-02
 3.476756073e-02 3.768144206e-02 4.051824360e-02 4.305909237e-02 4.514730611e-02
 4.674320269e-02 4.795370054e-02 4.898306353e-02 5.000722700e-02 5.113729970e-02
 5.243070396e-02 5.391239658e-02 5.559069957e-02 5.746754830e-02 5.954532293e-02
 6.182722336e-02 6.430489573e-02 6.695435162e-02 6.973270711e-02 7.257750834e-02
 7.540911577e-02 7.810878583e-02 8.048914346e-02 8.232258300e-02 8.346693162e-02
 8.396672480e-02 8.401216419e-02 8.380063676e-02 8.345888640e-02 8.305401781e-02
 8.262049084e-02 8.217612437e-02 8.172976143e-02 8.128505508e-02 8.084256405e-02
 8.040104170e-02 7.995827823e-02 7.951167057e-02 7.905871689e-02 7.860342652e-02
 2.766586419e-03 6.286214371e-03 1.125779255e-02 1.770922273e-02 2.509751068e-02
 2.784579221e-02 2.487979025e-02 2.335850714e-02 2.230812953e-02 2.133001569e-02
 2.048745597e-02 1.982252376e-02 1.936807033e-02 1.914529553e-02 1.916338042e-02
 1.942157040e-02 1.991265117e-02 2.062647718e-02 2.155259475e-02 2.268157812e-02
 2.400509536e-02 2.551485348e-02 2.720053081e-02 2.904675390e-02 3.102931412e-02
 3.311139840e-02 3.524180037e-02 3.735839149e-02 3.939953652e-02 4.131843163e-02
 4.312502919e-02 4.483169833e-02 4.648362130e-02 4.814311200e-02 4.986724815e-02
 5.170311941e-02 5.368615505e-02 5.584099048e-02 5.818294468e-02 6.071856041e-02
 6.344443879e-02 6.634416071e-02 6.938295867e-02 7.250100626e-02 7.560739526e-02
 7.857889045e-02 8.126948532e-02 8.353417855e-02 8.526208079e-02 8.640675494e-02
 8.699946706e-02 8.713589503e-02 8.694152571e-02 8.653561613e-02 8.601087309e-02
 8.543007689e-02 8.483149826e-02 8.423616598e-02 8.365398373e-02 8.308810055e-02
 8.253780500e-02 8.200036530e-02 8.147216316e-02 8.094912796e-02 8.041416461e-02
 2.929239248e-03 6.644407898e-03 1.187204509e-02 1.862453417e-02 2.635753759e-02
 2.948710189e-02 2.679270435e-02 2.565996805e-02 2.488529756e-02 2.415119090e-02
 2.348119943e-02 2.290624462e-02 2.245375965e-02 2.214590475e-02 2.199893051e-02
 2.202341766e-02 2.222513270e-02 2.260613539e-02 2.316579289e-02 2.390145694e-02
 2.480868740e-02 2.588101866e-02 2.710935761e-02 2.848119573e-02 2.997993920e-02
 3.158480270e-02 3.327179891e-02 3.501622876e-02 3.679658926e-02 3.859899392e-02
 4.041989819e-02 4.226845156e-02 4.417513260e-02 4.615622785e-02 4.824022601e-02
 5.045192846e-02 5.283154658e-02 5.540343612e-02 5.819182351e-02 6.121315267e-02
 6.446848012e-02 6.796316304e-02 7.168786699e-02 7.560363240e-02 7.961308792e-02
 8.351416031e-02 8.699257666e-02 8.974214416e-02 9.157787144e-02 9.245499051e-02
 9.247966185e-02 9.190994477e-02 9.104523818e-02 9.008732826e-02 8.913544441e-02
 8.823115757e-02 8.738802375e-02 8.660632425e-02 8.588026299e-02 8.520158000e-02
 8.456140363e-02 8.395119769e-02 8.336322847e-02 8.279104036e-02 8.224134585e-02
 3.061556982e-03 6.938165662e-03 1.238078962e-02 1.938974790e-02 2.741347499e-02
 3.084742252e-02 2.843427007e-02 2.748698306e-02 2.690762009e-02 2.630231077e-02
 2.570223428e-02 2.513818870e-02 2.463823407e-02 2.422640789e-02 2.392237495e-02
 2.374160542e-02 2.369580923e-02 2.379345874e-02 2.404027739e-02 2.443960657e-02
 2.499259430e-02 2.569824591e-02 2.655340202e-02 2.755274518e-02 2.868896540e-02
 2.995321212e-02 3.133590355e-02 3.282792975e-02 3.442212844e-02 3.611476192e-02
 3.790665826e-02 3.980371338e-02 4.181696114e-02 4.396398092e-02 4.626289802e-02
 4.873204184e-02 5.140009823e-02 5.429421296e-02 5.744396272e-02 6.088082989e-02
 6.463870033e-02 6.876664992e-02 7.333068965e-02 7.842220693e-02 8.418454606e-02
 9.100128272e-02 9.718370855e-02 1.014304175e-01 1.035354975e-01 1.033740169e-01
 1.009961083e-01 9.765634952e-02 9.525894930e-02 9.338217204e-02 9.186536727e-02
 9.060863446e-02 8.954319408e-02 8.861980257e-02 8.780220793e-02 8.706312868e-02
 8.638170021e-02 8.574181389e-02 8.513100941e-02 8.453951765e-02 8.395110290e-02
 3.185543033e-03 7.217754352e-03 1.287545741e-02 2.015288255e-02 2.845962966e-02
 3.214800680e-02 3.004857860e-02 2.928103934e-02 2.875294219e-02 2.813094559e-02
 2.747053911e-02 2.681203593e-02 2.618590691e-02 2.561637301e-02 2.512331881e-02
 2.472333761e-02 2.443037263e-02 2.425616529e-02 2.421059190e-02 2.430191604e-02
 2.453667748e-02 2.491964294e-02 2.545381084e-02 2.614050935e-02 2.697967693e-02
 2.797039159e-02 2.911122288e-02 3.040078247e-02 3.183840181e-02 3.342483712e-02
 3.516283160e-02 3.705750254e-02 3.911655196e-02 4.135028669e-02 4.377157349e-02
 4.639608391e-02 4.924284233e-02 5.233499283e-02 5.570139648e-02 5.937968614e-02
 6.342126458e-02 6.789851804e-02 7.291591267e-02 7.863083633e-02 8.528606214e-02
 9.316786014e-02 1.002454816e-01 1.048332299e-01 1.069703182e-01 1.065979803e-01
 1.036249008e-01 9.969590754e-02 9.687636058e-02 9.480116482e-02 9.321190497e-02
 9.195052052e-02 9.091536600e-02 9.003818340e-02 8.927153767e-02 8.858158502e-02
 8.794371450e-02 8.733981390e-02 8.675650944e-02 8.618413261e-02 8.561981882e-02
 3.305425164e-03 7.494268866e-03 1.338281381e-02 2.098179220e-02 2.976819683e-02
 3.416778698e-02 3.274144100e-02 3.160174981e-02 3.069144535e-02 2.979748241e-02
 2.891060863e-02 2.804242719e-02 2.720709691e-02 2.641922264e-02 2.569322111e-02
 2.504306760e-02 2.448221653e-02 2.402363127e-02 2.367981723e-02 2.346440194e-02
 2.338946339e-02 2.346544388e-02 2.370097633e-02 2.410260768e-02 2.467484182e-02
 2.542293584e-02 2.635080237e-02 2.746132782e-02 2.875684328e-02 3.023997027e-02
 3.191381261e-02 3.378206370e-02 3.584924269e-02 3.812090359e-02 4.060378041e-02
 4.330597937e-02 4.623726761e-02 4.940954557e-02 5.283770469e-02 5.654153202e-02
 6.055226595e-02 6.493196878e-02 6.974252750e-02 7.501713308e-02 8.082602486e-02
 8.717737737e-02 9.298857717e-02 9.701261479e-02 9.908543368e-02 9.900019256e-02
 9.758878663e-02 9.618456526e-02 9.489508236e-02 9.380106414e-02 9.288557255e-02
 9.211272563e-02 9.144579934e-02 9.085311560e-02 9.030912751e-02 8.979393460e-02
 8.929237661e-02 8.879309723e-02 8.828768871e-02 8.777012206e-02 8.724636129e-02
 3.405757016e-03 7.726376533e-03 1.381018577e-02 2.168183640e-02 3.081241710e-02
 3.565995439e-02 3.479444597e-02 3.341725650e-02 3.220430070e-02 3.102442316e-02
 2.987930240e-02 2.876456344e-02 2.768268056e-02 2.664066796e-02 2.564830258e-02
 2.471708008e-02 2.385964103e-02 2.309032233e-02 2.242707060e-02 2.188750467e-02
 2.148857198e-02 2.124624210e-02 2.117522076e-02 2.128869682e-02 2.159816950e-02
 2.211337304e-02 2.284179787e-02 2.378812113e-02 2.495334273e-02 2.634113016e-02
 2.795459734e-02 2.979505791e-02 3.186310242e-02 3.415914283e-02 3.668312273e-02
 3.943449470e-02 4.241198231e-02 4.561304443e-02 4.903273138e-02 5.266101805e-02
 5.647233099e-02 6.051777529e-02 6.488791298e-02 6.940079628e-02 7.394992848e-02
 7.833955412e-02 8.231014476e-02 8.561724958e-02 8.811654921e-02 8.980829574e-02
 9.083195753e-02 9.139114959e-02 9.166221154e-02 9.176198034e-02 9.175764495e-02
 9.168413021e-02 9.155765852e-02 9.138458934e-02 9.116665141e-02 9.090382506e-02
 9.059581091e-02 9.024268921e-02 8.984513339e-02 8.940407878e-02 8.890172962e-02
 3.470975656e-03 7.873805099e-03 1.407125233e-02 2.208310789e-02 3.136711095e-02
 3.635204534e-02 3.557123903e-02 3.421114791e-02 3.289260999e-02 3.156498073e-02
 3.022998144e-02 2.889532607e-02 2.756913719e-02 2.626066301e-02 2.498055011e-02
 2.374085939e-02 2.255653182e-02 2.144845704e-02 2.043831857e-02 1.954818635e-02
 1.880010320e-02 1.821566093e-02 1.781556895e-02 1.761922107e-02 1.764426694e-02
 1.790618530e-02 1.841784132e-02 1.918907729e-02 2.022641368e-02 2.153303546e-02
 2.310789113e-02 2.494426928e-02 2.703607860e-02 2.938016543e-02 3.196977558e-02
 3.479668456e-02 3.785068263e-02 4.111902912e-02 4.458575403e-02 4.823074203e-02
 5.202830189e-02 5.594834509e-02 5.991417265e-02 6.405631734e-02 6.818670448e-02
 7.212381892e-02 7.577968132e-02 7.906856443e-02 8.193022371e-02 8.434345120e-02
 8.632585789e-02 8.792216287e-02 8.918799359e-02 9.017691447e-02 9.093392354e-02
 9.149419793e-02 9.188453028e-02 9.212553974e-02 9.223368987e-02 9.222278613e-02
 9.210494645e-02 9.189115956e-02 9.159157268e-02 9.121592345e-02 9.078690935e-02
 3.501280147e-03 7.939919829e-03 1.418216814e-02 2.224118300e-02 3.159578068e-02
 3.666234186e-02 3.576504380e-02 3.437419499e-02 3.297919627e-02 3.151960823e-02
 3.000859214e-02 2.845896961e-02 2.688291085e-02 2.529259168e-02 2.370075688e-02
 2.212291166e-02 2.058245782e-02 1.910438018e-02 1.771495997e-02 1.644140734e-02
 1.531141917e-02 1.435267462e-02 1.359227953e-02 1.305617247e-02 1.276850665e-02
 1.275102335e-02 1.302243333e-02 1.359782942e-02 1.448815081e-02 1.569970239e-02
 1.723368498e-02 1.908583973e-02 2.124644515e-02 2.369948064e-02 2.642019335e-02
 2.939529572e-02 3.260835048e-02 3.603993449e-02 3.966775743e-02 4.346613118e-02
 4.740539199e-02 5.145154826e-02 5.556612889e-02 5.970296386e-02 6.380051214e-02
 6.778689656e-02 7.159256166e-02 7.515690287e-02 7.843199665e-02 8.138518356e-02
 8.399962763e-02 8.627256689e-02 8.821204679e-02 8.983335352e-02 9.115606980e-02
 9.220207673e-02 9.299435941e-02 9.355630217e-02 9.391120239e-02 9.408185262e-02
 9.409014636e-02 9.395672205e-02 9.370067375e-02 9.333921004e-02 9.288274707e-02
 3.505309484e-03 7.946729559e-03 1.418838844e-02 2.223873469e-02 3.153425835e-02
 3.647740533e-02 3.563426806e-02 3.418353879e-02 3.266085908e-02 3.103687652e-02
 2.932495449e-02 2.753747161e-02 2.568684513e-02 2.378583664e-02 2.184937627e-02
 1.990253572e-02 1.797267602e-02 1.608930590e-02 1.428382692e-02 1.258915834e-02
 1.103924951e-02 9.668488694e-03 8.511021808e-03 7.599998817e-03 6.966769923e-03
 6.640057141e-03 6.645129588e-03 7.003011502e-03 7.729750115e-03 8.835765700e-03
 1.032529852e-02 1.219597125e-02 1.443846674e-02 1.703626168e-02 1.996550154e-02
 2.319545378e-02 2.668564692e-02 3.040941926e-02 3.434103913e-02 3.845237829e-02
 4.271206003e-02 4.708487113e-02 5.153104805e-02 5.600561512e-02 6.045833070e-02
 6.483487096e-02 6.907913797e-02 7.313598053e-02 7.695381680e-02 8.048698130e-02
 8.369771128e-02 8.655769084e-02 8.904908187e-02 9.116497403e-02 9.290918359e-02
 9.429535670e-02 9.534541324e-02 9.608748637e-02 9.655361568e-02 9.677749068e-02
 9.679249975e-02 9.663024098e-02 9.631953852e-02 9.588584099e-02 9.534978366e-02
 3.491537271e-03 7.913859438e-03 1.412560069e-02 2.213233081e-02 3.138976048e-02
 3.630525553e-02 3.529506216e-02 3.373344030e-02 3.204382155e-02 3.022138230e-02
 2.827581975e-02 2.621770332e-02 2.405817798e-02 2.180915351e-02 1.949551952e-02
 1.714540833e-02 1.479003441e-02 1.246354867e-02 1.020276394e-02 8.046741889e-03
 6.036236343e-03 4.212997402e-03 2.618948641e-03 1.295258219e-03 2.813324440e-04
-3.862330529e-04-6.747047178e-04-5.562231382e-04-8.734993895e-06 9.831913824e-04
 2.427696220e-03 4.325123889e-03 6.667691764e-03 9.439326413e-03 1.261565984e-02
 1.616415863e-02 2.004427594e-02 2.420814730e-02 2.859923126e-02 3.319154917e-02
 3.795478250e-02 4.285600462e-02 4.785875725e-02 5.292216006e-02 5.800015875e-02
 6.304103381e-02 6.798730459e-02 7.277620985e-02 7.734103738e-02 8.161362851e-02
 8.552825935e-02 8.902672331e-02 9.206389281e-02 9.461258079e-02 9.666644095e-02
 9.824005710e-02 9.936613851e-02 1.000905496e-01 1.004664210e-01 1.005486214e-01
 1.003894746e-01 1.000360456e-01 9.952886380e-02 9.890198267e-02 9.819576195e-02
 3.466165075e-03 7.855189262e-03 1.401802581e-02 2.195813971e-02 3.112226374e-02
 3.591354548e-02 3.478656928e-02 3.308834187e-02 3.120517263e-02 2.915454098e-02
 2.694416161e-02 2.458215404e-02 2.207735671e-02 1.945013319e-02 1.672760200e-02
 1.394082439e-02 1.112482482e-02 8.318473003e-03 5.564209331e-03 2.907596610e-03
 3.966897966e-04-1.918775221e-03-3.988361526e-03-5.762055725e-03-7.191501609e-03
-8.231297223e-03-8.840301964e-03-8.982896220e-03-8.630136199e-03-7.760751410e-03
-6.361941686e-03-4.429943815e-03-1.970354248e-03 1.001788116e-03 4.462137222e-03
 8.377354081e-03 1.270553890e-02 1.739671833e-02 2.239323674e-02 2.763026954e-02
 3.306972778e-02 3.868586943e-02 4.445024575e-02 5.033003691e-02 5.628590263e-02
 6.226928950e-02 6.821928225e-02 7.405944897e-02 7.969578187e-02 8.501764135e-02
 8.990396375e-02 9.423588637e-02 9.791404392e-02 1.008756760e-01 1.031057670e-01
 1.046383376e-01 1.055474932e-01 1.059314912e-01 1.058954204e-01 1.055375956e-01
 1.049419204e-01 1.041755521e-01 1.032898878e-01 1.023226976e-01 1.012809951e-01
 3.433548738e-03 7.780392084e-03 1.388244056e-02 2.174159482e-02 3.078745562e-02
 3.541679064e-02 3.421358572e-02 3.231075815e-02 3.021191091e-02 2.791000375e-02
 2.540948885e-02 2.271546028e-02 1.984107579e-02 1.681054905e-02 1.365277165e-02
 1.040151153e-02 7.095489033e-03 3.778297709e-03 4.981381009e-04-2.692659589e-03
-5.738339126e-03-8.580651047e-03-1.116000316e-02-1.341680145e-02-1.529293825e-02
-1.673337007e-02-1.768771593e-02-1.811180028e-02-1.796906326e-02-1.723176633e-02
-1.588193260e-02-1.391197837e-02-1.132501326e-02-8.134809605e-03-4.365465287e-03
-5.080624629e-05 4.766407508e-03 1.003539447e-02 1.569828794e-02 2.169100291e-02
 2.794396114e-02 3.442168517e-02 4.111190871e-02 4.800036454e-02 5.506778243e-02
 6.228505577e-02 6.960555488e-02 7.695349840e-02 8.420822989e-02 9.118823614e-02
 9.764761312e-02 1.033041270e-01 1.079017952e-01 1.112789025e-01 1.134095188e-01
 1.144073657e-01 1.144901766e-01 1.139141902e-01 1.129109042e-01 1.116557847e-01
 1.102677641e-01 1.088219973e-01 1.073636242e-01 1.059186744e-01 1.045131366e-01
 3.396898442e-03 7.696572839e-03 1.373107505e-02 2.150113751e-02 3.047322671e-02
 3.504575664e-02 3.353276109e-02 3.145729113e-02 2.912931150e-02 2.656093981e-02
 2.375389170e-02 2.071155781e-02 1.745363820e-02 1.400502789e-02 1.039617607e-02
 6.663371666e-03 2.848899323e-03-9.989820041e-04-4.826279853e-03-8.573762634e-03
-1.217773060e-02-1.557107152e-02-1.868459117e-02-2.144858838e-02-2.379462348e-02
-2.565740938e-02-2.697673846e-02-2.769934802e-02-2.778062389e-02-2.718604738e-02
-2.589230389e-02-2.388799291e-02-2.117390492e-02-1.776286002e-02-1.367913112e-02
-8.957500250e-03-3.642016022e-03 2.215466267e-03 8.556875597e-03 1.531956011e-02
 2.243785662e-02 2.984455162e-02 3.753373268e-02 4.552316744e-02 5.383539640e-02
 6.249590896e-02 7.152786440e-02 8.093889634e-02 9.068864834e-02 1.006068410e-01
 1.102130984e-01 1.186136182e-01 1.249416172e-01 1.287436075e-01 1.299682763e-01
 1.290041545e-01 1.266723329e-01 1.238313549e-01 1.209546541e-01 1.182235934e-01
 1.156922201e-01 1.133637057e-01 1.112216958e-01 1.092435738e-01 1.074063839e-01
 3.358866442e-03 7.609663622e-03 1.357432593e-02 2.125222433e-02 3.007123933e-02
 3.442626688e-02 3.287377644e-02 3.058154395e-02 2.801917490e-02 2.517953994e-02
 2.206013010e-02 1.866974638e-02 1.502820478e-02 1.116107531e-02 7.100242088e-03
 2.884342684e-03-1.440955205e-03-5.822888175e-03-1.020179102e-02-1.451159251e-02
-1.868064385e-02-2.263289403e-02-2.628940425e-02-2.957016901e-02-3.239618453e-02
-3.469168001e-02-3.638640571e-02-3.741785737e-02-3.773331108e-02-3.729154803e-02
-3.606416458e-02-3.403638856e-02-3.120735499e-02-2.758982983e-02-2.320940485e-02
-1.810321571e-02-1.231825544e-02-5.909363479e-03 1.063035517e-03 8.535391354e-03
 1.644368171e-02 2.472630209e-02 3.333588438e-02 4.232186109e-02 5.175430320e-02
 6.173148312e-02 7.239185126e-02 8.393371946e-02 9.665127100e-02 1.110206802e-01
 1.280486038e-01 1.429102572e-01 1.527100502e-01 1.568579411e-01 1.551687998e-01
 1.485983405e-01 1.396669771e-01 1.330114461e-01 1.277422335e-01 1.234367609e-01
 1.198334191e-01 1.167544842e-01 1.140741556e-01 1.117009747e-01 1.095606538e-01
 3.321848911e-03 7.525085545e-03 1.342184360e-02 2.101037800e-02 2.972487431e-02
 3.396266892e-02 3.222083251e-02 2.973182319e-02 2.694283620e-02 2.384079978e-02
 2.042068422e-02 1.669602243e-02 1.268618084e-02 8.417018996e-03 3.921529384e-03
-7.596182533e-04-5.577695856e-03-1.047576563e-02-1.538882105e-02-2.024427543e-02
-2.496283961e-02-2.945981076e-02-3.364676864e-02-3.743364534e-02-4.073110202e-02
-4.345311466e-02-4.551964308e-02-4.685923904e-02-4.741144081e-02-4.712880728e-02
-4.597846333e-02-4.394305927e-02-4.102108656e-02-3.722653608e-02-3.258792770e-02
-2.714677599e-02-2.095558187e-02-1.407545003e-02-6.573424432e-03 1.480392283e-03
 1.001591559e-02 1.896640947e-02 2.827221022e-02 3.793601590e-02 4.804263319e-02
 5.871136070e-02 7.011376014e-02 8.250358630e-02 9.626855901e-02 1.120204147e-01
 1.311535392e-01 1.463557240e-01 1.607901521e-01 1.633521029e-01 1.608089492e-01
 1.531443919e-01 1.428099929e-01 1.353093756e-01 1.295275426e-01 1.249212334e-01
 1.211405469e-01 1.179552792e-01 1.152094515e-01 1.127946443e-01 1.106474631e-01
 3.288052057e-03 7.447857029e-03 1.328261711e-02 2.078959719e-02 2.942152324e-02
 3.357094323e-02 3.159731239e-02 2.895508811e-02 2.595896608e-02 2.261560573e-02
 1.892343209e-02 1.489543829e-02 1.055073879e-02 5.915443061e-03 1.023461047e-03
-4.082809012e-03-9.351976426e-03-1.472340941e-02-2.012731384e-02-2.548520486e-02
-3.071082316e-02-3.571152580e-02-4.039015258e-02-4.464733359e-02-4.838416531e-02
-5.150514440e-02-5.392121533e-02-5.555276401e-02-5.633237955e-02-5.620721129e-02
-5.514077071e-02-5.311406444e-02-5.012599275e-02-4.619300148e-02-4.134802818e-02
-3.563882943e-02-2.912581005e-02-2.187949339e-02-1.397777292e-02-5.503069799e-03
 3.460510589e-03 1.282997376e-02 2.252619725e-02 3.247676391e-02 4.271456742e-02
 5.330433209e-02 6.432509415e-02 7.586875980e-02 8.802907013e-02 1.008509152e-01
 1.139691690e-01 1.253425225e-01 1.341651805e-01 1.392563744e-01 1.401878999e-01
 1.375805860e-01 1.331939440e-01 1.290168166e-01 1.253379570e-01 1.221216507e-01
 1.192937534e-01 1.167812986e-01 1.145216270e-01 1.124633563e-01 1.105471659e-01
 3.259455370e-03 7.382500557e-03 1.316478523e-02 2.060254363e-02 2.911693672e-02
 3.309301004e-02 3.111892894e-02 2.829830947e-02 2.512550996e-02 2.157742473e-02
 1.765484033e-02 1.336992932e-02 8.741383869e-03 3.795370140e-03-1.433556426e-03
-6.901650224e-03-1.255536603e-02-1.833102292e-02-2.415482395e-02-2.994330780e-02
-3.560429399e-02-4.103835991e-02-4.614085527e-02-5.080442040e-02-5.492193054e-02
-5.838974473e-02-6.111109905e-02-6.299945582e-02-6.398160778e-02-6.400034169e-02
-6.301649118e-02-6.101025121e-02-5.798168299e-02-5.395040147e-02-4.895450069e-02
-4.304882921e-02-3.630277148e-02-2.879772019e-02-2.062443806e-02-1.188051004e-02
-2.668085804e-03 6.907878450e-03 1.674062512e-02 2.672147131e-02 3.677231229e-02
 4.689383974e-02 5.706954543e-02 6.725035734e-02 7.732842311e-02 8.709890784e-02
 9.622928450e-02 1.042925698e-01 1.108792937e-01 1.157080873e-01 1.187135252e-01
 1.200877473e-01 1.202226070e-01 1.195582177e-01 1.184421635e-01 1.170948740e-01
 1.156416243e-01 1.141499752e-01 1.126550124e-01 1.111742750e-01 1.097254236e-01
 3.237731157e-03 7.332844025e-03 1.307525205e-02 2.046064150e-02 2.893998994e-02
 3.290444491e-02 3.071543399e-02 2.779802265e-02 2.449176237e-02 2.078784181e-02
 1.668983677e-02 1.220924925e-02 7.364367804e-03 2.181317818e-03-3.304933893e-03
-9.049689093e-03-1.499782532e-02-2.108338956e-02-2.722956925e-02-3.334912536e-02
-3.934535780e-02-4.511364786e-02-5.054358826e-02-5.552166762e-02-5.993442834e-02
-6.367196806e-02-6.663161174e-02-6.872154969e-02-6.986422205e-02-6.999923595e-02
-6.908562954e-02-6.710334423e-02-6.405382969e-02-5.995977735e-02-5.486404915e-02
-4.882793276e-02-4.192890401e-02-3.425811026e-02-2.591780266e-02-1.701894449e-02
-7.679209767e-03 1.978430474e-03 1.182635704e-02 2.173203289e-02 3.155671574e-02
 4.124351956e-02 5.074562674e-02 5.999075718e-02 6.887570810e-02 7.726443434e-02
 8.499449439e-02 9.189561981e-02 9.781857497e-02 1.026660878e-01 1.064154255e-01
 1.091239156e-01 1.109140199e-01 1.119435704e-01 1.123741306e-01 1.123491350e-01
 1.119849488e-01 1.113710690e-01 1.105744166e-01 1.096444896e-01 1.086224282e-01
 3.224154019e-03 7.301805747e-03 1.301928277e-02 2.037177823e-02 2.878898924e-02
 3.266222983e-02 3.048168415e-02 2.748578945e-02 2.409570981e-02 2.029441574e-02
 1.608678545e-02 1.148385993e-02 6.503645772e-03 1.172213254e-03-4.475243090e-03
-1.039345731e-02-1.652634527e-02-2.280655248e-02-2.915539276e-02-3.548326825e-02
-4.169064642e-02-4.766964355e-02-5.330622806e-02-5.848301151e-02-6.308254404e-02
-6.699097922e-02-7.010192724e-02-7.232028113e-02-7.356578467e-02-7.377611622e-02
-7.290929245e-02-7.094524597e-02-6.788649857e-02-6.375792712e-02-5.860569590e-02
-5.249549624e-02-4.551028674e-02-3.774775940e-02-2.931776739e-02-2.033993931e-02
-1.094167675e-02-1.256687706e-03 8.575847750e-03 1.841145137e-02 2.809991189e-02
 3.753751016e-02 4.667789277e-02 5.545865556e-02 6.380250197e-02 7.162073698e-02
 7.881979773e-02 8.531075353e-02 9.102052621e-02 9.590249591e-02 9.994377986e-02
 1.031671206e-01 1.056268618e-01 1.074003432e-01 1.085773360e-01 1.092502356e-01
 1.095067518e-01 1.094255440e-01 1.090743344e-01 1.085094617e-01 1.077649191e-01
 3.219526953e-03 7.291224905e-03 1.300019441e-02 2.034142937e-02 2.873750422e-02
 3.257684664e-02 3.040823942e-02 2.737969656e-02 2.396117979e-02 2.012729972e-02
 1.588286888e-02 1.123881674e-02 6.213078759e-03 8.317185806e-04-4.869986425e-03
-1.084657561e-02-1.704163845e-02-2.338734597e-02-2.980437798e-02-3.620233837e-02
-4.248073588e-02-4.853058138e-02-5.423661618e-02-5.948013922e-02-6.414234937e-02
-6.810806598e-02-7.126964379e-02-7.353086316e-02-7.481056030e-02-7.504576752e-02
-7.419416389e-02-7.223568779e-02-6.917323189e-02-6.503241805e-02-5.986052773e-02
-5.372473183e-02-4.670981658e-02-3.891563326e-02-3.045450763e-02-2.144882989e-02
-1.202900953e-02-2.331923423e-03 7.500089861e-03 1.731973466e-02 2.697493509e-02
 3.634753329e-02 4.539320220e-02 5.405447134e-02 6.226289790e-02 6.994298026e-02
 7.701793295e-02 8.341695692e-02 8.908306322e-02 9.398006779e-02 9.809730187e-02
 1.014509891e-01 1.040820330e-01 1.060508536e-01 1.074305647e-01 1.082999579e-01
 1.087374719e-01 1.088167809e-01 1.086041157e-01 1.081573810e-01 1.075393629e-01
 3.224131395e-03 7.301751989e-03 1.301917699e-02 2.037166859e-02 2.881849375e-02
 3.274863722e-02 3.046007667e-02 2.748593942e-02 2.409730879e-02 2.029725095e-02
 1.609097507e-02 1.148956768e-02 6.511065998e-03 1.181564364e-03-4.463724123e-03
-1.037952038e-02-1.650973298e-02-2.278700659e-02-2.913266126e-02-3.545711295e-02
-4.166085071e-02-4.763601994e-02-5.326862501e-02-5.844131889e-02-6.303669646e-02
-6.694095658e-02-7.004775171e-02-7.226200990e-02-7.350349774e-02-7.370989889e-02
-7.283921178e-02-7.087132095e-02-6.780866340e-02-6.367598716e-02-5.851927544e-02
-5.240397739e-02-4.541273857e-02-3.764285684e-02-2.920370026e-02-2.021431437e-02
-1.080141964e-02-1.097959708e-03 8.757689884e-03 1.862180369e-02 2.834470095e-02
 3.782572982e-02 4.701825291e-02 5.585852990e-02 6.426645398e-02 7.214881387e-02
 7.940603231e-02 8.594248044e-02 9.167903563e-02 9.656516524e-02 1.005872813e-01
 1.037708468e-01 1.061755863e-01 1.078854522e-01 1.089965713e-01 1.096064206e-01
 1.098061573e-01 1.096764242e-01 1.092859132e-01 1.086914465e-01 1.079268778e-01
 3.237695502e-03 7.332765347e-03 1.307511349e-02 2.046030263e-02 2.890947083e-02
 3.280919602e-02 3.073234863e-02 2.779994770e-02 2.449512175e-02 2.079336224e-02
 1.669784358e-02 1.222010199e-02 7.378467740e-03 2.199103448e-03-3.282993541e-03
-9.023103030e-03-1.496609097e-02-2.104600488e-02-2.718604632e-02-3.329900520e-02
-3.928822563e-02-4.504914819e-02-5.047143863e-02-5.544166991e-02-5.984647631e-02
-6.357604969e-02-6.652780512e-02-6.861001109e-02-6.974516508e-02-6.987290087e-02
-6.895224181e-02-6.696306142e-02-6.390667598e-02-5.980556412e-02-5.470228029e-02
-4.865769192e-02-4.174872080e-02-3.406580122e-02-2.571028258e-02-1.679200369e-02
-7.427255306e-03 2.262667219e-03 1.215213298e-02 2.211089185e-02 3.200269498e-02
 4.177760953e-02 5.139050285e-02 6.076897618e-02 6.980598708e-02 7.835580383e-02
 8.623946035e-02 9.326526397e-02 9.926282824e-02 1.041204553e-01 1.078128422e-01
 1.104080176e-01 1.120487034e-01 1.129152526e-01 1.131874351e-01 1.130199154e-01
 1.125341216e-01 1.118205507e-01 1.109449608e-01 1.099548045e-01 1.088898569e-01
 3.259403792e-03 7.382393454e-03 1.316461485e-02 2.060241396e-02 2.913403009e-02
 3.315315389e-02 3.110626393e-02 2.830017239e-02 2.513018320e-02 2.158496666e-02
 1.766573155e-02 1.338471435e-02 8.760660144e-03 3.819782446e-03-1.403324405e-03
-6.864887424e-03-1.251134850e-02-1.827903107e-02-2.409416224e-02-2.987332622e-02
-3.552441060e-02-4.094808319e-02-4.603980502e-02-5.069234555e-02-5.479872215e-02
-5.825544234e-02-6.096588865e-02-6.284365788e-02-6.381565388e-02-6.382473865e-02
-6.283177166e-02-6.081690998e-02-5.778009774e-02-5.374073657e-02-4.873659154e-02
-4.282204332e-02-3.606584030e-02-2.854853306e-02-2.035978604e-02-1.159576271e-02
-2.356778816e-03 7.254571421e-03 1.713456569e-02 2.717840475e-02 3.731846422e-02
 4.756337692e-02 5.790652101e-02 6.831004950e-02 7.867527248e-02 8.879382343e-02
 9.829757211e-02 1.066880728e-01 1.134801452e-01 1.183361070e-01 1.211740151e-01
 1.222286858e-01 1.219815722e-01 1.209559006e-01 1.195374865e-01 1.179510869e-01
 1.163136536e-01 1.146822805e-01 1.130827429e-01 1.115250210e-01 1.100185202e-01
 3.287956670e-03 7.447658261e-03 1.328230171e-02 2.078916028e-02 2.941317545e-02
 3.354837178e-02 3.161046520e-02 2.895762281e-02 2.596402764e-02 2.262393584e-02
 1.893566860e-02 1.491228394e-02 1.057296157e-02 5.943868523e-03 1.058960908e-03
-4.039331916e-03-9.299606858e-03-1.466124193e-02-2.005447806e-02-2.540089319e-02
-3.061431994e-02-3.560223662e-02-4.026763227e-02-4.451131100e-02-4.823456301e-02
-5.134209127e-02-5.374505020e-02-5.536402879e-02-5.613180039e-02-5.599566692e-02
-5.491924729e-02-5.288359655e-02-4.988759003e-02-4.594756013e-02-4.109622571e-02
-3.538099936e-02-2.886179099e-02-2.160844282e-02-1.369793017e-02-5.211442716e-03
 3.768576054e-03 1.316141171e-02 2.289113911e-02 3.288991023e-02 4.320189627e-02
 5.390275257e-02 6.508912959e-02 7.688246784e-02 8.942985110e-02 1.028881192e-01
 1.172822473e-01 1.294338612e-01 1.390748311e-01 1.442801810e-01 1.446440715e-01
 1.409072908e-01 1.352444475e-01 1.304259826e-01 1.263463174e-01 1.228632248e-01
 1.198520660e-01 1.172115981e-01 1.148620530e-01 1.127412420e-01 1.107864091e-01
 3.321655052e-03 7.524671108e-03 1.342116184e-02 2.100935636e-02 2.971337321e-02
 3.392241554e-02 3.222378937e-02 2.973326947e-02 2.694683900e-02 2.384816990e-02
 2.043217067e-02 1.671246142e-02 1.270848665e-02 8.446173032e-03 3.958565547e-03
-7.136322891e-04-5.521681470e-03-1.040865998e-02-1.530960728e-02-2.015201574e-02
-2.485671010e-02-2.933913693e-02-3.351105975e-02-3.728262603e-02-4.056473919e-02
-4.327163770e-02-4.532355582e-02-4.664932197e-02-4.718874259e-02-4.689462518e-02
-4.573431268e-02-4.369063258e-02-4.076220321e-02-3.696308390e-02-3.232179737e-02
-2.687978911e-02-2.068941270e-02-1.381153962e-02-6.312884238e-03 1.736892817e-03
 1.026829023e-02 1.921533717e-02 2.851941392e-02 3.818719221e-02 4.830591338e-02
 5.899850181e-02 7.044232879e-02 8.290075198e-02 9.677666801e-02 1.126990323e-01
 1.315446451e-01 1.480166246e-01 1.588899339e-01 1.635242803e-01 1.614729925e-01
 1.536677589e-01 1.434211515e-01 1.357413785e-01 1.298377884e-01 1.251504195e-01
 1.213155938e-01 1.180944601e-01 1.153258001e-01 1.128978976e-01 1.107437705e-01
 3.358491882e-03 7.608848086e-03 1.357294953e-02 2.125034334e-02 3.010326335e-02
 3.452806380e-02 3.284703220e-02 3.057981103e-02 2.802020987e-02 2.518369200e-02
 2.206824292e-02 1.868277272e-02 1.504718806e-02 1.118713624e-02 7.134559781e-03
 2.928131843e-03-1.386470939e-03-5.756506794e-03-1.012236627e-02-1.441807097e-02
-1.857210408e-02-2.250858654e-02-2.614879096e-02-2.941296039e-02-3.222237290e-02
-3.450156720e-02-3.618062387e-02-3.719738178e-02-3.749946459e-02-3.704599739e-02
-3.580890954e-02-3.377374551e-02-3.093993757e-02-2.732052988e-02-2.294137761e-02
-1.783987460e-02-1.206328308e-02-5.666748603e-03 1.288921800e-03 8.739659551e-03
 1.662068529e-02 2.486926102e-02 3.343786162e-02 4.237296123e-02 5.173992490e-02
 6.162919476e-02 7.216578841e-02 8.352415362e-02 9.595466836e-02 1.098579762e-01
 1.266470877e-01 1.419883850e-01 1.525590009e-01 1.549036710e-01 1.529992942e-01
 1.468825926e-01 1.383531021e-01 1.321517135e-01 1.271568563e-01 1.230245702e-01
 1.195363447e-01 1.165381237e-01 1.139176422e-01 1.115914605e-01 1.094889102e-01
 3.396228916e-03 7.695100184e-03 1.372855400e-02 2.149729023e-02 3.043340101e-02
 3.493636589e-02 3.354667426e-02 3.145177300e-02 2.912501073e-02 2.655911324e-02
 2.375548999e-02 2.071765020e-02 1.746540392e-02 1.402372923e-02 1.042313608e-02
 6.699948480e-03 2.896456585e-03-9.391083163e-04-4.752817880e-03-8.485543892e-03
-1.207373125e-02-1.545045466e-02-1.854674885e-02-2.129318197e-02-2.362162103e-02
-2.546711867e-02-2.676983467e-02-2.747689554e-02-2.754409239e-02-2.693732270e-02
-2.563369555e-02-2.362224039e-02-2.090418611e-02-1.749280569e-02-1.341285064e-02
-8.699624763e-03-3.397767097e-03 2.440172599e-03 8.755272871e-03 1.548379845e-02
 2.255869231e-02 2.991081014e-02 3.753217712e-02 4.543595420e-02 5.363813735e-02
 6.215474138e-02 7.099504519e-02 8.014646341e-02 8.954100295e-02 9.898245001e-02
 1.080217111e-01 1.159240066e-01 1.219631259e-01 1.257320820e-01 1.271872004e-01
 1.266703198e-01 1.248622069e-01 1.224655549e-01 1.199214437e-01 1.174341463e-01
 1.150832647e-01 1.128911202e-01 1.108547348e-01 1.089607703e-01 1.071944924e-01
 3.432425486e-03 7.777911546e-03 1.387816876e-02 2.173523754e-02 3.078418678e-02
 3.542650090e-02 3.419152102e-02 3.229707124e-02 3.019908735e-02 2.789869244e-02
 2.540075995e-02 2.271049574e-02 1.984120897e-02 1.681719939e-02 1.366741881e-02
 1.042566588e-02 7.130660282e-03 3.825960553e-03 5.596953535e-04-2.615916098e-03
-5.645269308e-03-8.470308173e-03-1.103167533e-02-1.327005181e-02-1.512764283e-02
-1.654975228e-02-1.748637713e-02-1.789374617e-02-1.773572663e-02-1.698502733e-02
-1.562413850e-02-1.364596535e-02-1.105413365e-02-7.862968039e-03-4.097167625e-03
 2.087756689e-04 5.011350390e-03 1.025890955e-02 1.589257393e-02 2.184706154e-02
 2.805133143e-02 3.446909228e-02 4.108534381e-02 4.788255696e-02 5.483766518e-02
 6.191736639e-02 6.907097301e-02 7.622018509e-02 8.324630226e-02 8.997889124e-02
 9.619620531e-02 1.016506280e-01 1.061199868e-01 1.094635408e-01 1.116574256e-01
 1.127979643e-01 1.130714391e-01 1.127004658e-01 1.118922001e-01 1.108101867e-01
 1.095704271e-01 1.082497575e-01 1.068967212e-01 1.055409601e-01 1.042094043e-01
 3.464348143e-03 7.851181310e-03 1.401113919e-02 2.194791529e-02 3.112736325e-02
 3.595131107e-02 3.476612534e-02 3.306335791e-02 3.117937795e-02 2.912912724e-02
 2.692035796e-02 2.456128736e-02 2.206084503e-02 1.943958720e-02 1.672468146e-02
 1.394720910e-02 1.114218123e-02 8.348420943e-03 5.608287366e-03 2.967226125e-03
 4.731379237e-04-1.824433253e-03-3.875279803e-03-5.629653858e-03-7.039498784e-03
-8.059743306e-03-8.649605257e-03-8.773847983e-03-8.403932744e-03-7.519015436e-03
-6.106745224e-03-4.163836010e-03-1.696397410e-03 1.279970500e-03 4.740298069e-03
 8.650543161e-03 1.296801500e-02 1.764188249e-02 2.261359736e-02 2.781692713e-02
 3.321406738e-02 3.877741247e-02 4.447669650e-02 5.027745177e-02 5.613906984e-02
 6.201242757e-02 6.783721008e-02 7.353940513e-02 7.902997798e-02 8.420631604e-02
 8.895816805e-02 9.317879317e-02 9.677974121e-02 9.970529005e-02 1.019418257e-01
 1.035189450e-01 1.045019470e-01 1.049784133e-01 1.050434207e-01 1.047875556e-01
 1.042897191e-01 1.036144227e-01 1.028121027e-01 1.019206589e-01 1.009507243e-01
 3.488619846e-03 7.907434280e-03 1.411459313e-02 2.211587627e-02 3.134451012e-02
 3.619936694e-02 3.526414436e-02 3.369073386e-02 3.199921029e-02 3.017600058e-02
 2.823105604e-02 2.617508691e-02 2.401930093e-02 2.177575506e-02 1.946947772e-02
 1.712858689e-02 1.478425762e-02 1.247057389e-02 1.022425422e-02 8.084237158e-03
 6.091123361e-03 4.286479010e-03 2.712013307e-03 1.408651037e-03 4.155287201e-04
-2.310507159e-04-4.986652941e-04-3.597821431e-04 2.073135167e-04 1.217704060e-03
 2.679167478e-03 4.591666385e-03 6.947003055e-03 9.728634404e-03 1.291164048e-02
 1.646282484e-02 2.034080005e-02 2.449663293e-02 2.887507540e-02 3.344830495e-02
 3.818431238e-02 4.304840388e-02 4.800256751e-02 5.300492309e-02 5.800925914e-02
 6.296471174e-02 6.781572911e-02 7.250256118e-02 7.696256388e-02 8.113257415e-02
 8.495245109e-02 8.836956065e-02 9.134356157e-02 9.385051109e-02 9.588526206e-02
 9.746146418e-02 9.860910790e-02 9.937021263e-02 9.979368985e-02 9.993045125e-02
 9.982952578e-02 9.953549853e-02 9.908720457e-02 9.851764627e-02 9.786568514e-02
 3.500602958e-03 7.936360755e-03 1.417062525e-02 2.221249570e-02 3.152373974e-02
 3.651632984e-02 3.556720244e-02 3.411577225e-02 3.259030510e-02 3.096406378e-02
 2.925182169e-02 2.746599805e-02 2.561896829e-02 2.372338905e-02 2.179443643e-02
 1.985712299e-02 1.793872813e-02 1.606866925e-02 1.427824152e-02 1.260023940e-02
 1.106846565e-02 9.717138521e-03 8.580210684e-03 7.690617729e-03 7.079478297e-03
 6.775271191e-03 6.803017173e-03 7.183494128e-03 7.932511873e-03 9.060266850e-03
 1.057079193e-02 1.246151725e-02 1.472294051e-02 1.733832677e-02 2.028357028e-02
 2.352762667e-02 2.702914553e-02 3.076336044e-02 3.470309919e-02 3.881821347e-02
 4.307456989e-02 4.743360646e-02 5.185228413e-02 5.628362215e-02 6.067762752e-02
 6.498232490e-02 6.914501783e-02 7.311414522e-02 7.684167484e-02 8.028553993e-02
 8.341164689e-02 8.619523249e-02 8.862155866e-02 9.068601506e-02 9.239368240e-02
 9.375837564e-02 9.480120263e-02 9.554874514e-02 9.603105128e-02 9.627966899e-02
 9.632592746e-02 9.619960180e-02 9.592800539e-02 9.553537703e-02 9.503962951e-02
 3.493700030e-03 7.923149651e-03 1.415331443e-02 2.219820140e-02 3.151603283e-02
 3.652566234e-02 3.568505231e-02 3.427912277e-02 3.287178077e-02 3.140860871e-02
 2.989704484e-02 2.834967962e-02 2.677830139e-02 2.519471244e-02 2.361135574e-02
 2.204401948e-02 2.051599581e-02 1.905217040e-02 1.767872704e-02 1.642276620e-02
 1.531185597e-02 1.437352495e-02 1.363470754e-02 1.312115389e-02 1.285681842e-02
 1.286324176e-02 1.315894315e-02 1.375884550e-02 1.467375359e-02 1.590989086e-02
 1.746843790e-02 1.934521019e-02 2.153071121e-02 2.400900875e-02 2.675525781e-02
 2.975895938e-02 3.300383988e-02 3.647082023e-02 4.013727721e-02 4.397596636e-02
 4.795356540e-02 5.202850159e-02 5.614889470e-02 6.025628871e-02 6.429218636e-02
 6.819915336e-02 7.191768214e-02 7.539073945e-02 7.857178198e-02 8.142998506e-02
 8.395149454e-02 8.613720805e-02 8.799864619e-02 8.955371271e-02 9.082348423e-02
 9.183026814e-02 9.259662042e-02 9.314489374e-02 9.349698936e-02 9.367413968e-02
 9.369666848e-02 9.358374254e-02 9.335314844e-02 9.302103564e-02 9.259960268e-02
 3.459116511e-03 7.847202424e-03 1.402465037e-02 2.201238110e-02 3.126609854e-02
 3.621388612e-02 3.543041834e-02 3.403967827e-02 3.272827975e-02 3.139819959e-02
 3.006595584e-02 2.873751708e-02 2.741977614e-02 2.612131003e-02 2.485242900e-02
 2.362503500e-02 2.245464785e-02 2.136215228e-02 2.036920215e-02 1.949780555e-02
 1.876990718e-02 1.820696668e-02 1.782953246e-02 1.765681623e-02 1.770627485e-02
 1.799319822e-02 1.853027948e-02 1.932722430e-02 2.039048139e-02 2.172326719e-02
 2.332454232e-02 2.518757329e-02 2.730835194e-02 2.968434869e-02 3.230994119e-02
 3.517876011e-02 3.828287260e-02 4.161236474e-02 4.515447222e-02 4.889173477e-02
 5.279804077e-02 5.685161307e-02 6.104713706e-02 6.507040577e-02 6.899808653e-02
 7.281358748e-02 7.637220857e-02 7.956523781e-02 8.232070841e-02 8.461617139e-02
 8.647626324e-02 8.795568904e-02 8.911774037e-02 9.001965615e-02 9.070720693e-02
 9.121478340e-02 9.156765460e-02 9.178462462e-02 9.188029716e-02 9.186670953e-02
 9.175437411e-02 9.155286777e-02 9.127112459e-02 9.091780097e-02 9.051246493e-02
 3.388886058e-03 7.687602971e-03 1.373968460e-02 2.156922028e-02 3.068199756e-02
 3.554293661e-02 3.453492729e-02 3.316649746e-02 3.194159899e-02 3.077778169e-02
 2.964991801e-02 2.855148700e-02 2.748493758e-02 2.645770262e-02 2.548000616e-02
 2.456370889e-02 2.372171204e-02 2.296929002e-02 2.232447475e-02 2.180486923e-02
 2.142733384e-02 2.120769650e-02 2.116047928e-02 2.129865659e-02 2.163349283e-02
 2.217449639e-02 2.292893644e-02 2.390126472e-02 2.509222865e-02 2.650633318e-02
 2.814683551e-02 3.001545936e-02 3.211361873e-02 3.444281518e-02 3.700454315e-02
 3.980051744e-02 4.283282414e-02 4.610414464e-02 4.961821948e-02 5.338124484e-02
 5.740765116e-02 6.166662004e-02 6.593403524e-02 7.034207327e-02 7.482734689e-02
 7.920379578e-02 8.318105180e-02 8.644970739e-02 8.883050243e-02 9.032754148e-02
 9.112891762e-02 9.150231091e-02 9.163238518e-02 9.162603618e-02 9.154347640e-02
 9.141423764e-02 9.125004385e-02 9.105358162e-02 9.082367756e-02 9.055805888e-02
 9.025468725e-02 8.991230335e-02 8.953055197e-02 8.910961335e-02 8.863278164e-02
 3.285561108e-03 7.447977220e-03 1.329650715e-02 2.083715664e-02 2.950256547e-02
 3.367748951e-02 3.203735080e-02 3.113640009e-02 3.033019106e-02 2.948614639e-02
 2.863086285e-02 2.778568795e-02 2.696904553e-02 2.619782722e-02 2.548780159e-02
 2.485377151e-02 2.430968556e-02 2.386876613e-02 2.354446670e-02 2.335028946e-02
 2.329814298e-02 2.339825509e-02 2.365900372e-02 2.408664640e-02 2.468524719e-02
 2.545987022e-02 2.641422467e-02 2.755102153e-02 2.887249105e-02 3.038131696e-02
 3.208073169e-02 3.397468005e-02 3.606809720e-02 3.836714298e-02 4.087940331e-02
 4.361416323e-02 4.658279365e-02 4.979930883e-02 5.328107826e-02 5.704929646e-02
 6.112713152e-02 6.553425704e-02 7.031934484e-02 7.557270162e-02 8.141831100e-02
 8.829032537e-02 9.477941180e-02 9.910143044e-02 1.009196465e-01 1.001621364e-01
 9.794296496e-02 9.614682192e-02 9.472470129e-02 9.353744966e-02 9.256464080e-02
 9.175822707e-02 9.107344020e-02 9.047365216e-02 8.993027096e-02 8.942148357e-02
 8.893089689e-02 8.844635062e-02 8.795894083e-02 8.746242255e-02 8.696244742e-02
 3.166803492e-03 7.174769196e-03 1.279751475e-02 2.002878264e-02 2.829058791e-02
 3.195157784e-02 2.978644132e-02 2.895995683e-02 2.844587505e-02 2.783367976e-02
 2.718435123e-02 2.653678537e-02 2.592172339e-02 2.536403034e-02 2.488416849e-02
 2.449913247e-02 2.422309048e-02 2.406787409e-02 2.404337725e-02 2.415772470e-02
 2.441722045e-02 2.482633403e-02 2.538772361e-02 2.610234296e-02 2.696972849e-02
 2.798856827e-02 2.915705081e-02 3.047343188e-02 3.193673664e-02 3.354748242e-02
 3.530824114e-02 3.722401490e-02 3.930241906e-02 4.155365701e-02 4.399039740e-02
 4.662789024e-02 4.948432785e-02 5.258132230e-02 5.594502942e-02 5.960855007e-02
 6.361668384e-02 6.803481389e-02 7.296384434e-02 7.856384625e-02 8.509556840e-02
 9.293904837e-02 1.000484643e-01 1.046329738e-01 1.067392911e-01 1.063081718e-01
 1.031832623e-01 9.911821535e-02 9.628793499e-02 9.423335932e-02 9.267109254e-02
 9.143666810e-02 9.042681040e-02 8.957326252e-02 8.882904588e-02 8.816081980e-02
 8.754439331e-02 8.696195792e-02 8.640031561e-02 8.584974058e-02 8.530478944e-02
 3.045903023e-03 6.902955071e-03 1.231878681e-02 1.929481204e-02 2.728574448e-02
 3.068943456e-02 2.819258263e-02 2.726503041e-02 2.665138761e-02 2.602880506e-02
 2.541783140e-02 2.484817435e-02 2.434752474e-02 2.393976664e-02 2.364442139e-02
 2.347671622e-02 2.344799696e-02 2.356628223e-02 2.383680006e-02 2.426238719e-02
 2.484370331e-02 2.557928737e-02 2.646552219e-02 2.749661536e-02 2.866473691e-02
 2.996045360e-02 3.137354233e-02 3.289422634e-02 3.451470993e-02 3.623072043e-02
 3.804268656e-02 3.995621831e-02 4.198194921e-02 4.413691444e-02 4.643871006e-02
 4.890446790e-02 5.156079363e-02 5.443159534e-02 5.754260264e-02 6.092045742e-02
 6.459253608e-02 6.859838819e-02 7.298891155e-02 7.782824885e-02 8.318625238e-02
 8.932356286e-02 9.489912301e-02 9.868855908e-02 1.006942046e-01 1.008357818e-01
 9.895884230e-02 9.624289047e-02 9.418874071e-02 9.250649629e-02 9.111689210e-02
 8.994933046e-02 8.894983177e-02 8.807753379e-02 8.730126707e-02 8.659697127e-02
 8.594587298e-02 8.533322185e-02 8.474740578e-02 8.417916105e-02 8.361482517e-02
 2.915950877e-03 6.614745939e-03 1.182021648e-02 1.854540875e-02 2.623143921e-02
 2.928512705e-02 2.663816342e-02 2.543269828e-02 2.463238126e-02 2.386607210e-02
 2.316958831e-02 2.257569260e-02 2.211275936e-02 2.180323236e-02 2.166299186e-02
 2.170172051e-02 2.192397590e-02 2.233053074e-02 2.291957122e-02 2.368748017e-02
 2.462908859e-02 2.573740715e-02 2.700294189e-02 2.841279017e-02 2.994983673e-02
 3.159252516e-02 3.331578647e-02 3.509359115e-02 3.690306830e-02 3.872925770e-02
 4.056817684e-02 4.242794245e-02 4.434062538e-02 4.632071114e-02 4.839802294e-02
 5.059937644e-02 5.295791607e-02 5.549631577e-02 5.823402948e-02 6.118331009e-02
 6.434450982e-02 6.771563483e-02 7.127940829e-02 7.498966965e-02 7.874905384e-02
 8.238073904e-02 8.562778955e-02 8.822449068e-02 9.000075808e-02 9.091603592e-02
 9.106991620e-02 9.068496474e-02 9.000116201e-02 8.919136320e-02 8.835404118e-02
 8.753779170e-02 8.676324674e-02 8.603619606e-02 8.535483624e-02 8.471373672e-02
 8.410601588e-02 8.352452994e-02 8.296251191e-02 8.241415143e-02 8.188581867e-02
 2.753993528e-03 6.258428630e-03 1.120989493e-02 1.763705803e-02 2.502801107e-02
 2.781023814e-02 2.469900303e-02 2.314187653e-02 2.201911260e-02 2.098673820e-02
 2.009843772e-02 1.940025074e-02 1.892790691e-02 1.870325252e-02 1.873394829e-02
 1.901631259e-02 1.953977126e-02 2.029116379e-02 2.125777911e-02 2.242878568e-02
 2.379520352e-02 2.534867568e-02 2.707919421e-02 2.897182434e-02 3.100256834e-02
 3.313410218e-02 3.531344186e-02 3.747518914e-02 3.955367830e-02 4.150066938e-02
 4.331714053e-02 4.502222089e-02 4.666586563e-02 4.831321668e-02 5.002320645e-02
 5.184273778e-02 5.380547151e-02 5.593323957e-02 5.823790852e-02 6.072235933e-02
 6.337997067e-02 6.619233360e-02 6.912499159e-02 7.212194224e-02 7.510047318e-02
 7.794937109e-02 8.053552936e-02 8.272347457e-02 8.440632449e-02 8.553707555e-02
 8.614326922e-02 8.631406882e-02 8.616656842e-02 8.581213648e-02 8.533802670e-02
 8.480419825e-02 8.424795255e-02 8.369037033e-02 8.314186542e-02 8.260624077e-02
 8.208342733e-02 8.157125761e-02 8.106657921e-02 8.056568839e-02 8.005095876e-02
 2.519395263e-03 5.746270965e-03 1.034529845e-02 1.638047592e-02 2.334999930e-02
 2.568641267e-02 2.216858297e-02 2.005891251e-02 1.836054070e-02 1.689379805e-02
 1.567335239e-02 1.479056113e-02 1.430504117e-02 1.423346071e-02 1.455264944e-02
 1.521685772e-02 1.617656900e-02 1.739073052e-02 1.883136131e-02 2.048329193e-02
 2.234179106e-02 2.440948163e-02 2.669266800e-02 2.919609731e-02 3.191390379e-02
 3.481302856e-02 3.780626950e-02 4.072501439e-02 4.333390595e-02 4.544927193e-02
 4.702938174e-02 4.820293970e-02 4.919281582e-02 5.018614020e-02 5.129616261e-02
 5.257836474e-02 5.405474957e-02 5.573032491e-02 5.760249674e-02 5.966651055e-02
 6.191694227e-02 6.434293094e-02 6.692235762e-02 6.962016845e-02 7.238945030e-02
 7.516471584e-02 7.783476676e-02 8.020398381e-02 8.201889517e-02 8.311828762e-02
 8.355241265e-02 8.353640196e-02 8.328485435e-02 8.292497544e-02 8.251795061e-02
 8.209239325e-02 8.166188772e-02 8.123255300e-02 8.080641185e-02 8.038310826e-02
 7.996091952e-02 7.953741093e-02 7.910988700e-02 7.867584538e-02 7.824017579e-02
 2.142881519e-03 4.913808693e-03 8.926110805e-03 1.432996370e-02 2.076738450e-02
 2.288764284e-02 1.952848386e-02 1.615924456e-02 1.333174308e-02 1.088757552e-02
 8.958298364e-03 7.734649966e-03 7.352745298e-03 7.764008051e-03 8.778670289e-03
 1.019341202e-02 1.186810289e-02 1.372921307e-02 1.574896022e-02 1.792761518e-02
 2.028334554e-02 2.284782614e-02 2.566581976e-02 2.879782370e-02 3.232516081e-02
 3.635405036e-02 4.099454768e-02 4.615201742e-02 5.068444526e-02 5.311096205e-02
 5.322535023e-02 5.226260579e-02 5.159648234e-02 5.145428275e-02 5.177223179e-02
 5.246825129e-02 5.347692644e-02 5.474810610e-02 5.624048707e-02 5.791340166e-02
 5.981196654e-02 6.197407335e-02 6.440517140e-02 6.703768906e-02 6.986723586e-02
 7.299106084e-02 7.661293508e-02 8.128236179e-02 8.417542479e-02 8.482127051e-02
 8.302851118e-02 8.162780010e-02 8.076460544e-02 8.017069558e-02 7.972059862e-02
 7.934952015e-02 7.902145954e-02 7.871499895e-02 7.841652714e-02 7.811686599e-02
 7.780953376e-02 7.748973175e-02 7.715364083e-02 7.679825100e-02 7.642601874e-02
 1.568423459e-03 3.579725027e-03 6.472188551e-03 1.039785345e-02 1.531076041e-02
 1.673059601e-02 1.330636136e-02 9.683029448e-03 5.860416156e-03 1.625747131e-03
-2.426108233e-03-4.595356270e-03-4.050802099e-03-1.397652676e-03 1.637744123e-03
 4.518305755e-03 7.233878324e-03 9.848177554e-03 1.243037097e-02 1.504463940e-02
 1.775185661e-02 2.061447565e-02 2.370341870e-02 2.710858437e-02 3.095772767e-02
 3.545623841e-02 4.098587568e-02 4.843019084e-02 5.568390925e-02 5.838118849e-02
 5.629716906e-02 5.268810981e-02 5.104462642e-02 5.042365311e-02 5.044577352e-02
 5.091933669e-02 5.173454017e-02 5.282196010e-02 5.413482176e-02 5.564559491e-02
 5.736652137e-02 5.930946979e-02 6.146767722e-02 6.382359945e-02 6.637092685e-02
 6.914664988e-02 7.218648621e-02 7.528789221e-02 7.764998435e-02 7.863368261e-02
 7.825406545e-02 7.758130043e-02 7.709131072e-02 7.676659765e-02 7.654738320e-02
 7.638938843e-02 7.626151781e-02 7.614086787e-02 7.601459850e-02 7.586880614e-02
 7.569876888e-02 7.550058089e-02 7.527218200e-02 7.500469048e-02 7.468606079e-02
 9.184233023e-04 2.025620744e-03 3.449641868e-03 4.974664704e-03 6.150273594e-03
 6.356012527e-03 5.244782139e-03 2.868989538e-03-8.046472355e-04-6.324915459e-03
-1.347692052e-02-1.666062529e-02-1.500865520e-02-8.222422942e-03-3.268166951e-03
 5.809596693e-04 3.846302062e-03 6.796639380e-03 9.588447617e-03 1.232411941e-02
 1.507845205e-02 1.791207499e-02 2.087834527e-02 2.402561610e-02 2.739353292e-02
 3.099639391e-02 3.477570765e-02 3.850259462e-02 4.171899031e-02 4.398079224e-02
 4.520416589e-02 4.574529953e-02 4.606784365e-02 4.646487764e-02 4.703956075e-02
 4.781666259e-02 4.879175066e-02 4.994647164e-02 5.126968221e-02 5.274668423e-02
 5.436935554e-02 5.612881210e-02 5.801069570e-02 5.999811721e-02 6.206188537e-02
 6.415830171e-02 6.621101490e-02 6.810089166e-02 6.969086943e-02 7.088738500e-02
 7.170086209e-02 7.223194137e-02 7.259821541e-02 7.288071567e-02 7.311873656e-02
 7.332636756e-02 7.350400133e-02 7.364605692e-02 7.374481219e-02 7.379195474e-02
 7.378051123e-02 7.370715691e-02 7.358328070e-02 7.339973773e-02 7.316338244e-02
 4.403487317e-04 9.336589171e-04 1.498904812e-03 1.998174180e-03 2.256906805e-03
 2.095663010e-03 1.374985544e-03 2.562902826e-05-1.915579527e-03-4.307453473e-03
-6.547626650e-03-7.671938477e-03-7.092809036e-03-5.104353666e-03-2.547518221e-03
 8.636505045e-05 2.664755025e-03 5.180063426e-03 7.658928905e-03 1.013088153e-02
 1.262183956e-02 1.515615054e-02 1.775405085e-02 2.042646625e-02 2.316829911e-02
 2.594986213e-02 2.870855743e-02 3.134830201e-02 3.375808738e-02 3.585148062e-02
 3.760559056e-02 3.906984061e-02 4.033825245e-02 4.150955428e-02 4.266182075e-02
 4.384675850e-02 4.509446978e-02 4.642032907e-02 4.783044916e-02 4.932507234e-02
 5.090018156e-02 5.254779939e-02 5.425545343e-02 5.600515004e-02 5.777207434e-02
 5.952346430e-02 6.121888133e-02 6.281387821e-02 6.426820346e-02 6.555625250e-02
 6.667394820e-02 6.763714311e-02 6.847252319e-02 6.920700809e-02 6.986077899e-02
 7.044486239e-02 7.096163960e-02 7.140663682e-02 7.177080409e-02 7.204307028e-02
 7.221303087e-02 7.227271753e-02 7.224533405e-02 7.211726002e-02 7.188008604e-02
 1.855202594e-04 3.819663129e-04 5.877781039e-04 7.390486111e-04 7.662060833e-04
 6.072532846e-04 2.242767308e-04-3.735879346e-04-1.115128242e-03-1.882799083e-03
-2.489079580e-03-2.731657382e-03-2.473209434e-03-1.736028477e-03-6.215582922e-04
 9.188841541e-04 2.596893561e-03 4.432101007e-03 6.393432653e-03 8.442732507e-03
 1.051368183e-02 1.261983208e-02 1.477020066e-02 1.696681825e-02 1.920272320e-02
 2.145963110e-02 2.370742187e-02 2.590724218e-02 2.801880774e-02 3.001015282e-02
 3.186592413e-02 3.359040110e-02 3.520422402e-02 3.673719890e-02 3.822086444e-02
 3.968331277e-02 4.114675256e-02 4.262705711e-02 4.413429658e-02 4.567352520e-02
 4.724544360e-02 4.884681546e-02 5.047067387e-02 5.210644357e-02 5.374017060e-02
 5.535511014e-02 5.693293814e-02 5.845572042e-02 5.990841894e-02 6.128124651e-02
 6.257093575e-02 6.378027071e-02 6.491594341e-02 6.598544183e-02 6.699382564e-02
 6.794095889e-02 6.881945252e-02 6.961355692e-02 7.029956873e-02 7.084865518e-02
 7.123266595e-02 7.143152747e-02 7.146608388e-02 7.133394653e-02 7.105849201e-02
 7.309712119e-05 1.473730058e-04 2.198833570e-04 2.642515386e-04 2.547499296e-04
 1.723607572e-04 1.111223991e-05-2.125222124e-04-4.419171404e-04-6.455222170e-04
-7.552850917e-04-7.010860920e-04-4.306234730e-04 5.530385945e-05 7.637905785e-04
 1.758629153e-03 2.910243797e-03 4.205443109e-03 5.620857888e-03 7.127422113e-03
 8.694392447e-03 1.031451743e-02 1.199134772e-02 1.373254570e-02 1.554436896e-02
 1.742560126e-02 1.936316073e-02 2.133235985e-02 2.330222568e-02 2.524306405e-02
 2.713266232e-02 2.895919533e-02 3.072093084e-02 3.242390055e-02 3.407883822e-02
 3.569833687e-02 3.729470128e-02 3.887858147e-02 4.045825064e-02 4.203932243e-02
 4.362472815e-02 4.521483777e-02 4.680767433e-02 4.839922327e-02 4.998387084e-02
 5.155501298e-02 5.310585203e-02 5.463033946e-02 5.612413886e-02 5.758540986e-02
 5.901519181e-02 6.041721705e-02 6.179707443e-02 6.316070130e-02 6.451213502e-02
 6.585028684e-02 6.716429497e-02 6.842706799e-02 6.958777591e-02 7.056790582e-02
 7.127210137e-02 7.162436661e-02 7.161177728e-02 7.130563167e-02 7.079696825e-02
 3.027071870e-05 6.101005298e-05 9.149446118e-05 1.120394162e-04 1.143166688e-04
 9.390918832e-05 5.263386668e-05 5.010970841e-06-1.389586113e-05 1.660949492e-06
 7.841238036e-05 2.577202454e-04 5.585030224e-04 9.853585808e-04 1.545052091e-03
 2.233666919e-03 3.036849993e-03 3.934855882e-03 4.906692839e-03 5.932439898e-03
 6.996981072e-03 8.095993250e-03 9.243668625e-03 1.047918241e-02 1.186046175e-02
 1.343461479e-02 1.520271401e-02 1.711454130e-02 1.909781703e-02 2.109015511e-02
 2.305137573e-02 2.496109174e-02 2.681242530e-02 2.860668385e-02 3.034969839e-02
 3.204941526e-02 3.371432128e-02 3.535243472e-02 3.697069662e-02 3.857465065e-02
 4.016833143e-02 4.175430595e-02 4.333383456e-02 4.490713481e-02 4.647374171e-02
 4.803295917e-02 4.958438982e-02 5.112851643e-02 5.266729262e-02 5.420469225e-02
 5.574717035e-02 5.730400343e-02 5.888748893e-02 6.051296286e-02 6.219848087e-02
 6.396367039e-02 6.582636735e-02 6.779329619e-02 6.983478644e-02 7.181814915e-02
 7.337434221e-02 7.395337910e-02 7.346190966e-02 7.237780148e-02 7.109438534e-02
 1.673291929e-05 3.512168566e-05 5.653467340e-05 7.798955713e-05 9.752068409e-05
 1.152226552e-04 1.342934011e-04 1.673038144e-04 2.356004626e-04 3.384620265e-04
 4.900885163e-04 7.136363598e-04 1.009758022e-03 1.380800187e-03 1.827683652e-03
 2.345679584e-03 2.923927886e-03 3.545638411e-03 4.188422205e-03 4.824545820e-03
 5.422438628e-03 5.947123082e-03 6.364253906e-03 6.715030433e-03 7.315820548e-03
 8.598369838e-03 1.060281655e-02 1.293909280e-02 1.526650065e-02 1.748310153e-02
 1.958170219e-02 2.157639790e-02 2.348326159e-02 2.531663508e-02 2.708887836e-02
 2.881066598e-02 3.049123630e-02 3.213853606e-02 3.375930623e-02 3.535915678e-02
 3.694266221e-02 3.851349506e-02 4.007460693e-02 4.162846163e-02 4.317732339e-02
 4.472360083e-02 4.627024598e-02 4.782120746e-02 4.938194102e-02 5.095999224e-02
 5.256568990e-02 5.421303184e-02 5.592091775e-02 5.771501218e-02 5.963076002e-02
 6.171855882e-02 6.405314525e-02 6.675174741e-02 7.001237611e-02 7.421589231e-02
 8.007476536e-02 8.165400497e-02 7.732975590e-02 7.364640079e-02 7.100985023e-02
 1.403264266e-05 3.085820599e-05 5.315751963e-05 8.024093450e-05 1.120479532e-04
 1.496141432e-04 1.952353429e-04 2.534764230e-04 3.618920541e-04 4.932304718e-04
 6.704196427e-04 9.066588786e-04 1.186565130e-03 1.513075740e-03 1.886855225e-03
 2.303326774e-03 2.750862027e-03 3.211884430e-03 3.662759383e-03 4.070818418e-03
 4.391056106e-03 4.555913825e-03 4.408808766e-03 3.598286826e-03 2.680132785e-03
 3.592512399e-03 6.340655793e-03 9.851302900e-03 1.254125245e-02 1.486106845e-02
 1.696951416e-02 1.893858855e-02 2.080733966e-02 2.259973527e-02 2.433196187e-02
 2.601580344e-02 2.766033489e-02 2.927282267e-02 3.085923694e-02 3.242457321e-02
 3.397308320e-02 3.550846636e-02 3.703405154e-02 3.855298778e-02 4.006845782e-02
 4.158392313e-02 4.310340735e-02 4.463182517e-02 4.617536844e-02 4.774197137e-02
 4.934189405e-02 5.098849418e-02 5.269930578e-02 5.449762777e-02 5.641496953e-02
 5.849495556e-02 6.079973651e-02 6.342068935e-02 6.649629291e-02 7.023736015e-02
 7.578812142e-02 7.713813072e-02 7.348780313e-02 7.032386378e-02 6.795497253e-02
 1.491360793e-05 3.340444150e-05 5.883578655e-05 9.088617397e-05 1.294099635e-04
 1.746338018e-04 2.276870410e-04 2.976305427e-04 4.065092685e-04 5.538467512e-04
 7.459483973e-04 9.770100196e-04 1.232046312e-03 1.509199416e-03 1.832674560e-03
 2.224644158e-03 2.630389874e-03 3.038856118e-03 3.440502174e-03 3.822247777e-03
 4.170963940e-03 4.483568069e-03 4.764691554e-03 5.087212392e-03 5.633849224e-03
 6.605251774e-03 8.045473143e-03 9.802088147e-03 1.166586395e-02 1.351958623e-02
 1.532546904e-02 1.707765518e-02 1.878002832e-02 2.043871490e-02 2.205981832e-02
 2.364882413e-02 2.521050493e-02 2.674896600e-02 2.826774883e-02 2.976998003e-02
 3.125852800e-02 3.273612312e-02 3.420544341e-02 3.566919568e-02 3.713021333e-02
 3.859157684e-02 4.005675568e-02 4.152976768e-02 4.301535103e-02 4.451914206e-02
 4.604784647e-02 4.760937830e-02 4.921290925e-02 5.086869924e-02 5.258741709e-02
 5.437829136e-02 5.624460873e-02 5.817330298e-02 6.011205207e-02 6.192513095e-02
 6.334627693e-02 6.405690016e-02 6.396762894e-02 6.331845522e-02 6.241793044e-02
 1.715106609e-05 3.858881606e-05 6.821097409e-05 1.054809633e-04 1.495362923e-04
 1.988905956e-04 2.508515003e-04 3.063416589e-04 3.964325817e-04 5.844094078e-04
 7.971027359e-04 1.023633820e-03 1.264209690e-03 1.509650997e-03 1.845224083e-03
 2.215129353e-03 2.602250040e-03 3.003670246e-03 3.418387381e-03 3.847320396e-03
 4.296031776e-03 4.777782269e-03 5.314523421e-03 5.941149143e-03 6.700650316e-03
 7.627427177e-03 8.729750495e-03 9.985084133e-03 1.135193478e-02 1.278758476e-02
 1.425878178e-02 1.574369106e-02 1.722945873e-02 1.870910752e-02 2.017934731e-02
 2.163895231e-02 2.308787235e-02 2.452642430e-02 2.595465773e-02 2.737275125e-02
 2.878153683e-02 3.018241178e-02 3.157699477e-02 3.296700967e-02 3.435432471e-02
 3.574087020e-02 3.712876990e-02 3.852026949e-02 3.991775450e-02 4.132371489e-02
 4.274051156e-02 4.417019956e-02 4.561390726e-02 4.707100834e-02 4.853766237e-02
 5.000454614e-02 5.145356324e-02 5.285338790e-02 5.415534726e-02 5.529307843e-02
 5.619221213e-02 5.679336934e-02 5.707727326e-02 5.707079912e-02 5.683670042e-02
 2.025350873e-05 4.576336916e-05 8.130121095e-05 1.265376715e-04 1.809183889e-04
 2.434877946e-04 3.124526381e-04 3.820796625e-04 4.896802003e-04 6.479895180e-04
 8.614425541e-04 1.065236400e-03 1.329448736e-03 1.602907075e-03 1.901720940e-03
 2.256378804e-03 2.596372423e-03 3.023400612e-03 3.442119757e-03 3.900215577e-03
 4.411072604e-03 4.921412218e-03 5.561969899e-03 6.220688286e-03 6.991221055e-03
 7.855860885e-03 8.776821985e-03 9.858090957e-03 1.095204514e-02 1.215955453e-02
 1.339436011e-02 1.463742155e-02 1.596159178e-02 1.722762168e-02 1.857828897e-02
 1.989195550e-02 2.120396525e-02 2.256186087e-02 2.385687188e-02 2.521452672e-02
 2.651620271e-02 2.782687156e-02 2.914811324e-02 3.041437145e-02 3.175281561e-02
 3.302726929e-02 3.433503574e-02 3.563753652e-02 3.690067235e-02 3.823059107e-02
 3.949028851e-02 4.080240086e-02 4.208394412e-02 4.333337922e-02 4.461703792e-02
 4.580478093e-02 4.700577946e-02 4.811265844e-02 4.910343044e-02 5.003113460e-02
 5.074596592e-02 5.135427031e-02 5.176918699e-02 5.199350049e-02 5.213545861e-02
 0.837990427E+00 0.845420388E+00 0.853632416E+00 0.862632731E+00 0.871917658E+00
 0.881663482E+00 0.891875876E+00 0.902498086E+00 0.913532506E+00 0.925049951E+00
 0.937066597E+00 0.949599594E+00 0.962671447E+00 0.976307324E+00 0.990536217E+00
 0.100539275E+01 0.102091336E+01 0.103713641E+01 0.105410294E+01 0.107185092E+01
 0.109042056E+01 0.110986147E+01 0.113022927E+01 0.115158175E+01 0.117398592E+01
 0.119751430E+01 0.122222903E+01 0.124820184E+01 0.127552019E+01 0.130428530E+01
 0.133460959E+01 0.136661108E+01 0.140040518E+01 0.143612176E+01 0.147391637E+01
 0.151395785E+01 0.155644102E+01 0.160159097E+01 0.164964533E+01 0.170084805E+01
 0.175549258E+01 0.181392527E+01 0.187654817E+01 0.194381349E+01 0.201621866E+01
 0.209433366E+01 0.217884493E+01 0.227055104E+01 0.237041125E+01 0.247956469E+01
 0.259932264E+01 0.273128632E+01 0.287745946E+01 0.304036238E+01 0.322311155E+01
 0.342967785E+01 0.366537737E+01 0.393739369E+01 0.425564354E+01 0.463474720E+01
 0.509836439E+01 0.568793041E+01 0.648815376E+01 0.774008946E+01 0.159481016E+02
  361   98
 0.593563242E+00 0.110256201E+01 0.587918428E+00 0.108937980E+01 0.582249683E+00
 0.107620786E+01 0.576563570E+00 0.106304341E+01 0.570867578E+00 0.104988323E+01
 0.565169662E+00 0.103672388E+01 0.559478048E+00 0.102356181E+01 0.553798079E+00
 0.101039470E+01 0.548131913E+00 0.997221656E+00 0.542480686E+00 0.984042191E+00
 0.536845508E+00 0.970855857E+00 0.531227863E+00 0.957662044E+00 0.525629913E+00
 0.944459863E+00 0.520053796E+00 0.931248446E+00 0.514499910E+00 0.918027667E+00
 0.508967717E+00 0.904797797E+00 0.503456998E+00 0.891558968E+00 0.497968771E+00
 0.878310798E+00 0.492506143E+00 0.865052054E+00 0.487071016E+00 0.851782013E+00
 0.481664192E+00 0.838500414E+00 0.476286791E+00 0.825206876E+00 0.470941435E+00
 0.811900421E+00 0.465632698E+00 0.798579316E+00 0.460364330E+00 0.785242193E+00
 0.455138868E+00 0.771888203E+00 0.449958531E+00 0.758516643E+00 0.444827003E+00
 0.745126277E+00 0.439749737E+00 0.731715245E+00 0.434731450E+00 0.718282033E+00
 0.429775284E+00 0.704825779E+00 0.424883228E+00 0.691346086E+00 0.420057240E+00
 0.677842599E+00 0.415301693E+00 0.664314146E+00 0.410621790E+00 0.650759342E+00
 0.406021677E+00 0.637177253E+00 0.401504174E+00 0.623567466E+00 0.397071041E+00
 0.609929964E+00 0.392724140E+00 0.596264732E+00 0.388466136E+00 0.582571542E+00
 0.384300395E+00 0.568850003E+00 0.380230016E+00 0.555099876E+00 0.376257507E+00
 0.541321156E+00 0.372384576E+00 0.527514116E+00 0.368612129E+00 0.513679285E+00
 0.364940581E+00 0.499817334E+00 0.361370203E+00 0.485928982E+00 0.357901447E+00
 0.472014901E+00 0.354535652E+00 0.458075557E+00 0.351274255E+00 0.444111418E+00
 0.348118033E+00 0.430123132E+00 0.345067199E+00 0.416111484E+00 0.342121683E+00
 0.402077318E+00 0.339281299E+00 0.388021497E+00 0.336545941E+00 0.373944860E+00
 0.333915453E+00 0.359848250E+00 0.331389311E+00 0.345732567E+00 0.328966784E+00
 0.331598732E+00 0.326647653E+00 0.317447564E+00 0.324432273E+00 0.303279784E+00
 0.322321551E+00 0.289096034E+00 0.320316876E+00 0.274896909E+00 0.318419559E+00
 0.260683041E+00 0.316629516E+00 0.246455265E+00 0.314946150E+00 0.232214473E+00
 0.313368743E+00 0.217961555E+00 0.311896540E+00 0.203697385E+00 0.310528466E+00
 0.189422852E+00 0.309262789E+00 0.175138874E+00 0.308098089E+00 0.160846308E+00
 0.307033519E+00 0.146545935E+00 0.306068859E+00 0.132238475E+00 0.305204404E+00
 0.117924612E+00 0.304440402E+00 0.103605035E+00 0.303776760E+00 0.892804565E-01
 0.303213074E+00 0.749515960E-01 0.302748735E+00 0.606191718E-01 0.302382669E+00
 0.462839004E-01 0.302114017E+00 0.319464723E-01 0.301942709E+00 0.176075509E-01
 0.301869285E+00 0.326779458E-02 0.301894524E+00-0.110721273E-01 0.302018298E+00
-0.254115374E-01 0.302240092E+00-0.397497666E-01 0.302559614E+00-0.540861510E-01
 0.302976897E+00-0.684200229E-01 0.303492234E+00-0.827507044E-01 0.304105747E+00
-0.970775186E-01 0.304817907E+00-0.111399768E+00 0.305629741E+00-0.125716712E+00
 0.306542810E+00-0.140027556E+00 0.307558546E+00-0.154331479E+00 0.308677027E+00
-0.168627735E+00 0.309897870E+00-0.182915614E+00 0.311220508E+00-0.197194430E+00
 0.312644404E+00-0.211463505E+00 0.314169893E+00-0.225722075E+00 0.315798679E+00
-0.239969214E+00 0.317532935E+00-0.254203898E+00 0.319374876E+00-0.268425048E+00
 0.321326260E+00-0.282631593E+00 0.323386797E+00-0.296822718E+00 0.325554623E+00
-0.310997851E+00 0.327827916E+00-0.325156455E+00 0.330205194E+00-0.339297970E+00
 0.332685532E+00-0.353421774E+00 0.335269116E+00-0.367527057E+00 0.337957191E+00
-0.381612799E+00 0.340751151E+00-0.395677921E+00 0.343652224E+00-0.409721340E+00
 0.346661242E+00-0.423742027E+00 0.349777818E+00-0.437739198E+00 0.353000856E+00
-0.451712240E+00 0.356329142E+00-0.465660587E+00 0.359761539E+00-0.479583681E+00
 0.363297282E+00-0.493480890E+00 0.366936628E+00-0.507351328E+00 0.370679672E+00
-0.521194143E+00 0.374526055E+00-0.535008600E+00 0.378474948E+00-0.548794105E+00
 0.382524965E+00-0.562550242E+00 0.386674142E+00-0.576276796E+00 0.390919997E+00
-0.589973756E+00 0.395259599E+00-0.603641305E+00 0.399690237E+00-0.617279615E+00
 0.404209967E+00-0.630888661E+00 0.408817375E+00-0.644468274E+00 0.413510413E+00
-0.658018534E+00 0.418285811E+00-0.671539989E+00 0.423139146E+00-0.685033668E+00
 0.428065760E+00-0.698500767E+00 0.433063418E+00-0.711941663E+00 0.438130857E+00
-0.725356408E+00 0.443265947E+00-0.738745403E+00 0.448465080E+00-0.752109661E+00
 0.453723326E+00-0.765450773E+00 0.459036807E+00-0.778769983E+00 0.464403973E+00
-0.792067651E+00 0.469823572E+00-0.805344036E+00 0.475293407E+00-0.818599804E+00
 0.480809996E+00-0.831836184E+00 0.486370818E+00-0.845054042E+00 0.491976231E+00
-0.858253052E+00 0.497627975E+00-0.871432289E+00 0.503327435E+00-0.884590960E+00
 0.509075002E+00-0.897728690E+00 0.514872173E+00-0.910844607E+00 0.520724807E+00
-0.923935866E+00 0.526641886E+00-0.936998119E+00 0.532634214E+00-0.950026018E+00
 0.538714394E+00-0.963013141E+00 0.544899221E+00-0.975950741E+00 0.551216523E+00
-0.988824145E+00 0.557710639E+00-0.100160920E+01 0.564450041E+00-0.101426654E+01
 0.571544460E+00-0.102672802E+01 0.579181275E+00-0.103886368E+01 0.587702884E+00
-0.105039182E+01 0.597717767E+00-0.106063605E+01 0.609906050E+00-0.106811168E+01
 0.623837663E+00-0.107130138E+01 0.638152310E+00-0.107085847E+01 0.652263497E+00
-0.106833731E+01 0.666129585E+00-0.106468825E+01 0.679804023E+00-0.106037266E+01
 0.693334455E+00-0.105562371E+01 0.706752496E+00-0.105056551E+01 0.720078579E+00
-0.104526959E+01 0.733325302E+00-0.103977810E+01 0.746500955E+00-0.103411816E+01
 0.759610933E+00-0.102830770E+01 0.772656218E+00-0.102235341E+01 0.785633741E+00
-0.101625285E+01 0.798539186E+00-0.101000127E+01 0.811368734E+00-0.100359538E+01
 0.824118502E+00-0.997032148E+00 0.836784705E+00-0.990309065E+00 0.849363864E+00
-0.983424501E+00 0.861853204E+00-0.976378304E+00 0.874252117E+00-0.969174168E+00
 0.886559996E+00-0.961815585E+00 0.898773001E+00-0.954300603E+00 0.910884078E+00
-0.946622449E+00 0.922886077E+00-0.938774897E+00 0.934773098E+00-0.930754257E+00
 0.946540468E+00-0.922559082E+00 0.958186128E+00-0.914191847E+00 0.969710403E+00
-0.905658193E+00 0.981114170E+00-0.896964148E+00 0.992397142E+00-0.888113900E+00
 0.100355592E+01-0.879107571E+00 0.101458421E+01-0.869941929E+00 0.102547512E+01
-0.860613478E+00 0.103622345E+01-0.851121094E+00 0.104682835E+01-0.841468723E+00
 0.105729278E+01-0.831664237E+00 0.106761938E+01-0.821714669E+00 0.107780343E+01
-0.811619254E+00 0.108783418E+01-0.801371516E+00 0.109770142E+01-0.790966269E+00
 0.110739936E+01-0.780403040E+00 0.111692634E+01-0.769685381E+00 0.112628221E+01
-0.758818021E+00 0.113546302E+01-0.747802390E+00 0.114445819E+01-0.736634660E+00
 0.115325549E+01-0.725310431E+00 0.116184541E+01-0.713828105E+00 0.117022371E+01
-0.702190465E+00 0.117838976E+01-0.690402924E+00 0.118634261E+01-0.678470498E+00
 0.119407347E+01-0.666393086E+00 0.120157128E+01-0.654169641E+00 0.120882994E+01
-0.641802685E+00 0.121584863E+01-0.629297973E+00 0.122262834E+01-0.616662090E+00
 0.122916886E+01-0.603900761E+00 0.123547001E+01-0.591019545E+00 0.124153475E+01
-0.578025348E+00 0.124736931E+01-0.564926164E+00 0.125298099E+01-0.551729953E+00
 0.125837783E+01-0.538444422E+00 0.126356871E+01-0.525077059E+00 0.126856513E+01
-0.511635787E+00 0.127338129E+01-0.498128861E+00 0.127803246E+01-0.484564222E+00
 0.128253303E+01-0.470948864E+00 0.128689520E+01-0.457288527E+00 0.129113208E+01
-0.443588799E+00 0.129525947E+01-0.429855680E+00 0.129929551E+01-0.416095429E+00
 0.130325904E+01-0.402314106E+00 0.130716179E+01-0.388515450E+00 0.131101081E+01
-0.374701706E+00 0.131481350E+01-0.360875134E+00 0.131857855E+01-0.347038262E+00
 0.132231557E+01-0.333193795E+00 0.132602953E+01-0.319343122E+00 0.132972268E+01
-0.305486887E+00 0.133339688E+01-0.291625613E+00 0.133705286E+01-0.277759523E+00
 0.134068859E+01-0.263888110E+00 0.134429544E+01-0.250009160E+00 0.134786124E+01
-0.236119612E+00 0.135137251E+01-0.222216181E+00 0.135481412E+01-0.208295350E+00
 0.135816924E+01-0.194353427E+00 0.136142145E+01-0.180387150E+00 0.136455258E+01
-0.166393243E+00 0.136754105E+01-0.152368193E+00 0.137036172E+01-0.138308457E+00
 0.137298770E+01-0.124211085E+00 0.137539627E+01-0.110074967E+00 0.137756547E+01
-0.959001714E-01 0.137947261E+01-0.816877720E-01 0.138109460E+01-0.674400449E-01
 0.138241091E+01-0.531608552E-01 0.138340926E+01-0.388559336E-01 0.138408007E+01
-0.245319283E-01 0.138441533E+01-0.101961550E-01 0.138440896E+01 0.414352864E-02
 0.138406032E+01 0.184789823E-01 0.138337671E+01 0.328023847E-01 0.138236786E+01
 0.471065745E-01 0.138104496E+01 0.613851625E-01 0.137942056E+01 0.756326186E-01
 0.137751341E+01 0.898450201E-01 0.137534803E+01 0.104020406E+00 0.137294862E+01
 0.118158088E+00 0.137033849E+01 0.132258410E+00 0.136753999E+01 0.146322580E+00
 0.136457844E+01 0.160353343E+00 0.136147940E+01 0.174354396E+00 0.135826474E+01
 0.188329368E+00 0.135495279E+01 0.202281609E+00 0.135155913E+01 0.216214209E+00
 0.134809935E+01 0.230130545E+00 0.134458834E+01 0.244034043E+00 0.134103931E+01
 0.257927890E+00 0.133746419E+01 0.271815047E+00 0.133387292E+01 0.285698039E+00
 0.133026798E+01 0.299577488E+00 0.132664707E+01 0.313452776E+00 0.132300676E+01
 0.327322989E+00 0.131934341E+01 0.341187131E+00 0.131565274E+01 0.355044026E+00
 0.131192530E+01 0.368891076E+00 0.130815062E+01 0.382725318E+00 0.130431958E+01
 0.396544055E+00 0.130042379E+01 0.410344677E+00 0.129645321E+01 0.424123960E+00
 0.129239027E+01 0.437876284E+00 0.128821576E+01 0.451595142E+00 0.128391253E+01
 0.465274158E+00 0.127946607E+01 0.478907281E+00 0.127486414E+01 0.492488699E+00
 0.127009314E+01 0.506011640E+00 0.126513794E+01 0.519468157E+00 0.125998376E+01
 0.532849709E+00 0.125461830E+01 0.546147935E+00 0.124903242E+01 0.559355084E+00
 0.124321872E+01 0.572463531E+00 0.123717037E+01 0.585465360E+00 0.123088121E+01
 0.598352425E+00 0.122434800E+01 0.611117493E+00 0.121757145E+01 0.623755061E+00
 0.121055386E+01 0.636260388E+00 0.120329572E+01 0.648627653E+00 0.119579740E+01
 0.660850781E+00 0.118806360E+01 0.672926305E+00 0.118010451E+01 0.684854562E+00
 0.117193183E+01 0.696637512E+00 0.116355022E+01 0.708272771E+00 0.115496129E+01
 0.719755843E+00 0.114616847E+01 0.731083556E+00 0.113717997E+01 0.742256650E+00
 0.112800813E+01 0.753279760E+00 0.111866613E+01 0.764159054E+00 0.110916122E+01
 0.774896307E+00 0.109949328E+01 0.785487007E+00 0.108966183E+01 0.795926092E+00
 0.107966993E+01 0.806211713E+00 0.106952669E+01 0.816348135E+00 0.105924383E+01
 0.826342902E+00 0.104882971E+01 0.836200829E+00 0.103828253E+01 0.845916260E+00
 0.102759779E+01 0.855480173E+00 0.101677382E+01 0.864886222E+00 0.100581382E+01
 0.874133417E+00 0.994723159E+00 0.883223500E+00 0.983508108E+00 0.892159666E+00
 0.972174255E+00 0.900944670E+00 0.960724066E+00 0.909577491E+00 0.949156728E+00
 0.918052687E+00 0.937470849E+00 0.926363664E+00 0.925667082E+00 0.934506341E+00
 0.913749217E+00 0.942481092E+00 0.901722539E+00 0.950290788E+00 0.889594265E+00
 0.957941772E+00 0.877372968E+00 0.965443290E+00 0.865065268E+00 0.972802192E+00
 0.852672842E+00 0.980017499E+00 0.840196295E+00 0.987086349E+00 0.827638434E+00
 0.994009721E+00 0.815003708E+00 0.100079181E+01 0.802297088E+00 0.100743824E+01
 0.789524222E+00 0.101395647E+01 0.776691122E+00 0.102035531E+01 0.763805253E+00
 0.102664723E+01 0.750874639E+00 0.103284669E+01 0.737905247E+00 0.103896462E+01
 0.724899821E+00 0.104500557E+01 0.711860486E+00 0.105097298E+01 0.698790716E+00
 0.105687345E+01 0.685693662E+00 0.106271310E+01 0.672573020E+00 0.106849957E+01
 0.659432189E+00 0.107424005E+01 0.646274932E+00 0.107994278E+01 0.633105461E+00
 0.108561726E+01 0.619927309E+00 0.109127154E+01 0.606745678E+00 0.109691772E+01
 0.593563242E+00 0.110256201E+01
 0.156441580E+01 0.156423520E+01 0.173298350E+01 0.167901950E+01 0.134847970E+01
 0.206041340E+01 0.108819530E+01 0.205946000E+01 0.902253030E+00 0.187565310E+01
 0.903668760E+00 0.187424170E+01 0.533866470E+00 0.150285580E+01 0.538010660E+00
 0.149874330E+01 0.332797140E+00 0.129708960E+01 0.332797140E+00 0.109400000E+01
 0.334795920E+00 0.109400000E+01 0.303115250E+00 0.847500000E+00 0.305114030E+00
 0.847500000E+00 0.269135950E+00 0.565000000E+00 0.271134730E+00 0.565000000E+00
 0.260841000E+00 0.495257700E+00 0.260841000E+00-0.507257700E+00 0.271134730E+00
-0.576999960E+00 0.269135950E+00-0.576999960E+00 0.305114030E+00-0.859500000E+00
 0.303115250E+00-0.859500000E+00 0.334795920E+00-0.110600010E+01 0.332797140E+00
-0.110600010E+01 0.332797140E+00-0.130908970E+01 0.538598100E+00-0.150990190E+01
 0.534468950E+00-0.151402960E+01 0.905629600E+00-0.188405800E+01 0.904219000E+00
-0.188547470E+01 0.108819530E+01-0.206614000E+01 0.134847970E+01-0.206518650E+01
 0.173017910E+01-0.168098580E+01 0.156441580E+01-0.156883530E+01 0.137999130E+01
-0.157688300E+01 0.137989190E+01-0.157672700E+01 0.119622210E+01-0.158474990E+01
 0.119631650E+01-0.158489800E+01 0.105537410E+01-0.159104840E+01 0.105528350E+01
-0.159090630E+01 0.947502500E+00-0.159561420E+01 0.905686400E+00-0.159556230E+01
 0.899143000E+00-0.159478470E+01 0.883387860E+00-0.159026430E+01 0.867681200E+00
-0.158087360E+01 0.851322350E+00-0.156766880E+01 0.833481900E+00-0.154624210E+01
 0.826062560E+00-0.152875240E+01 0.822677700E+00-0.151516830E+01 0.821022750E+00
-0.149624060E+01 0.820691350E+00-0.147724350E+01 0.822887360E+00-0.144582030E+01
 0.827573000E+00-0.141923050E+01 0.839194600E+00-0.138728100E+01 0.855244300E+00
-0.135284130E+01 0.877566500E+00-0.132209860E+01 0.899473500E+00-0.130017830E+01
 0.118567730E+01-0.101380000E+01 0.127900000E+01-0.842300000E+00 0.129600000E+01
-0.820200000E+00 0.143300000E+01-0.820200000E+00 0.143300000E+01-0.711000000E+00
 0.149000000E+01-0.491000000E+00 0.146000000E+01-0.491000000E+00 0.146000000E+01
-0.233000000E+00 0.166100000E+01-0.233000000E+00 0.166100000E+01 0.226000000E+00
 0.146000000E+01 0.226000000E+00 0.146000000E+01 0.481000000E+00 0.149300000E+01
 0.481000000E+00 0.147400000E+01 0.554000000E+00 0.143300000E+01 0.711000000E+00
 0.143300000E+01 0.815600000E+00 0.129600000E+01 0.815600000E+00 0.127900000E+01
 0.837699950E+00 0.118567730E+01 0.100920000E+01 0.899473500E+00 0.129557820E+01
 0.877566500E+00 0.131749860E+01 0.855244300E+00 0.134824120E+01 0.839194600E+00
 0.138268090E+01 0.827573000E+00 0.141463040E+01 0.822887360E+00 0.144122030E+01
 0.820691350E+00 0.147264350E+01 0.821022750E+00 0.149164060E+01 0.822677700E+00
 0.151056830E+01 0.826062560E+00 0.152415240E+01 0.833481900E+00 0.154164210E+01
 0.851322350E+00 0.156306870E+01 0.867681200E+00 0.157627360E+01 0.883387860E+00
 0.158566430E+01 0.899143000E+00 0.159018470E+01 0.905686400E+00 0.159096230E+01
 0.947502500E+00 0.159101410E+01 0.105528350E+01 0.158630620E+01 0.105537410E+01
 0.158644830E+01 0.119631650E+01 0.158029800E+01 0.119622210E+01 0.158014990E+01
 0.137989190E+01 0.157212700E+01 0.137999130E+01 0.157228290E+01 0.156441580E+01
 0.156423520E+01
    0
