EFIT++      MAST # 47085 # 480ms                   0  65  65
 0.194000000E+01 0.440000000E+01 0.800000000E+00 0.600000000E-01 0.000000000E+00
 0.932008085E+00-0.711425718E-03-0.735289202E-01 0.261711331E-01-0.653617149E+00
 0.757038642E+06-0.735289202E-01 0.000000000E+00 0.932008085E+00 0.000000000E+00
-0.711425718E-03 0.000000000E+00 0.261711331E-01 0.000000000E+00 0.000000000E+00
-0.626209176E+00-0.622453666E+00-0.618773531E+00-0.615168886E+00-0.611639818E+00
-0.608186391E+00-0.604808640E+00-0.601506572E+00-0.598280167E+00-0.595129375E+00
-0.592054116E+00-0.589054278E+00-0.586129720E+00-0.583280266E+00-0.580505711E+00
-0.577805814E+00-0.575180301E+00-0.572628865E+00-0.570151162E+00-0.567746817E+00
-0.565415417E+00-0.563156513E+00-0.560969625E+00-0.558854232E+00-0.556809782E+00
-0.554835685E+00-0.552931315E+00-0.551096014E+00-0.549329084E+00-0.547629798E+00
-0.545997389E+00-0.544431061E+00-0.542929980E+00-0.541493283E+00-0.540120071E+00
-0.538809416E+00-0.537560357E+00-0.536371904E+00-0.535243037E+00-0.534172705E+00
-0.533159834E+00-0.532203317E+00-0.531302026E+00-0.530454805E+00-0.529660474E+00
-0.528917831E+00-0.528225651E+00-0.527582688E+00-0.526987675E+00-0.526439328E+00
-0.525936343E+00-0.525477400E+00-0.525061163E+00-0.524686281E+00-0.524351390E+00
-0.524055111E+00-0.523796055E+00-0.523572821E+00-0.523384000E+00-0.523228171E+00
-0.523103908E+00-0.523009775E+00-0.522944331E+00-0.522906130E+00-0.522893719E+00
 0.127744982E+05 0.124699770E+05 0.121659259E+05 0.118624834E+05 0.115597879E+05
 0.112579778E+05 0.109571916E+05 0.106575675E+05 0.103592442E+05 0.100623599E+05
 0.976705313E+04 0.947346227E+04 0.918172574E+04 0.889198196E+04 0.860436935E+04
 0.831902632E+04 0.803609129E+04 0.775570269E+04 0.747799892E+04 0.720311840E+04
 0.693119956E+04 0.666238080E+04 0.639680055E+04 0.613459723E+04 0.587590924E+04
 0.562087502E+04 0.536963296E+04 0.512232150E+04 0.487907905E+04 0.464004403E+04
 0.440535485E+04 0.417514994E+04 0.394956770E+04 0.372874656E+04 0.351282493E+04
 0.330194124E+04 0.309623389E+04 0.289584131E+04 0.270090191E+04 0.251155412E+04
 0.232793634E+04 0.215018699E+04 0.197844450E+04 0.181284728E+04 0.165353374E+04
 0.150064231E+04 0.135431140E+04 0.121467943E+04 0.108188482E+04 0.956065978E+03
 0.837361329E+03 0.725909288E+03 0.621848273E+03 0.525316701E+03 0.436452989E+03
 0.355395555E+03 0.282282816E+03 0.217253189E+03 0.160445092E+03 0.111996942E+03
 0.720471554E+02 0.407341509E+02 0.181963453E+02 0.457215588E+01 0.000000000E+00
-0.152477044E+01-0.148553438E+01-0.144678757E+01-0.140853002E+01-0.137076173E+01
-0.133348269E+01-0.129669290E+01-0.126039237E+01-0.122458109E+01-0.118925907E+01
-0.115442630E+01-0.112008279E+01-0.108622853E+01-0.105286352E+01-0.101998777E+01
-0.987601279E+00-0.955704039E+00-0.924296053E+00-0.893377322E+00-0.862947846E+00
-0.833007625E+00-0.803556658E+00-0.774594946E+00-0.746122488E+00-0.718139286E+00
-0.690645338E+00-0.663640644E+00-0.637125205E+00-0.611099021E+00-0.585562092E+00
-0.560514417E+00-0.535955997E+00-0.511886831E+00-0.488306921E+00-0.465216264E+00
-0.442614863E+00-0.420502716E+00-0.398879824E+00-0.377746187E+00-0.357101804E+00
-0.336946676E+00-0.317280802E+00-0.298104183E+00-0.279416819E+00-0.261218710E+00
-0.243509855E+00-0.226290255E+00-0.209559909E+00-0.193318818E+00-0.177566982E+00
-0.162304401E+00-0.147531074E+00-0.133247002E+00-0.119452184E+00-0.106146622E+00
-0.933303134E-01-0.810032599E-01-0.691654611E-01-0.578169169E-01-0.469576274E-01
-0.365875926E-01-0.267068125E-01-0.173152870E-01-0.841301616E-02 0.000000000E+00
-0.195601213E+06-0.195343833E+06-0.194997598E+06-0.194562511E+06-0.194038569E+06
-0.193425774E+06-0.192724126E+06-0.191933624E+06-0.191054268E+06-0.190086059E+06
-0.189028996E+06-0.187883079E+06-0.186648309E+06-0.185324685E+06-0.183912208E+06
-0.182410877E+06-0.180820692E+06-0.179141654E+06-0.177373762E+06-0.175517017E+06
-0.173571418E+06-0.171536965E+06-0.169413659E+06-0.167201500E+06-0.164900486E+06
-0.162510619E+06-0.160031899E+06-0.157464325E+06-0.154807897E+06-0.152062615E+06
-0.149228481E+06-0.146305492E+06-0.143293650E+06-0.140192954E+06-0.137003405E+06
-0.133725002E+06-0.130357745E+06-0.126901635E+06-0.123356671E+06-0.119722854E+06
-0.116000183E+06-0.112188658E+06-0.108288280E+06-0.104299048E+06-0.100220963E+06
-0.960540242E+05-0.917982316E+05-0.874535855E+05-0.830200857E+05-0.784977324E+05
-0.738865254E+05-0.691864648E+05-0.643975507E+05-0.595197829E+05-0.545531616E+05
-0.494976866E+05-0.443533581E+05-0.391201759E+05-0.337981401E+05-0.283872508E+05
-0.228875078E+05-0.172989113E+05-0.116214611E+05-0.585515736E+04 0.000000000E+00
 3.659735611e-05 8.278564236e-05 1.473273331e-04 2.298708956e-04 3.298047955e-04
 4.460075133e-04 5.762594865e-04 7.152698467e-04 8.840252433e-04 1.138949271e-03
 1.418886111e-03 1.717078427e-03 2.049994427e-03 2.408407086e-03 2.796602337e-03
 3.222347582e-03 3.666458123e-03 4.151169513e-03 4.655627656e-03 5.193554002e-03
 5.772833198e-03 6.383336902e-03 7.066663958e-03 7.803429890e-03 8.630758210e-03
 9.550207131e-03 1.055013933e-02 1.165850662e-02 1.281970718e-02 1.405797147e-02
 1.533464496e-02 1.663372808e-02 1.797681823e-02 1.930668830e-02 2.067486972e-02
 2.203526489e-02 2.340192831e-02 2.479998339e-02 2.618093054e-02 2.756423124e-02
 2.892647988e-02 3.028662521e-02 3.164710024e-02 3.298964997e-02 3.435016972e-02
 3.569114676e-02 3.704213212e-02 3.839228988e-02 3.972993360e-02 4.108941528e-02
 4.242485244e-02 4.377675180e-02 4.511475432e-02 4.643377392e-02 4.775343438e-02
 4.901611657e-02 5.025342400e-02 5.141012908e-02 5.245958642e-02 5.340759825e-02
 5.417304476e-02 5.479171678e-02 5.522076186e-02 5.546254506e-02 5.557780785e-02
 3.579660711e-05 8.089080551e-05 1.438459018e-04 2.243307876e-04 3.218780588e-04
 4.357729943e-04 5.649882332e-04 7.117568613e-04 8.915300322e-04 1.152154030e-03
 1.442510878e-03 1.757402564e-03 2.096868991e-03 2.450930919e-03 2.871839308e-03
 3.321637774e-03 3.791934566e-03 4.279513626e-03 4.782089652e-03 5.298596220e-03
 5.831954134e-03 6.392777574e-03 7.001476643e-03 7.693136551e-03 8.512482154e-03
 9.496126095e-03 1.065276361e-02 1.195792925e-02 1.336793217e-02 1.483956027e-02
 1.634091019e-02 1.785224992e-02 1.936276228e-02 2.086717725e-02 2.236349082e-02
 2.385146281e-02 2.533164407e-02 2.680443427e-02 2.826936083e-02 2.972583392e-02
 3.117429692e-02 3.261608634e-02 3.405293473e-02 3.548672730e-02 3.691945159e-02
 3.835317005e-02 3.979007159e-02 4.123246309e-02 4.268276377e-02 4.414345303e-02
 4.561688899e-02 4.710504870e-02 4.860896146e-02 5.012781374e-02 5.165745466e-02
 5.318804414e-02 5.470059865e-02 5.616242081e-02 5.752276816e-02 5.871249553e-02
 5.965419209e-02 6.028615298e-02 6.058871257e-02 6.059075127e-02 6.035652917e-02
 3.568482363e-05 8.048935859e-05 1.429217645e-04 2.227980267e-04 3.202334834e-04
 4.358750160e-04 5.711323624e-04 7.308698000e-04 9.363005473e-04 1.176004760e-03
 1.461282982e-03 1.790134352e-03 2.152822064e-03 2.550025525e-03 2.986733066e-03
 3.463017970e-03 3.961583700e-03 4.470071171e-03 4.976023695e-03 5.464349727e-03
 5.918442265e-03 6.324221459e-03 6.681255437e-03 7.052999678e-03 7.634302130e-03
 8.655228870e-03 1.016607601e-02 1.198752235e-02 1.388769948e-02 1.575573889e-02
 1.756584459e-02 1.931930853e-02 2.102355588e-02 2.268643363e-02 2.431489633e-02
 2.591484213e-02 2.749119762e-02 2.904803982e-02 3.058875652e-02 3.211626850e-02
 3.363325937e-02 3.514233516e-02 3.664611104e-02 3.814727451e-02 3.964866404e-02
 4.115337695e-02 4.266490571e-02 4.418729753e-02 4.572533035e-02 4.728469728e-02
 4.887218571e-02 5.049582439e-02 5.216493894e-02 5.388998242e-02 5.568184009e-02
 5.754992754e-02 5.949755063e-02 6.151114325e-02 6.353647400e-02 6.543247532e-02
 6.692160191e-02 6.767256997e-02 6.759317537e-02 6.693193523e-02 6.600867680e-02
 3.687958633e-05 8.249422191e-05 1.449875034e-04 2.235291604e-04 3.179514395e-04
 4.292329661e-04 5.598860372e-04 7.173742295e-04 9.172491724e-04 1.155123863e-03
 1.440368996e-03 1.780415322e-03 2.172822497e-03 2.617668465e-03 3.112513141e-03
 3.650749723e-03 4.220886569e-03 4.806507174e-03 5.385558117e-03 5.927666319e-03
 6.389251768e-03 6.706970011e-03 6.734069016e-03 6.126770356e-03 5.378601075e-03
 6.373890200e-03 9.108260017e-03 1.248074856e-02 1.506731087e-02 1.731670346e-02
 1.937439326e-02 2.130614673e-02 2.314757399e-02 2.492062013e-02 2.664023785e-02
 2.831743858e-02 2.996079813e-02 3.157724517e-02 3.317250763e-02 3.475139840e-02
 3.631802788e-02 3.787598496e-02 3.942851025e-02 4.097867976e-02 4.252961344e-02
 4.408471927e-02 4.564798032e-02 4.722429215e-02 4.881986207e-02 5.044269216e-02
 5.210318646e-02 5.381495371e-02 5.559592885e-02 5.747002274e-02 5.946965961e-02
 6.163982608e-02 6.404472330e-02 6.677891813e-02 6.998637943e-02 7.389486405e-02
 7.958137496e-02 8.097875033e-02 7.731601575e-02 7.405539419e-02 7.161886726e-02
 4.217087920e-05 9.232422288e-05 1.575725074e-04 2.343440080e-04 3.201223673e-04
 4.146111238e-04 5.207947834e-04 6.490934089e-04 8.174128932e-04 1.029925266e-03
 1.299575041e-03 1.645021748e-03 2.070893970e-03 2.580052704e-03 3.170730299e-03
 3.834677583e-03 4.557781915e-03 5.321480163e-03 6.104244873e-03 6.882421902e-03
 7.630811783e-03 8.324363475e-03 8.949810159e-03 9.561979908e-03 1.039297954e-02
 1.173328244e-02 1.361319723e-02 1.576815936e-02 1.795018765e-02 2.006109318e-02
 2.208172876e-02 2.401710428e-02 2.587780051e-02 2.767495346e-02 2.941905834e-02
 3.111971415e-02 3.278555353e-02 3.442419616e-02 3.604221554e-02 3.764513764e-02
 3.923748653e-02 4.082288582e-02 4.240422020e-02 4.398385949e-02 4.556394678e-02
 4.714675009e-02 4.873507563e-02 5.033274039e-02 5.194510584e-02 5.357968709e-02
 5.524687684e-02 5.696086834e-02 5.874093757e-02 6.061337752e-02 6.261462427e-02
 6.479661116e-02 6.723646809e-02 7.005523804e-02 7.345717224e-02 7.782942268e-02
 8.382745492e-02 8.546485400e-02 8.116555291e-02 7.735585416e-02 7.464197259e-02
 5.998037180e-05 1.272815160e-04 2.072443815e-04 2.886469893e-04 3.616339362e-04
 4.206133604e-04 4.668422618e-04 5.109052454e-04 5.928815135e-04 7.189636439e-04
 9.234694955e-04 1.241936910e-03 1.697126333e-03 2.297407449e-03 3.042643188e-03
 3.918513627e-03 4.897723383e-03 5.949002102e-03 7.048111272e-03 8.182125480e-03
 9.346440512e-03 1.054446545e-02 1.179142598e-02 1.311850318e-02 1.456767868e-02
 1.617091034e-02 1.792624804e-02 1.979436036e-02 2.171872026e-02 2.364874533e-02
 2.555029758e-02 2.740529588e-02 2.920749110e-02 3.095827863e-02 3.266350924e-02
 3.433122762e-02 3.597011257e-02 3.758843798e-02 3.919342249e-02 4.079086689e-02
 4.238500372e-02 4.397850742e-02 4.557263544e-02 4.716748686e-02 4.876237308e-02
 5.035629342e-02 5.194849885e-02 5.353911156e-02 5.512975323e-02 5.672412734e-02
 5.832850624e-02 5.995209045e-02 6.160722128e-02 6.330940669e-02 6.507700367e-02
 6.693005309e-02 6.888684384e-02 7.095435119e-02 7.310212897e-02 7.519276500e-02
 7.684122152e-02 7.747353817e-02 7.699449576e-02 7.589694531e-02 7.459867618e-02
 1.110686877e-04 2.312323621e-04 3.641809212e-04 4.799213527e-04 5.487412595e-04
 5.479688546e-04 4.695274564e-04 3.304714490e-04 1.770494500e-04 6.467827028e-05
 7.132172090e-05 2.766278008e-04 7.394933996e-04 1.472841594e-03 2.458038630e-03
 3.758586329e-03 5.181067743e-03 6.676255468e-03 8.123000059e-03 9.624471319e-03
 1.119258929e-02 1.283083461e-02 1.453455072e-02 1.630349234e-02 1.813673611e-02
 2.002757811e-02 2.196018447e-02 2.391005402e-02 2.584849054e-02 2.774892416e-02
 2.959221738e-02 3.136922014e-02 3.308045597e-02 3.473386679e-02 3.634181725e-02
 3.791830351e-02 3.947685235e-02 4.102919193e-02 4.258454398e-02 4.414932356e-02
 4.572707148e-02 4.731852134e-02 4.892177434e-02 5.053260269e-02 5.214492199e-02
 5.375146716e-02 5.534467356e-02 5.691770496e-02 5.846548918e-02 5.998555218e-02
 6.147842304e-02 6.294743760e-02 6.439786537e-02 6.583534411e-02 6.726355394e-02
 6.868088291e-02 7.007561489e-02 7.141921844e-02 7.265849810e-02 7.371139575e-02
 7.447813126e-02 7.487888117e-02 7.490270238e-02 7.462528513e-02 7.413817312e-02
 2.398732285e-04 5.013823745e-04 7.912694641e-04 1.038127685e-03 1.163002343e-03
 1.093624944e-03 7.821952368e-04 2.277006906e-04-4.984356972e-04-1.262371120e-03
-1.835069120e-03-1.967318563e-03-1.487857835e-03-4.169834525e-04 1.110351785e-03
 3.047260608e-03 5.197923372e-03 7.251703460e-03 9.157128452e-03 1.105874210e-02
 1.307908778e-02 1.516656328e-02 1.731311713e-02 1.951266829e-02 2.175292328e-02
 2.401152946e-02 2.625499814e-02 2.844165510e-02 3.052913781e-02 3.248460757e-02
 3.429344809e-02 3.596222685e-02 3.751481824e-02 3.898440781e-02 4.040550055e-02
 4.180859183e-02 4.321787071e-02 4.465098561e-02 4.611970987e-02 4.763070449e-02
 4.918601101e-02 5.078323750e-02 5.241558808e-02 5.407194812e-02 5.573723162e-02
 5.739318520e-02 5.901983159e-02 6.059763455e-02 6.211015673e-02 6.354651844e-02
 6.490269554e-02 6.618098093e-02 6.738769752e-02 6.852993496e-02 6.961221735e-02
 7.063367672e-02 7.158596375e-02 7.245212377e-02 7.320702150e-02 7.382026629e-02
 7.426221867e-02 7.450921504e-02 7.459463629e-02 7.450588994e-02 7.426547960e-02
 5.243911009e-04 1.120030285e-03 1.819766092e-03 2.473028177e-03 2.885263454e-03
 2.852522452e-03 2.212931257e-03 8.738184128e-04-1.185303664e-03-3.885227386e-03
-6.546064012e-03-7.757322226e-03-6.858707916e-03-4.153307333e-03-1.013644489e-03
 2.017734796e-03 4.866184962e-03 7.552203610e-03 1.012153387e-02 1.263121461e-02
 1.513357179e-02 1.766999866e-02 2.026883633e-02 2.294440558e-02 2.569285524e-02
 2.848410581e-02 3.125264328e-02 3.389571696e-02 3.629264731e-02 3.834880879e-02
 4.004002489e-02 4.142231447e-02 4.259956441e-02 4.367845694e-02 4.474142133e-02
 4.584205462e-02 4.701158982e-02 4.826699272e-02 4.961699924e-02 5.106537024e-02
 5.261165213e-02 5.425027486e-02 5.596915763e-02 5.774856152e-02 5.956043724e-02
 6.136831663e-02 6.312825910e-02 6.479268163e-02 6.631867189e-02 6.767885346e-02
 6.886863242e-02 6.990428107e-02 7.081300914e-02 7.162176960e-02 7.235022581e-02
 7.300856005e-02 7.359820433e-02 7.411375472e-02 7.454530423e-02 7.488103221e-02
 7.510997008e-02 7.522557190e-02 7.525042542e-02 7.517282888e-02 7.498622588e-02
 1.044953704e-03 2.313476332e-03 3.965750223e-03 5.784581376e-03 7.289712680e-03
 7.724159835e-03 6.714609499e-03 4.425688760e-03 8.450282395e-04-4.557137441e-03
-1.150015366e-02-1.455029487e-02-1.264718261e-02-6.032420865e-03-1.001289274e-03
 2.920426133e-03 6.244496814e-03 9.237661402e-03 1.205581937e-02 1.480338069e-02
 1.755917059e-02 2.038854981e-02 2.334958153e-02 2.649558186e-02 2.987251091e-02
 3.350361508e-02 3.734046489e-02 4.114956227e-02 4.442355013e-02 4.665206931e-02
 4.773711802e-02 4.810212773e-02 4.825871586e-02 4.851976594e-02 4.897480901e-02
 4.964026163e-02 5.050868229e-02 5.155612586e-02 5.277955843e-02 5.417195424e-02
 5.574113749e-02 5.748757809e-02 5.939629025e-02 6.144519732e-02 6.358942357e-02
 6.577652333e-02 6.792613067e-02 6.991484138e-02 7.159943660e-02 7.287781641e-02
 7.376350499e-02 7.436614347e-02 7.480800354e-02 7.516993445e-02 7.548819935e-02
 7.577499813e-02 7.602918262e-02 7.624435647e-02 7.641259925e-02 7.652523848e-02
 7.657543680e-02 7.655976784e-02 7.649398577e-02 7.636551565e-02 7.617704198e-02
 1.733006133e-03 3.958643762e-03 7.166320394e-03 1.153369385e-02 1.701708520e-02
 1.870841785e-02 1.536953323e-02 1.188340945e-02 8.409858927e-03 4.791963908e-03
 1.555979853e-03-1.831516446e-04 1.335437829e-04 2.134760955e-03 4.719484480e-03
 7.353894005e-03 9.930352471e-03 1.246050582e-02 1.498638334e-02 1.755785137e-02
 2.022833597e-02 2.305662106e-02 2.611212507e-02 2.948478228e-02 3.330441566e-02
 3.778368661e-02 4.333052618e-02 5.095244305e-02 5.849085935e-02 6.117774737e-02
 5.872121139e-02 5.477686574e-02 5.299596439e-02 5.227333126e-02 5.219645089e-02
 5.256147743e-02 5.325019158e-02 5.418353447e-02 5.530083724e-02 5.659431128e-02
 5.821593872e-02 6.012632955e-02 6.236900716e-02 6.491683647e-02 6.762541380e-02
 7.052934859e-02 7.369729368e-02 7.698388638e-02 7.957569748e-02 8.055135334e-02
 8.018423049e-02 7.956021446e-02 7.916772824e-02 7.894518052e-02 7.882318907e-02
 7.875513026e-02 7.871011866e-02 7.866641515e-02 7.861132608e-02 7.853273041e-02
 7.842591192e-02 7.828804323e-02 7.811711812e-02 7.790471261e-02 7.764026745e-02
 2.326890535e-03 5.333078569e-03 9.678975920e-03 1.551445519e-02 2.244546820e-02
 2.483831904e-02 2.149271352e-02 1.839424432e-02 1.582340163e-02 1.366025044e-02
 1.197481236e-02 1.089757876e-02 1.053936365e-02 1.087295899e-02 1.176283123e-02
 1.305045514e-02 1.461497620e-02 1.638540488e-02 1.833005547e-02 2.044396988e-02
 2.274047080e-02 2.524695313e-02 2.800395525e-02 3.106673305e-02 3.450820595e-02
 3.841815287e-02 4.287113049e-02 4.771699315e-02 5.194936777e-02 5.429838457e-02
 5.455527676e-02 5.381203634e-02 5.323396572e-02 5.309923924e-02 5.337776120e-02
 5.400045246e-02 5.490389435e-02 5.603181310e-02 5.732260979e-02 5.879254051e-02
 6.065454040e-02 6.279392418e-02 6.522989805e-02 6.806347966e-02 7.104342105e-02
 7.423393742e-02 7.780289068e-02 8.205405317e-02 8.497889612e-02 8.576340456e-02
 8.447296259e-02 8.340496482e-02 8.274049344e-02 8.229067203e-02 8.195516065e-02
 8.168028652e-02 8.143611410e-02 8.120491783e-02 8.097547384e-02 8.074020376e-02
 8.049371716e-02 8.023195889e-02 7.995161793e-02 7.965005051e-02 7.932977823e-02
 2.713156703e-03 6.185877520e-03 1.113070363e-02 1.761202216e-02 2.513615810e-02
 2.788986878e-02 2.443149780e-02 2.242928131e-02 2.086519932e-02 1.950158837e-02
 1.837156777e-02 1.755515277e-02 1.710195820e-02 1.702759674e-02 1.731605168e-02
 1.793190158e-02 1.883465981e-02 1.998907810e-02 2.136987725e-02 2.296238148e-02
 2.476098709e-02 2.676660238e-02 2.898320187e-02 3.141265933e-02 3.404589962e-02
 3.684734811e-02 3.973116380e-02 4.253986701e-02 4.506236462e-02 4.711803149e-02
 4.866962595e-02 4.984247138e-02 5.083399389e-02 5.181635041e-02 5.289805972e-02
 5.413475824e-02 5.555038703e-02 5.715357411e-02 5.894936195e-02 6.094814278e-02
 6.316505583e-02 6.559781715e-02 6.822398880e-02 7.099641819e-02 7.384213110e-02
 7.667582147e-02 7.937951527e-02 8.177194613e-02 8.363308921e-02 8.482246569e-02
 8.538576587e-02 8.550879996e-02 8.538113016e-02 8.512471852e-02 8.480446450e-02
 8.445392118e-02 8.409058509e-02 8.372324918e-02 8.335565296e-02 8.298851184e-02
 8.262076652e-02 8.225039719e-02 8.187497426e-02 8.149211646e-02 8.110409890e-02
 2.954732372e-03 6.713784106e-03 1.202370066e-02 1.891451640e-02 2.681958157e-02
 2.990960650e-02 2.703664264e-02 2.553832717e-02 2.448011076e-02 2.349992221e-02
 2.265723990e-02 2.199395460e-02 2.154241116e-02 2.132308217e-02 2.134440321e-02
 2.160496708e-02 2.209702945e-02 2.281002647e-02 2.373317890e-02 2.485681634e-02
 2.617244354e-02 2.767169764e-02 2.934430498e-02 3.117509609e-02 3.314027315e-02
 3.520369173e-02 3.731507840e-02 3.941334408e-02 4.143760424e-02 4.334455387e-02
 4.511982809e-02 4.678935309e-02 4.840424620e-02 5.002452864e-02 5.170668897e-02
 5.349661919e-02 5.542863199e-02 5.752728574e-02 5.980943026e-02 6.228472815e-02
 6.495356870e-02 6.780244826e-02 7.079798447e-02 7.388052942e-02 7.695906084e-02
 7.991103981e-02 8.259249696e-02 8.486131106e-02 8.660905495e-02 8.779014461e-02
 8.843461175e-02 8.863512828e-02 8.851337052e-02 8.818503509e-02 8.774008809e-02
 8.723946622e-02 8.672032995e-02 8.620311883e-02 8.569749026e-02 8.520656202e-02
 8.472972062e-02 8.426440496e-02 8.380720341e-02 8.335433491e-02 8.289286948e-02
 3.121763875e-03 7.081329336e-03 1.265323432e-02 1.985100974e-02 2.810618574e-02
 3.158160946e-02 2.897795712e-02 2.785894750e-02 2.707902003e-02 2.633947861e-02
 2.566581358e-02 2.508866445e-02 2.463505959e-02 2.432670517e-02 2.417938312e-02
 2.420322623e-02 2.440359926e-02 2.478222086e-02 2.533818464e-02 2.606864117e-02
 2.696902611e-02 2.803283306e-02 2.925101889e-02 3.061122205e-02 3.209709276e-02
 3.368817300e-02 3.536084725e-02 3.709076201e-02 3.885662167e-02 4.064450319e-02
 4.245132340e-02 4.428577619e-02 4.616544081e-02 4.811769087e-02 5.017188514e-02
 5.235800737e-02 5.470198909e-02 5.722885418e-02 5.996013158e-02 6.291417353e-02
 6.610550083e-02 6.953855411e-02 7.320273578e-02 7.705880978e-02 8.101060158e-02
 8.485952930e-02 8.829783525e-02 9.102879121e-02 9.287300693e-02 9.378663241e-02
 9.387149096e-02 9.337621832e-02 9.259297525e-02 9.171901186e-02 9.085090202e-02
 9.002887360e-02 8.926589660e-02 8.856208452e-02 8.791170470e-02 8.730669276e-02
 8.673845360e-02 8.619878123e-02 8.568030511e-02 8.517685630e-02 8.469182907e-02
 3.255705066e-03 7.378472771e-03 1.316733584e-02 2.062337414e-02 2.917096735e-02
 3.295217524e-02 3.062785178e-02 2.969721023e-02 2.910925131e-02 2.849757462e-02
 2.789285320e-02 2.732549394e-02 2.682316632e-02 2.640952728e-02 2.610388322e-02
 2.592137507e-02 2.587341822e-02 2.596823037e-02 2.621132617e-02 2.660588867e-02
 2.715296612e-02 2.785152611e-02 2.869843388e-02 2.968845580e-02 3.081441577e-02
 3.206762871e-02 3.343868890e-02 3.491864675e-02 3.650046024e-02 3.818045850e-02
 3.995947776e-02 4.184340751e-02 4.384302944e-02 4.597307570e-02 4.825200712e-02
 5.070114617e-02 5.334281231e-02 5.620196031e-02 5.930636874e-02 6.268818273e-02
 6.638628932e-02 7.044849768e-02 7.493760601e-02 7.994163809e-02 8.560094304e-02
 9.227104755e-02 9.831827172e-02 1.024916838e-01 1.045905348e-01 1.044938953e-01
 1.022514205e-01 9.906829784e-02 9.678336812e-02 9.500826453e-02 9.358436282e-02
 9.241381904e-02 9.142932764e-02 9.058270565e-02 8.983849608e-02 8.917005463e-02
 8.855707670e-02 8.798400661e-02 8.743900258e-02 8.691309882e-02 8.639352246e-02
 3.379698809e-03 7.657868160e-03 1.366117256e-02 2.138435830e-02 3.021180785e-02
 3.424243745e-02 3.223468331e-02 3.148339847e-02 3.094822846e-02 3.032196871e-02
 2.965883179e-02 2.899849966e-02 2.837104305e-02 2.780039089e-02 2.730619045e-02
 2.690482750e-02 2.661005691e-02 2.643344819e-02 2.638471933e-02 2.647200205e-02
 2.670175837e-02 2.707872863e-02 2.760593417e-02 2.828477197e-02 2.911529112e-02
 3.009669333e-02 3.122767674e-02 3.250697600e-02 3.393402635e-02 3.550964812e-02
 3.723658929e-02 3.911988271e-02 4.116703252e-02 4.338807846e-02 4.579562806e-02
 4.840497277e-02 5.123447790e-02 5.430648029e-02 5.764888732e-02 6.129774787e-02
 6.530123933e-02 6.972626304e-02 7.467077421e-02 8.028544628e-02 8.680539214e-02
 9.449829884e-02 1.014031589e-01 1.058980197e-01 1.080215072e-01 1.077166712e-01
 1.048948428e-01 1.011390957e-01 9.844485834e-02 9.647360366e-02 9.497545693e-02
 9.379649702e-02 9.283750015e-02 9.203172162e-02 9.133272590e-02 9.070736587e-02
 9.013154753e-02 8.958757967e-02 8.906250116e-02 8.854728694e-02 8.804064297e-02
 3.498796851e-03 7.932340731e-03 1.416417872e-02 2.220489649e-02 3.150676383e-02
 3.624055264e-02 3.488416182e-02 3.377056660e-02 3.286698725e-02 3.197622050e-02
 3.109168986e-02 3.022524012e-02 2.939113807e-02 2.860404069e-02 2.787836985e-02
 2.722806771e-02 2.666652667e-02 2.620662385e-02 2.586073958e-02 2.564223071e-02
 2.556314298e-02 2.563392203e-02 2.586324599e-02 2.625774922e-02 2.682221216e-02
 2.756198815e-02 2.848112309e-02 2.958265476e-02 3.086906543e-02 3.234312457e-02
 3.400807121e-02 3.586772262e-02 3.792671993e-02 4.019076040e-02 4.266677942e-02
 4.536319231e-02 4.829026240e-02 5.146072027e-02 5.489088884e-02 5.860288094e-02
 6.262737012e-02 6.701201194e-02 7.177131585e-02 7.697008290e-02 8.263365176e-02
 8.881952669e-02 9.448255887e-02 9.842432874e-02 1.004802659e-01 1.004487646e-01
 9.913654875e-02 9.782194731e-02 9.660663976e-02 9.558683381e-02 9.474218831e-02
 9.403658962e-02 9.343358807e-02 9.290184685e-02 9.241610991e-02 9.195668441e-02
 9.150851947e-02 9.106024214e-02 9.060323452e-02 9.013092091e-02 8.964782135e-02
 3.598473740e-03 8.162781548e-03 1.458807732e-02 2.289836020e-02 3.253780207e-02
 3.770818307e-02 3.690873707e-02 3.557074958e-02 3.436687108e-02 3.319582183e-02
 3.205693992e-02 3.094670704e-02 2.986816952e-02 2.882867032e-02 2.783816135e-02
 2.690821905e-02 2.605150492e-02 2.528203221e-02 2.461763043e-02 2.407580913e-02
 2.367345982e-02 2.342655160e-02 2.334984731e-02 2.345665222e-02 2.375864153e-02
 2.426575058e-02 2.498570671e-02 2.592346062e-02 2.708032441e-02 2.846020330e-02
 3.006645029e-02 3.190064120e-02 3.396366793e-02 3.625632923e-02 3.877907173e-02
 4.153203043e-02 4.451490833e-02 4.772659506e-02 5.116416170e-02 5.482033467e-02
 5.869667851e-02 6.260145720e-02 6.699026890e-02 7.153467919e-02 7.601046397e-02
 8.028844698e-02 8.417266814e-02 8.742285015e-02 8.989581837e-02 9.158899569e-02
 9.263492034e-02 9.322888625e-02 9.354209334e-02 9.368839869e-02 9.373283647e-02
 9.370886179e-02 9.363175750e-02 9.350729414e-02 9.333681944e-02 9.312004342e-02
 9.285644247e-02 9.254587551e-02 9.218877242e-02 9.178581984e-02 9.131988046e-02
 3.663786031e-03 8.310459540e-03 1.484972019e-02 2.330092473e-02 3.309536854e-02
 3.840646344e-02 3.769738211e-02 3.637436355e-02 3.506628241e-02 3.374433294e-02
 3.241404954e-02 3.108350517e-02 2.976094628e-02 2.845568981e-02 2.717841668e-02
 2.594119152e-02 2.475857181e-02 2.365124095e-02 2.264070597e-02 2.174890923e-02
 2.099782362e-02 2.040903487e-02 2.000331329e-02 1.980018055e-02 1.981747795e-02
 2.007093418e-02 2.057371537e-02 2.133600910e-02 2.236471739e-02 2.366341358e-02
 2.523145152e-02 2.706255278e-02 2.915092431e-02 3.149380403e-02 3.408488203e-02
 3.691650424e-02 3.997919155e-02 4.326115051e-02 4.674777400e-02 5.042156996e-02
 5.426338735e-02 5.819459708e-02 6.210860219e-02 6.627640541e-02 7.035835960e-02
 7.422250005e-02 7.782557168e-02 8.107816184e-02 8.391942211e-02 8.632694654e-02
 8.831628353e-02 8.992961193e-02 9.122005681e-02 9.223902315e-02 9.302976206e-02
 9.362608486e-02 9.405374145e-02 9.433256700e-02 9.447843757e-02 9.450471360e-02
 9.442316757e-02 9.424451161e-02 9.397866670e-02 9.363517472e-02 9.323596136e-02
 3.694845848e-03 8.378417514e-03 1.496429147e-02 2.346558052e-02 3.333674221e-02
 3.874006199e-02 3.792427080e-02 3.656835539e-02 3.517195448e-02 3.371281935e-02
 3.220378425e-02 3.065702351e-02 2.908429643e-02 2.749753944e-02 2.590933962e-02
 2.433468288e-02 2.279662673e-02 2.131985655e-02 1.993041837e-02 1.865535500e-02
 1.752227075e-02 1.655883177e-02 1.579221286e-02 1.524850299e-02 1.495208358e-02
 1.492499476e-02 1.518630767e-02 1.575152504e-02 1.663203116e-02 1.783459958e-02
 1.936090763e-02 2.120716606e-02 2.336407879e-02 2.581600131e-02 2.853850855e-02
 3.151840685e-02 3.473941713e-02 3.818217352e-02 4.182418399e-02 4.563891856e-02
 4.959480890e-02 5.365512630e-02 5.777682474e-02 6.190545108e-02 6.598284907e-02
 6.994664962e-02 7.373271921e-02 7.728327919e-02 8.055166089e-02 8.350546598e-02
 8.612745925e-02 8.841406096e-02 9.037228668e-02 9.201634360e-02 9.336479505e-02
 9.443862125e-02 9.526004754e-02 9.585183871e-02 9.623679894e-02 9.643733408e-02
 9.647503692e-02 9.637031310e-02 9.614207826e-02 9.580741457e-02 9.537687942e-02
 3.699860302e-03 8.387546130e-03 1.497486302e-02 2.347035202e-02 3.328459863e-02
 3.856547506e-02 3.781275809e-02 3.638247868e-02 3.486017859e-02 3.323799363e-02
 3.152877441e-02 2.974474520e-02 2.789817467e-02 2.600169999e-02 2.406966754e-02
 2.212668589e-02 2.019969569e-02 1.831785323e-02 1.651228046e-02 1.481569964e-02
 1.326195339e-02 1.188541931e-02 1.072033121e-02 9.800024647e-03 9.156128161e-03
 8.817726086e-03 8.810521183e-03 9.156026786e-03 9.870816078e-03 1.096585023e-02
 1.244590296e-02 1.430909827e-02 1.654656598e-02 1.914215188e-02 2.207226114e-02
 2.530621914e-02 2.880341800e-02 3.253668706e-02 3.647972687e-02 4.060365930e-02
 4.487604070e-02 4.926037424e-02 5.371565360e-02 5.819623987e-02 6.265234133e-02
 6.703104379e-02 7.127792181e-02 7.533921549e-02 7.916425306e-02 8.270780073e-02
 8.593213250e-02 8.880868129e-02 9.131917630e-02 9.345618679e-02 9.522299505e-02
 9.663275112e-02 9.770694659e-02 9.847336561e-02 9.896377608e-02 9.921166282e-02
 9.925026271e-02 9.911106221e-02 9.882280285e-02 9.841087596e-02 9.789593936e-02
 3.686985918e-03 8.356744576e-03 1.491584523e-02 2.336999966e-02 3.315008787e-02
 3.840936562e-02 3.748052183e-02 3.593057168e-02 3.424507076e-02 3.242680298e-02
 3.048581545e-02 2.843272957e-02 2.627868012e-02 2.403554539e-02 2.172731511e-02
 1.938166093e-02 1.702936849e-02 1.470421279e-02 1.244270541e-02 1.028369795e-02
 8.267838263e-03 6.436883314e-03 4.832880436e-03 3.497237486e-03 2.469710138e-03
 1.787341531e-03 1.483394478e-03 1.586318707e-03 2.118794743e-03 3.096891977e-03
 4.529370659e-03 6.417148725e-03 8.752940701e-03 1.152106435e-02 1.469740796e-02
 1.824954368e-02 2.213685198e-02 2.631113578e-02 3.071497471e-02 3.532184591e-02
 4.010084156e-02 4.501848595e-02 5.003787983e-02 5.511790969e-02 6.021254538e-02
 6.527030990e-02 7.023406830e-02 7.504137355e-02 7.962569616e-02 8.391888523e-02
 8.785505828e-02 9.137572746e-02 9.443542066e-02 9.700660229e-02 9.908262235e-02
 1.006778391e-01 1.018248292e-01 1.025694132e-01 1.029647460e-01 1.030657605e-01
 1.029248573e-01 1.025891712e-01 1.020992841e-01 1.014892687e-01 1.007989079e-01
 3.662292328e-03 8.299613958e-03 1.481102092e-02 2.320012689e-02 3.288859466e-02
 3.802624926e-02 3.698410092e-02 3.528612398e-02 3.340863990e-02 3.136398812e-02
 2.915992483e-02 2.680465368e-02 2.430706289e-02 2.168673171e-02 1.897023856e-02
 1.618812584e-02 1.337493895e-02 1.056913379e-02 7.812824508e-03 5.151355043e-03
 2.632684774e-03 3.065881984e-04-1.776319858e-03-3.565710177e-03-5.012780959e-03
-6.071569740e-03-6.700281473e-03-6.862574341e-03-6.528744643e-03-5.676756795e-03
-4.293073628e-03-2.373255703e-03 7.768541738e-05 3.045176551e-03 6.505193577e-03
 1.042455138e-02 1.476131967e-02 1.946531156e-02 2.447846032e-02 2.973528156e-02
 3.519674029e-02 4.083675692e-02 4.662662639e-02 5.253334324e-02 5.851744227e-02
 6.453027312e-02 7.051079448e-02 7.638235266e-02 8.205056876e-02 8.740426933e-02
 9.232174075e-02 9.668345096e-02 1.003894486e-01 1.033765400e-01 1.056294663e-01
 1.071822234e-01 1.081091202e-01 1.085088125e-01 1.084868885e-01 1.081421552e-01
 1.075589245e-01 1.068046496e-01 1.059309181e-01 1.049756223e-01 1.039467674e-01
 3.630126997e-03 8.225817269e-03 1.467715902e-02 2.298612522e-02 3.255636374e-02
 3.752921091e-02 3.640241918e-02 3.451158523e-02 3.241931215e-02 3.012442417e-02
 2.763153123e-02 2.494574515e-02 2.207954253e-02 1.905652749e-02 1.590497785e-02
 1.265807094e-02 9.353988705e-03 6.035865704e-03 2.751549196e-03-4.468549498e-04
-3.503666988e-03-6.360553105e-03-8.957670069e-03-1.123500838e-02-1.313389120e-02
-1.459857131e-02-1.557785614e-02-1.602668359e-02-1.590756951e-02-1.519185258e-02
-1.386067394e-02-1.190564554e-02-9.329183271e-03-6.144504016e-03-2.375310182e-03
 1.944793014e-03 6.773081314e-03 1.205861497e-02 1.774317555e-02 2.376216301e-02
 3.004520877e-02 3.655575818e-02 4.328138157e-02 5.020770027e-02 5.731536228e-02
 6.457515770e-02 7.194025690e-02 7.933446187e-02 8.663631391e-02 9.366295695e-02
 1.001666819e-01 1.058635213e-01 1.104963714e-01 1.139029305e-01 1.160569542e-01
 1.170721653e-01 1.171669738e-01 1.165991104e-01 1.156017910e-01 1.143518066e-01
 1.129688969e-01 1.115286351e-01 1.100763376e-01 1.086380602e-01 1.072391903e-01
 3.593769709e-03 8.142641679e-03 1.452688977e-02 2.274728419e-02 3.224607010e-02
 3.716793673e-02 3.573704936e-02 3.366210839e-02 3.134111724e-02 2.878068120e-02
 2.598241548e-02 2.294918739e-02 1.970001772e-02 1.625909075e-02 1.265615071e-02
 8.926816165e-03 5.112766676e-03 1.261753071e-03-2.572612882e-03-6.331325457e-03
-9.950733641e-03-1.336358156e-02-1.650033249e-02-1.929074738e-02-2.166566747e-02
-2.355892983e-02-2.490932803e-02-2.566251880e-02-2.577277163e-02-2.520446350e-02
-2.393323407e-02-2.194673809e-02-1.924495829e-02-1.584007211e-02-1.175589453e-02
-7.026946070e-03-1.697214817e-03 4.181305082e-03 1.055020711e-02 1.734630265e-02
 2.450321790e-02 3.195273578e-02 3.968791677e-02 4.772665683e-02 5.609166364e-02
 6.480866166e-02 7.390110013e-02 8.337690341e-02 9.319575940e-02 1.031860323e-01
 1.128615043e-01 1.213158891e-01 1.276885503e-01 1.315250501e-01 1.327736087e-01
 1.318224759e-01 1.294851237e-01 1.266338297e-01 1.237481049e-01 1.210105794e-01
 1.184752771e-01 1.161450767e-01 1.140032915e-01 1.120269892e-01 1.101929214e-01
 3.555943893e-03 8.056189086e-03 1.437093099e-02 2.249955789e-02 3.184401906e-02
 3.654450868e-02 3.507219912e-02 3.278956173e-02 3.023507657e-02 2.740420644e-02
 2.429447409e-02 2.091379410e-02 1.728121968e-02 1.342152879e-02 9.365816579e-03
 5.151971315e-03 8.249886685e-04-3.562925076e-03-7.952510833e-03-1.227792003e-02
-1.646751679e-02-2.044503532e-02-2.413108731e-02-2.744498802e-02-3.030684291e-02
-3.263980979e-02-3.437242912e-02-3.544089952e-02-3.579116908e-02-3.538071810e-02
-3.417992457e-02-3.217292967e-02-2.935795351e-02-2.574704809e-02-2.136530982e-02
-1.624960458e-02-1.044687906e-02-4.012141552e-03 2.993811816e-03 1.050687262e-02
 1.846227953e-02 2.679755198e-02 3.546346881e-02 4.450958712e-02 5.400637542e-02
 6.405271974e-02 7.478797297e-02 8.641177989e-02 9.922030522e-02 1.136895419e-01
 1.307946385e-01 1.457111765e-01 1.555587291e-01 1.597458757e-01 1.580871806e-01
 1.515400016e-01 1.426028516e-01 1.359156247e-01 1.306227317e-01 1.263009246e-01
 1.226866298e-01 1.196007851e-01 1.169166338e-01 1.145420111e-01 1.124023950e-01
 3.519084279e-03 7.971964047e-03 1.421906873e-02 2.225866771e-02 3.149936180e-02
 3.608374148e-02 3.442014072e-02 3.194275896e-02 2.916242313e-02 2.607001418e-02
 2.266008386e-02 1.894536058e-02 1.494434407e-02 1.068200257e-02 6.190448013e-03
 1.509519256e-03-3.312795072e-03-8.220162252e-03-1.314800486e-02-1.802395163e-02
-2.276868454e-02-2.729720703e-02-3.152053233e-02-3.534776018e-02-3.868847629e-02
-4.145537608e-02-4.356698547e-02-4.495033114e-02-4.554340332e-02-4.529725933e-02
-4.417763441e-02-4.216595802e-02-3.925971435e-02-3.547213117e-02-3.083122524e-02
-2.537827057e-02-1.916578149e-02-1.225511397e-02-4.713781448e-03 3.387444414e-03
 1.197762783e-02 2.098899885e-02 3.036069541e-02 4.009385313e-02 5.027375232e-02
 6.102040044e-02 7.250635750e-02 8.498672070e-02 9.885090629e-02 1.147149214e-01
 1.339248877e-01 1.491820069e-01 1.636723423e-01 1.662752727e-01 1.637665978e-01
 1.561325706e-01 1.457992705e-01 1.382641528e-01 1.324585046e-01 1.278354103e-01
 1.240433703e-01 1.208508587e-01 1.181008704e-01 1.156841907e-01 1.135361770e-01
 3.485413572e-03 7.895018258e-03 1.408034120e-02 2.203866237e-02 3.119804994e-02
 3.569745247e-02 3.381109400e-02 3.116867258e-02 2.818150991e-02 2.484837251e-02
 2.116673778e-02 1.714871237e-02 1.281246535e-02 8.183132951e-03 3.293663920e-03
-1.814448276e-03-7.090613880e-03-1.247484945e-02-1.789780911e-02-2.328121312e-02
-2.853872903e-02-3.357733909e-02-3.829919800e-02-4.260394933e-02-4.639142891e-02
-4.956464418e-02-5.203288332e-02-5.371478264e-02-5.454116877e-02-5.445749712e-02
-5.342572963e-02-5.142553270e-02-4.845472541e-02-4.452896348e-02-3.968069961e-02
-3.395750866e-02-2.741990178e-02-2.013877307e-02-1.219262394e-02-3.664694375e-03
 5.359900772e-03 1.479698145e-02 2.456605958e-02 3.459309630e-02 4.490992056e-02
 5.558179515e-02 6.668844677e-02 7.832277299e-02 9.058023897e-02 1.035092195e-01
 1.167298702e-01 1.281596995e-01 1.370477373e-01 1.421861392e-01 1.431473975e-01
 1.405770410e-01 1.361718516e-01 1.319738371e-01 1.282820329e-01 1.250577354e-01
 1.222252109e-01 1.197105534e-01 1.174504383e-01 1.153929926e-01 1.134793628e-01
 3.456919522e-03 7.829891279e-03 1.396291333e-02 2.185222477e-02 3.089291104e-02
 3.521445310e-02 3.331956130e-02 3.051342229e-02 2.735027629e-02 2.381281859e-02
 1.990093238e-02 1.562584593e-02 1.100523633e-02 6.064225169e-03 8.363372631e-04
-4.635650028e-03-1.029904507e-02-1.609085181e-02-2.193773655e-02-2.775643152e-02
-3.345464087e-02-3.893249150e-02-4.408453835e-02-4.880229317e-02-5.297720053e-02
-5.650393928e-02-5.928388652e-02-6.122855141e-02-6.226277145e-02-6.232746872e-02
-6.138178844e-02-5.940448596e-02-5.639448603e-02-5.237060371e-02-4.737048227e-02
-4.144886226e-02-3.467534168e-02-2.713181774e-02-1.890981450e-02-1.010790275e-02
-8.294167034e-04 8.819319590e-03 1.873000394e-02 2.879224532e-02 3.892536431e-02
 4.913005560e-02 5.938977856e-02 6.965520129e-02 7.981768857e-02 8.967058435e-02
 9.887814242e-02 1.070101668e-01 1.136561445e-01 1.185344871e-01 1.215793705e-01
 1.229824318e-01 1.231361272e-01 1.224838038e-01 1.213764238e-01 1.200363258e-01
 1.185896266e-01 1.171041825e-01 1.156151179e-01 1.141398905e-01 1.126956078e-01
 3.435281223e-03 7.780426727e-03 1.387371736e-02 2.171084596e-02 3.071812799e-02
 3.503277783e-02 3.292648708e-02 3.001478419e-02 2.671813517e-02 2.302503251e-02
 1.893771706e-02 1.446669297e-02 9.629182031e-03 4.450211199e-03-1.036336576e-03
-6.786780302e-03-1.274689171e-02-1.885143050e-02-2.502405799e-02-3.117771804e-02
-3.721555978e-02-4.303245179e-02-4.851710227e-02-5.355475545e-02-5.803038478e-02
-6.183225265e-02-6.485566094e-02-6.700668253e-02-6.820564754e-02-6.839016240e-02
-6.751746784e-02-6.556598982e-02-6.253600278e-02-5.844939770e-02-5.334862211e-02
-4.729492538e-02-4.036609523e-02-3.265390491e-02-2.426150618e-02-1.530100116e-02
-5.891413406e-03 3.842740887e-03 1.377209999e-02 2.376216237e-02 3.367193061e-02
 4.344275270e-02 5.302762431e-02 6.235384277e-02 7.131750956e-02 7.978161543e-02
 8.758259475e-02 9.454911075e-02 1.005311157e-01 1.054308502e-01 1.092254133e-01
 1.119723107e-01 1.137945848e-01 1.148510031e-01 1.153042051e-01 1.152985895e-01
 1.149512323e-01 1.143520609e-01 1.135681828e-01 1.126491042e-01 1.116356874e-01
 3.421778350e-03 7.749557161e-03 1.381805023e-02 2.162245215e-02 3.056683953e-02
 3.478821073e-02 3.269007361e-02 2.970359485e-02 2.632322759e-02 2.253272303e-02
 1.833560626e-02 1.374190439e-02 8.768527308e-03 3.440412214e-03-2.208365147e-03
-8.133588055e-03-1.428009275e-02-2.058125496e-02-2.695886843e-02-3.332351017e-02
-3.957547259e-02-4.560631732e-02-5.130106829e-02-5.654101559e-02-6.120704857e-02
-6.518338273e-02-6.836149637e-02-7.064405629e-02-7.194859370e-02-7.221069622e-02
-7.138651093e-02-6.945440497e-02-6.641569945e-02-6.229447094e-02-5.713649403e-02
-5.100746891e-02-4.399073230e-02-3.618468381e-02-2.770017026e-02-1.865806000e-02
-9.187208954e-03 5.770249329e-04 1.049362151e-02 2.041606638e-02 3.019190755e-02
 3.971488008e-02 4.893846479e-02 5.779994009e-02 6.622155610e-02 7.411406469e-02
 8.138330953e-02 8.793980150e-02 9.371001401e-02 9.864704731e-02 1.027379431e-01
 1.060055847e-01 1.085046589e-01 1.103130041e-01 1.115209713e-01 1.122215275e-01
 1.125028565e-01 1.124439054e-01 1.121123934e-01 1.115642507e-01 1.108332061e-01
 3.417209404e-03 7.739113934e-03 1.379922376e-02 2.159255017e-02 3.051575326e-02
 3.470216309e-02 3.261353792e-02 2.959852392e-02 2.618963186e-02 2.236611188e-02
 1.813181249e-02 1.349659351e-02 8.477257597e-03 3.098710726e-03-2.604906607e-03
-8.589196570e-03-1.479867865e-02-2.116625960e-02-2.761309997e-02-3.404897392e-02
-4.037320453e-02-4.647623096e-02-5.224182638e-02-5.754993837e-02-6.228006964e-02
-6.631506194e-02-6.954509610e-02-7.187168380e-02-7.321140804e-02-7.349917372e-02
-7.269075957e-02-7.076451531e-02-6.772211827e-02-6.358838438e-02-5.841020870e-02
-5.225478265e-02-4.520728965e-02-3.736831377e-02-2.885120471e-02-1.977962626e-02
-1.028547837e-02-5.073244269e-04 9.410622361e-03 1.931900027e-02 2.906346679e-02
 3.852320260e-02 4.765372621e-02 5.639728184e-02 6.468503048e-02 7.244099631e-02
 7.958788920e-02 8.605443466e-02 9.178326282e-02 9.673796239e-02 1.009078314e-01
 1.043092667e-01 1.069835323e-01 1.089915549e-01 1.104070448e-01 1.113094266e-01
 1.117777615e-01 1.118863042e-01 1.117018057e-01 1.112825713e-01 1.106890543e-01
 3.421836986e-03 7.749698235e-03 1.381832132e-02 2.162300442e-02 3.059880761e-02
 3.488125020e-02 3.268162220e-02 2.970522581e-02 2.632532920e-02 2.253532421e-02
 1.833886876e-02 1.374600740e-02 8.773666713e-03 3.446800840e-03-2.200498740e-03
-8.124002134e-03-1.426853618e-02-2.056747209e-02-2.694260490e-02-3.330451937e-02
-3.955352249e-02-4.558119707e-02-5.127259414e-02-5.650903529e-02-6.117144363e-02
-6.514406776e-02-6.831841468e-02-7.059717123e-02-7.189787509e-02-7.215610146e-02
-7.132796042e-02-6.939175152e-02-6.634869129e-02-6.222270795e-02-5.705937646e-02
-5.092413786e-02-4.390000120e-02-3.608496025e-02-2.758936883e-02-1.853350885e-02
-9.045557252e-03 7.398836403e-04 1.068258126e-02 2.063674448e-02 3.045039118e-02
 4.002067385e-02 4.930075333e-02 5.822652962e-02 6.671738217e-02 7.467945036e-02
 8.201241538e-02 8.861989576e-02 9.442212698e-02 9.936818411e-02 1.034444409e-01
 1.066766980e-01 1.091253264e-01 1.108751173e-01 1.120231194e-01 1.126677461e-01
 1.129010859e-01 1.128047339e-01 1.124484391e-01 1.118903996e-01 1.111707660e-01
 3.435373109e-03 7.780648789e-03 1.387414502e-02 2.171144936e-02 3.068769064e-02
 3.493412366e-02 3.293717206e-02 3.001790379e-02 2.672170843e-02 2.302955307e-02
 1.894348001e-02 1.447402782e-02 9.638456101e-03 4.461827445e-03-1.021943550e-03
-6.769150154e-03-1.272554628e-02-1.882588365e-02-2.499382717e-02-3.114233711e-02
-3.717459240e-02-4.298550461e-02-4.846383667e-02-5.349489673e-02-5.796372730e-02
-6.175865965e-02-6.477505763e-02-6.691904131e-02-6.811096437e-02-6.828842356e-02
-6.740860630e-02-6.544983090e-02-6.241219807e-02-5.831734637e-02-5.320737796e-02
-4.714308719e-02-4.020167722e-02-3.247418325e-02-2.406283706e-02-1.507860627e-02
-5.639130937e-03 4.132736258e-03 1.410959515e-02 2.415919646e-02 3.414305562e-02
 4.400996832e-02 5.371456808e-02 6.318400190e-02 7.231051271e-02 8.094734961e-02
 8.891417373e-02 9.601758285e-02 1.020854266e-01 1.070047830e-01 1.107502101e-01
 1.133907643e-01 1.150709046e-01 1.159728094e-01 1.162778364e-01 1.161419736e-01
 1.156877608e-01 1.150066443e-01 1.141652053e-01 1.132115789e-01 1.121840090e-01
 3.457001261e-03 7.830094703e-03 1.396331725e-02 2.185303927e-02 3.091223864e-02
 3.528050395e-02 3.331583952e-02 3.051636797e-02 2.735428447e-02 2.381806199e-02
 1.990779874e-02 1.563478564e-02 1.101675638e-02 6.078884664e-03 8.547406259e-04
-4.612862399e-03-1.027120883e-02-1.605729331e-02-2.189778981e-02-2.770945694e-02
-3.340004486e-02-3.886974580e-02-4.401319765e-02-4.872200936e-02-5.288773189e-02
-5.640515266e-02-5.917575102e-02-6.111112201e-02-6.213616144e-02-6.219181008e-02
-6.123717947e-02-5.925092567e-02-5.623179433e-02-5.219832618e-02-4.718777717e-02
-4.125436576e-02-3.446700552e-02-2.690671038e-02-1.866387341e-02-9.835621076e-03
-5.234427285e-04 9.168696841e-03 1.913550622e-02 2.927038347e-02 3.950372691e-02
 4.984424195e-02 6.028521681e-02 7.078844103e-02 8.125446160e-02 9.147376981e-02
 1.010768421e-01 1.095618476e-01 1.164359144e-01 1.213553718e-01 1.242374428e-01
 1.253222518e-01 1.250996026e-01 1.240964193e-01 1.226999833e-01 1.211364357e-01
 1.195237934e-01 1.179198462e-01 1.163507924e-01 1.148268136e-01 1.133546844e-01
 3.485427588e-03 7.895072607e-03 1.408048948e-02 2.203897381e-02 3.119045498e-02
 3.567495438e-02 3.381931938e-02 3.117105431e-02 2.818462472e-02 2.485272628e-02
 2.117279874e-02 1.715702383e-02 1.282364150e-02 8.197852479e-03 3.312660847e-03
-1.790397112e-03-7.060704600e-03-1.243827009e-02-1.785376137e-02-2.322893624e-02
-2.847752485e-02-3.350659687e-02-3.821841762e-02-4.251276081e-02-4.628960649e-02
-4.945211304e-02-5.190971714e-02-5.358119069e-02-5.439747143e-02-5.430408927e-02
-5.326303163e-02-5.125392894e-02-4.827449027e-02-4.434017408e-02-3.948313378e-02
-3.375052478e-02-2.720229467e-02-1.990859595e-02-1.194696038e-02-3.399354694e-03
 5.650801477e-03 1.512162939e-02 2.493586025e-02 3.502419403e-02 4.543030604e-02
 5.623054281e-02 6.752234670e-02 7.942790258e-02 9.209425133e-02 1.056709256e-01
 1.202352756e-01 1.325580891e-01 1.423293114e-01 1.476054110e-01 1.479738712e-01
 1.441755085e-01 1.384697866e-01 1.336538386e-01 1.295770601e-01 1.261027753e-01
 1.231066028e-01 1.204868384e-01 1.181631877e-01 1.160731071e-01 1.141590886e-01
 3.518957586e-03 7.971704861e-03 1.421867089e-02 2.225810047e-02 3.148806453e-02
 3.604227210e-02 3.442180967e-02 3.194291027e-02 2.916297887e-02 2.607148856e-02
 2.266300829e-02 1.895034326e-02 1.495207592e-02 1.069324925e-02 6.206037602e-03
 1.530326467e-03-3.285868169e-03-8.186208924e-03-1.310613940e-02-1.797333739e-02
-2.270856331e-02-2.722692838e-02-3.143958151e-02-3.525578259e-02-3.858529680e-02
-4.134101147e-02-4.344164841e-02-4.481442456e-02-4.539750472e-02-4.514209484e-02
-4.401404325e-02-4.199484829e-02-3.908201155e-02-3.528872076e-02-3.064289056e-02
-2.518562649e-02-1.896920383e-02-1.205466302e-02-4.509115871e-03 3.597170537e-03
 1.219389301e-02 2.121409967e-02 3.059798647e-02 4.035109355e-02 5.056149947e-02
 6.135336011e-02 7.290590596e-02 8.548547335e-02 9.950013094e-02 1.155906560e-01
 1.346964708e-01 1.514187830e-01 1.624543625e-01 1.671535159e-01 1.650622750e-01
 1.571264209e-01 1.467471276e-01 1.390235863e-01 1.331021491e-01 1.284126413e-01
 1.245867235e-01 1.213828802e-01 1.186382421e-01 1.162398872e-01 1.141152440e-01
 3.555583251e-03 8.055407295e-03 1.436961989e-02 2.249779414e-02 3.187781312e-02
 3.665251109e-02 3.505757129e-02 3.278559286e-02 3.023110429e-02 2.740049782e-02
 2.429159219e-02 2.091239582e-02 1.728205871e-02 1.342543995e-02 9.373700820e-03
 5.164776996e-03 8.436892197e-04-3.537356822e-03-7.919131232e-03-1.223584552e-02
-1.641595610e-02-2.038332191e-02-2.405871049e-02-2.736162125e-02-3.021236764e-02
-3.253433343e-02-3.425629595e-02-3.531469383e-02-3.565571055e-02-3.523704991e-02
-3.402929577e-02-3.201677377e-02-2.919786637e-02-2.558476842e-02-2.120270681e-02
-1.608867785e-02-1.028977764e-02-3.861210421e-03 3.135943949e-03 1.063714173e-02
 1.857695037e-02 2.689179460e-02 3.553204372e-02 4.454466074e-02 5.399562144e-02
 6.397621501e-02 7.461259395e-02 8.608066420e-02 9.863250137e-02 1.126710484e-01
 1.296844556e-01 1.452562474e-01 1.559845340e-01 1.583609499e-01 1.564268654e-01
 1.502161008e-01 1.415930046e-01 1.353798695e-01 1.303828221e-01 1.262576498e-01
 1.227845369e-01 1.198082038e-01 1.172154020e-01 1.149220009e-01 1.128597851e-01
 3.593052133e-03 8.141063138e-03 1.452418732e-02 2.274316165e-02 3.220427089e-02
 3.705205639e-02 3.573908792e-02 3.365269998e-02 3.133028490e-02 2.876910880e-02
 2.597068715e-02 2.293803024e-02 1.969024791e-02 1.625161210e-02 1.265193484e-02
 8.926879832e-03 5.118146710e-03 1.273478451e-03-2.553551306e-03-6.304007143e-03
-9.914341650e-03-1.331743602e-02-1.644392300e-02-1.922376311e-02-2.158802363e-02
-2.347078941e-02-2.481111802e-02-2.555494056e-02-2.565680580e-02-2.508137050e-02
-2.380455208e-02-2.181428125e-02-1.911081879e-02-1.570663061e-02-1.162584447e-02
-6.903338494e-03-1.583532646e-03 4.281030310e-03 1.063122199e-02 1.740288808e-02
 2.452829524e-02 3.193744761e-02 3.962079796e-02 4.759177867e-02 5.586664109e-02
 6.446159269e-02 7.338596432e-02 8.262692967e-02 9.211576747e-02 1.016550738e-01
 1.107946687e-01 1.187966797e-01 1.249198063e-01 1.287494115e-01 1.302415493e-01
 1.297456874e-01 1.279578776e-01 1.255824463e-01 1.230608606e-01 1.205985914e-01
 1.182760190e-01 1.161157709e-01 1.141148879e-01 1.122599145e-01 1.105352172e-01
 3.628881582e-03 8.223064546e-03 1.467241483e-02 2.297906001e-02 3.255239440e-02
 3.753949466e-02 3.638287786e-02 3.449333685e-02 3.239865494e-02 3.010174877e-02
 2.760748799e-02 2.492108156e-02 2.205517437e-02 1.903345469e-02 1.588426301e-02
 1.264081465e-02 9.341301582e-03 6.028839508e-03 2.751226505e-03-4.395121293e-04
-3.487809324e-03-6.335476038e-03-8.922845009e-03-1.119011198e-02-1.307883169e-02
-1.453351102e-02-1.550322973e-02-1.594321188e-02-1.581626946e-02-1.509404474e-02
-1.375798924e-02-1.180003425e-02-9.222929319e-03-6.040248881e-03-2.276090868e-03
 2.035485578e-03 6.851219218e-03 1.211952397e-02 1.778138476e-02 2.377117108e-02
 3.001733929e-02 3.648160130e-02 4.314904102e-02 5.000218090e-02 5.701792134e-02
 6.416280054e-02 7.138578882e-02 7.860799657e-02 8.570981364e-02 9.251948835e-02
 9.881341760e-02 1.043415134e-01 1.088789191e-01 1.122830022e-01 1.145296368e-01
 1.157165341e-01 1.160321870e-01 1.157012358e-01 1.149323151e-01 1.138900200e-01
 1.126910968e-01 1.114128838e-01 1.101042343e-01 1.087948841e-01 1.075081246e-01
 3.660262095e-03 8.295125301e-03 1.480328510e-02 2.318859568e-02 3.289272292e-02
 3.806418803e-02 3.695994427e-02 3.525579541e-02 3.337412367e-02 3.132600230e-02
 2.911926387e-02 2.676219372e-02 2.426372127e-02 2.164364923e-02 1.892861283e-02
 1.614917237e-02 1.333986330e-02 1.053910392e-02 7.788943659e-03 5.134634155e-03
 2.624014433e-03 3.067105456e-04-1.766838511e-03-3.546505119e-03-4.983712330e-03
-6.032742492e-03-6.652061598e-03-6.805601357e-03-6.463940913e-03-5.605334759e-03
-4.216542889e-03-2.293432356e-03 1.586639349e-04 3.124827946e-03 6.580655640e-03
 1.049253731e-02 1.481805772e-02 1.950645351e-02 2.449898985e-02 2.972949159e-02
 3.515806786e-02 4.075732185e-02 4.649710749e-02 5.234298581e-02 5.825425783e-02
 6.418156240e-02 7.006417919e-02 7.582750945e-02 8.138174441e-02 8.662331680e-02
 9.144087651e-02 9.572653106e-02 9.939078529e-02 1.023771712e-01 1.046717691e-01
 1.063043233e-01 1.073406179e-01 1.078688820e-01 1.079848564e-01 1.077797251e-01
 1.073328885e-01 1.067092541e-01 1.059595616e-01 1.051220485e-01 1.042141246e-01
 3.683754213e-03 8.349603729e-03 1.490355383e-02 2.335151774e-02 3.310083861e-02
 3.829553293e-02 3.744306231e-02 3.588249590e-02 3.419115581e-02 3.236791642e-02
 3.042300464e-02 2.836711873e-02 2.621140595e-02 2.396769664e-02 2.166029310e-02
 1.931683061e-02 1.696804112e-02 1.464763184e-02 1.239202915e-02 1.023997999e-02
 8.232006415e-03 6.409717462e-03 4.814990639e-03 3.489043389e-03 2.471422868e-03
 1.798949050e-03 1.504650931e-03 1.616737939e-03 2.157647629e-03 3.143206198e-03
 4.581931605e-03 6.474498912e-03 8.813376059e-03 1.158262375e-02 1.475785195e-02
 1.830630302e-02 2.218696082e-02 2.635123276e-02 3.074160180e-02 3.533086260e-02
 4.008725758e-02 4.497640465e-02 4.996058195e-02 5.499807741e-02 6.004265574e-02
 6.504321846e-02 6.994379650e-02 7.468408588e-02 7.920079288e-02 8.343004153e-02
 8.731094820e-02 9.079014956e-02 9.382664290e-02 9.639594776e-02 9.849254503e-02
 1.001298927e-01 1.013379543e-01 1.021588490e-01 1.026416704e-01 1.028375532e-01
 1.027957598e-01 1.025610984e-01 1.021726035e-01 1.016633483e-01 1.010678575e-01
 3.694751528e-03 8.376250268e-03 1.495541185e-02 2.344142031e-02 3.327126522e-02
 3.860293206e-02 3.774604627e-02 3.630896733e-02 3.477917066e-02 3.315050709e-02
 3.143647539e-02 2.964921873e-02 2.780084480e-02 2.590378615e-02 2.397269885e-02
 2.203209683e-02 2.010883973e-02 1.823199495e-02 1.643258866e-02 1.474323520e-02
 1.319765390e-02 1.183008143e-02 1.067459301e-02 9.764349357e-03 9.130791226e-03
 8.802806648e-03 8.805899079e-03 9.161385306e-03 9.885650324e-03 1.098948197e-02
 1.247749945e-02 1.434769352e-02 1.659107618e-02 1.919138066e-02 2.212489313e-02
 2.536086689e-02 2.885852884e-02 3.259096178e-02 3.653151725e-02 4.065065032e-02
 4.491502649e-02 4.928705902e-02 5.372474008e-02 5.818184779e-02 6.260849009e-02
 6.695217828e-02 7.115946615e-02 7.517806001e-02 7.895926799e-02 8.246041005e-02
 8.564679070e-02 8.849304035e-02 9.098381896e-02 9.311394699e-02 9.488800458e-02
 9.631940505e-02 9.742896922e-02 9.824310552e-02 9.879178888e-02 9.910657350e-02
 9.921885212e-02 9.915850034e-02 9.895295298e-02 9.862661936e-02 9.819877621e-02
 3.686836267e-03 8.360632594e-03 1.493352295e-02 2.341938833e-02 3.325101324e-02
 3.859311300e-02 3.783213088e-02 3.646080809e-02 3.505147670e-02 3.358535728e-02
 3.207207554e-02 3.052331356e-02 2.895034046e-02 2.736466227e-02 2.577852782e-02
 2.420732542e-02 2.267399533e-02 2.120313977e-02 1.982072197e-02 1.855369351e-02
 1.742955132e-02 1.647583491e-02 1.571957337e-02 1.518669371e-02 1.490140455e-02
 1.488557040e-02 1.515809184e-02 1.573431482e-02 1.662549009e-02 1.783828621e-02
 1.937431695e-02 2.122977657e-02 2.339542587e-02 2.585575136e-02 2.858648941e-02
 3.157506110e-02 3.480548654e-02 3.825861375e-02 4.191196319e-02 4.573888987e-02
 4.970742596e-02 5.377784872e-02 5.790115247e-02 6.202569220e-02 6.609156460e-02
 7.003639337e-02 7.379880020e-02 7.732096844e-02 8.055599852e-02 8.347278878e-02
 8.605711527e-02 8.830933216e-02 9.024024030e-02 9.186692545e-02 9.320966547e-02
 9.429008597e-02 9.513022634e-02 9.575209180e-02 9.617738413e-02 9.642725395e-02
 9.652203059e-02 9.648094711e-02 9.632189583e-02 9.606118891e-02 9.571206473e-02
 3.651619414e-03 8.283099988e-03 1.480160418e-02 2.322745536e-02 3.298944838e-02
 3.825962596e-02 3.754367568e-02 3.618896710e-02 3.488549407e-02 3.356027110e-02
 3.223040355e-02 3.090262165e-02 2.958413453e-02 2.828366769e-02 2.701158915e-02
 2.577979948e-02 2.460359914e-02 2.350367446e-02 2.250152371e-02 2.161904783e-02
 2.087814288e-02 2.030028374e-02 1.990609986e-02 1.971494816e-02 1.974449059e-02
 2.001027666e-02 2.052530738e-02 2.129962677e-02 2.234001912e-02 2.364998760e-02
 2.522891016e-02 2.707061998e-02 2.916960414e-02 3.152354245e-02 3.412676382e-02
 3.697245453e-02 4.005221475e-02 4.335555321e-02 4.686891192e-02 5.057322045e-02
 5.443615120e-02 5.847232017e-02 6.270653260e-02 6.668920434e-02 7.063373330e-02
 7.449455215e-02 7.809895465e-02 8.134220144e-02 8.415341162e-02 8.651079436e-02
 8.843931242e-02 8.999324817e-02 9.123448855e-02 9.221838947e-02 9.298906423e-02
 9.357975661e-02 9.401505283e-02 9.431340450e-02 9.448927912e-02 9.455471638e-02
 9.452031983e-02 9.439581347e-02 9.419030924e-02 9.391255741e-02 9.357793106e-02
 3.581619499e-03 8.124015563e-03 1.451750490e-02 2.278543436e-02 3.240802535e-02
 3.759353815e-02 3.664367872e-02 3.530579467e-02 3.409364550e-02 3.293673502e-02
 3.181229167e-02 3.071479307e-02 2.964729073e-02 2.861755475e-02 2.763597756e-02
 2.671448103e-02 2.586595717e-02 2.510552536e-02 2.445109565e-02 2.392019182e-02
 2.352964361e-02 2.329530241e-02 2.323176809e-02 2.335213950e-02 2.366782929e-02
 2.418854881e-02 2.492184807e-02 2.587254699e-02 2.704188915e-02 2.843347868e-02
 3.005080145e-02 3.189564424e-02 3.396921708e-02 3.627278360e-02 3.880749243e-02
 4.157455331e-02 4.457534610e-02 4.781157578e-02 5.128568983e-02 5.500236096e-02
 5.897463497e-02 6.327107706e-02 6.747919863e-02 7.182377924e-02 7.630628975e-02
 8.071472399e-02 8.473318830e-02 8.804996701e-02 9.048546736e-02 9.204520742e-02
 9.292145766e-02 9.338763982e-02 9.361891371e-02 9.371387512e-02 9.373000975e-02
 9.369626044e-02 9.362441070e-02 9.351739228e-02 9.337433387e-02 9.319328406e-02
 9.297253457e-02 9.271116343e-02 9.240916269e-02 9.206717788e-02 9.167554623e-02
 3.479373897e-03 7.887075188e-03 1.407978341e-02 2.206346406e-02 3.124479189e-02
 3.575434307e-02 3.419641497e-02 3.331035935e-02 3.250488151e-02 3.166014554e-02
 3.080343778e-02 2.995599338e-02 2.913618273e-02 2.836085216e-02 2.764571031e-02
 2.700548142e-02 2.645401997e-02 2.600444172e-02 2.567005708e-02 2.546428886e-02
 2.539902002e-02 2.548451511e-02 2.572926333e-02 2.613972893e-02 2.671993917e-02
 2.747492836e-02 2.840857954e-02 2.952375661e-02 3.082279022e-02 3.230831778e-02
 3.398353687e-02 3.585231584e-02 3.791944207e-02 4.019085338e-02 4.267381545e-02
 4.537716006e-02 4.831162748e-02 5.149034332e-02 5.492938336e-02 5.864814542e-02
 6.266902002e-02 6.701882930e-02 7.176035087e-02 7.697444096e-02 8.279396369e-02
 8.969242603e-02 9.624424755e-02 1.006192421e-01 1.024863848e-01 1.017734622e-01
 9.959305862e-02 9.787830315e-02 9.660335629e-02 9.554103124e-02 9.468228301e-02
 9.398223336e-02 9.339781845e-02 9.289353914e-02 9.244163938e-02 9.202097053e-02
 9.161570001e-02 9.121417481e-02 9.080799754e-02 9.039142358e-02 8.996695178e-02
 3.361744137e-03 7.616703270e-03 1.358658574e-02 2.126574213e-02 3.005159779e-02
 3.405989516e-02 3.198633898e-02 3.117314300e-02 3.064633676e-02 3.002642561e-02
 2.937080035e-02 2.871761502e-02 2.809710652e-02 2.753375919e-02 2.704773142e-02
 2.665576596e-02 2.637181913e-02 2.620754621e-02 2.617269922e-02 2.627530194e-02
 2.652160464e-02 2.691606981e-02 2.746139078e-02 2.815858640e-02 2.900726016e-02
 3.000617277e-02 3.115360709e-02 3.244791080e-02 3.388817667e-02 3.547495308e-02
 3.721080786e-02 3.910069933e-02 4.115215576e-02 4.337525113e-02 4.578248544e-02
 4.838890500e-02 5.121247245e-02 5.427457457e-02 5.760122802e-02 6.122565218e-02
 6.519323704e-02 6.957032409e-02 7.445835677e-02 8.001712324e-02 8.651045635e-02
 9.437431104e-02 1.015430448e-01 1.061801320e-01 1.083317931e-01 1.079379711e-01
 1.048406927e-01 1.008408050e-01 9.814042864e-02 9.621188271e-02 9.476671396e-02
 9.364145519e-02 9.273412624e-02 9.197759892e-02 9.132579954e-02 9.074610084e-02
 9.021487637e-02 8.971476455e-02 8.923290553e-02 8.875973971e-02 8.828891162e-02
 3.241033368e-03 7.345525160e-03 1.310945907e-02 2.053506505e-02 2.905324484e-02
 3.280844823e-02 3.040384963e-02 2.948483648e-02 2.886246559e-02 2.823118603e-02
 2.761290221e-02 2.703692928e-02 2.653048938e-02 2.611701460e-02 2.581561698e-02
 2.564116939e-02 2.560472321e-02 2.571406262e-02 2.597423937e-02 2.638797000e-02
 2.695584642e-02 2.767638903e-02 2.854600744e-02 2.955897576e-02 3.070756270e-02
 3.198246095e-02 3.337358920e-02 3.487131168e-02 3.646795361e-02 3.815932505e-02
 3.994589087e-02 4.183325218e-02 4.383200187e-02 4.595911993e-02 4.823217442e-02
 5.066832484e-02 5.329425395e-02 5.613404016e-02 5.921365421e-02 6.256000362e-02
 6.620063420e-02 7.017489392e-02 7.453265939e-02 7.933512720e-02 8.463868740e-02
 9.077317231e-02 9.639297909e-02 1.002199262e-01 1.022696461e-01 1.024583365e-01
 1.006205383e-01 9.799087584e-02 9.608125295e-02 9.452008280e-02 9.324148650e-02
 9.217781868e-02 9.127653064e-02 9.049767076e-02 8.981072485e-02 8.919213017e-02
 8.862349579e-02 8.809035601e-02 8.758128757e-02 8.708716448e-02 8.659637967e-02
 3.109514278e-03 7.054066595e-03 1.260579808e-02 1.977897854e-02 2.798998306e-02
 3.139206001e-02 2.884190417e-02 2.764914288e-02 2.683994268e-02 2.606700439e-02
 2.536546476e-02 2.476755914e-02 2.430110502e-02 2.398798439e-02 2.384356104e-02
 2.387708246e-02 2.409276540e-02 2.449113138e-02 2.507019226e-02 2.582622023e-02
 2.675399080e-02 2.784651090e-02 2.909433598e-02 3.048467030e-02 3.200056709e-02
 3.362069866e-02 3.532027280e-02 3.707355475e-02 3.885793903e-02 4.065864864e-02
 4.247176632e-02 4.430535589e-02 4.619132260e-02 4.814405343e-02 5.019332444e-02
 5.236607766e-02 5.469578581e-02 5.720572022e-02 5.991614514e-02 6.284023544e-02
 6.597921201e-02 6.933169053e-02 7.288072948e-02 7.658058800e-02 8.033555193e-02
 8.397340587e-02 8.724239469e-02 8.987481106e-02 9.169814515e-02 9.267148607e-02
 9.289644698e-02 9.259747961e-02 9.200807548e-02 9.129425900e-02 9.055145282e-02
 8.982716976e-02 8.914171752e-02 8.850083846e-02 8.790278759e-02 8.734223433e-02
 8.681241185e-02 8.630629422e-02 8.581722945e-02 8.533943929e-02 8.487580556e-02
 2.943067524e-03 6.688157856e-03 1.197980407e-02 1.884894158e-02 2.676162685e-02
 2.989345803e-02 2.687536823e-02 2.533513936e-02 2.420909399e-02 2.317564850e-02
 2.228793953e-02 2.159146204e-02 2.112104445e-02 2.089759228e-02 2.092801209e-02
 2.120812007e-02 2.172705284e-02 2.247149950e-02 2.342867291e-02 2.458770098e-02
 2.593958451e-02 2.747597263e-02 2.918690622e-02 3.105757102e-02 3.306420040e-02
 3.516985498e-02 3.732211522e-02 3.945629738e-02 4.150746884e-02 4.342791301e-02
 4.521865809e-02 4.689846640e-02 4.851662530e-02 5.013757298e-02 5.181975691e-02
 5.360998682e-02 5.554237879e-02 5.763993210e-02 5.991649790e-02 6.237760654e-02
 6.501936491e-02 6.782541662e-02 7.076228835e-02 7.377386720e-02 7.677660980e-02
 7.965839793e-02 8.228540940e-02 8.452156742e-02 8.625955042e-02 8.745206271e-02
 8.812619033e-02 8.837021585e-02 8.829988888e-02 8.802501001e-02 8.763140930e-02
 8.717795725e-02 8.670119664e-02 8.622170187e-02 8.574955780e-02 8.528836431e-02
 8.483794480e-02 8.439610269e-02 8.395972514e-02 8.352528515e-02 8.307973955e-02
 2.698916371e-03 6.155250468e-03 1.108051377e-02 1.754288785e-02 2.502006285e-02
 2.769625570e-02 2.427838219e-02 2.220411275e-02 2.052177302e-02 1.906020775e-02
 1.785062699e-02 1.698118666e-02 1.650821003e-02 1.644606249e-02 1.677063009e-02
 1.743611126e-02 1.839329738e-02 1.960146116e-02 2.103282806e-02 2.267230387e-02
 2.451513597e-02 2.656387036e-02 2.882471695e-02 3.130235827e-02 3.399097731e-02
 3.685783893e-02 3.981661763e-02 4.270045812e-02 4.527666445e-02 4.736416435e-02
 4.892159024e-02 5.007530576e-02 5.104516789e-02 5.201584476e-02 5.309898097e-02
 5.434915544e-02 5.578807646e-02 5.742147970e-02 5.924990639e-02 6.127640208e-02
 6.350745486e-02 6.593558956e-02 6.854084787e-02 7.128663422e-02 7.411483193e-02
 7.695311556e-02 7.968744413e-02 8.212065288e-02 8.399916844e-02 8.516654791e-02
 8.567000865e-02 8.572262534e-02 8.554060719e-02 8.525156914e-02 8.491636618e-02
 8.456303357e-02 8.420455790e-02 8.384651946e-02 8.349048407e-02 8.313573073e-02
 8.278027939e-02 8.242156869e-02 8.205691929e-02 8.168392858e-02 8.130545703e-02
 2.304647910e-03 5.283301922e-03 9.593244246e-03 1.539176029e-02 2.230435099e-02
 2.473456042e-02 2.145373554e-02 1.815347235e-02 1.538252235e-02 1.299453070e-02
 1.111746691e-02 9.939501942e-03 9.590384328e-03 1.002051752e-02 1.104327434e-02
 1.245910639e-02 1.413036227e-02 1.598460758e-02 1.799431663e-02 2.015963410e-02
 2.249845882e-02 2.504213222e-02 2.783500160e-02 3.093700012e-02 3.442865241e-02
 3.841510478e-02 4.300528576e-02 4.810420233e-02 5.257942975e-02 5.496995973e-02
 5.509028082e-02 5.413141362e-02 5.346381031e-02 5.330935212e-02 5.360485464e-02
 5.426766492e-02 5.523036515e-02 5.643844945e-02 5.783830739e-02 5.944200545e-02
 6.138484233e-02 6.354761531e-02 6.593122098e-02 6.869071452e-02 7.163809261e-02
 7.486073068e-02 7.858024531e-02 8.324369634e-02 8.614063111e-02 8.689637217e-02
 8.530454019e-02 8.394193069e-02 8.314107444e-02 8.261228723e-02 8.222870077e-02
 8.192479647e-02 8.166395016e-02 8.142415667e-02 8.119122224e-02 8.095537916e-02
 8.070958046e-02 8.044865225e-02 8.016888011e-02 7.986781330e-02 7.954713127e-02
 1.702238236e-03 3.884413057e-03 7.020383922e-03 1.126952141e-02 1.658413471e-02
 1.828067158e-02 1.494740733e-02 1.143895887e-02 7.750551560e-03 3.672453855e-03
-2.242478700e-04-2.268990868e-03-1.689437243e-03 9.603161330e-04 3.980059705e-03
 6.848915188e-03 9.555635428e-03 1.216142863e-02 1.473335456e-02 1.733424498e-02
 2.002425429e-02 2.286545183e-02 2.592840401e-02 2.930241251e-02 3.311411744e-02
 3.756682402e-02 4.303853077e-02 5.039453807e-02 5.749268997e-02 6.015488901e-02
 5.815337134e-02 5.461156819e-02 5.297731646e-02 5.235094296e-02 5.235643794e-02
 5.280277467e-02 5.357930944e-02 5.461442256e-02 5.585793039e-02 5.729319441e-02
 5.899683976e-02 6.094044362e-02 6.315179653e-02 6.561821371e-02 6.827004185e-02
 7.114044903e-02 7.426949833e-02 7.745922570e-02 7.984763448e-02 8.095473090e-02
 8.062326466e-02 8.001203118e-02 7.958413058e-02 7.932261115e-02 7.916822464e-02
 7.907536410e-02 7.901237505e-02 7.895722923e-02 7.889387110e-02 7.881088862e-02
 7.869956899e-02 7.855385667e-02 7.836990158e-02 7.814624960e-02 7.787533273e-02
 1.019663592e-03 2.252955461e-03 3.848974228e-03 5.583257200e-03 6.986870918e-03
 7.414537383e-03 6.509457345e-03 4.336135255e-03 8.784201977e-04-4.378959897e-03
-1.120686647e-02-1.418848185e-02-1.248806210e-02-5.805591991e-03-8.844108144e-04
 2.958621979e-03 6.225924901e-03 9.177013074e-03 1.196397266e-02 1.468818778e-02
 1.742532106e-02 2.023731028e-02 2.317843452e-02 2.629739399e-02 2.963379662e-02
 3.320191336e-02 3.694392585e-02 4.063367126e-02 4.381969854e-02 4.605929185e-02
 4.727330336e-02 4.780546205e-02 4.812281654e-02 4.850781803e-02 4.906748993e-02
 4.982559771e-02 5.077626483e-02 5.190659683e-02 5.320479841e-02 5.466480928e-02
 5.628398660e-02 5.805662125e-02 5.997106577e-02 6.200620987e-02 6.412848408e-02
 6.628800229e-02 6.840514110e-02 7.035940710e-02 7.201237505e-02 7.327245238e-02
 7.414912988e-02 7.474262229e-02 7.517127253e-02 7.551623318e-02 7.581738729e-02
 7.608843053e-02 7.632968838e-02 7.653534124e-02 7.669723223e-02 7.680703554e-02
 7.685756602e-02 7.684359793e-02 7.676165808e-02 7.661297501e-02 7.640926757e-02
 5.152383019e-04 1.100790622e-03 1.790435363e-03 2.440844047e-03 2.870802926e-03
 2.894556532e-03 2.368827731e-03 1.223266428e-03-5.119387327e-04-2.688300901e-03
-4.716320764e-03-5.651181878e-03-4.944309575e-03-2.855077185e-03-2.147069088e-04
 2.489668860e-03 5.122250945e-03 7.665813489e-03 1.014339419e-02 1.259549846e-02
 1.505948758e-02 1.756653472e-02 2.013865105e-02 2.278639077e-02 2.550384652e-02
 2.826078352e-02 3.099462468e-02 3.360992438e-02 3.599663757e-02 3.806908044e-02
 3.980453235e-02 4.125192371e-02 4.250444398e-02 4.366010059e-02 4.479664951e-02
 4.596597561e-02 4.719888015e-02 4.851196800e-02 4.991307519e-02 5.140447243e-02
 5.298406899e-02 5.464522615e-02 5.637588542e-02 5.815746512e-02 5.996379159e-02
 6.176043295e-02 6.350539979e-02 6.515304734e-02 6.666233124e-02 6.800716577e-02
 6.918315826e-02 7.020594947e-02 7.110210575e-02 7.189846789e-02 7.261511286e-02
 7.326290222e-02 7.384399276e-02 7.435365359e-02 7.478259163e-02 7.511956578e-02
 7.535415750e-02 7.547940312e-02 7.549166722e-02 7.539607792e-02 7.519494213e-02
 2.429543544e-04 5.104248350e-04 8.128424071e-04 1.083450639e-03 1.249461222e-03
 1.245700994e-03 1.031411500e-03 6.115832674e-04 5.213070830e-05-5.282309604e-04
-9.437918872e-04-9.964309151e-04-5.553681666e-04 3.800919674e-04 1.720444360e-03
 3.406735159e-03 5.335364227e-03 7.242967083e-03 9.101107317e-03 1.100724846e-02
 1.302371807e-02 1.509803167e-02 1.722793614e-02 1.940941124e-02 2.163171412e-02
 2.387425140e-02 2.610574859e-02 2.828712262e-02 3.037850277e-02 3.234865799e-02
 3.418301004e-02 3.588648687e-02 3.748021531e-02 3.899438433e-02 4.046090519e-02
 4.190831557e-02 4.335939478e-02 4.483072388e-02 4.633318379e-02 4.787266010e-02
 4.945058646e-02 5.106423720e-02 5.270684508e-02 5.436770138e-02 5.603243714e-02
 5.768371546e-02 5.930256137e-02 6.087042691e-02 6.237175222e-02 6.379633518e-02
 6.514058854e-02 6.640704751e-02 6.760219655e-02 6.873332255e-02 6.980525206e-02
 7.081754750e-02 7.176242363e-02 7.262363811e-02 7.337694207e-02 7.399301679e-02
 7.444347183e-02 7.470884287e-02 7.478329116e-02 7.468103290e-02 7.443159770e-02
 1.192724858e-04 2.510014641e-04 4.023448527e-04 5.452845525e-04 6.522096423e-04
 7.021242601e-04 6.871530107e-04 6.209366402e-04 5.521456640e-04 5.178863070e-04
 5.851252533e-04 8.200006882e-04 1.271395943e-03 1.953336802e-03 2.862770474e-03
 3.998245351e-03 5.282161351e-03 6.667673991e-03 8.103224754e-03 9.610907167e-03
 1.117847611e-02 1.280725470e-02 1.449712110e-02 1.625112306e-02 1.807132456e-02
 1.995349360e-02 2.188330896e-02 2.383668294e-02 2.578453191e-02 2.769954213e-02
 2.956173720e-02 3.136107278e-02 3.309709644e-02 3.477671309e-02 3.641125731e-02
 3.801377080e-02 3.959694013e-02 4.117177682e-02 4.274690730e-02 4.432827542e-02
 4.591908876e-02 4.751990525e-02 4.912882195e-02 5.074177641e-02 5.235299743e-02
 5.395564306e-02 5.554263498e-02 5.710763795e-02 5.864605187e-02 6.015581339e-02
 6.163778580e-02 6.309556745e-02 6.453463974e-02 6.596083058e-02 6.737801931e-02
 6.878483770e-02 7.016991479e-02 7.150527781e-02 7.273870686e-02 7.378979207e-02
 7.456113735e-02 7.497456266e-02 7.501468944e-02 7.473615463e-02 7.423631712e-02
 6.890930550e-05 1.479531710e-04 2.451335141e-04 3.497475290e-04 4.522622389e-04
 5.469328213e-04 6.341945077e-04 7.257665955e-04 8.503328398e-04 1.017813742e-03
 1.254368610e-03 1.589916883e-03 2.043654917e-03 2.623954833e-03 3.332126641e-03
 4.158959947e-03 5.086591228e-03 6.093251100e-03 7.158730955e-03 8.267453029e-03
 9.409507389e-03 1.058369825e-02 1.180346834e-02 1.310261596e-02 1.453017434e-02
 1.612519397e-02 1.788729839e-02 1.977238923e-02 2.171708526e-02 2.366651389e-02
 2.558533111e-02 2.745575562e-02 2.927213399e-02 3.103626281e-02 3.275411314e-02
 3.443363097e-02 3.608326757e-02 3.771101677e-02 3.932381927e-02 4.092723683e-02
 4.252532574e-02 4.412066152e-02 4.571448635e-02 4.730696617e-02 4.889755194e-02
 5.048543966e-02 5.207011394e-02 5.365194583e-02 5.523280021e-02 5.681660030e-02
 5.840980162e-02 6.002174245e-02 6.166485032e-02 6.335466096e-02 6.510948736e-02
 6.694922653e-02 6.889186481e-02 7.094381384e-02 7.307382309e-02 7.514484243e-02
 7.677884680e-02 7.741267771e-02 7.694797957e-02 7.587708846e-02 7.460401994e-02
 5.008045934e-05 1.103087444e-04 1.897605938e-04 2.848067646e-04 3.926901191e-04
 5.125881709e-04 6.466146706e-04 8.043944301e-04 1.002583125e-03 1.242729009e-03
 1.535787931e-03 1.895659645e-03 2.327731372e-03 2.835022158e-03 3.416631986e-03
 4.066334493e-03 4.772705097e-03 5.519685459e-03 6.287090481e-03 7.050664890e-03
 7.782109247e-03 8.449509075e-03 9.025085800e-03 9.546297079e-03 1.028799916e-02
 1.161900702e-02 1.355763253e-02 1.579752164e-02 1.802847759e-02 2.016316569e-02
 2.219436314e-02 2.413397280e-02 2.599598636e-02 2.779311093e-02 2.953649241e-02
 3.123592617e-02 3.290002650e-02 3.453630694e-02 3.615121478e-02 3.775016430e-02
 3.933759840e-02 4.091709604e-02 4.249153450e-02 4.406331149e-02 4.563462907e-02
 4.720783925e-02 4.878584926e-02 5.037258460e-02 5.197351230e-02 5.359623914e-02
 5.525122426e-02 5.695269005e-02 5.871989009e-02 6.057902547e-02 6.256634687e-02
 6.473347820e-02 6.715708667e-02 6.995761389e-02 7.333893768e-02 7.769813531e-02
 8.383321508e-02 8.551140758e-02 8.097766248e-02 7.724283747e-02 7.456907316e-02
 4.345683807e-05 9.731700255e-05 1.712065660e-04 2.640657450e-04 3.753702527e-04
 5.055976065e-04 6.564545363e-04 8.316532639e-04 1.058630909e-03 1.318861598e-03
 1.624140881e-03 1.980739228e-03 2.385353550e-03 2.838680564e-03 3.338889417e-03
 3.880392176e-03 4.453007208e-03 5.041897649e-03 5.626788823e-03 6.179474968e-03
 6.659303471e-03 7.001885745e-03 7.077403493e-03 6.601388496e-03 6.113598158e-03
 7.118023012e-03 9.608813892e-03 1.280098202e-02 1.534062738e-02 1.755688824e-02
 1.958923297e-02 2.150033308e-02 2.332409237e-02 2.508138711e-02 2.678643749e-02
 2.844973657e-02 3.007950427e-02 3.168244763e-02 3.326418013e-02 3.482947481e-02
 3.638244307e-02 3.792668947e-02 3.946547097e-02 4.100187704e-02 4.253904031e-02
 4.408038394e-02 4.562991039e-02 4.719253805e-02 4.877449729e-02 5.038380813e-02
 5.203088005e-02 5.372930547e-02 5.549696917e-02 5.735768222e-02 5.934369728e-02
 6.149972371e-02 6.388951407e-02 6.660681509e-02 6.979333427e-02 7.365810485e-02
 7.946387127e-02 8.090254106e-02 7.710573126e-02 7.389194255e-02 7.150112333e-02
 4.118165711e-05 9.283740646e-05 1.646678740e-04 2.562324852e-04 3.672600784e-04
 4.978450128e-04 6.488746849e-04 8.270602208e-04 1.048566827e-03 1.313354707e-03
 1.620470353e-03 1.966045028e-03 2.345151714e-03 2.756505016e-03 3.205607178e-03
 3.696117780e-03 4.207471799e-03 4.730567844e-03 5.255233337e-03 5.768901753e-03
 6.258509347e-03 6.716572883e-03 7.150191966e-03 7.623201019e-03 8.293545857e-03
 9.330531575e-03 1.076969719e-02 1.248493938e-02 1.429439304e-02 1.609658580e-02
 1.785831969e-02 1.957406558e-02 2.124692847e-02 2.288210433e-02 2.448488189e-02
 2.606011809e-02 2.761216086e-02 2.914489254e-02 3.066179923e-02 3.216604491e-02
 3.366054626e-02 3.514804851e-02 3.663120763e-02 3.811268591e-02 3.959526524e-02
 4.108197928e-02 4.257626338e-02 4.408212000e-02 4.560429595e-02 4.714846506e-02
 4.872140430e-02 5.033113695e-02 5.198698365e-02 5.369938854e-02 5.547921959e-02
 5.733586283e-02 5.927258417e-02 6.127581770e-02 6.329168228e-02 6.518094711e-02
 6.667121723e-02 6.743596724e-02 6.738303339e-02 6.675896260e-02 6.587814358e-02
 4.057769943e-05 9.165949639e-05 1.628907040e-04 2.537942405e-04 3.636717633e-04
 4.914056780e-04 6.350408414e-04 7.951468707e-04 9.935051831e-04 1.274653668e-03
 1.586672007e-03 1.922298571e-03 2.283133098e-03 2.666845405e-03 3.098253171e-03
 3.559619614e-03 4.044181202e-03 4.549172920e-03 5.072607624e-03 5.614098123e-03
 6.176963339e-03 6.771086865e-03 7.415477730e-03 8.140395340e-03 8.982501109e-03
 9.970901003e-03 1.111234548e-02 1.238725769e-02 1.375973083e-02 1.519270000e-02
 1.665721707e-02 1.813417245e-02 1.961222437e-02 2.108514507e-02 2.254991348e-02
 2.400534892e-02 2.545139162e-02 2.688859565e-02 2.831780135e-02 2.974010257e-02
 3.115675495e-02 3.256919729e-02 3.397895866e-02 3.538765038e-02 3.679703057e-02
 3.820894463e-02 3.962544103e-02 4.104871049e-02 4.248109675e-02 4.392505346e-02
 4.538291844e-02 4.685671228e-02 4.834752013e-02 4.985463458e-02 5.137406412e-02
 5.289621056e-02 5.440249406e-02 5.586082198e-02 5.722139833e-02 5.841643409e-02
 5.937015296e-02 6.002245081e-02 6.035487926e-02 6.039716076e-02 6.021376746e-02
 4.088799513e-05 9.250702180e-05 1.646833986e-04 2.571171251e-04 3.693434642e-04
 5.006168721e-04 6.496206439e-04 8.123642776e-04 1.014470588e-03 1.264608506e-03
 1.565444467e-03 1.871949893e-03 2.231440869e-03 2.607418074e-03 3.009487932e-03
 3.458231914e-03 3.905777339e-03 4.422470259e-03 4.943159534e-03 5.500921480e-03
 6.105564344e-03 6.721628950e-03 7.440588507e-03 8.187589032e-03 9.028933273e-03
 9.953754821e-03 1.093619022e-02 1.204635542e-02 1.318050243e-02 1.440494181e-02
 1.565746466e-02 1.692234446e-02 1.824742477e-02 1.953537576e-02 2.088288726e-02
 2.220531162e-02 2.352576187e-02 2.487496050e-02 2.617395822e-02 2.753237669e-02
 2.884678845e-02 3.017177679e-02 3.150836782e-02 3.280058067e-02 3.415666272e-02
 3.546061182e-02 3.679529775e-02 3.812785586e-02 3.942920914e-02 4.078967194e-02
 4.209236674e-02 4.344139472e-02 4.476549262e-02 4.606241978e-02 4.738726364e-02
 4.862714904e-02 4.987225672e-02 5.102751056e-02 5.206985766e-02 5.303986697e-02
 5.380584241e-02 5.445574980e-02 5.491539468e-02 5.518980318e-02 5.537707116e-02
 0.827663133E+00 0.834946938E+00 0.843024675E+00 0.851906749E+00 0.861051301E+00
 0.870662653E+00 0.880736306E+00 0.891216233E+00 0.902107841E+00 0.913477041E+00
 0.925342675E+00 0.937722236E+00 0.950638410E+00 0.964113976E+00 0.978179900E+00
 0.992869119E+00 0.100821876E+01 0.102426656E+01 0.104105417E+01 0.105861958E+01
 0.107700212E+01 0.109625120E+01 0.111642201E+01 0.113757258E+01 0.115976920E+01
 0.118308446E+01 0.120758131E+01 0.123333092E+01 0.126041929E+01 0.128894644E+01
 0.131902539E+01 0.135077492E+01 0.138431063E+01 0.141976031E+01 0.145727883E+01
 0.149703594E+01 0.153922444E+01 0.158406788E+01 0.163180602E+01 0.168268349E+01
 0.173699040E+01 0.179507101E+01 0.185732646E+01 0.192421085E+01 0.199622128E+01
 0.207392414E+01 0.215800452E+01 0.224926131E+01 0.234864906E+01 0.245730646E+01
 0.257654624E+01 0.270796554E+01 0.285356168E+01 0.301584998E+01 0.319794824E+01
 0.340381578E+01 0.363875522E+01 0.390995118E+01 0.422729874E+01 0.460536773E+01
 0.506766354E+01 0.565538478E+01 0.645261058E+01 0.769737928E+01 0.155067417E+02
  361   98
 0.594480967E+00 0.110405035E+01 0.588859513E+00 0.109086756E+01 0.583214135E+00
 0.107769500E+01 0.577550104E+00 0.106453044E+01 0.571874723E+00 0.105137077E+01
 0.566195794E+00 0.103821264E+01 0.560521602E+00 0.102505246E+01 0.554858043E+00
 0.101188770E+01 0.549207586E+00 0.998717311E+00 0.543571579E+00 0.985540733E+00
 0.537951189E+00 0.972357486E+00 0.532348074E+00 0.959166888E+00 0.526764463E+00
 0.945968023E+00 0.521202724E+00 0.932759926E+00 0.515663510E+00 0.919542367E+00
 0.510146339E+00 0.906315592E+00 0.504650957E+00 0.893079749E+00 0.499178191E+00
 0.879834539E+00 0.493731104E+00 0.866578749E+00 0.488311733E+00 0.853311603E+00
 0.482920848E+00 0.840032857E+00 0.477559193E+00 0.826742282E+00 0.472228940E+00
 0.813439083E+00 0.466934463E+00 0.800121605E+00 0.461679605E+00 0.786788446E+00
 0.456466875E+00 0.773438761E+00 0.451298193E+00 0.760071960E+00 0.446176570E+00
 0.746687058E+00 0.441107238E+00 0.733282267E+00 0.436095186E+00 0.719855954E+00
 0.431143894E+00 0.706407117E+00 0.426255594E+00 0.692935257E+00 0.421432162E+00
 0.679440037E+00 0.416677424E+00 0.665920463E+00 0.411996567E+00 0.652375134E+00
 0.407393997E+00 0.638803005E+00 0.402872929E+00 0.625203511E+00 0.398435505E+00
 0.611576496E+00 0.394083662E+00 0.597921911E+00 0.389819821E+00 0.584239592E+00
 0.385647123E+00 0.570529203E+00 0.381568728E+00 0.556790468E+00 0.377587333E+00
 0.543023312E+00 0.373704928E+00 0.529227914E+00 0.369922637E+00 0.515404733E+00
 0.366240961E+00 0.501554414E+00 0.362660089E+00 0.487677692E+00 0.359180249E+00
 0.473775290E+00 0.355802537E+00 0.459847724E+00 0.352528540E+00 0.445895414E+00
 0.349359354E+00 0.431918924E+00 0.346295551E+00 0.417918955E+00 0.343337332E+00
 0.403896297E+00 0.340484477E+00 0.389851823E+00 0.337736603E+00 0.375786433E+00
 0.335093307E+00 0.361701014E+00 0.332553959E+00 0.347596485E+00 0.330117725E+00
 0.333473779E+00 0.327784510E+00 0.319333688E+00 0.325554790E+00 0.305176909E+00
 0.323429415E+00 0.291004090E+00 0.321409599E+00 0.276815843E+00 0.319496575E+00
 0.262612803E+00 0.317690378E+00 0.248395783E+00 0.315990476E+00 0.234165661E+00
 0.314396255E+00 0.219923313E+00 0.312907082E+00 0.205669597E+00 0.311522138E+00
 0.191405377E+00 0.310239924E+00 0.177131554E+00 0.309059088E+00 0.162848987E+00
 0.307978722E+00 0.148558469E+00 0.306998423E+00 0.134260737E+00 0.306118235E+00
 0.119956494E+00 0.305338270E+00 0.105646436E+00 0.304658498E+00 0.913312686E-01
 0.304078748E+00 0.770117015E-01 0.303598777E+00 0.626884426E-01 0.303217809E+00
 0.483622080E-01 0.302934809E+00 0.340337030E-01 0.302749371E+00 0.197036033E-01
 0.302661636E+00 0.537257249E-02 0.302672086E+00-0.895872282E-02 0.302780755E+00
-0.232896101E-01 0.302987377E+00-0.376194199E-01 0.303291915E+00-0.519474831E-01
 0.303694635E+00-0.662731227E-01 0.304196060E+00-0.805956469E-01 0.304796356E+00
-0.949143679E-01 0.305495840E+00-0.109228586E+00 0.306295324E+00-0.123537567E+00
 0.307196107E+00-0.137840527E+00 0.308199557E+00-0.152136651E+00 0.309305842E+00
-0.166425185E+00 0.310514691E+00-0.180705408E+00 0.311825757E+00-0.194976609E+00
 0.313238767E+00-0.209238077E+00 0.314754007E+00-0.223489046E+00 0.316372808E+00
-0.237728622E+00 0.318096922E+00-0.251955830E+00 0.319928160E+00-0.266169646E+00
 0.321868059E+00-0.280369039E+00 0.323916724E+00-0.294553148E+00 0.326072662E+00
-0.308721350E+00 0.328334289E+00-0.322873066E+00 0.330700198E+00-0.337007723E+00
 0.333169330E+00-0.351124714E+00 0.335741681E+00-0.365223262E+00 0.338418501E+00
-0.379302347E+00 0.341201206E+00-0.393360888E+00 0.344091113E+00-0.407397782E+00
 0.347089232E+00-0.421411962E+00 0.350195398E+00-0.435402592E+00 0.353408535E+00
-0.449369042E+00 0.356727383E+00-0.463310752E+00 0.360150702E+00-0.477227177E+00
 0.363677519E+00-0.491117735E+00 0.367307913E+00-0.504981582E+00 0.371042126E+00
-0.518817827E+00 0.374879987E+00-0.532625682E+00 0.378820790E+00-0.546404510E+00
 0.382863182E+00-0.560153878E+00 0.387005161E+00-0.573873575E+00 0.391244263E+00
-0.587563577E+00 0.395577684E+00-0.601224017E+00 0.400002903E+00-0.614854997E+00
 0.404517956E+00-0.628456486E+00 0.409121223E+00-0.642028375E+00 0.413810615E+00
-0.655570748E+00 0.418582985E+00-0.669084104E+00 0.423434192E+00-0.682569360E+00
 0.428359833E+00-0.696027609E+00 0.433357481E+00-0.709459285E+00 0.438425763E+00
-0.722864469E+00 0.443562499E+00-0.736243572E+00 0.448764126E+00-0.749597581E+00
 0.454025802E+00-0.762928047E+00 0.459343678E+00-0.776236193E+00 0.464716647E+00
-0.789522192E+00 0.470143952E+00-0.802786088E+00 0.475623900E+00-0.816028323E+00
 0.481153440E+00-0.829249926E+00 0.486730003E+00-0.842451766E+00 0.492354412E+00
-0.855633292E+00 0.498029132E+00-0.868793237E+00 0.503756373E+00-0.881930408E+00
 0.509537404E+00-0.895043999E+00 0.515373956E+00-0.908132971E+00 0.521272596E+00
-0.921194077E+00 0.527243798E+00-0.934222164E+00 0.533300236E+00-0.947210840E+00
 0.539456815E+00-0.960152338E+00 0.545732758E+00-0.973036357E+00 0.552159002E+00
-0.985846034E+00 0.558785045E+00-0.998553431E+00 0.565686425E+00-0.101111325E+01
 0.572981810E+00-0.102344796E+01 0.580867078E+00-0.103541301E+01 0.589680285E+00
-0.104670832E+01 0.599968928E+00-0.105666651E+01 0.612255557E+00-0.106397504E+01
 0.626131291E+00-0.106739636E+01 0.640444594E+00-0.106739279E+01 0.654612167E+00
-0.106527238E+01 0.668548036E+00-0.106193797E+01 0.682287653E+00-0.105786553E+01
 0.695874079E+00-0.105330661E+01 0.709338789E+00-0.104839931E+01 0.722703369E+00
-0.104322529E+01 0.735981605E+00-0.103783342E+01 0.749182931E+00-0.103225584E+01
 0.762313049E+00-0.102651260E+01 0.775372917E+00-0.102061135E+01 0.788360022E+00
-0.101455166E+01 0.801270846E+00-0.100833110E+01 0.814102178E+00-0.100194819E+01
 0.826850480E+00-0.995401028E+00 0.839512360E+00-0.988688255E+00 0.852084577E+00
-0.981809022E+00 0.864564949E+00-0.974764529E+00 0.876953177E+00-0.967559221E+00
 0.889248281E+00-0.960196133E+00 0.901445569E+00-0.952672130E+00 0.913537887E+00
-0.944980571E+00 0.925518421E+00-0.937116037E+00 0.937381584E+00-0.929075555E+00
 0.949123153E+00-0.920858528E+00 0.960741773E+00-0.912468545E+00 0.972238052E+00
-0.903911686E+00 0.983612824E+00-0.895193946E+00 0.994865475E+00-0.886319135E+00
 0.100599203E+01-0.877286739E+00 0.101698597E+01-0.868093408E+00 0.102784079E+01
-0.858736222E+00 0.103855211E+01-0.849215092E+00 0.104912033E+01-0.839535373E+00
 0.105954886E+01-0.829705298E+00 0.106983956E+01-0.819731028E+00 0.107998608E+01
-0.809610130E+00 0.108997768E+01-0.799336282E+00 0.109980501E+01-0.788905203E+00
 0.110946344E+01-0.778317540E+00 0.111895189E+01-0.767577281E+00 0.112826997E+01
-0.756688875E+00 0.113741225E+01-0.745652471E+00 0.114636736E+01-0.734463672E+00
 0.115512325E+01-0.723118311E+00 0.116367127E+01-0.711615525E+00 0.117200803E+01
-0.699958719E+00 0.118013316E+01-0.688153422E+00 0.118804456E+01-0.676203849E+00
 0.119573178E+01-0.664108861E+00 0.120318432E+01-0.651867882E+00 0.121039702E+01
-0.639484065E+00 0.121736964E+01-0.626963501E+00 0.122410296E+01-0.614312630E+00
 0.123059662E+01-0.601537085E+00 0.123685094E+01-0.588642678E+00 0.124286964E+01
-0.575636614E+00 0.124865927E+01-0.562526962E+00 0.125422728E+01-0.549321645E+00
 0.125958194E+01-0.536028374E+00 0.126473260E+01-0.522654723E+00 0.126969139E+01
-0.509208735E+00 0.127447286E+01-0.495698658E+00 0.127909214E+01-0.482132253E+00
 0.128356325E+01-0.468516290E+00 0.128789829E+01-0.454856387E+00 0.129211098E+01
-0.441158245E+00 0.129621773E+01-0.427427959E+00 0.130023708E+01-0.413671828E+00
 0.130418730E+01-0.399895678E+00 0.130807845E+01-0.386102728E+00 0.131191734E+01
-0.372295135E+00 0.131571146E+01-0.358475176E+00 0.131946977E+01-0.344645432E+00
 0.132320158E+01-0.330808512E+00 0.132691095E+01-0.316965559E+00 0.133060004E+01
-0.303117186E+00 0.133427048E+01-0.289263861E+00 0.133792253E+01-0.275405675E+00
 0.134155318E+01-0.261541869E+00 0.134515276E+01-0.247669966E+00 0.134870896E+01
-0.233786880E+00 0.135220813E+01-0.219889315E+00 0.135563493E+01-0.205973735E+00
 0.135897253E+01-0.192036498E+00 0.136220443E+01-0.178074383E+00 0.136531185E+01
-0.164084049E+00 0.136827245E+01-0.150061929E+00 0.137106049E+01-0.136004503E+00
 0.137364940E+01-0.121909071E+00 0.137601710E+01-0.107774820E+00 0.137814159E+01
-0.936020010E-01 0.138000022E+01-0.793918999E-01 0.138157002E+01-0.651470312E-01
 0.138283184E+01-0.508716038E-01 0.138377429E+01-0.365715563E-01 0.138438811E+01
-0.222536503E-01 0.138466567E+01-0.792529144E-02 0.138460139E+01 0.640560480E-02
 0.138419618E+01 0.207309252E-01 0.138345803E+01 0.350429672E-01 0.138239697E+01
 0.493347141E-01 0.138102445E+01 0.635999360E-01 0.137935345E+01 0.778333017E-01
 0.137740411E+01 0.920312584E-01 0.137520104E+01 0.106192092E+00 0.137276828E+01
 0.120315304E+00 0.137012888E+01 0.134401387E+00 0.136730530E+01 0.148451728E+00
 0.136432338E+01 0.162469340E+00 0.136120828E+01 0.176457975E+00 0.135798141E+01
 0.190421262E+00 0.135466072E+01 0.204362541E+00 0.135126166E+01 0.218284926E+00
 0.134779989E+01 0.232191859E+00 0.134429001E+01 0.246086729E+00 0.134074503E+01
 0.259972687E+00 0.133717672E+01 0.273852670E+00 0.133359438E+01 0.287729041E+00
 0.132999959E+01 0.301602189E+00 0.132639001E+01 0.315471498E+00 0.132276235E+01
 0.329336087E+00 0.131911311E+01 0.343195012E+00 0.131543769E+01 0.357047015E+00
 0.131172611E+01 0.370889372E+00 0.130796827E+01 0.384719241E+00 0.130415546E+01
 0.398534053E+00 0.130027970E+01 0.412331334E+00 0.129633053E+01 0.426107777E+00
 0.129228974E+01 0.439857615E+00 0.128813831E+01 0.453574443E+00 0.128385927E+01
 0.467251989E+00 0.127943830E+01 0.480884312E+00 0.127486306E+01 0.494465623E+00
 0.127011980E+01 0.507989157E+00 0.126519365E+01 0.521447132E+00 0.126007013E+01
 0.534831197E+00 0.125473709E+01 0.548133152E+00 0.124918534E+01 0.561345304E+00
 0.124340711E+01 0.574459978E+00 0.123739554E+01 0.587469336E+00 0.123114464E+01
 0.600365401E+00 0.122465115E+01 0.613141020E+00 0.121791528E+01 0.625790528E+00
 0.121093830E+01 0.638308664E+00 0.120372026E+01 0.650689364E+00 0.119626179E+01
 0.662926731E+00 0.118856822E+01 0.675017680E+00 0.118065029E+01 0.686962928E+00
 0.117251946E+01 0.698764301E+00 0.116417899E+01 0.710418460E+00 0.115562969E+01
 0.721920293E+00 0.114687496E+01 0.733266549E+00 0.113792330E+01 0.744458112E+00
 0.112878687E+01 0.755499364E+00 0.111947762E+01 0.766395322E+00 0.111000173E+01
 0.777146669E+00 0.110035966E+01 0.787749241E+00 0.109055210E+01 0.798198919E+00
 0.108058306E+01 0.808494661E+00 0.107046152E+01 0.818640543E+00 0.106019823E+01
 0.828643022E+00 0.104980022E+01 0.838505385E+00 0.103926581E+01 0.848221902E+00
 0.102859128E+01 0.857784250E+00 0.101777559E+01 0.867186653E+00 0.100682273E+01
 0.876428905E+00 0.995739048E+00 0.885513856E+00 0.984531135E+00 0.894445108E+00
 0.973203288E+00 0.903223743E+00 0.961756415E+00 0.911846594E+00 0.950189844E+00
 0.920308197E+00 0.938503031E+00 0.928602930E+00 0.926697317E+00 0.936727540E+00
 0.914777135E+00 0.944683265E+00 0.902748538E+00 0.952474115E+00 0.890618767E+00
 0.960106504E+00 0.878395390E+00 0.967588080E+00 0.866083840E+00 0.974923658E+00
 0.853686087E+00 0.982112586E+00 0.841203384E+00 0.989152973E+00 0.828638833E+00
 0.996046239E+00 0.815997152E+00 0.100279702E+01 0.803283595E+00 0.100941146E+01
 0.790504166E+00 0.101589774E+01 0.777665176E+00 0.102226532E+01 0.764774098E+00
 0.102852680E+01 0.751838824E+00 0.103469648E+01 0.738865014E+00 0.104078471E+01
 0.725855134E+00 0.104679548E+01 0.712811049E+00 0.105273166E+01 0.699736365E+00
 0.105860014E+01 0.686634518E+00 0.106440774E+01 0.673509295E+00 0.107016231E+01
 0.660364242E+00 0.107587145E+01 0.647203115E+00 0.108154344E+01 0.634030268E+00
 0.108718816E+01 0.620849223E+00 0.109281371E+01 0.607665189E+00 0.109843225E+01
 0.594480967E+00 0.110405035E+01
 0.156441580E+01 0.156423520E+01 0.173298350E+01 0.167901950E+01 0.134847970E+01
 0.206041340E+01 0.108819530E+01 0.205946000E+01 0.902253030E+00 0.187565310E+01
 0.903668760E+00 0.187424170E+01 0.533866470E+00 0.150285580E+01 0.538010660E+00
 0.149874330E+01 0.332797140E+00 0.129708960E+01 0.332797140E+00 0.109400000E+01
 0.334795920E+00 0.109400000E+01 0.303115250E+00 0.847500000E+00 0.305114030E+00
 0.847500000E+00 0.269135950E+00 0.565000000E+00 0.271134730E+00 0.565000000E+00
 0.260841000E+00 0.495257700E+00 0.260841000E+00-0.507257700E+00 0.271134730E+00
-0.576999960E+00 0.269135950E+00-0.576999960E+00 0.305114030E+00-0.859500000E+00
 0.303115250E+00-0.859500000E+00 0.334795920E+00-0.110600010E+01 0.332797140E+00
-0.110600010E+01 0.332797140E+00-0.130908970E+01 0.538598100E+00-0.150990190E+01
 0.534468950E+00-0.151402960E+01 0.905629600E+00-0.188405800E+01 0.904219000E+00
-0.188547470E+01 0.108819530E+01-0.206614000E+01 0.134847970E+01-0.206518650E+01
 0.173017910E+01-0.168098580E+01 0.156441580E+01-0.156883530E+01 0.137999130E+01
-0.157688300E+01 0.137989190E+01-0.157672700E+01 0.119622210E+01-0.158474990E+01
 0.119631650E+01-0.158489800E+01 0.105537410E+01-0.159104840E+01 0.105528350E+01
-0.159090630E+01 0.947502500E+00-0.159561420E+01 0.905686400E+00-0.159556230E+01
 0.899143000E+00-0.159478470E+01 0.883387860E+00-0.159026430E+01 0.867681200E+00
-0.158087360E+01 0.851322350E+00-0.156766880E+01 0.833481900E+00-0.154624210E+01
 0.826062560E+00-0.152875240E+01 0.822677700E+00-0.151516830E+01 0.821022750E+00
-0.149624060E+01 0.820691350E+00-0.147724350E+01 0.822887360E+00-0.144582030E+01
 0.827573000E+00-0.141923050E+01 0.839194600E+00-0.138728100E+01 0.855244300E+00
-0.135284130E+01 0.877566500E+00-0.132209860E+01 0.899473500E+00-0.130017830E+01
 0.118567730E+01-0.101380000E+01 0.127900000E+01-0.842300000E+00 0.129600000E+01
-0.820200000E+00 0.143300000E+01-0.820200000E+00 0.143300000E+01-0.711000000E+00
 0.149000000E+01-0.491000000E+00 0.146000000E+01-0.491000000E+00 0.146000000E+01
-0.233000000E+00 0.166100000E+01-0.233000000E+00 0.166100000E+01 0.226000000E+00
 0.146000000E+01 0.226000000E+00 0.146000000E+01 0.481000000E+00 0.149300000E+01
 0.481000000E+00 0.147400000E+01 0.554000000E+00 0.143300000E+01 0.711000000E+00
 0.143300000E+01 0.815600000E+00 0.129600000E+01 0.815600000E+00 0.127900000E+01
 0.837699950E+00 0.118567730E+01 0.100920000E+01 0.899473500E+00 0.129557820E+01
 0.877566500E+00 0.131749860E+01 0.855244300E+00 0.134824120E+01 0.839194600E+00
 0.138268090E+01 0.827573000E+00 0.141463040E+01 0.822887360E+00 0.144122030E+01
 0.820691350E+00 0.147264350E+01 0.821022750E+00 0.149164060E+01 0.822677700E+00
 0.151056830E+01 0.826062560E+00 0.152415240E+01 0.833481900E+00 0.154164210E+01
 0.851322350E+00 0.156306870E+01 0.867681200E+00 0.157627360E+01 0.883387860E+00
 0.158566430E+01 0.899143000E+00 0.159018470E+01 0.905686400E+00 0.159096230E+01
 0.947502500E+00 0.159101410E+01 0.105528350E+01 0.158630620E+01 0.105537410E+01
 0.158644830E+01 0.119631650E+01 0.158029800E+01 0.119622210E+01 0.158014990E+01
 0.137989190E+01 0.157212700E+01 0.137999130E+01 0.157228290E+01 0.156441580E+01
 0.156423520E+01
    0
