EFIT++      MAST # 47052 # 620ms                   0  65  65
 0.194000000E+01 0.440000000E+01 0.800000000E+00 0.600000000E-01 0.000000000E+00
 0.979774217E+00 0.268651958E-02-0.738329355E-01-0.121855544E-03-0.654744433E+00
 0.740194890E+06-0.738329355E-01 0.000000000E+00 0.979774217E+00 0.000000000E+00
 0.268651958E-02 0.000000000E+00-0.121855544E-03 0.000000000E+00 0.000000000E+00
-0.544680499E+00-0.544099088E+00-0.543523667E+00-0.542954338E+00-0.542391202E+00
-0.541834359E+00-0.541283913E+00-0.540739963E+00-0.540202614E+00-0.539671966E+00
-0.539148122E+00-0.538631185E+00-0.538121257E+00-0.537618440E+00-0.537122839E+00
-0.536634554E+00-0.536153691E+00-0.535680351E+00-0.535214637E+00-0.534756654E+00
-0.534306503E+00-0.533864288E+00-0.533430113E+00-0.533004080E+00-0.532586293E+00
-0.532176854E+00-0.531775867E+00-0.531383434E+00-0.530999658E+00-0.530624642E+00
-0.530258488E+00-0.529901299E+00-0.529553177E+00-0.529214223E+00-0.528884540E+00
-0.528564229E+00-0.528253391E+00-0.527952128E+00-0.527660539E+00-0.527378727E+00
-0.527106789E+00-0.526844827E+00-0.526592940E+00-0.526351227E+00-0.526119786E+00
-0.525898715E+00-0.525688113E+00-0.525488076E+00-0.525298701E+00-0.525120085E+00
-0.524952323E+00-0.524795511E+00-0.524649743E+00-0.524515113E+00-0.524391714E+00
-0.524279640E+00-0.524178983E+00-0.524089833E+00-0.524012283E+00-0.523946421E+00
-0.523892338E+00-0.523850121E+00-0.523819859E+00-0.523801639E+00-0.523795546E+00
 0.279193140E+05 0.272678967E+05 0.266166170E+05 0.259657988E+05 0.253157659E+05
 0.246668422E+05 0.240193516E+05 0.233736179E+05 0.227299651E+05 0.220887170E+05
 0.214501975E+05 0.208147305E+05 0.201826399E+05 0.195542494E+05 0.189298831E+05
 0.183098648E+05 0.176945183E+05 0.170841676E+05 0.164791365E+05 0.158797488E+05
 0.152863286E+05 0.146991996E+05 0.141186857E+05 0.135451109E+05 0.129787989E+05
 0.124200737E+05 0.118692591E+05 0.113266791E+05 0.107926574E+05 0.102675180E+05
 0.975158476E+04 0.924518154E+04 0.874863223E+04 0.826226070E+04 0.778639084E+04
 0.732134651E+04 0.686745160E+04 0.642502998E+04 0.599440553E+04 0.557590213E+04
 0.516984366E+04 0.477655399E+04 0.439635700E+04 0.402957657E+04 0.367653658E+04
 0.333756090E+04 0.301297341E+04 0.270309799E+04 0.240825853E+04 0.212877888E+04
 0.186498294E+04 0.161719458E+04 0.138573767E+04 0.117093611E+04 0.973113750E+03
 0.792594486E+03 0.629702190E+03 0.484760740E+03 0.358094013E+03 0.250025888E+03
 0.160880242E+03 0.909809527E+02 0.406518974E+02 0.102169540E+02 0.000000000E+00
-0.276362431E+00-0.273261259E+00-0.270121452E+00-0.266943011E+00-0.263725936E+00
-0.260470225E+00-0.257175880E+00-0.253842901E+00-0.250471287E+00-0.247061038E+00
-0.243612154E+00-0.240124636E+00-0.236598483E+00-0.233033696E+00-0.229430274E+00
-0.225788217E+00-0.222107525E+00-0.218388199E+00-0.214630239E+00-0.210833643E+00
-0.206998414E+00-0.203124549E+00-0.199212050E+00-0.195260916E+00-0.191271147E+00
-0.187242744E+00-0.183175706E+00-0.179070034E+00-0.174925727E+00-0.170742785E+00
-0.166521209E+00-0.162260998E+00-0.157962152E+00-0.153624672E+00-0.149248557E+00
-0.144833807E+00-0.140380423E+00-0.135888404E+00-0.131357751E+00-0.126788462E+00
-0.122180540E+00-0.117533982E+00-0.112848790E+00-0.108124963E+00-0.103362502E+00
-0.985614061E-01-0.937216754E-01-0.888433101E-01-0.839263102E-01-0.789706756E-01
-0.739764064E-01-0.689435026E-01-0.638719641E-01-0.587617909E-01-0.536129831E-01
-0.484255407E-01-0.431994636E-01-0.379347519E-01-0.326314056E-01-0.272894246E-01
-0.219088090E-01-0.164895587E-01-0.110316738E-01-0.553515420E-02 0.000000000E+00
-0.565562166E+06-0.565583319E+06-0.565323264E+06-0.564782001E+06-0.563959529E+06
-0.562855849E+06-0.561470960E+06-0.559804864E+06-0.557857559E+06-0.555629045E+06
-0.553119324E+06-0.550328394E+06-0.547256255E+06-0.543902909E+06-0.540268354E+06
-0.536352590E+06-0.532155619E+06-0.527677439E+06-0.522918051E+06-0.517877454E+06
-0.512555649E+06-0.506952636E+06-0.501068415E+06-0.494902985E+06-0.488456347E+06
-0.481728500E+06-0.474719445E+06-0.467429182E+06-0.459857711E+06-0.452005031E+06
-0.443871143E+06-0.435456047E+06-0.426759742E+06-0.417782229E+06-0.408523508E+06
-0.398983578E+06-0.389162440E+06-0.379060094E+06-0.368676539E+06-0.358011776E+06
-0.347065805E+06-0.335838626E+06-0.324330238E+06-0.312540641E+06-0.300469837E+06
-0.288117824E+06-0.275484603E+06-0.262570174E+06-0.249374536E+06-0.235897690E+06
-0.222139635E+06-0.208100372E+06-0.193779901E+06-0.179178222E+06-0.164295334E+06
-0.149131238E+06-0.133685934E+06-0.117959421E+06-0.101951700E+06-0.856627712E+05
-0.690926336E+05-0.522412877E+05-0.351087334E+05-0.176949709E+05 0.000000000E+00
-5.749942013e-05-1.285629793e-04-2.250519566e-04-3.436760251e-04-4.801661900e-04
-6.292648228e-04-7.846737036e-04-9.388356601e-04-1.074661307e-03-1.165387754e-03
-1.217516965e-03-1.222743059e-03-1.164157858e-03-1.028891032e-03-8.007160259e-04
-4.676921872e-04-2.926004889e-05 5.225555261e-04 1.181827998e-03 1.945626701e-03
 2.802411527e-03 3.727700090e-03 4.700846263e-03 5.680262652e-03 6.637467820e-03
 7.542510856e-03 8.376094113e-03 9.144662901e-03 9.847524750e-03 1.051005551e-02
 1.114309842e-02 1.175987266e-02 1.237823950e-02 1.299273249e-02 1.362071103e-02
 1.425324599e-02 1.489370977e-02 1.554533398e-02 1.619396787e-02 1.687323998e-02
 1.755131465e-02 1.824236780e-02 1.894553809e-02 1.964000926e-02 2.035859240e-02
 2.106180672e-02 2.177646631e-02 2.248972262e-02 2.318816034e-02 2.390419226e-02
 2.459167453e-02 2.529055584e-02 2.597209097e-02 2.663415353e-02 2.730125861e-02
 2.792463263e-02 2.854704727e-02 2.912942504e-02 2.966425984e-02 3.017777299e-02
 3.060909518e-02 3.100753947e-02 3.133665333e-02 3.159593943e-02 3.183712234e-02
-8.629242225e-05-1.937016963e-04-3.409215890e-04-5.243419862e-04-7.392307185e-04
-9.797460380e-04-1.238987583e-03-1.506740140e-03-1.762705950e-03-1.961488324e-03
-2.122723549e-03-2.233475200e-03-2.278492145e-03-2.261508515e-03-2.040884943e-03
-1.679931216e-03-1.174410594e-03-5.107237025e-04 3.210505668e-04 1.322507718e-03
 2.484621797e-03 3.782684930e-03 5.163910048e-03 6.548989583e-03 7.843213856e-03
 8.965667401e-03 9.883714936e-03 1.062262244e-02 1.124202124e-02 1.180259263e-02
 1.234769672e-02 1.290198335e-02 1.347691052e-02 1.407630040e-02 1.470009929e-02
 1.534653076e-02 1.601328442e-02 1.669819897e-02 1.739961274e-02 1.811612409e-02
 1.884610791e-02 1.958773273e-02 2.033906906e-02 2.109814787e-02 2.186300754e-02
 2.263169483e-02 2.340233417e-02 2.417315127e-02 2.494252498e-02 2.570903121e-02
 2.647141774e-02 2.722859616e-02 2.797948611e-02 2.872278801e-02 2.945656364e-02
 3.017756344e-02 3.088023959e-02 3.155537087e-02 3.218875359e-02 3.276098684e-02
 3.325027188e-02 3.363922517e-02 3.392212758e-02 3.410634100e-02 3.420959803e-02
-1.217532176e-04-2.741290374e-04-4.844987327e-04-7.491364871e-04-1.062899066e-03
-1.418961685e-03-1.808507893e-03-2.218662386e-03-2.623388308e-03-3.017823741e-03
-3.359439998e-03-3.627512360e-03-3.816146260e-03-3.890642849e-03-3.800613060e-03
-3.501557302e-03-2.984561239e-03-2.226505006e-03-1.202366800e-03 1.086537482e-04
 1.723524008e-03 3.651039153e-03 5.859910197e-03 8.209216204e-03 1.033721423e-02
 1.182145595e-02 1.254869115e-02 1.280594820e-02 1.296813771e-02 1.320847115e-02
 1.355817140e-02 1.400556623e-02 1.453157834e-02 1.511904855e-02 1.575450681e-02
 1.642793459e-02 1.713208175e-02 1.786176348e-02 1.861323167e-02 1.938363412e-02
 2.017058114e-02 2.097184253e-02 2.178516988e-02 2.260821969e-02 2.343855411e-02
 2.427370194e-02 2.511126526e-02 2.594905664e-02 2.678525151e-02 2.761854031e-02
 2.844826576e-02 2.927452985e-02 3.009825021e-02 3.092112979e-02 3.174546244e-02
 3.257359680e-02 3.340664721e-02 3.424149798e-02 3.506398436e-02 3.583500313e-02
 3.647476384e-02 3.688966664e-02 3.705590330e-02 3.704275410e-02 3.694407300e-02
-1.635559357e-04-3.693899731e-04-6.556832451e-04-1.019408621e-03-1.456034586e-03
-1.959083661e-03-2.519619124e-03-3.123404994e-03-3.747875637e-03-4.379962528e-03
-4.985682585e-03-5.527522856e-03-5.979008896e-03-6.294188784e-03-6.418464121e-03
-6.294052150e-03-5.865642488e-03-5.084892227e-03-3.912804562e-03-2.317272817e-03
-2.582358828e-04 2.359176518e-03 5.701914580e-03 1.031319488e-02 1.531919075e-02
 1.740224380e-02 1.652282651e-02 1.460423988e-02 1.404631600e-02 1.404089365e-02
 1.432976196e-02 1.479345153e-02 1.536797182e-02 1.601622698e-02 1.671592717e-02
 1.745358685e-02 1.822114679e-02 1.901387448e-02 1.982896076e-02 2.066454228e-02
 2.151901941e-02 2.239060471e-02 2.327706493e-02 2.417563022e-02 2.508304578e-02
 2.599573953e-02 2.691007694e-02 2.782267267e-02 2.873072998e-02 2.963238516e-02
 3.052704508e-02 3.141572287e-02 3.230140016e-02 3.318947680e-02 3.408841653e-02
 3.501077571e-02 3.597494644e-02 3.700826902e-02 3.815340784e-02 3.949750015e-02
 4.107994950e-02 4.160990728e-02 4.101380167e-02 4.026928944e-02 3.973074743e-02
-2.096158811e-04-4.751718003e-04-8.477814992e-04-1.326624167e-03-1.909596638e-03
-2.592647950e-03-3.369028910e-03-4.226103458e-03-5.144539307e-03-6.111534801e-03
-7.101880005e-03-8.068134362e-03-8.974751568e-03-9.760280111e-03-1.033676111e-02
-1.059528535e-02-1.042084249e-02-9.719470258e-03-8.444825284e-03-6.606185849e-03
-4.252209674e-03-1.448507403e-03 1.718621504e-03 5.063137717e-03 8.117979362e-03
 1.033016781e-02 1.160243241e-02 1.236030729e-02 1.299888149e-02 1.366886360e-02
 1.439327485e-02 1.516091555e-02 1.595728858e-02 1.677208592e-02 1.759994138e-02
 1.843944703e-02 1.929184810e-02 2.015981063e-02 2.104636649e-02 2.195406110e-02
 2.288431233e-02 2.383698875e-02 2.481021491e-02 2.580040513e-02 2.680251330e-02
 2.781046823e-02 2.881774575e-02 2.981801573e-02 3.080579821e-02 3.177707106e-02
 3.272979286e-02 3.366433836e-02 3.458388895e-02 3.549487786e-02 3.640767047e-02
 3.733779597e-02 3.830832064e-02 3.935457813e-02 4.053393972e-02 4.193870680e-02
 4.355493503e-02 4.412144443e-02 4.346044119e-02 4.250132951e-02 4.186918738e-02
-2.545572487e-04-5.799339096e-04-1.041744078e-03-1.643863333e-03-2.389399531e-03
-3.279494712e-03-4.312318855e-03-5.481996290e-03-6.764972494e-03-8.163868501e-03
-9.663495963e-03-1.123649319e-02-1.286118962e-02-1.449707263e-02-1.602705132e-02
-1.721707650e-02-1.771722516e-02-1.720043507e-02-1.557149425e-02-1.302821674e-02
-9.915357790e-03-6.542115473e-03-3.128184422e-03 1.615095226e-04 3.188196847e-03
 5.851651181e-03 8.120218501e-03 1.003302990e-02 1.166526833e-02 1.309010593e-02
 1.436232407e-02 1.551959787e-02 1.658907199e-02 1.759271776e-02 1.855023194e-02
 1.948009241e-02 2.039956701e-02 2.132422391e-02 2.226725217e-02 2.323876005e-02
 2.424516317e-02 2.528876458e-02 2.636762458e-02 2.747579493e-02 2.860394438e-02
 2.974033938e-02 3.087208202e-02 3.198646040e-02 3.307224273e-02 3.412075282e-02
 3.512660257e-02 3.608802235e-02 3.700680508e-02 3.788793624e-02 3.873898719e-02
 3.956926262e-02 4.038843380e-02 4.120370326e-02 4.201252740e-02 4.278204988e-02
 4.340427161e-02 4.371555788e-02 4.369814093e-02 4.348675797e-02 4.321163244e-02
-2.872967904e-04-6.596290197e-04-1.197395779e-03-1.913758804e-03-2.822271487e-03
-3.934178234e-03-5.255277509e-03-6.780660351e-03-8.494035694e-03-1.038453848e-02
-1.244218940e-02-1.467745891e-02-1.715149744e-02-2.003175777e-02-2.356903040e-02
-2.768985587e-02-3.110642106e-02-3.104906535e-02-2.718342548e-02-2.130355318e-02
-1.579930406e-02-1.092372717e-02-6.563767140e-03-2.632142379e-03 9.152406777e-04
 4.097381378e-03 6.925644088e-03 9.414427980e-03 1.158492140e-02 1.346479807e-02
 1.508690414e-02 1.648817468e-02 1.770854760e-02 1.878949306e-02 1.977225731e-02
 2.069619320e-02 2.159742609e-02 2.250782756e-02 2.345409369e-02 2.445674644e-02
 2.552905136e-02 2.667606132e-02 2.789412870e-02 2.917120284e-02 3.048806205e-02
 3.182041242e-02 3.314160823e-02 3.442563737e-02 3.564994783e-02 3.679766720e-02
 3.785883230e-02 3.883043857e-02 3.971539528e-02 4.052070387e-02 4.125524507e-02
 4.192743951e-02 4.254282511e-02 4.310143676e-02 4.359508574e-02 4.400576146e-02
 4.430847174e-02 4.448372628e-02 4.454035737e-02 4.453860749e-02 4.449287754e-02
-2.872652020e-04-6.686814227e-04-1.236734585e-03-2.022512364e-03-3.061721235e-03
-4.389436038e-03-6.032547064e-03-7.997357120e-03-1.025236163e-02-1.273487868e-02
-1.533171308e-02-1.794518422e-02-2.056704391e-02-2.347181665e-02-2.718137388e-02
-3.238240785e-02-3.785259998e-02-3.781950998e-02-3.222315239e-02-2.372904439e-02
-1.724184946e-02-1.181356556e-02-7.048402343e-03-2.752136063e-03 1.167448312e-03
 4.744951029e-03 7.980629547e-03 1.085667679e-02 1.335245081e-02 1.545924804e-02
 1.719123544e-02 1.858850556e-02 1.971159745e-02 2.063125861e-02 2.141875647e-02
 2.213997914e-02 2.285344207e-02 2.361043542e-02 2.445523089e-02 2.542389846e-02
 2.654139635e-02 2.781784438e-02 2.924569370e-02 3.079931355e-02 3.243746265e-02
 3.410805734e-02 3.575431664e-02 3.732158710e-02 3.876416690e-02 4.005094373e-02
 4.116825933e-02 4.211897126e-02 4.291815790e-02 4.358724156e-02 4.414851233e-02
 4.462122127e-02 4.501941987e-02 4.535119964e-02 4.561899102e-02 4.582082483e-02
 4.595247409e-02 4.600401083e-02 4.605911022e-02 4.606698737e-02 4.602435930e-02
-2.217407875e-04-5.304380512e-04-1.019280418e-03-1.749645650e-03-2.802564732e-03
-4.269491273e-03-6.237974798e-03-8.782484143e-03-1.195191918e-02-1.572874207e-02
-1.962713540e-02-2.262697318e-02-2.417573036e-02-2.458561876e-02-2.479319074e-02
-2.495173103e-02-2.461061817e-02-2.322435581e-02-2.059363078e-02-1.699372966e-02
-1.290002022e-02-8.654308588e-03-4.414610747e-03-2.420252110e-04 3.829341293e-03
 7.751952092e-03 1.144081466e-02 1.476671910e-02 1.758030026e-02 1.976933218e-02
 2.131595000e-02 2.230883725e-02 2.290083466e-02 2.324979039e-02 2.348376920e-02
 2.369707128e-02 2.396186306e-02 2.434225828e-02 2.490394962e-02 2.571489299e-02
 2.683455626e-02 2.829525823e-02 3.008642439e-02 3.215169083e-02 3.439889699e-02
 3.671449597e-02 3.897561955e-02 4.106176615e-02 4.287165188e-02 4.434369119e-02
 4.546889240e-02 4.628558440e-02 4.685824808e-02 4.725403119e-02 4.752820293e-02
 4.771989241e-02 4.785378393e-02 4.794370428e-02 4.799610067e-02 4.801286557e-02
 4.799356511e-02 4.793926681e-02 4.790366457e-02 4.785384952e-02 4.776844167e-02
-5.850329983e-05-1.564801391e-04-3.477213880e-04-7.155643257e-04-1.432611479e-03
-2.768835126e-03-4.894764825e-03-7.848143887e-03-1.179276710e-02-1.722790465e-02
-2.400679476e-02-2.780951419e-02-2.775855738e-02-2.403061306e-02-2.152877581e-02
-1.969351734e-02-1.797241922e-02-1.603642578e-02-1.371263935e-02-1.095354918e-02
-7.791626912e-03-4.285636323e-03-4.825102180e-04 3.596325288e-03 7.948536904e-03
 1.256321166e-02 1.734866582e-02 2.197607160e-02 2.575660498e-02 2.802358967e-02
 2.864205697e-02 2.817041464e-02 2.727656843e-02 2.638867295e-02 2.561880724e-02
 2.499496310e-02 2.452537478e-02 2.420968170e-02 2.413806610e-02 2.445947680e-02
 2.540427763e-02 2.714111508e-02 2.965510291e-02 3.277708782e-02 3.625466365e-02
 3.986573255e-02 4.338811212e-02 4.654662598e-02 4.904588827e-02 5.068874050e-02
 5.151487901e-02 5.176404823e-02 5.170671789e-02 5.152620698e-02 5.131135090e-02
 5.110057024e-02 5.090457615e-02 5.072339311e-02 5.055362750e-02 5.038900815e-02
 5.022471884e-02 5.005958654e-02 4.992966371e-02 4.980372548e-02 4.966504279e-02
 1.817813900e-04 4.171185769e-04 7.644393148e-04 1.268930651e-03 1.903596637e-03
 1.132808465e-03-1.448564937e-03-4.353494649e-03-7.531311689e-03-1.099466855e-02
-1.428374653e-02-1.650325039e-02-1.714033389e-02-1.647356541e-02-1.527851024e-02
-1.390672987e-02-1.238039398e-02-1.064081558e-02-8.625518749e-03-6.288733729e-03
-3.600514293e-03-5.356096969e-04 2.942539772e-03 6.901659805e-03 1.146998895e-02
 1.689439742e-02 2.368961148e-02 3.311408740e-02 4.211599814e-02 4.482387775e-02
 4.084911658e-02 3.462228848e-02 3.100034766e-02 2.863220814e-02 2.693736114e-02
 2.560454814e-02 2.441809149e-02 2.318468202e-02 2.170561754e-02 1.996229921e-02
 1.955956016e-02 2.177964576e-02 2.641646404e-02 3.223456033e-02 3.797426324e-02
 4.377871652e-02 4.991543607e-02 5.615559403e-02 6.065887972e-02 6.219047580e-02
 6.057031522e-02 5.852067167e-02 5.699966342e-02 5.589701559e-02 5.507290243e-02
 5.443504198e-02 5.392366376e-02 5.349787251e-02 5.313576066e-02 5.281580029e-02
 5.253144597e-02 5.227865705e-02 5.205322073e-02 5.183504414e-02 5.161250409e-02
 4.096015918e-04 9.458702880e-04 1.736142349e-03 2.825798213e-03 4.093051508e-03
 3.798445998e-03 1.578830879e-03-6.938554502e-04-2.870014801e-03-4.907227865e-03
-6.685168167e-03-8.051183072e-03-8.884025570e-03-9.168753846e-03-8.973239811e-03
-8.383320048e-03-7.458426847e-03-6.224830123e-03-4.685852057e-03-2.832237011e-03
-6.474878213e-04 1.891793969e-03 4.819299889e-03 8.184916538e-03 1.206147708e-02
 1.654561243e-02 2.171592840e-02 2.735187626e-02 3.208625158e-02 3.423926134e-02
 3.356218591e-02 3.140650384e-02 2.934048826e-02 2.770312085e-02 2.642512137e-02
 2.536867664e-02 2.437619223e-02 2.324910342e-02 2.168879601e-02 1.919431668e-02
 1.809221384e-02 2.051865585e-02 2.667702369e-02 3.368664480e-02 4.009718095e-02
 4.650191461e-02 5.348132438e-02 6.155860545e-02 6.678681432e-02 6.791995438e-02
 6.489765015e-02 6.210481901e-02 6.026320189e-02 5.896255073e-02 5.798563032e-02
 5.721425375e-02 5.658069558e-02 5.604405704e-02 5.557840226e-02 5.516652924e-02
 5.479648737e-02 5.445930450e-02 5.414730179e-02 5.385351596e-02 5.357436981e-02
 5.772612252e-04 1.321586438e-03 2.391890918e-03 3.812697476e-03 5.438739982e-03
 5.483751984e-03 3.517659773e-03 1.930043234e-03 4.695168808e-04-8.975710678e-04
-2.123822638e-03-3.134842977e-03-3.873906527e-03-4.308044986e-03-4.427561738e-03
-4.237906210e-03-3.749895466e-03-2.972949089e-03-1.912367384e-03-5.693805058e-04
 1.057539957e-03 2.970803302e-03 5.170919645e-03 7.651368666e-03 1.038828273e-02
 1.332075671e-02 1.631957721e-02 1.915777951e-02 2.152478269e-02 2.325804390e-02
 2.428873209e-02 2.470174831e-02 2.476058740e-02 2.468527772e-02 2.461010719e-02
 2.460116854e-02 2.469065699e-02 2.491385710e-02 2.535847428e-02 2.622668778e-02
 2.783148357e-02 3.042163773e-02 3.398360364e-02 3.824243344e-02 4.285458161e-02
 4.754604354e-02 5.205965998e-02 5.604278016e-02 5.906985417e-02 6.088086348e-02
 6.156916141e-02 6.150653370e-02 6.107146113e-02 6.049402162e-02 5.988373333e-02
 5.928794878e-02 5.872576431e-02 5.820348553e-02 5.772143004e-02 5.727703349e-02
 5.686634654e-02 5.648479002e-02 5.612757232e-02 5.579001636e-02 5.547008131e-02
 6.943450750e-04 1.582125049e-03 2.844621209e-03 4.497651007e-03 6.375231317e-03
 6.687214695e-03 5.093520644e-03 3.876178160e-03 2.794889953e-03 1.750022279e-03
 7.908599774e-04-4.144216553e-05-7.111590600e-04-1.190331356e-03-1.459519602e-03
-1.506821181e-03-1.325902923e-03-9.140006029e-04-2.705724929e-04 6.031324862e-04
 1.703575389e-03 3.023524495e-03 4.549696284e-03 6.259339414e-03 8.115883292e-03
 1.006458278e-02 1.203072059e-02 1.392483071e-02 1.565854165e-02 1.715677578e-02
 1.847732230e-02 1.960082764e-02 2.056788138e-02 2.146128009e-02 2.235790613e-02
 2.333060959e-02 2.444908550e-02 2.578448876e-02 2.741428671e-02 2.942023345e-02
 3.187320285e-02 3.480648438e-02 3.818939545e-02 4.191818061e-02 4.582699242e-02
 4.970752332e-02 5.333053540e-02 5.647462175e-02 5.896643833e-02 6.072229969e-02
 6.176850305e-02 6.222317738e-02 6.224748243e-02 6.199583200e-02 6.158858842e-02
 6.110769577e-02 6.060380893e-02 6.010569157e-02 5.962801381e-02 5.917683887e-02
 5.875319698e-02 5.835532332e-02 5.798002982e-02 5.762344768e-02 5.727671059e-02
 7.778095863e-04 1.768045505e-03 3.168490894e-03 4.989690044e-03 7.064354165e-03
 7.598145386e-03 6.201177302e-03 5.222340963e-03 4.338512822e-03 3.470916356e-03
 2.645677593e-03 1.891553272e-03 1.235198525e-03 6.999293807e-04 3.050923468e-04
 6.596242702e-05-5.975358712e-06 9.738400511e-05 3.810950132e-04 8.471773602e-04
 1.494266321e-03 2.316930522e-03 3.304737301e-03 4.441257105e-03 5.703360711e-03
 7.061363498e-03 8.480697421e-03 9.925490372e-03 1.136408236e-02 1.277522577e-02
 1.415036458e-02 1.550012800e-02 1.689069190e-02 1.832090585e-02 1.983033576e-02
 2.144874840e-02 2.327237789e-02 2.535029982e-02 2.774268015e-02 3.049078927e-02
 3.358756710e-02 3.705368019e-02 4.088151788e-02 4.501849014e-02 4.934478637e-02
 5.363799755e-02 5.757180079e-02 6.082515172e-02 6.319481297e-02 6.461676488e-02
 6.517788112e-02 6.511531192e-02 6.470710602e-02 6.414789387e-02 6.354225204e-02
 6.294182000e-02 6.237060578e-02 6.183803867e-02 6.134574490e-02 6.089124599e-02
 6.047005456e-02 6.007688150e-02 5.970633135e-02 5.935339995e-02 5.901809735e-02
 8.396746830e-04 1.905912462e-03 3.408520259e-03 5.353241218e-03 7.569096059e-03
 8.253142437e-03 6.999837369e-03 6.133613874e-03 5.359492258e-03 4.568191434e-03
 3.783361080e-03 3.028499626e-03 2.325904080e-03 1.695942504e-03 1.156687021e-03
 7.238106637e-04 4.106388568e-04 2.283371236e-04 1.860278361e-04 2.905910503e-04
 5.462542979e-04 9.541939990e-04 1.512189128e-03 2.214428342e-03 3.051662163e-03
 4.011980462e-03 5.082338975e-03 6.250017748e-03 7.504539982e-03 8.839732729e-03
 1.025549874e-02 1.175880816e-02 1.336446220e-02 1.510216447e-02 1.699657831e-02
 1.906800112e-02 2.137074148e-02 2.394792897e-02 2.684305723e-02 3.009250129e-02
 3.371919591e-02 3.776858115e-02 4.229834115e-02 4.738134197e-02 5.312859660e-02
 5.989124243e-02 6.611437907e-02 7.058288076e-02 7.309302523e-02 7.351660665e-02
 7.188757934e-02 6.935278090e-02 6.764515470e-02 6.635519455e-02 6.534689401e-02
 6.453717453e-02 6.387059642e-02 6.330868460e-02 6.282386431e-02 6.239579310e-02
 6.200909196e-02 6.165190884e-02 6.131497806e-02 6.099091253e-02 6.067060720e-02
 8.882960604e-04 2.015070495e-03 3.600464702e-03 5.647151036e-03 7.970284009e-03
 8.751700344e-03 7.613895233e-03 6.814959813e-03 6.060404174e-03 5.255221495e-03
 4.426681429e-03 3.597631948e-03 2.787965493e-03 2.015514880e-03 1.296499961e-03
 6.457738026e-04 7.708824106e-05-3.967663272e-04-7.617967657e-04-1.004221065e-03
-1.112334610e-03-1.076654882e-03-8.901874145e-04-5.488100979e-04-5.184963774e-05
 5.980767492e-04 1.402244848e-03 2.360715745e-03 3.473219570e-03 4.740150157e-03
 6.163989981e-03 7.751036572e-03 9.511140514e-03 1.145742908e-02 1.360632568e-02
 1.597778681e-02 1.859571286e-02 2.148761129e-02 2.468498918e-02 2.822566204e-02
 3.215859812e-02 3.655047812e-02 4.149372544e-02 4.712391815e-02 5.365072983e-02
 6.133859568e-02 6.832902890e-02 7.306766155e-02 7.557792252e-02 7.579678944e-02
 7.363410206e-02 7.058956096e-02 6.853845933e-02 6.712613956e-02 6.611839457e-02
 6.537492159e-02 6.480712781e-02 6.435680501e-02 6.398450441e-02 6.366284948e-02
 6.337251487e-02 6.309971043e-02 6.283454157e-02 6.256986150e-02 6.230109985e-02
 9.271413241e-04 2.103954694e-03 3.761748172e-03 5.906972459e-03 8.374259555e-03
 9.365678736e-03 8.415227386e-03 7.488036356e-03 6.589246872e-03 5.659496912e-03
 4.703329721e-03 3.732455199e-03 2.759499202e-03 1.797261274e-03 8.584693465e-04
-4.424910023e-05-8.984910341e-04-1.685835459e-03-2.387538850e-03-2.985225759e-03
-3.461165769e-03-3.798504283e-03-3.981493026e-03-3.995710708e-03-3.828234207e-03
-3.467639641e-03-2.903697853e-03-2.128329597e-03-1.136761921e-03 7.056441804e-05
 1.488573710e-03 3.126011339e-03 4.988317186e-03 7.079527802e-03 9.405359053e-03
 1.197292950e-02 1.479059338e-02 1.786815494e-02 2.121700551e-02 2.485171824e-02
 2.880044017e-02 3.313710105e-02 3.794832775e-02 4.322544482e-02 4.904453351e-02
 5.538492806e-02 6.125492388e-02 6.550059726e-02 6.797217550e-02 6.847589250e-02
 6.775696960e-02 6.703771688e-02 6.641551616e-02 6.593373147e-02 6.558174810e-02
 6.532889363e-02 6.514379995e-02 6.499991871e-02 6.487644950e-02 6.475781843e-02
 6.463279346e-02 6.449360957e-02 6.433522318e-02 6.415477304e-02 6.395367646e-02
 9.537135951e-04 2.165078178e-03 3.873509794e-03 6.088651893e-03 8.641358757e-03
 9.741675441e-03 8.928897360e-03 7.887228817e-03 6.845289935e-03 5.760406575e-03
 4.640316757e-03 3.490026265e-03 2.316614452e-03 1.128550578e-03-6.478316552e-05
-1.253511653e-03-2.418573068e-03-3.539214687e-03-4.593742053e-03-5.559762363e-03
-6.414423701e-03-7.134668935e-03-7.697501403e-03-8.080266694e-03-8.260956232e-03
-8.218552656e-03-7.933496916e-03-7.388327295e-03-6.568512793e-03-5.463389148e-03
-4.066916144e-03-2.378159299e-03-4.059560112e-04 1.825164222e-03 4.314339372e-03
 7.058362357e-03 1.005016337e-02 1.328128831e-02 1.674018009e-02 2.040871606e-02
 2.423403242e-02 2.843409641e-02 3.292577146e-02 3.756493820e-02 4.232004451e-02
 4.696493645e-02 5.122356561e-02 5.487179296e-02 5.777612554e-02 5.993415325e-02
 6.147017867e-02 6.256670470e-02 6.337905998e-02 6.400927612e-02 6.451651787e-02
 6.493213131e-02 6.527140808e-02 6.554131797e-02 6.574508174e-02 6.588465870e-02
 6.596197780e-02 6.597945404e-02 6.594011667e-02 6.584745699e-02 6.570050373e-02
 9.651493195e-04 2.190486107e-03 3.917319612e-03 6.153181447e-03 8.724126944e-03
 9.830512403e-03 8.999478788e-03 7.906996376e-03 6.755730494e-03 5.535023346e-03
 4.250339628e-03 2.908118086e-03 1.514846181e-03 7.739552882e-05-1.396980610e-03
-2.891040424e-03-4.383849866e-03-5.852584082e-03-7.272696121e-03-8.618131104e-03
-9.861570669e-03-1.097470611e-02-1.192854654e-02-1.269376909e-02-1.324112328e-02
-1.354190803e-02-1.356854286e-02-1.329528528e-02-1.269910056e-02-1.176071256e-02
-1.046588527e-02-8.807104088e-03-6.785643154e-03-4.413752334e-03-1.715260587e-03
 1.266055556e-03 4.492465293e-03 7.949151655e-03 1.161360460e-02 1.545941511e-02
 1.945429285e-02 2.359735784e-02 2.781817717e-02 3.224108521e-02 3.673067799e-02
 4.104894392e-02 4.509405939e-02 4.879074596e-02 5.208271750e-02 5.494823193e-02
 5.740054771e-02 5.947752916e-02 6.122713183e-02 6.269591288e-02 6.392339147e-02
 6.494101222e-02 6.577340906e-02 6.644030310e-02 6.695820208e-02 6.734162482e-02
 6.760385343e-02 6.775732164e-02 6.781376526e-02 6.778431489e-02 6.768280588e-02
 9.628734283e-04 2.184239432e-03 3.903336160e-03 6.125227357e-03 8.682494357e-03
 9.771392932e-03 8.852311479e-03 7.681485158e-03 6.414921698e-03 5.049887058e-03
 3.592017236e-03 2.046747596e-03 4.194077027e-04-1.284678722e-03-3.051636400e-03
-4.861233250e-03-6.690760903e-03-8.515099790e-03-1.030686102e-02-1.203657618e-02
-1.367293707e-02-1.518308513e-02-1.653295040e-02-1.768764318e-02-1.861190518e-02
-1.927063344e-02-1.962949805e-02-1.965567580e-02-1.931873803e-02-1.859173351e-02
-1.745251367e-02-1.588533866e-02-1.388285357e-02-1.144836534e-02-8.598628000e-03
-5.366945732e-03-1.805179977e-03 2.009612906e-03 6.022321843e-03 1.020599668e-02
 1.453077557e-02 1.896534553e-02 2.347705686e-02 2.802867377e-02 3.255795864e-02
 3.698665106e-02 4.124198686e-02 4.526231533e-02 4.899908480e-02 5.241838443e-02
 5.550118199e-02 5.824173149e-02 6.064471346e-02 6.272213304e-02 6.449075888e-02
 6.597035849e-02 6.718258628e-02 6.815024626e-02 6.889670416e-02 6.944533659e-02
 6.981899898e-02 7.003954216e-02 7.012741600e-02 7.010134992e-02 6.997697873e-02
 9.505477910e-04 2.155310695e-03 3.849251867e-03 6.035500391e-03 8.532380473e-03
 9.530785519e-03 8.567461203e-03 7.296312895e-03 5.900519898e-03 4.379440447e-03
 2.737300875e-03 9.779130504e-04-8.951873410e-04-2.873012492e-03-4.936718322e-03
-7.064565791e-03-9.231931469e-03-1.141136798e-02-1.357272661e-02-1.568334682e-02
-1.770830838e-02-1.961074172e-02-2.135219303e-02-2.289304195e-02-2.419297310e-02
-2.521150762e-02-2.590860812e-02-2.624538067e-02-2.618490595e-02-2.569324454e-02
-2.474067311e-02-2.330322026e-02-2.136455478e-02-1.891829782e-02-1.597074004e-02
-1.254405139e-02-8.679912422e-03-4.443385663e-03 7.520825297e-05 4.755027458e-03
 9.569341109e-03 1.448417058e-02 1.946250676e-02 2.446204095e-02 2.943428825e-02
 3.432558489e-02 3.907978295e-02 4.364128681e-02 4.795773192e-02 5.198228916e-02
 5.567566347e-02 5.900775735e-02 6.195890641e-02 6.452056427e-02 6.669530823e-02
 6.849607918e-02 6.994467505e-02 7.106965902e-02 7.190396279e-02 7.248250985e-02
 7.284013902e-02 7.301000286e-02 7.302249496e-02 7.290464424e-02 7.267959674e-02
 9.316833049e-04 2.111789207e-03 3.769724598e-03 5.907280722e-03 8.348452985e-03
 9.285049074e-03 8.200649226e-03 6.813728542e-03 5.276360818e-03 3.589119738e-03
 1.754091692e-03-2.268042643e-04-2.351137421e-03-4.602280942e-03-6.960269694e-03
-9.401857673e-03-1.190052432e-02-1.442654670e-02-1.694714173e-02-1.942667822e-02
-2.182695562e-02-2.410754348e-02-2.622617356e-02-2.813917704e-02-2.980196175e-02
-3.116952924e-02-3.219703944e-02-3.284044071e-02-3.305719654e-02-3.280715523e-02
-3.205362465e-02-3.076472900e-02-2.891514105e-02-2.648828150e-02-2.347908852e-02
-1.989739264e-02-1.577188375e-02-1.115460465e-02-6.126009031e-03-7.998482213e-04
 4.675275245e-03 1.025389431e-02 1.590517245e-02 2.159310448e-02 2.727541366e-02
 3.290306329e-02 3.842018074e-02 4.376459967e-02 4.886928873e-02 5.366501026e-02
 5.808443625e-02 6.206755017e-02 6.556757823e-02 6.855620359e-02 7.102672635e-02
 7.299426421e-02 7.449289738e-02 7.557051750e-02 7.628268950e-02 7.668687274e-02
 7.683793423e-02 7.678529752e-02 7.657158985e-02 7.623247055e-02 7.580018786e-02
 9.090258239e-04 2.059864543e-03 3.675679075e-03 5.757235098e-03 8.125193718e-03
 8.969752025e-03 7.785528562e-03 6.276051812e-03 4.591253938e-03 2.732836874e-03
 7.009536953e-04-1.504659033e-03-3.875026542e-03-6.392337820e-03-9.035318338e-03
-1.177911533e-02-1.459529355e-02-1.745191396e-02-2.031369549e-02-2.314225626e-02
-2.589642673e-02-2.853262348e-02-3.100527048e-02-3.326725387e-02-3.527039851e-02
-3.696595936e-02-3.830512886e-02-3.923957315e-02-3.972202482e-02-3.970697790e-02
-3.915155188e-02-3.801661348e-02-3.626826542e-02-3.387983093e-02-3.083446572e-02
-2.712853068e-02-2.277581686e-02-1.781262039e-02-1.230344512e-02-6.347070503e-03
-8.277136376e-05 6.308799894e-03 1.280771154e-02 1.938780168e-02 2.601540264e-02
 3.264626749e-02 3.922223022e-02 4.566792676e-02 5.188869650e-02 5.777165023e-02
 6.319227204e-02 6.802776401e-02 7.217529760e-02 7.557006568e-02 7.819706472e-02
 8.009253210e-02 8.133461793e-02 8.202671644e-02 8.227932290e-02 8.219578053e-02
 8.186428288e-02 8.135543654e-02 8.072331180e-02 8.000796460e-02 7.923335457e-02
 8.846384615e-04 2.004161432e-03 3.575232748e-03 5.597822608e-03 7.886646356e-03
 8.628725912e-03 7.356872708e-03 5.717734065e-03 3.885226758e-03 1.856822357e-03
-3.690345235e-04-2.792568038e-03-5.399045916e-03-8.169892074e-03-1.108264394e-02
-1.411092274e-02-1.722446541e-02-2.038923878e-02-2.356763977e-02-2.671877840e-02
-2.979883392e-02-3.276146900e-02-3.555828367e-02-3.813928881e-02-4.045338108e-02
-4.244880536e-02-4.407359958e-02-4.527602875e-02-4.600503152e-02-4.621072282e-02
-4.584501968e-02-4.486248484e-02-4.322151105e-02-4.088599755e-02-3.782769423e-02
-3.402939818e-02-2.948917735e-02-2.422575051e-02-1.828506802e-02-1.174790963e-02
-4.737947762e-03 2.569397657e-03 1.003893546e-02 1.766847207e-02 2.544784049e-02
 3.335470452e-02 4.134687527e-02 4.935036068e-02 5.724304108e-02 6.483803378e-02
 7.188011233e-02 7.807530166e-02 8.315670158e-02 8.695597577e-02 8.944700338e-02
 9.075000960e-02 9.109422861e-02 9.074919083e-02 8.995833816e-02 8.890617834e-02
 8.771777835e-02 8.647218377e-02 8.521688499e-02 8.397907479e-02 8.277628165e-02
 8.600872464e-04 1.948186025e-03 3.474529791e-03 5.438521581e-03 7.666566891e-03
 8.346514353e-03 6.926696076e-03 5.166799059e-03 3.191479513e-03 9.993747829e-04
-1.412710188e-03-4.039764978e-03-6.866051195e-03-9.871892884e-03-1.303352130e-02
-1.632301809e-02-1.970835582e-02-2.315353731e-02-2.661883228e-02-3.006110377e-02
-3.343421009e-02-3.668946249e-02-3.977611442e-02-4.264185665e-02-4.523329321e-02
-4.749637826e-02-4.937680225e-02-5.082032848e-02-5.177309834e-02-5.218194461e-02
-5.199477828e-02-5.116114383e-02-4.963307141e-02-4.736638988e-02-4.432269808e-02
-4.047221926e-02-3.579777182e-02-3.030006259e-02-2.400441742e-02-1.696889856e-02
-9.293475549e-03-1.129109796e-03 7.314938699e-03 1.603286016e-02 2.505682330e-02
 3.442093628e-02 4.415571452e-02 5.427432201e-02 6.473861272e-02 7.537319215e-02
 8.567623164e-02 9.471098660e-02 1.015695467e-01 1.057771558e-01 1.072809848e-01
 1.064897207e-01 1.042655948e-01 1.015110603e-01 9.872375735e-02 9.609436066e-02
 9.367974637e-02 9.148331171e-02 8.948791466e-02 8.766985409e-02 8.600493092e-02
 8.365964664e-04 1.894687591e-03 3.378414931e-03 5.286645597e-03 7.433189567e-03
 8.004303735e-03 6.524181468e-03 4.646675924e-03 2.538272180e-03 1.945932082e-04
-2.388736524e-03-5.201376288e-03-8.226922935e-03-1.144473724e-02-1.482983600e-02
-1.835286517e-02-2.198017059e-02-2.567397377e-02-2.939265124e-02-3.309110818e-02
-3.672122903e-02-4.023238095e-02-4.357194136e-02-4.668581833e-02-4.951893343e-02
-5.201564138e-02-5.412006967e-02-5.577637396e-02-5.692892296e-02-5.752244789e-02
-5.750221855e-02-5.681433904e-02-5.540629216e-02-5.322790107e-02-5.023291839e-02
-4.638149053e-02-4.164377145e-02-3.600495840e-02-2.947197135e-02-2.208185933e-02
-1.391175690e-02-5.089902991e-03 4.193330920e-03 1.384155196e-02 2.393746737e-02
 3.459090572e-02 4.595221665e-02 5.823349699e-02 7.174671808e-02 8.699418415e-02
 1.050330592e-01 1.207996262e-01 1.312559164e-01 1.357833127e-01 1.341881171e-01
 1.274742467e-01 1.182869744e-01 1.114945030e-01 1.061648102e-01 1.018542800e-01
 9.828816811e-02 9.527978641e-02 9.269694963e-02 9.044365898e-02 8.844723396e-02
 8.151434023e-04 1.845865304e-03 3.290779256e-03 5.148367746e-03 7.234454902e-03
 7.735983656e-03 6.157631775e-03 4.175632852e-03 1.947664684e-03-5.319935587e-04
-3.266142368e-03-6.241843273e-03-9.441907540e-03-1.284472714e-02-1.642416742e-02
-2.014955543e-02-2.398577662e-02-2.789348543e-02-3.182942650e-02-3.574685495e-02
-3.959603512e-02-4.332479019e-02-4.687906945e-02-5.020349764e-02-5.324187162e-02
-5.593757418e-02-5.823388417e-02-6.007417510e-02-6.140201209e-02-6.216117954e-02
-6.229569838e-02-6.174992396e-02-6.046885248e-02-5.839880603e-02-5.548871158e-02
-5.169223483e-02-4.697106546e-02-4.129966317e-02-3.467173492e-02-2.710858799e-02
-1.866923328e-02-9.461604286e-03 3.465132308e-04 1.053803967e-02 2.120079199e-02
 3.245983345e-02 4.449589021e-02 5.757622698e-02 7.210874557e-02 8.873654132e-02
 1.089215970e-01 1.249883220e-01 1.402589384e-01 1.430746299e-01 1.405405108e-01
 1.326395687e-01 1.219441855e-01 1.142318338e-01 1.083340920e-01 1.036802509e-01
 9.990268295e-02 9.675942652e-02 9.408644572e-02 9.176937546e-02 8.972996086e-02
 7.965070646e-04 1.803475794e-03 3.214739562e-03 5.028489752e-03 7.066599450e-03
 7.515002848e-03 5.837514645e-03 3.768888328e-03 1.438356833e-03-1.157853955e-03
-4.019299891e-03-7.132369108e-03-1.047910039e-02-1.403698106e-02-1.777883969e-02
-2.167284628e-02-2.568263146e-02-2.976752846e-02-3.388293295e-02-3.798076653e-02
-4.201002062e-02-4.591734989e-02-4.964767873e-02-5.314478163e-02-5.635179952e-02
-5.921165885e-02-6.166736996e-02-6.366219478e-02-6.513969187e-02-6.604366984e-02
-6.631810682e-02-6.590712649e-02-6.475515882e-02-6.280745752e-02-6.001119499e-02
-5.631740677e-02-5.168410421e-02-4.608090351e-02-3.949550904e-02-3.194230585e-02
-2.347311525e-02-1.418981079e-02-4.257936692e-03 6.080084272e-03 1.674153321e-02
 2.779468976e-02 3.932201762e-02 5.141912547e-02 6.418350604e-02 7.766148655e-02
 9.146809914e-02 1.034574007e-01 1.127853980e-01 1.182103978e-01 1.192822137e-01
 1.166532178e-01 1.121668858e-01 1.079132855e-01 1.041955601e-01 1.009755878e-01
 9.817500579e-02 9.571675062e-02 9.353462320e-02 9.157455683e-02 8.978885221e-02
 7.812936594e-04 1.768887893e-03 3.152728998e-03 4.930735337e-03 6.914649868e-03
 7.287485574e-03 5.583258602e-03 3.438902330e-03 1.025580537e-03-1.664294410e-03
-4.627588977e-03-7.850214018e-03-1.131359396e-02-1.499448021e-02-1.886485576e-02
-2.289195252e-02-2.703839399e-02-3.126246668e-02-3.551851456e-02-3.975744069e-02
-4.392729089e-02-4.797388615e-02-5.184146488e-02-5.547329347e-02-5.881220504e-02
-6.180103139e-02-6.438290340e-02-6.650140889e-02-6.810061607e-02-6.912499306e-02
-6.951928211e-02-6.922841947e-02-6.819763043e-02-6.637287345e-02-6.370185770e-02
-6.013591224e-02-5.563303583e-02-5.016249261e-02-4.371131772e-02-3.629302417e-02
-2.795861056e-02-1.880959670e-02-9.012211365e-03 1.189044951e-03 1.151470243e-02
 2.195852272e-02 3.249755595e-02 4.307605067e-02 5.357739186e-02 6.378368556e-02
 7.334333725e-02 8.180591301e-02 8.873973031e-02 9.384784395e-02 9.706018263e-02
 9.857722384e-02 9.880930149e-02 9.821766648e-02 9.716654614e-02 9.588670402e-02
 9.450904613e-02 9.310394241e-02 9.170771968e-02 9.033817421e-02 8.900558310e-02
 7.699516773e-04 1.743111425e-03 3.106537851e-03 4.858042197e-03 6.819118451e-03
 7.175371143e-03 5.389869115e-03 3.194282629e-03 7.202093579e-04-2.038356405e-03
-5.076158411e-03-8.378741088e-03-1.192707116e-02-1.569735259e-02-1.966094103e-02
-2.378437619e-02-2.802954410e-02-3.235397253e-02-3.671125309e-02-4.105157305e-02
-4.532233034e-02-4.946879696e-02-5.343479022e-02-5.716330876e-02-6.059709188e-02
-6.367906650e-02-6.635265622e-02-6.856194180e-02-7.025168123e-02-7.136722102e-02
-7.185435811e-02-7.165924451e-02-7.072846537e-02-6.900946534e-02-6.645154807e-02
-6.300772728e-02-5.863775766e-02-5.331270898e-02-4.702144355e-02-3.977928143e-02
-3.163894099e-02-2.270346587e-02-1.314024028e-02-3.194345066e-03 6.801707042e-03
 1.670525511e-02 2.646199990e-02 3.599138517e-02 4.518090626e-02 5.388406506e-02
 6.192708965e-02 6.912838389e-02 7.532878359e-02 8.042398708e-02 8.438821822e-02
 8.727999265e-02 8.922642723e-02 9.039197135e-02 9.094516853e-02 9.103568661e-02
 9.078492117e-02 9.028620318e-02 8.960929639e-02 8.880573789e-02 8.791464197e-02
 7.627900599e-04 1.726834471e-03 3.077367222e-03 4.812088345e-03 6.745696132e-03
 7.063857656e-03 5.270474930e-03 3.041008389e-03 5.294254210e-04-2.271402466e-03
-5.354976591e-03-8.706622419e-03-1.230701717e-02-1.613201679e-02-2.015258039e-02
-2.433481363e-02-2.864014411e-02-3.302563241e-02-3.744441200e-02-4.184624044e-02
-4.617813463e-02-5.038505418e-02-5.441059158e-02-5.819762516e-02-6.168889275e-02
-6.482744991e-02-6.755698716e-02-6.982199570e-02-7.156779034e-02-7.274042189e-02
-7.328653932e-02-7.315329451e-02-7.228842066e-02-7.064065901e-02-6.816075736e-02
-6.480331527e-02-6.052979760e-02-5.531306812e-02-4.914378380e-02-4.203890371e-02
-3.405235370e-02-2.528749033e-02-1.591037336e-02-6.161967497e-03 3.633624286e-03
 1.322427415e-02 2.255553577e-02 3.155667550e-02 4.014187035e-02 4.821384232e-02
 5.567067277e-02 6.241573130e-02 6.836941114e-02 7.348022133e-02 7.773239026e-02
 8.114781529e-02 8.378181117e-02 8.571405425e-02 8.703747535e-02 8.784795578e-02
 8.823665907e-02 8.828548154e-02 8.806515048e-02 8.763507351e-02 8.704122922e-02
 7.600125637e-04 1.720508186e-03 3.065989489e-03 4.794057716e-03 6.717031721e-03
 7.019237832e-03 5.223317326e-03 2.981831528e-03 4.573903624e-04-2.358247206e-03
-5.458010040e-03-8.827076777e-03-1.244598044e-02-1.629042619e-02-2.033121285e-02
-2.453427714e-02-2.886087236e-02-3.326788446e-02-3.770827795e-02-4.213165408e-02
-4.648489313e-02-5.071284498e-02-5.475902578e-02-5.856627683e-02-6.207734294e-02
-6.523533422e-02-6.798404569e-02-7.026812411e-02-7.203309103e-02-7.322525458e-02
-7.379157033e-02-7.367954443e-02-7.283730995e-02-7.121405071e-02-6.876099529e-02
-6.543325415e-02-6.119281823e-02-5.601306509e-02-4.988510398e-02-4.282619903e-02
-3.489028912e-02-2.618021480e-02-1.686061346e-02-7.169539507e-03 2.574208535e-03
 1.208199777e-02 2.130097399e-02 3.016524279e-02 3.859803382e-02 4.651573125e-02
 5.383387557e-02 6.047474086e-02 6.637549368e-02 7.149548267e-02 7.582113629e-02
 7.936737263e-02 8.217525189e-02 8.430653719e-02 8.583651203e-02 8.684659179e-02
 8.741796623e-02 8.762694329e-02 8.754210836e-02 8.722314190e-02 8.672537447e-02
 7.617407807e-04 1.724423306e-03 3.072972018e-03 4.805017943e-03 6.744667668e-03
 7.076818153e-03 5.246922262e-03 3.020062412e-03 5.069035455e-04-2.296289724e-03
-5.382658518e-03-8.737411750e-03-1.234113725e-02-1.616961606e-02-2.019374035e-02
-2.437955382e-02-2.868842615e-02-3.307736421e-02-3.749945275e-02-4.190440655e-02
-4.623920667e-02-5.044878449e-02-5.447671221e-02-5.826585551e-02-6.175894612e-02
-6.489903824e-02-6.762982280e-02-6.989578922e-02-7.164224304e-02-7.281521161e-02
-7.336129779e-02-7.322757452e-02-7.236165072e-02-7.071208343e-02-6.822935945e-02
-6.486772208e-02-6.058816608e-02-5.536295521e-02-4.918200823e-02-4.206141538e-02
-3.405413873e-02-2.526255779e-02-1.585189171e-02-6.062650620e-03 3.780871582e-03
 1.342754264e-02 2.282268070e-02 3.189419032e-02 4.055331933e-02 4.869806848e-02
 5.622025406e-02 6.301630999e-02 6.900040410e-02 7.411701796e-02 7.834961956e-02
 8.172283578e-02 8.429744947e-02 8.615990062e-02 8.740962651e-02 8.814764059e-02
 8.846839794e-02 8.845529665e-02 8.817905913e-02 8.769782480e-02 8.705256512e-02
 7.679674468e-04 1.738576636e-03 3.098346113e-03 4.844964495e-03 6.790161964e-03
 7.117555734e-03 5.358056018e-03 3.156345706e-03 6.776834827e-04-2.086335772e-03
-5.130141163e-03-8.439182640e-03-1.199432164e-02-1.577165269e-02-1.974242057e-02
-2.387305489e-02-2.812533452e-02-3.245668561e-02-3.682060636e-02-4.116720152e-02
-4.544379984e-02-4.959561918e-02-5.356643875e-02-5.729923482e-02-6.073673845e-02
-6.382187910e-02-6.649808854e-02-6.870945399e-02-7.040072856e-02-7.151723011e-02
-7.200468758e-02-7.180912659e-02-7.087692416e-02-6.915520728e-02-6.659282000e-02
-6.314213778e-02-5.876205945e-02-5.342254367e-02-4.711105739e-02-3.984123242e-02
-3.166383572e-02-2.267979026e-02-1.305438250e-02-3.030925284e-03 7.058589681e-03
 1.707498839e-02 2.696595593e-02 3.665090375e-02 4.601323960e-02 5.489611756e-02
 6.310831292e-02 7.044603265e-02 7.672864104e-02 8.183734634e-02 8.574365932e-02
 8.851660845e-02 9.030372881e-02 9.129270872e-02 9.167122632e-02 9.160081436e-02
 9.120806951e-02 9.058701840e-02 8.980564669e-02 8.891266254e-02 8.794559228e-02
 7.785155113e-04 1.762561426e-03 3.141361696e-03 4.912806192e-03 6.894086501e-03
 7.271283898e-03 5.535352546e-03 3.386096391e-03 9.652892998e-04-1.733299337e-03
-4.705975138e-03-7.938543106e-03-1.141230469e-02-1.510387419e-02-1.898508839e-02
-2.302302881e-02-2.718016919e-02-3.141465180e-02-3.568068683e-02-3.992905862e-02
-4.410771347e-02-4.816239527e-02-5.203728974e-02-5.567563530e-02-5.902026025e-02
-6.201401080e-02-6.460004505e-02-6.672198157e-02-6.832391036e-02-6.935029623e-02
-6.974583284e-02-6.945533741e-02-6.842381521e-02-6.659686672e-02-6.392166155e-02
-6.034875719e-02-5.583509297e-02-5.034852788e-02-4.387429213e-02-3.642365459e-02
-2.804491971e-02-1.883650378e-02-8.961236130e-03 1.339769525e-03 1.179115869e-02
 2.239324464e-02 3.313383021e-02 4.396934328e-02 5.479290761e-02 6.538185979e-02
 7.534384064e-02 8.415160876e-02 9.130090703e-02 9.644175495e-02 9.948710728e-02
 1.006760179e-01 1.005049285e-01 9.952426510e-02 9.814226297e-02 9.659542053e-02
 9.500582858e-02 9.343246438e-02 9.190145560e-02 9.042236924e-02 8.900010563e-02
 7.930541489e-04 1.795627113e-03 3.200673898e-03 5.006332835e-03 7.031887068e-03
 7.463459528e-03 5.782206402e-03 3.703153908e-03 1.362194818e-03-1.245897484e-03
-4.120042726e-03-7.246500940e-03-1.060715521e-02-1.417932050e-02-1.793564138e-02
-2.184409768e-02-2.586812950e-02-2.996688556e-02-3.409558956e-02-3.820600999e-02
-4.224700993e-02-4.616514529e-02-4.990527463e-02-5.341114102e-02-5.662588752e-02
-5.949247274e-02-6.195396284e-02-6.395368937e-02-6.543528112e-02-6.634260011e-02
-6.661963931e-02-6.621047165e-02-6.505937781e-02-6.311132412e-02-6.031301073e-02
-5.661476216e-02-5.197358039e-02-4.635771155e-02-3.975307047e-02-3.217178789e-02
-2.366295000e-02-1.432523336e-02-4.320591691e-03 6.112803354e-03 1.689138488e-02
 2.809594857e-02 3.982799766e-02 5.221515689e-02 6.541388631e-02 7.960556208e-02
 9.471168555e-02 1.074392465e-01 1.175850340e-01 1.231300460e-01 1.236537263e-01
 1.199465180e-01 1.141606210e-01 1.092005527e-01 1.050429610e-01 1.015244415e-01
 9.851095080e-02 9.589487860e-02 9.359169378e-02 9.153567968e-02 8.966910315e-02
 8.111100989e-04 1.836705915e-03 3.274386234e-03 5.122572815e-03 7.193767456e-03
 7.672136917e-03 6.092810965e-03 4.098472075e-03 1.857445802e-03-6.370081295e-04
-3.387013101e-03-6.379411960e-03-9.596811087e-03-1.301738795e-02-1.661478407e-02
-2.035809668e-02-2.421198088e-02-2.813686709e-02-3.208929002e-02-3.602231681e-02
-3.988605324e-02-4.362819983e-02-4.719462410e-02-5.052991285e-02-5.357786935e-02
-5.628192487e-02-5.858544340e-02-6.043191145e-02-6.176502279e-02-6.252868984e-02
-6.266704053e-02-6.212449116e-02-6.084602264e-02-5.877782983e-02-5.586855954e-02
-5.207139836e-02-4.734730972e-02-4.166973331e-02-3.503102612e-02-2.745079855e-02
-1.898602873e-02-9.742371898e-03 1.147332220e-04 1.035908903e-02 2.107804314e-02
 3.240016451e-02 4.451192670e-02 5.768965652e-02 7.235429011e-02 8.915475312e-02
 1.089030786e-01 1.261472407e-01 1.376000389e-01 1.425968325e-01 1.406754101e-01
 1.328025789e-01 1.223386689e-01 1.144497846e-01 1.084172566e-01 1.036633641e-01
 9.980886614e-02 9.660380240e-02 9.387906028e-02 9.151707909e-02 8.943993905e-02
 8.320598849e-04 1.884390922e-03 3.360000789e-03 5.257762153e-03 7.402532470e-03
 7.981289734e-03 6.446751924e-03 4.559483031e-03 2.435921306e-03 7.512651826e-05
-2.527208785e-03-5.359729728e-03-8.405835222e-03-1.164465993e-02-1.505097227e-02
-1.859515592e-02-2.224328946e-02-2.595733131e-02-2.969540865e-02-3.341220051e-02
-3.705939736e-02-4.058621276e-02-4.393991748e-02-4.706636442e-02-4.991047361e-02
-5.241665128e-02-5.452912574e-02-5.619219602e-02-5.735040662e-02-5.794868352e-02
-5.793249339e-02-5.724811881e-02-5.584317863e-02-5.366756230e-02-5.067498888e-02
-4.682544107e-02-4.208875265e-02-3.644962885e-02-2.991433043e-02-2.251912814e-02
-1.434039386e-02-5.505723070e-03 3.794945293e-03 1.344334202e-02 2.351800742e-02
 3.412073210e-02 4.538800212e-02 5.750733465e-02 7.074602893e-02 8.552999230e-02
 1.032202432e-01 1.193564339e-01 1.305494703e-01 1.332168455e-01 1.314772059e-01
 1.253761245e-01 1.167061901e-01 1.103675161e-01 1.053069208e-01 1.011576741e-01
 9.768903555e-02 9.473887315e-02 9.218916955e-02 8.995233255e-02 8.795875006e-02
 8.551122924e-04 1.936898144e-03 3.454353477e-03 5.406817422e-03 7.609506825e-03
 8.250123172e-03 6.848969144e-03 5.071013620e-03 3.078416592e-03 8.669752541e-04
-1.566691662e-03-4.216330164e-03-7.065977308e-03-1.009568781e-02-1.328140141e-02
-1.659489515e-02-2.000383139e-02-2.347190586e-02-2.695909400e-02-3.042198741e-02
-3.381420572e-02-3.708686337e-02-4.018906669e-02-4.306841485e-02-4.567147941e-02
-4.794424223e-02-4.983247972e-02-5.128209497e-02-5.223941554e-02-5.265149697e-02
-5.246649720e-02-5.163421722e-02-5.010693675e-02-4.784070921e-02-4.479731500e-02
-4.094709939e-02-3.627293151e-02-3.077550003e-02-2.448008444e-02-1.744475227e-02
-9.769612638e-03-1.606587995e-03 6.831863277e-03 1.551722529e-02 2.447567035e-02
 3.373211208e-02 4.330317956e-02 5.318154979e-02 6.330069870e-02 7.345725747e-02
 8.317690422e-02 9.168365526e-02 9.823410461e-02 1.024104333e-01 1.041676817e-01
 1.038564802e-01 1.021738495e-01 9.986727976e-02 9.740725026e-02 9.500965040e-02
 9.275800073e-02 9.067554037e-02 8.875902727e-02 8.699441095e-02 8.536509291e-02
 8.792791149e-04 1.992005630e-03 3.553516403e-03 5.563769766e-03 7.839184246e-03
 8.568520895e-03 7.269260335e-03 5.614276981e-03 3.762927410e-03 1.713373076e-03
-5.360631389e-04-2.984455292e-03-5.616666100e-03-8.413786145e-03-1.135301803e-02
-1.440763580e-02-1.754702186e-02-2.073678886e-02-2.393898921e-02-2.711240813e-02
-3.021292993e-02-3.319396169e-02-3.600689545e-02-3.860158832e-02-4.092684175e-02
-4.293086612e-02-4.456172521e-02-4.576776766e-02-4.649806922e-02-4.670292931e-02
-4.633449019e-02-4.534757345e-02-4.370085717e-02-4.135854592e-02-3.829270723e-02
-3.448646330e-02-2.993821517e-02-2.466702386e-02-1.871915099e-02-1.217565070e-02
-5.160711648e-03 2.151004667e-03 9.604369426e-03 1.719277979e-02 2.490203923e-02
 3.270554766e-02 4.055709283e-02 4.838026738e-02 5.605511908e-02 6.340636060e-02
 7.020419305e-02 7.619173609e-02 8.113911714e-02 8.490134385e-02 8.745456686e-02
 8.889965752e-02 8.943165173e-02 8.928456263e-02 8.867684670e-02 8.778114983e-02
 8.671989856e-02 8.557414402e-02 8.439508317e-02 8.321387881e-02 8.205322674e-02
 9.033198047e-04 2.046931893e-03 3.652598841e-03 5.721091589e-03 8.079164275e-03
 8.916428094e-03 7.693312377e-03 6.165917081e-03 4.461053369e-03 2.580354454e-03
 5.238701653e-04-1.708718299e-03-4.106796573e-03-6.652295810e-03-9.323597034e-03
-1.209547254e-02-1.493909373e-02-1.782212012e-02-2.070887194e-02-2.356058173e-02
-2.633571748e-02-2.899036562e-02-3.147866015e-02-3.375324361e-02-3.576574791e-02
-3.746728777e-02-3.880896845e-02-3.974242079e-02-4.022039203e-02-4.019743951e-02
-3.963079484e-02-3.848148830e-02-3.671584600e-02-3.430748716e-02-3.123996198e-02
-2.751014762e-02-2.313248087e-02-1.814403728e-02-1.261038380e-02-6.631645537e-03
-3.476075425e-04 6.055666662e-03 1.254543485e-02 1.909405302e-02 2.566661950e-02
 3.221849411e-02 3.869245429e-02 4.501606183e-02 5.110029625e-02 5.684113584e-02
 6.212589583e-02 6.684503643e-02 7.090772555e-02 7.425697685e-02 7.687949162e-02
 7.880690976e-02 8.010811418e-02 8.087532348e-02 8.120865338e-02 8.120352697e-02
 8.094308674e-02 8.049533464e-02 7.991346604e-02 7.923766849e-02 7.848947864e-02
 9.256328104e-04 2.098093584e-03 3.745328479e-03 5.869116995e-03 8.286082635e-03
 9.185076734e-03 8.104623398e-03 6.696913036e-03 5.138776720e-03 3.428551301e-03
 1.568187399e-03-4.405897694e-04-2.593826909e-03-4.874358757e-03-7.261807714e-03
-9.732493986e-03-1.225944692e-02-1.481248571e-02-1.735836795e-02-1.986100962e-02
-2.228177206e-02-2.457980875e-02-2.671246375e-02-2.863571340e-02-3.030464620e-02
-3.167398070e-02-3.269862922e-02-3.333432661e-02-3.353835641e-02-3.327042233e-02
-3.249373042e-02-3.117636494e-02-2.929304788e-02-2.682738653e-02-2.377468413e-02
-2.014540264e-02-1.596929426e-02-1.130004913e-02-6.219871901e-03-8.443000238e-04
 4.671499698e-03 1.027388210e-02 1.592939309e-02 2.159995077e-02 2.724279825e-02
 3.281006217e-02 3.824854540e-02 4.350005578e-02 4.850264053e-02 5.319302335e-02
 5.751034148e-02 6.140092950e-02 6.482345117e-02 6.775332922e-02 7.018538391e-02
 7.213395360e-02 7.363042522e-02 7.471879499e-02 7.545033262e-02 7.587847236e-02
 7.605474122e-02 7.602606325e-02 7.583337411e-02 7.551137071e-02 7.509420635e-02
 9.440891024e-04 2.140715902e-03 3.823317873e-03 5.995138940e-03 8.482563059e-03
 9.479488395e-03 8.463564984e-03 7.172295990e-03 5.755691407e-03 4.211523142e-03
 2.544195551e-03 7.574241694e-04-1.145372160e-03-3.153273069e-03-5.246958283e-03
-7.404209996e-03-9.599915631e-03-1.180612099e-02-1.399216232e-02-1.612486252e-02
-1.816878968e-02-2.008657293e-02-2.183927146e-02-2.338679415e-02-2.468837078e-02
-2.570308143e-02-2.639045856e-02-2.671118498e-02-2.662792297e-02-2.610632269e-02
-2.511626946e-02-2.363343211e-02-2.164120222e-02-1.913307083e-02-1.611555148e-02
-1.261154876e-02-8.663980013e-03-4.339734714e-03 2.662486953e-04 5.029707801e-03
 9.915216243e-03 1.488248749e-02 1.988765196e-02 2.488410540e-02 2.982352481e-02
 3.465649273e-02 3.933286318e-02 4.380295297e-02 4.801966858e-02 5.194094499e-02
 5.553192505e-02 5.876659373e-02 6.162879090e-02 6.411260801e-02 6.622217382e-02
 6.797082815e-02 6.937972162e-02 7.047596532e-02 7.129054231e-02 7.185623455e-02
 7.220579326e-02 7.237050356e-02 7.237919749e-02 7.225764036e-02 7.202685929e-02
 9.558511194e-04 2.168391135e-03 3.875236635e-03 6.081589265e-03 8.613190094e-03
 9.666864855e-03 8.745387112e-03 7.550515401e-03 6.261858974e-03 4.874086043e-03
 3.391709140e-03 1.820079325e-03 1.644358299e-04-1.569880559e-03-3.366672519e-03
-5.205238873e-03-7.062337454e-03-8.912302550e-03-1.072718324e-02-1.247694136e-02
-1.412969724e-02-1.565202288e-02-1.700928228e-02-1.816602223e-02-1.908642049e-02
-1.973480440e-02-2.007625791e-02-2.007734848e-02-1.970700777e-02-1.893760856e-02
-1.774629174e-02-1.611663050e-02-1.404062231e-02-1.152107952e-02-8.574204863e-03
-5.232919960e-03-1.550072526e-03 2.392830054e-03 6.543545705e-03 1.086871977e-02
 1.533107317e-02 1.988481138e-02 2.447334131e-02 2.902912815e-02 3.349775491e-02
 3.783193301e-02 4.197773019e-02 4.588107723e-02 4.949628439e-02 5.279153058e-02
 5.575049235e-02 5.837074506e-02 6.066032649e-02 6.263402400e-02 6.431043963e-02
 6.571013351e-02 6.685462388e-02 6.776586495e-02 6.846589988e-02 6.897653075e-02
 6.931896516e-02 6.951346326e-02 6.957902605e-02 6.953311616e-02 6.939045967e-02
 9.573411218e-04 2.172822098e-03 3.885924526e-03 6.104384805e-03 8.653341894e-03
 9.732538014e-03 8.881967365e-03 7.758299559e-03 6.592105886e-03 5.349371587e-03
 4.041413013e-03 2.674471094e-03 1.254846533e-03-2.107281669e-04-1.714139971e-03
-3.235965715e-03-4.754745383e-03-6.247058213e-03-7.687753051e-03-9.050169620e-03
-1.030638624e-02-1.142749368e-02-1.238390219e-02-1.314568831e-02-1.368299308e-02
-1.396648920e-02-1.396795218e-02-1.366095935e-02-1.302175360e-02-1.203030417e-02
-1.067159662e-02-8.937135860e-03-6.827094550e-03-4.352368455e-03-1.536520051e-03
 1.576026383e-03 4.953644098e-03 8.583897984e-03 1.244951097e-02 1.653130761e-02
 2.080846417e-02 2.520725895e-02 2.968372569e-02 3.409000941e-02 3.833040138e-02
 4.244387336e-02 4.632908373e-02 4.987741034e-02 5.301775331e-02 5.572391433e-02
 5.801231358e-02 5.992782590e-02 6.152537903e-02 6.285626366e-02 6.396216845e-02
 6.487474495e-02 6.561761767e-02 6.620886350e-02 6.666308842e-02 6.699287258e-02
 6.720964321e-02 6.732412547e-02 6.734652522e-02 6.728668040e-02 6.715932001e-02
 9.450674382e-04 2.145325504e-03 3.837861451e-03 6.032091340e-03 8.569893732e-03
 9.662979014e-03 8.789112490e-03 7.732315221e-03 6.664176077e-03 5.560689967e-03
 4.420408957e-03 3.247966136e-03 2.050631704e-03 8.371191090e-04-3.830846355e-04
-1.597689446e-03-2.786354761e-03-3.927657320e-03-4.999254519e-03-5.978136058e-03
-6.840859048e-03-7.563794327e-03-8.123386097e-03-8.496433342e-03-8.660398729e-03
-8.593760848e-03-8.276420805e-03-7.690319018e-03-6.820260026e-03-5.654837497e-03
-4.187266736e-03-2.416248534e-03-3.502950177e-04 1.986022691e-03 4.594978762e-03
 7.475933357e-03 1.062708473e-02 1.404888989e-02 1.774326236e-02 2.171515141e-02
 2.597881145e-02 3.035758867e-02 3.486902581e-02 3.953279384e-02 4.420212289e-02
 4.874032803e-02 5.291620433e-02 5.645523108e-02 5.919438040e-02 6.112918840e-02
 6.241278849e-02 6.326637900e-02 6.386565364e-02 6.431676833e-02 6.467602921e-02
 6.496988212e-02 6.520872874e-02 6.539532943e-02 6.552945848e-02 6.561027881e-02
 6.563742447e-02 6.561138596e-02 6.553353896e-02 6.540587670e-02 6.522265147e-02
 9.182285326e-04 2.083491432e-03 3.724421816e-03 5.846294131e-03 8.270017028e-03
 9.185938897e-03 8.166496645e-03 7.284649495e-03 6.390547699e-03 5.448541351e-03
 4.474030220e-03 3.481841702e-03 2.486071738e-03 1.500361386e-03 5.379643740e-04
-3.882191045e-04-1.263338736e-03-2.067708569e-03-2.781959400e-03-3.387204071e-03
-3.865248620e-03-4.198788769e-03-4.371633956e-03-4.368930161e-03-4.177348328e-03
-3.785152703e-03-3.182065440e-03-2.359770476e-03-1.313160557e-03-4.231086325e-05
 1.445707812e-03 3.160484349e-03 5.108009656e-03 7.292678982e-03 9.722098747e-03
 1.240597215e-02 1.535595481e-02 1.858610659e-02 2.211348298e-02 2.595811968e-02
 3.013808072e-02 3.465294913e-02 3.952005120e-02 4.483018528e-02 5.067876725e-02
 5.735944432e-02 6.365171133e-02 6.805873036e-02 7.026664183e-02 7.020563248e-02
 6.885182854e-02 6.777320124e-02 6.688296263e-02 6.621021457e-02 6.571630148e-02
 6.535355809e-02 6.508050794e-02 6.486438792e-02 6.468039029e-02 6.451020513e-02
 6.434060157e-02 6.416222633e-02 6.396862147e-02 6.375550699e-02 6.352482892e-02
 8.799330812e-04 1.996175946e-03 3.566926377e-03 5.595180655e-03 7.900772231e-03
 8.671623491e-03 7.507870349e-03 6.660955259e-03 5.880324465e-03 5.046905699e-03
 4.191142447e-03 3.335755889e-03 2.501012353e-03 1.705205397e-03 9.649426812e-04
 2.953629435e-04-2.896488115e-04-7.758656292e-04-1.147404323e-03-1.390338191e-03
-1.492802043e-03-1.445089219e-03-1.239935254e-03-8.728999576e-04-3.428987961e-04
 3.469292823e-04 1.195427738e-03 2.203012474e-03 3.369413691e-03 4.694709138e-03
 6.180728882e-03 7.833819171e-03 9.663893226e-03 1.168423595e-02 1.391125103e-02
 1.636468489e-02 1.906780905e-02 2.204672919e-02 2.532994257e-02 2.894923569e-02
 3.294324887e-02 3.736578894e-02 4.230030170e-02 4.788102763e-02 5.432187313e-02
 6.184688317e-02 6.867800944e-02 7.330669557e-02 7.576251848e-02 7.598445168e-02
 7.382995685e-02 7.075336405e-02 6.861666820e-02 6.713513047e-02 6.606926369e-02
 6.527468943e-02 6.466096957e-02 6.416905080e-02 6.375903329e-02 6.340323527e-02
 6.308207893e-02 6.278155254e-02 6.249160321e-02 6.220517133e-02 6.191868909e-02
 8.317069291e-04 1.888169226e-03 3.377700741e-03 5.306850828e-03 7.507265168e-03
 8.177507107e-03 6.891979857e-03 5.999723519e-03 5.179057766e-03 4.347827860e-03
 3.526391730e-03 2.738627057e-03 2.007340282e-03 1.353344971e-03 7.950386105e-04
 3.482938045e-04 2.657680406e-05-1.587906302e-04-1.981127744e-04-8.395633688e-05
 1.872683767e-04 6.168023519e-04 1.202389766e-03 1.938043676e-03 2.814109652e-03
 3.817909115e-03 4.935487306e-03 6.153349125e-03 7.460285867e-03 8.849492941e-03
 1.032042124e-02 1.187965946e-02 1.354118968e-02 1.533307713e-02 1.727997838e-02
 1.940174776e-02 2.174859389e-02 2.435879044e-02 2.727176983e-02 3.052054347e-02
 3.412467453e-02 3.812159527e-02 4.255538332e-02 4.747744168e-02 5.295564585e-02
 5.907668082e-02 6.464527752e-02 6.865517084e-02 7.106466034e-02 7.179349911e-02
 7.071492824e-02 6.876534912e-02 6.724513451e-02 6.604530710e-02 6.507831798e-02
 6.428321416e-02 6.361625645e-02 6.304560640e-02 6.254763329e-02 6.210442583e-02
 6.170216255e-02 6.133005313e-02 6.097964472e-02 6.064429238e-02 6.031642844e-02
 7.692019640e-04 1.748863946e-03 3.135082148e-03 4.939017472e-03 6.989260466e-03
 7.489282275e-03 6.094472969e-03 5.054315222e-03 4.122104740e-03 3.204449671e-03
 2.333414227e-03 1.539614204e-03 8.509985767e-04 2.916424105e-04-1.188881590e-04
-3.655328957e-04-4.372795379e-04-3.265520599e-04-2.875655537e-05 4.577636638e-04
 1.131306755e-03 1.986241862e-03 3.011968909e-03 4.191800019e-03 5.502110803e-03
 6.912348462e-03 8.386599907e-03 9.887283573e-03 1.138090089e-02 1.284468271e-02
 1.426969974e-02 1.566277659e-02 1.709153745e-02 1.855070415e-02 2.008499976e-02
 2.173450662e-02 2.357210193e-02 2.564826801e-02 2.801592080e-02 3.071494487e-02
 3.375419235e-02 3.714604515e-02 4.087387612e-02 4.487611523e-02 4.902797836e-02
 5.311969566e-02 5.686679222e-02 5.999258743e-02 6.231375353e-02 6.376992560e-02
 6.443426701e-02 6.450140435e-02 6.420511547e-02 6.372527198e-02 6.317033287e-02
 6.259966100e-02 6.204393982e-02 6.151751525e-02 6.102546355e-02 6.056770098e-02
 6.014141439e-02 5.974250647e-02 5.936644906e-02 5.900886822e-02 5.866996966e-02
 6.839578727e-04 1.558856739e-03 2.803752688e-03 4.434907884e-03 6.296818311e-03
 6.601528049e-03 4.938092839e-03 3.660515600e-03 2.503197995e-03 1.391104302e-03
 3.720286836e-04-5.093879645e-04-1.214805979e-03-1.715281280e-03-1.992030658e-03
-2.034918680e-03-1.839767969e-03-1.405774592e-03-7.338442980e-04 1.739066406e-04
 1.313596356e-03 2.678072782e-03 4.254426839e-03 6.020376115e-03 7.939564024e-03
 9.956638206e-03 1.199476655e-02 1.396044551e-02 1.576023848e-02 1.732172897e-02
 1.866738340e-02 1.979986180e-02 2.076975443e-02 2.166165440e-02 2.255431696e-02
 2.351896629e-02 2.462178461e-02 2.593071008e-02 2.752214297e-02 2.948005583e-02
 3.187992772e-02 3.475867814e-02 3.808593666e-02 4.175615940e-02 4.560342140e-02
 4.942363522e-02 5.299456732e-02 5.610017587e-02 5.856808256e-02 6.031258185e-02
 6.135755458e-02 6.181867678e-02 6.185402270e-02 6.161479520e-02 6.121894549e-02
 6.074712917e-02 6.024962716e-02 5.975539776e-02 5.927959138e-02 5.882885375e-02
 5.840479471e-02 5.800617100e-02 5.763023265e-02 5.727345423e-02 5.692686106e-02
 5.641213891e-04 1.292030027e-03 2.339828858e-03 3.732766497e-03 5.316352575e-03
 5.303600159e-03 3.308097542e-03 1.627150290e-03 5.329161644e-05-1.416510171e-03
-2.731986699e-03-3.809632777e-03-4.585800959e-03-5.027405568e-03-5.130535663e-03
-4.908618748e-03-4.379352770e-03-3.556588112e-03-2.447796373e-03-1.054837219e-03
 6.241371474e-04 2.592548700e-03 4.852660466e-03 7.400666581e-03 1.021648332e-02
 1.324330279e-02 1.635310926e-02 1.931096046e-02 2.179136546e-02 2.357123296e-02
 2.458100553e-02 2.495311315e-02 2.496936243e-02 2.486108144e-02 2.476209097e-02
 2.473212966e-02 2.479473977e-02 2.497546403e-02 2.535399913e-02 2.613717251e-02
 2.766644809e-02 3.022461731e-02 3.379877752e-02 3.808460477e-02 4.272094543e-02
 4.744098165e-02 5.200081370e-02 5.603956026e-02 5.909080237e-02 6.085632248e-02
 6.144829391e-02 6.128856103e-02 6.078376078e-02 6.016452740e-02 5.953173290e-02
 5.892491362e-02 5.835797887e-02 5.783418989e-02 5.735223437e-02 5.690877445e-02
 5.649956767e-02 5.611997629e-02 5.576523297e-02 5.543070438e-02 5.511472769e-02
 3.931416900e-04 9.080971773e-04 1.667945660e-03 2.718826485e-03 3.942738001e-03
 3.608410607e-03 1.338725972e-03-1.091382111e-03-3.443383375e-03-5.685852203e-03
-7.648878263e-03-9.128232838e-03-9.979855809e-03-1.020486039e-02-9.912436818e-03
-9.222127734e-03-8.207347197e-03-6.895737534e-03-5.287669969e-03-3.370715471e-03
-1.126171944e-03 1.470814173e-03 4.455521138e-03 7.880988802e-03 1.182742605e-02
 1.640916714e-02 2.174801153e-02 2.770358473e-02 3.277375879e-02 3.500599486e-02
 3.408770772e-02 3.165706148e-02 2.946737421e-02 2.779253598e-02 2.651240085e-02
 2.546699228e-02 2.448684148e-02 2.336052605e-02 2.175669022e-02 1.889231507e-02
 1.741860999e-02 1.979611710e-02 2.644891921e-02 3.363913049e-02 4.004592672e-02
 4.644022487e-02 5.348262291e-02 6.252311118e-02 6.797037685e-02 6.885551484e-02
 6.485597787e-02 6.184589185e-02 5.992459605e-02 5.859080979e-02 5.759924711e-02
 5.682166809e-02 5.618608564e-02 5.564960537e-02 5.518537158e-02 5.477585453e-02
 5.440912665e-02 5.407635751e-02 5.376981093e-02 5.348218604e-02 5.320903217e-02
 1.642050814e-04 3.751443209e-04 6.833514853e-04 1.126421032e-03 1.672955435e-03
 8.515481217e-04-1.805336485e-03-4.833700544e-03-8.272196700e-03-1.219833330e-02
-1.609372577e-02-1.864743890e-02-1.908459006e-02-1.791430617e-02-1.636703652e-02
-1.480069261e-02-1.315773966e-02-1.133603279e-02-9.251447995e-03-6.849725112e-03
-4.100213075e-03-9.808349095e-04 2.540350450e-03 6.525662802e-03 1.109565544e-02
 1.648149076e-02 2.315219617e-02 3.225147976e-02 4.110440955e-02 4.379150922e-02
 4.001435892e-02 3.415312971e-02 3.075344008e-02 2.851501176e-02 2.691568601e-02
 2.566693153e-02 2.456860296e-02 2.344811710e-02 2.215147694e-02 2.075291145e-02
 2.057338837e-02 2.273623171e-02 2.706709377e-02 3.250206510e-02 3.798899688e-02
 4.356387206e-02 4.939956023e-02 5.518517063e-02 5.947556356e-02 6.089069051e-02
 5.967922008e-02 5.788183539e-02 5.646851061e-02 5.541710290e-02 5.461895108e-02
 5.399588403e-02 5.349381049e-02 5.307264868e-02 5.271581353e-02 5.239801238e-02
 5.211768086e-02 5.187154089e-02 5.165786968e-02 5.145055501e-02 5.123894091e-02
-7.027960361e-05-1.844923015e-04-4.012882836e-04-8.069960157e-04-1.571787457e-03
-2.932585950e-03-5.056908147e-03-8.016685371e-03-1.198012339e-02-1.744865143e-02
-2.432307859e-02-2.818539803e-02-2.832397247e-02-2.448341733e-02-2.206074317e-02
-2.030149843e-02-1.863241951e-02-1.670575688e-02-1.434340728e-02-1.151120173e-02
-8.265033310e-03-4.684940945e-03-8.316892698e-04 3.264904456e-03 7.595195850e-03
 1.213885436e-02 1.679542036e-02 2.125148062e-02 2.489862154e-02 2.715964396e-02
 2.791737861e-02 2.764993607e-02 2.694821258e-02 2.620741423e-02 2.555559163e-02
 2.503251967e-02 2.465291366e-02 2.442903130e-02 2.444515089e-02 2.484123698e-02
 2.581929609e-02 2.752551705e-02 2.994745297e-02 3.293250037e-02 3.625414926e-02
 3.970155113e-02 4.306018951e-02 4.607300323e-02 4.847001142e-02 5.007318766e-02
 5.091595378e-02 5.120976231e-02 5.119799995e-02 5.105231801e-02 5.086157441e-02
 5.066621705e-02 5.047974888e-02 5.030429220e-02 5.013762932e-02 4.997474767e-02
 4.981120899e-02 4.964820171e-02 4.952522865e-02 4.941047787e-02 4.928307226e-02
-2.232374613e-04-5.331523021e-04-1.021956266e-03-1.748056722e-03-2.786950879e-03
-4.221721665e-03-6.128722857e-03-8.564995162e-03-1.154178537e-02-1.498258843e-02
-1.847035461e-02-2.131260336e-02-2.308071977e-02-2.404439923e-02-2.478653045e-02
-2.541594159e-02-2.543175748e-02-2.417120752e-02-2.141498910e-02-1.756427521e-02
-1.324623029e-02-8.853412290e-03-4.534279624e-03-3.322743915e-04 3.731577222e-03
 7.619541587e-03 1.125712384e-02 1.452956743e-02 1.730521966e-02 1.948648402e-02
 2.105976312e-02 2.210628157e-02 2.276574972e-02 2.318481896e-02 2.348535751e-02
 2.375931669e-02 2.407807044e-02 2.450457577e-02 2.510175326e-02 2.593290824e-02
 2.705216610e-02 2.848817502e-02 3.023037623e-02 3.222636010e-02 3.439046911e-02
 3.661661327e-02 3.878966940e-02 4.079692440e-02 4.254385376e-02 4.397261753e-02
 4.507353051e-02 4.588037873e-02 4.645164019e-02 4.684938352e-02 4.712571802e-02
 4.731832252e-02 4.745153074e-02 4.753939149e-02 4.758880935e-02 4.760217550e-02
 4.757938778e-02 4.751711006e-02 4.749274491e-02 4.745443307e-02 4.738013446e-02
-2.803626209e-04-6.519411382e-04-1.203957772e-03-1.964955861e-03-2.967085463e-03
-4.240904173e-03-5.808095905e-03-7.670039252e-03-9.797987803e-03-1.213688107e-02
-1.460279618e-02-1.713203352e-02-1.976316229e-02-2.276351816e-02-2.668767180e-02
-3.259833062e-02-3.902222459e-02-3.910388116e-02-3.294777937e-02-2.363720840e-02
-1.693305024e-02-1.145431642e-02-6.691979144e-03-2.421059563e-03 1.460795273e-03
 4.992974366e-03 8.179941304e-03 1.100887033e-02 1.346448812e-02 1.554252504e-02
 1.725933831e-02 1.865451935e-02 1.978603274e-02 2.072113845e-02 2.152767985e-02
 2.226861255e-02 2.299997030e-02 2.377077561e-02 2.462306775e-02 2.559075893e-02
 2.669701765e-02 2.795097688e-02 2.934526452e-02 3.085569224e-02 3.244353833e-02
 3.405994447e-02 3.565162757e-02 3.716724929e-02 3.856376580e-02 3.981164745e-02
 4.089754228e-02 4.182347657e-02 4.260299287e-02 4.325580075e-02 4.380271728e-02
 4.426197847e-02 4.464713005e-02 4.496622046e-02 4.522199649e-02 4.541299968e-02
 4.553552889e-02 4.558501785e-02 4.563934092e-02 4.565711909e-02 4.562853541e-02
-2.758033837e-04-6.327783730e-04-1.147466540e-03-1.831525592e-03-2.696694545e-03
-3.752313185e-03-5.002712370e-03-6.443557296e-03-8.055611152e-03-9.834174404e-03
-1.177007028e-02-1.387084831e-02-1.618318278e-02-1.882622058e-02-2.191185383e-02
-2.527455750e-02-2.777962914e-02-2.759174160e-02-2.438306080e-02-1.944874494e-02
-1.445599678e-02-9.853001494e-03-5.655024799e-03-1.832329326e-03 1.630336801e-03
 4.736791003e-03 7.491771885e-03 9.908984286e-03 1.201222496e-02 1.383252262e-02
 1.540510476e-02 1.676768555e-02 1.795952856e-02 1.902045399e-02 1.998957313e-02
 2.090397662e-02 2.179760532e-02 2.270032232e-02 2.363704784e-02 2.462682408e-02
 2.568182066e-02 2.680647370e-02 2.799706509e-02 2.924202451e-02 3.052308879e-02
 3.181725942e-02 3.309933628e-02 3.434469873e-02 3.553194051e-02 3.664494352e-02
 3.767403844e-02 3.861607716e-02 3.947349175e-02 4.025262494e-02 4.096168054e-02
 4.160853907e-02 4.219848890e-02 4.273178912e-02 4.320118197e-02 4.359049145e-02
 4.387737706e-02 4.404554576e-02 4.409983379e-02 4.410889537e-02 4.408322803e-02
-2.414400341e-04-5.497382488e-04-9.867100176e-04-1.555424542e-03-2.258065845e-03
-3.094828004e-03-4.062912910e-03-5.153882587e-03-6.350503832e-03-7.646988988e-03
-9.028098875e-03-1.046145093e-02-1.191932798e-02-1.335240024e-02-1.464368563e-02
-1.558595475e-02-1.589384285e-02-1.531139203e-02-1.375996020e-02-1.138333653e-02
-8.449140676e-03-5.219379811e-03-1.903718115e-03 1.319540942e-03 4.286201660e-03
 6.872554824e-03 9.039392439e-03 1.083584898e-02 1.235340100e-02 1.367646553e-02
 1.486385902e-02 1.595286198e-02 1.696838729e-02 1.792968391e-02 1.885378008e-02
 1.975672404e-02 2.065364234e-02 2.155825697e-02 2.248220529e-02 2.343434290e-02
 2.442014212e-02 2.544128141e-02 2.649551389e-02 2.757688020e-02 2.867628806e-02
 2.978242337e-02 3.088290174e-02 3.196552601e-02 3.301949325e-02 3.403640074e-02
 3.501093495e-02 3.594118787e-02 3.682861309e-02 3.767768577e-02 3.849533382e-02
 3.929012551e-02 4.007095091e-02 4.084429053e-02 4.160736660e-02 4.232958831e-02
 4.291355713e-02 4.321190803e-02 4.320724448e-02 4.302789464e-02 4.278785504e-02
-1.966627190e-04-4.455759579e-04-7.943800581e-04-1.241845672e-03-1.785404178e-03
-2.420517313e-03-3.139945829e-03-3.930724935e-03-4.773656958e-03-5.654640616e-03
-6.546267569e-03-7.405361226e-03-8.194214815e-03-8.854110549e-03-9.304257469e-03
-9.447696302e-03-9.184148097e-03-8.431204619e-03-7.144110558e-03-5.321036837e-03
-2.988742794e-03-1.830122037e-04 3.045272178e-03 6.540368357e-03 9.735159460e-03
 1.190033978e-02 1.294075607e-02 1.341408114e-02 1.384014310e-02 1.436076907e-02
 1.497749006e-02 1.566458164e-02 1.639887488e-02 1.716470349e-02 1.795312464e-02
 1.876014592e-02 1.958502335e-02 2.042882963e-02 2.129330016e-02 2.217993336e-02
 2.308932715e-02 2.402074389e-02 2.497190164e-02 2.593898694e-02 2.691687446e-02
 2.789952308e-02 2.888050217e-02 2.985359005e-02 3.081338307e-02 3.175586140e-02
 3.267887739e-02 3.358256353e-02 3.446969901e-02 3.534612756e-02 3.622139564e-02
 3.710990997e-02 3.803317851e-02 3.902431220e-02 4.013751610e-02 4.146646140e-02
 4.308530858e-02 4.364991068e-02 4.288306934e-02 4.202206571e-02 4.144923781e-02
-1.517098640e-04-3.424457402e-04-6.073638284e-04-9.432772238e-04-1.345487345e-03
-1.807368148e-03-2.319984169e-03-2.871240166e-03-3.432717257e-03-3.998348668e-03
-4.530966537e-03-4.993107745e-03-5.364206568e-03-5.599275088e-03-5.646960675e-03
-5.453985435e-03-4.970092559e-03-4.150576973e-03-2.957178962e-03-1.354959780e-03
 7.022474810e-04 3.303376255e-03 6.623747385e-03 1.114659758e-02 1.591550323e-02
 1.796512070e-02 1.725955315e-02 1.535754848e-02 1.470945398e-02 1.463092501e-02
 1.485838483e-02 1.527021487e-02 1.580081705e-02 1.641177143e-02 1.707964118e-02
 1.778990836e-02 1.853356167e-02 1.930498413e-02 2.010055410e-02 2.091768353e-02
 2.175415473e-02 2.260768159e-02 2.347565336e-02 2.435503434e-02 2.524239719e-02
 2.613406648e-02 2.702634629e-02 2.791580349e-02 2.879957940e-02 2.967570802e-02
 3.054342923e-02 3.140350122e-02 3.225853821e-02 3.311342998e-02 3.397594423e-02
 3.485768549e-02 3.577571208e-02 3.675536837e-02 3.783567702e-02 3.908777459e-02
 4.066251321e-02 4.119075029e-02 4.054361556e-02 3.986467214e-02 3.937862649e-02
-1.114226738e-04-2.507055258e-04-4.426749328e-04-6.836017787e-04-9.683738145e-04
-1.290260059e-03-1.640504244e-03-2.005237318e-03-2.363143944e-03-2.698993914e-03
-2.985311257e-03-3.202591149e-03-3.337951003e-03-3.364077443e-03-3.228053263e-03
-2.876561756e-03-2.321979957e-03-1.539474120e-03-5.046066490e-04 8.011617790e-04
 2.390435817e-03 4.266915723e-03 6.383988087e-03 8.595637323e-03 1.058768447e-02
 1.202142752e-02 1.280468904e-02 1.315064544e-02 1.336908323e-02 1.362805264e-02
 1.397444677e-02 1.440808037e-02 1.491616240e-02 1.548477463e-02 1.610205601e-02
 1.675869506e-02 1.744760623e-02 1.816341278e-02 1.890195040e-02 1.965986147e-02
 2.043428243e-02 2.122260564e-02 2.202231037e-02 2.283086711e-02 2.364571376e-02
 2.446429467e-02 2.528414859e-02 2.610302980e-02 2.691904626e-02 2.773079942e-02
 2.853751105e-02 2.933912224e-02 3.013634500e-02 3.093063204e-02 3.172399082e-02
 3.251847406e-02 3.331496126e-02 3.411035520e-02 3.489131824e-02 3.562182328e-02
 3.622937582e-02 3.662823678e-02 3.679600464e-02 3.679742681e-02 3.671865326e-02
-7.756216878e-05-1.739498739e-04-3.057586981e-04-4.694483300e-04-6.603952102e-04
-8.729197777e-04-1.100441741e-03-1.333545387e-03-1.549345703e-03-1.709844716e-03
-1.830020460e-03-1.898664774e-03-1.900206784e-03-1.825174539e-03-1.581290492e-03
-1.198374567e-03-6.742102608e-04 2.469911913e-06 8.389994318e-04 1.835221337e-03
 2.980470647e-03 4.248399820e-03 5.588962599e-03 6.929129214e-03 8.184236188e-03
 9.283206025e-03 1.019624133e-02 1.094272865e-02 1.157308884e-02 1.214153450e-02
 1.268925192e-02 1.324145607e-02 1.381115234e-02 1.440374766e-02 1.502051160e-02
 1.566063828e-02 1.632239854e-02 1.700361357e-02 1.770178568e-02 1.841441341e-02
 1.913927506e-02 1.987437197e-02 2.061777443e-02 2.136755617e-02 2.212179621e-02
 2.287857279e-02 2.363602695e-02 2.439238769e-02 2.514602481e-02 2.589548845e-02
 2.663949340e-02 2.737690613e-02 2.810660613e-02 2.882727575e-02 2.953700897e-02
 3.023268836e-02 3.090906934e-02 3.155753120e-02 3.216488856e-02 3.271321406e-02
 3.318241515e-02 3.355645535e-02 3.383009102e-02 3.401042252e-02 3.411510702e-02
-5.028064962e-05-1.122566541e-04-1.960842029e-04-2.985707873e-04-4.155792631e-04
-5.420235113e-04-6.718897963e-04-7.988996097e-04-9.029399547e-04-9.700669380e-04
-9.891187783e-04-9.679070948e-04-8.745929025e-04-7.109497983e-04-4.601280596e-04
-1.042313189e-04 3.423181097e-04 9.109536648e-04 1.573044902e-03 2.335198722e-03
 3.187268808e-03 4.092091452e-03 5.057051511e-03 6.015105816e-03 6.957682089e-03
 7.851367779e-03 8.669860507e-03 9.442161635e-03 1.013800528e-02 1.080467175e-02
 1.143743160e-02 1.204825989e-02 1.267134423e-02 1.327653403e-02 1.391065804e-02
 1.454283017e-02 1.518516380e-02 1.585227681e-02 1.651407312e-02 1.720027036e-02
 1.788119353e-02 1.857183759e-02 1.927128915e-02 1.996190958e-02 2.067349236e-02
 2.137080746e-02 2.207619021e-02 2.277846745e-02 2.346761408e-02 2.416827324e-02
 2.484520930e-02 2.552734835e-02 2.619302137e-02 2.684077090e-02 2.748598758e-02
 2.809567884e-02 2.869592790e-02 2.925941499e-02 2.977987763e-02 3.026957178e-02
 3.069078620e-02 3.106912637e-02 3.138266705e-02 3.163153489e-02 3.184107915e-02
 0.142361514E+01 0.143903303E+01 0.145347545E+01 0.146855241E+01 0.148407089E+01
 0.149999831E+01 0.151636561E+01 0.153317669E+01 0.155046351E+01 0.156826554E+01
 0.158660645E+01 0.160551963E+01 0.162505145E+01 0.164524035E+01 0.166612036E+01
 0.168773542E+01 0.171014425E+01 0.173339768E+01 0.175754265E+01 0.178262520E+01
 0.180871864E+01 0.183589628E+01 0.186422495E+01 0.189377406E+01 0.192461526E+01
 0.195684223E+01 0.199056336E+01 0.202587946E+01 0.206289816E+01 0.210173126E+01
 0.214250347E+01 0.218537795E+01 0.223052386E+01 0.227810991E+01 0.232832067E+01
 0.238136390E+01 0.243747770E+01 0.249693804E+01 0.256004558E+01 0.262713292E+01
 0.269856834E+01 0.277475722E+01 0.285617375E+01 0.294337973E+01 0.303700109E+01
 0.313774630E+01 0.324644572E+01 0.336407001E+01 0.349174056E+01 0.363078953E+01
 0.378281568E+01 0.394973651E+01 0.413386590E+01 0.433806645E+01 0.456588682E+01
 0.482184989E+01 0.511189499E+01 0.544398561E+01 0.582882402E+01 0.628177849E+01
 0.682665474E+01 0.750396623E+01 0.839337568E+01 0.970762089E+01 0.165530979E+02
  361   98
 0.577294451E+00 0.119143891E+01 0.570923485E+00 0.117746125E+01 0.564550299E+00
 0.116348460E+01 0.558185439E+00 0.114950415E+01 0.551830577E+00 0.113551916E+01
 0.545491371E+00 0.112152707E+01 0.539176337E+00 0.110752405E+01 0.532898014E+00
 0.109350453E+01 0.526668445E+00 0.107946329E+01 0.520495034E+00 0.106539726E+01
 0.514382850E+00 0.105130453E+01 0.508336642E+00 0.103718337E+01 0.502363240E+00
 0.102303125E+01 0.496469143E+00 0.100884593E+01 0.490657969E+00 0.994626439E+00
 0.484930833E+00 0.980372890E+00 0.479287811E+00 0.966085833E+00 0.473730585E+00
 0.951765186E+00 0.468262134E+00 0.937410406E+00 0.462883766E+00 0.923021633E+00
 0.457594212E+00 0.908599972E+00 0.452390679E+00 0.894147049E+00 0.447271746E+00
 0.879663947E+00 0.442240176E+00 0.865150265E+00 0.437298703E+00 0.850605661E+00
 0.432448362E+00 0.836030414E+00 0.427688628E+00 0.821425326E+00 0.423018710E+00
 0.806791271E+00 0.418439517E+00 0.792128576E+00 0.413953481E+00 0.777437113E+00
 0.409563213E+00 0.762716749E+00 0.405270866E+00 0.747967535E+00 0.401077109E+00
 0.733189986E+00 0.396981418E+00 0.718384957E+00 0.392983171E+00 0.703553315E+00
 0.389082210E+00 0.688695789E+00 0.385279457E+00 0.673812824E+00 0.381576508E+00
 0.658904716E+00 0.377974857E+00 0.643971811E+00 0.374475536E+00 0.629014597E+00
 0.371079022E+00 0.614033702E+00 0.367784739E+00 0.599029995E+00 0.364591105E+00
 0.584004541E+00 0.361496733E+00 0.568958331E+00 0.358500686E+00 0.553892234E+00
 0.355602514E+00 0.538807003E+00 0.352802062E+00 0.523703326E+00 0.350099265E+00
 0.508581868E+00 0.347494022E+00 0.493443298E+00 0.344986116E+00 0.478288299E+00
 0.342574628E+00 0.463117657E+00 0.340257314E+00 0.447932345E+00 0.338031880E+00
 0.432733294E+00 0.335896294E+00 0.417521358E+00 0.333848934E+00 0.402297297E+00
 0.331888832E+00 0.387061754E+00 0.330015460E+00 0.371815305E+00 0.328228325E+00
 0.356558506E+00 0.326526732E+00 0.341291930E+00 0.324909682E+00 0.326016167E+00
 0.323375962E+00 0.310731812E+00 0.321924624E+00 0.295439414E+00 0.320555019E+00
 0.280139480E+00 0.319266702E+00 0.264832486E+00 0.318058853E+00 0.249518932E+00
 0.316930406E+00 0.234199322E+00 0.315880396E+00 0.218874136E+00 0.314907975E+00
 0.203543831E+00 0.314012237E+00 0.188208853E+00 0.313191981E+00 0.172869653E+00
 0.312446110E+00 0.157526655E+00 0.311773714E+00 0.142180262E+00 0.311174094E+00
 0.126830853E+00 0.310646966E+00 0.111478783E+00 0.310192314E+00 0.961243955E-01
 0.309810227E+00 0.807680313E-01 0.309500893E+00 0.654100294E-01 0.309264206E+00
 0.500507359E-01 0.309099341E+00 0.346905033E-01 0.309005550E+00 0.193296721E-01
 0.308982261E+00 0.396857211E-02 0.309029057E+00-0.113924744E-01 0.309145726E+00
-0.267531492E-01 0.309332222E+00-0.421131348E-01 0.309588646E+00-0.574721122E-01
 0.309915258E+00-0.728297572E-01 0.310312463E+00-0.881857384E-01 0.310780790E+00
-0.103539715E+00 0.311320937E+00-0.118891332E+00 0.311933773E+00-0.134240220E+00
 0.312620243E+00-0.149585990E+00 0.313380787E+00-0.164928267E+00 0.314215661E+00
-0.180266679E+00 0.315125250E+00-0.195600841E+00 0.316110113E+00-0.210930352E+00
 0.317171153E+00-0.226254779E+00 0.318309685E+00-0.241573644E+00 0.319527187E+00
-0.256886433E+00 0.320825215E+00-0.272192606E+00 0.322205229E+00-0.287491605E+00
 0.323667889E+00-0.302782924E+00 0.325213616E+00-0.318066069E+00 0.326843010E+00
-0.333340520E+00 0.328556887E+00-0.348605722E+00 0.330356147E+00-0.363861095E+00
 0.332241631E+00-0.379106052E+00 0.334214336E+00-0.394339967E+00 0.336275559E+00
-0.409562157E+00 0.338426853E+00-0.424771879E+00 0.340669848E+00-0.439968347E+00
 0.343006250E+00-0.455150734E+00 0.345437904E+00-0.470318155E+00 0.347966839E+00
-0.485469659E+00 0.350594675E+00-0.500604323E+00 0.353321963E+00-0.515721382E+00
 0.356148965E+00-0.530820111E+00 0.359075750E+00-0.545899816E+00 0.362102333E+00
-0.560959808E+00 0.365229342E+00-0.575999268E+00 0.368458251E+00-0.591017179E+00
 0.371791079E+00-0.606012369E+00 0.375230123E+00-0.620983556E+00 0.378777072E+00
-0.635929544E+00 0.382431541E+00-0.650849608E+00 0.386192231E+00-0.665743253E+00
 0.390057317E+00-0.680610150E+00 0.394024879E+00-0.695450027E+00 0.398094389E+00
-0.710262272E+00 0.402267201E+00-0.725045746E+00 0.406544935E+00-0.739799201E+00
 0.410928759E+00-0.754521481E+00 0.415418845E+00-0.769211700E+00 0.420013819E+00
-0.783869452E+00 0.424712118E+00-0.798494412E+00 0.429513045E+00-0.813086005E+00
 0.434417302E+00-0.827643193E+00 0.439426363E+00-0.842164651E+00 0.444541689E+00
-0.856649016E+00 0.449763848E+00-0.871095208E+00 0.455092594E+00-0.885502424E+00
 0.460528337E+00-0.899869611E+00 0.466075198E+00-0.914194260E+00 0.471739478E+00
-0.928472883E+00 0.477526328E+00-0.942702269E+00 0.483439064E+00-0.956879806E+00
 0.489480709E+00-0.971002887E+00 0.495660082E+00-0.985066241E+00 0.501991032E+00
-0.999062001E+00 0.508488715E+00-0.101298112E+01 0.515169254E+00-0.102681339E+01
 0.522053280E+00-0.104054549E+01 0.529175452E+00-0.105415552E+01 0.536589800E+00
-0.106760850E+01 0.544375701E+00-0.108084966E+01 0.552651395E+00-0.109378981E+01
 0.561601015E+00-0.110627210E+01 0.571515943E+00-0.111799892E+01 0.582812904E+00
-0.112839157E+01 0.595853013E+00-0.113646422E+01 0.610423125E+00-0.114123093E+01
 0.625692736E+00-0.114271990E+01 0.641021385E+00-0.114185212E+01 0.656200193E+00
-0.113951203E+01 0.671212286E+00-0.113626184E+01 0.686085917E+00-0.113242481E+01
 0.700851231E+00-0.112818908E+01 0.715531058E+00-0.112366554E+01 0.730141621E+00
-0.111892288E+01 0.744693278E+00-0.111400236E+01 0.759192723E+00-0.110893000E+01
 0.773643868E+00-0.110372160E+01 0.788050106E+00-0.109839024E+01 0.802410159E+00
-0.109293571E+01 0.816715228E+00-0.108733863E+01 0.830954125E+00-0.108157533E+01
 0.845115774E+00-0.107562479E+01 0.859188342E+00-0.106946660E+01 0.873159949E+00
-0.106308272E+01 0.887019101E+00-0.105645828E+01 0.900755416E+00-0.104958278E+01
 0.914360320E+00-0.104245080E+01 0.927829261E+00-0.103506523E+01 0.941161160E+00
-0.102743506E+01 0.954346869E+00-0.101955500E+01 0.967364392E+00-0.101140019E+01
 0.980192932E+00-0.100295126E+01 0.992819352E+00-0.994203153E+00 0.100523605E+01
-0.985159833E+00 0.101744458E+01-0.975837334E+00 0.102945871E+01-0.966265527E+00
 0.104129181E+01-0.956470780E+00 0.105293537E+01-0.946451495E+00 0.106437072E+01
-0.936195239E+00 0.107558567E+01-0.925698430E+00 0.108658059E+01-0.914971348E+00
 0.109736450E+01-0.904032111E+00 0.110794873E+01-0.892899544E+00 0.111833768E+01
-0.881584526E+00 0.112852007E+01-0.870083296E+00 0.113847793E+01-0.858387155E+00
 0.114820149E+01-0.846495517E+00 0.115769249E+01-0.834417443E+00 0.116695479E+01
-0.822163104E+00 0.117598246E+01-0.809734916E+00 0.118475616E+01-0.797126199E+00
 0.119325633E+01-0.784331507E+00 0.120147668E+01-0.771355260E+00 0.120942445E+01
-0.758210265E+00 0.121710577E+01-0.744907815E+00 0.122450162E+01-0.731444607E+00
 0.123158875E+01-0.717816387E+00 0.123835902E+01-0.704028007E+00 0.124481657E+01
-0.690090415E+00 0.125096305E+01-0.676012879E+00 0.125679121E+01-0.661800606E+00
 0.126229988E+01-0.647461463E+00 0.126749983E+01-0.633007476E+00 0.127241056E+01
-0.618452643E+00 0.127705098E+01-0.603809370E+00 0.128142838E+01-0.589085326E+00
 0.128554826E+01-0.574287146E+00 0.128942050E+01-0.559422230E+00 0.129306055E+01
-0.544498738E+00 0.129649283E+01-0.529526060E+00 0.129974941E+01-0.514514163E+00
 0.130286177E+01-0.499471680E+00 0.130585921E+01-0.484405861E+00 0.130876727E+01
-0.469322525E+00 0.131160368E+01-0.454225547E+00 0.131438340E+01-0.439118023E+00
 0.131712231E+01-0.424003045E+00 0.131983771E+01-0.408883821E+00 0.132254757E+01
-0.393763606E+00 0.132526939E+01-0.378645539E+00 0.132802169E+01-0.363532994E+00
 0.133082395E+01-0.348429638E+00 0.133369464E+01-0.333339144E+00 0.133663499E+01
-0.318262064E+00 0.133963425E+01-0.303196589E+00 0.134268067E+01-0.288140577E+00
 0.134576245E+01-0.273091763E+00 0.134886802E+01-0.258047837E+00 0.135198564E+01
-0.243006403E+00 0.135510304E+01-0.227964924E+00 0.135820644E+01-0.212920552E+00
 0.136127912E+01-0.197869876E+00 0.136429906E+01-0.182808537E+00 0.136723824E+01
-0.167731242E+00 0.137006362E+01-0.152632227E+00 0.137273861E+01-0.137505871E+00
 0.137522635E+01-0.122347623E+00 0.137749836E+01-0.107155570E+00 0.137952789E+01
-0.919292562E-01 0.138128768E+01-0.766694487E-01 0.138275061E+01-0.613783623E-01
 0.138389632E+01-0.460602619E-01 0.138471236E+01-0.307210816E-01 0.138518838E+01
-0.153676021E-01 0.138531630E+01-0.728851720E-05 0.138509247E+01 0.153519291E-01
 0.138452340E+01 0.307022481E-01 0.138361990E+01 0.460365348E-01 0.138239476E+01
 0.613485015E-01 0.138086267E+01 0.766328287E-01 0.137904602E+01 0.918859889E-01
 0.137697383E+01 0.107106571E+00 0.137467480E+01 0.122294578E+00 0.137217680E+01
 0.137451154E+00 0.136950895E+01 0.152578783E+00 0.136670794E+01 0.167682349E+00
 0.136380979E+01 0.182767592E+00 0.136084662E+01 0.197840206E+00 0.135784546E+01
 0.212905307E+00 0.135482724E+01 0.227967002E+00 0.135180735E+01 0.243028360E+00
 0.134879823E+01 0.258091874E+00 0.134581079E+01 0.273159702E+00 0.134285514E+01
 0.288233797E+00 0.133994041E+01 0.303315854E+00 0.133707612E+01 0.318407571E+00
 0.133427230E+01 0.333510637E+00 0.133153862E+01 0.348626551E+00 0.132887274E+01
 0.363754575E+00 0.132625451E+01 0.378890925E+00 0.132366264E+01 0.394031812E+00
 0.132107651E+01 0.409173682E+00 0.131847626E+01 0.424313132E+00 0.131584130E+01
 0.439446576E+00 0.131315137E+01 0.454570340E+00 0.131038721E+01 0.469680707E+00
 0.130753029E+01 0.484773804E+00 0.130456056E+01 0.499845095E+00 0.130145344E+01
 0.514888647E+00 0.129818185E+01 0.529897266E+00 0.129471595E+01 0.544862179E+00
 0.129102451E+01 0.559773024E+00 0.128708200E+01 0.574619430E+00 0.128287052E+01
 0.589391771E+00 0.127837824E+01 0.604081140E+00 0.127359906E+01 0.618679677E+00
 0.126852751E+01 0.633179222E+00 0.126314855E+01 0.647567526E+00 0.125744597E+01
 0.661830635E+00 0.125141235E+01 0.675956884E+00 0.124505256E+01 0.689939332E+00
 0.123837766E+01 0.703774144E+00 0.123138953E+01 0.717453396E+00 0.122408757E+01
 0.730967734E+00 0.121648385E+01 0.744314655E+00 0.120860555E+01 0.757501420E+00
 0.120047538E+01 0.770534411E+00 0.119209234E+01 0.783406200E+00 0.118345333E+01
 0.796107603E+00 0.117456656E+01 0.808636936E+00 0.116545268E+01 0.821002085E+00
 0.115613328E+01 0.833213113E+00 0.114661725E+01 0.845271533E+00 0.113689925E+01
 0.857167762E+00 0.112697308E+01 0.868890852E+00 0.111684340E+01 0.880438566E+00
 0.110652407E+01 0.891817149E+00 0.109602572E+01 0.903030773E+00 0.108534428E+01
 0.914070119E+00 0.107446576E+01 0.924915265E+00 0.106337663E+01 0.935544933E+00
 0.105207276E+01 0.945945942E+00 0.104056473E+01 0.956120635E+00 0.102887092E+01
 0.966081286E+00 0.101699935E+01 0.975829359E+00 0.100493469E+01 0.985337334E+00
 0.992661576E+00 0.994574602E+00 0.980177655E+00 0.100352490E+01 0.967490345E+00
 0.101218450E+01 0.954613273E+00 0.102055935E+01 0.941568736E+00 0.102867100E+01
 0.928380101E+00 0.103654625E+01 0.915054914E+00 0.104418815E+01 0.901592216E+00
 0.105158508E+01 0.887996587E+00 0.105873478E+01 0.874278434E+00 0.106564651E+01
 0.860450131E+00 0.107233519E+01 0.846525460E+00 0.107882093E+01 0.832519178E+00
 0.108512856E+01 0.818447095E+00 0.109128805E+01 0.804324443E+00 0.109733075E+01
 0.790164436E+00 0.110328541E+01 0.775977142E+00 0.110917478E+01 0.761767930E+00
 0.111501108E+01 0.747539664E+00 0.112080078E+01 0.733296842E+00 0.112655458E+01
 0.719044741E+00 0.113228537E+01 0.704788746E+00 0.113800646E+01 0.690534278E+00
 0.114373135E+01 0.676286876E+00 0.114947380E+01 0.662052620E+00 0.115524876E+01
 0.647837663E+00 0.116107105E+01 0.633650477E+00 0.116696066E+01 0.619498710E+00
 0.117293487E+01 0.605387732E+00 0.117900478E+01 0.591317366E+00 0.118516825E+01
 0.577294451E+00 0.119143891E+01
 0.156441580E+01 0.156423520E+01 0.173298350E+01 0.167901950E+01 0.134847970E+01
 0.206041340E+01 0.108819530E+01 0.205946000E+01 0.902253030E+00 0.187565310E+01
 0.903668760E+00 0.187424170E+01 0.533866470E+00 0.150285580E+01 0.538010660E+00
 0.149874330E+01 0.332797140E+00 0.129708960E+01 0.332797140E+00 0.109400000E+01
 0.334795920E+00 0.109400000E+01 0.303115250E+00 0.847500000E+00 0.305114030E+00
 0.847500000E+00 0.269135950E+00 0.565000000E+00 0.271134730E+00 0.565000000E+00
 0.260841000E+00 0.495257700E+00 0.260841000E+00-0.507257700E+00 0.271134730E+00
-0.576999960E+00 0.269135950E+00-0.576999960E+00 0.305114030E+00-0.859500000E+00
 0.303115250E+00-0.859500000E+00 0.334795920E+00-0.110600010E+01 0.332797140E+00
-0.110600010E+01 0.332797140E+00-0.130908970E+01 0.538598100E+00-0.150990190E+01
 0.534468950E+00-0.151402960E+01 0.905629600E+00-0.188405800E+01 0.904219000E+00
-0.188547470E+01 0.108819530E+01-0.206614000E+01 0.134847970E+01-0.206518650E+01
 0.173017910E+01-0.168098580E+01 0.156441580E+01-0.156883530E+01 0.137999130E+01
-0.157688300E+01 0.137989190E+01-0.157672700E+01 0.119622210E+01-0.158474990E+01
 0.119631650E+01-0.158489800E+01 0.105537410E+01-0.159104840E+01 0.105528350E+01
-0.159090630E+01 0.947502500E+00-0.159561420E+01 0.905686400E+00-0.159556230E+01
 0.899143000E+00-0.159478470E+01 0.883387860E+00-0.159026430E+01 0.867681200E+00
-0.158087360E+01 0.851322350E+00-0.156766880E+01 0.833481900E+00-0.154624210E+01
 0.826062560E+00-0.152875240E+01 0.822677700E+00-0.151516830E+01 0.821022750E+00
-0.149624060E+01 0.820691350E+00-0.147724350E+01 0.822887360E+00-0.144582030E+01
 0.827573000E+00-0.141923050E+01 0.839194600E+00-0.138728100E+01 0.855244300E+00
-0.135284130E+01 0.877566500E+00-0.132209860E+01 0.899473500E+00-0.130017830E+01
 0.118567730E+01-0.101380000E+01 0.127900000E+01-0.842300000E+00 0.129600000E+01
-0.820200000E+00 0.143300000E+01-0.820200000E+00 0.143300000E+01-0.711000000E+00
 0.149000000E+01-0.491000000E+00 0.146000000E+01-0.491000000E+00 0.146000000E+01
-0.233000000E+00 0.166100000E+01-0.233000000E+00 0.166100000E+01 0.226000000E+00
 0.146000000E+01 0.226000000E+00 0.146000000E+01 0.481000000E+00 0.149300000E+01
 0.481000000E+00 0.147400000E+01 0.554000000E+00 0.143300000E+01 0.711000000E+00
 0.143300000E+01 0.815600000E+00 0.129600000E+01 0.815600000E+00 0.127900000E+01
 0.837699950E+00 0.118567730E+01 0.100920000E+01 0.899473500E+00 0.129557820E+01
 0.877566500E+00 0.131749860E+01 0.855244300E+00 0.134824120E+01 0.839194600E+00
 0.138268090E+01 0.827573000E+00 0.141463040E+01 0.822887360E+00 0.144122030E+01
 0.820691350E+00 0.147264350E+01 0.821022750E+00 0.149164060E+01 0.822677700E+00
 0.151056830E+01 0.826062560E+00 0.152415240E+01 0.833481900E+00 0.154164210E+01
 0.851322350E+00 0.156306870E+01 0.867681200E+00 0.157627360E+01 0.883387860E+00
 0.158566430E+01 0.899143000E+00 0.159018470E+01 0.905686400E+00 0.159096230E+01
 0.947502500E+00 0.159101410E+01 0.105528350E+01 0.158630620E+01 0.105537410E+01
 0.158644830E+01 0.119631650E+01 0.158029800E+01 0.119622210E+01 0.158014990E+01
 0.137989190E+01 0.157212700E+01 0.137999130E+01 0.157228290E+01 0.156441580E+01
 0.156423520E+01
    0
