EFIT++      MAST # 47052 # 540ms                   0  65  65
 0.194000000E+01 0.440000000E+01 0.800000000E+00 0.600000000E-01 0.000000000E+00
 0.976077770E+00-0.419821607E-03-0.789660557E-01-0.499457019E-02-0.655051399E+00
 0.747178044E+06-0.789660557E-01 0.000000000E+00 0.976077770E+00 0.000000000E+00
-0.419821607E-03 0.000000000E+00-0.499457019E-02 0.000000000E+00 0.000000000E+00
-0.550149471E+00-0.549447797E+00-0.548752078E+00-0.548062472E+00-0.547379138E+00
-0.546702234E+00-0.546031920E+00-0.545368356E+00-0.544711704E+00-0.544062123E+00
-0.543419776E+00-0.542784825E+00-0.542157433E+00-0.541537762E+00-0.540925976E+00
-0.540322239E+00-0.539726716E+00-0.539139570E+00-0.538560968E+00-0.537991073E+00
-0.537430052E+00-0.536878071E+00-0.536335295E+00-0.535801891E+00-0.535278025E+00
-0.534763864E+00-0.534259574E+00-0.533765323E+00-0.533281276E+00-0.532807602E+00
-0.532344466E+00-0.531892035E+00-0.531450477E+00-0.531019958E+00-0.530600644E+00
-0.530192702E+00-0.529796298E+00-0.529411598E+00-0.529038766E+00-0.528677969E+00
-0.528329372E+00-0.527993138E+00-0.527669432E+00-0.527358418E+00-0.527060258E+00
-0.526775115E+00-0.526503150E+00-0.526244526E+00-0.525999402E+00-0.525767938E+00
-0.525550294E+00-0.525346626E+00-0.525157094E+00-0.524981853E+00-0.524821059E+00
-0.524674866E+00-0.524543427E+00-0.524426895E+00-0.524325422E+00-0.524239157E+00
-0.524168249E+00-0.524112845E+00-0.524073093E+00-0.524049136E+00-0.524041119E+00
 0.248770774E+05 0.242953232E+05 0.237137748E+05 0.231327185E+05 0.225524411E+05
 0.219732291E+05 0.213953692E+05 0.208191478E+05 0.202448517E+05 0.196727674E+05
 0.191031814E+05 0.185363805E+05 0.179726511E+05 0.174122799E+05 0.168555534E+05
 0.163027583E+05 0.157541812E+05 0.152101086E+05 0.146708271E+05 0.141366234E+05
 0.136077839E+05 0.130845954E+05 0.125673444E+05 0.120563175E+05 0.115518012E+05
 0.110540823E+05 0.105634472E+05 0.100801826E+05 0.960457503E+04 0.913691113E+04
 0.867747748E+04 0.822656066E+04 0.778444727E+04 0.735142390E+04 0.692777715E+04
 0.651379360E+04 0.610975986E+04 0.571596251E+04 0.533268814E+04 0.496022335E+04
 0.459885473E+04 0.424886888E+04 0.391055238E+04 0.358419183E+04 0.327007382E+04
 0.296848495E+04 0.267971180E+04 0.240404097E+04 0.214175906E+04 0.189315265E+04
 0.165850833E+04 0.143811271E+04 0.123225236E+04 0.104121390E+04 0.865283895E+03
 0.704748956E+03 0.559895669E+03 0.431010628E+03 0.318380426E+03 0.222291654E+03
 0.143030905E+03 0.808847733E+02 0.361398499E+02 0.908272791E+01 0.000000000E+00
-0.335380991E+00-0.332159690E+00-0.328874293E+00-0.325524799E+00-0.322111210E+00
-0.318633524E+00-0.315091743E+00-0.311485865E+00-0.307815891E+00-0.304081821E+00
-0.300283655E+00-0.296421393E+00-0.292495035E+00-0.288504581E+00-0.284450031E+00
-0.280331384E+00-0.276148642E+00-0.271901803E+00-0.267590868E+00-0.263215838E+00
-0.258776711E+00-0.254273488E+00-0.249706169E+00-0.245074754E+00-0.240379242E+00
-0.235619635E+00-0.230795932E+00-0.225908132E+00-0.220956237E+00-0.215940245E+00
-0.210860157E+00-0.205715973E+00-0.200507693E+00-0.195235317E+00-0.189898845E+00
-0.184498277E+00-0.179033613E+00-0.173504852E+00-0.167911996E+00-0.162255043E+00
-0.156533995E+00-0.150748850E+00-0.144899609E+00-0.138986272E+00-0.133008839E+00
-0.126967310E+00-0.120861685E+00-0.114691964E+00-0.108458146E+00-0.102160233E+00
-0.957982232E-01-0.893721175E-01-0.828819158E-01-0.763276180E-01-0.697092241E-01
-0.630267341E-01-0.562801480E-01-0.494694658E-01-0.425946875E-01-0.356558132E-01
-0.286528427E-01-0.215857762E-01-0.144546135E-01-0.725935481E-02 0.000000000E+00
-0.503338970E+06-0.503285022E+06-0.502983113E+06-0.502433246E+06-0.501635419E+06
-0.500589632E+06-0.499295886E+06-0.497754181E+06-0.495964516E+06-0.493926891E+06
-0.491641308E+06-0.489107764E+06-0.486326262E+06-0.483296799E+06-0.480019378E+06
-0.476493997E+06-0.472720656E+06-0.468699356E+06-0.464430097E+06-0.459912878E+06
-0.455147700E+06-0.450134562E+06-0.444873465E+06-0.439364408E+06-0.433607392E+06
-0.427602417E+06-0.421349482E+06-0.414848587E+06-0.408099733E+06-0.401102920E+06
-0.393858147E+06-0.386365415E+06-0.378624723E+06-0.370636072E+06-0.362399461E+06
-0.353914891E+06-0.345182362E+06-0.336201873E+06-0.326973425E+06-0.317497017E+06
-0.307772649E+06-0.297800323E+06-0.287580037E+06-0.277111791E+06-0.266395586E+06
-0.255431421E+06-0.244219297E+06-0.232759214E+06-0.221051171E+06-0.209095169E+06
-0.196891207E+06-0.184439286E+06-0.171739405E+06-0.158791565E+06-0.145595765E+06
-0.132152006E+06-0.118460288E+06-0.104520610E+06-0.903329726E+05-0.758973758E+05
-0.612138195E+05-0.462823038E+05-0.311028287E+05-0.156753941E+05 0.000000000E+00
-8.747420463e-05-1.962732477e-04-3.453513935e-04-5.310866158e-04-7.488434219e-04
-9.930254261e-04-1.257124098e-03-1.533748476e-03-1.800298952e-03-2.017513951e-03
-2.203961853e-03-2.352546240e-03-2.442881397e-03-2.464451621e-03-2.400997303e-03
-2.237930684e-03-1.976048442e-03-1.600978636e-03-1.121346166e-03-5.363388045e-04
 1.449327641e-04 8.968739742e-04 1.708024384e-03 2.534029656e-03 3.354693081e-03
 4.141124216e-03 4.872168660e-03 5.559873007e-03 6.192414337e-03 6.799609787e-03
 7.384314390e-03 7.956250544e-03 8.537247711e-03 9.110348044e-03 9.702920385e-03
 1.029692611e-02 1.089870838e-02 1.151730899e-02 1.212944739e-02 1.276083929e-02
 1.338423976e-02 1.401299249e-02 1.464631302e-02 1.526506445e-02 1.589888198e-02
 1.651150955e-02 1.712707708e-02 1.773360137e-02 1.831862797e-02 1.891152793e-02
 1.947022967e-02 2.003126587e-02 2.056884372e-02 2.108177097e-02 2.159359993e-02
 2.206173344e-02 2.252771050e-02 2.295930357e-02 2.335372207e-02 2.373916628e-02
 2.406400897e-02 2.437551785e-02 2.464044280e-02 2.485535757e-02 2.506088863e-02
-1.211694493e-04-2.724265577e-04-4.806417729e-04-7.417085383e-04-1.050328544e-03
-1.400100242e-03-1.783658768e-03-2.189466106e-03-2.592158746e-03-2.931364437e-03
-3.241631119e-03-3.509745125e-03-3.716709630e-03-3.855982066e-03-3.829555072e-03
-3.669627609e-03-3.366738271e-03-2.907002384e-03-2.280871096e-03-1.486658569e-03
-5.327959876e-04 5.578010472e-04 1.738461368e-03 2.939083979e-03 4.075731616e-03
 5.076285085e-03 5.910402515e-03 6.597921969e-03 7.188563425e-03 7.733161359e-03
 8.267782367e-03 8.812524836e-03 9.376279903e-03 9.961509922e-03 1.056748066e-02
 1.119206254e-02 1.183266172e-02 1.248660203e-02 1.315123275e-02 1.382403057e-02
 1.450263234e-02 1.518479020e-02 1.586827708e-02 1.655083819e-02 1.723019742e-02
 1.790404976e-02 1.857012738e-02 1.922623005e-02 1.987028634e-02 2.050041451e-02
 2.111493170e-02 2.171239800e-02 2.229155850e-02 2.285127453e-02 2.339036655e-02
 2.390735732e-02 2.440010331e-02 2.486524024e-02 2.529766219e-02 2.569035193e-02
 2.603522961e-02 2.632538349e-02 2.655722984e-02 2.673039828e-02 2.685030914e-02
-1.626387498e-04-3.663018458e-04-6.477893128e-04-1.002541436e-03-1.424369650e-03
-1.905187097e-03-2.434663500e-03-2.997290064e-03-3.559067295e-03-4.116146876e-03
-4.633146677e-03-5.088461661e-03-5.467619716e-03-5.736501334e-03-5.850406805e-03
-5.768471024e-03-5.473294185e-03-4.940298854e-03-4.146108545e-03-3.072652081e-03
-1.706955236e-03-4.472909058e-05 1.884452026e-03 3.955578004e-03 5.852172114e-03
 7.205483114e-03 7.914414586e-03 8.224092465e-03 8.456305140e-03 8.758775380e-03
 9.156837877e-03 9.639063997e-03 1.018789915e-02 1.078767209e-02 1.142606702e-02
 1.209385260e-02 1.278422292e-02 1.349213101e-02 1.421371698e-02 1.494585153e-02
 1.568578748e-02 1.643090543e-02 1.717854488e-02 1.792591516e-02 1.867007858e-02
 1.940799403e-02 2.013660641e-02 2.085296548e-02 2.155435736e-02 2.223843302e-02
 2.290332000e-02 2.354770582e-02 2.417088273e-02 2.477274092e-02 2.535368553e-02
 2.591441942e-02 2.645545265e-02 2.697600613e-02 2.747154266e-02 2.792869880e-02
 2.831945068e-02 2.861111989e-02 2.879614653e-02 2.889987486e-02 2.895783599e-02
-2.121577443e-04-4.788194299e-04-8.491987005e-04-1.319025860e-03-1.882220846e-03
-2.530477466e-03-3.252772278e-03-4.031561523e-03-4.838862439e-03-5.662995534e-03
-6.471655982e-03-7.227989884e-03-7.899606371e-03-8.439039598e-03-8.790948273e-03
-8.896804436e-03-8.700620865e-03-8.154338042e-03-7.221147812e-03-5.873718456e-03
-4.081455825e-03-1.772940628e-03 1.193286467e-03 5.279658445e-03 9.723199592e-03
 1.165269577e-02 1.102996984e-02 9.510652619e-03 9.167297058e-03 9.300180371e-03
 9.684299214e-03 1.021518649e-02 1.083673379e-02 1.151637909e-02 1.223456842e-02
 1.297948560e-02 1.374405661e-02 1.452406890e-02 1.531690596e-02 1.612066416e-02
 1.693353740e-02 1.775340968e-02 1.857762211e-02 1.940289102e-02 2.022535595e-02
 2.104073354e-02 2.184454889e-02 2.263241276e-02 2.340031255e-02 2.414488887e-02
 2.486367701e-02 2.555530483e-02 2.621965331e-02 2.685800369e-02 2.747321721e-02
 2.807002374e-02 2.865554991e-02 2.924034434e-02 2.984071144e-02 3.049172075e-02
 3.117088749e-02 3.148348203e-02 3.142538204e-02 3.126337117e-02 3.115603875e-02
-2.684793609e-04-6.075375164e-04-1.081450085e-03-1.687628099e-03-2.421812755e-03
-3.277490275e-03-4.245205386e-03-5.308365337e-03-6.442499750e-03-7.634874366e-03
-8.858791714e-03-1.006982143e-02-1.122640840e-02-1.226368462e-02-1.309111196e-02
-1.359664473e-02-1.366210728e-02-1.319165336e-02-1.213979377e-02-1.052013535e-02
-8.388899503e-03-5.820315861e-03-2.904737920e-03 1.842824019e-04 3.033144467e-03
 5.156765088e-03 6.466191180e-03 7.325523030e-03 8.074156325e-03 8.840821722e-03
 9.644496751e-03 1.047508745e-02 1.132006793e-02 1.217085549e-02 1.302335796e-02
 1.387701730e-02 1.473357825e-02 1.559592828e-02 1.646710340e-02 1.734948484e-02
 1.824419589e-02 1.915070737e-02 2.006665971e-02 2.098790304e-02 2.190874324e-02
 2.282236362e-02 2.372137299e-02 2.459841660e-02 2.544678062e-02 2.626092605e-02
 2.703690527e-02 2.777264154e-02 2.846808486e-02 2.912529411e-02 2.974853411e-02
 3.034452718e-02 3.092308974e-02 3.149858650e-02 3.209307884e-02 3.273862914e-02
 3.340394177e-02 3.370630417e-02 3.362261489e-02 3.335742142e-02 3.320244365e-02
-3.274063132e-04-7.434970200e-04-1.329879899e-03-2.087855556e-03-3.017443975e-03
-4.116322138e-03-5.378997009e-03-6.795700638e-03-8.332847040e-03-9.996065721e-03
-1.176596417e-02-1.361721562e-02-1.552618646e-02-1.744795412e-02-1.926339382e-02
-2.073104887e-02-2.148619327e-02-2.118764165e-02-1.973652042e-02-1.733921263e-02
-1.435444360e-02-1.110135462e-02-7.801364023e-03-4.613220780e-03-1.664693548e-03
 9.537676973e-04 3.212809378e-03 5.145142073e-03 6.815184220e-03 8.286085988e-03
 9.605586534e-03 1.080713913e-02 1.191555922e-02 1.295155850e-02 1.393410942e-02
 1.488119698e-02 1.580966773e-02 1.673466355e-02 1.766891165e-02 1.862201736e-02
 1.959985847e-02 2.060417463e-02 2.163244347e-02 2.267811476e-02 2.373122854e-02
 2.477938192e-02 2.580894846e-02 2.680640624e-02 2.775960549e-02 2.865881132e-02
 2.949739421e-02 3.027210760e-02 3.098297107e-02 3.163284426e-02 3.222680508e-02
 3.277141791e-02 3.327387017e-02 3.374069030e-02 3.417500153e-02 3.456900030e-02
 3.488731711e-02 3.507426925e-02 3.512684820e-02 3.509362169e-02 3.501741169e-02
-3.797037327e-04-8.666723881e-04-1.561084467e-03-2.472183105e-03-3.608941433e-03
-4.977625932e-03-6.578802281e-03-8.400975612e-03-1.041995810e-02-1.262167247e-02
-1.499140919e-02-1.753807531e-02-2.032586912e-02-2.352098517e-02-2.738017079e-02
-3.191937568e-02-3.570193829e-02-3.584756755e-02-3.203572181e-02-2.611443762e-02
-2.058466549e-02-1.570695488e-02-1.135966518e-02-7.446259549e-03-3.914883000e-03
-7.409435540e-04 2.089856078e-03 4.592202118e-03 6.785578644e-03 8.694935172e-03
 1.035021449e-02 1.178575387e-02 1.303935768e-02 1.415079403e-02 1.515993248e-02
 1.610496227e-02 1.702096854e-02 1.793884738e-02 1.888435688e-02 1.987711788e-02
 2.092954859e-02 2.204592989e-02 2.322193063e-02 2.444490115e-02 2.569508512e-02
 2.694769089e-02 2.817559006e-02 2.935229668e-02 3.045480630e-02 3.146584283e-02
 3.237512509e-02 3.317946349e-02 3.388178789e-02 3.448945846e-02 3.501230284e-02
 3.546073104e-02 3.584408525e-02 3.616920916e-02 3.643921905e-02 3.665283434e-02
 3.680539287e-02 3.689346758e-02 3.692353226e-02 3.692126540e-02 3.689681463e-02
-4.079409056e-04-9.383410154e-04-1.708551021e-03-2.743199476e-03-4.070679897e-03
-5.718817558e-03-7.708021754e-03-1.003772800e-02-1.266615693e-02-1.552393112e-02
-1.848325566e-02-2.143154163e-02-2.436618085e-02-2.755902398e-02-3.155733901e-02
-3.718168857e-02-4.303955879e-02-4.316934895e-02-3.751770774e-02-2.883810681e-02
-2.224270310e-02-1.675085652e-02-1.194777913e-02-7.627661622e-03-3.690749515e-03
-9.736437081e-05 3.156031252e-03 6.053448710e-03 8.574873864e-03 1.071133432e-02
 1.247613833e-02 1.390819268e-02 1.506670809e-02 1.602107148e-02 1.684120569e-02
 1.759166929e-02 1.832963365e-02 1.910500158e-02 1.996061671e-02 2.093113510e-02
 2.204021967e-02 2.329693154e-02 2.469297343e-02 2.620226240e-02 2.778330368e-02
 2.938383156e-02 3.094686639e-02 3.241753760e-02 3.374999644e-02 3.491319421e-02
 3.589387957e-02 3.669574303e-02 3.733516117e-02 3.783536306e-02 3.822105411e-02
 3.851468926e-02 3.873454865e-02 3.889418295e-02 3.900272093e-02 3.906571327e-02
 3.908631368e-02 3.906415826e-02 3.903521277e-02 3.898092949e-02 3.890235038e-02
-3.846056063e-04-8.939034048e-04-1.653177526e-03-2.711727738e-03-4.135619594e-03
-6.002445057e-03-8.392747925e-03-1.138266258e-02-1.502489501e-02-1.930815519e-02
-2.370266932e-02-2.708127492e-02-2.885900208e-02-2.936186921e-02-2.964101980e-02
-2.988324312e-02-2.962134234e-02-2.828424573e-02-2.566162366e-02-2.203775549e-02
-1.790660343e-02-1.362292931e-02-9.349669487e-03-5.148326085e-03-1.051558179e-03
 2.895134664e-03 6.608863462e-03 9.962283332e-03 1.280723809e-02 1.503175326e-02
 1.661766722e-02 1.765299850e-02 1.828954712e-02 1.868393687e-02 1.896301065e-02
 1.921982178e-02 1.952513036e-02 1.994130700e-02 2.053184692e-02 2.136215479e-02
 2.248919352e-02 2.394345531e-02 2.571368978e-02 2.774394025e-02 2.994295844e-02
 3.219791291e-02 3.438602399e-02 3.638624934e-02 3.809655800e-02 3.945509871e-02
 4.045365302e-02 4.113240632e-02 4.155839334e-02 4.180160866e-02 4.192027172e-02
 4.195657040e-02 4.193844008e-02 4.188319900e-02 4.180096716e-02 4.169728993e-02
 4.157501944e-02 4.143646602e-02 4.130419249e-02 4.116559152e-02 4.100854330e-02
-2.827979473e-04-6.606717312e-04-1.234785991e-03-2.070355709e-03-3.298048019e-03
-5.122421787e-03-7.693530063e-03-1.109407751e-02-1.554258767e-02-2.160645109e-02
-2.912364299e-02-3.336882640e-02-3.338882042e-02-2.937380442e-02-2.670413207e-02
-2.478823981e-02-2.302956963e-02-2.107363017e-02-1.873371756e-02-1.595646054e-02
-1.277342684e-02-9.244628485e-03-5.418487960e-03-1.317359954e-03 3.056180058e-03
 7.691644901e-03 1.249874978e-02 1.715208328e-02 2.097069918e-02 2.327990540e-02
 2.395287655e-02 2.353232928e-02 2.270388440e-02 2.187465616e-02 2.116844423e-02
 2.061051568e-02 2.020270705e-02 1.995358197e-02 1.993984613e-02 2.031221315e-02
 2.129001627e-02 2.303392482e-02 2.553346188e-02 2.862023651e-02 3.205291218e-02
 3.561122632e-02 3.907319153e-02 4.216187443e-02 4.457353761e-02 4.610802575e-02
 4.680530514e-02 4.691216518e-02 4.670601774e-02 4.637376280e-02 4.600838728e-02
 4.564966920e-02 4.531052656e-02 4.499283905e-02 4.469449346e-02 4.441137756e-02
 4.413982227e-02 4.387772718e-02 4.363803319e-02 4.340711655e-02 4.318237808e-02
-1.158690044e-04-2.612573221e-04-4.579271072e-04-6.792680441e-04-9.486891671e-04
-2.317997884e-03-5.069793892e-03-8.200182811e-03-1.167423334e-02-1.548289698e-02
-1.911533232e-02-2.158047040e-02-2.232238680e-02-2.163975093e-02-2.039479062e-02
-1.897826920e-02-1.741848842e-02-1.565423743e-02-1.361933824e-02-1.126518449e-02
-8.560223153e-03-5.478598218e-03-1.983783688e-03 1.991536150e-03 6.574869217e-03
 1.201179952e-02 1.881433448e-02 2.824537528e-02 3.730061888e-02 4.005023267e-02
 3.610535996e-02 2.995056281e-02 2.641350404e-02 2.412544130e-02 2.251107970e-02
 2.126262880e-02 2.016774071e-02 1.903730832e-02 1.767759077e-02 1.607347341e-02
 1.577969562e-02 1.801279467e-02 2.258586131e-02 2.832039944e-02 3.399605114e-02
 3.975553181e-02 4.586463831e-02 5.208885678e-02 5.659033106e-02 5.795164844e-02
 5.617281305e-02 5.393715947e-02 5.224433211e-02 5.097912560e-02 5.000079486e-02
 4.921527207e-02 4.856229129e-02 4.800219201e-02 4.751092278e-02 4.706956018e-02
 4.666829567e-02 4.630032871e-02 4.596009972e-02 4.563647948e-02 4.531688709e-02
 5.094954487e-05 1.266090918e-04 2.569124640e-04 4.718260480e-04 6.885551941e-04
-2.734265522e-04-2.624894153e-03-4.981617235e-03-7.269910743e-03-9.443474340e-03
-1.136016777e-02-1.284552766e-02-1.376498418e-02-1.410191954e-02-1.393180197e-02
-1.335054330e-02-1.242529118e-02-1.118676198e-02-9.640384507e-03-7.777748079e-03
-5.582665951e-03-3.031903609e-03-9.195937818e-05 3.286769699e-03 7.176705313e-03
 1.167392782e-02 1.685662732e-02 2.250613100e-02 2.726562394e-02 2.946082871e-02
 2.883644858e-02 2.675212082e-02 2.476060295e-02 2.320099918e-02 2.200497355e-02
 2.103696613e-02 2.014277839e-02 1.912914486e-02 1.770578127e-02 1.540163994e-02
 1.446785243e-02 1.692178056e-02 2.296248666e-02 2.986666939e-02 3.621582550e-02
 4.258626167e-02 4.955482954e-02 5.770721503e-02 6.296109659e-02 6.394424716e-02
 6.064803558e-02 5.766162014e-02 5.564402760e-02 5.417952434e-02 5.304733987e-02
 5.212749536e-02 5.135151250e-02 5.067822270e-02 5.008158498e-02 4.954428371e-02
 4.905420482e-02 4.860233283e-02 4.818139349e-02 4.778526221e-02 4.741228636e-02
 1.805433616e-04 4.180153005e-04 7.681990147e-04 1.247091705e-03 1.754353206e-03
 1.069959761e-03-1.048383959e-03-2.649629626e-03-4.134166608e-03-5.546327876e-03
-6.827322302e-03-7.893894360e-03-8.682650407e-03-9.156944600e-03-9.306192652e-03
-9.136822724e-03-8.661404382e-03-7.891099104e-03-6.832580867e-03-5.488030521e-03
-3.856527224e-03-1.936029887e-03 2.737672639e-04 2.766275332e-03 5.517724412e-03
 8.467579326e-03 1.148745725e-02 1.435186643e-02 1.675241313e-02 1.852501822e-02
 1.960153330e-02 2.006863600e-02 2.018840762e-02 2.017991465e-02 2.017702004e-02
 2.024574953e-02 2.041820827e-02 2.072887036e-02 2.126255543e-02 2.221451491e-02
 2.388669679e-02 2.651761130e-02 3.009337927e-02 3.434793160e-02 3.894636905e-02
 4.361862276e-02 4.810612936e-02 5.204998403e-02 5.501491603e-02 5.673231968e-02
 5.729970797e-02 5.709931855e-02 5.651806540e-02 5.579165965e-02 5.503292604e-02
 5.429119637e-02 5.358682415e-02 5.292694281e-02 5.231241562e-02 5.174103347e-02
 5.120908798e-02 5.071219600e-02 5.024576263e-02 4.980532547e-02 4.939022704e-02
 2.769887626e-04 6.337239194e-04 1.145902243e-03 1.824718567e-03 2.558023250e-03
 2.128131603e-03 3.629667115e-04-8.576774207e-04-1.937668445e-03-2.992680562e-03
-3.970568639e-03-4.826551612e-03-5.521546465e-03-6.024965827e-03-6.315633782e-03
-6.380723986e-03-6.213576006e-03-5.811449674e-03-5.173982278e-03-4.302628642e-03
-3.201095646e-03-1.876717446e-03-3.428027010e-04 1.377960594e-03 3.249170947e-03
 5.216379456e-03 7.205296058e-03 9.126971770e-03 1.089353150e-02 1.243060279e-02
 1.379357838e-02 1.496453888e-02 1.598454292e-02 1.693587113e-02 1.789496478e-02
 1.893398816e-02 2.012160971e-02 2.152748303e-02 2.322695472e-02 2.529906686e-02
 2.781177752e-02 3.079594969e-02 3.421950995e-02 3.797806334e-02 4.190480904e-02
 4.578920753e-02 4.939843870e-02 5.250704095e-02 5.493849406e-02 5.660819678e-02
 5.754460899e-02 5.787071815e-02 5.775383893e-02 5.735427792e-02 5.679708494e-02
 5.616750842e-02 5.551836306e-02 5.487975376e-02 5.426714645e-02 5.368705024e-02
 5.314072291e-02 5.262649397e-02 5.214118718e-02 5.168084107e-02 5.123387694e-02
 3.503832988e-04 7.979749404e-04 1.433916204e-03 2.266049733e-03 3.181617282e-03
 2.960191121e-03 1.390741954e-03 4.115820981e-04-4.631724657e-04-1.329483408e-03
-2.160022380e-03-2.924486894e-03-3.594490411e-03-4.145054687e-03-4.555401520e-03
-4.809119544e-03-4.893872906e-03-4.800943487e-03-4.524833212e-03-4.063206978e-03
-3.417200230e-03-2.592070402e-03-1.598108759e-03-4.516189052e-04 8.243933812e-04
 2.200369580e-03 3.641889381e-03 5.113234231e-03 6.582874938e-03 8.029639757e-03
 9.445054212e-03 1.083967206e-02 1.227821216e-02 1.376053920e-02 1.532607220e-02
 1.700478463e-02 1.889092464e-02 2.103301838e-02 2.349020434e-02 2.630317941e-02
 2.946563414e-02 3.299765372e-02 3.689106355e-02 4.109219850e-02 4.547802254e-02
 4.981798012e-02 5.377273553e-02 5.701225409e-02 5.932829302e-02 6.065629281e-02
 6.108722980e-02 6.086734656e-02 6.028959357e-02 5.955939103e-02 5.878655370e-02
 5.802508376e-02 5.730001948e-02 5.662118023e-02 5.599025641e-02 5.540466065e-02
 5.485970157e-02 5.434983136e-02 5.386936408e-02 5.341304429e-02 5.298299601e-02
 4.084653004e-04 9.278581400e-04 1.661070685e-03 2.611916600e-03 3.663696903e-03
 3.587852762e-03 2.165536745e-03 1.296394095e-03 5.317752281e-04-2.566783081e-04
-1.044572538e-03-1.807278550e-03-2.521236335e-03-3.164825900e-03-3.718810973e-03
-4.166474466e-03-4.493571817e-03-4.688110805e-03-4.740218947e-03-4.642407989e-03
-4.389982908e-03-3.981427472e-03-3.418736350e-03-2.707596502e-03-1.857232940e-03
-8.796347127e-04 2.120837964e-04 1.405146302e-03 2.689017952e-03 4.057462467e-03
 5.510315860e-03 7.054498860e-03 8.704756591e-03 1.049048587e-02 1.243640739e-02
 1.456319230e-02 1.692458123e-02 1.956365945e-02 2.252406193e-02 2.584282381e-02
 2.954445267e-02 3.367605493e-02 3.829796982e-02 4.348759137e-02 4.936458573e-02
 5.627495081e-02 6.260610974e-02 6.710895650e-02 6.957182173e-02 6.986335025e-02
 6.802204479e-02 6.522893093e-02 6.328024770e-02 6.177787616e-02 6.057724760e-02
 5.959123781e-02 5.876183615e-02 5.804879581e-02 5.742325148e-02 5.686387081e-02
 5.635447168e-02 5.588250682e-02 5.543806027e-02 5.501305438e-02 5.459598760e-02
 4.572974845e-04 1.037936342e-03 1.855672971e-03 2.911744540e-03 4.078140440e-03
 4.110954620e-03 2.797122405e-03 1.995486740e-03 1.245203563e-03 4.362768979e-04
-4.017261967e-04-1.244307157e-03-2.070341663e-03-2.860982040e-03-3.599108658e-03
-4.269041261e-03-4.856243311e-03-5.347206710e-03-5.726440312e-03-5.979353250e-03
-6.093640301e-03-6.059413406e-03-5.869445391e-03-5.519517342e-03-5.008932835e-03
-4.341402442e-03-3.515839038e-03-2.532335570e-03-1.391379257e-03-9.280042443e-05
 1.365687251e-03 2.990268567e-03 4.790785408e-03 6.780471235e-03 8.975988794e-03
 1.139766036e-02 1.406988018e-02 1.702080685e-02 2.028275901e-02 2.389446060e-02
 2.790583017e-02 3.238493980e-02 3.742739492e-02 4.317508552e-02 4.984713416e-02
 5.770420082e-02 6.481971182e-02 6.959128814e-02 7.204520583e-02 7.211750750e-02
 6.971592560e-02 6.638854892e-02 6.408061429e-02 6.244469291e-02 6.123894501e-02
 6.031732653e-02 5.958744474e-02 5.898850663e-02 5.847924158e-02 5.803093665e-02
 5.762324228e-02 5.724154314e-02 5.687523239e-02 5.651643802e-02 5.615978257e-02
 4.986142133e-04 1.133012973e-03 2.029583561e-03 3.194826996e-03 4.519083942e-03
 4.782352204e-03 3.706709085e-03 2.745982018e-03 1.823461735e-03 8.697633097e-04
-1.112526323e-04-1.107963556e-03-2.107604470e-03-3.097091878e-03-4.063303706e-03
-4.993115981e-03-5.873622545e-03-6.684502157e-03-7.405871465e-03-8.018448963e-03
-8.503845609e-03-8.844805772e-03-9.025438984e-03-9.031435088e-03-8.850228181e-03
-8.471019419e-03-7.884249680e-03-7.082536866e-03-6.061774701e-03-4.822931095e-03
-3.371850257e-03-1.699892088e-03 1.984415082e-04 2.327476299e-03 4.693406627e-03
 7.304053822e-03 1.016874872e-02 1.329861541e-02 1.670682573e-02 2.041025904e-02
 2.443811675e-02 2.885843275e-02 3.374310567e-02 3.910149353e-02 4.500301452e-02
 5.143173333e-02 5.735911578e-02 6.160100157e-02 6.399787959e-02 6.434974540e-02
 6.343564660e-02 6.251173606e-02 6.167799865e-02 6.100514306e-02 6.047832452e-02
 6.006498086e-02 5.973220892e-02 5.945219003e-02 5.920307810e-02 5.896843711e-02
 5.873632298e-02 5.849839056e-02 5.824915381e-02 5.798550146e-02 5.770969534e-02
 5.278631667e-04 1.200640324e-03 2.154130469e-03 3.399174640e-03 4.827234626e-03
 5.228885823e-03 4.303464852e-03 3.210488828e-03 2.121385437e-03 9.941293946e-04
-1.657555356e-04-1.354623242e-03-2.566126601e-03-3.792088672e-03-5.023120080e-03
-6.248929138e-03-7.448559092e-03-8.599830175e-03-9.679826380e-03-1.066517642e-02
-1.153233392e-02-1.225785657e-02-1.281868366e-02-1.319241609e-02-1.335760404e-02
-1.329405414e-02-1.298324380e-02-1.240888958e-02-1.155770232e-02-1.042022964e-02
-8.991514246e-03-7.271338215e-03-5.268731779e-03-3.007618116e-03-4.881476326e-04
 2.287299952e-03 5.312833961e-03 8.581482103e-03 1.208357622e-02 1.580355559e-02
 1.970068300e-02 2.390427476e-02 2.843740544e-02 3.312217011e-02 3.788424972e-02
 4.251326239e-02 4.674314314e-02 5.034070159e-02 5.316729895e-02 5.522058617e-02
 5.662971816e-02 5.758469824e-02 5.824991496e-02 5.873431244e-02 5.910090055e-02
 5.938296451e-02 5.959668571e-02 5.974934831e-02 5.984416773e-02 5.988292139e-02
 5.986726410e-02 5.979929619e-02 5.968172288e-02 5.951768662e-02 5.930421318e-02
 5.406743005e-04 1.229170893e-03 2.203449064e-03 3.471942908e-03 4.920516330e-03
 5.328326340e-03 4.379712032e-03 3.229895705e-03 2.030059246e-03 7.630161203e-04
-5.680409442e-04-1.957064503e-03-3.397683929e-03-4.882997692e-03-6.405629540e-03
-7.946047700e-03-9.481569602e-03-1.098778660e-02-1.243879110e-02-1.380745687e-02
-1.506573004e-02-1.618493432e-02-1.713609590e-02-1.789029488e-02-1.841905485e-02
-1.869478981e-02-1.869132479e-02-1.838454983e-02-1.775320688e-02-1.677983613e-02
-1.545192442e-02-1.376342724e-02-1.171663826e-02-9.324157518e-03-6.609248998e-03
-3.613840972e-03-3.740153638e-04 3.096497748e-03 6.776287894e-03 1.064023836e-02
 1.465826608e-02 1.881243295e-02 2.302526259e-02 2.744144632e-02 3.188633761e-02
 3.614594961e-02 4.012789601e-02 4.375198862e-02 4.696002305e-02 4.973025313e-02
 5.207757743e-02 5.404267397e-02 5.567684048e-02 5.702985613e-02 5.814390653e-02
 5.905240502e-02 5.978130806e-02 6.035113664e-02 6.077880437e-02 6.107895192e-02
 6.126478651e-02 6.134853644e-02 6.134165025e-02 6.125494886e-02 6.110309797e-02
 5.383514353e-04 1.222636680e-03 2.188442091e-03 3.441183039e-03 4.869125588e-03
 5.245688977e-03 4.204904626e-03 2.972124307e-03 1.663665551e-03 2.522192917e-04
-1.255876267e-03-2.854377657e-03-4.537390645e-03-6.299191560e-03-8.123500619e-03
-9.987836328e-03-1.186742330e-02-1.373530415e-02-1.556255163e-02-1.731851518e-02
-1.897110716e-02-2.048712463e-02-2.183260543e-02-2.297322084e-02-2.387471211e-02
-2.450338358e-02-2.482667489e-02-2.481383228e-02-2.443671694e-02-2.367078771e-02
-2.249630165e-02-2.089976228e-02-1.887570526e-02-1.642874285e-02-1.357608134e-02
-1.035031208e-02-6.801128815e-03-3.001387102e-03 9.934585468e-04 5.156723070e-03
 9.457580192e-03 1.386283518e-02 1.833684874e-02 2.283795934e-02 2.730435081e-02
 3.166098821e-02 3.583686312e-02 3.977118881e-02 4.341613185e-02 4.673878395e-02
 4.972152836e-02 5.236037591e-02 5.466192548e-02 5.664005137e-02 5.831316222e-02
 5.970232261e-02 6.083009900e-02 6.171983716e-02 6.239512429e-02 6.287930436e-02
 6.319501433e-02 6.336376261e-02 6.340558325e-02 6.333874241e-02 6.317797889e-02
 5.251376223e-04 1.191555733e-03 2.130168785e-03 3.344220508e-03 4.711235119e-03
 5.000005789e-03 3.896983513e-03 2.569177217e-03 1.125553500e-03-4.483795670e-04
-2.147827906e-03-3.968636524e-03-5.906931384e-03-7.951633758e-03-1.008124838e-02
-1.227150699e-02-1.449545418e-02-1.672359548e-02-1.892409242e-02-2.106301474e-02
-2.310464070e-02-2.501179982e-02-2.674625345e-02-2.826911123e-02-2.954128523e-02
-3.052398943e-02-3.117929819e-02-3.147078877e-02-3.136429831e-02-3.082883785e-02
-2.983771484e-02-2.836992630e-02-2.641186443e-02-2.395939720e-02-2.102029371e-02
-1.761708137e-02-1.379026437e-02-9.601744458e-03-5.136371884e-03-5.110645300e-04
 4.243901303e-03 9.093711810e-03 1.400026982e-02 1.892064584e-02 2.380641913e-02
 2.860465665e-02 3.326036289e-02 3.771932669e-02 4.193073910e-02 4.584948275e-02
 4.943808935e-02 5.266831254e-02 5.552223583e-02 5.799282201e-02 6.008380726e-02
 6.180887659e-02 6.319014898e-02 6.425612754e-02 6.503937943e-02 6.557425079e-02
 6.589487973e-02 6.603367039e-02 6.602027649e-02 6.588102557e-02 6.563831087e-02
 5.050473265e-04 1.145184423e-03 2.045385300e-03 3.207436332e-03 4.512072964e-03
 4.727964717e-03 3.511704964e-03 2.069277701e-03 4.761982312e-04-1.271809746e-03
-3.172766977e-03-5.224673411e-03-7.423872699e-03-9.750890148e-03-1.218290314e-02
-1.469391897e-02-1.725489494e-02-1.983390792e-02-2.239638216e-02-2.490537017e-02
-2.732188258e-02-2.960525944e-02-3.171357506e-02-3.360406954e-02-3.523360388e-02
-3.655914090e-02-3.753826185e-02-3.812973811e-02-3.829418944e-02-3.799487264e-02
-3.719865763e-02-3.587725851e-02-3.400880116e-02-3.157980247e-02-2.858764812e-02
-2.504358773e-02-2.097622917e-02-1.643547541e-02-1.149696534e-02-6.266495003e-03
-8.803199597e-04 4.602972126e-03 1.015210764e-02 1.573103036e-02 2.129790710e-02
 2.680463680e-02 3.219676399e-02 3.741399820e-02 4.239159394e-02 4.706291392e-02
 5.136338390e-02 5.523566686e-02 5.863532870e-02 6.153580242e-02 6.393137440e-02
 6.583733118e-02 6.728717887e-02 6.832766640e-02 6.901286886e-02 6.939862300e-02
 6.953820991e-02 6.947961399e-02 6.926422559e-02 6.892670690e-02 6.849959392e-02
 4.810983016e-04 1.090301497e-03 1.945986333e-03 3.048861501e-03 4.276895308e-03
 4.396560853e-03 3.072658705e-03 1.510206562e-03-2.371185734e-04-2.164195248e-03
-4.270831124e-03-6.557269560e-03-9.011742451e-03-1.161336916e-02-1.433780675e-02
-1.715726812e-02-2.004063939e-02-2.295366801e-02-2.585921673e-02-2.871757784e-02
-3.148683776e-02-3.412328026e-02-3.658181528e-02-3.881642159e-02-4.078059439e-02
-4.242779456e-02-4.371190448e-02-4.458770617e-02-4.501141053e-02-4.494128220e-02
-4.433842107e-02-4.316777995e-02-4.139951197e-02-3.901075652e-02-3.598797071e-02
-3.232991393e-02-2.805135558e-02-2.318749662e-02-1.779891038e-02-1.197677799e-02
-5.848407889e-03 4.211698354e-04 6.787756699e-03 1.322636494e-02 1.970438024e-02
 2.617885993e-02 3.259348739e-02 3.887550031e-02 4.493371207e-02 5.065955703e-02
 5.593344288e-02 6.063756986e-02 6.467344642e-02 6.797919648e-02 7.054084155e-02
 7.239365880e-02 7.361321314e-02 7.429934071e-02 7.455870657e-02 7.449109234e-02
 7.418169591e-02 7.369878020e-02 7.309467873e-02 7.240818572e-02 7.166065422e-02
 4.554723560e-04 1.031784545e-03 1.840508286e-03 2.881576257e-03 4.028679251e-03
 4.046995696e-03 2.632671158e-03 9.277807789e-04-9.737913697e-04-3.078451817e-03
-5.387922295e-03-7.901098921e-03-1.059999266e-02-1.346268396e-02-1.646341202e-02
-1.957267748e-02-2.275740009e-02-2.598114511e-02-2.920441828e-02-3.238502180e-02
-3.547845932e-02-3.843837436e-02-4.121700443e-02-4.376563394e-02-4.603503142e-02
-4.797586237e-02-4.953907766e-02-5.067628862e-02-5.134015465e-02-5.148482629e-02
-5.106650622e-02-5.004421244e-02-4.838085024e-02-4.604472011e-02-4.301160627e-02
-3.926759324e-02-3.481274564e-02-2.966574515e-02-2.386950783e-02-1.749761612e-02
-1.066105017e-02-3.515530055e-03 3.784183652e-03 1.123396884e-02 1.882275209e-02
 2.652830285e-02 3.430960127e-02 4.209523456e-02 4.976765405e-02 5.714716450e-02
 6.398850601e-02 7.000937814e-02 7.495370332e-02 7.866014486e-02 8.110387666e-02
 8.240054188e-02 8.277053730e-02 8.247315024e-02 8.174272255e-02 8.075696854e-02
 7.963644603e-02 7.845745450e-02 7.726594497e-02 7.608836639e-02 7.494300911e-02
 4.297681346e-04 9.731932110e-04 1.735131306e-03 2.714930314e-03 3.793974116e-03
 3.736632343e-03 2.175388729e-03 3.522631207e-04-1.698175690e-03-3.973781266e-03
-6.477805989e-03-9.202473922e-03-1.212854952e-02-1.523279050e-02-1.848793689e-02
-2.186279530e-02-2.532241134e-02-2.882832560e-02-3.233890649e-02-3.580974823e-02
-3.919411743e-02-4.244342800e-02-4.550772193e-02-4.833613365e-02-5.087731855e-02
-5.307983172e-02-5.489245191e-02-5.626445752e-02-5.714587662e-02-5.748775119e-02
-5.724247687e-02-5.636430383e-02-5.481011036e-02-5.254058779e-02-4.952200045e-02
-4.572870329e-02-4.114660369e-02-3.577772991e-02-2.964599751e-02-2.280414401e-02
-1.534161871e-02-7.392596747e-03 8.565568621e-04 9.361064318e-03 1.815290201e-02
 2.726524728e-02 3.672752581e-02 4.655241551e-02 5.670330815e-02 6.701161729e-02
 7.699451031e-02 8.575027953e-02 9.241020152e-02 9.651894290e-02 9.802593752e-02
 9.732325710e-02 9.523582542e-02 9.263320898e-02 8.999463612e-02 8.750362421e-02
 8.521502250e-02 8.313231584e-02 8.123927214e-02 7.951335544e-02 7.793156072e-02
 4.052244669e-04 9.173016874e-04 1.634727514e-03 2.556310551e-03 3.554639512e-03
 3.393327417e-03 1.760611878e-03-1.907467761e-04-2.380265978e-03-4.814141484e-03
-7.496890515e-03-1.041412873e-02-1.354579349e-02-1.686751098e-02-2.035065481e-02
-2.396247471e-02-2.766630823e-02-3.142187794e-02-3.518566814e-02-3.891136787e-02
-4.255036083e-02-4.605223834e-02-4.936530868e-02-5.243707626e-02-5.521466660e-02
-5.764517887e-02-5.967595700e-02-6.125478208e-02-6.233000474e-02-6.285065441e-02
-6.276658471e-02-6.202873905e-02-6.058964927e-02-5.840431021e-02-5.543160445e-02
-5.163647794e-02-4.699308338e-02-4.148910115e-02-3.513139988e-02-2.795308144e-02
-2.002173601e-02-1.144848109e-02-2.396742368e-03 7.003228535e-03 1.682913624e-02
 2.718546565e-02 3.821618030e-02 5.012482903e-02 6.321104154e-02 7.795641889e-02
 9.536578829e-02 1.105837080e-01 1.207014709e-01 1.251256411e-01 1.236705734e-01
 1.172995991e-01 1.085432980e-01 1.020709510e-01 9.699870382e-02 9.290123354e-02
 8.951478381e-02 8.666021224e-02 8.421074316e-02 8.207434551e-02 8.018075026e-02
 3.828454911e-04 8.663710726e-04 1.543304302e-03 2.412043628e-03 3.346362217e-03
 3.110265634e-03 1.378980842e-03-6.824798088e-04-2.997090716e-03-5.573404585e-03
-8.412843272e-03-1.149873391e-02-1.480998369e-02-1.832105576e-02-2.200202131e-02
-2.581870257e-02-2.973291129e-02-3.370278102e-02-3.768318415e-02-4.162621771e-02
-4.548173528e-02-4.919789763e-02-5.272171204e-02-5.599952991e-02-5.897747519e-02
-6.160178221e-02-6.381903065e-02-6.557627798e-02-6.682110523e-02-6.750161116e-02
-6.756641190e-02-6.696472922e-02-6.564667991e-02-6.356391132e-02-6.067076277e-02
-5.692616512e-02-5.229651565e-02-4.675976895e-02-4.031094836e-02-3.296917858e-02
-2.478612929e-02-1.585536849e-02-6.321585202e-03 3.613082621e-03 1.399229619e-02
 2.493733688e-02 3.662234921e-02 4.930427481e-02 6.337489283e-02 7.945219617e-02
 9.892450717e-02 1.144355713e-01 1.291777006e-01 1.319668202e-01 1.296186130e-01
 1.221176614e-01 1.119235954e-01 1.045749117e-01 9.896453003e-02 9.454436234e-02
 9.096164285e-02 8.798418641e-02 8.545461495e-02 8.326327985e-02 8.133655261e-02
 3.634458482e-04 8.222420930e-04 1.464135898e-03 2.287207979e-03 3.169183561e-03
 2.872331377e-03 1.037341441e-03-1.106565415e-03-3.528080678e-03-6.226102397e-03
-9.197717543e-03-1.242546006e-02-1.588732375e-02-1.955673685e-02-2.340262631e-02
-2.738958011e-02-3.147811232e-02-3.562502829e-02-3.978387900e-02-4.390548632e-02
-4.793851405e-02-5.183005447e-02-5.552619763e-02-5.897255025e-02-6.211467429e-02
-6.489842166e-02-6.727015098e-02-6.917682546e-02-7.056600659e-02-7.138577819e-02
-7.158465738e-02-7.111157601e-02-6.991604602e-02-6.794865675e-02-6.516208983e-02
-6.151287539e-02-5.696414674e-02-5.148966876e-02-4.507940162e-02-3.774679138e-02
-2.953782129e-02-2.054158877e-02-1.090175580e-02-8.279577377e-04 9.551515095e-03
 2.030186956e-02 3.150212168e-02 4.324413957e-02 5.562189616e-02 6.868085308e-02
 8.204777110e-02 9.365331883e-02 1.027038532e-01 1.080011620e-01 1.091138997e-01
 1.066747852e-01 1.024339079e-01 9.841068488e-02 9.489888340e-02 9.186126852e-02
 8.922241522e-02 8.690832914e-02 8.485551091e-02 8.301210845e-02 8.133064214e-02
 3.476678306e-04 7.863666644e-04 1.399806527e-03 2.185792598e-03 3.015055104e-03
 2.648863404e-03 7.827404158e-04-1.449183878e-03-3.957069046e-03-6.752619697e-03
-9.829714780e-03-1.317028614e-02-1.675159826e-02-2.054624406e-02-2.452222649e-02
-2.864314224e-02-3.286847293e-02-3.715398030e-02-4.145219371e-02-4.571297003e-02
-4.988409901e-02-5.391192191e-02-5.774192861e-02-6.131929831e-02-6.458935235e-02
-6.749789451e-02-6.999142398e-02-7.201721978e-02-7.352331162e-02-7.445837210e-02
-7.477158797e-02-7.441259521e-02-7.333159342e-02-7.147979061e-02-6.881036856e-02
-6.528019963e-02-6.085258324e-02-5.550129364e-02-4.921622323e-02-4.201084215e-02
-3.393153832e-02-2.506860884e-02-1.556820564e-02-5.643798761e-03 4.416388826e-03
 1.458466973e-02 2.483867046e-02 3.512477282e-02 4.533096940e-02 5.524789509e-02
 6.453760590e-02 7.276739309e-02 7.952314989e-02 8.452020697e-02 8.769139716e-02
 8.922895625e-02 8.952666643e-02 8.902788002e-02 8.808295196e-02 8.691383863e-02
 8.564643622e-02 8.434843418e-02 8.305480361e-02 8.178273419e-02 8.054312490e-02
 3.359915158e-04 7.598268539e-04 1.352237032e-03 2.110891219e-03 2.913065715e-03
 2.520818272e-03 5.772208373e-04-1.701900920e-03-4.272546949e-03-7.139287948e-03
-1.029319931e-02-1.371574511e-02-1.738364494e-02-2.126887238e-02-2.533874927e-02
-2.955614645e-02-3.387979564e-02-3.826470844e-02-4.266268987e-02-4.702292532e-02
-5.129261290e-02-5.541760761e-02-5.934304116e-02-6.301388167e-02-6.637540087e-02
-6.937352362e-02-7.195504510e-02-7.406771462e-02-7.566020187e-02-7.668198153e-02
-7.708319532e-02-7.681457791e-02-7.582756388e-02-7.407472872e-02-7.151075610e-02
-6.809416448e-02-6.379006313e-02-5.857423130e-02-5.243880626e-02-4.539980247e-02
-3.750652883e-02-2.885268672e-02-1.958848415e-02-9.932509456e-03-1.817377356e-04
 9.471545137e-03 1.897652497e-02 2.825656088e-02 3.720400802e-02 4.567840208e-02
 5.351300557e-02 6.053355566e-02 6.658735209e-02 7.157438355e-02 7.547002088e-02
 7.833055606e-02 8.027817235e-02 8.147094668e-02 8.207091485e-02 8.222197207e-02
 8.204081955e-02 8.161715353e-02 8.101798761e-02 8.029280374e-02 7.947960104e-02
 3.287480783e-04 7.433641851e-04 1.322732203e-03 2.064409965e-03 2.840999994e-03
 2.414803237e-03 4.585002969e-04-1.857647850e-03-4.466831707e-03-7.376986327e-03
-1.057766152e-02-1.405003558e-02-1.777048569e-02-2.171059719e-02-2.583726765e-02
-3.011291911e-02-3.449582331e-02-3.894053587e-02-4.339842638e-02-4.781828264e-02
-5.214696017e-02-5.633004275e-02-6.031247721e-02-6.403914579e-02-6.745534370e-02
-7.050713635e-02-7.314158187e-02-7.530681815e-02-7.695203110e-02-7.802734077e-02
-7.848366550e-02-7.827265147e-02-7.734678557e-02-7.565984520e-02-7.316787631e-02
-6.983093046e-02-6.561582579e-02-6.050021454e-02-5.447822397e-02-4.756785916e-02
-3.982017892e-02-3.132993528e-02-2.224686327e-02-1.278610027e-02-3.235269942e-03
 6.113282415e-03 1.520710860e-02 2.397827355e-02 3.234441282e-02 4.021218584e-02
 4.748380803e-02 5.406658364e-02 5.988417482e-02 6.488725149e-02 6.906079033e-02
 7.242594628e-02 7.503597044e-02 7.696751219e-02 7.830994589e-02 7.915546181e-02
 7.959168169e-02 7.969725840e-02 7.953999858e-02 7.917662440e-02 7.864962084e-02
 3.261424694e-04 7.374356969e-04 1.312087209e-03 2.047585453e-03 2.814923784e-03
 2.375990698e-03 4.179315573e-04-1.913340858e-03-4.535524557e-03-7.460385443e-03
-1.067695362e-02-1.416627026e-02-1.790456876e-02-2.186328262e-02-2.600914977e-02
-3.030442718e-02-3.470722007e-02-3.917192116e-02-4.364974631e-02-4.808934469e-02
-5.243745423e-02-5.663956778e-02-6.064057278e-02-6.438532796e-02-6.781914408e-02
-7.088814361e-02-7.353948468e-02-7.572144892e-02-7.738341000e-02-7.847571988e-02
-7.894957324e-02-7.875693767e-02-7.785066784e-02-7.618495688e-02-7.371631593e-02
-7.040531091e-02-6.621931838e-02-6.113657764e-02-5.515179626e-02-4.828348179e-02
-4.058298674e-02-3.214492178e-02-2.311807799e-02-1.371529331e-02-4.219861778e-03
 5.044759478e-03 1.402733148e-02 2.266432998e-02 3.088193329e-02 3.859983297e-02
 4.573696124e-02 5.221874739e-02 5.798494288e-02 6.299661763e-02 6.724086161e-02
 7.073213667e-02 7.351001914e-02 7.563397287e-02 7.717644888e-02 7.821578845e-02
 7.883011735e-02 7.909287477e-02 7.907008674e-02 7.881924374e-02 7.839393850e-02
 3.282690810e-04 7.422627149e-04 1.320721603e-03 2.061173916e-03 2.842651442e-03
 2.426425357e-03 4.393234149e-04-1.867062126e-03-4.476480332e-03-7.387320269e-03
-1.058880041e-02-1.406202373e-02-1.778330933e-02-2.172419305e-02-2.585152846e-02
-3.012769775e-02-3.451093666e-02-3.895576881e-02-4.341353612e-02-4.783300335e-02
-5.216100775e-02-5.634311958e-02-6.032427627e-02-6.404935406e-02-6.746364411e-02
-7.051320789e-02-7.314509726e-02-7.530743852e-02-7.694939687e-02-7.802105806e-02
-7.847328722e-02-7.825765199e-02-7.732652805e-02-7.563354031e-02-7.313453152e-02
-6.978928952e-02-6.556429886e-02-6.043680197e-02-5.440043989e-02-4.747266709e-02
-3.970396010e-02-3.118852259e-02-2.207568801e-02-1.258052124e-02-2.991343459e-03
 6.403958765e-03 1.555271853e-02 2.438570745e-02 3.281776622e-02 4.075103811e-02
 4.808173048e-02 5.471047878e-02 6.055494662e-02 6.556192244e-02 6.971566349e-02
 7.303998344e-02 7.559343449e-02 7.745921056e-02 7.873298778e-02 7.951197011e-02
 7.988710146e-02 7.993877882e-02 7.973534773e-02 7.933327337e-02 7.877359954e-02
 3.350882891e-04 7.577631232e-04 1.348509616e-03 2.104932229e-03 2.897694603e-03
 2.488323410e-03 5.696920387e-04-1.718335697e-03-4.290641827e-03-7.159172391e-03
-1.031494294e-02-1.373934804e-02-1.740902961e-02-2.129588307e-02-2.536715388e-02
-2.958563992e-02-3.391000500e-02-3.829519931e-02-4.269297434e-02-4.705247090e-02
-5.132085207e-02-5.544394743e-02-5.936687229e-02-6.303458593e-02-6.639235647e-02
-6.938610714e-02-7.196262923e-02-7.406966046e-02-7.565584468e-02-7.667060847e-02
-7.706401380e-02-7.678667254e-02-7.578984012e-02-7.402584099e-02-7.144901796e-02
-6.801743910e-02-6.369563318e-02-5.845864977e-02-5.229773412e-02-4.522784673e-02
-3.729710744e-02-2.859796708e-02-1.927947715e-02-9.559424133e-03 2.659445276e-04
 1.001355851e-02 1.963462690e-02 2.905251492e-02 3.815570881e-02 4.679391091e-02
 5.478371724e-02 6.192951587e-02 6.805780039e-02 7.305446313e-02 7.689228185e-02
 7.963785986e-02 8.143321989e-02 8.245882585e-02 8.289502503e-02 8.289705238e-02
 8.258665383e-02 8.205437040e-02 8.136579560e-02 8.056803921e-02 7.969707213e-02
 3.464034334e-04 7.834901887e-04 1.394644422e-03 2.177669792e-03 3.007017604e-03
 2.645376884e-03 7.560930603e-04-1.472381023e-03-3.982720215e-03-6.781298323e-03
-9.861456020e-03-1.320503042e-02-1.678918640e-02-2.058641255e-02-2.456460638e-02
-2.868726156e-02-3.291376226e-02-3.719978125e-02-4.149777002e-02-4.575752071e-02
-4.992677286e-02-5.395183272e-02-5.777816991e-02-6.135095673e-02-6.461551839e-02
-6.751766941e-02-7.000392160e-02-7.202156192e-02-7.351861559e-02-7.444372877e-02
-7.474602866e-02-7.437504529e-02-7.328081014e-02-7.141428232e-02-6.872829201e-02
-6.517923171e-02-6.072976355e-02-5.535283441e-02-4.903728395e-02-4.179526695e-02
-3.367155404e-02-2.475448138e-02-1.518783820e-02-5.182355327e-03 4.974020284e-03
 1.527285836e-02 2.570124277e-02 3.621673880e-02 4.671649683e-02 5.698695386e-02
 6.665230582e-02 7.520685451e-02 8.216468881e-02 8.718826041e-02 9.019401212e-02
 9.141325524e-02 9.132489833e-02 9.045706996e-02 8.920086074e-02 8.778318728e-02
 8.632146290e-02 8.487259517e-02 8.346195973e-02 8.209900809e-02 8.078817344e-02
 3.618656445e-04 8.186555324e-04 1.457720741e-03 2.277125422e-03 3.152860712e-03
 2.847686047e-03 1.017741388e-03-1.135278594e-03-3.560696748e-03-6.263031123e-03
-9.238973767e-03-1.247094027e-02-1.593679392e-02-1.960982691e-02-2.345882879e-02
-2.744825293e-02-3.153848573e-02-3.568621563e-02-3.984489115e-02-4.396524919e-02
-4.799588844e-02-5.188385740e-02-5.557522398e-02-5.901559358e-02-6.215054556e-02
-6.492596448e-02-6.728825227e-02-6.918442005e-02-7.056207481e-02-7.136933488e-02
-7.155473131e-02-7.106717795e-02-6.985612388e-02-6.787203567e-02-6.506739484e-02
-6.139843405e-02-5.682786886e-02-5.132890046e-02-4.489075096e-02-3.752592353e-02
-2.927922254e-02-2.023828806e-02-1.054500294e-02-4.063775742e-04 1.006003565e-02
 2.093182417e-02 3.230623596e-02 4.430547432e-02 5.707893370e-02 7.079612249e-02
 8.540892802e-02 9.774371910e-02 1.075846988e-01 1.129926089e-01 1.135621200e-01
 1.100488469e-01 1.045536610e-01 9.986656800e-02 9.594222405e-02 9.262747807e-02
 8.979452693e-02 8.734046936e-02 8.518443362e-02 8.326358553e-02 8.152377375e-02
 3.809751126e-04 8.621314978e-04 1.535735105e-03 2.400165177e-03 3.326963992e-03
 3.078507779e-03 1.351155007e-03-7.166244375e-04-3.036293050e-03-5.618184177e-03
-8.463249974e-03-1.155464331e-02-1.487109712e-02-1.838689988e-02-2.207194970e-02
-2.589190041e-02-2.980840403e-02-3.377944749e-02-3.775977412e-02-4.170137356e-02
-4.555401706e-02-4.926581074e-02-5.278373628e-02-5.605414879e-02-5.902320438e-02
-6.163719580e-02-6.384278430e-02-6.558712808e-02-6.681792337e-02-6.748339346e-02
-6.753228295e-02-6.691394046e-02-6.557860244e-02-6.347802330e-02-6.056663177e-02
-5.680342606e-02-5.215484546e-02-4.659886010e-02-4.013048506e-02-3.276881838e-02
-2.456548640e-02-1.561402274e-02-6.059067446e-03 3.895664647e-03 1.430047474e-02
 2.527986801e-02 3.701346878e-02 4.976708126e-02 6.394573247e-02 8.017574032e-02
 9.926547149e-02 1.159514449e-01 1.270515450e-01 1.319257334e-01 1.301285656e-01
 1.225914869e-01 1.125720456e-01 1.050549878e-01 9.932116375e-02 9.481333198e-02
 9.116682504e-02 8.814157513e-02 8.557531327e-02 8.335530935e-02 8.140602440e-02
 4.030729847e-04 9.124293025e-04 1.626039395e-03 2.542740974e-03 3.542669258e-03
 3.389248416e-03 1.715469142e-03-2.303842609e-04-2.425755526e-03-4.866262582e-03
-7.556122031e-03-1.048025975e-02-1.361842535e-02-1.694604913e-02-2.043430385e-02
-2.405023953e-02-2.775700145e-02-3.151413358e-02-3.527796101e-02-3.900203836e-02
-4.263764428e-02-4.613429824e-02-4.944027261e-02-5.250307353e-02-5.526986650e-02
-5.768782878e-02-5.970441953e-02-6.126757114e-02-6.232582052e-02-6.282841795e-02
-6.272547300e-02-6.196822234e-02-6.050953250e-02-5.830478132e-02-5.531329280e-02
-5.150052741e-02-4.684124668e-02-4.132386385e-02-3.495614439e-02-2.777231444e-02
-1.984143286e-02-1.127649187e-02-2.243436473e-03 7.124347167e-03 1.689982054e-02
 2.717971102e-02 3.809449822e-02 4.982382119e-02 6.262381666e-02 7.690260673e-02
 9.399965344e-02 1.096090977e-01 1.204510056e-01 1.230739740e-01 1.214478967e-01
 1.156149962e-01 1.073221787e-01 1.012950713e-01 9.649005682e-02 9.255673376e-02
 8.927414367e-02 8.648694861e-02 8.408209591e-02 8.197573446e-02 8.010182346e-02
 4.273296761e-04 9.676746044e-04 1.725300353e-03 2.699541090e-03 3.764210930e-03
 3.684450466e-03 2.146721244e-03 3.076570506e-04-1.750139042e-03-4.033559402e-03
-6.546074579e-03-9.278980163e-03-1.221283398e-02-1.532415837e-02-1.858545188e-02
-2.196528204e-02-2.542846367e-02-2.893632096e-02-3.244702666e-02-3.591600600e-02
-3.929638886e-02-4.253948942e-02-4.559529088e-02-4.841291295e-02-5.094104257e-02
-5.312831448e-02-5.492363676e-02-5.627646886e-02-5.713707455e-02-5.745679080e-02
-5.718837455e-02-5.628651361e-02-5.470861389e-02-5.241600234e-02-4.937570983e-02
-4.556301626e-02-4.096494346e-02-3.558486055e-02-2.944830309e-02-2.260995194e-02
-1.516149020e-02-7.239992501e-03 9.645419036e-04 9.402943286e-03 1.810068125e-02
 2.708146765e-02 3.636090802e-02 4.593156647e-02 5.572922521e-02 6.555870674e-02
 7.496599209e-02 8.320778322e-02 8.956581884e-02 9.363693147e-02 9.537818956e-02
 9.512888117e-02 9.356335280e-02 9.139718816e-02 8.908058234e-02 8.682082070e-02
 8.469845654e-02 8.273617817e-02 8.093120500e-02 7.927034070e-02 7.773777510e-02
 4.527247096e-04 1.025571723e-03 1.829453750e-03 2.864328482e-03 4.005074818e-03
 4.017565660e-03 2.585651224e-03 8.770184313e-04-1.032708393e-03-3.146356500e-03
-5.465531624e-03-7.988280247e-03-1.069623925e-02-1.356719481e-02-1.657510328e-02
-1.969018524e-02-2.287908795e-02-2.610511816e-02-2.932854334e-02-3.250695405e-02
-3.559567488e-02-3.854820833e-02-4.131669364e-02-4.385236377e-02-4.610598615e-02
-4.802827898e-02-4.957030341e-02-5.068384349e-02-5.132180064e-02-5.143864621e-02
-5.099099603e-02-4.993839161e-02-4.824439515e-02-4.587812580e-02-4.281637927e-02
-3.904648069e-02-3.457000668e-02-2.940746030e-02-2.360387977e-02-1.723529652e-02
-1.041576130e-02-3.303378299e-03 3.946377501e-03 1.132507699e-02 1.881789322e-02
 2.639842200e-02 3.402161732e-02 4.161360295e-02 4.905886246e-02 5.618891972e-02
 6.278305464e-02 6.859447294e-02 7.340219957e-02 7.706689486e-02 7.956592741e-02
 8.099678459e-02 8.154742227e-02 8.144298052e-02 8.089345954e-02 8.006485123e-02
 7.907497803e-02 7.800197105e-02 7.689530319e-02 7.578518457e-02 7.469298667e-02
 4.779918342e-04 1.083291336e-03 1.933548515e-03 3.029526653e-03 4.253402809e-03
 4.371304066e-03 3.024974248e-03 1.452756022e-03-3.039022066e-04-2.240913144e-03
-4.358101912e-03-6.655630656e-03-9.120499993e-03-1.173158012e-02-1.446421799e-02
-1.729031054e-02-2.017843149e-02-2.309402597e-02-2.599967183e-02-2.885540039e-02
-3.161906723e-02-3.424676074e-02-3.669323600e-02-3.891236169e-02-4.085757182e-02
-4.248231917e-02-4.374053640e-02-4.458712107e-02-4.497847500e-02-4.487314335e-02
-4.423261620e-02-4.302237203e-02-4.121325991e-02-3.878332604e-02-3.572019831e-02
-3.202411609e-02-2.771165569e-02-2.282015631e-02-1.741278526e-02-1.158369952e-02
-5.462429251e-03 7.802003265e-04 7.104899906e-03 1.348442212e-02 1.988433826e-02
 2.626087562e-02 3.255827403e-02 3.870630486e-02 4.461898670e-02 5.019611230e-02
 5.532932531e-02 5.991344142e-02 6.386138264e-02 6.711871492e-02 6.967309274e-02
 7.155542663e-02 7.283243500e-02 7.359323399e-02 7.393448361e-02 7.394829545e-02
 7.371495235e-02 7.330016582e-02 7.275539653e-02 7.211960062e-02 7.141501602e-02
 5.014723058e-04 1.137140973e-03 2.031175810e-03 3.185437001e-03 4.475743078e-03
 4.669076360e-03 3.459381636e-03 2.003050551e-03 3.998666949e-04-1.358954556e-03
-3.271373043e-03-5.335395786e-03-7.546196644e-03-9.883773157e-03-1.232493678e-02
-1.484333124e-02-1.740955332e-02-1.999133110e-02-2.255375505e-02-2.505956423e-02
-2.746948125e-02-2.974258836e-02-3.183673634e-02-3.370897988e-02-3.531603613e-02
-3.661476950e-02-3.756271309e-02-3.811864817e-02-3.824327397e-02-3.790001384e-02
-3.705601732e-02-3.568343067e-02-3.376101245e-02-3.127617886e-02-2.822753319e-02
-2.462794992e-02-2.050822059e-02-1.592107254e-02-1.094499683e-02-5.688465159e-03
-2.961706049e-04 5.180708455e-03 1.070822266e-02 1.624821908e-02 2.175817217e-02
 2.719075271e-02 3.249367827e-02 3.761009215e-02 4.247980340e-02 4.704165959e-02
 5.123713970e-02 5.501492439e-02 5.833577900e-02 6.117674982e-02 6.353363545e-02
 6.542104170e-02 6.686995655e-02 6.792344526e-02 6.863149897e-02 6.904611434e-02
 6.921737902e-02 6.919088431e-02 6.900639839e-02 6.869761212e-02 6.829680511e-02
 5.208785361e-04 1.182004558e-03 2.113376191e-03 3.318438878e-03 4.680346348e-03
 4.969980168e-03 3.828797113e-03 2.491957892e-03 1.037735952e-03-5.479429751e-04
-2.259578485e-03-4.092945918e-03-6.044126047e-03-8.100516162e-03-1.024020419e-02
-1.243851907e-02-1.466812012e-02-1.689912842e-02-1.909933102e-02-2.123443759e-02
-2.326838543e-02-2.516368612e-02-2.688180925e-02-2.838360099e-02-2.962973988e-02
-3.058123795e-02-3.120000337e-02-3.144948800e-02-3.129545493e-02-3.070691086e-02
-2.965725607e-02-2.812570878e-02-2.609907679e-02-2.357391550e-02-2.055916748e-02
-1.707916283e-02-1.317677399e-02-8.916992234e-03-4.390517222e-03 2.903671178e-04
 5.090438401e-03 9.969706769e-03 1.488439620e-02 1.978786246e-02 2.463164084e-02
 2.936618496e-02 3.394142025e-02 3.830807685e-02 4.241988371e-02 4.623600299e-02
 4.972313147e-02 5.285699382e-02 5.562317985e-02 5.801736799e-02 6.004497350e-02
 6.172024009e-02 6.306481772e-02 6.410594212e-02 6.487441200e-02 6.540259865e-02
 6.572269977e-02 6.586537617e-02 6.585882009e-02 6.572818815e-02 6.549422676e-02
 5.330387566e-04 1.210745211e-03 2.167612074e-03 3.409366820e-03 4.819901005e-03
 5.173364764e-03 4.134326850e-03 2.885123372e-03 1.561231047e-03 1.368227258e-04
-1.384260315e-03-2.995694240e-03-4.691609428e-03-6.466170613e-03-8.301320908e-03
-1.017423658e-02-1.205972820e-02-1.393043299e-02-1.575701830e-02-1.750843794e-02
-1.915222404e-02-2.065481236e-02-2.198189974e-02-2.309883701e-02-2.397106483e-02
-2.456460627e-02-2.484663396e-02-2.478614439e-02-2.435477002e-02-2.352776942e-02
-2.228524931e-02-2.061368373e-02-1.850772533e-02-1.597235312e-02-1.302515943e-02
-9.699341731e-03-6.046486891e-03-2.145807007e-03 1.960114365e-03 6.238284795e-03
 1.065165664e-02 1.515445548e-02 1.968989207e-02 2.419129172e-02 2.860273243e-02
 3.287461146e-02 3.695165524e-02 4.077897350e-02 4.431080010e-02 4.751610941e-02
 5.038017451e-02 5.290271792e-02 5.509414115e-02 5.697150831e-02 5.855540367e-02
 5.986796973e-02 6.093188156e-02 6.176985159e-02 6.240433962e-02 6.285729241e-02
 6.314986008e-02 6.330210465e-02 6.333273760e-02 6.325888415e-02 6.309510728e-02
 5.337947345e-04 1.213693127e-03 2.176178926e-03 3.430119236e-03 4.861266592e-03
 5.249185318e-03 4.287977300e-03 3.116687208e-03 1.906478444e-03 6.250976352e-04
-7.190797268e-04-2.120617991e-03-3.573510347e-03-5.071062880e-03-6.605011173e-03
-8.154232920e-03-9.695665207e-03-1.120444867e-02-1.265424032e-02-1.401749703e-02
-1.526577105e-02-1.637001590e-02-1.730091028e-02-1.802920646e-02-1.852611524e-02
-1.876374522e-02-1.871563321e-02-1.835738348e-02-1.766745545e-02-1.662812760e-02
-1.522665603e-02-1.345668296e-02-1.132016104e-02-8.829122563e-03-6.007636560e-03
-2.900248596e-03 4.701288885e-04 4.090671231e-03 7.945070541e-03 1.201424795e-02
 1.627541178e-02 2.066721845e-02 2.515766848e-02 2.953329569e-02 3.375232396e-02
 3.784711229e-02 4.170021825e-02 4.519998812e-02 4.827353984e-02 5.089553502e-02
 5.308571844e-02 5.489363303e-02 5.637889830e-02 5.759677560e-02 5.859204095e-02
 5.939861347e-02 6.004168887e-02 6.054036050e-02 6.090983342e-02 6.116298894e-02
 6.131135305e-02 6.136561795e-02 6.133587055e-02 6.123174348e-02 6.106667532e-02
 5.190943718e-04 1.180614730e-03 2.118020614e-03 3.341984883e-03 4.751724555e-03
 5.140149837e-03 4.167819277e-03 3.066084870e-03 1.958879330e-03 8.224192290e-04
-3.469080072e-04-1.545944372e-03-2.768158540e-03-4.005092529e-03-5.247211427e-03
-6.481790453e-03-7.687080246e-03-8.840398878e-03-9.918354833e-03-1.089715875e-02
-1.175289887e-02-1.246181238e-02-1.300055491e-02-1.334647722e-02-1.347791476e-02
-1.337450628e-02-1.301754687e-02-1.239055616e-02-1.148000496e-02-1.027608944e-02
-8.773385925e-03-6.972016066e-03-4.881844456e-03-2.526289086e-03 1.008364247e-04
 2.998781413e-03 6.167004017e-03 9.606853569e-03 1.332112471e-02 1.731582040e-02
 2.160700114e-02 2.604907593e-02 3.058251015e-02 3.526971213e-02 3.998332396e-02
 4.456866718e-02 4.877055397e-02 5.229820442e-02 5.498017967e-02 5.681425958e-02
 5.796673189e-02 5.867666630e-02 5.912909822e-02 5.943525187e-02 5.965502196e-02
 5.981702870e-02 5.993280455e-02 6.000559541e-02 6.003530212e-02 6.002103547e-02
 5.996231171e-02 5.985951098e-02 5.971394966e-02 5.952764123e-02 5.929642231e-02
 4.885241285e-04 1.109777897e-03 1.987019496e-03 3.125248173e-03 4.403784532e-03
 4.588901549e-03 3.413720003e-03 2.522314571e-03 1.619383837e-03 6.655531448e-04
-3.221872297e-04-1.328444010e-03-2.338673160e-03-3.338775094e-03-4.314993372e-03
-5.253881906e-03-6.139863117e-03-6.952043905e-03-7.670088072e-03-8.274406234e-03
-8.746388324e-03-9.068607361e-03-9.225040037e-03-9.201272986e-03-8.984658611e-03
-8.564327425e-03-7.930986011e-03-7.077487326e-03-6.000050178e-03-4.700240369e-03
-3.182655316e-03-1.438420958e-03 5.382974082e-04 2.752442863e-03 5.212748297e-03
 7.929930456e-03 1.091673133e-02 1.418830889e-02 1.776271879e-02 2.166086333e-02
 2.590196715e-02 3.048897320e-02 3.544706757e-02 4.087047779e-02 4.686660862e-02
 5.376174418e-02 6.025328356e-02 6.473436298e-02 6.687512330e-02 6.660313674e-02
 6.495826309e-02 6.362752885e-02 6.252812199e-02 6.166096964e-02 6.098982633e-02
 6.046573428e-02 6.004560253e-02 5.969523475e-02 5.938865456e-02 5.910663585e-02
 5.883526687e-02 5.856476431e-02 5.828857576e-02 5.800283827e-02 5.770968801e-02
 4.470441604e-04 1.014642230e-03 1.813992120e-03 2.846423548e-03 3.987176927e-03
 3.997375366e-03 2.656682199e-03 1.814295217e-03 1.046736858e-03 2.194298587e-04
-6.358236905e-04-1.494625525e-03-2.335371470e-03-3.138657615e-03-3.886915085e-03
-4.564150139e-03-5.155708455e-03-5.646617554e-03-6.020106552e-03-6.261645510e-03
-6.359034270e-03-6.302482743e-03-6.084878787e-03-5.702154973e-03-5.153807447e-03
-4.443763955e-03-3.572869768e-03-2.541258958e-03-1.349644502e-03 1.827211661e-06
 1.515278597e-03 3.197391527e-03 5.058723068e-03 7.113476407e-03 9.379008311e-03
 1.187632323e-02 1.463056512e-02 1.766968230e-02 2.102338048e-02 2.472403641e-02
 2.881119451e-02 3.334146863e-02 3.840406299e-02 4.414290288e-02 5.078846592e-02
 5.860102371e-02 6.568403498e-02 7.041863526e-02 7.283845331e-02 7.288041010e-02
 7.039413365e-02 6.694526563e-02 6.452581569e-02 6.280947424e-02 6.154029907e-02
 6.056547086e-02 5.978949372e-02 5.915006634e-02 5.860507302e-02 5.812523239e-02
 5.768974156e-02 5.728357705e-02 5.689572969e-02 5.651784264e-02 5.614280730e-02
 3.983074167e-04 9.050539668e-04 1.620990349e-03 2.550592414e-03 3.579213767e-03
 3.479780907e-03 2.015708600e-03 1.128905509e-03 3.250294761e-04-4.962634540e-04
-1.313452325e-03-2.101511161e-03-2.836336381e-03-3.495832991e-03-4.060441190e-03
-4.513294932e-03-4.840113475e-03-5.028928128e-03-5.069540286e-03-4.954145792e-03
-4.679004324e-03-4.242845290e-03-3.648022458e-03-2.900718677e-03-2.010841795e-03
-9.913218002e-04 1.437612930e-04 1.380785675e-03 2.708473773e-03 4.120022924e-03
 5.614929007e-03 7.199695294e-03 8.888277195e-03 1.071595883e-02 1.270624507e-02
 1.486934303e-02 1.727198929e-02 1.995566153e-02 2.296302011e-02 2.632383887e-02
 3.004165721e-02 3.415453567e-02 3.871115517e-02 4.376801878e-02 4.939589406e-02
 5.571512484e-02 6.145609777e-02 6.553274887e-02 6.790867929e-02 6.849998293e-02
 6.716998103e-02 6.493595357e-02 6.318632494e-02 6.177673456e-02 6.061895701e-02
 5.964919875e-02 5.882134486e-02 5.810170278e-02 5.746518067e-02 5.689266696e-02
 5.636928538e-02 5.588322908e-02 5.542495537e-02 5.498651845e-02 5.455717081e-02
 3.396549285e-04 7.738692825e-04 1.391434097e-03 2.200615085e-03 3.085887626e-03
 2.825443079e-03 1.244679025e-03 2.074158885e-04-7.114898914e-04-1.623537823e-03
-2.495528753e-03-3.295100931e-03-3.992401489e-03-4.561604875e-03-4.981726896e-03
-5.236680785e-03-5.314792552e-03-5.208116992e-03-4.911905483e-03-4.424492197e-03
-3.747675730e-03-2.887249350e-03-1.854018875e-03-6.649000999e-04 6.562572777e-04
 2.078711755e-03 3.566436957e-03 5.081869819e-03 6.591768083e-03 8.074034610e-03
 9.518844238e-03 1.093046782e-02 1.241706781e-02 1.393323174e-02 1.552472859e-02
 1.722482619e-02 1.912914140e-02 2.128854805e-02 2.375924429e-02 2.657616679e-02
 2.972436121e-02 3.321555965e-02 3.703475474e-02 4.112077792e-02 4.534702918e-02
 4.949838234e-02 5.328059810e-02 5.640472213e-02 5.867996114e-02 6.004567990e-02
 6.058260190e-02 6.049924201e-02 6.004181256e-02 5.939852280e-02 5.868279461e-02
 5.795659473e-02 5.725181924e-02 5.658325398e-02 5.595599137e-02 5.536972573e-02
 5.482127909e-02 5.430609510e-02 5.381912451e-02 5.335551932e-02 5.291817018e-02
 2.649855231e-04 6.066365437e-04 1.097820660e-03 1.749839882e-03 2.457356305e-03
 2.003718852e-03 1.690528170e-04-1.109144878e-03-2.263597506e-03-3.385623481e-03
-4.423425272e-03-5.327925907e-03-6.056934690e-03-6.578718309e-03-6.872877075e-03
-6.928663277e-03-6.741977801e-03-6.312466504e-03-5.641617844e-03-4.732128333e-03
-3.588401821e-03-2.218046310e-03-6.343723911e-04 1.139974135e-03 3.068295817e-03
 5.094906272e-03 7.142651126e-03 9.117897942e-03 1.092801893e-02 1.249837458e-02
 1.389539002e-02 1.509686711e-02 1.613794052e-02 1.710576292e-02 1.807857312e-02
 1.912840108e-02 2.032255769e-02 2.172868033e-02 2.342025255e-02 2.547554602e-02
 2.796302041e-02 3.091406564e-02 3.429588815e-02 3.800310267e-02 4.187066174e-02
 4.569431476e-02 4.925002929e-02 5.231908785e-02 5.472709812e-02 5.638832271e-02
 5.732903710e-02 5.766931179e-02 5.757251048e-02 5.719481698e-02 5.665817446e-02
 5.604611491e-02 5.541084194e-02 5.478251942e-02 5.417699917e-02 5.360128764e-02
 5.305713243e-02 5.254328772e-02 5.205691582e-02 5.159428550e-02 5.114232808e-02
 1.668489622e-04 3.870457480e-04 7.132000227e-04 1.161671630e-03 1.625550465e-03
 8.830229687e-04-1.285383350e-03-2.978023610e-03-4.581096802e-03-6.105749255e-03
-7.484394129e-03-8.623018305e-03-9.450622302e-03-9.930642198e-03-1.005913143e-02
-9.851610604e-03-9.328544243e-03-8.506277373e-03-7.394160671e-03-5.995345471e-03
-4.308852656e-03-2.331872540e-03-6.261881396e-05 2.494692731e-03 5.319610376e-03
 8.355001175e-03 1.147250904e-02 1.443622691e-02 1.691508197e-02 1.873493755e-02
 1.982332547e-02 2.027498704e-02 2.037625811e-02 2.035937523e-02 2.035899020e-02
 2.043598830e-02 2.061487458e-02 2.092078330e-02 2.142924170e-02 2.233547197e-02
 2.396157179e-02 2.657269837e-02 3.015496766e-02 3.441892003e-02 3.901895955e-02
 4.369618365e-02 4.820717953e-02 5.218657833e-02 5.516227200e-02 5.683613888e-02
 5.731896010e-02 5.703583913e-02 5.640011189e-02 5.564676948e-02 5.487924698e-02
 5.413871489e-02 5.344020957e-02 5.278778314e-02 5.218066191e-02 5.161585771e-02
 5.108935477e-02 5.059668835e-02 5.013326228e-02 4.969465300e-02 4.928132506e-02
 3.552239343e-05 9.115341321e-05 1.927028919e-04 3.704960536e-04 5.446157001e-04
-4.576604135e-04-2.860296283e-03-5.392894350e-03-7.882045806e-03-1.028527378e-02
-1.240860799e-02-1.402049924e-02-1.496073089e-02-1.523051926e-02-1.495144473e-02
-1.425727215e-02-1.323110806e-02-1.190555579e-02-1.028302716e-02-8.351750273e-03
-6.093191971e-03-3.482603877e-03-4.849093403e-04 2.952592239e-03 6.909636505e-03
 1.150002514e-02 1.684530543e-02 2.280576213e-02 2.788806152e-02 3.015823852e-02
 2.932464603e-02 2.698554301e-02 2.489474168e-02 2.332296839e-02 2.215340419e-02
 2.123000149e-02 2.038875735e-02 1.942698164e-02 1.802866826e-02 1.546283505e-02
 1.423936072e-02 1.665191240e-02 2.310013550e-02 3.009970041e-02 3.638495416e-02
 4.269356429e-02 4.968255838e-02 5.862013069e-02 6.394396580e-02 6.474873253e-02
 6.069427225e-02 5.750714906e-02 5.543798630e-02 5.396369859e-02 5.283621479e-02
 5.192638753e-02 5.116200683e-02 5.050022073e-02 4.991425360e-02 4.938657043e-02
 4.890513173e-02 4.846107104e-02 4.804705747e-02 4.765664289e-02 4.728736144e-02
-1.308573392e-04-2.969980592e-04-5.268057168e-04-7.998354412e-04-1.144417333e-03
-2.572410606e-03-5.415928652e-03-8.697326328e-03-1.246907216e-02-1.679751630e-02
-2.111077450e-02-2.393912339e-02-2.446924552e-02-2.322310793e-02-2.158452487e-02
-1.994904847e-02-1.825768461e-02-1.640149303e-02-1.429041639e-02-1.186623978e-02
-9.096202646e-03-5.957427819e-03-2.417924551e-03 1.584303137e-03 6.169228777e-03
 1.156698329e-02 1.824471616e-02 2.733179683e-02 3.611309052e-02 3.884074594e-02
 3.521389271e-02 2.949338529e-02 2.619366819e-02 2.405558989e-02 2.256159236e-02
 2.142670217e-02 2.045482815e-02 1.947868830e-02 1.834986291e-02 1.713821694e-02
 1.709676991e-02 1.927729503e-02 2.352180991e-02 2.883102379e-02 3.420868673e-02
 3.969472446e-02 4.545835063e-02 5.118221137e-02 5.535255773e-02 5.670077327e-02
 5.533725574e-02 5.339294506e-02 5.183710406e-02 5.064741208e-02 4.971580448e-02
 4.896267022e-02 4.833387773e-02 4.779142188e-02 4.731551434e-02 4.688510747e-02
 4.649424065e-02 4.613744197e-02 4.581100314e-02 4.549848732e-02 4.518748120e-02
-2.916024730e-04-6.816642471e-04-1.275063061e-03-2.139429370e-03-3.404375932e-03
-5.252822195e-03-7.833941460e-03-1.125461817e-02-1.573449822e-02-2.184626845e-02
-2.947354018e-02-3.378633052e-02-3.401483877e-02-2.987150812e-02-2.727841678e-02
-2.543822314e-02-2.373188649e-02-2.178494280e-02-1.940483813e-02-1.655174621e-02
-1.328136906e-02-9.675657077e-03-5.797180500e-03-1.676674755e-03 2.676184167e-03
 7.241782310e-03 1.192126248e-02 1.640451964e-02 2.008996004e-02 2.239927708e-02
 2.322133757e-02 2.302161732e-02 2.239879052e-02 2.173619121e-02 2.116763435e-02
 2.073129263e-02 2.043841738e-02 2.030426892e-02 2.040315011e-02 2.087017931e-02
 2.189444808e-02 2.361283750e-02 2.601478498e-02 2.895271516e-02 3.221190038e-02
 3.558708384e-02 3.886624929e-02 4.179223218e-02 4.409198365e-02 4.558812866e-02
 4.631353049e-02 4.648171775e-02 4.633965605e-02 4.606133121e-02 4.573821894e-02
 4.541198442e-02 4.509780572e-02 4.479931009e-02 4.451552068e-02 4.424309475e-02
 4.397873907e-02 4.372217391e-02 4.349394448e-02 4.327605506e-02 4.306169668e-02
-3.837196107e-04-8.912588535e-04-1.646482348e-03-2.696103060e-03-4.101351696e-03
-5.932063363e-03-8.257143503e-03-1.113309153e-02-1.456645399e-02-1.848387343e-02
-2.242737418e-02-2.563155536e-02-2.764721982e-02-2.875175906e-02-2.960590730e-02
-3.035173075e-02-3.047111177e-02-2.927215884e-02-2.652500173e-02-2.264397374e-02
-1.828212563e-02-1.384731735e-02-9.492527583e-03-5.260729738e-03-1.170756074e-03
 2.742253681e-03 6.406326554e-03 9.708944035e-03 1.252012678e-02 1.474306659e-02
 1.636406383e-02 1.746346316e-02 1.817961969e-02 1.865768683e-02 1.901803777e-02
 1.935104344e-02 1.972620112e-02 2.020406019e-02 2.084448008e-02 2.170723236e-02
 2.284303610e-02 2.427814477e-02 2.600128271e-02 2.796097822e-02 3.007347680e-02
 3.223467710e-02 3.433095266e-02 3.625048876e-02 3.789931011e-02 3.922012858e-02
 4.020407605e-02 4.088615373e-02 4.132643880e-02 4.158887473e-02 4.172764350e-02
 4.178269751e-02 4.178088656e-02 4.173903002e-02 4.166698879e-02 4.157011840e-02
 4.145104316e-02 4.130967315e-02 4.118903790e-02 4.106139116e-02 4.091012461e-02
-3.992174585e-04-9.175353998e-04-1.668677059e-03-2.674836197e-03-3.960930373e-03
-5.550216259e-03-7.457543408e-03-9.676002983e-03-1.216635457e-02-1.486744451e-02
-1.768377247e-02-2.054218013e-02-2.348344838e-02-2.677659549e-02-3.100715626e-02
-3.738106498e-02-4.420925562e-02-4.446813911e-02-3.826761953e-02-2.875969951e-02
-2.194065662e-02-1.639998343e-02-1.160323510e-02-7.311881863e-03-3.415176705e-03
 1.318228347e-04 3.337129131e-03 6.189851950e-03 8.675346500e-03 1.078898414e-02
 1.254609752e-02 1.398487041e-02 1.516168920e-02 1.614219536e-02 1.699262345e-02
 1.777431692e-02 1.854165100e-02 1.934191135e-02 2.021534147e-02 2.119409524e-02
 2.229978620e-02 2.354037987e-02 2.490784741e-02 2.637785651e-02 2.791193474e-02
 2.946168703e-02 3.097434871e-02 3.239907126e-02 3.369327097e-02 3.482790469e-02
 3.579021227e-02 3.658299688e-02 3.722084047e-02 3.772484425e-02 3.811769292e-02
 3.842013627e-02 3.864907975e-02 3.881694311e-02 3.893186069e-02 3.899844594e-02
 3.901896742e-02 3.899412351e-02 3.896827588e-02 3.892011864e-02 3.884666731e-02
-3.667434743e-04-8.365273286e-04-1.505345453e-03-2.380972323e-03-3.470591547e-03
-4.778573381e-03-6.304095998e-03-8.036446093e-03-9.944439412e-03-1.202497985e-02
-1.426379742e-02-1.666797186e-02-1.928726991e-02-2.223753429e-02-2.564580557e-02
-2.938459818e-02-3.222187232e-02-3.224285725e-02-2.912527725e-02-2.419784749e-02
-1.921019643e-02-1.462521935e-02-1.045464111e-02-6.661171577e-03-3.222083298e-03
-1.278641078e-04 2.629118036e-03 5.062479797e-03 7.193671045e-03 9.050282734e-03
 1.066402082e-02 1.206954251e-02 1.330366272e-02 1.440428444e-02 1.540898459e-02
 1.635356023e-02 1.727079382e-02 1.818946354e-02 1.913345875e-02 2.012086066e-02
 2.116298582e-02 2.226356765e-02 2.341836367e-02 2.461545811e-02 2.583639308e-02
 2.705807888e-02 2.825527718e-02 2.940334200e-02 3.048083287e-02 3.147158651e-02
 3.236589384e-02 3.316060943e-02 3.385827834e-02 3.446558887e-02 3.499154188e-02
 3.544564759e-02 3.583628833e-02 3.616923598e-02 3.644633812e-02 3.666480695e-02
 3.681840877e-02 3.690311777e-02 3.692413117e-02 3.691894374e-02 3.689538510e-02
-3.130626649e-04-7.105394680e-04-1.269959091e-03-1.991841557e-03-2.875312722e-03
-3.917136917e-03-5.110863805e-03-6.442870157e-03-7.887101652e-03-9.439926263e-03
-1.108291884e-02-1.278763926e-02-1.452352638e-02-1.623580990e-02-1.780550647e-02
-1.901891716e-02-1.957906613e-02-1.921925954e-02-1.785799258e-02-1.564544438e-02
-1.286010699e-02-9.771960748e-03-6.591208803e-03-3.488229841e-03-6.134968068e-04
 1.921370092e-03 4.079905838e-03 5.903135536e-03 7.468882054e-03 8.849216891e-03
 1.009472448e-02 1.123804321e-02 1.230170049e-02 1.330376160e-02 1.426063669e-02
 1.518798249e-02 1.610059515e-02 1.701185633e-02 1.793303260e-02 1.887258356e-02
 1.983557699e-02 2.082329627e-02 2.183312111e-02 2.285874268e-02 2.389073391e-02
 2.491744120e-02 2.592610926e-02 2.690410716e-02 2.784010124e-02 2.872502388e-02
 2.955272168e-02 3.032022629e-02 3.102766267e-02 3.167786868e-02 3.227582303e-02
 3.282794572e-02 3.334121605e-02 3.382175587e-02 3.427171192e-02 3.468101246e-02
 3.500987259e-02 3.519638814e-02 3.523593279e-02 3.518533374e-02 3.508999080e-02
-2.544746868e-04-5.755743907e-04-1.023862470e-03-1.596365826e-03-2.288387019e-03
-3.092951229e-03-4.000114288e-03-4.992326642e-03-6.044227234e-03-7.143147181e-03
-8.261631427e-03-9.359299346e-03-1.039266330e-02-1.129958412e-02-1.199710688e-02
-1.238581631e-02-1.236307636e-02-1.184531816e-02-1.078907069e-02-9.197043958e-03
-7.104399141e-03-4.557797721e-03-1.614564369e-03 1.580331641e-03 4.531315712e-03
 6.601724076e-03 7.692697104e-03 8.303662674e-03 8.867209495e-03 9.504387719e-03
 1.021487171e-02 1.097585652e-02 1.176730556e-02 1.257598856e-02 1.339469178e-02
 1.422059202e-02 1.505369680e-02 1.589552356e-02 1.674802768e-02 1.761276243e-02
 1.849025842e-02 1.937961820e-02 2.027832611e-02 2.118226955e-02 2.208595715e-02
 2.298290367e-02 2.386613509e-02 2.472875477e-02 2.556450705e-02 2.636827978e-02
 2.713650359e-02 2.786743140e-02 2.856131357e-02 2.922052030e-02 2.984970444e-02
 3.045615682e-02 3.105061744e-02 3.164905750e-02 3.227656627e-02 3.297367584e-02
 3.375365084e-02 3.407927858e-02 3.385948758e-02 3.354129976e-02 3.334439282e-02
-1.993770011e-04-4.497767120e-04-7.971840655e-04-1.237204511e-03-1.763629045e-03
-2.368030168e-03-3.039443370e-03-3.763262757e-03-4.498951230e-03-5.248311417e-03
-5.976496712e-03-6.648381205e-03-7.234239741e-03-7.688834582e-03-7.960963856e-03
-7.997148525e-03-7.746453246e-03-7.164361776e-03-6.214874752e-03-4.868170379e-03
-3.088688469e-03-8.085012503e-04 2.119938709e-03 6.119840193e-03 1.040872144e-02
 1.230336442e-02 1.176092397e-02 1.022595186e-02 9.812442602e-03 9.884506397e-03
 1.021583074e-02 1.070109354e-02 1.128318567e-02 1.192857739e-02 1.261682293e-02
 1.333529930e-02 1.407621611e-02 1.483474136e-02 1.560774149e-02 1.639290147e-02
 1.718811014e-02 1.799105180e-02 1.879897015e-02 1.960858043e-02 2.041610751e-02
 2.121742569e-02 2.200827273e-02 2.278450874e-02 2.354239009e-02 2.427883294e-02
 2.499164819e-02 2.567974139e-02 2.634328590e-02 2.698389575e-02 2.760484806e-02
 2.821143876e-02 2.881161295e-02 2.941713206e-02 3.004596560e-02 3.073226082e-02
 3.151512351e-02 3.184525457e-02 3.168285439e-02 3.146707479e-02 3.131835077e-02
-1.514193879e-04-3.408867360e-04-6.024735137e-04-9.316768789e-04-1.322438619e-03
-1.766922425e-03-2.255000449e-03-2.769050155e-03-3.279960602e-03-3.771927850e-03
-4.224844585e-03-4.619738488e-03-4.936760875e-03-5.147020047e-03-5.208093335e-03
-5.077515669e-03-4.746764997e-03-4.190781216e-03-3.387473416e-03-2.320909893e-03
-9.819004569e-04 6.282361475e-04 2.468479910e-03 4.410721259e-03 6.181813389e-03
 7.484470590e-03 8.234682311e-03 8.617357030e-03 8.895695870e-03 9.212090895e-03
 9.604841010e-03 1.007211133e-02 1.060162233e-02 1.118042399e-02 1.179756162e-02
 1.244445331e-02 1.311458088e-02 1.380301686e-02 1.450595333e-02 1.522028451e-02
 1.594326829e-02 1.667228110e-02 1.740466433e-02 1.813765008e-02 1.886835321e-02
 1.959381720e-02 2.031110057e-02 2.101738983e-02 2.171012376e-02 2.238711510e-02
 2.304665671e-02 2.368760110e-02 2.430940241e-02 2.491210560e-02 2.549625320e-02
 2.606264032e-02 2.661175502e-02 2.714252715e-02 2.764955911e-02 2.811759836e-02
 2.851535572e-02 2.880595633e-02 2.898036715e-02 2.906747180e-02 2.910740622e-02
-1.115207715e-04-2.506013061e-04-4.418022909e-04-6.811156823e-04-9.634160130e-04
-1.282622155e-03-1.632151061e-03-2.001971806e-03-2.360849520e-03-2.652610449e-03
-2.912473586e-03-3.130032135e-03-3.285629145e-03-3.363420982e-03-3.306842300e-03
-3.121198930e-03-2.797124021e-03-2.322646020e-03-1.690396248e-03-9.002522027e-04
 3.794451960e-05 1.100137765e-03 2.242235067e-03 3.399999429e-03 4.498598419e-03
 5.474667024e-03 6.300469793e-03 6.990831341e-03 7.587387658e-03 8.135110616e-03
 8.667872649e-03 9.205952095e-03 9.759282912e-03 1.033140841e-02 1.092244900e-02
 1.153085616e-02 1.215444147e-02 1.279091037e-02 1.343812446e-02 1.409407839e-02
 1.475666582e-02 1.542372374e-02 1.609303881e-02 1.676235881e-02 1.742943164e-02
 1.809198169e-02 1.874779962e-02 1.939474926e-02 2.003083312e-02 2.065425064e-02
 2.126338650e-02 2.185686740e-02 2.243347472e-02 2.299207472e-02 2.353143481e-02
 2.404993634e-02 2.454517127e-02 2.501332256e-02 2.544860985e-02 2.584312742e-02
 2.618782657e-02 2.647506134e-02 2.670112503e-02 2.686639767e-02 2.697856116e-02
-7.928403021e-05-1.777484737e-04-3.123755277e-04-4.795826430e-04-6.747494672e-04
-8.921982215e-04-1.125101137e-03-1.365842312e-03-1.590388791e-03-1.782159018e-03
-1.930529561e-03-2.046516682e-03-2.096152317e-03-2.083551290e-03-1.991821410e-03
-1.801140784e-03-1.526433362e-03-1.130830462e-03-6.446829323e-04-5.820419791e-05
 6.206558719e-04 1.355062619e-03 2.159669775e-03 2.966587238e-03 3.773378859e-03
 4.548075209e-03 5.263766243e-03 5.952260041e-03 6.576107717e-03 7.183373972e-03
 7.763487075e-03 8.325172830e-03 8.902970575e-03 9.460096619e-03 1.004685153e-02
 1.062675643e-02 1.121164597e-02 1.181526455e-02 1.239829847e-02 1.302284382e-02
 1.362813262e-02 1.424307276e-02 1.486630200e-02 1.546418885e-02 1.609582909e-02
 1.669361527e-02 1.730232091e-02 1.790143133e-02 1.847274675e-02 1.906579498e-02
 1.961346851e-02 2.017408929e-02 2.070773087e-02 2.121457531e-02 2.172866636e-02
 2.219103534e-02 2.265966419e-02 2.309026883e-02 2.348131948e-02 2.386817585e-02
 2.418778374e-02 2.449747702e-02 2.475700192e-02 2.496386653e-02 2.516100459e-02
 0.146255868E+01 0.147773192E+01 0.149187392E+01 0.150666041E+01 0.152189148E+01
 0.153753149E+01 0.155361866E+01 0.157015354E+01 0.158716564E+01 0.160469788E+01
 0.162276879E+01 0.164141388E+01 0.166067912E+01 0.168060049E+01 0.170121113E+01
 0.172255383E+01 0.174468721E+01 0.176766100E+01 0.179152097E+01 0.181631035E+01
 0.184210123E+01 0.186896601E+01 0.189697176E+01 0.192618548E+01 0.195667451E+01
 0.198853076E+01 0.202186179E+01 0.205676743E+01 0.209335130E+01 0.213172247E+01
 0.217200288E+01 0.221435295E+01 0.225893400E+01 0.230591245E+01 0.235547130E+01
 0.240781430E+01 0.246316548E+01 0.252179815E+01 0.258400750E+01 0.265011633E+01
 0.272047623E+01 0.279548739E+01 0.287561598E+01 0.296140503E+01 0.305345572E+01
 0.315246410E+01 0.325923955E+01 0.337471491E+01 0.349997881E+01 0.363633079E+01
 0.378532311E+01 0.394879903E+01 0.412901424E+01 0.432875234E+01 0.455144116E+01
 0.480147479E+01 0.508463442E+01 0.540864491E+01 0.578391154E+01 0.622546370E+01
 0.675665403E+01 0.741728603E+01 0.828605944E+01 0.957496526E+01 0.163248182E+02
  361   98
 0.577925562E+00 0.119121668E+01 0.571501226E+00 0.117723572E+01 0.565077120E+00
 0.116325465E+01 0.558663948E+00 0.114926857E+01 0.552263241E+00 0.113527677E+01
 0.545880854E+00 0.112127661E+01 0.539525652E+00 0.110726409E+01 0.533210860E+00
 0.109323332E+01 0.526949065E+00 0.107917882E+01 0.520747705E+00 0.106509755E+01
 0.514611555E+00 0.105098774E+01 0.508544921E+00 0.103684791E+01 0.502554359E+00
 0.102267568E+01 0.496646187E+00 0.100846892E+01 0.490823558E+00 0.994226874E+00
 0.485086697E+00 0.979950068E+00 0.479434553E+00 0.965639510E+00 0.473867870E+00
 0.951295494E+00 0.468389268E+00 0.936917607E+00 0.462999565E+00 0.922506158E+00
 0.457696625E+00 0.908062557E+00 0.452476583E+00 0.893588787E+00 0.447337349E+00
 0.879086129E+00 0.442282040E+00 0.864554005E+00 0.437313786E+00 0.849991889E+00
 0.432433834E+00 0.835399945E+00 0.427641767E+00 0.820778904E+00 0.422937019E+00
 0.806129531E+00 0.418320965E+00 0.791451971E+00 0.413796681E+00 0.776745865E+00
 0.409367389E+00 0.762010872E+00 0.405035736E+00 0.747246882E+00 0.400802575E+00
 0.732454351E+00 0.396667421E+00 0.717634123E+00 0.392629641E+00 0.702787070E+00
 0.388689140E+00 0.687913904E+00 0.384847008E+00 0.673015023E+00 0.381105085E+00
 0.658090660E+00 0.377464997E+00 0.643141134E+00 0.373927755E+00 0.628166940E+00
 0.370493663E+00 0.613168754E+00 0.367161908E+00 0.598147502E+00 0.363930860E+00
 0.583104266E+00 0.360799191E+00 0.568040027E+00 0.357766145E+00 0.552955622E+00
 0.354831483E+00 0.537851768E+00 0.351995275E+00 0.522729117E+00 0.349257664E+00
 0.507588306E+00 0.346618728E+00 0.492429987E+00 0.344078373E+00 0.477254834E+00
 0.341635538E+00 0.462063677E+00 0.339287625E+00 0.446857559E+00 0.337032007E+00
 0.431637476E+00 0.334866398E+00 0.416404324E+00 0.332789105E+00 0.401158877E+00
 0.330799546E+00 0.385901732E+00 0.328897691E+00 0.370633407E+00 0.327083292E+00
 0.355354442E+00 0.325355736E+00 0.340065414E+00 0.323713929E+00 0.324766940E+00
 0.322156526E+00 0.309459643E+00 0.320682536E+00 0.294144088E+00 0.319291329E+00
 0.278820792E+00 0.317982488E+00 0.263490241E+00 0.316755141E+00 0.248152949E+00
 0.315608191E+00 0.232809436E+00 0.314540633E+00 0.217460194E+00 0.313551574E+00
 0.202105693E+00 0.312639984E+00 0.186746398E+00 0.311804504E+00 0.171382775E+00
 0.311043930E+00 0.156015261E+00 0.310357278E+00 0.140644266E+00 0.309743839E+00
 0.125270175E+00 0.309203450E+00 0.109893344E+00 0.308736191E+00 0.945141159E-01
 0.308342195E+00 0.791328370E-01 0.308021653E+00 0.637498522E-01 0.307774313E+00
 0.483655159E-01 0.307599259E+00 0.329801870E-01 0.307495732E+00 0.175942104E-01
 0.307463172E+00 0.220791978E-02 0.307501204E+00-0.131783584E-01 0.307609740E+00
-0.285643007E-01 0.307788877E+00-0.439495829E-01 0.308038861E+00-0.593338770E-01
 0.308360096E+00-0.747168481E-01 0.308753062E+00-0.900981538E-01 0.309218272E+00
-0.105477444E+00 0.309756423E+00-0.120854354E+00 0.310368401E+00-0.136228503E+00
 0.311055131E+00-0.151599493E+00 0.311816925E+00-0.166966947E+00 0.312653945E+00
-0.182330486E+00 0.313566453E+00-0.197689727E+00 0.314554879E+00-0.213044269E+00
 0.315620176E+00-0.228393668E+00 0.316763890E+00-0.243737424E+00 0.317987749E+00
-0.259074994E+00 0.319293557E+00-0.274405804E+00 0.320682859E+00-0.289729272E+00
 0.322156147E+00-0.305044894E+00 0.323713776E+00-0.320352168E+00 0.325356352E+00
-0.335650560E+00 0.327084791E+00-0.350939488E+00 0.328899953E+00-0.366218362E+00
 0.330802442E+00-0.381486608E+00 0.332792931E+00-0.396743631E+00 0.334872225E+00
-0.411988804E+00 0.337041517E+00-0.427221432E+00 0.339302587E+00-0.442440706E+00
 0.341657437E+00-0.457645750E+00 0.344108219E+00-0.472835627E+00 0.346657225E+00
-0.488009328E+00 0.349306034E+00-0.503165925E+00 0.352055198E+00-0.518304641E+00
 0.354905015E+00-0.533424732E+00 0.357855537E+00-0.548525495E+00 0.360906687E+00
-0.563606248E+00 0.364058789E+00-0.578666223E+00 0.367312902E+00-0.593704485E+00
 0.370670812E+00-0.608719910E+00 0.374134699E+00-0.623711241E+00 0.377706091E+00
-0.638677324E+00 0.381384852E+00-0.653617379E+00 0.385169994E+00-0.668530836E+00
 0.389059868E+00-0.683417321E+00 0.393052617E+00-0.698276545E+00 0.397147613E+00
-0.713107916E+00 0.401345935E+00-0.727910370E+00 0.405649096E+00-0.742682686E+00
 0.410058239E+00-0.757423715E+00 0.414573355E+00-0.772132633E+00 0.419192616E+00
-0.786809178E+00 0.423913840E+00-0.801453242E+00 0.428735464E+00-0.816064557E+00
 0.433657623E+00-0.830642311E+00 0.438681708E+00-0.845185251E+00 0.443809069E+00
-0.859692101E+00 0.449039801E+00-0.874162000E+00 0.454372779E+00-0.888594529E+00
 0.459807474E+00-0.902989063E+00 0.465348636E+00-0.917342945E+00 0.471003387E+00
-0.931652454E+00 0.476777208E+00-0.945914333E+00 0.482673086E+00-0.960126186E+00
 0.488693505E+00-0.974285727E+00 0.494847847E+00-0.988387564E+00 0.501150216E+00
-0.100242386E+01 0.507614973E+00-0.101638609E+01 0.514256098E+00-0.103026528E+01
 0.521091224E+00-0.104404994E+01 0.528153097E+00-0.105771976E+01 0.535493423E+00
-0.107124199E+01 0.543187114E+00-0.108456612E+01 0.551345248E+00-0.109761058E+01
 0.560144992E+00-0.111022995E+01 0.569879948E+00-0.112213949E+01 0.580995800E+00
-0.113276249E+01 0.593927375E+00-0.114105137E+01 0.608502138E+00-0.114587139E+01
 0.623808662E+00-0.114721253E+01 0.639147176E+00-0.114610922E+01 0.654312044E+00
-0.114352562E+01 0.669299482E+00-0.114004990E+01 0.684145025E+00-0.113600838E+01
 0.698882114E+00-0.113158684E+01 0.713534605E+00-0.112689220E+01 0.728119107E+00
-0.112199026E+01 0.742645781E+00-0.111691943E+01 0.757120796E+00-0.111170294E+01
 0.771547520E+00-0.110635432E+01 0.785930181E+00-0.110088829E+01 0.800269486E+00
-0.109530953E+01 0.814557302E+00-0.108960023E+01 0.828781786E+00-0.108373498E+01
 0.842931390E+00-0.107769138E+01 0.856994113E+00-0.107144833E+01 0.870957801E+00
-0.106498686E+01 0.884810839E+00-0.105829150E+01 0.898542647E+00-0.105135093E+01
 0.912144470E+00-0.104415897E+01 0.925611197E+00-0.103671710E+01 0.938942575E+00
-0.102903538E+01 0.952132915E+00-0.102111397E+01 0.965162049E+00-0.101293020E+01
 0.978008908E+00-0.100446322E+01 0.990659730E+00-0.995706046E+00 0.100310690E+01
-0.986661734E+00 0.101535036E+01-0.977343472E+00 0.102740268E+01-0.967779182E+00
 0.103927903E+01-0.957997205E+00 0.105097546E+01-0.948000819E+00 0.106247449E+01
-0.937778005E+00 0.107376318E+01-0.927323389E+00 0.108484077E+01-0.916645325E+00
 0.109571551E+01-0.905760710E+00 0.110639906E+01-0.894688347E+00 0.111689823E+01
-0.883440991E+00 0.112720513E+01-0.872017207E+00 0.113730282E+01-0.860408113E+00
 0.114717981E+01-0.848610686E+00 0.115683577E+01-0.836631671E+00 0.116627478E+01
-0.824480961E+00 0.117549395E+01-0.812162628E+00 0.118447595E+01-0.799670352E+00
 0.119319964E+01-0.786996362E+00 0.120165508E+01-0.774141864E+00 0.120984673E+01
-0.761117647E+00 0.121778087E+01-0.747934980E+00 0.122544028E+01-0.734590865E+00
 0.123279932E+01-0.721078809E+00 0.123984494E+01-0.707400719E+00 0.124657614E+01
-0.693565181E+00 0.125299142E+01-0.679580358E+00 0.125908428E+01-0.665452093E+00
 0.126485252E+01-0.651188206E+00 0.127030294E+01-0.636799854E+00 0.127544857E+01
-0.622299683E+00 0.128030074E+01-0.607698678E+00 0.128486700E+01-0.593005733E+00
 0.128915778E+01-0.578229972E+00 0.129318943E+01-0.563381385E+00 0.129698356E+01
-0.548470310E+00 0.130056551E+01-0.533506817E+00 0.130396226E+01-0.518500177E+00
 0.130719861E+01-0.503458110E+00 0.131029729E+01-0.488387067E+00 0.131328064E+01
-0.473292756E+00 0.131617043E+01-0.458180246E+00 0.131898850E+01-0.443054191E+00
 0.132175765E+01-0.427919097E+00 0.132450167E+01-0.412779424E+00 0.132724378E+01
-0.397639406E+00 0.133000093E+01-0.382502118E+00 0.133278856E+01-0.367370417E+00
 0.133562221E+01-0.352247271E+00 0.133851643E+01-0.337135602E+00 0.134147500E+01
-0.322036398E+00 0.134448933E+01-0.306948225E+00 0.134755038E+01-0.291869459E+00
 0.135064963E+01-0.276798498E+00 0.135377901E+01-0.261733759E+00 0.135692946E+01
-0.246673416E+00 0.136009057E+01-0.231615304E+00 0.136324945E+01-0.216556724E+00
 0.136638874E+01-0.201494050E+00 0.136948300E+01-0.186422068E+00 0.137249951E+01
-0.171334345E+00 0.137540218E+01-0.156224329E+00 0.137815255E+01-0.141085879E+00
 0.138071155E+01-0.125913940E+00 0.138305024E+01-0.110706507E+00 0.138514406E+01
-0.954634587E-01 0.138696727E+01-0.801857128E-01 0.138849338E+01-0.648754713E-01
 0.138969960E+01-0.495367368E-01 0.139057155E+01-0.341753929E-01 0.139109766E+01
-0.187983358E-01 0.139126890E+01-0.341324629E-02 0.139107999E+01 0.119716341E-01
 0.139053581E+01 0.273480630E-01 0.138964741E+01 0.427084682E-01 0.138842832E+01
 0.580461919E-01 0.138689400E+01 0.733556179E-01 0.138506526E+01 0.886327077E-01
 0.138296986E+01 0.103875544E+00 0.138063508E+01 0.119083584E+00 0.137808662E+01
 0.134257304E+00 0.137535003E+01 0.149398251E+00 0.137246171E+01 0.164511019E+00
 0.136946195E+01 0.179602080E+00 0.136638866E+01 0.194678353E+00 0.136327665E+01
 0.209746690E+00 0.136015372E+01 0.224812766E+00 0.135703615E+01 0.239879951E+00
 0.135393487E+01 0.254950498E+00 0.135085829E+01 0.270026106E+00 0.134781374E+01
 0.285108214E+00 0.134480768E+01 0.300198040E+00 0.134184676E+01 0.315296785E+00
 0.133893842E+01 0.330405745E+00 0.133609058E+01 0.345526223E+00 0.133330528E+01
 0.360658348E+00 0.133056775E+01 0.375799194E+00 0.132785965E+01 0.390945332E+00
 0.132516258E+01 0.406093439E+00 0.132245819E+01 0.421240241E+00 0.131972424E+01
 0.436381733E+00 0.131693581E+01 0.451513279E+00 0.131406878E+01 0.466630120E+00
 0.131109996E+01 0.481727289E+00 0.130800680E+01 0.496799462E+00 0.130476642E+01
 0.511840652E+00 0.130135551E+01 0.526844074E+00 0.129774919E+01 0.541801699E+00
 0.129391976E+01 0.556703735E+00 0.128984046E+01 0.571539284E+00 0.128548965E+01
 0.586297464E+00 0.128085160E+01 0.600967887E+00 0.127591751E+01 0.615541398E+00
 0.127068308E+01 0.630009743E+00 0.126513916E+01 0.644362320E+00 0.125927213E+01
 0.658585842E+00 0.125307501E+01 0.672668679E+00 0.124655267E+01 0.686603888E+00
 0.123971840E+01 0.700388813E+00 0.123257805E+01 0.714017708E+00 0.122513083E+01
 0.727481366E+00 0.121738592E+01 0.740776041E+00 0.120936764E+01 0.753907706E+00
 0.120110190E+01 0.766885054E+00 0.119259314E+01 0.779704366E+00 0.118383883E+01
 0.792357258E+00 0.117484435E+01 0.804840581E+00 0.116562793E+01 0.817160998E+00
 0.115621312E+01 0.829330513E+00 0.114661549E+01 0.841356381E+00 0.113683151E+01
 0.853231116E+00 0.112685112E+01 0.864941242E+00 0.111667303E+01 0.876479949E+00
 0.110630797E+01 0.887851017E+00 0.109577046E+01 0.899062492E+00 0.108506481E+01
 0.910113513E+00 0.107417834E+01 0.920986419E+00 0.106309330E+01 0.931656753E+00
 0.105180002E+01 0.942106422E+00 0.104030612E+01 0.952335045E+00 0.102863046E+01
 0.962355731E+00 0.101678572E+01 0.972175962E+00 0.100475867E+01 0.981771985E+00
 0.992532576E+00 0.991113011E+00 0.980102282E+00 0.100018051E+01 0.967471560E+00
 0.100896667E+01 0.954650434E+00 0.101747262E+01 0.941658055E+00 0.102571468E+01
 0.928516609E+00 0.103371699E+01 0.915237350E+00 0.104148847E+01 0.901822084E+00
 0.104902272E+01 0.888274691E+00 0.105631673E+01 0.874603197E+00 0.106337542E+01
 0.860818452E+00 0.107021035E+01 0.846933542E+00 0.107683948E+01 0.832962712E+00
 0.108328564E+01 0.818921319E+00 0.108957667E+01 0.804824513E+00 0.109574258E+01
 0.790686656E+00 0.110181381E+01 0.776519706E+00 0.110781685E+01 0.762329489E+00
 0.111376470E+01 0.748118367E+00 0.111966243E+01 0.733890503E+00 0.112551966E+01
 0.719651228E+00 0.113134910E+01 0.705405893E+00 0.113716372E+01 0.691159936E+00
 0.114297681E+01 0.676918874E+00 0.114880188E+01 0.662688943E+00 0.115465409E+01
 0.648476344E+00 0.116054825E+01 0.634289816E+00 0.116650487E+01 0.620137380E+00
 0.117254203E+01 0.606024869E+00 0.117867193E+01 0.591952028E+00 0.118489237E+01
 0.577925562E+00 0.119121668E+01
 0.156441580E+01 0.156423520E+01 0.173298350E+01 0.167901950E+01 0.134847970E+01
 0.206041340E+01 0.108819530E+01 0.205946000E+01 0.902253030E+00 0.187565310E+01
 0.903668760E+00 0.187424170E+01 0.533866470E+00 0.150285580E+01 0.538010660E+00
 0.149874330E+01 0.332797140E+00 0.129708960E+01 0.332797140E+00 0.109400000E+01
 0.334795920E+00 0.109400000E+01 0.303115250E+00 0.847500000E+00 0.305114030E+00
 0.847500000E+00 0.269135950E+00 0.565000000E+00 0.271134730E+00 0.565000000E+00
 0.260841000E+00 0.495257700E+00 0.260841000E+00-0.507257700E+00 0.271134730E+00
-0.576999960E+00 0.269135950E+00-0.576999960E+00 0.305114030E+00-0.859500000E+00
 0.303115250E+00-0.859500000E+00 0.334795920E+00-0.110600010E+01 0.332797140E+00
-0.110600010E+01 0.332797140E+00-0.130908970E+01 0.538598100E+00-0.150990190E+01
 0.534468950E+00-0.151402960E+01 0.905629600E+00-0.188405800E+01 0.904219000E+00
-0.188547470E+01 0.108819530E+01-0.206614000E+01 0.134847970E+01-0.206518650E+01
 0.173017910E+01-0.168098580E+01 0.156441580E+01-0.156883530E+01 0.137999130E+01
-0.157688300E+01 0.137989190E+01-0.157672700E+01 0.119622210E+01-0.158474990E+01
 0.119631650E+01-0.158489800E+01 0.105537410E+01-0.159104840E+01 0.105528350E+01
-0.159090630E+01 0.947502500E+00-0.159561420E+01 0.905686400E+00-0.159556230E+01
 0.899143000E+00-0.159478470E+01 0.883387860E+00-0.159026430E+01 0.867681200E+00
-0.158087360E+01 0.851322350E+00-0.156766880E+01 0.833481900E+00-0.154624210E+01
 0.826062560E+00-0.152875240E+01 0.822677700E+00-0.151516830E+01 0.821022750E+00
-0.149624060E+01 0.820691350E+00-0.147724350E+01 0.822887360E+00-0.144582030E+01
 0.827573000E+00-0.141923050E+01 0.839194600E+00-0.138728100E+01 0.855244300E+00
-0.135284130E+01 0.877566500E+00-0.132209860E+01 0.899473500E+00-0.130017830E+01
 0.118567730E+01-0.101380000E+01 0.127900000E+01-0.842300000E+00 0.129600000E+01
-0.820200000E+00 0.143300000E+01-0.820200000E+00 0.143300000E+01-0.711000000E+00
 0.149000000E+01-0.491000000E+00 0.146000000E+01-0.491000000E+00 0.146000000E+01
-0.233000000E+00 0.166100000E+01-0.233000000E+00 0.166100000E+01 0.226000000E+00
 0.146000000E+01 0.226000000E+00 0.146000000E+01 0.481000000E+00 0.149300000E+01
 0.481000000E+00 0.147400000E+01 0.554000000E+00 0.143300000E+01 0.711000000E+00
 0.143300000E+01 0.815600000E+00 0.129600000E+01 0.815600000E+00 0.127900000E+01
 0.837699950E+00 0.118567730E+01 0.100920000E+01 0.899473500E+00 0.129557820E+01
 0.877566500E+00 0.131749860E+01 0.855244300E+00 0.134824120E+01 0.839194600E+00
 0.138268090E+01 0.827573000E+00 0.141463040E+01 0.822887360E+00 0.144122030E+01
 0.820691350E+00 0.147264350E+01 0.821022750E+00 0.149164060E+01 0.822677700E+00
 0.151056830E+01 0.826062560E+00 0.152415240E+01 0.833481900E+00 0.154164210E+01
 0.851322350E+00 0.156306870E+01 0.867681200E+00 0.157627360E+01 0.883387860E+00
 0.158566430E+01 0.899143000E+00 0.159018470E+01 0.905686400E+00 0.159096230E+01
 0.947502500E+00 0.159101410E+01 0.105528350E+01 0.158630620E+01 0.105537410E+01
 0.158644830E+01 0.119631650E+01 0.158029800E+01 0.119622210E+01 0.158014990E+01
 0.137989190E+01 0.157212700E+01 0.137999130E+01 0.157228290E+01 0.156441580E+01
 0.156423520E+01
    0
