EFIT++      MAST # 47052 # 640ms                   0  65  65
 0.194000000E+01 0.440000000E+01 0.800000000E+00 0.600000000E-01 0.000000000E+00
 0.985616748E+00 0.137716665E-02-0.711301451E-01 0.133152301E-02-0.655629079E+00
 0.747405946E+06-0.711301451E-01 0.000000000E+00 0.985616748E+00 0.000000000E+00
 0.137716665E-02 0.000000000E+00 0.133152301E-02 0.000000000E+00 0.000000000E+00
-0.543121847E+00-0.542689306E+00-0.542256852E+00-0.541824688E+00-0.541393021E+00
-0.540962057E+00-0.540532001E+00-0.540103063E+00-0.539675449E+00-0.539249369E+00
-0.538825032E+00-0.538402648E+00-0.537982428E+00-0.537564582E+00-0.537149323E+00
-0.536736864E+00-0.536327417E+00-0.535921197E+00-0.535518417E+00-0.535119293E+00
-0.534724040E+00-0.534332875E+00-0.533946013E+00-0.533563672E+00-0.533186069E+00
-0.532813423E+00-0.532445953E+00-0.532083877E+00-0.531727415E+00-0.531376787E+00
-0.531032213E+00-0.530693913E+00-0.530362110E+00-0.530037024E+00-0.529718877E+00
-0.529407890E+00-0.529104287E+00-0.528808288E+00-0.528520118E+00-0.528239998E+00
-0.527968151E+00-0.527704801E+00-0.527450169E+00-0.527204480E+00-0.526967955E+00
-0.526740818E+00-0.526523291E+00-0.526315598E+00-0.526117959E+00-0.525930598E+00
-0.525753736E+00-0.525587595E+00-0.525432395E+00-0.525288359E+00-0.525155705E+00
-0.525034654E+00-0.524925425E+00-0.524828236E+00-0.524743306E+00-0.524670852E+00
-0.524611090E+00-0.524564236E+00-0.524530504E+00-0.524510109E+00-0.524503264E+00
 0.276282245E+05 0.269843338E+05 0.263405329E+05 0.256971435E+05 0.250544872E+05
 0.244128856E+05 0.237726603E+05 0.231341329E+05 0.224976250E+05 0.218634583E+05
 0.212319543E+05 0.206034347E+05 0.199782210E+05 0.193566350E+05 0.187389981E+05
 0.181256320E+05 0.175168584E+05 0.169129988E+05 0.163143749E+05 0.157213082E+05
 0.151341203E+05 0.145531330E+05 0.139786677E+05 0.134110462E+05 0.128505899E+05
 0.122976206E+05 0.117524598E+05 0.112154292E+05 0.106868503E+05 0.101670448E+05
 0.965633431E+04 0.915504040E+04 0.866348469E+04 0.818198880E+04 0.771087434E+04
 0.725046293E+04 0.680107617E+04 0.636303567E+04 0.593666306E+04 0.552227993E+04
 0.512020790E+04 0.473076859E+04 0.435428360E+04 0.399107455E+04 0.364146305E+04
 0.330577070E+04 0.298431913E+04 0.267742994E+04 0.238542474E+04 0.210862515E+04
 0.184735278E+04 0.160192924E+04 0.137267614E+04 0.115991509E+04 0.963967707E+03
 0.785155601E+03 0.623800382E+03 0.480223663E+03 0.354747055E+03 0.247692170E+03
 0.159380620E+03 0.901340163E+02 0.402739706E+02 0.101220946E+02 0.000000000E+00
-0.207477380E+00-0.207319826E+00-0.207064358E+00-0.206710976E+00-0.206259681E+00
-0.205710472E+00-0.205063349E+00-0.204318313E+00-0.203475363E+00-0.202534499E+00
-0.201495722E+00-0.200359031E+00-0.199124427E+00-0.197791909E+00-0.196361477E+00
-0.194833132E+00-0.193206873E+00-0.191482700E+00-0.189660614E+00-0.187740614E+00
-0.185722700E+00-0.183606873E+00-0.181393132E+00-0.179081478E+00-0.176671909E+00
-0.174164428E+00-0.171559032E+00-0.168855723E+00-0.166054501E+00-0.163155364E+00
-0.160158314E+00-0.157063351E+00-0.153870473E+00-0.150579682E+00-0.147190978E+00
-0.143704360E+00-0.140119828E+00-0.136437383E+00-0.132657023E+00-0.128778751E+00
-0.124802564E+00-0.120728464E+00-0.116556451E+00-0.112286523E+00-0.107918683E+00
-0.103452928E+00-0.988892598E-01-0.942276780E-01-0.894681825E-01-0.846107734E-01
-0.796554506E-01-0.746022142E-01-0.694510642E-01-0.642020005E-01-0.588550232E-01
-0.534101323E-01-0.478673277E-01-0.422266095E-01-0.364879776E-01-0.306514321E-01
-0.247169730E-01-0.186846002E-01-0.125543138E-01-0.632611370E-02 0.000000000E+00
-0.568645763E+06-0.568708426E+06-0.568487034E+06-0.567981586E+06-0.567192082E+06
-0.566118523E+06-0.564760908E+06-0.563119237E+06-0.561193511E+06-0.558983729E+06
-0.556489891E+06-0.553711998E+06-0.550650049E+06-0.547304044E+06-0.543673984E+06
-0.539759868E+06-0.535561697E+06-0.531079469E+06-0.526313186E+06-0.521262848E+06
-0.515928454E+06-0.510310004E+06-0.504407498E+06-0.498220937E+06-0.491750320E+06
-0.484995647E+06-0.477956919E+06-0.470634135E+06-0.463027296E+06-0.455136400E+06
-0.446961450E+06-0.438502443E+06-0.429759381E+06-0.420732263E+06-0.411421089E+06
-0.401825860E+06-0.391946575E+06-0.381783235E+06-0.371335839E+06-0.360604387E+06
-0.349588879E+06-0.338289316E+06-0.326705697E+06-0.314838023E+06-0.302686293E+06
-0.290250507E+06-0.277530665E+06-0.264526768E+06-0.251238815E+06-0.237666807E+06
-0.223810743E+06-0.209670623E+06-0.195246447E+06-0.180538216E+06-0.165545929E+06
-0.150269587E+06-0.134709189E+06-0.118864735E+06-0.102736226E+06-0.863236605E+05
-0.696270397E+05-0.526463633E+05-0.353816312E+05-0.178328434E+05 0.000000000E+00
-5.030700888e-05-1.123393281e-04-1.962891842e-04-2.990019273e-04-4.163891976e-04
-5.434433122e-04-6.742861063e-04-8.023626150e-04-9.110042829e-04-9.718384964e-04
-9.938999895e-04-9.686762240e-04-8.788992632e-04-7.139379155e-04-4.593567777e-04
-1.026872785e-04 3.570629806e-04 9.302782840e-04 1.610314362e-03 2.395085967e-03
 3.273307861e-03 4.219595636e-03 5.215350410e-03 6.217502079e-03 7.199337563e-03
 8.130728399e-03 8.991657618e-03 9.790388214e-03 1.052343471e-02 1.121805598e-02
 1.188333173e-02 1.253192983e-02 1.318321270e-02 1.382857557e-02 1.448841738e-02
 1.515117397e-02 1.582102254e-02 1.650268176e-02 1.717917306e-02 1.788370288e-02
 1.858410316e-02 1.929496569e-02 2.001540475e-02 2.072408804e-02 2.145453239e-02
 2.216630121e-02 2.288678178e-02 2.360279693e-02 2.430060315e-02 2.501335638e-02
 2.569387509e-02 2.638308253e-02 2.705167634e-02 2.769764986e-02 2.834633905e-02
 2.894822377e-02 2.954757618e-02 3.010509341e-02 3.061389886e-02 3.110165525e-02
 3.150679412e-02 3.188008333e-02 3.218393153e-02 3.241669813e-02 3.262892563e-02
-7.758540247e-05-1.740554047e-04-3.060672058e-04-4.701351228e-04-6.616520551e-04
-8.748570393e-04-1.102808243e-03-1.335481195e-03-1.554335775e-03-1.720832808e-03
-1.847745225e-03-1.921276165e-03-1.924392673e-03-1.849902116e-03-1.613218222e-03
-1.239306337e-03-7.181549579e-04-3.641846901e-05 8.148288327e-04 1.836544815e-03
 3.018884870e-03 4.336055368e-03 5.736639582e-03 7.142828001e-03 8.460995235e-03
 9.611022859e-03 1.056046051e-02 1.133404057e-02 1.199037210e-02 1.258906532e-02
 1.317263553e-02 1.376515129e-02 1.437768596e-02 1.501379693e-02 1.567323300e-02
 1.635404698e-02 1.705375121e-02 1.776995063e-02 1.850065094e-02 1.924409369e-02
 1.999837969e-02 2.076147746e-02 2.153129253e-02 2.230570605e-02 2.308261558e-02
 2.385993394e-02 2.463565923e-02 2.540789830e-02 2.617491944e-02 2.693519765e-02
 2.768739137e-02 2.843034025e-02 2.916291846e-02 2.988382563e-02 3.059119906e-02
 3.128199481e-02 3.195108733e-02 3.259001685e-02 3.318581282e-02 3.372080077e-02
 3.417508343e-02 3.453259112e-02 3.478749543e-02 3.494530901e-02 3.502177255e-02
-1.112263403e-04-2.503991315e-04-4.424558142e-04-6.838638225e-04-9.696944906e-04
-1.293334405e-03-1.646141492e-03-2.015689778e-03-2.378396260e-03-2.726212322e-03
-3.027427727e-03-3.260684956e-03-3.410536429e-03-3.444582660e-03-3.321002051e-03
-3.000777549e-03-2.464398736e-03-1.686217222e-03-6.415959744e-04 6.896121984e-04
 2.323032736e-03 4.265300414e-03 6.486630381e-03 8.848777053e-03 1.099528799e-02
 1.250809965e-02 1.327405962e-02 1.357850926e-02 1.378997408e-02 1.407899339e-02
 1.447593838e-02 1.496894942e-02 1.553893624e-02 1.616872981e-02 1.684480671e-02
 1.755704296e-02 1.829803194e-02 1.906238627e-02 1.984611996e-02 2.064612514e-02
 2.145975742e-02 2.228454463e-02 2.311801302e-02 2.395760982e-02 2.480070200e-02
 2.564463490e-02 2.648683601e-02 2.732494872e-02 2.815698020e-02 2.898144828e-02
 2.979751226e-02 3.060507311e-02 3.140482334e-02 3.219821307e-02 3.298725994e-02
 3.377403807e-02 3.455946626e-02 3.534053381e-02 3.610412273e-02 3.681475906e-02
 3.740108065e-02 3.777862203e-02 3.792524093e-02 3.790482265e-02 3.780200195e-02
-1.507563595e-04-3.405922413e-04-6.048024156e-04-9.407065008e-04-1.344188365e-03
-1.809235966e-03-2.327411565e-03-2.885480140e-03-3.462911703e-03-4.045981395e-03
-4.605623175e-03-5.107897960e-03-5.521303441e-03-5.800240097e-03-5.891118728e-03
-5.736583940e-03-5.280845555e-03-4.474744408e-03-3.278646451e-03-1.659970209e-03
 4.204850069e-04 3.047108136e-03 6.392433377e-03 1.100002426e-02 1.601701284e-02
 1.812933017e-02 1.728967219e-02 1.544506614e-02 1.495726208e-02 1.501210782e-02
 1.535641515e-02 1.587239809e-02 1.649679607e-02 1.719281969e-02 1.793825595e-02
 1.871955538e-02 1.952850196e-02 2.036014356e-02 2.121141074e-02 2.208015737e-02
 2.296449377e-02 2.386234705e-02 2.477121134e-02 2.568806174e-02 2.660940737e-02
 2.753145778e-02 2.845037396e-02 2.936257367e-02 3.026506194e-02 3.115576340e-02
 3.203384331e-02 3.290002092e-02 3.375690066e-02 3.460937755e-02 3.546521793e-02
 3.633598800e-02 3.723862932e-02 3.819822963e-02 3.925329419e-02 4.047341979e-02
 4.201372879e-02 4.251584974e-02 4.184958905e-02 4.115521157e-02 4.064891387e-02
-1.937920309e-04-4.396501497e-04-7.852209042e-04-1.230257001e-03-1.773349392e-03
-2.411237640e-03-3.138053579e-03-3.942653739e-03-4.807836891e-03-5.720610314e-03
-6.657226985e-03-7.577803116e-03-8.442682634e-03-9.189597663e-03-9.731057092e-03
-9.958066742e-03-9.754948196e-03-9.026791400e-03-7.726482329e-03-5.863120033e-03
-3.486254375e-03-6.627838260e-04 2.521596783e-03 5.883266529e-03 8.961691552e-03
 1.120973368e-02 1.252923309e-02 1.334432060e-02 1.404187798e-02 1.477020407e-02
 1.555161541e-02 1.637479977e-02 1.722524374e-02 1.809256664e-02 1.897124526e-02
 1.985963600e-02 2.075868411e-02 2.167070811e-02 2.259836212e-02 2.354380114e-02
 2.450805642e-02 2.549062795e-02 2.648930055e-02 2.750018422e-02 2.851796599e-02
 2.953634330e-02 3.054859069e-02 3.154819850e-02 3.252951797e-02 3.348835462e-02
 3.442247221e-02 3.533200239e-02 3.621979863e-02 3.709182820e-02 3.795777256e-02
 3.883213437e-02 3.973641069e-02 4.070349671e-02 4.178702313e-02 4.307978697e-02
 4.465971303e-02 4.519269377e-02 4.439923555e-02 4.351959708e-02 4.292131406e-02
-2.344810484e-04-5.349759761e-04-9.628314816e-04-1.522826754e-03-2.219146544e-03
-3.054132380e-03-4.027207358e-03-5.133839362e-03-6.354754291e-03-7.690702313e-03
-9.127869317e-03-1.064567304e-02-1.222311870e-02-1.381704228e-02-1.531258120e-02
-1.647596157e-02-1.695356191e-02-1.641406923e-02-1.476008326e-02-1.218923387e-02
-9.047188380e-03-5.643824969e-03-2.198665877e-03 1.124344797e-03 4.187826498e-03
 6.892694386e-03 9.207664756e-03 1.117134851e-02 1.285781045e-02 1.433904317e-02
 1.566888620e-02 1.688431871e-02 1.801194265e-02 1.907325083e-02 2.008746658e-02
 2.107256811e-02 2.204528633e-02 2.302061925e-02 2.401116734e-02 2.502645381e-02
 2.607233776e-02 2.715061756e-02 2.825891796e-02 2.939093288e-02 3.053705052e-02
 3.168532660e-02 3.282271119e-02 3.393638719e-02 3.501505370e-02 3.604999156e-02
 3.703578534e-02 3.797064087e-02 3.885631304e-02 3.969771647e-02 4.050229845e-02
 4.127917042e-02 4.203774451e-02 4.278497748e-02 4.351854658e-02 4.420848649e-02
 4.475872941e-02 4.502338355e-02 4.498355796e-02 4.476440457e-02 4.447629212e-02
-2.609941741e-04-6.008926461e-04-1.094700491e-03-1.757018201e-03-2.603070520e-03
-3.645893929e-03-4.893125883e-03-6.342236653e-03-7.979802920e-03-9.795489633e-03
-1.178073296e-02-1.394942192e-02-1.636669581e-02-1.919117568e-02-2.266656672e-02
-2.682172359e-02-3.024908069e-02-3.017875483e-02-2.628801230e-02-2.036797632e-02
-1.482403342e-02-9.909528126e-03-5.510434069e-03-1.538282689e-03 2.052015889e-03
 5.280170664e-03 8.157916240e-03 1.069967974e-02 1.292639614e-02 1.486530508e-02
 1.654873228e-02 1.801306172e-02 1.929766341e-02 2.044340950e-02 2.149089497e-02
 2.247874815e-02 2.344228839e-02 2.441250882e-02 2.541518426e-02 2.646992114e-02
 2.758913511e-02 2.877715207e-02 3.002975961e-02 3.133451502e-02 3.267195976e-02
 3.401768330e-02 3.534500726e-02 3.662794638e-02 3.784402734e-02 3.897651365e-02
 4.001564498e-02 4.095869350e-02 4.180892181e-02 4.257376654e-02 4.326264545e-02
 4.388467143e-02 4.444634099e-02 4.494911460e-02 4.538699904e-02 4.574525192e-02
 4.600317685e-02 4.614439083e-02 4.617182417e-02 4.611709190e-02 4.600501328e-02
-2.515242598e-04-5.891136598e-04-1.098262777e-03-1.812498427e-03-2.770307109e-03
-4.009539504e-03-5.559551122e-03-7.429200456e-03-9.590657314e-03-1.198213595e-02
-1.449375586e-02-1.703058732e-02-1.959956011e-02-2.245604121e-02-2.611448599e-02
-3.136992917e-02-3.686215765e-02-3.682747992e-02-3.120928348e-02-2.267268738e-02
-1.614441121e-02-1.067633311e-02-5.870686834e-03-1.531879131e-03 2.433207968e-03
 6.059775655e-03 9.348435256e-03 1.228149675e-02 1.483821292e-02 1.700960468e-02
 1.880947085e-02 2.027749071e-02 2.147373540e-02 2.246838763e-02 2.333200517e-02
 2.412957802e-02 2.491850311e-02 2.574872730e-02 2.666300082e-02 2.769581046e-02
 2.887064782e-02 3.019647423e-02 3.166501896e-02 3.325037274e-02 3.491134597e-02
 3.659606722e-02 3.824798489e-02 3.981263156e-02 4.124447847e-02 4.251265834e-02
 4.360391179e-02 4.452168321e-02 4.528180788e-02 4.590659528e-02 4.641932731e-02
 4.684036026e-02 4.718500879e-02 4.746285132e-02 4.767808648e-02 4.783079633e-02
 4.791903379e-02 4.793929495e-02 4.792159444e-02 4.785251185e-02 4.773755028e-02
-1.713418958e-04-4.183320090e-04-8.247362866e-04-1.456468369e-03-2.400241949e-03
-3.752995079e-03-5.605599806e-03-8.033137494e-03-1.108484981e-02-1.474029267e-02
-1.852536443e-02-2.143722351e-02-2.295581734e-02-2.336429038e-02-2.358447392e-02
-2.375777439e-02-2.342748037e-02-2.204333497e-02-1.940428516e-02-1.578643826e-02
-1.166748349e-02-7.390917192e-03-3.115473122e-03 1.097624271e-03 5.214440643e-03
 9.187754410e-03 1.293292528e-02 1.632095409e-02 1.920221079e-02 2.146367173e-02
 2.308693874e-02 2.416061612e-02 2.483747127e-02 2.527505578e-02 2.560088719e-02
 2.590837722e-02 2.626833088e-02 2.674286040e-02 2.739492100e-02 2.828917566e-02
 2.948181867e-02 3.100278576e-02 3.284066929e-02 3.493978804e-02 3.720948228e-02
 3.953764236e-02 4.180219986e-02 4.388271323e-02 4.567754085e-02 4.712489683e-02
 4.821622587e-02 4.899097580e-02 4.951511422e-02 4.985731476e-02 5.007424630e-02
 5.020629243e-02 5.027930315e-02 5.030825152e-02 5.030076374e-02 5.025996176e-02
 5.018664863e-02 5.008165267e-02 4.996387367e-02 4.982327669e-02 4.965101311e-02
 1.380198058e-05 5.788303637e-06-6.298120726e-05-2.825133136e-04-8.405082260e-04
-2.030472948e-03-4.031600370e-03-6.868774513e-03-1.069042429e-02-1.597271097e-02
-2.255883951e-02-2.625645816e-02-2.621499676e-02-2.259484776e-02-2.015131344e-02
-1.834916541e-02-1.664663480e-02-1.471823024e-02-1.239259859e-02-9.623189872e-03
-6.443277274e-03-2.912284693e-03 9.224023756e-04 5.039136579e-03 9.435592525e-03
 1.410114333e-02 1.894492513e-02 2.364004239e-02 2.750288934e-02 2.985200921e-02
 3.056002558e-02 3.017363109e-02 2.938349602e-02 2.859683375e-02 2.793930934e-02
 2.743600942e-02 2.708797342e-02 2.690420394e-02 2.695911482e-02 2.740189595e-02
 2.844858796e-02 3.025744110e-02 3.281797596e-02 3.596267543e-02 3.945280879e-02
 4.306964151e-02 4.659245405e-02 4.974573080e-02 5.222670177e-02 5.383590055e-02
 5.461242093e-02 5.480120551e-02 5.467751274e-02 5.442633077e-02 5.413934392e-02
 5.385500533e-02 5.358504664e-02 5.333011396e-02 5.308682138e-02 5.284998100e-02
 5.261497929e-02 5.237891722e-02 5.215217096e-02 5.192303818e-02 5.168980380e-02
 2.807185413e-04 6.425740773e-04 1.170613171e-03 1.916193264e-03 2.850719217e-03
 2.271629687e-03-2.690229025e-04-3.119615229e-03-6.238768645e-03-9.631959421e-03
-1.285369700e-02-1.502666788e-02-1.565737800e-02-1.500670536e-02-1.383448085e-02
-1.248163275e-02-1.096770813e-02-9.233446757e-03-7.216318669e-03-4.870630848e-03
-2.166544335e-03 9.210884905e-04 4.428746430e-03 8.424096563e-03 1.303531298e-02
 1.850913321e-02 2.535982773e-02 3.486922474e-02 4.405449065e-02 4.685179522e-02
 4.286780635e-02 3.670001291e-02 3.319581570e-02 3.095023197e-02 2.938699965e-02
 2.819802300e-02 2.717115019e-02 2.611802322e-02 2.484616819e-02 2.333914568e-02
 2.313172012e-02 2.542945738e-02 3.004510739e-02 3.581129791e-02 4.152320480e-02
 4.732213677e-02 5.347076430e-02 5.973485414e-02 6.428892166e-02 6.571103644e-02
 6.401425726e-02 6.185942565e-02 6.024177246e-02 5.904601888e-02 5.813183981e-02
 5.740511070e-02 5.680532679e-02 5.629256451e-02 5.584207706e-02 5.543470913e-02
 5.505990833e-02 5.471031746e-02 5.438014596e-02 5.405929009e-02 5.373661966e-02
 5.311875265e-04 1.223728558e-03 2.238156168e-03 3.625378934e-03 5.250573160e-03
 5.182655735e-03 3.005882060e-03 7.550331821e-04-1.406738136e-03-3.437342332e-03
-5.210387537e-03-6.571122884e-03-7.402825546e-03-7.691219085e-03-7.502215010e-03
-6.918933175e-03-5.998496634e-03-4.765559360e-03-3.222384351e-03-1.359016969e-03
 8.415241998e-04 3.402998383e-03 6.359387180e-03 9.760820792e-03 1.368032455e-02
 1.821462137e-02 2.344239295e-02 2.914459637e-02 3.396082248e-02 3.620372995e-02
 3.560738507e-02 3.355660884e-02 3.160371865e-02 3.009150683e-02 2.895132202e-02
 2.804762269e-02 2.722671130e-02 2.629654376e-02 2.496952674e-02 2.277693239e-02
 2.194177237e-02 2.446521118e-02 3.054287946e-02 3.747256332e-02 4.385603540e-02
 5.026385178e-02 5.726671736e-02 6.544954933e-02 7.074759228e-02 7.178798985e-02
 6.856561829e-02 6.565240506e-02 6.369788696e-02 6.228888272e-02 6.120595575e-02
 6.032983764e-02 5.959240333e-02 5.895260643e-02 5.838437672e-02 5.787028127e-02
 5.739806026e-02 5.695859180e-02 5.654460499e-02 5.615010283e-02 5.577320771e-02
 7.133082442e-04 1.631651242e-03 2.949596316e-03 4.695075145e-03 6.708136212e-03
 7.009050666e-03 5.102560595e-03 3.514879422e-03 2.037765925e-03 6.497370233e-04
-5.920469934e-04-1.615144237e-03-2.364161799e-03-2.806936613e-03-2.933818023e-03
-2.749734794e-03-2.264703981e-03-1.487284044e-03-4.219671643e-04 9.307345082e-04
 2.572982383e-03 4.507756304e-03 6.736104061e-03 9.252046353e-03 1.203231171e-02
 1.501673460e-02 1.807714724e-02 2.098829402e-02 2.344409819e-02 2.526220231e-02
 2.637592208e-02 2.688655123e-02 2.705516311e-02 2.710149785e-02 2.715993963e-02
 2.729669452e-02 2.754373220e-02 2.793498992e-02 2.855396811e-02 2.959315768e-02
 3.135033988e-02 3.406054842e-02 3.770879031e-02 4.203026015e-02 4.669193167e-02
 5.142434348e-02 5.596875721e-02 5.996652356e-02 6.298332536e-02 6.475104384e-02
 6.536673241e-02 6.521120724e-02 6.467014090e-02 6.397898467e-02 6.325091890e-02
 6.253578132e-02 6.185434294e-02 6.121399292e-02 6.061569621e-02 6.005723126e-02
 5.953481215e-02 5.904395971e-02 5.858000239e-02 5.813843808e-02 5.771816903e-02
 8.381853412e-04 1.909185589e-03 3.430923673e-03 5.421186240e-03 7.695955325e-03
 8.268772903e-03 6.739813689e-03 5.514783671e-03 4.405369897e-03 3.336760192e-03
 2.356347991e-03 1.505342695e-03 8.194198679e-04 3.264937241e-04 4.608723579e-05
-9.640447827e-06 1.660555867e-04 5.764612065e-04 1.222701881e-03 2.104139786e-03
 3.217852477e-03 4.557222172e-03 6.109579403e-03 7.852798364e-03 9.750963575e-03
 1.175003497e-02 1.377604942e-02 1.574025942e-02 1.755477823e-02 1.914729179e-02
 2.055722703e-02 2.177640579e-02 2.285091311e-02 2.386265376e-02 2.488862160e-02
 2.600070843e-02 2.726675573e-02 2.875548299e-02 3.054143599e-02 3.270307044e-02
 3.530785531e-02 3.838594671e-02 4.190429792e-02 4.575723996e-02 4.977615998e-02
 5.374799264e-02 5.743693278e-02 6.061476812e-02 6.310319381e-02 6.481720066e-02
 6.578624560e-02 6.613539659e-02 6.603452421e-02 6.564631513e-02 6.509762558e-02
 6.447485875e-02 6.383143848e-02 6.319768687e-02 6.258903147e-02 6.201179115e-02
 6.146695555e-02 6.095256053e-02 6.046514879e-02 6.000053698e-02 5.954795515e-02
 9.250971914e-04 2.102500104e-03 3.766953924e-03 5.930238918e-03 8.406682789e-03
 9.205022650e-03 7.871872422e-03 6.879623121e-03 5.968034668e-03 5.073278620e-03
 4.222920801e-03 3.445904491e-03 2.769003624e-03 2.215664381e-03 1.805418568e-03
 1.553811536e-03 1.472696381e-03 1.570641285e-03 1.853247928e-03 2.323132614e-03
 2.979554091e-03 3.817711947e-03 4.827798123e-03 5.993992018e-03 7.293752090e-03
 8.697953765e-03 1.017256661e-02 1.168220387e-02 1.319558890e-02 1.469171501e-02
 1.616272596e-02 1.761931942e-02 1.911818297e-02 2.066713358e-02 2.230670331e-02
 2.407073246e-02 2.604423493e-02 2.827627283e-02 3.082414770e-02 3.372972663e-02
 3.699558368e-02 4.064114281e-02 4.465708115e-02 4.898819983e-02 5.350822439e-02
 5.797966484e-02 6.205210541e-02 6.538487078e-02 6.776354524e-02 6.912240608e-02
 6.955658109e-02 6.932184771e-02 6.872208744e-02 6.796971262e-02 6.717751039e-02
 6.640028978e-02 6.566292354e-02 6.497466513e-02 6.433649829e-02 6.374510325e-02
 6.319507842e-02 6.268020605e-02 6.219417936e-02 6.173116548e-02 6.129191709e-02
 9.876055662e-04 2.241616793e-03 4.008735208e-03 6.295686024e-03 8.913232040e-03
 9.861429130e-03 8.668558046e-03 7.789431486e-03 6.984019366e-03 6.163181157e-03
 5.350608406e-03 4.569856475e-03 3.843285965e-03 3.191374292e-03 2.632377636e-03
 2.182247850e-03 1.854702165e-03 1.661431055e-03 1.612232515e-03 1.714706697e-03
 1.973808389e-03 2.391424566e-03 2.966004528e-03 3.692342230e-03 4.561701813e-03
 5.562583802e-03 6.682398844e-03 7.908862099e-03 9.231881811e-03 1.064562204e-02
 1.215029824e-02 1.375322820e-02 1.546942192e-02 1.732684263e-02 1.935093024e-02
 2.156490188e-02 2.401893361e-02 2.675553296e-02 2.981837399e-02 3.324670468e-02
 3.707085510e-02 4.134046805e-02 4.611815478e-02 5.148479432e-02 5.756590819e-02
 6.472214959e-02 7.127649706e-02 7.593062850e-02 7.846538733e-02 7.874494956e-02
 7.680994516e-02 7.388934463e-02 7.185238457e-02 7.028513396e-02 6.903631769e-02
 6.801449629e-02 6.715856198e-02 6.642594909e-02 6.578599897e-02 6.521594633e-02
 6.469841761e-02 6.421981742e-02 6.376923257e-02 6.333757470e-02 6.291296519e-02
 1.034880194e-03 2.347562200e-03 4.194589734e-03 6.579471713e-03 9.298316453e-03
 1.033623258e-02 9.257789815e-03 8.442509216e-03 7.655518150e-03 6.820223448e-03
 5.963039076e-03 5.106459741e-03 4.270263007e-03 3.472311713e-03 2.728968586e-03
 2.055337981e-03 1.465535310e-03 9.728036189e-04 5.926379810e-04 3.397960477e-04
 2.269255576e-04 2.644048521e-04 4.600531757e-04 8.187102111e-04 1.341604348e-03
 2.025487846e-03 2.872414476e-03 3.882998505e-03 5.057335129e-03 6.396027222e-03
 7.901696827e-03 9.580875465e-03 1.144364121e-02 1.350338998e-02 1.577697771e-02
 1.828492054e-02 2.105178988e-02 2.410614507e-02 2.748120191e-02 3.121723074e-02
 3.536634134e-02 3.999948145e-02 4.521636223e-02 5.116521019e-02 5.807500424e-02
 6.621768079e-02 7.358918505e-02 7.852305459e-02 8.104749158e-02 8.109655459e-02
 7.857462376e-02 7.509289316e-02 7.267602095e-02 7.096298922e-02 6.970185743e-02
 6.874026138e-02 6.798164114e-02 6.736231723e-02 6.683893726e-02 6.638123549e-02
 6.596766790e-02 6.558266473e-02 6.521479157e-02 6.485521526e-02 6.449576194e-02
 1.071021839e-03 2.430073049e-03 4.343852036e-03 6.819035501e-03 9.671415253e-03
 1.090469039e-02 9.986941457e-03 9.051422918e-03 8.129942574e-03 7.174587298e-03
 6.191720356e-03 5.193304485e-03 4.192096035e-03 3.201013495e-03 2.232930804e-03
 1.300680445e-03 4.171192450e-04-3.975691972e-04-1.123499683e-03-1.741200860e-03
-2.231893030e-03-2.577729877e-03-2.762041501e-03-2.769571633e-03-2.586671769e-03
-2.201348810e-03-1.602794223e-03-7.824882740e-04 2.644868390e-04 1.537304186e-03
 3.030069588e-03 4.752275339e-03 6.709771604e-03 8.906894617e-03 1.135000412e-02
 1.404712352e-02 1.700783764e-02 2.024368808e-02 2.376853060e-02 2.760026185e-02
 3.176913913e-02 3.634328020e-02 4.139332702e-02 4.693381127e-02 5.303483912e-02
 5.968530414e-02 6.581564830e-02 7.019433067e-02 7.265555708e-02 7.299152068e-02
 7.201355984e-02 7.102886115e-02 7.014154026e-02 6.942614341e-02 6.886700568e-02
 6.843007517e-02 6.808091591e-02 6.779036186e-02 6.753545740e-02 6.729889222e-02
 6.706807308e-02 6.683423798e-02 6.659176450e-02 6.633774837e-02 6.607242845e-02
 1.094382320e-03 2.483700366e-03 4.441673512e-03 6.977663783e-03 9.901880528e-03
 1.122506765e-02 1.043206972e-02 9.387625430e-03 8.325080896e-03 7.218185250e-03
 6.073231989e-03 4.895450457e-03 3.692057092e-03 2.471585979e-03 1.243432960e-03
 1.824323769e-05-1.183253539e-03-2.339050075e-03-3.426266539e-03-4.421388943e-03
-5.300517393e-03-6.039621962e-03-6.614806145e-03-7.002582821e-03-7.180169409e-03
-7.125818955e-03-6.819277613e-03-6.242437566e-03-5.380207372e-03-4.221494950e-03
-2.759996401e-03-9.947293337e-04 1.064859342e-03 3.392349115e-03 5.988256803e-03
 8.850250442e-03 1.197217929e-02 1.534703001e-02 1.896516348e-02 2.281118015e-02
 2.684625087e-02 3.118269979e-02 3.586281825e-02 4.070057516e-02 4.561059021e-02
 5.038009781e-02 5.473731090e-02 5.843962494e-02 6.134285483e-02 6.344474473e-02
 6.487993689e-02 6.584640857e-02 6.651553075e-02 6.700090600e-02 6.736821387e-02
 6.765210667e-02 6.786936849e-02 6.802747546e-02 6.812963962e-02 6.817756689e-02
 6.817284727e-02 6.811756757e-02 6.801449427e-02 6.786698709e-02 6.767729782e-02
 1.102847412e-03 2.502285553e-03 4.473113918e-03 7.022513640e-03 9.955955801e-03
 1.127489360e-02 1.045320045e-02 9.348705441e-03 8.179886397e-03 6.938640593e-03
 5.629697389e-03 4.259329338e-03 2.833989269e-03 1.360509317e-03-1.539551324e-04
-1.689666345e-03-3.224429743e-03-4.734209865e-03-6.193324420e-03-7.574684778e-03
-8.850050100e-03-9.990299565e-03-1.096572882e-02-1.174637875e-02-1.230241051e-02
-1.260454927e-02-1.262462010e-02-1.233623970e-02-1.171567318e-02-1.074289142e-02
-9.402886559e-03-7.687428386e-03-5.597273979e-03-3.144509138e-03-3.532421453e-04
 2.731166937e-03 6.069106859e-03 9.646822664e-03 1.344207906e-02 1.742905262e-02
 2.157700495e-02 2.586359037e-02 3.020846242e-02 3.475849788e-02 3.932913240e-02
 4.370789017e-02 4.780113573e-02 5.152506915e-02 5.481933724e-02 5.766166280e-02
 6.006794066e-02 6.208088350e-02 6.375421224e-02 6.513999662e-02 6.628231428e-02
 6.721601802e-02 6.796810964e-02 6.855985588e-02 6.900870762e-02 6.932970749e-02
 6.953638179e-02 6.964122867e-02 6.965593291e-02 6.959143974e-02 6.945896570e-02
 1.098185852e-03 2.490606277e-03 4.449383926e-03 6.979197082e-03 9.893059411e-03
 1.118808235e-02 1.026347846e-02 9.073938027e-03 7.793249403e-03 6.408898262e-03
 4.926581925e-03 3.351842384e-03 1.689969726e-03-5.390321972e-05-1.863622931e-03
-3.717555252e-03-5.591693111e-03-7.459732939e-03-9.293249268e-03-1.106190455e-02
-1.273369798e-02-1.427524956e-02-1.565211866e-02-1.682916033e-02-1.777092809e-02
-1.844213883e-02-1.880822657e-02-1.883601220e-02-1.849453572e-02-1.775610083e-02
-1.659759014e-02-1.500210284e-02-1.296101533e-02-1.047640554e-02-7.564055167e-03
-4.256876714e-03-6.072814885e-04 3.305670510e-03 7.419901719e-03 1.170784148e-02
 1.613719333e-02 2.067303454e-02 2.527773176e-02 2.990724274e-02 3.449814913e-02
 3.897426574e-02 4.326320856e-02 4.730285077e-02 5.104434134e-02 5.445425523e-02
 5.751500029e-02 6.022307615e-02 6.258588943e-02 6.461828424e-02 6.633967437e-02
 6.777208403e-02 6.893895434e-02 6.986440964e-02 7.057272348e-02 7.108784345e-02
 7.143293740e-02 7.162997957e-02 7.169941065e-02 7.165988498e-02 7.152775886e-02
 1.084148490e-03 2.457809127e-03 4.388436648e-03 6.878818247e-03 9.726512457e-03
 1.092322393e-02 9.954012583e-03 8.664595998e-03 7.251820343e-03 5.709235956e-03
 4.040789859e-03 2.249938505e-03 3.398264459e-04-1.678773921e-03-3.785566447e-03
-5.957438567e-03-8.168507606e-03-1.039024105e-02-1.259162094e-02-1.473936223e-02
-1.679817646e-02-1.873107475e-02-2.049970543e-02-2.206472389e-02-2.338619760e-02
-2.442405525e-02-2.513859757e-02-2.549110016e-02-2.544454754e-02-2.496455351e-02
-2.402053556e-02-2.258722579e-02-2.064658617e-02-1.819021567e-02-1.522224748e-02
-1.176283517e-02-7.852143557e-03-3.554676587e-03 1.038214762e-03 5.797872811e-03
 1.068911294e-02 1.567583894e-02 2.071860618e-02 2.577321473e-02 3.079005970e-02
 3.571511564e-02 4.049237469e-02 4.506670987e-02 4.938654038e-02 5.340617350e-02
 5.708779768e-02 6.040306634e-02 6.333419351e-02 6.587447537e-02 6.802814737e-02
 6.980951931e-02 7.124141926e-02 7.235310407e-02 7.317790308e-02 7.375090207e-02
 7.410693234e-02 7.427902815e-02 7.429740119e-02 7.418888253e-02 7.397664878e-02
 1.064202750e-03 2.411864406e-03 4.304660110e-03 6.744108040e-03 9.534338698e-03
 1.066840088e-02 9.574914960e-03 8.170307700e-03 6.613704812e-03 4.903310189e-03
 3.040616275e-03 1.026961346e-03-1.134184490e-03-3.424705482e-03-5.823186114e-03
-8.305019327e-03-1.084249819e-02-1.340495458e-02-1.595895572e-02-1.846855222e-02
-2.089557180e-02-2.319994967e-02-2.534008650e-02-2.727322597e-02-2.895584840e-02
-3.034408323e-02-3.139415246e-02-3.206286877e-02-3.230822709e-02-3.209014487e-02
-3.137142410e-02-3.011902482e-02-2.830575927e-02-2.591251617e-02-2.293113837e-02
-1.936800996e-02-1.524836026e-02-1.062122360e-02-5.565047219e-03-1.933576601e-04
 5.343805035e-03 1.097690182e-02 1.667404618e-02 2.239853437e-02 2.810786148e-02
 3.375320800e-02 3.927934857e-02 4.462518073e-02 4.972512912e-02 5.451174921e-02
 5.891973877e-02 6.289118067e-02 6.638127910e-02 6.936338123e-02 7.183199165e-02
 7.380290801e-02 7.531039016e-02 7.640210546e-02 7.713312457e-02 7.756027731e-02
 7.773777530e-02 7.771443399e-02 7.753235733e-02 7.722673026e-02 7.682723171e-02
 1.040993924e-03 2.358721158e-03 4.208516661e-03 6.590927284e-03 9.306581448e-03
 1.034680776e-02 9.153124218e-03 7.628651421e-03 5.924380751e-03 4.042878197e-03
 1.983844050e-03-2.534761931e-04-2.658050060e-03-5.210555966e-03-7.888235870e-03
-1.066489658e-02-1.351099958e-02-1.639382236e-02-1.927768435e-02-2.212423049e-02
-2.489276102e-02-2.754059347e-02-3.002344206e-02-3.229580083e-02-3.431132015e-02
-3.602317304e-02-3.738441691e-02-3.834836948e-02-3.886903336e-02-3.890162319e-02
-3.840327129e-02-3.733401208e-02-3.565816822e-02-3.334628485e-02-3.037776521e-02
-2.674436689e-02-2.245467843e-02-1.753960372e-02-1.205866396e-02-6.106813515e-03
 1.784454549e-04 6.613813468e-03 1.314295423e-02 1.974124453e-02 2.637605697e-02
 3.300414760e-02 3.956863888e-02 4.599594468e-02 5.219378714e-02 5.805226898e-02
 6.345031928e-02 6.826869158e-02 7.240772366e-02 7.580488761e-02 7.844622922e-02
 8.036773937e-02 8.164625095e-02 8.238319002e-02 8.268688738e-02 8.265867702e-02
 8.238509118e-02 8.193547785e-02 8.136302245e-02 8.070726305e-02 7.999538853e-02
 1.016474422e-03 2.302751573e-03 4.107674143e-03 6.431053624e-03 9.067123928e-03
 1.000427370e-02 8.728378750e-03 7.072441011e-03 5.221757086e-03 3.171963840e-03
 9.210255347e-04-1.530333648e-03-4.165635814e-03-6.964596676e-03-9.903170073e-03
-1.295361938e-02-1.608464932e-02-1.926160737e-02-2.244675298e-02-2.559958504e-02
-2.867721332e-02-3.163475574e-02-3.442574126e-02-3.700249899e-02-3.931651698e-02
-4.131876084e-02-4.295995175e-02-4.419081660e-02-4.496234004e-02-4.522606873e-02
-4.493454283e-02-4.404195775e-02-4.250519061e-02-4.028535729e-02-3.735009546e-02
-3.367678414e-02-2.925690596e-02-2.410171373e-02-1.824926778e-02-1.177266768e-02
-4.788849832e-03 2.532119856e-03 1.000609074e-02 1.762891836e-02 2.538957627e-02
 3.326577494e-02 4.121616714e-02 4.916857095e-02 5.700401577e-02 6.454052063e-02
 7.152962355e-02 7.768526729e-02 8.274792759e-02 8.655413823e-02 8.907889756e-02
 9.043967935e-02 9.086015736e-02 9.060336712e-02 8.990700383e-02 8.895134573e-02
 8.785873014e-02 8.670662493e-02 8.554172321e-02 8.439086811e-02 8.326944706e-02
 9.921004475e-04 2.247209330e-03 4.007814936e-03 6.273217635e-03 8.850764008e-03
 9.729609306e-03 8.300341301e-03 6.528737782e-03 4.537960887e-03 2.327750514e-03
-1.053698441e-04-2.754574615e-03-5.602247308e-03-8.626882978e-03-1.180305920e-02
-1.510150016e-02-1.848922852e-02-2.192980086e-02-2.538361821e-02-2.880829810e-02
-3.215908903e-02-3.538930447e-02-3.845075094e-02-4.129412534e-02-4.386935949e-02
-4.612589617e-02-4.801289064e-02-4.947934491e-02-5.047419894e-02-5.094642451e-02
-5.084519268e-02-5.012021669e-02-4.872240686e-02-4.660501334e-02-4.372547263e-02
-4.004821011e-02-3.554867162e-02-3.021884473e-02-2.407445478e-02-1.716386591e-02
-9.578451933e-03-1.463469678e-03 6.971520462e-03 1.566150930e-02 2.463981053e-02
 3.394059478e-02 4.359402603e-02 5.361317098e-02 6.396106096e-02 7.446694729e-02
 8.464173080e-02 9.357205317e-02 1.003759877e-01 1.045917830e-01 1.061682917e-01
 1.055034243e-01 1.034350397e-01 1.008439638e-01 9.821583364e-02 9.573679122e-02
 9.346257399e-02 9.139683192e-02 8.952321043e-02 8.781896639e-02 8.626083081e-02
 9.689977804e-04 2.194618862e-03 3.913380962e-03 6.124086573e-03 8.620232524e-03
 9.389538277e-03 7.908273478e-03 6.019855236e-03 3.899520602e-03 1.542124359e-03
-1.056836185e-03-3.884553587e-03-6.922601684e-03-1.014840500e-02-1.353527207e-02
-1.705250357e-02-2.066558594e-02-2.433647063e-02-2.802393110e-02-3.168398175e-02
-3.527033681e-02-3.873488221e-02-4.202813103e-02-4.509963284e-02-4.789831058e-02
-5.037270441e-02-5.247111208e-02-5.414162820e-02-5.533210200e-02-5.599005408e-02
-5.606261854e-02-5.549660767e-02-5.423883347e-02-5.223686265e-02-4.944042944e-02
-4.580377758e-02-4.128924162e-02-3.587239138e-02-2.954902483e-02-2.234416003e-02
-1.432289043e-02-5.602563107e-03 3.635145539e-03 1.322548748e-02 2.324687366e-02
 3.380506587e-02 4.504596678e-02 5.717593676e-02 7.049876617e-02 8.550311078e-02
 1.032118824e-01 1.186989738e-01 1.290117400e-01 1.335483073e-01 1.321204154e-01
 1.257052940e-01 1.168727953e-01 1.103598737e-01 1.052661845e-01 1.011603520e-01
 9.777505868e-02 9.492876312e-02 9.249301041e-02 9.037461468e-02 8.850420063e-02
 9.480598044e-04 2.146989226e-03 3.827926600e-03 5.989328488e-03 8.427030436e-03
 9.129686462e-03 7.552231019e-03 5.562261624e-03 3.326316096e-03 8.376398690e-04
-1.905705934e-03-4.888555362e-03-8.091511252e-03-1.149090649e-02-1.505884071e-02
-1.876330905e-02-2.256842704e-02-2.643474841e-02-3.031966501e-02-3.417787010e-02
-3.796185982e-02-4.162244243e-02-4.510922233e-02-4.837102566e-02-5.135623747e-02
-5.401302681e-02-5.628944588e-02-5.813340232e-02-5.949252108e-02-6.031393243e-02
-6.054404861e-02-6.012842208e-02-5.901181594e-02-5.713866097e-02-5.445412534e-02
-5.090607727e-02-4.644827202e-02-4.104512616e-02-3.467842661e-02-2.735621891e-02
-1.912386686e-02-1.007677452e-02-3.735190769e-04 9.753730866e-03 2.033147364e-02
 3.148275749e-02 4.338411310e-02 5.629598874e-02 7.061559293e-02 8.696937494e-02
 1.067710592e-01 1.225558370e-01 1.375599710e-01 1.404383432e-01 1.381049186e-01
 1.305437942e-01 1.202531936e-01 1.128529210e-01 1.072147847e-01 1.027831584e-01
 9.920035949e-02 9.623101269e-02 9.371560528e-02 9.154293434e-02 8.963462810e-02
 9.299929608e-04 2.105912969e-03 3.754277087e-03 5.873286179e-03 8.265569455e-03
 8.918505801e-03 7.239841936e-03 5.169772902e-03 2.835499128e-03 2.352871619e-04
-2.629002452e-03-5.741414223e-03-9.081666102e-03-1.262510748e-02-1.634276965e-02
-2.020151634e-02-2.416429790e-02-2.819050422e-02-3.223640360e-02-3.625564641e-02
-4.019980575e-02-4.401892186e-02-4.766201477e-02-5.107752915e-02-5.421367944e-02
-5.701866912e-02-5.944076885e-02-6.142825081e-02-6.292919393e-02-6.389119509e-02
-6.426104645e-02-6.398447005e-02-6.300603771e-02-6.126944989e-02-5.871840069e-02
-5.529831600e-02-5.095931260e-02-4.566077481e-02-3.937795806e-02-3.211096831e-02
-2.389627860e-02-1.482057209e-02-5.036071821e-03 5.224138028e-03 1.579670641e-02
 2.674684941e-02 3.815402376e-02 5.011092098e-02 6.271242109e-02 7.600407757e-02
 8.960868448e-02 1.014311772e-01 1.106603281e-01 1.160833857e-01 1.172626219e-01
 1.148372618e-01 1.105896878e-01 1.065629296e-01 1.030539273e-01 1.000252519e-01
 9.740058153e-02 9.510497928e-02 9.307413093e-02 9.125561260e-02 8.960628301e-02
 9.153408515e-04 2.072616059e-03 3.694608693e-03 5.779269177e-03 8.118061669e-03
 8.695554040e-03 6.999676761e-03 4.853580634e-03 2.440355383e-03-2.488425211e-04
-3.209188815e-03-6.424132040e-03-9.872683514e-03-1.352939751e-02-1.736444152e-02
-2.134377063e-02-2.542940965e-02-2.957983779e-02-3.375046162e-02-3.789415370e-02
-4.196182727e-02-4.590301192e-02-4.966639257e-02-5.320027461e-02-5.645294149e-02
-5.937287810e-02-6.190884370e-02-6.400979174e-02-6.562465085e-02-6.670200210e-02
-6.718971245e-02-6.703461506e-02-6.618236401e-02-6.457763678e-02-6.216491180e-02
-5.889011031e-02-5.470345598e-02-4.956396037e-02-4.344596378e-02-3.634811218e-02
-2.830497306e-02-1.940111177e-02-9.786791486e-03 3.065896251e-04 1.055557824e-02
 2.091518075e-02 3.136247677e-02 4.184288484e-02 5.224266747e-02 6.234945378e-02
 7.182060165e-02 8.021734874e-02 8.711959117e-02 9.223847616e-02 9.550585548e-02
 9.711678576e-02 9.747069658e-02 9.701703459e-02 9.611089005e-02 9.497725423e-02
 9.374378320e-02 9.247914404e-02 9.121884034e-02 8.998030145e-02 8.877204564e-02
 9.045008066e-04 2.047991564e-03 3.650501715e-03 5.709897830e-03 8.028501280e-03
 8.593539076e-03 6.813067067e-03 4.620713390e-03 2.150049404e-03-6.039858705e-04
-3.634138794e-03-6.923398950e-03-1.045024987e-02-1.418865604e-02-1.810814797e-02
-2.217401542e-02-2.634761183e-02-3.058676381e-02-3.484627078e-02-3.907847080e-02
-4.323384180e-02-4.726160188e-02-5.111026995e-02-5.472814857e-02-5.806369469e-02
-6.106575143e-02-6.368362467e-02-6.586700225e-02-6.756573055e-02-6.872948433e-02
-6.930739036e-02-6.924769578e-02-6.849760899e-02-6.700348556e-02-6.471158533e-02
-6.156968764e-02-5.752991484e-02-5.255316810e-02-4.661560105e-02-3.971750922e-02
-3.189484159e-02-2.323317686e-02-1.388338266e-02-4.077277885e-03 5.859222747e-03
 1.569749425e-02 2.538598914e-02 3.484691982e-02 4.397104562e-02 5.261585055e-02
 6.061218450e-02 6.778326673e-02 7.397417872e-02 7.908343773e-02 8.308602137e-02
 8.603898376e-02 8.806619999e-02 8.932793559e-02 8.998846858e-02 9.019369407e-02
 9.006195259e-02 8.968422316e-02 8.912850281e-02 8.844501109e-02 8.767111018e-02
 8.977421065e-04 2.032639635e-03 3.623006003e-03 5.666607643e-03 7.958245716e-03
 8.485297532e-03 6.701678403e-03 4.476472718e-03 1.970500451e-03-8.231897714e-04
-3.895959379e-03-7.230515660e-03-1.080500962e-02-1.459303478e-02-1.856372352e-02
-2.268195301e-02-2.690866387e-02-3.120128568e-02-3.551425337e-02-3.979959040e-02
-4.400752688e-02-4.808711566e-02-5.198680709e-02-5.565494385e-02-5.904014122e-02
-6.209152615e-02-6.475881889e-02-6.699225571e-02-6.874236798e-02-6.995965410e-02
-7.059420552e-02-7.059537809e-02-6.991163614e-02-6.849074074e-02-6.628050549e-02
-6.323040120e-02-5.929435071e-02-5.443510207e-02-4.863058100e-02-4.188256181e-02
-3.422780365e-02-2.575140400e-02-1.660145053e-02-7.003060226e-03 2.731433463e-03
 1.226165487e-02 2.153428017e-02 3.048028920e-02 3.901603787e-02 4.704676116e-02
 5.447319768e-02 6.120125685e-02 6.715344696e-02 7.227967603e-02 7.656465448e-02
 8.002979258e-02 8.272905947e-02 8.474016170e-02 8.615372003e-02 8.706322324e-02
 8.755754317e-02 8.771647789e-02 8.760885803e-02 8.729238480e-02 8.681354181e-02
 8.952324693e-04 2.026932201e-03 3.612762891e-03 5.650420693e-03 7.932138148e-03
 8.444073213e-03 6.661054974e-03 4.423183355e-03 1.905036867e-03-9.024469568e-04
-3.990101417e-03-7.340493910e-03-1.093163251e-02-1.473696251e-02-1.872546329e-02
-2.286185706e-02-2.710693195e-02-3.141797272e-02-3.574928301e-02-4.005277452e-02
-4.427859094e-02-4.837572952e-02-5.229262055e-02-5.597762609e-02-5.937942333e-02
-6.244724567e-02-6.513096577e-02-6.738101887e-02-6.914818215e-02-7.038324671e-02
-7.103664358e-02-7.105811495e-02-7.039655798e-02-6.900021168e-02-6.681740895e-02
-6.379817273e-02-5.989699272e-02-5.507716421e-02-4.931707833e-02-4.261878595e-02
-3.501895712e-02-2.660195483e-02-1.751406474e-02-7.976941246e-03 1.702886469e-03
 1.114964162e-02 2.031113685e-02 2.912276438e-02 3.750949889e-02 4.538975540e-02
 5.268119467e-02 5.930808166e-02 6.520922203e-02 7.034505844e-02 7.470243928e-02
 7.829598917e-02 8.116581792e-02 8.337221726e-02 8.498866012e-02 8.609460089e-02
 8.676928128e-02 8.708719448e-02 8.711531673e-02 8.691188105e-02 8.652754986e-02
 8.970560224e-04 2.031067480e-03 3.620151380e-03 5.662052304e-03 7.962101767e-03
 8.506846039e-03 6.683256655e-03 4.462753699e-03 1.955499394e-03-8.399954804e-04
-3.914790510e-03-7.251512503e-03-1.082824810e-02-1.461853505e-02-1.859145547e-02
-2.271184053e-02-2.694058912e-02-3.123509367e-02-3.554975716e-02-3.983657685e-02
-4.404576275e-02-4.812635373e-02-5.202679193e-02-5.569541665e-02-5.908084317e-02
-6.213219963e-02-6.479920588e-02-6.703209243e-02-6.878137492e-02-6.999752033e-02
-7.063056595e-02-7.062978214e-02-6.994350617e-02-6.851931841e-02-6.630478420e-02
-6.324904374e-02-5.930559230e-02-5.443664204e-02-4.861947133e-02-4.185510867e-02
-3.417951008e-02-2.567699792e-02-1.649506116e-02-6.858629474e-03 2.919259365e-03
 1.250132362e-02 2.183396363e-02 3.084679788e-02 3.945329690e-02 4.755406071e-02
 5.504367755e-02 6.182123915e-02 6.780312593e-02 7.293528192e-02 7.720168152e-02
 8.062644684e-02 8.326895672e-02 8.521359859e-02 8.655742760e-02 8.739904853e-02
 8.783071033e-02 8.793395102e-02 8.777806307e-02 8.742031987e-02 8.690564182e-02
 9.031894278e-04 2.045000644e-03 3.645113300e-03 5.701306569e-03 8.005136959e-03
 8.541913604e-03 6.795181609e-03 4.595594765e-03 2.121369538e-03-6.366969228e-04
-3.671151704e-03-6.964903666e-03-1.049634814e-02-1.423936018e-02-1.816338222e-02
-2.223361946e-02-2.641134638e-02-3.065431827e-02-3.491727274e-02-3.915249710e-02
-4.331043062e-02-4.734026522e-02-5.119050557e-02-5.480945054e-02-5.814556127e-02
-6.114768922e-02-6.376514757e-02-6.594762369e-02-6.764494740e-02-6.880675028e-02
-6.938207648e-02-6.931903537e-02-6.856462338e-02-6.706488720e-02-6.476565431e-02
-6.161411832e-02-5.756163115e-02-5.256810976e-02-4.660849002e-02-3.968161775e-02
-3.182180231e-02-2.311290337e-02-1.370421134e-02-3.826474054e-03 6.194990781e-03
 1.613804245e-02 2.595310350e-02 3.556232520e-02 4.485245774e-02 5.367089461e-02
 6.183143688e-02 6.913550056e-02 7.540693947e-02 8.052989686e-02 8.447670512e-02
 8.731492802e-02 8.918867408e-02 9.028106201e-02 9.077508921e-02 9.082826714e-02
 9.056412117e-02 9.007450774e-02 8.942596354e-02 8.866624593e-02 8.783034281e-02
 9.134775254e-04 2.068379273e-03 3.687010615e-03 5.767327119e-03 8.106879900e-03
 8.693489258e-03 6.965702230e-03 4.817832770e-03 2.399090321e-03-2.964903705e-04
-3.263550843e-03-6.485434591e-03-9.941039427e-03-1.360479985e-02-1.744676170e-02
-2.143276069e-02-2.552470856e-02-2.968098144e-02-3.385689617e-02-3.800525176e-02
-4.207690604e-02-4.602135236e-02-4.978725849e-02-5.332293017e-02-5.657666570e-02
-5.949697468e-02-6.203264447e-02-6.413265157e-02-6.574593200e-02-6.682104534e-02
-6.730579192e-02-6.714687318e-02-6.628972213e-02-6.467867642e-02-6.225772092e-02
-5.897208878e-02-5.477107558e-02-4.961247658e-02-4.346908191e-02-3.633761760e-02
-2.825034600e-02-1.928916267e-02-9.601359663e-03 5.847309625e-04 1.094615414e-02
 2.145230962e-02 3.209009138e-02 4.281635532e-02 5.352662879e-02 6.400409868e-02
 7.386733830e-02 8.260309630e-02 8.971812808e-02 9.486977515e-02 9.797320975e-02
 9.926322315e-02 9.922590415e-02 9.839719680e-02 9.717395528e-02 9.578645089e-02
 9.435383977e-02 9.293387836e-02 9.155232420e-02 9.021874282e-02 8.893568778e-02
 9.276369466e-04 2.100564195e-03 3.744706130e-03 5.858235029e-03 8.240946173e-03
 8.880589251e-03 7.204564280e-03 5.124587180e-03 2.782518243e-03 1.735685595e-04
-2.699875572e-03-5.821726141e-03-9.171553345e-03-1.272455139e-02-1.645159406e-02
-2.031939034e-02-2.429074351e-02-2.832490907e-02-3.237803809e-02-3.640368492e-02
-4.035335093e-02-4.417703099e-02-4.782372659e-02-5.124188985e-02-5.437976576e-02
-5.718560701e-02-5.960774546e-02-6.159451789e-02-6.309406019e-02-6.405400505e-02
-6.442114272e-02-6.414113536e-02-6.315841253e-02-6.141642071e-02-5.885845329e-02
-5.542934830e-02-5.107840224e-02-4.576389904e-02-3.945966757e-02-3.216402384e-02
-2.391126923e-02-1.478553331e-02-4.936140121e-03 5.407378240e-03 1.608615710e-02
 2.717734343e-02 3.877891679e-02 5.101448689e-02 6.403540258e-02 7.801337092e-02
 9.290051704e-02 1.054755737e-01 1.155187189e-01 1.210618529e-01 1.216935642e-01
 1.181805660e-01 1.126562529e-01 1.079521252e-01 1.040213084e-01 1.007085393e-01
 9.788417238e-02 9.544381661e-02 9.330543584e-02 9.140537365e-02 8.969269967e-02
 9.452546785e-04 2.140625945e-03 3.816553387e-03 5.971453286e-03 8.397509818e-03
 9.080372314e-03 7.507962309e-03 5.508190706e-03 3.262412186e-03 7.627311526e-04
-1.992193818e-03-4.986994070e-03-8.202075798e-03-1.161357514e-02-1.519339616e-02
-1.890934308e-02-2.272534999e-02-2.660180420e-02-3.049595173e-02-3.436236573e-02
-3.815345229e-02-4.181996285e-02-4.531147984e-02-4.857684232e-02-5.156448132e-02
-5.422264123e-02-5.649947324e-02-5.834300011e-02-5.970096830e-02-6.052062419e-02
-6.074847655e-02-6.033013789e-02-5.921037479e-02-5.733354172e-02-5.464462402e-02
-5.109117126e-02-4.662645424e-02-4.121421255e-02-3.483534807e-02-2.749681887e-02
-1.924273516e-02-1.016720114e-02-4.276026351e-04 9.743431502e-03 2.036925104e-02
 3.157680801e-02 4.354857945e-02 5.655437990e-02 7.100529198e-02 8.753706150e-02
 1.069711631e-01 1.239648715e-01 1.352878519e-01 1.402905221e-01 1.385207981e-01
 1.309241221e-01 1.208076533e-01 1.132311483e-01 1.074637171e-01 1.029397970e-01
 9.928933567e-02 9.626874849e-02 9.371340940e-02 9.150888842e-02 8.957516156e-02
 9.657751934e-04 2.187312267e-03 3.900331325e-03 6.103666484e-03 8.603101232e-03
 9.387013579e-03 7.849950132e-03 5.957400435e-03 3.825570875e-03 1.455263068e-03
-1.157855369e-03-4.000097889e-03-7.052841022e-03-1.029329657e-02-1.369455176e-02
-1.722568551e-02-2.085196986e-02-2.453515697e-02-2.823384326e-02-3.190389490e-02
-3.549891237e-02-3.897070673e-02-4.226975791e-02-4.534562538e-02-4.814728431e-02
-5.062336710e-02-5.272229954e-02-5.439233425e-02-5.558150100e-02-5.623751461e-02
-5.630770662e-02-5.573907821e-02-5.447860827e-02-5.247399380e-02-4.967504718e-02
-4.603602344e-02-4.151919095e-02-3.609997419e-02-2.977396016e-02-2.256593484e-02
-1.454085217e-02-5.816089397e-03 3.426162197e-03 1.300769930e-02 2.300134762e-02
 3.350494241e-02 4.465084384e-02 5.662139596e-02 6.967660211e-02 8.423070424e-02
 1.016443935e-01 1.175470685e-01 1.286091871e-01 1.313277344e-01 1.297322347e-01
 1.238655682e-01 1.155016551e-01 1.094371822e-01 1.046118846e-01 1.006703080e-01
 9.738831795e-02 9.460836227e-02 9.221579716e-02 9.012566026e-02 8.827316528e-02
 9.884820916e-04 2.239008194e-03 3.993175677e-03 6.250239090e-03 8.805166925e-03
 9.647217853e-03 8.247446769e-03 6.458672741e-03 4.454403297e-03 2.229313233e-03
-2.202475073e-04-2.886341530e-03-5.751125433e-03-8.792840314e-03-1.198580165e-02
-1.530047217e-02-1.870362131e-02-2.215856810e-02-2.562549936e-02-2.906184896e-02
-3.242271880e-02-3.566131799e-02-3.872939491e-02-4.157763674e-02-4.415601450e-02
-4.641405799e-02-4.830105460e-02-4.976617954e-02-5.075858209e-02-5.122747355e-02
-5.112228849e-02-5.039302094e-02-4.899087260e-02-4.686938921e-02-4.398630180e-02
-4.030632594e-02-3.580519373e-02-3.047518567e-02-2.433236602e-02-1.742555440e-02
-9.846742709e-03-1.742489523e-03 6.675579169e-03 1.532471827e-02 2.423234664e-02
 3.342338106e-02 4.291418253e-02 5.269755629e-02 6.270858793e-02 7.274941784e-02
 8.235951709e-02 9.078477544e-02 9.729624172e-02 1.014848264e-01 1.033071073e-01
 1.031076473e-01 1.015711353e-01 9.942383144e-02 9.712268453e-02 9.487818004e-02
 9.277219747e-02 9.082788625e-02 8.904254030e-02 8.740287659e-02 8.589243659e-02
 1.012470966e-03 2.293681776e-03 4.091495406e-03 6.405735396e-03 9.032553276e-03
 9.962136906e-03 8.661959568e-03 6.994640478e-03 5.129009579e-03 3.062548437e-03
 7.932035763e-04-1.677228886e-03-4.331895872e-03-7.150197379e-03-1.010778079e-02
-1.317660679e-02-1.632508543e-02-1.951828467e-02-2.271820689e-02-2.588412373e-02
-2.897295431e-02-3.193966820e-02-3.473769266e-02-3.731930447e-02-3.963598991e-02
-4.163876293e-02-4.327844147e-02-4.450589499e-02-4.527229343e-02-4.552940861e-02
-4.523004333e-02-4.432869219e-02-4.278256837e-02-4.055316284e-02-3.760852933e-02
-3.392650910e-02-2.949910274e-02-2.433814623e-02-1.848231948e-02-1.200535392e-02
-5.025101310e-03 2.288349746e-03 9.737703637e-03 1.731361937e-02 2.500111820e-02
 3.277367283e-02 4.058585993e-02 4.836296898e-02 5.598799658e-02 6.329016801e-02
 7.004567274e-02 7.600422670e-02 8.094174165e-02 8.471698311e-02 8.730717479e-02
 8.881145767e-02 8.942078550e-02 8.936383534e-02 8.885390554e-02 8.805962327e-02
 8.710072285e-02 8.605664817e-02 8.497774698e-02 8.389475199e-02 8.282683666e-02
 1.036596527e-03 2.348769508e-03 4.190792432e-03 6.563247077e-03 9.273561168e-03
 1.031249331e-02 9.083115491e-03 7.543358881e-03 5.822710172e-03 3.923209624e-03
 1.844499095e-03-4.141494805e-04-2.840219951e-03-5.414128908e-03-8.112800957e-03
-1.090971161e-02-1.377499146e-02-1.667559623e-02-1.957554159e-02-2.243619453e-02
-2.521660989e-02-2.787389793e-02-3.036360787e-02-3.264011350e-02-3.465699060e-02
-3.636738260e-02-3.772436084e-02-3.868129835e-02-3.919229273e-02-3.921269310e-02
-3.869980797e-02-3.761389484e-02-3.591955768e-02-3.358769676e-02-3.059817261e-02
-2.694332765e-02-2.263247359e-02-1.769738005e-02-1.219869813e-02-6.232829812e-03
 6.210513045e-05 6.498925493e-03 1.301180591e-02 1.957476893e-02 2.615378628e-02
 3.270495981e-02 3.917200901e-02 4.548385260e-02 5.155336969e-02 5.727899133e-02
 6.255089248e-02 6.726249365e-02 7.132562036e-02 7.468525446e-02 7.732911281e-02
 7.928882335e-02 8.063235650e-02 8.145040695e-02 8.184131282e-02 8.189877977e-02
 8.170449057e-02 8.132532074e-02 8.081366537e-02 8.020929183e-02 7.953959098e-02
 1.059359273e-03 2.400922102e-03 4.285220581e-03 6.713790209e-03 9.482622868e-03
 1.058158589e-02 9.499749832e-03 8.076667613e-03 6.502674693e-03 4.773189320e-03
 2.889652253e-03 8.532749186e-04-1.331001142e-03-3.644569111e-03-6.065621615e-03
-8.569167935e-03-1.112711982e-02-1.370843864e-02-1.627933625e-02-1.880352884e-02
-2.124253604e-02-2.355601564e-02-2.570212448e-02-2.763789718e-02-2.931963937e-02
-3.070333823e-02-3.174510286e-02-3.240165963e-02-3.263094213e-02-3.239283266e-02
-3.165013065e-02-3.036984362e-02-2.852490530e-02-2.609644255e-02-2.307668667e-02
-1.947263893e-02-1.531052516e-02-1.064091445e-02-5.543968948e-03-1.348703673e-04
 5.430905569e-03 1.107953966e-02 1.677642941e-02 2.248301365e-02 2.815616343e-02
 3.374771552e-02 3.920438282e-02 4.446822485e-02 4.947797727e-02 5.417150170e-02
 5.848944627e-02 6.237987786e-02 6.580321933e-02 6.873648359e-02 7.117575568e-02
 7.313622448e-02 7.464970177e-02 7.576023891e-02 7.651888927e-02 7.697870978e-02
 7.719078655e-02 7.720160943e-02 7.705172594e-02 7.677541544e-02 7.640239664e-02
 1.078730643e-03 2.445594080e-03 4.366800817e-03 6.845295513e-03 9.687615282e-03
 1.088881316e-02 9.867222630e-03 8.561408526e-03 7.130674983e-03 5.568247680e-03
 3.878418554e-03 2.064597099e-03 1.298825342e-04-1.913107591e-03-4.043657769e-03
-6.238230647e-03-8.470534655e-03-1.071162839e-02-1.293009309e-02-1.509225593e-02
-1.716245834e-02-1.910336238e-02-2.087628962e-02-2.244159039e-02-2.375904585e-02
-2.478831252e-02-2.548942850e-02-2.582341050e-02-2.575298467e-02-2.524350833e-02
-2.426415311e-02-2.278942434e-02-2.080111871e-02-1.829078118e-02-1.526277970e-02
-1.173790603e-02-7.757313599e-03-3.386830103e-03 1.278809208e-03 6.103431238e-03
 1.105135971e-02 1.608088742e-02 2.114731334e-02 2.620291537e-02 3.119767523e-02
 3.608006103e-02 4.079795288e-02 4.530029835e-02 4.953945506e-02 5.347366004e-02
 5.706911353e-02 6.030142844e-02 6.315640821e-02 6.563020274e-02 6.772888829e-02
 6.946749593e-02 7.086853446e-02 7.196012400e-02 7.277393596e-02 7.334317376e-02
 7.370080563e-02 7.387818791e-02 7.390412704e-02 7.380433969e-02 7.360088023e-02
 1.091961241e-03 2.476589931e-03 4.424615463e-03 6.940903350e-03 9.830927579e-03
 1.109251066e-02 1.017233642e-02 8.961429104e-03 7.659954855e-03 6.255251610e-03
 4.751411520e-03 3.153903601e-03 1.467914593e-03-3.013519865e-04-2.135463016e-03
-4.012459415e-03-5.907911276e-03-7.795082230e-03-9.645106964e-03-1.142721318e-02
-1.310897661e-02-1.465660782e-02-1.603527035e-02-1.720943415e-02-1.814327321e-02
-1.880112368e-02-1.914802531e-02-1.915038334e-02-1.877679315e-02-1.799907879e-02
-1.679361036e-02-1.514299715e-02-1.303816235e-02-1.048087338e-02-7.486531237e-03
-4.087805318e-03-3.380612423e-04 3.679428556e-03 7.906348211e-03 1.230944937e-02
 1.685163130e-02 2.148740875e-02 2.616102854e-02 3.080829299e-02 3.536971601e-02
 3.978893008e-02 4.400603268e-02 4.796326403e-02 5.161322964e-02 5.492423401e-02
 5.788167643e-02 6.048602989e-02 6.274886053e-02 6.468859336e-02 6.632718936e-02
 6.768806827e-02 6.879503130e-02 6.967175843e-02 7.034153299e-02 7.082700289e-02
 7.114991752e-02 7.133085266e-02 7.138896031e-02 7.134176515e-02 7.120477180e-02
 1.095504897e-03 2.485701224e-03 4.443706592e-03 6.976949739e-03 9.889890345e-03
 1.118330098e-02 1.034546429e-02 9.213850410e-03 8.029761215e-03 6.768342667e-03
 5.438604533e-03 4.046468705e-03 2.598101150e-03 1.100058472e-03-4.384299241e-04
-1.996672107e-03-3.551982777e-03-5.079804419e-03-6.553956017e-03-7.946870148e-03
-9.229846918e-03-1.037332368e-02-1.134716777e-02-1.212099946e-02-1.266455894e-02
-1.294813811e-02-1.294311641e-02-1.262263297e-02-1.196243663e-02-1.094195428e-02
-9.545616416e-03-7.764450493e-03-5.598375301e-03-3.058425401e-03-1.687593706e-04
 3.024267055e-03 6.486726695e-03 1.020637133e-02 1.416474525e-02 1.834083108e-02
 2.270805217e-02 2.721979827e-02 3.184859290e-02 3.636493833e-02 4.075749378e-02
 4.501977846e-02 4.902216148e-02 5.265238023e-02 5.583640593e-02 5.854908139e-02
 6.081183635e-02 6.267706636e-02 6.420779404e-02 6.546253694e-02 6.648871800e-02
 6.732219572e-02 6.798951162e-02 6.851067529e-02 6.890152062e-02 6.917537472e-02
 6.934409695e-02 6.941864487e-02 6.940932614e-02 6.932589257e-02 6.917889592e-02
 1.085776556e-03 2.464066621e-03 4.406309595e-03 6.921698733e-03 9.832716387e-03
 1.115171195e-02 1.029418013e-02 9.232354168e-03 8.148449479e-03 7.025321525e-03
 5.862729470e-03 4.665629245e-03 3.441420572e-03 2.198863105e-03 9.474728431e-04
-2.992795380e-04-1.519894155e-03-2.691817141e-03-3.791639331e-03-4.795360760e-03
-5.678633766e-03-6.417010831e-03-6.986199695e-03-7.362335990e-03-7.522280514e-03
-7.443959311e-03-7.106764620e-03-6.492175770e-03-5.584618177e-03-4.372434173e-03
-2.848753121e-03-1.012407402e-03 1.127276487e-03 3.543602113e-03 6.239920009e-03
 9.215791041e-03 1.246925638e-02 1.600052601e-02 1.981092771e-02 2.390419499e-02
 2.829190374e-02 3.288422644e-02 3.757021163e-02 4.241836087e-02 4.732217801e-02
 5.210218430e-02 5.647385978e-02 6.013819731e-02 6.291976370e-02 6.481745666e-02
 6.600357915e-02 6.672507157e-02 6.717799385e-02 6.748119342e-02 6.769811829e-02
 6.785888550e-02 6.797556018e-02 6.805147678e-02 6.808643433e-02 6.807938229e-02
 6.802968560e-02 6.793762081e-02 6.780446702e-02 6.763234094e-02 6.742177931e-02
 1.061624222e-03 2.408528950e-03 4.304654552e-03 6.755581559e-03 9.562417813e-03
 1.071786114e-02 9.739320486e-03 8.843837467e-03 7.927131072e-03 6.961573214e-03
 5.962965738e-03 4.946118807e-03 3.925144284e-03 2.913727957e-03 1.925201396e-03
 9.726050496e-04 7.192211124e-05-7.561011433e-04-1.491062099e-03-2.113092622e-03
-2.603082205e-03-2.942879181e-03-3.115523384e-03-3.105479093e-03-2.898835031e-03
-2.483381444e-03-1.848455465e-03-9.854607881e-04 1.107223690e-04 1.439524637e-03
 2.993166532e-03 4.781879061e-03 6.811981111e-03 9.088078073e-03 1.161823688e-02
 1.441272029e-02 1.748387813e-02 2.084664711e-02 2.451918152e-02 2.852312206e-02
 3.288078929e-02 3.760610396e-02 4.273664850e-02 4.836436633e-02 5.460984237e-02
 6.177139310e-02 6.849985586e-02 7.314437192e-02 7.536151661e-02 7.507706468e-02
 7.337134922e-02 7.197834465e-02 7.080419877e-02 6.988149497e-02 6.916867295e-02
 6.861382439e-02 6.817158980e-02 6.780600454e-02 6.748971819e-02 6.720244690e-02
 6.692948414e-02 6.666048935e-02 6.638860280e-02 6.610991763e-02 6.582427453e-02
 1.025451406e-03 2.326230507e-03 4.156641652e-03 6.520445570e-03 9.218673045e-03
 1.024247911e-02 9.130419344e-03 8.270487109e-03 7.460147196e-03 6.600198205e-03
 5.719213934e-03 4.839637027e-03 3.981629922e-03 3.163497395e-03 2.401956644e-03
 1.712348113e-03 1.108877282e-03 6.067588737e-04 2.228158388e-04-2.814180710e-05
-1.334416339e-04-8.262452898e-05 1.322429613e-04 5.161442648e-04 1.070515203e-03
 1.792264023e-03 2.680138445e-03 3.735068441e-03 4.957117999e-03 6.346577364e-03
 7.905489910e-03 9.640547328e-03 1.156209974e-02 1.368396102e-02 1.602319799e-02
 1.860045555e-02 2.144029066e-02 2.457060772e-02 2.802247527e-02 3.183154120e-02
 3.604239409e-02 4.071763147e-02 4.595276457e-02 5.189869645e-02 5.879317398e-02
 6.688461282e-02 7.421014885e-02 7.910503311e-02 8.160393543e-02 8.164160655e-02
 7.906259916e-02 7.547486825e-02 7.293589440e-02 7.113136730e-02 6.979725971e-02
 6.877435316e-02 6.796278606e-02 6.729719725e-02 6.673325907e-02 6.624004362e-02
 6.579548742e-02 6.538356912e-02 6.499243746e-02 6.461284995e-02 6.423562998e-02
 9.780604186e-04 2.220259350e-03 3.971361856e-03 6.238802043e-03 8.835971538e-03
 9.764206151e-03 8.532825374e-03 7.626607768e-03 6.780115562e-03 5.923508692e-03
 5.078237581e-03 4.268284426e-03 3.516519626e-03 2.843856586e-03 2.268862456e-03
 1.807674227e-03 1.474131833e-03 1.280072025e-03 1.235948769e-03 1.349925303e-03
 1.625976800e-03 2.065966707e-03 2.668198151e-03 3.427167508e-03 4.333620550e-03
 5.375203846e-03 6.538249868e-03 7.809593816e-03 9.178359073e-03 1.063806852e-02
 1.218850551e-02 1.383659968e-02 1.559670559e-02 1.749818421e-02 1.956600025e-02
 2.181935142e-02 2.431117494e-02 2.708110540e-02 3.017039564e-02 3.361377114e-02
 3.743187735e-02 4.166646532e-02 4.636781876e-02 5.159528771e-02 5.742704443e-02
 6.396335547e-02 6.988841344e-02 7.409453016e-02 7.653939579e-02 7.713730001e-02
 7.575025316e-02 7.341400720e-02 7.156498544e-02 7.008188244e-02 6.886766988e-02
 6.785439239e-02 6.699302328e-02 6.624767408e-02 6.559153754e-02 6.500412322e-02
 6.446941075e-02 6.397460190e-02 6.350924204e-02 6.306451110e-02 6.262956335e-02
 9.145358544e-04 2.078860753e-03 3.725515222e-03 5.866834191e-03 8.312402938e-03
 9.068318311e-03 7.731469892e-03 6.680597650e-03 5.723470091e-03 4.782833552e-03
 3.890766651e-03 3.077955221e-03 2.372408881e-03 1.798295480e-03 1.375351375e-03
 1.118910947e-03 1.040371167e-03 1.147788435e-03 1.446313459e-03 1.938175008e-03
 2.622211294e-03 3.493321160e-03 4.541398414e-03 5.750200396e-03 7.096495612e-03
 8.550078883e-03 1.007536154e-02 1.163508941e-02 1.319612576e-02 1.473613403e-02
 1.624645102e-02 1.773398225e-02 1.927174201e-02 2.084983318e-02 2.251331994e-02
 2.430146074e-02 2.628969164e-02 2.852799914e-02 3.106890007e-02 3.395073798e-02
 3.717856002e-02 4.076394173e-02 4.468953392e-02 4.889154119e-02 5.323896568e-02
 5.750857008e-02 6.139510410e-02 6.460129999e-02 6.693151456e-02 6.832375761e-02
 6.886106337e-02 6.875836669e-02 6.827217995e-02 6.759871418e-02 6.685524519e-02
 6.610512561e-02 6.538046247e-02 6.469573047e-02 6.405549247e-02 6.345883564e-02
 6.290196175e-02 6.237971023e-02 6.188645863e-02 6.141680200e-02 6.097182145e-02
 8.255795408e-04 1.880871206e-03 3.381008272e-03 5.344201766e-03 7.598007134e-03
 8.158377665e-03 6.548624707e-03 5.262157562e-03 4.083182911e-03 2.951878716e-03
 1.915957719e-03 1.019978410e-03 3.020710215e-04-2.089446802e-04-4.941927983e-04
-5.432089687e-04-3.513040072e-04 8.294467029e-05 7.592860783e-04 1.676245047e-03
 2.830538070e-03 4.215556568e-03 5.818874317e-03 7.618626021e-03 9.578800629e-03
 1.164431532e-02 1.373853935e-02 1.576815822e-02 1.764006524e-02 1.928189311e-02
 2.072198775e-02 2.196052755e-02 2.304685328e-02 2.406647904e-02 2.509846532e-02
 2.621402248e-02 2.747854047e-02 2.895774517e-02 3.072388281e-02 3.285486064e-02
 3.541928638e-02 3.844840686e-02 4.190883490e-02 4.569425190e-02 4.963815267e-02
 5.353407633e-02 5.715524112e-02 6.028026319e-02 6.273279569e-02 6.442634157e-02
 6.538787145e-02 6.573938695e-02 6.564682394e-02 6.526892523e-02 6.472971014e-02
 6.411414356e-02 6.347528216e-02 6.284370597e-02 6.223538432e-02 6.165724910e-02
 6.111085627e-02 6.059470318e-02 6.010566880e-02 5.963977330e-02 5.918536864e-02
 6.977577006e-04 1.596616566e-03 2.887721418e-03 4.599690307e-03 6.562177967e-03
 6.794711745e-03 4.854534983e-03 3.173640498e-03 1.589331381e-03 1.051375052e-04
-1.220064390e-03-2.304738276e-03-3.086962798e-03-3.534501422e-03-3.643246575e-03
-3.425744608e-03-2.898545132e-03-2.074367090e-03-9.596943061e-04 4.444325159e-04
 2.140532686e-03 4.132586627e-03 6.423332420e-03 9.009371759e-03 1.187095210e-02
 1.495146934e-02 1.812287499e-02 2.114980856e-02 2.370571593e-02 2.557369485e-02
 2.668439927e-02 2.716658216e-02 2.730428541e-02 2.733075429e-02 2.738153439e-02
 2.751783650e-02 2.776400726e-02 2.814448695e-02 2.873297559e-02 2.972049276e-02
 3.142245385e-02 3.409929856e-02 3.773615318e-02 4.204654744e-02 4.668967340e-02
 5.140879335e-02 5.596066489e-02 5.997974470e-02 6.299323019e-02 6.469927264e-02
 6.521044509e-02 6.495311026e-02 6.433956542e-02 6.360477663e-02 6.285270287e-02
 6.212513626e-02 6.143763064e-02 6.079459795e-02 6.019547539e-02 5.963736392e-02
 5.911624012e-02 5.862755204e-02 5.816655435e-02 5.772862894e-02 5.731323274e-02
 5.121866620e-04 1.180169447e-03 2.159594198e-03 3.502186459e-03 5.077106642e-03
 4.961477529e-03 2.726216916e-03 3.196570873e-04-2.014663630e-03-4.238378231e-03
-6.184556102e-03-7.651437778e-03-8.498764004e-03-8.727468594e-03-8.443281024e-03
-7.761649949e-03-6.752878657e-03-5.442629279e-03-3.830069140e-03-1.902021025e-03
 3.607159941e-04 2.983375013e-03 6.001584746e-03 9.468777220e-03 1.346565957e-02
 1.810724194e-02 2.351614609e-02 2.955108180e-02 3.470438070e-02 3.702256547e-02
 3.620900038e-02 3.388176967e-02 3.181055616e-02 3.027008146e-02 2.914354859e-02
 2.827497265e-02 2.750116612e-02 2.662162903e-02 2.532577479e-02 2.288355976e-02
 2.175433204e-02 2.422449983e-02 3.068841396e-02 3.767436848e-02 4.396456129e-02
 5.028922035e-02 5.729395829e-02 6.631640415e-02 7.171978603e-02 7.253296618e-02
 6.842604852e-02 6.529592026e-02 6.326431138e-02 6.182310673e-02 6.072521440e-02
 5.984188083e-02 5.910113040e-02 5.846025505e-02 5.789258073e-02 5.738067074e-02
 5.691259313e-02 5.647952427e-02 5.607395384e-02 5.568904476e-02 5.532148173e-02
 2.606097203e-04 5.947435103e-04 1.078732441e-03 1.755890969e-03 2.593482248e-03
 1.961650705e-03-6.543746952e-04-3.625986541e-03-6.992923745e-03-1.083221524e-02
-1.463970421e-02-1.713835758e-02-1.757095249e-02-1.643326823e-02-1.492161667e-02
-1.338237533e-02-1.175680710e-02-9.942929306e-03-7.856917102e-03-5.444799413e-03
-2.676197969e-03 4.707447003e-04 4.027871847e-03 8.057603068e-03 1.268087319e-02
 1.812964426e-02 2.487480316e-02 3.405631592e-02 4.294213869e-02 4.571608006e-02
 4.207541528e-02 3.633115578e-02 3.303879245e-02 3.092467183e-02 2.946763218e-02
 2.838146023e-02 2.747008335e-02 2.656710429e-02 2.552557050e-02 2.441172130e-02
 2.444986904e-02 2.668310001e-02 3.094963888e-02 3.626338667e-02 4.165241686e-02
 4.715704667e-02 5.294368353e-02 5.869203992e-02 6.293116563e-02 6.428369695e-02
 6.297802549e-02 6.108230015e-02 5.957354039e-02 5.842851307e-02 5.753840344e-02
 5.682391920e-02 5.623069711e-02 5.571956615e-02 5.527212133e-02 5.486518837e-02
 5.449481691e-02 5.415653898e-02 5.384760107e-02 5.354703364e-02 5.324322744e-02
-1.214995506e-07-2.715418116e-05-1.255189555e-04-3.883310300e-04-1.000265470e-03
-2.217680202e-03-4.215752096e-03-7.056433074e-03-1.089324483e-02-1.620744322e-02
-2.289970328e-02-2.666213648e-02-2.679941882e-02-2.306060147e-02-2.070216870e-02
-1.898286949e-02-1.733739248e-02-1.542082746e-02-1.305632552e-02-1.021083541e-02
-6.941539651e-03-3.329691068e-03 5.630722934e-04 4.706465587e-03 9.090708220e-03
 1.369551722e-02 1.842042083e-02 2.295166025e-02 2.668073990e-02 2.902730347e-02
 2.987709232e-02 2.970355413e-02 2.910564894e-02 2.847491000e-02 2.794361531e-02
 2.755104731e-02 2.730964518e-02 2.723148999e-02 2.739154445e-02 2.791985126e-02
 2.900215659e-02 3.077276929e-02 3.321962872e-02 3.619834101e-02 3.949637465e-02
 4.291161896e-02 4.623363086e-02 4.920582255e-02 5.155574290e-02 5.310438526e-02
 5.388471005e-02 5.410984793e-02 5.402544204e-02 5.380448323e-02 5.353710345e-02
 5.326414751e-02 5.299967253e-02 5.274622343e-02 5.250185953e-02 5.226210133e-02
 5.202284024e-02 5.178433298e-02 5.157610864e-02 5.137373371e-02 5.116414266e-02
-1.743802144e-04-4.244902497e-04-8.333994462e-04-1.463840773e-03-2.396640059e-03
-3.719991251e-03-5.513492764e-03-7.835094279e-03-1.069797328e-02-1.402409369e-02
-1.740609486e-02-2.016785739e-02-2.190462654e-02-2.286679640e-02-2.362531704e-02
-2.427863746e-02-2.431367596e-02-2.305850254e-02-2.029108684e-02-1.641381344e-02
-1.205973297e-02-7.625000897e-03-3.259468826e-03 9.931018767e-04 5.111782985e-03
 9.059026981e-03 1.276046058e-02 1.610131915e-02 1.894980040e-02 2.120808508e-02
 2.286245733e-02 2.399417010e-02 2.474302593e-02 2.525564428e-02 2.565352008e-02
 2.602767049e-02 2.644774813e-02 2.697398694e-02 2.766551034e-02 2.858106252e-02
 2.977030271e-02 3.125871940e-02 3.303481265e-02 3.504746341e-02 3.721366706e-02
 3.943019379e-02 4.158418003e-02 4.356433444e-02 4.527691639e-02 4.666460765e-02
 4.771829867e-02 4.847253705e-02 4.898670211e-02 4.932378747e-02 4.953677112e-02
 4.966412962e-02 4.973094888e-02 4.975201726e-02 4.973498719e-02 4.968300496e-02
 4.959672154e-02 4.947407215e-02 4.937431967e-02 4.925851654e-02 4.910789011e-02
-2.456920459e-04-5.747535893e-04-1.069618270e-03-1.761185050e-03-2.684298699e-03
-3.872245188e-03-5.349233550e-03-7.119489305e-03-9.157568037e-03-1.140996416e-02
-1.379578379e-02-1.625633405e-02-1.883782419e-02-2.179728690e-02-2.569142486e-02
-3.168068087e-02-3.812523243e-02-3.820997355e-02-3.203845448e-02-2.266785967e-02
-1.589873054e-02-1.036335908e-02-5.547303449e-03-1.222850692e-03 2.713867106e-03
 6.303140500e-03 9.549952280e-03 1.244172188e-02 1.496321821e-02 1.711007179e-02
 1.889844613e-02 2.036766513e-02 2.157533375e-02 2.258820779e-02 2.347340985e-02
 2.429288556e-02 2.510131857e-02 2.594603966e-02 2.686713426e-02 2.789648037e-02
 2.905539975e-02 3.035164999e-02 3.177714996e-02 3.330769467e-02 3.490509285e-02
 3.652132445e-02 3.810402389e-02 3.960270414e-02 4.097506028e-02 4.219221318e-02
 4.324142312e-02 4.412533136e-02 4.485811760e-02 4.546015536e-02 4.595295748e-02
 4.635550500e-02 4.668217043e-02 4.694195148e-02 4.713869784e-02 4.727220043e-02
 4.734008224e-02 4.733931118e-02 4.732989197e-02 4.728172713e-02 4.719016547e-02
-2.502593609e-04-5.757389249e-04-1.047747750e-03-1.679353813e-03-2.483945180e-03
-3.472647462e-03-4.651618394e-03-6.018704878e-03-7.558586894e-03-9.266137130e-03
-1.113399675e-02-1.317398425e-02-1.543716762e-02-1.803526848e-02-2.108969973e-02
-2.447669672e-02-2.699788927e-02-2.679875397e-02-2.356263732e-02-1.857701659e-02
-1.353233217e-02-8.878607503e-03-4.630960140e-03-7.585826662e-04 2.754830117e-03
 5.913885921e-03 8.723789687e-03 1.119839248e-02 1.336136907e-02 1.524344418e-02
 1.687944169e-02 1.830661831e-02 1.956373174e-02 2.069002776e-02 2.172394577e-02
 2.270178409e-02 2.365656458e-02 2.461712371e-02 2.560729618e-02 2.664505590e-02
 2.774161318e-02 2.890064110e-02 3.011791511e-02 3.138163252e-02 3.267354509e-02
 3.397085872e-02 3.524869888e-02 3.648283219e-02 3.765226070e-02 3.874127497e-02
 3.974060836e-02 4.064751080e-02 4.146481312e-02 4.219926714e-02 4.285951553e-02
 4.345394662e-02 4.398850055e-02 4.446436531e-02 4.487569028e-02 4.520837397e-02
 4.544269416e-02 4.556417560e-02 4.557697623e-02 4.553667849e-02 4.545778362e-02
-2.218945319e-04-5.059716522e-04-9.098975023e-04-1.437631104e-03-2.092422063e-03
-2.875659470e-03-3.785823987e-03-4.816267121e-03-5.952742892e-03-7.189002620e-03
-8.510672518e-03-9.893477477e-03-1.130952342e-02-1.270618862e-02-1.396802782e-02
-1.488703572e-02-1.517392707e-02-1.456837290e-02-1.298932747e-02-1.058048561e-02
-7.610952021e-03-4.344189773e-03-9.903593633e-04 2.272709236e-03 5.281792433e-03
 7.913963591e-03 1.013032245e-02 1.197972905e-02 1.355273418e-02 1.493270441e-02
 1.617762223e-02 1.732414842e-02 1.839669540e-02 1.941404541e-02 2.039273976e-02
 2.134829362e-02 2.229524990e-02 2.324670826e-02 2.421366972e-02 2.520437280e-02
 2.622372848e-02 2.727294318e-02 2.834941121e-02 2.944693835e-02 3.055631749e-02
 3.166622408e-02 3.276434465e-02 3.383860924e-02 3.487837502e-02 3.587541229e-02
 3.682457717e-02 3.772411373e-02 3.857559698e-02 3.938357965e-02 4.015501009e-02
 4.089840775e-02 4.162253942e-02 4.233372086e-02 4.302924476e-02 4.368038352e-02
 4.419814574e-02 4.444782245e-02 4.441151207e-02 4.421272184e-02 4.394977342e-02
-1.811844951e-04-4.108282813e-04-7.331784178e-04-1.147564157e-03-1.652093468e-03
-2.242999524e-03-2.913908232e-03-3.653359243e-03-4.444260122e-03-5.272380080e-03
-6.112764552e-03-6.928412053e-03-7.678035832e-03-8.301756254e-03-8.718918555e-03
-8.832182671e-03-8.540308997e-03-7.759684768e-03-6.444580663e-03-4.592869423e-03
-2.232591431e-03 5.981398911e-04 3.849265514e-03 7.367124340e-03 1.059071614e-02
 1.279577459e-02 1.387949823e-02 1.440976561e-02 1.489280847e-02 1.546935856e-02
 1.614031028e-02 1.687985965e-02 1.766481364e-02 1.847940153e-02 1.931448629e-02
 2.016580767e-02 2.103230015e-02 2.191468138e-02 2.281431795e-02 2.373234497e-02
 2.466902039e-02 2.562330525e-02 2.659266637e-02 2.757309569e-02 2.855933089e-02
 2.954524714e-02 3.052437481e-02 3.149048596e-02 3.243818948e-02 3.336348123e-02
 3.426421488e-02 3.514048936e-02 3.599498972e-02 3.683337029e-02 3.766484322e-02
 3.850326122e-02 3.936924286e-02 4.029449754e-02 4.133114989e-02 4.257522425e-02
 4.418095781e-02 4.471527808e-02 4.380869122e-02 4.298873555e-02 4.242568118e-02
-1.391044807e-04-3.140779299e-04-5.572248884e-04-8.656854444e-04-1.235149350e-03
-1.659418828e-03-2.129979828e-03-2.635200115e-03-3.150107191e-03-3.666033281e-03
-4.152825229e-03-4.577653000e-03-4.911596930e-03-5.110951688e-03-5.125771156e-03
-4.903247336e-03-4.392188498e-03-3.546601350e-03-2.327361501e-03-6.991783283e-04
 1.382434868e-03 4.000431991e-03 7.332460541e-03 1.186698132e-02 1.668809403e-02
 1.877195068e-02 1.807740012e-02 1.622102591e-02 1.563498609e-02 1.561052805e-02
 1.588781300e-02 1.634649399e-02 1.692145675e-02 1.757443000e-02 1.828195469e-02
 1.902939667e-02 1.980757747e-02 2.061068819e-02 2.143490644e-02 2.227744338e-02
 2.313588561e-02 2.400776084e-02 2.489028689e-02 2.578027641e-02 2.667417377e-02
 2.756819953e-02 2.845857601e-02 2.934180538e-02 3.021497366e-02 3.107605853e-02
 3.192422943e-02 3.276014335e-02 3.358626093e-02 3.440723663e-02 3.523047950e-02
 3.606704868e-02 3.693316319e-02 3.785280261e-02 3.886226543e-02 4.001916717e-02
 4.157628101e-02 4.207955344e-02 4.134916533e-02 4.069031391e-02 4.021352880e-02
-1.009744449e-04-2.271435437e-04-4.009058492e-04-6.187049258e-04-8.756145095e-04
-1.165076213e-03-1.478487443e-03-1.802718746e-03-2.118210006e-03-2.409600386e-03
-2.655260394e-03-2.835041037e-03-2.929308584e-03-2.910283481e-03-2.737679372e-03
-2.370763723e-03-1.798859477e-03-9.962133252e-04 6.046401903e-05 1.389021609e-03
 3.000890689e-03 4.895971428e-03 7.030780772e-03 9.261500524e-03 1.127708642e-02
 1.274006600e-02 1.355774268e-02 1.394384543e-02 1.420423274e-02 1.450494419e-02
 1.489191300e-02 1.536449887e-02 1.590967095e-02 1.651333321e-02 1.716345748e-02
 1.785057106e-02 1.856744732e-02 1.930860494e-02 2.006981195e-02 2.084765660e-02
 2.163920473e-02 2.244174944e-02 2.325264945e-02 2.406924759e-02 2.488885911e-02
 2.570881773e-02 2.652656637e-02 2.733977761e-02 2.814648890e-02 2.894523785e-02
 2.973518336e-02 3.051619849e-02 3.128891602e-02 3.205469371e-02 3.281542865e-02
 3.357305974e-02 3.432839178e-02 3.507842535e-02 3.581051510e-02 3.649107126e-02
 3.705339460e-02 3.741785422e-02 3.756299822e-02 3.755018543e-02 3.745952397e-02
-6.885477683e-05-1.542935190e-04-2.708637536e-04-4.151331348e-04-5.825837817e-04
-7.675976221e-04-9.635182720e-04-1.161030689e-03-1.339786430e-03-1.467624172e-03
-1.553151961e-03-1.584017290e-03-1.543240715e-03-1.416350670e-03-1.151924145e-03
-7.537386316e-04-2.124283420e-04 4.834792152e-04 1.340790041e-03 2.358789589e-03
 3.526035987e-03 4.815418462e-03 6.177653067e-03 7.540716449e-03 8.820573484e-03
 9.946498416e-03 1.088870771e-02 1.166623017e-02 1.232881097e-02 1.292988500e-02
 1.350994004e-02 1.409362547e-02 1.469349269e-02 1.531456525e-02 1.595777056e-02
 1.662198972e-02 1.730524556e-02 1.800529488e-02 1.871989927e-02 1.944691339e-02
 2.018420062e-02 2.092965883e-02 2.168119119e-02 2.243670090e-02 2.319412197e-02
 2.395140184e-02 2.470658270e-02 2.545781140e-02 2.620339613e-02 2.694184936e-02
 2.767185834e-02 2.839229214e-02 2.910205073e-02 2.979987323e-02 3.048396280e-02
 3.115139750e-02 3.179727984e-02 3.241355354e-02 3.298791337e-02 3.350364079e-02
 3.394194712e-02 3.428766520e-02 3.453535466e-02 3.469053788e-02 3.476949051e-02
-4.304208642e-05-9.592017334e-05-1.670995807e-04-2.535071595e-04-3.511638044e-04
-4.552002751e-04-5.599527129e-04-6.598700040e-04-7.352801343e-04-7.729737150e-04
-7.614738650e-04-7.095808287e-04-5.847784865e-04-3.911968763e-04-1.132029622e-04
 2.675972943e-04 7.365854959e-04 1.328020298e-03 2.012046255e-03 2.796298327e-03
 3.670842363e-03 4.597459577e-03 5.585860038e-03 6.566932577e-03 7.533768333e-03
 8.452572778e-03 9.296294513e-03 1.009577350e-02 1.081800113e-02 1.151201844e-02
 1.217141770e-02 1.280767811e-02 1.345611768e-02 1.408380135e-02 1.473983212e-02
 1.539066174e-02 1.604833059e-02 1.672675007e-02 1.739007659e-02 1.809090166e-02
 1.877783099e-02 1.947564548e-02 2.018318364e-02 2.087169395e-02 2.159152342e-02
 2.228487597e-02 2.298983829e-02 2.368876229e-02 2.436594444e-02 2.506342677e-02
 2.572363932e-02 2.639591947e-02 2.704556803e-02 2.767182409e-02 2.830241680e-02
 2.888516274e-02 2.946701323e-02 3.000692490e-02 3.049970709e-02 3.097136734e-02
 3.136429753e-02 3.172481208e-02 3.201782617e-02 3.224258040e-02 3.243889892e-02
 0.151464911E+01 0.153060268E+01 0.154520852E+01 0.156038460E+01 0.157591530E+01
 0.159179841E+01 0.160805168E+01 0.162469863E+01 0.164177784E+01 0.165932622E+01
 0.167737504E+01 0.169597174E+01 0.171516451E+01 0.173498523E+01 0.175547538E+01
 0.177669989E+01 0.179871253E+01 0.182155719E+01 0.184527647E+01 0.186994075E+01
 0.189562757E+01 0.192240261E+01 0.195032676E+01 0.197946212E+01 0.200990174E+01
 0.204175151E+01 0.207510335E+01 0.211005562E+01 0.214670848E+01 0.218517379E+01
 0.222560577E+01 0.226815842E+01 0.231298640E+01 0.236025318E+01 0.241014021E+01
 0.246285864E+01 0.251866730E+01 0.257783034E+01 0.264063731E+01 0.270741173E+01
 0.277851115E+01 0.285434476E+01 0.293540344E+01 0.302223645E+01 0.311545430E+01
 0.321575554E+01 0.332395583E+01 0.344101173E+01 0.356803576E+01 0.370634374E+01
 0.385751134E+01 0.402341756E+01 0.420633484E+01 0.440905735E+01 0.463509203E+01
 0.488890323E+01 0.517633919E+01 0.550518236E+01 0.588583265E+01 0.633336612E+01
 0.687107235E+01 0.753858816E+01 0.841364339E+01 0.970365337E+01 0.166099177E+02
  361   98
 0.576189444E+00 0.119369199E+01 0.569740158E+00 0.117969924E+01 0.563287492E+00
 0.116570805E+01 0.556846122E+00 0.115171165E+01 0.550419116E+00 0.113770865E+01
 0.544011457E+00 0.112369679E+01 0.537630916E+00 0.110967256E+01 0.531289042E+00
 0.109563081E+01 0.524997784E+00 0.108156631E+01 0.518764885E+00 0.106747585E+01
 0.512595641E+00 0.105335741E+01 0.506495243E+00 0.103920908E+01 0.500470429E+00
 0.102502841E+01 0.494527481E+00 0.101081323E+01 0.488670019E+00 0.996562624E+00
 0.482899401E+00 0.982276626E+00 0.477216486E+00 0.967955514E+00 0.471623403E+00
 0.953599083E+00 0.466122810E+00 0.939206961E+00 0.460715841E+00 0.924779405E+00
 0.455401404E+00 0.910317508E+00 0.450177461E+00 0.895822676E+00 0.445043836E+00
 0.881295611E+00 0.440003125E+00 0.866736046E+00 0.435057301E+00 0.852143977E+00
 0.430206419E+00 0.837520070E+00 0.425449157E+00 0.822865441E+00 0.420784632E+00
 0.808181030E+00 0.416214986E+00 0.793466819E+00 0.411743586E+00 0.778722458E+00
 0.407373336E+00 0.763947801E+00 0.403106166E+00 0.749143044E+00 0.398942213E+00
 0.734308925E+00 0.394880459E+00 0.719446498E+00 0.390920224E+00 0.704556698E+00
 0.387061826E+00 0.689640185E+00 0.383306360E+00 0.674697426E+00 0.379654844E+00
 0.659728926E+00 0.376107876E+00 0.644735308E+00 0.372665550E+00 0.629717320E+00
 0.369327459E+00 0.614675820E+00 0.366092500E+00 0.599611801E+00 0.362959040E+00
 0.584526343E+00 0.359925815E+00 0.569420410E+00 0.356992086E+00 0.554294840E+00
 0.354157492E+00 0.539150378E+00 0.351421615E+00 0.523987771E+00 0.348783965E+00
 0.508807768E+00 0.346244052E+00 0.493611106E+00 0.343801324E+00 0.478398520E+00
 0.341454536E+00 0.463170838E+00 0.339201044E+00 0.447929068E+00 0.337038172E+00
 0.432674175E+00 0.334963579E+00 0.417407024E+00 0.332975450E+00 0.402128373E+00
 0.331072925E+00 0.386838826E+00 0.329255711E+00 0.371538905E+00 0.327523375E+00
 0.356229141E+00 0.325875184E+00 0.340910089E+00 0.324309990E+00 0.325582335E+00
 0.322826385E+00 0.310246468E+00 0.321423286E+00 0.294903025E+00 0.320099954E+00
 0.279552497E+00 0.318855882E+00 0.264195342E+00 0.317690176E+00 0.248832039E+00
 0.316601708E+00 0.233463071E+00 0.315589437E+00 0.218088895E+00 0.314652429E+00
 0.202709949E+00 0.313789647E+00 0.187326659E+00 0.312999743E+00 0.171939455E+00
 0.312281482E+00 0.156548740E+00 0.311633819E+00 0.141154892E+00 0.311055949E+00
 0.125758266E+00 0.310547654E+00 0.110359186E+00 0.310109026E+00 0.949579642E-01
 0.309740231E+00 0.795549121E-01 0.309441509E+00 0.641503417E-01 0.309212684E+00
 0.487445743E-01 0.309052847E+00 0.333379365E-01 0.308961201E+00 0.179307418E-01
 0.308937114E+00 0.252329330E-02 0.308980133E+00-0.128841141E-01 0.309090162E+00
-0.282911887E-01 0.309267328E+00-0.436976374E-01 0.309511885E+00-0.591031637E-01
 0.309824236E+00-0.745074644E-01 0.310204890E+00-0.899102284E-01 0.310654448E+00
-0.105311135E+00 0.311173674E+00-0.120709850E+00 0.311763502E+00-0.136106022E+00
 0.312424877E+00-0.151499287E+00 0.313158128E+00-0.166889295E+00 0.313963435E+00
-0.182275701E+00 0.314841101E+00-0.197658148E+00 0.315791603E+00-0.213036267E+00
 0.316815956E+00-0.228409643E+00 0.317915740E+00-0.243777806E+00 0.319092683E+00
-0.259140252E+00 0.320348567E+00-0.274496445E+00 0.321684935E+00-0.289845843E+00
 0.323102392E+00-0.305187965E+00 0.324601436E+00-0.320522331E+00 0.326182790E+00
-0.335848426E+00 0.327847448E+00-0.351165697E+00 0.329596354E+00-0.366473577E+00
 0.331430287E+00-0.381771503E+00 0.333350155E+00-0.397058882E+00 0.335357098E+00
-0.412335072E+00 0.337452639E+00-0.427599361E+00 0.339638665E+00-0.442850953E+00
 0.341917216E+00-0.458088995E+00 0.344290486E+00-0.473312572E+00 0.346760838E+00
-0.488520697E+00 0.349330006E+00-0.503712439E+00 0.351998885E+00-0.518886981E+00
 0.354768213E+00-0.534043513E+00 0.357638563E+00-0.549181238E+00 0.360610397E+00
-0.564299367E+00 0.363684373E+00-0.579397058E+00 0.366861717E+00-0.594473333E+00
 0.370144323E+00-0.609527038E+00 0.373534529E+00-0.624556875E+00 0.377034099E+00
-0.639561624E+00 0.380643417E+00-0.654540352E+00 0.384362175E+00-0.669492286E+00
 0.388189488E+00-0.684416802E+00 0.392124224E+00-0.699313358E+00 0.396165955E+00
-0.714181240E+00 0.400315636E+00-0.729019355E+00 0.404574966E+00-0.743826365E+00
 0.408945586E+00-0.758600908E+00 0.413428150E+00-0.773341872E+00 0.418021424E+00
-0.788048717E+00 0.422723656E+00-0.802721089E+00 0.427533403E+00-0.817358569E+00
 0.432450952E+00-0.831960185E+00 0.437478261E+00-0.846524373E+00 0.442617168E+00
-0.861049559E+00 0.447867989E+00-0.875534665E+00 0.453229445E+00-0.889979187E+00
 0.458700430E+00-0.904382580E+00 0.464285315E+00-0.918742188E+00 0.469991198E+00
-0.933054143E+00 0.475823824E+00-0.947314911E+00 0.481786548E+00-0.961521773E+00
 0.487882116E+00-0.975672141E+00 0.494119303E+00-0.989760650E+00 0.500511769E+00
-0.100377937E+01 0.507074010E+00-0.101771941E+01 0.513820869E+00-0.103157103E+01
 0.520771876E+00-0.104532130E+01 0.527963180E+00-0.105894736E+01 0.535451345E+00
-0.107241243E+01 0.543318036E+00-0.108565966E+01 0.551683989E+00-0.109859683E+01
 0.560740502E+00-0.111105897E+01 0.570797972E+00-0.112272449E+01 0.582296686E+00
-0.113296118E+01 0.595582041E+00-0.114071046E+01 0.610344184E+00-0.114501041E+01
 0.625698942E+00-0.114604356E+01 0.641049997E+00-0.114481247E+01 0.656230061E+00
-0.114219067E+01 0.671238785E+00-0.113871286E+01 0.686109182E+00-0.113468213E+01
 0.700872251E+00-0.113027367E+01 0.715550587E+00-0.112559044E+01 0.730160011E+00
-0.112069633E+01 0.744710387E+00-0.111562928E+01 0.759207755E+00-0.111041247E+01
 0.773655922E+00-0.110506087E+01 0.788059486E+00-0.109959034E+01 0.802418210E+00
-0.109400319E+01 0.816722599E+00-0.108827842E+01 0.830960502E+00-0.108239029E+01
 0.845120434E+00-0.107631711E+01 0.859190358E+00-0.107003827E+01 0.873158288E+00
-0.106353574E+01 0.887012883E+00-0.105679515E+01 0.900744390E+00-0.104980724E+01
 0.914345171E+00-0.104256820E+01 0.927811861E+00-0.103508264E+01 0.941144898E+00
-0.102736152E+01 0.954336100E+00-0.101940056E+01 0.967363435E+00-0.101117427E+01
 0.980206091E+00-0.100266259E+01 0.992851301E+00-0.993860262E+00 0.100529221E+01
-0.984771450E+00 0.101753195E+01-0.975413434E+00 0.102958654E+01-0.965817999E+00
 0.104147068E+01-0.956012233E+00 0.105317485E+01-0.945992375E+00 0.106467950E+01
-0.935744082E+00 0.107597264E+01-0.925263166E+00 0.108705563E+01-0.914560250E+00
 0.109793874E+01-0.903654105E+00 0.110863471E+01-0.892564337E+00 0.111914908E+01
-0.881302248E+00 0.112947055E+01-0.869863137E+00 0.113958040E+01-0.858236615E+00
 0.114946846E+01-0.846420878E+00 0.115913639E+01-0.834424353E+00 0.116858910E+01
-0.822257508E+00 0.117782197E+01-0.809923033E+00 0.118681485E+01-0.797412543E+00
 0.119554595E+01-0.784718000E+00 0.120400795E+01-0.771842510E+00 0.121220782E+01
-0.758798487E+00 0.122014906E+01-0.745595430E+00 0.122780847E+01-0.732226956E+00
 0.123516127E+01-0.718687449E+00 0.124219679E+01-0.704980402E+00 0.124891455E+01
-0.691114843E+00 0.125531085E+01-0.677098100E+00 0.126137934E+01-0.662936357E+00
 0.126711965E+01-0.648638425E+00 0.127253992E+01-0.634216104E+00 0.127765204E+01
-0.619681682E+00 0.128246420E+01-0.605045192E+00 0.128698433E+01-0.590315883E+00
 0.129122587E+01-0.575503919E+00 0.129520880E+01-0.560620302E+00 0.129895803E+01
-0.545676069E+00 0.130250049E+01-0.530681451E+00 0.130586159E+01-0.515645120E+00
 0.130906348E+01-0.500574066E+00 0.131212738E+01-0.485474341E+00 0.131507495E+01
-0.470351465E+00 0.131792926E+01-0.455210697E+00 0.132071464E+01-0.440057091E+00
 0.132345639E+01-0.424895524E+00 0.132618061E+01-0.409730796E+00 0.132891081E+01
-0.394567143E+00 0.133166282E+01-0.379407435E+00 0.133445138E+01-0.364254409E+00
 0.133729066E+01-0.349110811E+00 0.134019333E+01-0.333979235E+00 0.134315938E+01
-0.318859954E+00 0.134618048E+01-0.303751575E+00 0.134924873E+01-0.288652698E+00
 0.135235701E+01-0.273562010E+00 0.135549821E+01-0.258478138E+00 0.135866299E+01
-0.243399195E+00 0.136183997E+01-0.228322819E+00 0.136501454E+01-0.213245933E+00
 0.136816616E+01-0.198164238E+00 0.137126617E+01-0.183071856E+00 0.137428038E+01
-0.167962120E+00 0.137717191E+01-0.152828449E+00 0.137990177E+01-0.137664814E+00
 0.138243231E+01-0.122466675E+00 0.138473693E+01-0.107232665E+00 0.138679089E+01
-0.919628697E-01 0.138856822E+01-0.766584427E-01 0.139004243E+01-0.613218859E-01
 0.139119277E+01-0.459576634E-01 0.139200565E+01-0.305719145E-01 0.139246992E+01
-0.151717188E-01 0.139257707E+01 0.235089215E-03 0.139232359E+01 0.156401877E-01
 0.139171655E+01 0.310354248E-01 0.139076766E+01 0.464133971E-01 0.138949096E+01
 0.617676526E-01 0.138790263E+01 0.770928302E-01 0.138602585E+01 0.923854012E-01
 0.138388885E+01 0.107643816E+00 0.138151871E+01 0.122867789E+00 0.137894083E+01
 0.138057988E+00 0.137618246E+01 0.153216478E+00 0.137328212E+01 0.168348475E+00
 0.137027923E+01 0.183460475E+00 0.136721091E+01 0.198559337E+00 0.136411118E+01
 0.213651786E+00 0.136100678E+01 0.228743276E+00 0.135791485E+01 0.243837323E+00
 0.135484742E+01 0.258936369E+00 0.135181391E+01 0.274042264E+00 0.134882195E+01
 0.289156443E+00 0.134587635E+01 0.304279725E+00 0.134298189E+01 0.319412876E+00
 0.134014421E+01 0.334556775E+00 0.133736941E+01 0.349712320E+00 0.133465477E+01
 0.364878760E+00 0.133198577E+01 0.380053301E+00 0.132934689E+01 0.395233112E+00
 0.132672216E+01 0.410415376E+00 0.132409422E+01 0.425597085E+00 0.132143760E+01
 0.440773799E+00 0.131872406E+01 0.455940429E+00 0.131592564E+01 0.471091617E+00
 0.131301488E+01 0.486221612E+00 0.130996660E+01 0.501324483E+00 0.130675903E+01
 0.516394313E+00 0.130337161E+01 0.531424720E+00 0.129978366E+01 0.546408500E+00
 0.129597131E+01 0.561336733E+00 0.129190774E+01 0.576198516E+00 0.128756750E+01
 0.590981832E+00 0.128293020E+01 0.605674643E+00 0.127798273E+01 0.620265919E+00
 0.127271856E+01 0.634745938E+00 0.126713219E+01 0.649104712E+00 0.126121475E+01
 0.663330229E+00 0.125496158E+01 0.677411387E+00 0.124837687E+01 0.691340610E+00
 0.124147010E+01 0.705112983E+00 0.123424665E+01 0.718721938E+00 0.122670989E+01
 0.732159919E+00 0.121887573E+01 0.745426757E+00 0.121077535E+01 0.758532813E+00
 0.120243535E+01 0.771487717E+00 0.119385245E+01 0.784282966E+00 0.118502025E+01
 0.796907416E+00 0.117594631E+01 0.809359274E+00 0.116665293E+01 0.821648261E+00
 0.115716218E+01 0.833785492E+00 0.114748118E+01 0.845771514E+00 0.113760415E+01
 0.857596511E+00 0.112752582E+01 0.869250411E+00 0.111725232E+01 0.880732641E+00
 0.110679877E+01 0.892051233E+00 0.109617584E+01 0.903211006E+00 0.108537849E+01
 0.914202087E+00 0.107439195E+01 0.925004013E+00 0.106320235E+01 0.935595416E+00
 0.105180566E+01 0.945963660E+00 0.104021345E+01 0.956112854E+00 0.102844540E+01
 0.966057672E+00 0.101650949E+01 0.975800347E+00 0.100438869E+01 0.985311938E+00
 0.992066136E+00 0.994560590E+00 0.979538874E+00 0.100353000E+01 0.966813802E+00
 0.101221651E+01 0.953904454E+00 0.102062677E+01 0.940833338E+00 0.102878343E+01
 0.927623545E+00 0.103671359E+01 0.914280992E+00 0.104441826E+01 0.900803386E+00
 0.105188414E+01 0.887194476E+00 0.105910792E+01 0.873463853E+00 0.106609763E+01
 0.859623399E+00 0.107286730E+01 0.845686654E+00 0.107943651E+01 0.831668454E+00
 0.108583013E+01 0.817585022E+00 0.109207880E+01 0.803451954E+00 0.109821444E+01
 0.789282184E+00 0.110426485E+01 0.775084930E+00 0.111025051E+01 0.760864912E+00
 0.111618189E+01 0.746624716E+00 0.112206466E+01 0.732368879E+00 0.112790944E+01
 0.718102585E+00 0.113372865E+01 0.703831323E+00 0.113953567E+01 0.689560604E+00
 0.114534402E+01 0.675296245E+00 0.115116797E+01 0.661044473E+00 0.115702264E+01
 0.646811985E+00 0.116292403E+01 0.632608024E+00 0.116889374E+01 0.618440756E+00
 0.117494999E+01 0.604314532E+00 0.118110137E+01 0.590228298E+00 0.118734377E+01
 0.576189444E+00 0.119369199E+01
 0.156441580E+01 0.156423520E+01 0.173298350E+01 0.167901950E+01 0.134847970E+01
 0.206041340E+01 0.108819530E+01 0.205946000E+01 0.902253030E+00 0.187565310E+01
 0.903668760E+00 0.187424170E+01 0.533866470E+00 0.150285580E+01 0.538010660E+00
 0.149874330E+01 0.332797140E+00 0.129708960E+01 0.332797140E+00 0.109400000E+01
 0.334795920E+00 0.109400000E+01 0.303115250E+00 0.847500000E+00 0.305114030E+00
 0.847500000E+00 0.269135950E+00 0.565000000E+00 0.271134730E+00 0.565000000E+00
 0.260841000E+00 0.495257700E+00 0.260841000E+00-0.507257700E+00 0.271134730E+00
-0.576999960E+00 0.269135950E+00-0.576999960E+00 0.305114030E+00-0.859500000E+00
 0.303115250E+00-0.859500000E+00 0.334795920E+00-0.110600010E+01 0.332797140E+00
-0.110600010E+01 0.332797140E+00-0.130908970E+01 0.538598100E+00-0.150990190E+01
 0.534468950E+00-0.151402960E+01 0.905629600E+00-0.188405800E+01 0.904219000E+00
-0.188547470E+01 0.108819530E+01-0.206614000E+01 0.134847970E+01-0.206518650E+01
 0.173017910E+01-0.168098580E+01 0.156441580E+01-0.156883530E+01 0.137999130E+01
-0.157688300E+01 0.137989190E+01-0.157672700E+01 0.119622210E+01-0.158474990E+01
 0.119631650E+01-0.158489800E+01 0.105537410E+01-0.159104840E+01 0.105528350E+01
-0.159090630E+01 0.947502500E+00-0.159561420E+01 0.905686400E+00-0.159556230E+01
 0.899143000E+00-0.159478470E+01 0.883387860E+00-0.159026430E+01 0.867681200E+00
-0.158087360E+01 0.851322350E+00-0.156766880E+01 0.833481900E+00-0.154624210E+01
 0.826062560E+00-0.152875240E+01 0.822677700E+00-0.151516830E+01 0.821022750E+00
-0.149624060E+01 0.820691350E+00-0.147724350E+01 0.822887360E+00-0.144582030E+01
 0.827573000E+00-0.141923050E+01 0.839194600E+00-0.138728100E+01 0.855244300E+00
-0.135284130E+01 0.877566500E+00-0.132209860E+01 0.899473500E+00-0.130017830E+01
 0.118567730E+01-0.101380000E+01 0.127900000E+01-0.842300000E+00 0.129600000E+01
-0.820200000E+00 0.143300000E+01-0.820200000E+00 0.143300000E+01-0.711000000E+00
 0.149000000E+01-0.491000000E+00 0.146000000E+01-0.491000000E+00 0.146000000E+01
-0.233000000E+00 0.166100000E+01-0.233000000E+00 0.166100000E+01 0.226000000E+00
 0.146000000E+01 0.226000000E+00 0.146000000E+01 0.481000000E+00 0.149300000E+01
 0.481000000E+00 0.147400000E+01 0.554000000E+00 0.143300000E+01 0.711000000E+00
 0.143300000E+01 0.815600000E+00 0.129600000E+01 0.815600000E+00 0.127900000E+01
 0.837699950E+00 0.118567730E+01 0.100920000E+01 0.899473500E+00 0.129557820E+01
 0.877566500E+00 0.131749860E+01 0.855244300E+00 0.134824120E+01 0.839194600E+00
 0.138268090E+01 0.827573000E+00 0.141463040E+01 0.822887360E+00 0.144122030E+01
 0.820691350E+00 0.147264350E+01 0.821022750E+00 0.149164060E+01 0.822677700E+00
 0.151056830E+01 0.826062560E+00 0.152415240E+01 0.833481900E+00 0.154164210E+01
 0.851322350E+00 0.156306870E+01 0.867681200E+00 0.157627360E+01 0.883387860E+00
 0.158566430E+01 0.899143000E+00 0.159018470E+01 0.905686400E+00 0.159096230E+01
 0.947502500E+00 0.159101410E+01 0.105528350E+01 0.158630620E+01 0.105537410E+01
 0.158644830E+01 0.119631650E+01 0.158029800E+01 0.119622210E+01 0.158014990E+01
 0.137989190E+01 0.157212700E+01 0.137999130E+01 0.157228290E+01 0.156441580E+01
 0.156423520E+01
    0
