EFIT++      MAST # 47052 # 660ms                   0  65  65
 0.194000000E+01 0.440000000E+01 0.800000000E+00 0.600000000E-01 0.000000000E+00
 0.981188445E+00 0.191582658E-02-0.701720946E-01 0.231510338E-02-0.654872825E+00
 0.743993625E+06-0.701720946E-01 0.000000000E+00 0.981188445E+00 0.000000000E+00
 0.191582658E-02 0.000000000E+00 0.231510338E-02 0.000000000E+00 0.000000000E+00
-0.543568168E+00-0.543081968E+00-0.542597659E+00-0.542115416E+00-0.541635416E+00
-0.541157835E+00-0.540682853E+00-0.540210648E+00-0.539741398E+00-0.539275284E+00
-0.538812486E+00-0.538353184E+00-0.537897561E+00-0.537445797E+00-0.536998075E+00
-0.536554579E+00-0.536115491E+00-0.535680997E+00-0.535251279E+00-0.534826524E+00
-0.534406916E+00-0.533992641E+00-0.533583886E+00-0.533180837E+00-0.532783682E+00
-0.532392607E+00-0.532007800E+00-0.531629450E+00-0.531257744E+00-0.530892872E+00
-0.530535023E+00-0.530184385E+00-0.529841147E+00-0.529505500E+00-0.529177634E+00
-0.528857737E+00-0.528546000E+00-0.528242613E+00-0.527947766E+00-0.527661649E+00
-0.527384452E+00-0.527116365E+00-0.526857578E+00-0.526608281E+00-0.526368664E+00
-0.526138916E+00-0.525919226E+00-0.525709783E+00-0.525510777E+00-0.525322395E+00
-0.525144826E+00-0.524978257E+00-0.524822875E+00-0.524678868E+00-0.524546420E+00
-0.524425719E+00-0.524316948E+00-0.524220293E+00-0.524135937E+00-0.524064062E+00
-0.524004851E+00-0.523958486E+00-0.523925146E+00-0.523905011E+00-0.523898260E+00
 0.274807481E+05 0.268396423E+05 0.261986669E+05 0.255581408E+05 0.249183831E+05
 0.242797125E+05 0.236424480E+05 0.230069085E+05 0.223734129E+05 0.217422802E+05
 0.211138291E+05 0.204883787E+05 0.198662479E+05 0.192477555E+05 0.186332205E+05
 0.180229617E+05 0.174172981E+05 0.168165487E+05 0.162210322E+05 0.156310676E+05
 0.150469739E+05 0.144690699E+05 0.138976745E+05 0.133331067E+05 0.127756853E+05
 0.122257293E+05 0.116835575E+05 0.111494890E+05 0.106238425E+05 0.101069371E+05
 0.959909150E+04 0.910062477E+04 0.861185576E+04 0.813310339E+04 0.766468657E+04
 0.720692421E+04 0.676013521E+04 0.632463848E+04 0.590075294E+04 0.548879748E+04
 0.508909103E+04 0.470195249E+04 0.432770077E+04 0.396665477E+04 0.361913341E+04
 0.328545560E+04 0.296594024E+04 0.266090625E+04 0.237067253E+04 0.209555799E+04
 0.183588155E+04 0.159196210E+04 0.136411857E+04 0.115266985E+04 0.957934865E+03
 0.780232513E+03 0.619881707E+03 0.477201356E+03 0.352510369E+03 0.246127655E+03
 0.158372123E+03 0.895626830E+02 0.400182430E+02 0.100577122E+02 0.000000000E+00
-0.233764223E+00-0.232691039E+00-0.231535969E+00-0.230299015E+00-0.228980176E+00
-0.227579451E+00-0.226096841E+00-0.224532346E+00-0.222885966E+00-0.221157701E+00
-0.219347551E+00-0.217455516E+00-0.215481595E+00-0.213425789E+00-0.211288098E+00
-0.209068522E+00-0.206767061E+00-0.204383715E+00-0.201918484E+00-0.199371367E+00
-0.196742365E+00-0.194031478E+00-0.191238706E+00-0.188364049E+00-0.185407507E+00
-0.182369080E+00-0.179248767E+00-0.176046569E+00-0.172762487E+00-0.169396519E+00
-0.165948665E+00-0.162418927E+00-0.158807304E+00-0.155113795E+00-0.151338402E+00
-0.147481123E+00-0.143541959E+00-0.139520910E+00-0.135417975E+00-0.131233156E+00
-0.126966451E+00-0.122617862E+00-0.118187387E+00-0.113675027E+00-0.109080782E+00
-0.104404652E+00-0.996466362E-01-0.948067357E-01-0.898849500E-01-0.848812792E-01
-0.797957232E-01-0.746282821E-01-0.693789559E-01-0.640477445E-01-0.586346480E-01
-0.531396663E-01-0.475627995E-01-0.419040476E-01-0.361634105E-01-0.303408883E-01
-0.244364809E-01-0.184501884E-01-0.123820107E-01-0.623194794E-02 0.000000000E+00
-0.566005413E+06-0.566031016E+06-0.565775049E+06-0.565237514E+06-0.564418408E+06
-0.563317734E+06-0.561935489E+06-0.560271676E+06-0.558326293E+06-0.556099340E+06
-0.553590818E+06-0.550800727E+06-0.547729066E+06-0.544375836E+06-0.540741036E+06
-0.536824667E+06-0.532626728E+06-0.528147220E+06-0.523386142E+06-0.518343495E+06
-0.513019279E+06-0.507413493E+06-0.501526138E+06-0.495357213E+06-0.488906719E+06
-0.482174655E+06-0.475161022E+06-0.467865819E+06-0.460289047E+06-0.452430706E+06
-0.444290795E+06-0.435869314E+06-0.427166264E+06-0.418181645E+06-0.408915456E+06
-0.399367698E+06-0.389538370E+06-0.379427473E+06-0.369035007E+06-0.358360971E+06
-0.347405365E+06-0.336168190E+06-0.324649446E+06-0.312849132E+06-0.300767249E+06
-0.288403796E+06-0.275758774E+06-0.262832183E+06-0.249624022E+06-0.236134291E+06
-0.222362991E+06-0.208310122E+06-0.193975683E+06-0.179359675E+06-0.164462097E+06
-0.149282950E+06-0.133822233E+06-0.118079947E+06-0.102056092E+06-0.857506666E+05
-0.691636722E+05-0.522951083E+05-0.351449750E+05-0.177132722E+05 0.000000000E+00
-4.386747045e-05-9.777570399e-05-1.703698985e-04-2.585291822e-04-3.581837368e-04
-4.642815956e-04-5.706749210e-04-6.696773849e-04-7.452571243e-04-7.737418990e-04
-7.590353407e-04-6.932336046e-04-5.610413432e-04-3.501652736e-04-4.587733333e-05
 3.631277558e-04 8.790208763e-04 1.508809188e-03 2.247689160e-03 3.091647132e-03
 4.028227997e-03 5.032956082e-03 6.082206158e-03 7.134838873e-03 8.159629907e-03
 9.126019354e-03 1.001506916e-02 1.083159508e-02 1.157821987e-02 1.227921109e-02
 1.294787948e-02 1.359857839e-02 1.424810471e-02 1.489434114e-02 1.555179187e-02
 1.621420574e-02 1.688427050e-02 1.756409948e-02 1.824246130e-02 1.894827230e-02
 1.965392743e-02 2.037116305e-02 2.109891543e-02 2.181910944e-02 2.255940957e-02
 2.328583012e-02 2.402092961e-02 2.475344532e-02 2.547163438e-02 2.620283645e-02
 2.690738248e-02 2.761899871e-02 2.831277191e-02 2.898640091e-02 2.966016920e-02
 3.029166490e-02 3.091630530e-02 3.149942451e-02 3.203302331e-02 3.253771445e-02
 3.295988615e-02 3.334018694e-02 3.364654881e-02 3.387785292e-02 3.407700489e-02
-7.045245313e-05-1.579539413e-04-2.774939436e-04-4.257083071e-04-5.981657811e-04
-7.893777617e-04-9.928656131e-04-1.198908413e-03-1.387684917e-03-1.513697119e-03
-1.597969990e-03-1.627501636e-03-1.585850115e-03-1.470331430e-03-1.172916032e-03
-7.343843195e-04-1.471049531e-04 6.023781773e-04 1.523363433e-03 2.616873855e-03
 3.872828763e-03 5.264578454e-03 6.737651461e-03 8.209677842e-03 9.581743717e-03
 1.076941096e-02 1.173899235e-02 1.251763919e-02 1.316855884e-02 1.375597386e-02
 1.432581333e-02 1.490425675e-02 1.550354171e-02 1.612781448e-02 1.677708813e-02
 1.744951699e-02 1.814264836e-02 1.885413716e-02 1.958211261e-02 2.032495890e-02
 2.108085828e-02 2.184780749e-02 2.262372426e-02 2.340650455e-02 2.419406652e-02
 2.498435556e-02 2.577540872e-02 2.656538058e-02 2.735259236e-02 2.813557108e-02
 2.891302415e-02 2.968381893e-02 3.044682157e-02 3.120065212e-02 3.194324151e-02
 3.267112356e-02 3.337839551e-02 3.405528799e-02 3.468679840e-02 3.525246859e-02
 3.572929162e-02 3.609876888e-02 3.635444526e-02 3.650337685e-02 3.656413296e-02
-1.031839756e-04-2.322667657e-04-4.103314915e-04-6.340146537e-04-8.986069063e-04
-1.197763830e-03-1.523159586e-03-1.862306721e-03-2.189050977e-03-2.498385668e-03
-2.754585772e-03-2.937141090e-03-3.034854677e-03-3.014533681e-03-2.830859710e-03
-2.442451308e-03-1.833876768e-03-9.800195765e-04 1.447005027e-04 1.561789062e-03
 3.288757427e-03 5.334318230e-03 7.667581485e-03 1.014227201e-02 1.237951258e-02
 1.393607680e-02 1.469363788e-02 1.495538049e-02 1.511589450e-02 1.535780228e-02
 1.571428446e-02 1.617331160e-02 1.671496749e-02 1.732125704e-02 1.797798086e-02
 1.867450136e-02 1.940304096e-02 2.015795983e-02 2.093511292e-02 2.173130020e-02
 2.254382819e-02 2.337020333e-02 2.420795145e-02 2.505453855e-02 2.590736985e-02
 2.676384955e-02 2.762148647e-02 2.847803042e-02 2.933162370e-02 3.018095236e-02
 3.102538213e-02 3.186506355e-02 3.270098468e-02 3.353493359e-02 3.436928812e-02
 3.520644522e-02 3.604745647e-02 3.688887437e-02 3.771563611e-02 3.848673016e-02
 3.911912355e-02 3.951507828e-02 3.964935656e-02 3.959487847e-02 3.944955726e-02
-1.414780267e-04-3.196915221e-04-5.678129914e-04-8.833699990e-04-1.262492711e-03
-1.699436883e-03-2.186031675e-03-2.708745089e-03-3.245602109e-03-3.784716155e-03
-4.295482884e-03-4.742897710e-03-5.097874620e-03-5.314924779e-03-5.340175117e-03
-5.116044063e-03-4.586608367e-03-3.702285967e-03-2.422308508e-03-7.119354749e-04
 1.472297921e-03 4.225940122e-03 7.732844134e-03 1.256873529e-02 1.781914104e-02
 1.998835553e-02 1.903437171e-02 1.699202110e-02 1.638377926e-02 1.635668840e-02
 1.664006423e-02 1.710854092e-02 1.769486452e-02 1.835990579e-02 1.907998831e-02
 1.984061072e-02 2.063292577e-02 2.145156227e-02 2.229317711e-02 2.315545228e-02
 2.403639831e-02 2.493389454e-02 2.584542647e-02 2.676799228e-02 2.769815271e-02
 2.863219761e-02 2.956640007e-02 3.049732787e-02 3.142218350e-02 3.233915029e-02
 3.324773337e-02 3.414910150e-02 3.504645997e-02 3.594551831e-02 3.685516647e-02
 3.778855534e-02 3.876492550e-02 3.981284530e-02 4.097663158e-02 4.234245799e-02
 4.401086075e-02 4.453886781e-02 4.381777790e-02 4.299583127e-02 4.239091913e-02
-1.828257657e-04-4.149845479e-04-7.416562887e-04-1.162891007e-03-1.677621346e-03
-2.282946275e-03-2.973330671e-03-3.737309908e-03-4.556650299e-03-5.419944006e-03
-6.303525151e-03-7.164888075e-03-7.966512639e-03-8.646903341e-03-9.118835489e-03
-9.273806539e-03-8.996723090e-03-8.192957903e-03-6.814903587e-03-4.870090220e-03
-2.405358032e-03 5.154645570e-04 3.807567919e-03 7.280365042e-03 1.044644592e-02
 1.272657033e-02 1.401968716e-02 1.477535862e-02 1.540903002e-02 1.607949218e-02
 1.681102007e-02 1.759170658e-02 1.840598829e-02 1.924254057e-02 2.009510547e-02
 2.096149980e-02 2.184228756e-02 2.273952871e-02 2.365571217e-02 2.459289755e-02
 2.555207238e-02 2.653273087e-02 2.753268060e-02 2.854807720e-02 2.957367443e-02
 3.060325887e-02 3.163022131e-02 3.264820321e-02 3.365175320e-02 3.463693660e-02
 3.560186208e-02 3.654712421e-02 3.747620603e-02 3.839594576e-02 3.931725555e-02
 4.025642450e-02 4.123763063e-02 4.229796003e-02 4.349786985e-02 4.493803343e-02
 4.664870357e-02 4.721642964e-02 4.639608819e-02 4.535707180e-02 4.465316498e-02
-2.211471881e-04-5.050652852e-04-9.101953989e-04-1.441800371e-03-2.104611609e-03
-2.901535409e-03-3.832560501e-03-4.893599790e-03-6.062427896e-03-7.343620934e-03
-8.723146568e-03-1.017809953e-02-1.168753376e-02-1.320971743e-02-1.462959405e-02
-1.571490448e-02-1.611618321e-02-1.550634026e-02-1.378934995e-02-1.116099094e-02
-7.963898754e-03-4.506325134e-03-1.008917690e-03 2.360378676e-03 5.458417064e-03
 8.181235517e-03 1.049633663e-02 1.244530831e-02 1.410737050e-02 1.555937415e-02
 1.685857973e-02 1.804400183e-02 1.914333396e-02 2.017861561e-02 2.116933419e-02
 2.213360031e-02 2.308822622e-02 2.404827972e-02 2.502643593e-02 2.603230114e-02
 2.707182313e-02 2.814688955e-02 2.925521073e-02 3.039056085e-02 3.154340452e-02
 3.270187456e-02 3.385300557e-02 3.498408047e-02 3.608392271e-02 3.714397146e-02
 3.815901441e-02 3.912751769e-02 4.005156749e-02 4.093649427e-02 4.179025337e-02
 4.262254281e-02 4.344336306e-02 4.425999848e-02 4.506931725e-02 4.583641117e-02
 4.644878996e-02 4.673598593e-02 4.667716098e-02 4.641380700e-02 4.607831655e-02
-2.441601045e-04-5.632830918e-04-1.028888431e-03-1.656427757e-03-2.462069645e-03
-3.459790666e-03-4.658063765e-03-6.054436211e-03-7.634843446e-03-9.390748382e-03
-1.131406146e-02-1.341769832e-02-1.576479232e-02-1.851617118e-02-2.191597449e-02
-2.594890592e-02-2.926999475e-02-2.913099264e-02-2.521176296e-02-1.928446036e-02
-1.372938442e-02-8.798503540e-03-4.380943141e-03-3.915458615e-04 3.211897655e-03
 6.447022690e-03 9.324607383e-03 1.185928274e-02 1.407306337e-02 1.599469092e-02
 1.765801455e-02 1.910073197e-02 2.036324677e-02 2.148721034e-02 2.251380520e-02
 2.348212013e-02 2.442785893e-02 2.538235631e-02 2.637170159e-02 2.741579010e-02
 2.852729296e-02 2.971074707e-02 3.096209859e-02 3.226901043e-02 3.361208442e-02
 3.496693859e-02 3.630690604e-02 3.760600734e-02 3.884177537e-02 3.999748039e-02
 4.106336469e-02 4.203668946e-02 4.292067618e-02 4.372266027e-02 4.445184333e-02
 4.511690889e-02 4.572354269e-02 4.627174560e-02 4.675306097e-02 4.714901872e-02
 4.743427729e-02 4.758879545e-02 4.761679897e-02 4.756093781e-02 4.744565767e-02
-2.291833382e-04-5.394470679e-04-1.011992113e-03-1.681952738e-03-2.589592536e-03
-3.774430632e-03-5.267131956e-03-7.076916291e-03-9.174756132e-03-1.150149804e-02
-1.394829185e-02-1.642135866e-02-1.892184702e-02-2.171019663e-02-2.529782170e-02
-3.042541712e-02-3.579720254e-02-3.570250615e-02-3.008456242e-02-2.158009161e-02
-1.506346335e-02-9.597466373e-03-4.789613277e-03-4.475718344e-04 3.519590589e-03
 7.145631096e-03 1.043034110e-02 1.335575995e-02 1.590131411e-02 1.805849833e-02
 1.984173266e-02 2.129134590e-02 2.246802261e-02 2.344250579e-02 2.428587258e-02
 2.506361611e-02 2.583364530e-02 2.664644288e-02 2.754531529e-02 2.856529751e-02
 2.973037215e-02 3.104987956e-02 3.251577837e-02 3.410223603e-02 3.576802001e-02
 3.746114918e-02 3.912494479e-02 4.070482214e-02 4.215514506e-02 4.344492860e-02
 4.456075888e-02 4.550586661e-02 4.629579701e-02 4.695247256e-02 4.749865887e-02
 4.795401846e-02 4.833293557e-02 4.864376813e-02 4.888919166e-02 4.906754327e-02
 4.917510793e-02 4.920556239e-02 4.920622947e-02 4.915184853e-02 4.904587645e-02
-1.399650707e-04-3.487209391e-04-7.044326718e-04-1.276259651e-03-2.154958088e-03
-3.441251677e-03-5.228062354e-03-7.589792407e-03-1.057163431e-02-1.415422125e-02
-1.786710148e-02-2.071348937e-02-2.218080957e-02-2.254500963e-02-2.272056096e-02
-2.284655529e-02-2.247197833e-02-2.105355689e-02-1.839311619e-02-1.476431446e-02
-1.064018867e-02-6.361059342e-03-2.084532333e-03 2.128165020e-03 6.242682404e-03
 1.021133499e-02 1.394914785e-02 1.732700865e-02 2.019545641e-02 2.244187274e-02
 2.404823627e-02 2.510340387e-02 2.576034126e-02 2.617681900e-02 2.648063633e-02
 2.676559265e-02 2.710302845e-02 2.755578625e-02 2.818776875e-02 2.906473791e-02
 3.024395432e-02 3.175612814e-02 3.359014734e-02 3.569013913e-02 3.796493988e-02
 4.030188427e-02 4.257849002e-02 4.467410417e-02 4.648701551e-02 4.795536862e-02
 4.907040544e-02 4.987121069e-02 5.042328487e-02 5.079477809e-02 5.104178896e-02
 5.120407100e-02 5.130676702e-02 5.136405976e-02 5.138271835e-02 5.136498713e-02
 5.131085212e-02 5.122093857e-02 5.112540648e-02 5.100685131e-02 5.085250756e-02
 5.933927814e-05 1.078692405e-04 1.157470625e-04-1.197357239e-05-4.744556912e-04
-1.583121335e-03-3.522770428e-03-6.305549163e-03-1.006624512e-02-1.527152838e-02
-2.176141178e-02-2.539280655e-02-2.532589016e-02-2.171632929e-02-1.926382871e-02
-1.744365256e-02-1.572054620e-02-1.377274802e-02-1.143101859e-02-8.649579537e-03
-5.461583116e-03-1.925997981e-03 1.910183233e-03 6.025497814e-03 1.041761543e-02
 1.507579335e-02 1.990902721e-02 2.459030157e-02 2.843533198e-02 3.076674634e-02
 3.145448671e-02 3.105053903e-02 3.023723926e-02 2.942834555e-02 2.874497562e-02
 2.821317558e-02 2.783641830e-02 2.762075199e-02 2.764582937e-02 2.806081133e-02
 2.908628781e-02 3.088341959e-02 3.344053558e-02 3.659026746e-02 4.008944182e-02
 4.371800973e-02 4.725440399e-02 5.042261654e-02 5.292162716e-02 5.455238113e-02
 5.535411879e-02 5.557042735e-02 5.547550291e-02 5.525406308e-02 5.499688512e-02
 5.474227513e-02 5.450140885e-02 5.427446551e-02 5.405778335e-02 5.384556599e-02
 5.363292367e-02 5.341737844e-02 5.321762927e-02 5.301563252e-02 5.280501411e-02
 3.436842893e-04 7.862512046e-04 1.430107018e-03 2.331688113e-03 3.461539298e-03
 2.984371644e-03 4.189519927e-04-2.448020170e-03-5.538125797e-03-8.893530426e-03
-1.207104651e-02-1.420361497e-02-1.480727337e-02-1.413823618e-02-1.295088542e-02
-1.158305567e-02-1.005437320e-02-8.306390269e-03-6.277393477e-03-3.922289092e-03
-1.211598406e-03 1.879635791e-03 5.387780141e-03 9.380394511e-03 1.398550580e-02
 1.944963169e-02 2.628667838e-02 3.577797761e-02 4.494374111e-02 4.772219145e-02
 4.372035416e-02 3.753456161e-02 3.400857319e-02 3.173729393e-02 3.014439435e-02
 2.892133515e-02 2.785514660e-02 2.675605289e-02 2.542945681e-02 2.386183306e-02
 2.361435259e-02 2.589476971e-02 3.052064703e-02 3.631599291e-02 4.205172961e-02
 4.786829209e-02 5.403058318e-02 6.030503939e-02 6.485223303e-02 6.632421270e-02
 6.465141117e-02 6.253085752e-02 6.094567337e-02 5.978201309e-02 5.889920388e-02
 5.820333772e-02 5.763384386e-02 5.715022865e-02 5.672846067e-02 5.634843763e-02
 5.600078407e-02 5.567913924e-02 5.537818862e-02 5.508457263e-02 5.478690951e-02
 6.085089777e-04 1.400485270e-03 2.557680163e-03 4.134683197e-03 5.985161521e-03
 6.023358078e-03 3.794344171e-03 1.484612986e-03-6.933349897e-04-2.697237599e-03
-4.430580576e-03-5.758817359e-03-6.563594565e-03-6.829648491e-03-6.621852185e-03
-6.022429886e-03-5.087994341e-03-3.843062666e-03-2.289997029e-03-4.190499706e-04
 1.786522488e-03 4.350244295e-03 7.305868249e-03 1.070329534e-02 1.461531764e-02
 1.913843913e-02 2.435123197e-02 3.003502875e-02 3.483117107e-02 3.705444611e-02
 3.643899671e-02 3.436814716e-02 3.239208604e-02 3.085281221e-02 2.968115894e-02
 2.874094543e-02 2.787741298e-02 2.689658542e-02 2.550669605e-02 2.324208407e-02
 2.236172288e-02 2.486368339e-02 3.094750515e-02 3.791085961e-02 4.431784105e-02
 5.074033384e-02 5.775385382e-02 6.591810529e-02 7.120224111e-02 7.228177513e-02
 6.912770051e-02 6.624956781e-02 6.433008060e-02 6.295563857e-02 6.190684319e-02
 6.106438167e-02 6.035999092e-02 5.975247850e-02 5.921567335e-02 5.873211143e-02
 5.828956062e-02 5.787890536e-02 5.749272782e-02 5.712472902e-02 5.677257728e-02
 7.996012987e-04 1.828098285e-03 3.302317659e-03 5.251639002e-03 7.502279124e-03
 7.916215631e-03 5.951282505e-03 4.304435285e-03 2.815973839e-03 1.448556871e-03
 2.283878455e-04-7.735162863e-04-1.502963997e-03-1.928029530e-03-2.039056803e-03
-1.840925259e-03-1.343633940e-03-5.557901765e-04 5.179925939e-04 1.877021790e-03
 3.523236171e-03 5.459363563e-03 7.686175851e-03 1.019739173e-02 1.296940047e-02
 1.594163110e-02 1.898535188e-02 2.187420123e-02 2.429780717e-02 2.609531578e-02
 2.719800712e-02 2.769017681e-02 2.783580641e-02 2.785504757e-02 2.788237974e-02
 2.798412801e-02 2.819252649e-02 2.854211962e-02 2.911787438e-02 3.011543163e-02
 3.183724432e-02 3.452143817e-02 3.815366962e-02 4.246711891e-02 4.712522757e-02
 5.185676999e-02 5.640310494e-02 6.040678323e-02 6.343544699e-02 6.522328801e-02
 6.586609040e-02 6.574228235e-02 6.523600724e-02 6.458141880e-02 6.389066711e-02
 6.321280624e-02 6.256803687e-02 6.196335809e-02 6.139949144e-02 6.087408337e-02
 6.038328989e-02 5.992261043e-02 5.948736018e-02 5.907301851e-02 5.867829241e-02
 9.299188991e-04 2.117508735e-03 3.803729595e-03 6.007124466e-03 8.528271299e-03
 9.222664017e-03 7.652586457e-03 6.385590623e-03 5.276379161e-03 4.209402777e-03
 3.235515602e-03 2.394079470e-03 1.719276859e-03 1.238015272e-03 9.691557496e-04
 9.244036263e-04 1.110161530e-03 1.529423483e-03 2.183039802e-03 3.070095511e-03
 4.187381837e-03 5.527982051e-03 7.078912624e-03 8.817714630e-03 1.070811327e-02
 1.269567083e-02 1.470599056e-02 1.664992724e-02 1.843941755e-02 1.999945427e-02
 2.138967723e-02 2.259002679e-02 2.364080265e-02 2.462495126e-02 2.561927090e-02
 2.669638372e-02 2.792543925e-02 2.937648376e-02 3.112510418e-02 3.325039211e-02
 3.582016317e-02 3.886499688e-02 4.235237165e-02 4.617720567e-02 5.017175552e-02
 5.412439721e-02 5.780130758e-02 6.097633029e-02 6.347262329e-02 6.520547309e-02
 6.620322771e-02 6.658873006e-02 6.652917825e-02 6.618478452e-02 6.568048028e-02
 6.510134846e-02 6.449999654e-02 6.390629861e-02 6.333548644e-02 6.279384924e-02
 6.228245281e-02 6.179947232e-02 6.134162189e-02 6.090490479e-02 6.047910911e-02
 1.020398113e-03 2.318683813e-03 4.153262112e-03 6.536366190e-03 9.267030940e-03
 1.019583647e-02 8.828284826e-03 7.808418914e-03 6.891958888e-03 5.998020058e-03
 5.151121554e-03 4.379727449e-03 3.710074742e-03 3.165062936e-03 2.763723658e-03
 2.521159239e-03 2.448825308e-03 2.554921048e-03 2.844688628e-03 3.320397052e-03
 3.980963233e-03 4.821247481e-03 5.831104918e-03 6.994383862e-03 8.288223670e-03
 9.683206331e-03 1.114501705e-02 1.263802484e-02 1.413079921e-02 1.560231310e-02
 1.704416668e-02 1.846717500e-02 1.993847790e-02 2.145625813e-02 2.306002586e-02
 2.477912443e-02 2.671054342e-02 2.890301468e-02 3.141648444e-02 3.429166170e-02
 3.752021146e-02 4.112255075e-02 4.509071335e-02 4.937078622e-02 5.383871812e-02
 5.826161518e-02 6.229642955e-02 6.560968380e-02 6.799103209e-02 6.937527864e-02
 6.985429125e-02 6.967677222e-02 6.913869842e-02 6.844727272e-02 6.771281023e-02
 6.698917250e-02 6.630101468e-02 6.565771528e-02 6.506054628e-02 6.450655807e-02
 6.399076665e-02 6.350740527e-02 6.305064070e-02 6.261510542e-02 6.220161980e-02
 1.085461193e-03 2.463460375e-03 4.404822626e-03 6.916491935e-03 9.793886782e-03
 1.087849474e-02 9.655445998e-03 8.749410040e-03 7.945602388e-03 7.127333923e-03
 6.318705446e-03 5.543278863e-03 4.823283161e-03 4.178986161e-03 3.628385732e-03
 3.187144377e-03 2.868662703e-03 2.684275107e-03 2.643369547e-03 2.753157087e-03
 3.018214624e-03 3.440054462e-03 4.016755822e-03 4.742761399e-03 5.609041104e-03
 6.603917088e-03 7.714553896e-03 8.928401459e-03 1.023512532e-02 1.162868750e-02
 1.310915383e-02 1.468364549e-02 1.636713984e-02 1.818971014e-02 2.017621576e-02
 2.234703247e-02 2.475724094e-02 2.745058299e-02 3.047132624e-02 3.385676086e-02
 3.763093995e-02 4.184162313e-02 4.655019576e-02 5.183529842e-02 5.781840232e-02
 6.484891852e-02 7.129397343e-02 7.588927065e-02 7.842035370e-02 7.875411642e-02
 7.692942831e-02 7.414133076e-02 7.220809260e-02 7.072741889e-02 6.955220442e-02
 6.859366280e-02 6.779255778e-02 6.710771199e-02 6.650954753e-02 6.597619038e-02
 6.549105935e-02 6.504133570e-02 6.461695651e-02 6.420984181e-02 6.380948132e-02
 1.134757369e-03 2.573924228e-03 4.598577614e-03 7.212303177e-03 1.019495448e-02
 1.137242708e-02 1.027029992e-02 9.431593167e-03 8.648808946e-03 7.817782100e-03
 6.965725373e-03 6.115344038e-03 5.286471999e-03 4.496942997e-03 3.763029106e-03
 3.099696797e-03 2.520889524e-03 2.039697424e-03 1.670643591e-03 1.428170389e-03
 1.324562964e-03 1.369789766e-03 1.571200823e-03 1.933078770e-03 2.455947378e-03
 3.137765040e-03 3.979948839e-03 4.982597166e-03 6.145393681e-03 7.468687375e-03
 8.955107286e-03 1.061109544e-02 1.244665542e-02 1.447516014e-02 1.671345187e-02
 1.918203808e-02 2.190556250e-02 2.491252103e-02 2.823569871e-02 3.191455027e-02
 3.600018036e-02 4.056229186e-02 4.569820647e-02 5.155156889e-02 5.834373263e-02
 6.633705477e-02 7.358002889e-02 7.845010522e-02 8.097363032e-02 8.108564006e-02
 7.869251648e-02 7.536115309e-02 7.306094281e-02 7.144081863e-02 7.025563489e-02
 6.935716830e-02 6.865153983e-02 6.807690004e-02 6.759120664e-02 6.716517574e-02
 6.677803703e-02 6.641487522e-02 6.606489456e-02 6.572019154e-02 6.537566324e-02
 1.172615076e-03 2.660330602e-03 4.754819847e-03 7.462907201e-03 1.058530590e-02
 1.196715803e-02 1.103081893e-02 1.007481233e-02 9.153487327e-03 8.202633118e-03
 7.225616926e-03 6.234368287e-03 5.241688204e-03 4.260522688e-03 3.303748256e-03
 2.384165735e-03 1.514402281e-03 7.138116173e-04 1.983605108e-06-6.019089321e-04
-1.079405045e-03-1.413002030e-03-1.586399726e-03-1.584731454e-03-1.394733811e-03
-1.004697979e-03-4.043184509e-04 4.142701525e-04 1.455162427e-03 2.716461060e-03
 4.194944445e-03 5.899050745e-03 7.833905456e-03 1.000344302e-02 1.241400782e-02
 1.507335425e-02 1.799064917e-02 2.117672442e-02 2.464440245e-02 2.841034055e-02
 3.250490666e-02 3.700298392e-02 4.198307160e-02 4.744791143e-02 5.346913059e-02
 6.002362915e-02 6.606898269e-02 7.040658107e-02 7.287464374e-02 7.327065199e-02
 7.238367364e-02 7.148493813e-02 7.067548923e-02 7.002806484e-02 6.952725513e-02
 6.913986405e-02 6.883237540e-02 6.857643829e-02 6.834976642e-02 6.813556781e-02
 6.792161066e-02 6.769930786e-02 6.746294340e-02 6.720913101e-02 6.693950846e-02
 1.197383956e-03 2.717173931e-03 4.858449211e-03 7.630801219e-03 1.082867094e-02
 1.230443211e-02 1.150048790e-02 1.042876362e-02 9.374512268e-03 8.272723972e-03
 7.134364208e-03 5.964776681e-03 4.771258162e-03 3.562454915e-03 2.347905115e-03
 1.137635774e-03-4.807613290e-05-1.187465346e-03-2.257876324e-03-3.236022096e-03
-4.098237158e-03-4.820740570e-03-5.379906899e-03-5.752549900e-03-5.916226277e-03
-5.849587882e-03-5.532862151e-03-4.948519358e-03-4.082127203e-03-2.923280766e-03
-1.466204519e-03 2.890879440e-04 2.331848895e-03 4.634332190e-03 7.201131909e-03
 1.002847967e-02 1.310967761e-02 1.643681588e-02 1.999898928e-02 2.377860673e-02
 2.772896634e-02 3.200646907e-02 3.663744347e-02 4.142446164e-02 4.629772794e-02
 5.103740982e-02 5.536939038e-02 5.905801499e-02 6.196336711e-02 6.408334538e-02
 6.554885313e-02 6.655232933e-02 6.726034470e-02 6.778328524e-02 6.818493472e-02
 6.849893211e-02 6.874158143e-02 6.892017626e-02 6.903789532e-02 6.909646804e-02
 6.909750502e-02 6.904307032e-02 6.893584040e-02 6.877894735e-02 6.856993024e-02
 1.206880723e-03 2.738095822e-03 4.894048406e-03 7.682124385e-03 1.089194806e-02
 1.236643603e-02 1.153740318e-02 1.041551949e-02 9.249808768e-03 8.014571874e-03
 6.713106624e-03 5.351892787e-03 3.937560522e-03 2.477103240e-03 9.778578415e-04
-5.416046115e-04-2.059198427e-03-3.551004508e-03-4.991460476e-03-6.353593768e-03
-7.609278531e-03-8.729514651e-03-9.684735090e-03-1.044514938e-02-1.098113706e-02
-1.126371157e-02-1.126508354e-02-1.095937238e-02-1.032348024e-02-9.338162345e-03
-7.989371629e-03-6.270036497e-03-4.182260034e-03-1.739568719e-03 1.032577382e-03
 4.086550488e-03 7.389979009e-03 1.092732466e-02 1.467620255e-02 1.861059477e-02
 2.269934800e-02 2.692748626e-02 3.121211216e-02 3.572957480e-02 4.029017697e-02
 4.465796882e-02 4.873987159e-02 5.245610755e-02 5.574823774e-02 5.859444933e-02
 6.100990442e-02 6.303580719e-02 6.472408926e-02 6.612513392e-02 6.728163079e-02
 6.822738809e-02 6.898867066e-02 6.958625097e-02 7.003726174e-02 7.035654633e-02
 7.055750663e-02 7.065256097e-02 7.065334431e-02 7.057085363e-02 7.041957540e-02
 1.202879291e-03 2.727895499e-03 4.872909481e-03 7.642765082e-03 1.083545521e-02
 1.228950831e-02 1.135621262e-02 1.015604791e-02 8.879761097e-03 7.501564388e-03
 6.027103431e-03 4.462067964e-03 2.811932057e-03 1.082055124e-03-7.124463403e-04
-2.550075000e-03-4.406915380e-03-6.256727566e-03-8.071119032e-03-9.819756955e-03
-1.147062196e-02-1.299030175e-02-1.434432389e-02-1.549753130e-02-1.641450891e-02
-1.706007726e-02-1.739987705e-02-1.740107286e-02-1.703321943e-02-1.626933899e-02
-1.508726226e-02-1.347129276e-02-1.141426200e-02-8.919924115e-03-6.005910178e-03
-2.707032200e-03 9.227891607e-04 4.801765081e-03 8.879856503e-03 1.312891134e-02
 1.751785748e-02 2.201387711e-02 2.658227146e-02 3.118241989e-02 3.575094449e-02
 4.020952274e-02 4.448453725e-02 4.851349991e-02 5.224745531e-02 5.565274102e-02
 5.871126043e-02 6.141876558e-02 6.378177272e-02 6.581420976e-02 6.753464361e-02
 6.896437924e-02 7.012628915e-02 7.104407659e-02 7.174172317e-02 7.224298882e-02
 7.257093283e-02 7.274747874e-02 7.279305795e-02 7.272631307e-02 7.256246024e-02
 1.189194073e-03 2.695874390e-03 4.813288704e-03 7.544338448e-03 1.067045924e-02
 1.202449447e-02 1.105094470e-02 9.757729283e-03 8.349757242e-03 6.813316514e-03
 5.152710854e-03 3.371607232e-03 1.473374077e-03-5.321510260e-04-2.624809776e-03
-4.781577096e-03-6.976616247e-03-9.181387824e-03-1.136481153e-02-1.349348503e-02
-1.553195328e-02-1.744302235e-02-1.918811358e-02-2.072765592e-02-2.202151912e-02
-2.302949645e-02-2.371185422e-02-2.402997675e-02-2.394714545e-02-2.342950472e-02
-2.244728113e-02-2.097633030e-02-1.900007937e-02-1.651194168e-02-1.351819314e-02
-1.004141676e-02-6.124433596e-03-1.834496871e-03 2.734708760e-03 7.462627656e-03
 1.232149945e-02 1.727655159e-02 2.228982012e-02 2.731807116e-02 3.231209763e-02
 3.721777578e-02 4.197872640e-02 4.653935106e-02 5.084755125e-02 5.485706196e-02
 5.852943543e-02 6.183563997e-02 6.475719381e-02 6.728673493e-02 6.942792296e-02
 7.119460498e-02 7.260927234e-02 7.370096683e-02 7.450290741e-02 7.505015076e-02
 7.537755572e-02 7.551821935e-02 7.550243494e-02 7.535710429e-02 7.510515848e-02
 1.169374702e-03 2.650194461e-03 4.729928442e-03 7.410165747e-03 1.047949587e-02
 1.177226136e-02 1.067514346e-02 9.270608078e-03 7.718067139e-03 6.013296179e-03
 4.157900900e-03 2.153462091e-03 2.599313111e-06-2.276752447e-03-4.663294082e-03
-7.132480468e-03-9.656596885e-03-1.220489058e-02-1.474376229e-02-1.723701412e-02
-1.964614866e-02-2.193071101e-02-2.404866486e-02-2.595679506e-02-2.761113283e-02
-2.896740618e-02-2.998152716e-02-3.061013899e-02-3.081126113e-02-3.054508605e-02
-2.977499890e-02-2.846890789e-02-2.660098881e-02-2.415394806e-02-2.112191901e-02
-1.751403082e-02-1.335863741e-02-8.708146904e-03-3.644407959e-03 1.716252185e-03
 7.219884976e-03 1.282196127e-02 1.849108288e-02 2.419082180e-02 2.987866038e-02
 3.550553564e-02 4.101578915e-02 4.634772797e-02 5.143505727e-02 5.620951630e-02
 6.060493418e-02 6.456253204e-02 6.803672743e-02 7.100022036e-02 7.344705508e-02
 7.539277620e-02 7.687158824e-02 7.793126516e-02 7.862709429e-02 7.901617769e-02
 7.915300896e-02 7.908666413e-02 7.885947169e-02 7.850686537e-02 7.806167540e-02
 1.146144400e-03 2.596987383e-03 4.633633122e-03 7.256666366e-03 1.025093620e-02
 1.144874689e-02 1.025130382e-02 8.730976973e-03 7.030100472e-03 5.153212437e-03
 3.100173855e-03 8.703659414e-04-1.526191837e-03-4.070285659e-03-6.739232741e-03
-9.506850531e-03-1.234352785e-02-1.521637167e-02-1.808942476e-02-2.092394735e-02
-2.367875176e-02-2.631057660e-02-2.877448590e-02-3.102427931e-02-3.301290305e-02
-3.469285756e-02-3.601660705e-02-3.693700939e-02-3.740780036e-02-3.738418582e-02
-3.682361711e-02-3.568684837e-02-3.393939690e-02-3.155354806e-02-2.851105063e-02
-2.480665130e-02-2.045257148e-02-1.548392373e-02-9.964846979e-03-3.995107909e-03
 2.283264310e-03 8.684119471e-03 1.518542074e-02 2.176102548e-02 2.837739246e-02
 3.499058507e-02 4.154301643e-02 4.796024338e-02 5.414891898e-02 5.999786321e-02
 6.538458171e-02 7.018840973e-02 7.430845303e-02 7.768129906e-02 8.029255778e-02
 8.217825889e-02 8.341569318e-02 8.410703311e-02 8.436147262e-02 8.428117050e-02
 8.395335002e-02 8.344788428e-02 8.281832623e-02 8.210437112e-02 8.132854488e-02
 1.121508095e-03 2.540746632e-03 4.532295330e-03 7.096002304e-03 1.000991519e-02
 1.110376538e-02 9.829148729e-03 8.172783966e-03 6.324502922e-03 4.278064664e-03
 2.031575358e-03-4.150181020e-04-3.045473109e-03-5.839665695e-03-8.773629888e-03
-1.181961407e-02-1.494619625e-02-1.811847249e-02-2.129831806e-02-2.444471321e-02
-2.751412030e-02-3.046089458e-02-3.323770860e-02-3.579597079e-02-3.808622115e-02
-4.005849395e-02-4.166264642e-02-4.284866601e-02-4.356698608e-02-4.376886066e-02
-4.340687360e-02-4.243568587e-02-4.081315492e-02-3.850199061e-02-3.547213899e-02
-3.170409697e-02-2.719335170e-02-2.195609232e-02-1.603624315e-02-9.513610025e-03
-2.512577769e-03 4.788571285e-03 1.224410438e-02 1.985158983e-02 2.760081095e-02
 3.546964524e-02 4.341646103e-02 5.136833238e-02 5.920494501e-02 6.674220774e-02
 7.372881570e-02 7.987563410e-02 8.492056975e-02 8.869854109e-02 9.118404038e-02
 9.249519845e-02 9.285745336e-02 9.253632569e-02 9.177194998e-02 9.074644151e-02
 8.958330214e-02 8.836065217e-02 8.712550361e-02 8.590487629e-02 8.471702093e-02
 1.096944485e-03 2.484768748e-03 4.431647971e-03 6.936916682e-03 9.792809519e-03
 1.082948424e-02 9.393331582e-03 7.624324994e-03 5.634556654e-03 3.425794534e-03
 9.947182640e-04-1.652751671e-03-4.499194363e-03-7.523245641e-03-1.069953879e-02
-1.399874321e-02-1.738769545e-02-2.082961892e-02-2.428442521e-02-2.770908445e-02
-3.105804641e-02-3.428368948e-02-3.733677250e-02-4.016686382e-02-4.272272506e-02
-4.495263337e-02-4.680463545e-02-4.822674046e-02-4.916707642e-02-4.957405651e-02
-4.939662774e-02-4.858470515e-02-4.708992974e-02-4.486692594e-02-4.187527191e-02
-3.808242810e-02-3.346788200e-02-2.802874269e-02-2.178692629e-02-1.479789824e-02
-7.160614683e-03 9.724967595e-04 9.387190982e-03 1.806508312e-02 2.703836214e-02
 3.634090681e-02 4.600296573e-02 5.603771126e-02 6.640784215e-02 7.694059713e-02
 8.714022477e-02 9.608017244e-02 1.028755912e-01 1.070608859e-01 1.085841734e-01
 1.078458461e-01 1.056853365e-01 1.029968783e-01 1.002726410e-01 9.770062757e-02
 9.533683932e-02 9.318468887e-02 9.122742973e-02 8.944188364e-02 8.780440073e-02
 1.073595144e-03 2.431611190e-03 4.336185015e-03 6.786136538e-03 9.558786944e-03
 1.048302866e-02 8.999599693e-03 7.109325249e-03 4.988073856e-03 2.629825699e-03
 3.007208914e-05-2.799302778e-03-5.840073610e-03-9.069800113e-03-1.246182725e-02
-1.598536467e-02-1.960565672e-02-2.328424475e-02-2.697931452e-02-3.064611412e-02
-3.423742077e-02-3.770402987e-02-4.099523634e-02-4.405927822e-02-4.684371491e-02
-4.929571889e-02-5.136226960e-02-5.299025169e-02-5.412647752e-02-5.471767586e-02
-5.471051482e-02-5.405175909e-02-5.268869826e-02-5.057002514e-02-4.764738853e-02
-4.387788815e-02-3.922781243e-02-3.367792467e-02-2.723055489e-02-1.991861038e-02
-1.181634107e-02-3.051329295e-03 6.183489132e-03 1.577256343e-02 2.579758358e-02
 3.636675042e-02 4.762806807e-02 5.979029335e-02 7.316047364e-02 8.823055500e-02
 1.060134859e-01 1.215490853e-01 1.318723101e-01 1.363762651e-01 1.348711129e-01
 1.283416470e-01 1.193636230e-01 1.127084778e-01 1.074878321e-01 1.032668502e-01
 9.977519788e-02 9.682925405e-02 9.429906135e-02 9.209026835e-02 9.013104917e-02
 1.052375302e-03 2.383334233e-03 4.249556854e-03 6.649504424e-03 9.363040926e-03
 1.022015634e-02 8.638833198e-03 6.644885757e-03 4.406087865e-03 1.914343446e-03
-8.330005105e-04-3.821118474e-03-7.030870171e-03-1.043874705e-02-1.401688246e-02
-1.773315476e-02-2.155139010e-02-2.543166423e-02-2.933069399e-02-3.320230110e-02
-3.699792357e-02-4.066714449e-02-4.415820452e-02-4.741846408e-02-5.039478405e-02
-5.303380006e-02-5.528207559e-02-5.708613289e-02-5.839237812e-02-5.914695901e-02
-5.929561982e-02-5.878364981e-02-5.755605948e-02-5.555816257e-02-5.273679157e-02
-4.904242503e-02-4.443254949e-02-3.887659851e-02-3.236277948e-02-2.490697046e-02
-1.656358102e-02-7.437719070e-03 2.302844512e-03 1.241992965e-02 2.299825807e-02
 3.416029326e-02 4.608348641e-02 5.903043589e-02 7.340183315e-02 8.983066700e-02
 1.097143190e-01 1.255433136e-01 1.405886493e-01 1.434177672e-01 1.409970865e-01
 1.333118749e-01 1.228638387e-01 1.153083683e-01 1.095343424e-01 1.049802108e-01
 1.012848550e-01 9.821046471e-02 9.559578231e-02 9.332840648e-02 9.133234796e-02
 1.034016527e-03 2.341588101e-03 4.174694050e-03 6.531528259e-03 9.199288583e-03
 1.000623327e-02 8.316684888e-03 6.245260503e-03 3.906212983e-03 1.300532561e-03
-1.570634177e-03-4.691649874e-03-8.042488231e-03-1.159865245e-02-1.533119242e-02
-1.920682600e-02-2.318816956e-02-2.723407444e-02-3.130005808e-02-3.533880944e-02
-3.930074166e-02-4.313455825e-02-4.678779668e-02-5.020731218e-02-5.333966813e-02
-5.613140582e-02-5.852917686e-02-6.047973528e-02-6.192980438e-02-6.282585476e-02
-6.311385668e-02-6.273910127e-02-6.164622350e-02-5.977960514e-02-5.708438846e-02
-5.350838872e-02-4.900524843e-02-4.353921645e-02-3.709193468e-02-2.967153808e-02
-2.132417011e-02-1.214763795e-02-2.306334489e-03 7.953871625e-03 1.852899388e-02
 2.948664800e-02 4.090814146e-02 5.288775718e-02 6.552212617e-02 7.885903605e-02
 9.251068508e-02 1.043451608e-01 1.135751348e-01 1.189647248e-01 1.200734475e-01
 1.175582120e-01 1.131798028e-01 1.090240565e-01 1.053954419e-01 1.022545745e-01
 9.952366789e-02 9.712668461e-02 9.499843218e-02 9.308569765e-02 9.134039491e-02
 1.019086484e-03 2.307654288e-03 4.113874219e-03 6.435675151e-03 9.048222441e-03
 9.777227217e-03 8.076584058e-03 5.922597884e-03 3.502653365e-03 8.058095195e-04
-2.163942699e-03-5.390390754e-03-8.852808248e-03-1.252590018e-02-1.637983873e-02
-2.038040735e-02-2.448925867e-02-2.866428281e-02-3.286007327e-02-3.702846881e-02
-4.111914183e-02-4.508019789e-02-4.885874793e-02-5.240141425e-02-5.565473506e-02
-5.856543933e-02-6.108057423e-02-6.314748195e-02-6.471364071e-02-6.572640626e-02
-6.613271703e-02-6.587885732e-02-6.491041143e-02-6.317258738e-02-6.061114224e-02
-5.717420082e-02-5.281531825e-02-4.749818295e-02-4.120336475e-02-3.393744441e-02
-2.574466022e-02-1.672080053e-02-7.028391092e-03 3.088864953e-03 1.332881523e-02
 2.368392096e-02 3.413084163e-02 4.461429108e-02 5.501916425e-02 6.513049495e-02
 7.460139765e-02 8.298821036e-02 8.986723635e-02 9.494739018e-02 9.815973000e-02
 9.970029448e-02 9.997151626e-02 9.942762012e-02 9.842790592e-02 9.719988844e-02
 9.587250637e-02 9.451501563e-02 9.316314798e-02 9.183441883e-02 9.053957595e-02
 1.008002623e-03 2.282472003e-03 4.068761138e-03 6.364711760e-03 8.957201796e-03
 9.674442521e-03 7.882443887e-03 5.684065809e-03 3.205281861e-03 4.418572226e-04
-2.599707884e-03-5.902754702e-03-9.446036408e-03-1.320366691e-02-1.714517094e-02
-2.123564670e-02-2.543604613e-02-2.970356847e-02-3.399215366e-02-3.825305257e-02
-4.243544344e-02-4.648705782e-02-5.035477612e-02-5.398515287e-02-5.732483580e-02
-6.032084978e-02-6.292072816e-02-6.507248845e-02-6.672446756e-02-6.782505392e-02
-6.832238005e-02-6.816407064e-02-6.729717933e-02-6.566849252e-02-6.322543150e-02
-5.991784287e-02-5.570102541e-02-5.054038631e-02-4.441812727e-02-3.734229266e-02
-2.935831357e-02-2.056278707e-02-1.111857756e-02-1.269423420e-03 8.648877371e-03
 1.847290928e-02 2.814960916e-02 3.759978812e-02 4.671266965e-02 5.534395396e-02
 6.332250741e-02 7.046958327e-02 7.662861001e-02 8.169701144e-02 8.564938267e-02
 8.854315876e-02 9.050328324e-02 9.169154384e-02 9.227385775e-02 9.239759034e-02
 9.218224972e-02 9.171967297e-02 9.107845731e-02 9.030923837e-02 8.945072895e-02
 1.001049742e-03 2.266675480e-03 4.040462512e-03 6.320145709e-03 8.884495366e-03
 9.562010508e-03 7.768999150e-03 5.535629701e-03 3.020512572e-03 2.162733133e-04
-2.869233066e-03-6.219078754e-03-9.811689051e-03-1.362080498e-02-1.761554518e-02
-2.176058141e-02-2.601643327e-02-3.033987813e-02-3.468446191e-02-3.900108748e-02
-4.323864903e-02-4.734467493e-02-5.126593852e-02-5.494899645e-02-5.834061810e-02
-6.138807730e-02-6.403928891e-02-6.624278760e-02-6.794756482e-02-6.910280169e-02
-6.965756227e-02-6.956054248e-02-6.876000784e-02-6.720409741e-02-6.484172286e-02
-6.162434782e-02-5.750898767e-02-5.246280893e-02-4.646970713e-02-3.953916189e-02
-3.171745316e-02-2.310090380e-02-1.385012922e-02-4.203292028e-03 5.514833908e-03
 1.502908459e-02 2.428574335e-02 3.321509100e-02 4.173256546e-02 4.974233876e-02
 5.714403096e-02 6.384248771e-02 6.975932696e-02 7.484384419e-02 7.908048427e-02
 8.249075890e-02 8.512907175e-02 8.707381570e-02 8.841644166e-02 8.925130489e-02
 8.966809613e-02 8.974733273e-02 8.955843954e-02 8.915952223e-02 8.859454192e-02
 9.984104181e-04 2.260668952e-03 4.029671943e-03 6.303068966e-03 8.856844820e-03
 9.518357108e-03 7.727408499e-03 5.479621764e-03 2.951975128e-03 1.335041983e-04
-2.967423029e-03-6.333729920e-03-9.943692233e-03-1.377089683e-02-1.778430282e-02
-2.194841932e-02-2.622360428e-02-3.056647966e-02-3.493044823e-02-3.926628825e-02
-4.352279409e-02-4.764742495e-02-5.158692083e-02-5.528784521e-02-5.869701776e-02
-6.176180837e-02-6.443027505e-02-6.665114324e-02-6.837364268e-02-6.954723980e-02
-7.012133019e-02-7.004498666e-02-6.926689559e-02-6.773565855e-02-6.540068682e-02
-6.221397168e-02-5.813306658e-02-5.312565417e-02-4.717606657e-02-4.029404219e-02
-3.252577939e-02-2.396691969e-02-1.477639678e-02-5.189103485e-03 4.475853408e-03
 1.390697028e-02 2.305195036e-02 3.184574566e-02 4.021265641e-02 4.807027952e-02
 5.533540540e-02 6.193147008e-02 6.779658233e-02 7.289069666e-02 7.720043286e-02
 8.074046272e-02 8.355119873e-02 8.569343995e-02 8.724130238e-02 8.827494671e-02
 8.887432095e-02 8.911457768e-02 8.906327856e-02 8.877923444e-02 8.831691904e-02
 1.000185734e-03 2.264692747e-03 4.036854929e-03 6.314366548e-03 8.887326764e-03
 9.583037347e-03 7.743124219e-03 5.518359769e-03 3.001925328e-03 1.956577203e-04
-2.892182579e-03-6.244566000e-03-9.839839565e-03-1.365167812e-02-1.764914153e-02
-2.179684817e-02-2.605526926e-02-3.038113892e-02-3.472796571e-02-3.904662157e-02
-4.328597676e-02-4.739354290e-02-5.131608348e-02-5.500015146e-02-5.839251724e-02
-6.144045824e-02-6.409189251e-02-6.629535371e-02-6.799982312e-02-6.915445652e-02
-6.970826982e-02-6.960987894e-02-6.880742648e-02-6.724887258e-02-6.488287908e-02
-6.166057253e-02-5.753852771e-02-5.248335362e-02-4.647826578e-02-3.953195158e-02
-3.168982470e-02-2.304735102e-02-1.376444769e-02-4.078988479e-03 5.683772767e-03
 1.525105605e-02 2.456887076e-02 3.356614018e-02 4.215542298e-02 5.023625723e-02
 5.770210168e-02 6.445096101e-02 7.039829887e-02 7.548943278e-02 7.970808322e-02
 8.307851231e-02 8.566058723e-02 8.753943398e-02 8.881297616e-02 8.958070725e-02
 8.993570657e-02 8.996024154e-02 8.972421888e-02 8.928535426e-02 8.868572235e-02
 1.006360274e-03 2.278722619e-03 4.061997621e-03 6.353918368e-03 8.929734823e-03
 9.615918835e-03 7.861869782e-03 5.652874303e-03 3.169983349e-03 4.019166665e-04
-2.644658407e-03-5.952993862e-03-9.501742999e-03-1.326491827e-02-1.721194432e-02
-2.130782295e-02-2.551341561e-02-2.978583923e-02-3.407896179e-02-3.834397441e-02
-4.253000930e-02-4.658476631e-02-5.045510837e-02-5.408758552e-02-5.742885151e-02
-6.042594398e-02-6.302641045e-02-6.517827702e-02-6.682987468e-02-6.792956031e-02
-6.842539543e-02-6.826487745e-02-6.739485599e-02-6.576181217e-02-6.331273210e-02
-5.999686501e-02-5.576871596e-02-5.059266969e-02-4.444965327e-02-3.734618108e-02
-2.932593371e-02-2.048363431e-02-1.098034111e-02-1.058330766e-03 8.947269646e-03
 1.887843579e-02 2.868394460e-02 3.828455302e-02 4.756553259e-02 5.637254284e-02
 6.451739150e-02 7.179942677e-02 7.804068660e-02 8.312409709e-02 8.702162323e-02
 8.980137751e-02 9.160876768e-02 9.262861221e-02 9.304562408e-02 9.301878568e-02
 9.267275832e-02 9.210022150e-02 9.136828629e-02 9.052512097e-02 8.960740385e-02
 1.016769504e-03 2.302382724e-03 4.104412973e-03 6.420784305e-03 9.033211450e-03
 9.770599820e-03 8.032694726e-03 5.878464773e-03 3.452211335e-03 7.479534539e-04
-2.229658061e-03-5.464296145e-03-8.935110853e-03-1.261667517e-02-1.647902586e-02
-2.048781229e-02-2.460455892e-02-2.878703784e-02-3.298973867e-02-3.716441380e-02
-4.126066941e-02-4.522656667e-02-4.900919421e-02-5.255517304e-02-5.581105830e-02
-5.872360942e-02-6.123991094e-02-6.330734048e-02-6.487339833e-02-6.588543474e-02
-6.629033746e-02-6.603427328e-02-6.506261579e-02-6.332023725e-02-6.075239606e-02
-5.730651158e-02-5.293517818e-02-4.760081779e-02-4.128238192e-02-3.398444934e-02
-2.574887000e-02-1.666870801e-02-6.903559716e-03 3.305590892e-03 1.366371868e-02
 2.416954935e-02 3.481022634e-02 4.554234637e-02 5.626045763e-02 6.674556921e-02
 7.661235315e-02 8.534239579e-02 9.243775651e-02 9.755252719e-02 1.006009744e-01
 1.018199084e-01 1.016998490e-01 1.007819788e-01 9.946708746e-02 9.798765814e-02
 9.646392709e-02 9.495411816e-02 9.348414309e-02 9.206359731e-02 9.069683439e-02
 1.031109281e-03 2.334985021e-03 4.162872367e-03 6.512926704e-03 9.169280963e-03
 9.960716781e-03 8.274632334e-03 6.189999818e-03 3.841890634e-03 1.226032007e-03
-1.655858203e-03-4.788004956e-03-8.150222042e-03-1.171784312e-02-1.546174435e-02
-1.934847124e-02-2.334047468e-02-2.739645305e-02-3.147178858e-02-3.551905775e-02
-3.948858768e-02-4.332902529e-02-4.698788202e-02-5.041201722e-02-5.354802613e-02
-5.634250510e-02-5.874217719e-02-6.069387506e-02-6.214439586e-02-6.304026444e-02
-6.332746721e-02-6.295125098e-02-6.185611858e-02-5.998619895e-02-5.728622185e-02
-5.370338502e-02-4.919045799e-02-4.371050777e-02-3.724363378e-02-2.979602540e-02
-2.141145320e-02-1.218491486e-02-2.277557760e-03 8.069091785e-03 1.875317611e-02
 2.985430610e-02 4.147219746e-02 5.373208224e-02 6.678706943e-02 8.081118642e-02
 9.575278304e-02 1.083603526e-01 1.184143862e-01 1.239274717e-01 1.244842749e-01
 1.208593767e-01 1.152028725e-01 1.103738601e-01 1.063277117e-01 1.029071005e-01
 9.998091533e-02 9.744360649e-02 9.521221407e-02 9.322227412e-02 9.141844060e-02
 1.048940692e-03 2.375540313e-03 4.235620782e-03 6.627593595e-03 9.327377304e-03
 1.016182443e-02 8.585099657e-03 6.579249598e-03 4.329028716e-03 1.824484292e-03
-9.364036176e-04-3.938578540e-03-7.162688356e-03-1.058501077e-02-1.417746476e-02
-1.790771727e-02-2.173939138e-02-2.563237434e-02-2.954321542e-02-3.342559581e-02
-3.723084536e-02-4.090847542e-02-4.440669382e-02-4.767286774e-02-5.065390297e-02
-5.329651459e-02-5.554737423e-02-5.735313264e-02-5.866033411e-02-5.941526075e-02
-5.956377103e-02-5.905122862e-02-5.782265505e-02-5.582328415e-02-5.299974570e-02
-4.930215746e-02-4.468745023e-02-3.912427307e-02-3.259979746e-02-2.512861281e-02
-1.676362097e-02-7.608327985e-03 2.170960005e-03 1.233468003e-02 2.296316411e-02
 3.418270959e-02 4.617674480e-02 5.921732843e-02 7.371931354e-02 9.032420905e-02
 1.098580094e-01 1.269289168e-01 1.382779388e-01 1.432492691e-01 1.413865051e-01
 1.336439119e-01 1.233572754e-01 1.156330040e-01 1.097364706e-01 1.050967656e-01
 1.013401673e-01 9.822060812e-02 9.557173705e-02 9.327796380e-02 9.126163009e-02
 1.069680433e-03 2.422732476e-03 4.320321274e-03 6.761294932e-03 9.536219324e-03
 1.047436462e-02 8.925686218e-03 7.033982555e-03 4.899485781e-03 2.526260970e-03
-8.998558842e-05-2.936366573e-03-5.994446525e-03-9.241556014e-03-1.265079885e-02
-1.619114025e-02-1.982758566e-02-2.352145150e-02-2.723072079e-02-3.091046865e-02
-3.451333587e-02-3.799002336e-02-4.128977734e-02-4.436083495e-02-4.715080230e-02
-4.960694410e-02-5.167637302e-02-5.330614153e-02-5.444325584e-02-5.503465397e-02
-5.502721607e-02-5.436790672e-02-5.300418619e-02-5.088486952e-02-4.796165818e-02
-4.419161413e-02-3.954088002e-02-3.398995643e-02-2.754080022e-02-2.022587753e-02
-1.211903795e-02-3.347570712e-03 5.895695664e-03 1.547787992e-02 2.547614628e-02
 3.599060198e-02 4.715547798e-02 5.915516627e-02 7.225236183e-02 8.686548716e-02
 1.043646062e-01 1.203389452e-01 1.314293251e-01 1.340996428e-01 1.324170634e-01
 1.264249738e-01 1.179114870e-01 1.117177887e-01 1.067770183e-01 1.027299005e-01
 9.934990787e-02 9.647778289e-02 9.399760889e-02 9.182340140e-02 8.988754639e-02
 1.092585235e-03 2.474884910e-03 4.413997203e-03 6.909200996e-03 9.739373836e-03
 1.073513887e-02 9.332221596e-03 7.540528957e-03 5.535132723e-03 3.309167905e-03
 8.590451690e-04-1.808082106e-03-4.674551834e-03-7.718725333e-03-1.091495014e-02
-1.423360816e-02-1.764125451e-02-2.110084541e-02-2.457204806e-02-2.801161922e-02
-3.137383379e-02-3.461094027e-02-3.767361738e-02-4.051140616e-02-4.307309493e-02
-4.530704057e-02-4.716141981e-02-4.858441761e-02-4.952437754e-02-4.992996076e-02
-4.975038628e-02-4.893585584e-02-4.743830180e-02-4.521263385e-02-4.221869942e-02
-3.842420312e-02-3.380884586e-02-2.836992495e-02-2.212955647e-02-1.514347712e-02
-7.511049669e-03 6.141676396e-04 9.015046459e-03 1.765413042e-02 2.655748942e-02
 3.574973338e-02 4.524719778e-02 5.504257036e-02 6.507029065e-02 7.513050201e-02
 8.475792869e-02 9.319076892e-02 9.969336890e-02 1.038527606e-01 1.056249496e-01
 1.053574351e-01 1.037408749e-01 1.015087786e-01 9.912262368e-02 9.679481543e-02
 9.460784791e-02 9.258491101e-02 9.072309681e-02 8.900882716e-02 8.742582119e-02
 1.116728632e-03 2.529914589e-03 4.512962815e-03 7.065725855e-03 9.968304046e-03
 1.105213039e-02 9.748524661e-03 8.080306188e-03 6.214904881e-03 4.149303765e-03
 1.881617075e-03-5.870343422e-04-3.239994878e-03-6.056800396e-03-9.013153086e-03
-1.208096975e-02-1.522850219e-02-1.842053332e-02-2.161864633e-02-2.478155896e-02
-2.786550830e-02-3.082466838e-02-3.361157986e-02-3.617757218e-02-3.847316109e-02
-4.044841123e-02-4.205326323e-02-4.323783818e-02-4.395274959e-02-4.414947432e-02
-4.378085813e-02-4.280186026e-02-4.117067092e-02-3.885036656e-02-3.581129226e-02
-3.203437743e-02-2.751558105e-02-2.227160518e-02-1.634688737e-02-9.821755925e-03
-2.821345119e-03 4.476469469e-03 1.190972958e-02 1.947164433e-02 2.714804307e-02
 3.491256635e-02 4.271957098e-02 5.049374247e-02 5.811699498e-02 6.541688890e-02
 7.216738348e-02 7.811568002e-02 8.303541489e-02 8.678384696e-02 8.933778562e-02
 9.079709260e-02 9.135432576e-02 9.124016003e-02 9.066976440e-02 8.981320437e-02
 8.879117367e-02 8.768368564e-02 8.654138412e-02 8.539517184e-02 8.426675697e-02
 1.140948436e-03 2.585224510e-03 4.612673051e-03 7.223909999e-03 1.021110898e-02
 1.140592158e-02 1.016841406e-02 8.630310898e-03 6.910749883e-03 5.013316439e-03
 2.937777415e-03 6.835016550e-04-1.737834489e-03-4.306742851e-03-7.000196790e-03
-9.791652383e-03-1.265113311e-02-1.554538658e-02-1.843811203e-02-2.129025056e-02
-2.406032749e-02-2.670483301e-02-2.917862623e-02-3.143534866e-02-3.342783666e-02
-3.510852888e-02-3.642987463e-02-3.734476178e-02-3.780699940e-02-3.777190973e-02
-3.719710579e-02-3.604355437e-02-3.427704777e-02-3.187022480e-02-2.880529498e-02
-2.507759689e-02-2.070008084e-02-1.570873511e-02-1.016886706e-02-4.181624789e-03
 2.110298071e-03 8.516090764e-03 1.500345255e-02 2.154474430e-02 2.810514316e-02
 3.464024515e-02 4.109330330e-02 4.739267155e-02 5.345048861e-02 5.916424827e-02
 6.442303456e-02 6.911913189e-02 7.316333675e-02 7.649986173e-02 7.911602024e-02
 8.104343064e-02 8.235039242e-02 8.312815159e-02 8.347568379e-02 8.348730472e-02
 8.324521086e-02 8.281667016e-02 8.225435207e-02 8.159812287e-02 8.087097626e-02
 1.163714495e-03 2.637404543e-03 4.707200169e-03 7.374709344e-03 1.041974239e-02
 1.167330630e-02 1.058746092e-02 9.160729932e-03 7.588603305e-03 5.862249121e-03
 3.983213607e-03 1.952934900e-03-2.243628535e-04-2.530200887e-03-4.942860160e-03
-7.437374489e-03-9.985608445e-03-1.255639653e-02-1.511573944e-02-1.762705814e-02
-2.005149869e-02-2.234827922e-02-2.447506938e-02-2.638839465e-02-2.804406150e-02
-2.939760631e-02-3.040478001e-02-3.102209289e-02-3.120745882e-02-3.092099436e-02
-3.012604727e-02-2.879054647e-02-2.688877539e-02-2.440368285e-02-2.132981754e-02
-1.767698280e-02-1.347462718e-02-8.776784378e-03-3.666958438e-03 1.736659592e-03
 7.273963877e-03 1.289470629e-02 1.856507598e-02 2.424669764e-02 2.989654901e-02
 3.546655765e-02 4.090347093e-02 4.614926461e-02 5.114242730e-02 5.582039897e-02
 6.012325695e-02 6.399840454e-02 6.740558258e-02 7.032117956e-02 7.274077495e-02
 7.467920595e-02 7.616809146e-02 7.725142782e-02 7.798031474e-02 7.840791632e-02
 7.858545148e-02 7.855954351e-02 7.837086108e-02 7.805385436e-02 7.764137118e-02
 1.182928247e-03 2.681748756e-03 4.788270060e-03 7.505569236e-03 1.062477083e-02
 1.198228306e-02 1.094839775e-02 9.637504161e-03 8.209687520e-03 6.651005351e-03
 4.966343273e-03 3.159315600e-03 1.233215729e-03-8.001034750e-04-2.920014518e-03
-5.103032779e-03-7.322870411e-03-9.550534690e-03-1.175449730e-02-1.390091806e-02
-1.595391869e-02-1.787589997e-02-1.962789731e-02-2.116997254e-02-2.246164428e-02
-2.346236630e-02-2.413207252e-02-2.443181676e-02-2.432454962e-02-2.377608791e-02
-2.275634391e-02-2.124088950e-02-1.921294816e-02-1.666587541e-02-1.360624118e-02
-1.005741096e-02-6.063424803e-03-1.693355484e-03 2.954518945e-03 7.757809869e-03
 1.268092199e-02 1.768365869e-02 2.272201702e-02 2.774897037e-02 3.271535205e-02
 3.757061595e-02 4.226355300e-02 4.674375370e-02 5.096386285e-02 5.488204505e-02
 5.846411463e-02 6.168506208e-02 6.452992531e-02 6.699404066e-02 6.908270494e-02
 7.081026292e-02 7.219866243e-02 7.327559597e-02 7.407243083e-02 7.462216988e-02
 7.495766127e-02 7.511020026e-02 7.510857344e-02 7.497847888e-02 7.474116191e-02
 1.195732673e-03 2.711815189e-03 4.844520982e-03 7.598922606e-03 1.076490059e-02
 1.218177014e-02 1.125267160e-02 1.002755872e-02 8.727320243e-03 7.326431030e-03
 5.827874098e-03 4.237296581e-03 2.560071521e-03 8.015591061e-04-1.020697069e-03
-2.884790405e-03-4.766333737e-03-6.638610289e-03-8.472743325e-03-1.023791682e-02
-1.190163451e-02-1.343001584e-02-1.478812820e-02-1.594035939e-02-1.685083882e-02
-1.748392338e-02-1.780476985e-02-1.778003090e-02-1.737871391e-02-1.657325296e-02
-1.534085943e-02-1.366523303e-02-1.153864468e-02-8.964445114e-03-5.959804257e-03
-2.559276287e-03 1.181969437e-03 5.177826038e-03 9.381733127e-03 1.376006541e-02
 1.827535412e-02 2.288169143e-02 2.752256926e-02 3.213279130e-02 3.665490740e-02
 4.103640063e-02 4.522017927e-02 4.915009097e-02 5.277943973e-02 5.607648992e-02
 5.902598241e-02 6.162727021e-02 6.389053548e-02 6.583275492e-02 6.747453636e-02
 6.883813779e-02 6.994642621e-02 7.082236824e-02 7.148872529e-02 7.196777729e-02
 7.228102345e-02 7.244887725e-02 7.249039427e-02 7.242303144e-02 7.226168083e-02
 1.198448976e-03 2.719084225e-03 4.860418568e-03 7.630181118e-03 1.081700563e-02
 1.226319296e-02 1.141593159e-02 1.025932303e-02 9.080591481e-03 7.822521200e-03
 6.497679489e-03 5.112193020e-03 3.672353346e-03 2.184882283e-03 6.582793523e-04
-8.869242160e-04-2.428183276e-03-3.941055932e-03-5.399456375e-03-6.775895388e-03
-8.041739982e-03-9.167491894e-03-1.012309196e-02-1.087825789e-02-1.140286878e-02
-1.166741695e-02-1.164356666e-02-1.130484666e-02-1.062752066e-02-9.591671240e-03
-8.182530492e-03-6.392122502e-03-4.221517649e-03-1.682979874e-03 1.198011362e-03
 4.373102495e-03 7.815688581e-03 1.151236566e-02 1.544562048e-02 1.959499449e-02
 2.393494066e-02 2.841500167e-02 3.301097705e-02 3.747125156e-02 4.179290585e-02
 4.599441545e-02 4.994847448e-02 5.354369624e-02 5.670679053e-02 5.941210752e-02
 6.167925135e-02 6.355782349e-02 6.510767842e-02 6.638438368e-02 6.743298770e-02
 6.828761576e-02 6.897361952e-02 6.951022268e-02 6.991275207e-02 7.019420943e-02
 7.036624073e-02 7.043965638e-02 7.042466035e-02 7.033100561e-02 7.017220984e-02
 1.187381561e-03 2.694406919e-03 4.817584638e-03 7.566443886e-03 1.074886901e-02
 1.221927072e-02 1.134591206e-02 1.026151472e-02 9.176386936e-03 8.055891194e-03
 6.897864606e-03 5.707062988e-03 4.490830116e-03 3.257931048e-03 2.017904088e-03
 7.835413976e-04-4.238413488e-04-1.581875853e-03-2.667334957e-03-3.656400012e-03
-4.524908423e-03-5.248607355e-03-5.803416900e-03-6.165711507e-03-6.312626550e-03
-6.222408167e-03-5.874821582e-03-5.251799275e-03-4.338287959e-03-3.123179828e-03
-1.600124830e-03 2.312324162e-04 2.360485740e-03 4.760504094e-03 7.437908560e-03
 1.039142514e-02 1.361951592e-02 1.712257436e-02 2.090238329e-02 2.496382437e-02
 2.932160299e-02 3.386333255e-02 3.847306850e-02 4.323765073e-02 4.804841970e-02
 5.273802833e-02 5.703732629e-02 6.065495654e-02 6.341935320e-02 6.532831466e-02
 6.654825859e-02 6.731836364e-02 6.782554515e-02 6.818244647e-02 6.844944591e-02
 6.865525642e-02 6.881136970e-02 6.892095254e-02 6.898381991e-02 6.899899640e-02
 6.896590579e-02 6.888481819e-02 6.875691286e-02 6.858404799e-02 6.836201627e-02
 1.161414345e-03 2.634685402e-03 4.708261704e-03 7.387817372e-03 1.045831473e-02
 1.175337277e-02 1.075071659e-02 9.837238319e-03 8.922289806e-03 7.961131786e-03
 6.967955912e-03 5.957654099e-03 4.944396487e-03 3.941892292e-03 2.963471633e-03
 2.022141941e-03 1.133272124e-03 3.173703833e-04-4.054139839e-04-1.015477355e-03
-1.493984834e-03-1.823078778e-03-1.986114622e-03-1.967895598e-03-1.754869299e-03
-1.335189715e-03-6.985389456e-04 1.631953957e-04 1.254509677e-03 2.574035045e-03
 4.116124247e-03 5.890237106e-03 7.902230686e-03 1.015659756e-02 1.266168325e-02
 1.542775024e-02 1.846703258e-02 2.179416150e-02 2.542665400e-02 2.938490342e-02
 3.368830244e-02 3.834321006e-02 4.338039379e-02 4.889190885e-02 5.499170866e-02
 6.198758431e-02 6.857195169e-02 7.313751338e-02 7.535235640e-02 7.514374609e-02
 7.355564761e-02 7.227503561e-02 7.121554094e-02 7.038963365e-02 6.975926741e-02
 6.927473980e-02 6.889244921e-02 6.857781530e-02 6.830455998e-02 6.805320673e-02
 6.780961259e-02 6.756373658e-02 6.730866198e-02 6.703991348e-02 6.675861190e-02
 1.123172978e-03 2.547657516e-03 4.551689160e-03 7.138982118e-03 1.009445006e-02
 1.125005589e-02 1.010452140e-02 9.220149569e-03 8.419869300e-03 7.565663127e-03
 6.690784492e-03 5.818007212e-03 4.967603656e-03 4.157882719e-03 3.405493742e-03
 2.725662016e-03 2.132429501e-03 1.640473229e-03 1.266297060e-03 1.024382757e-03
 9.270759846e-04 9.844819269e-04 1.204149799e-03 1.590643665e-03 2.144933210e-03
 2.863387839e-03 3.745551195e-03 4.791840582e-03 6.001943470e-03 7.375935803e-03
 8.915972338e-03 1.062874725e-02 1.252471189e-02 1.461785664e-02 1.692533236e-02
 1.946787562e-02 2.227024102e-02 2.536009561e-02 2.876723730e-02 3.252467136e-02
 3.667307969e-02 4.127043723e-02 4.640716277e-02 5.222807177e-02 5.896356399e-02
 6.686612973e-02 7.403308392e-02 7.884427971e-02 8.133279403e-02 8.143488150e-02
 7.899939932e-02 7.559145090e-02 7.320686231e-02 7.152693655e-02 7.029520258e-02
 6.935793573e-02 6.861894574e-02 6.801541614e-02 6.750485365e-02 6.705770636e-02
 6.665299054e-02 6.627558979e-02 6.591452314e-02 6.556178524e-02 6.521200409e-02
 1.073586040e-03 2.436766478e-03 4.357783732e-03 6.844179708e-03 9.693983591e-03
 1.074979366e-02 9.479025203e-03 8.552442697e-03 7.706758685e-03 6.854709777e-03
 6.015151352e-03 5.211959712e-03 4.467875321e-03 3.803613618e-03 3.237500676e-03
 2.785404481e-03 2.460875458e-03 2.275424240e-03 2.239060756e-03 2.359510945e-03
 2.640603255e-03 3.083828147e-03 3.687117273e-03 4.444598968e-03 5.346667926e-03
 6.380668409e-03 7.532761423e-03 8.789546994e-03 1.013993138e-02 1.157725852e-02
 1.310115480e-02 1.471830445e-02 1.644283414e-02 1.830827714e-02 2.033861205e-02
 2.254678036e-02 2.499531818e-02 2.772508957e-02 3.077822710e-02 3.418584469e-02
 3.795642543e-02 4.212879471e-02 4.675160824e-02 5.188152889e-02 5.759082838e-02
 6.399044845e-02 6.980573371e-02 7.395285493e-02 7.639286562e-02 7.704144968e-02
 7.576239020e-02 7.356917856e-02 7.185379424e-02 7.048187227e-02 6.936280741e-02
 6.843194393e-02 6.764261148e-02 6.696071771e-02 6.636088181e-02 6.582379999e-02
 6.533450360e-02 6.488121186e-02 6.445456244e-02 6.404701543e-02 6.364986483e-02
 1.007542043e-03 2.289789626e-03 4.102306448e-03 6.457765971e-03 9.149881885e-03
 1.002614236e-02 8.647699692e-03 7.569110682e-03 6.613465816e-03 5.676368252e-03
 4.790128926e-03 3.984997746e-03 3.288412084e-03 2.723988104e-03 2.310977237e-03
 2.064294084e-03 1.994960081e-03 2.110680110e-03 2.416255539e-03 2.913575262e-03
 3.601160240e-03 4.473568378e-03 5.520334019e-03 6.724838104e-03 8.063461213e-03
 9.505612227e-03 1.101533877e-02 1.255508295e-02 1.409154617e-02 1.560250897e-02
 1.707851847e-02 1.852474349e-02 2.003886473e-02 2.158644551e-02 2.321327003e-02
 2.495464545e-02 2.690028204e-02 2.910097544e-02 3.161197520e-02 3.446937957e-02
 3.766436612e-02 4.120861821e-02 4.508635968e-02 4.923557606e-02 5.352844304e-02
 5.774785674e-02 6.159719278e-02 6.478607973e-02 6.712276459e-02 6.854592204e-02
 6.913586856e-02 6.910127624e-02 6.868981738e-02 6.809101796e-02 6.741885529e-02
 6.673542026e-02 6.607254712e-02 6.544489208e-02 6.485740685e-02 6.430966506e-02
 6.379840743e-02 6.331904748e-02 6.286655889e-02 6.243609678e-02 6.202791482e-02
 9.152551829e-04 2.084491691e-03 3.745311257e-03 5.916563200e-03 8.411080046e-03
 9.086625106e-03 7.424726258e-03 6.104229331e-03 4.923807312e-03 3.797500260e-03
 2.771276570e-03 1.887506261e-03 1.182831280e-03 6.851477191e-04 4.127504812e-04
 3.757069903e-04 5.783971007e-04 1.021966455e-03 1.705892258e-03 2.628419966e-03
 3.785971602e-03 5.171621175e-03 6.772590627e-03 8.566612786e-03 1.051720171e-02
 1.256869820e-02 1.464378389e-02 1.664847050e-02 1.848951247e-02 2.009262521e-02
 2.151263434e-02 2.273437159e-02 2.379775211e-02 2.478999328e-02 2.579011653e-02
 2.687036913e-02 2.809790279e-02 2.954021518e-02 3.127092191e-02 3.336874343e-02
 3.590268318e-02 3.890441091e-02 4.234108679e-02 4.610695661e-02 5.003621096e-02
 5.392348902e-02 5.754345141e-02 6.067604872e-02 6.314571219e-02 6.486590695e-02
 6.586266453e-02 6.625630783e-02 6.621070595e-02 6.588254768e-02 6.539412620e-02
 6.482913574e-02 6.423979357e-02 6.365618510e-02 6.309403897e-02 6.256022596e-02
 6.205636425e-02 6.158109426e-02 6.113148558e-02 6.070379697e-02 6.028825070e-02
 7.823614085e-04 1.789256518e-03 3.233699614e-03 5.145768345e-03 7.340325745e-03
 7.678208001e-03 5.675834423e-03 3.939534772e-03 2.345192540e-03 8.858070564e-04
-4.139956648e-04-1.475046662e-03-2.236008686e-03-2.664481339e-03-2.756199365e-03
-2.523617711e-03-1.983279006e-03-1.147983867e-03-2.437107176e-05 1.386315450e-03
 3.086364340e-03 5.079506033e-03 7.368204304e-03 9.948742168e-03 1.280096344e-02
 1.586769429e-02 1.901996710e-02 2.202061901e-02 2.453801475e-02 2.638355123e-02
 2.748541161e-02 2.794970043e-02 2.806390084e-02 2.806214482e-02 2.808031267e-02
 2.817985653e-02 2.838546183e-02 2.872232159e-02 2.926614361e-02 3.021262913e-02
 3.188438969e-02 3.454454410e-02 3.817965520e-02 4.250220276e-02 4.716534112e-02
 5.190895291e-02 5.648839241e-02 6.053648295e-02 6.357849897e-02 6.531334385e-02
 6.585270512e-02 6.562384968e-02 6.504126727e-02 6.434047958e-02 6.362497393e-02
 6.293574262e-02 6.228755681e-02 6.168418711e-02 6.112459605e-02 6.060556106e-02
 6.012285467e-02 5.967180413e-02 5.924759444e-02 5.884555452e-02 5.846428437e-02
 5.881148246e-04 1.353836605e-03 2.473826274e-03 4.003823581e-03 5.802224197e-03
 5.792857212e-03 3.508969042e-03 1.048556815e-03-1.287995474e-03-3.490409354e-03
-5.403117294e-03-6.838726691e-03-7.659213433e-03-7.865132745e-03-7.561269726e-03
-6.862354205e-03-5.838388501e-03-4.515086364e-03-2.891841690e-03-9.557360525e-04
 1.312214182e-03 3.937085318e-03 6.954398975e-03 1.041751346e-02 1.440709426e-02
 1.903818095e-02 2.443357608e-02 3.045182108e-02 3.558438842e-02 3.787962810e-02
 3.704831409e-02 3.469642866e-02 3.259834624e-02 3.102725901e-02 2.986595063e-02
 2.895747732e-02 2.813705130e-02 2.720129603e-02 2.583228057e-02 2.332549686e-02
 2.219532687e-02 2.465302854e-02 3.109216768e-02 3.814775752e-02 4.450268139e-02
 5.088527127e-02 5.795354924e-02 6.700754883e-02 7.242964782e-02 7.328633677e-02
 6.923915327e-02 6.610484722e-02 6.408897586e-02 6.267054471e-02 6.159998280e-02
 6.074705287e-02 6.003872864e-02 5.943152963e-02 5.889822058e-02 5.842097662e-02
 5.798761384e-02 5.758912237e-02 5.721776665e-02 5.686642383e-02 5.653102272e-02
 3.222940507e-04 7.354798594e-04 1.332849468e-03 2.162546882e-03 3.191302502e-03
 2.663391940e-03 2.760667756e-05-2.948748164e-03-6.290462455e-03-1.008938386e-02
-1.385374842e-02-1.629850341e-02-1.671598359e-02-1.555635574e-02-1.402807970e-02
-1.247129334e-02-1.082843576e-02-8.998825467e-03-6.899691304e-03-4.477677922e-03
-1.702612712e-03 1.447430222e-03 5.004488864e-03 9.031205896e-03 1.364873850e-02
 1.908930633e-02 2.582434683e-02 3.499133475e-02 4.383338788e-02 4.658667091e-02
 4.294649110e-02 3.718806704e-02 3.386756313e-02 3.172335960e-02 3.023342536e-02
 2.911051193e-02 2.815730759e-02 2.720561832e-02 2.610631089e-02 2.493159282e-02
 2.494345216e-02 2.716731747e-02 3.145921804e-02 3.683309126e-02 4.228113539e-02
 4.784232343e-02 5.368645232e-02 5.949352939e-02 6.375755819e-02 6.516418146e-02
 6.386633199e-02 6.198347218e-02 6.049172631e-02 5.936855799e-02 5.850359886e-02
 5.781683463e-02 5.725314589e-02 5.677231862e-02 5.635623946e-02 5.598043819e-02
 5.564170595e-02 5.533587768e-02 5.506050382e-02 5.479232404e-02 5.452064118e-02
 4.434389227e-05 7.245130353e-05 4.865554860e-05-1.252231244e-04-6.449439408e-04
-1.781736471e-03-3.716137599e-03-6.500582726e-03-1.027499889e-02-1.550841259e-02
-2.208296402e-02-2.576832487e-02-2.588504810e-02-2.217280327e-02-1.979841914e-02
-1.805335884e-02-1.638115164e-02-1.444133014e-02-1.205935239e-02-9.202559769e-03
-5.927264202e-03-2.313476596e-03 1.578175020e-03 5.718009674e-03 1.009651077e-02
 1.469342956e-02 1.940813883e-02 2.392646998e-02 2.763903294e-02 2.996800116e-02
 3.079839275e-02 3.060442555e-02 2.998287942e-02 2.932766890e-02 2.876976996e-02
 2.834898541e-02 2.807880225e-02 2.797110737e-02 2.810405183e-02 2.861028816e-02
 2.968007270e-02 3.145035082e-02 3.390928574e-02 3.691158370e-02 4.024054734e-02
 4.369094844e-02 4.704982444e-02 5.005822791e-02 5.244232815e-02 5.402240978e-02
 5.483159843e-02 5.508384961e-02 5.502625379e-02 5.483292153e-02 5.459419688e-02
 5.435092057e-02 5.411677518e-02 5.389385304e-02 5.367977897e-02 5.346953616e-02
 5.325860951e-02 5.304746162e-02 5.286981596e-02 5.269800768e-02 5.251506808e-02
-1.437240689e-04-3.564806086e-04-7.158520951e-04-1.287681360e-03-2.156610536e-03
-3.414405508e-03-5.142764774e-03-7.399471597e-03-1.019303510e-02-1.344835084e-02
-1.675986430e-02-1.945426673e-02-2.113113908e-02-2.203449133e-02-2.273170755e-02
-2.332087151e-02-2.329814905e-02-2.200251463e-02-1.921562848e-02-1.533484214e-02
-1.098433739e-02-6.554937112e-03-2.194814423e-03 2.052268150e-03 6.164833000e-03
 1.010470755e-02 1.379700523e-02 1.712664619e-02 1.996176866e-02 2.220472897e-02
 2.384205962e-02 2.495526333e-02 2.568443859e-02 2.617656940e-02 2.655358880e-02
 2.690705852e-02 2.730733803e-02 2.781559247e-02 2.849212236e-02 2.939700455e-02
 3.058115130e-02 3.207092078e-02 3.385507800e-02 3.588210645e-02 3.806807248e-02
 4.030854952e-02 4.248945791e-02 4.449843496e-02 4.624091985e-02 4.765908189e-02
 4.874360038e-02 4.952905130e-02 5.007496265e-02 5.044444616e-02 5.069045274e-02
 5.085123837e-02 5.095147688e-02 5.100538388e-02 5.101992914e-02 5.099753587e-02
 5.093816999e-02 5.083896413e-02 5.076692082e-02 5.067759592e-02 5.055154021e-02
-2.238077268e-04-5.260834881e-04-9.850277732e-04-1.633071899e-03-2.506750721e-03
-3.640937574e-03-5.061056559e-03-6.771319080e-03-8.745330301e-03-1.093147594e-02
-1.324949600e-02-1.563999374e-02-1.814579922e-02-2.102451665e-02-2.482478216e-02
-3.065469272e-02-3.694848907e-02-3.696578871e-02-3.080864734e-02-2.150145426e-02
-1.476400079e-02-9.243701713e-03-4.434706394e-03-1.139003593e-04 3.819744201e-03
 7.404695354e-03 1.064486581e-02 1.352722023e-02 1.603655627e-02 1.816886486e-02
 1.994085149e-02 2.139244825e-02 2.258186920e-02 2.357645751e-02 2.444390618e-02
 2.524673278e-02 2.604021450e-02 2.687230678e-02 2.778373792e-02 2.880700477e-02
 2.996395687e-02 3.126271469e-02 3.269534051e-02 3.423753833e-02 3.585082229e-02
 3.748673977e-02 3.909243404e-02 4.061694167e-02 4.201755082e-02 4.326507460e-02
 4.434656646e-02 4.526453614e-02 4.603305774e-02 4.667235985e-02 4.720369914e-02
 4.764561839e-02 4.801180751e-02 4.831029624e-02 4.854368713e-02 4.871033580e-02
 4.880644203e-02 4.882772274e-02 4.884175532e-02 4.881389376e-02 4.873773363e-02
-2.337527923e-04-5.388434047e-04-9.831398251e-04-1.580509994e-03-2.345222200e-03
-3.289266876e-03-4.419582599e-03-5.734170391e-03-7.215324578e-03-8.861156455e-03
-1.066411623e-02-1.263452368e-02-1.482121802e-02-1.733743495e-02-2.029913446e-02
-2.356691121e-02-2.598006899e-02-2.571129386e-02-2.244534921e-02-1.745541424e-02
-1.240653500e-02-7.743987148e-03-3.484628295e-03 3.993604677e-04 3.921401039e-03
 7.083944226e-03 9.891163255e-03 1.235706875e-02 1.450638677e-02 1.637130664e-02
 1.798811968e-02 1.939533119e-02 2.063267400e-02 2.174013244e-02 2.275671423e-02
 2.371917807e-02 2.466094369e-02 2.561120875e-02 2.659413983e-02 2.762800600e-02
 2.872425922e-02 2.988674176e-02 3.111131214e-02 3.238616188e-02 3.369295864e-02
 3.500876779e-02 3.630854671e-02 3.756789595e-02 3.876567861e-02 3.988608976e-02
 4.091981523e-02 4.186409629e-02 4.272176938e-02 4.349956272e-02 4.420599705e-02
 4.484913264e-02 4.543421055e-02 4.596111195e-02 4.642179353e-02 4.679892692e-02
 4.706892306e-02 4.721436269e-02 4.723930654e-02 4.720652488e-02 4.713089509e-02
-2.088622999e-04-4.767253037e-04-8.583988368e-04-1.358289536e-03-1.980147178e-03
-2.725867719e-03-3.594405778e-03-4.578891065e-03-5.663159951e-03-6.843564869e-03
-8.105992949e-03-9.423473409e-03-1.076854316e-02-1.209033916e-02-1.327380953e-02
-1.411314844e-02-1.432333579e-02-1.364817611e-02-1.200804479e-02-9.544838259e-03
-6.524379011e-03-3.207918067e-03 1.939003917e-04 3.499624393e-03 6.540254384e-03
 9.187848084e-03 1.140233008e-02 1.323580309e-02 1.478428762e-02 1.613608694e-02
 1.735246582e-02 1.847192145e-02 1.951978987e-02 2.051528648e-02 2.147515051e-02
 2.241499643e-02 2.334943469e-02 2.429162938e-02 2.525265081e-02 2.624080875e-02
 2.726107972e-02 2.831472154e-02 2.939915998e-02 3.050821078e-02 3.163265931e-02
 3.276116497e-02 3.388140290e-02 3.498131171e-02 3.605029322e-02 3.708021387e-02
 3.806609128e-02 3.900640839e-02 3.990306602e-02 4.076103457e-02 4.158776539e-02
 4.239232766e-02 4.318395966e-02 4.396901502e-02 4.474343326e-02 4.547329186e-02
 4.605581704e-02 4.633592821e-02 4.629216250e-02 4.606655621e-02 4.577352803e-02
-1.705641286e-04-3.869357446e-04-6.909660645e-04-1.082260999e-03-1.559243212e-03
-2.118471708e-03-2.753858309e-03-3.453415545e-03-4.198753084e-03-4.977432077e-03
-5.764280327e-03-6.520418615e-03-7.206430710e-03-7.763406713e-03-8.111211468e-03
-8.153228783e-03-7.789007623e-03-6.935377575e-03-5.546226876e-03-3.617885352e-03
-1.175381139e-03 1.747157440e-03 5.101835819e-03 8.730339004e-03 1.204277132e-02
 1.427734180e-02 1.533191642e-02 1.579898672e-02 1.621905135e-02 1.674116335e-02
 1.736687218e-02 1.806913905e-02 1.882345895e-02 1.961302831e-02 2.042795851e-02
 2.126345928e-02 2.211809925e-02 2.299234919e-02 2.388741409e-02 2.480432749e-02
 2.574328722e-02 2.670322237e-02 2.768158742e-02 2.867437727e-02 2.967634778e-02
 3.068141136e-02 3.168316199e-02 3.267547266e-02 3.365310460e-02 3.461227572e-02
 3.555115528e-02 3.647028405e-02 3.737296242e-02 3.826570620e-02 3.915895270e-02
 4.006834416e-02 4.101721600e-02 4.204162414e-02 4.320116589e-02 4.460700179e-02
 4.644937100e-02 4.705228875e-02 4.597289470e-02 4.502549760e-02 4.437286891e-02
-1.302553211e-04-2.941477143e-04-5.219619791e-04-8.110421952e-04-1.157318292e-03
-1.554850520e-03-1.995407590e-03-2.467537623e-03-2.942354045e-03-3.415670571e-03
-3.854642420e-03-4.225107160e-03-4.501778251e-03-4.640790948e-03-4.591877630e-03
-4.302100885e-03-3.720417327e-03-2.800714592e-03-1.502989606e-03 2.100064642e-04
 2.386900436e-03 5.119006370e-03 8.594851331e-03 1.332751755e-02 1.833372481e-02
 2.046894549e-02 1.969425983e-02 1.767810751e-02 1.698813370e-02 1.689347963e-02
 1.711938366e-02 1.753891159e-02 1.808348083e-02 1.871279359e-02 1.940212682e-02
 2.013602357e-02 2.090475464e-02 2.170213637e-02 2.252409003e-02 2.336765331e-02
 2.423029960e-02 2.510948893e-02 2.600240734e-02 2.690586582e-02 2.781633474e-02
 2.873008910e-02 2.964343794e-02 3.055300951e-02 3.145606567e-02 3.235082436e-02
 3.323677994e-02 3.411502745e-02 3.498861972e-02 3.586301894e-02 3.674675175e-02
 3.765245513e-02 3.859863054e-02 3.961264498e-02 4.073591011e-02 4.203292538e-02
 4.381168959e-02 4.437265468e-02 4.349921778e-02 4.272877194e-02 4.217328475e-02
-9.345151613e-05-2.101948108e-04-3.709106031e-04-5.722266446e-04-8.094581585e-04
-1.076346729e-03-1.364607548e-03-1.660555395e-03-1.942514990e-03-2.195854257e-03
-2.397922243e-03-2.529745790e-03-2.574660233e-03-2.505249127e-03-2.276442818e-03
-1.842629605e-03-1.201824766e-03-3.282583120e-04 8.023919901e-04 2.209048478e-03
 3.904504722e-03 5.890691337e-03 8.121735287e-03 1.044652344e-02 1.253746717e-02
 1.404021539e-02 1.485860273e-02 1.521786233e-02 1.544242283e-02 1.570853747e-02
 1.606549217e-02 1.651321647e-02 1.703839097e-02 1.762645378e-02 1.826494086e-02
 1.894402156e-02 1.965618687e-02 2.039573372e-02 2.115825652e-02 2.194021286e-02
 2.273857972e-02 2.355059997e-02 2.437361505e-02 2.520497769e-02 2.604203644e-02
 2.688218041e-02 2.772293071e-02 2.856206345e-02 2.939774890e-02 3.022869174e-02
 3.105425765e-02 3.187457124e-02 3.269056387e-02 3.350393362e-02 3.431693510e-02
 3.513181325e-02 3.594945796e-02 3.676634130e-02 3.756781988e-02 3.831521504e-02
 3.893195096e-02 3.932649676e-02 3.947397958e-02 3.944472974e-02 3.932971916e-02
-6.230779246e-05-1.395323312e-04-2.447143320e-04-3.745707768e-04-5.247990394e-04
-6.901077469e-04-8.644036834e-04-1.038778640e-03-1.190157846e-03-1.279261518e-03
-1.323804635e-03-1.312755247e-03-1.229481475e-03-1.061429663e-03-7.415056096e-04
-2.835741611e-04 3.189271264e-04 1.077336470e-03 1.998558368e-03 3.081835571e-03
 4.315435305e-03 5.671339881e-03 7.097834698e-03 8.519307027e-03 9.847707409e-03
 1.100913882e-02 1.197291836e-02 1.275984148e-02 1.342311499e-02 1.401981061e-02
 1.459327546e-02 1.517005992e-02 1.576386412e-02 1.638037382e-02 1.702088725e-02
 1.768449512e-02 1.836932945e-02 1.907317047e-02 1.979370908e-02 2.052869786e-02
 2.127596548e-02 2.203342257e-02 2.279900800e-02 2.357067081e-02 2.434639224e-02
 2.512417616e-02 2.590212120e-02 2.667843777e-02 2.745150092e-02 2.821988810e-02
 2.898235117e-02 2.973780319e-02 3.048515781e-02 3.122310149e-02 3.194966770e-02
 3.266156542e-02 3.335320235e-02 3.401535411e-02 3.463392544e-02 3.518979385e-02
 3.566155295e-02 3.603210881e-02 3.629584676e-02 3.646025967e-02 3.654409425e-02
-3.721022230e-05-8.274716052e-05-1.436972198e-04-2.170524525e-04-2.988993481e-04
-3.843971426e-04-4.677524465e-04-5.427131877e-04-5.899917500e-04-5.960106159e-04
-5.504181788e-04-4.603151360e-04-2.962690982e-04-5.991004301e-05 2.641915002e-04
 6.929744184e-04 1.214018659e-03 1.856658337e-03 2.594442128e-03 3.432553766e-03
 4.360002371e-03 5.340160431e-03 6.376543142e-03 7.403815845e-03 8.410356123e-03
 9.362484435e-03 1.023444210e-02 1.105286900e-02 1.179130908e-02 1.249522877e-02
 1.316244470e-02 1.380581721e-02 1.445814044e-02 1.509265965e-02 1.575289293e-02
 1.641064210e-02 1.707682072e-02 1.776393874e-02 1.844189167e-02 1.915174390e-02
 1.985311351e-02 2.056546211e-02 2.128768368e-02 2.199684944e-02 2.273242427e-02
 2.344850828e-02 2.417485790e-02 2.489723409e-02 2.560292111e-02 2.632475742e-02
 2.701693686e-02 2.771796665e-02 2.839993901e-02 2.906158213e-02 2.972389096e-02
 3.034449628e-02 3.095889027e-02 3.153270709e-02 3.205951428e-02 3.255734447e-02
 3.297846822e-02 3.335788344e-02 3.366746434e-02 3.390740830e-02 3.411096102e-02
 0.149103483E+01 0.150675090E+01 0.152124854E+01 0.153634444E+01 0.155183101E+01
 0.156768913E+01 0.158394395E+01 0.160061388E+01 0.161773114E+01 0.163533487E+01
 0.165345511E+01 0.167212983E+01 0.169140885E+01 0.171132693E+01 0.173192011E+01
 0.175324759E+01 0.177536251E+01 0.179831320E+01 0.182214299E+01 0.184691036E+01
 0.187269481E+01 0.189956190E+01 0.192757659E+01 0.195680344E+01 0.198732000E+01
 0.201923538E+01 0.205264654E+01 0.208764919E+01 0.212434691E+01 0.216284782E+01
 0.220329413E+01 0.224584785E+01 0.229066670E+01 0.233791342E+01 0.238776881E+01
 0.244043799E+01 0.249617050E+01 0.255523694E+01 0.261792906E+01 0.268457141E+01
 0.275552028E+01 0.283117533E+01 0.291201793E+01 0.299860025E+01 0.309153101E+01
 0.319150693E+01 0.329934130E+01 0.341598222E+01 0.354253187E+01 0.368029847E+01
 0.383084809E+01 0.399604985E+01 0.417816492E+01 0.437997649E+01 0.460495544E+01
 0.485752874E+01 0.514350105E+01 0.547061950E+01 0.584923399E+01 0.629428336E+01
 0.682887887E+01 0.749244125E+01 0.836235229E+01 0.964478520E+01 0.163944762E+02
  361   98
 0.576714471E+00 0.119139779E+01 0.570332071E+00 0.117743381E+01 0.563947341E+00
 0.116347090E+01 0.557571584E+00 0.114950388E+01 0.551207117E+00 0.113553172E+01
 0.544859254E+00 0.112155200E+01 0.538536099E+00 0.110756110E+01 0.532249830E+00
 0.109355359E+01 0.526012446E+00 0.107952424E+01 0.519831485E+00 0.106546994E+01
 0.513711901E+00 0.105138881E+01 0.507658400E+00 0.103727915E+01 0.501677770E+00
 0.102313845E+01 0.495776529E+00 0.100896444E+01 0.489958360E+00 0.994756130E+00
 0.484224386E+00 0.980513632E+00 0.478574863E+00 0.966237424E+00 0.473011777E+00
 0.951927314E+00 0.467538270E+00 0.937582703E+00 0.462155738E+00 0.923203708E+00
 0.456862997E+00 0.908791419E+00 0.451657473E+00 0.894347398E+00 0.446538303E+00
 0.879872548E+00 0.441508554E+00 0.865366385E+00 0.436571024E+00 0.850828575E+00
 0.431726674E+00 0.836259450E+00 0.426974907E+00 0.821659866E+00 0.422315024E+00
 0.807030695E+00 0.417748375E+00 0.792372154E+00 0.413277841E+00 0.777684016E+00
 0.408906275E+00 0.762966121E+00 0.404635878E+00 0.748218555E+00 0.400467089E+00
 0.733441944E+00 0.396399025E+00 0.718637286E+00 0.392430789E+00 0.703805558E+00
 0.388562098E+00 0.688947554E+00 0.384793739E+00 0.674063788E+00 0.381127047E+00
 0.659154650E+00 0.377563208E+00 0.644220593E+00 0.374102932E+00 0.629262202E+00
 0.370746350E+00 0.614280200E+00 0.367492573E+00 0.599275536E+00 0.364339757E+00
 0.584249331E+00 0.361286302E+00 0.569202621E+00 0.358331102E+00 0.554136305E+00
 0.355473594E+00 0.539051155E+00 0.352713545E+00 0.523947870E+00 0.350050842E+00
 0.508827118E+00 0.347485362E+00 0.493689568E+00 0.345016873E+00 0.478535900E+00
 0.342644380E+00 0.463366904E+00 0.340365389E+00 0.448183579E+00 0.338177334E+00
 0.432986881E+00 0.336077983E+00 0.417777674E+00 0.334065637E+00 0.402556711E+00
 0.332139410E+00 0.387324610E+00 0.330298866E+00 0.372081917E+00 0.328543519E+00
 0.356829179E+00 0.326872498E+00 0.341566971E+00 0.325284530E+00 0.326295899E+00
 0.323778274E+00 0.311016549E+00 0.322352793E+00 0.295729452E+00 0.321007557E+00
 0.280435085E+00 0.319742312E+00 0.265133892E+00 0.318556349E+00 0.249826350E+00
 0.317448589E+00 0.234512950E+00 0.316418020E+00 0.219194161E+00 0.315463723E+00
 0.203870431E+00 0.314584676E+00 0.188542200E+00 0.313779456E+00 0.173209913E+00
 0.313046719E+00 0.157873990E+00 0.312385305E+00 0.142534826E+00 0.311794306E+00
 0.127192787E+00 0.311273567E+00 0.111848202E+00 0.310823408E+00 0.965013853E-01
 0.310444231E+00 0.811526507E-01 0.310136511E+00 0.658023173E-01 0.309900268E+00
 0.504507173E-01 0.309734426E+00 0.350981950E-01 0.309637940E+00 0.197450799E-01
 0.309609943E+00 0.439168689E-02 0.309649753E+00-0.109616802E-01 0.309757181E+00
-0.263147231E-01 0.309932368E+00-0.416671422E-01 0.310175593E+00-0.570186340E-01
 0.310487287E+00-0.723688882E-01 0.310868008E+00-0.877175852E-01 0.311318400E+00
-0.103064396E+00 0.311839270E+00-0.118408975E+00 0.312431594E+00-0.133750963E+00
 0.313096406E+00-0.149089980E+00 0.313834016E+00-0.164425668E+00 0.314644411E+00
-0.179757683E+00 0.315527701E+00-0.195085671E+00 0.316484184E+00-0.210409265E+00
 0.317514754E+00-0.225728055E+00 0.318621135E+00-0.241041555E+00 0.319805231E+00
-0.256349242E+00 0.321068952E+00-0.271650560E+00 0.322413973E+00-0.286944946E+00
 0.323840796E+00-0.302231917E+00 0.325349543E+00-0.317511020E+00 0.326940595E+00
-0.332781772E+00 0.328614663E+00-0.348043645E+00 0.330372713E+00-0.363296073E+00
 0.332215744E+00-0.378538464E+00 0.334144902E+00-0.393770194E+00 0.336161613E+00
-0.408990579E+00 0.338267543E+00-0.424198875E+00 0.340464401E+00-0.439394302E+00
 0.342753930E+00-0.454576041E+00 0.345138017E+00-0.469743219E+00 0.347618771E+00
-0.484894884E+00 0.350198031E+00-0.500030091E+00 0.352876625E+00-0.515148034E+00
 0.355655069E+00-0.530247945E+00 0.358533623E+00-0.545329092E+00 0.361512391E+00
-0.560390765E+00 0.364591963E+00-0.575432151E+00 0.367773831E+00-0.590452228E+00
 0.371060186E+00-0.605449789E+00 0.374453626E+00-0.620423483E+00 0.377956294E+00
-0.635372002E+00 0.381568306E+00-0.650294477E+00 0.385288792E+00-0.665190279E+00
 0.389116295E+00-0.680058943E+00 0.393049162E+00-0.694900086E+00 0.397086888E+00
-0.709713045E+00 0.401230954E+00-0.724496604E+00 0.405483360E+00-0.739249365E+00
 0.409845773E+00-0.753969970E+00 0.414318915E+00-0.768657307E+00 0.418901650E+00
-0.783310820E+00 0.423592300E+00-0.797930146E+00 0.428389778E+00-0.812514766E+00
 0.433294555E+00-0.827063651E+00 0.438308189E+00-0.841575382E+00 0.443432242E+00
-0.856048492E+00 0.448667215E+00-0.870481852E+00 0.454012502E+00-0.884874724E+00
 0.459467738E+00-0.899226282E+00 0.465036547E+00-0.913534150E+00 0.470725409E+00
-0.927794705E+00 0.476539684E+00-0.942004586E+00 0.482482554E+00-0.956161165E+00
 0.488556306E+00-0.970262084E+00 0.494769021E+00-0.984302320E+00 0.501134936E+00
-0.998273748E+00 0.507669770E+00-0.101216695E+01 0.514389858E+00-0.102597148E+01
 0.521315243E+00-0.103967414E+01 0.528480236E+00-0.105325298E+01 0.535939456E+00
-0.106667231E+01 0.543772768E+00-0.107987651E+01 0.552097752E+00-0.109277584E+01
 0.561095271E+00-0.110521415E+01 0.571049080E+00-0.111689796E+01 0.582362195E+00
-0.112726230E+01 0.595383808E+00-0.113535207E+01 0.609919642E+00-0.114020068E+01
 0.625170742E+00-0.114179482E+01 0.640495883E+00-0.114100978E+01 0.655674301E+00
-0.113871936E+01 0.670683051E+00-0.113549058E+01 0.685548514E+00-0.113165289E+01
 0.700300717E+00-0.112739952E+01 0.714962829E+00-0.112284483E+01 0.729551539E+00
-0.111806005E+01 0.744077770E+00-0.111308872E+01 0.758549105E+00-0.110795972E+01
 0.772969908E+00-0.110269030E+01 0.787343089E+00-0.109729232E+01 0.801666830E+00
-0.109176450E+01 0.815932402E+00-0.108608830E+01 0.830128673E+00-0.108024099E+01
 0.844244636E+00-0.107420244E+01 0.858268749E+00-0.106795359E+01 0.872189599E+00
-0.106147800E+01 0.885996387E+00-0.105476269E+01 0.899680279E+00-0.104780038E+01
 0.913235168E+00-0.104059014E+01 0.926657210E+00-0.103313551E+01 0.939943238E+00
-0.102544109E+01 0.953082104E+00-0.101749805E+01 0.966052899E+00-0.100928349E+01
 0.978836307E+00-0.100078030E+01 0.991420477E+00-0.991984934E+00 0.100379950E+01
-0.982903090E+00 0.101597683E+01-0.973552480E+00 0.102796975E+01-0.963966402E+00
 0.103979359E+01-0.954172518E+00 0.105143562E+01-0.944163244E+00 0.106287273E+01
-0.933920488E+00 0.107409199E+01-0.923439556E+00 0.108509791E+01-0.912734774E+00
 0.109590402E+01-0.901828282E+00 0.110652226E+01-0.890738784E+00 0.111695181E+01
-0.879471660E+00 0.112717757E+01-0.868019291E+00 0.113718300E+01-0.856373958E+00
 0.114696211E+01-0.844537929E+00 0.115652042E+01-0.832522866E+00 0.116586254E+01
-0.820338946E+00 0.117497844E+01-0.807984892E+00 0.118384607E+01-0.795451478E+00
 0.119244588E+01-0.782732826E+00 0.120077226E+01-0.769833510E+00 0.120883190E+01
-0.756765843E+00 0.121662881E+01-0.743539748E+00 0.122414243E+01-0.730150741E+00
 0.123134919E+01-0.716594117E+00 0.123824134E+01-0.702874867E+00 0.124482342E+01
-0.689004171E+00 0.125109605E+01-0.674990824E+00 0.125704936E+01-0.660838879E+00
 0.126268029E+01-0.646555592E+00 0.126799868E+01-0.632152974E+00 0.127302343E+01
-0.617645271E+00 0.127777192E+01-0.603044792E+00 0.128224968E+01-0.588359017E+00
 0.128646179E+01-0.573594843E+00 0.129041868E+01-0.558760215E+00 0.129413702E+01
-0.543863976E+00 0.129764230E+01-0.528916136E+00 0.130096630E+01-0.513926914E+00
 0.130413958E+01-0.498905037E+00 0.130719003E+01-0.483857724E+00 0.131014226E+01
-0.468790821E+00 0.131301441E+01-0.453708441E+00 0.131582264E+01-0.438614024E+00
 0.131858405E+01-0.423510970E+00 0.132131713E+01-0.408402759E+00 0.132404120E+01
-0.393292920E+00 0.132677565E+01-0.378184956E+00 0.132954092E+01-0.363082608E+00
 0.133235821E+01-0.347989880E+00 0.133524678E+01-0.332910640E+00 0.133820569E+01
-0.317845038E+00 0.134122201E+01-0.302790823E+00 0.134428235E+01-0.287745491E+00
 0.134737377E+01-0.272706513E+00 0.135048484E+01-0.257671587E+00 0.135360610E+01
-0.242638772E+00 0.135672777E+01-0.227606041E+00 0.135983822E+01-0.212570986E+00
 0.136292218E+01-0.197530479E+00 0.136595654E+01-0.182479893E+00 0.136891005E+01
-0.167413245E+00 0.137174709E+01-0.152324253E+00 0.137442911E+01-0.137206968E+00
 0.137691846E+01-0.122056792E+00 0.137918769E+01-0.106872111E+00 0.138121123E+01
-0.916527724E-01 0.138296284E+01-0.763997769E-01 0.138441620E+01-0.611155140E-01
 0.138555137E+01-0.458043508E-01 0.138635574E+01-0.304722665E-01 0.138681886E+01
-0.151260981E-01 0.138693265E+01 0.226624509E-03 0.138669359E+01 0.155779103E-01
 0.138610842E+01 0.309199172E-01 0.138518816E+01 0.462454930E-01 0.138394588E+01
 0.615483527E-01 0.138239656E+01 0.768232044E-01 0.138056261E+01 0.920665368E-01
 0.137847234E+01 0.107276875E+00 0.137615361E+01 0.122454093E+00 0.137363319E+01
 0.137599150E+00 0.137093951E+01 0.152714377E+00 0.136811023E+01 0.167804838E+00
 0.136518302E+01 0.182876625E+00 0.136219218E+01 0.197935923E+00 0.135916720E+01
 0.212988408E+00 0.135612958E+01 0.228038346E+00 0.135309334E+01 0.243088562E+00
 0.135006919E+01 0.258141212E+00 0.134706618E+01 0.273198094E+00 0.134409280E+01
 0.288260853E+00 0.134115779E+01 0.303331133E+00 0.133827094E+01 0.318410713E+00
 0.133544284E+01 0.333501417E+00 0.133268392E+01 0.348604918E+00 0.132999265E+01
 0.363720625E+00 0.132734862E+01 0.378844671E+00 0.132472976E+01 0.393973100E+00
 0.132211455E+01 0.409102161E+00 0.131948209E+01 0.424228228E+00 0.131681075E+01
 0.439347472E+00 0.131407922E+01 0.454455952E+00 0.131126722E+01 0.469549653E+00
 0.130835523E+01 0.484624375E+00 0.130532271E+01 0.499675300E+00 0.130214556E+01
 0.514696343E+00 0.129879767E+01 0.529680232E+00 0.129525004E+01 0.544618059E+00
 0.129147185E+01 0.559499209E+00 0.128743727E+01 0.574312872E+00 0.128312817E+01
 0.589049001E+00 0.127853311E+01 0.603698468E+00 0.127364712E+01 0.618253478E+00
 0.126846623E+01 0.632706132E+00 0.126297621E+01 0.647044175E+00 0.125716133E+01
 0.661253548E+00 0.125101553E+01 0.675322954E+00 0.124454618E+01 0.689246570E+00
 0.123776693E+01 0.703021971E+00 0.123067941E+01 0.716641321E+00 0.122328208E+01
 0.730094914E+00 0.121558638E+01 0.743380120E+00 0.120761938E+01 0.756504477E+00
 0.119940370E+01 0.769474630E+00 0.119093933E+01 0.782283862E+00 0.118222339E+01
 0.794923256E+00 0.117326365E+01 0.807391031E+00 0.116408092E+01 0.819695542E+00
 0.115469921E+01 0.831849046E+00 0.114513062E+01 0.843855970E+00 0.113536823E+01
 0.855705838E+00 0.112540265E+01 0.867385333E+00 0.111523572E+01 0.878889995E+00
 0.110488112E+01 0.890226070E+00 0.109435325E+01 0.901401423E+00 0.108365267E+01
 0.912411498E+00 0.107276420E+01 0.923235750E+00 0.106167060E+01 0.933849624E+00
 0.105036504E+01 0.944237428E+00 0.103885947E+01 0.954403288E+00 0.102717582E+01
 0.964364018E+00 0.101532434E+01 0.974124431E+00 0.100328763E+01 0.983655385E+00
 0.991048194E+00 0.992924509E+00 0.978602643E+00 0.100191497E+01 0.965956568E+00
 0.101062111E+01 0.953122371E+00 0.101904752E+01 0.940121374E+00 0.102721430E+01
 0.926976103E+00 0.103514683E+01 0.913695169E+00 0.104285007E+01 0.900278932E+00
 0.105031514E+01 0.886731498E+00 0.105753940E+01 0.873061339E+00 0.106452868E+01
 0.859279708E+00 0.107129556E+01 0.845399919E+00 0.107785880E+01 0.831436478E+00
 0.108424221E+01 0.817404946E+00 0.109047457E+01 0.803320518E+00 0.109658651E+01
 0.789197347E+00 0.110260842E+01 0.775046639E+00 0.110856534E+01 0.760873369E+00
 0.111446840E+01 0.746679619E+00 0.112032203E+01 0.732469711E+00 0.112613635E+01
 0.718248807E+00 0.113192371E+01 0.704022247E+00 0.113769717E+01 0.689795313E+00
 0.114346970E+01 0.675573585E+00 0.114925505E+01 0.661363126E+00 0.115506801E+01
 0.647170253E+00 0.116092377E+01 0.633003578E+00 0.116684261E+01 0.618870877E+00
 0.117284210E+01 0.604777345E+00 0.117893304E+01 0.590722844E+00 0.118511350E+01
 0.576714471E+00 0.119139779E+01
 0.156441580E+01 0.156423520E+01 0.173298350E+01 0.167901950E+01 0.134847970E+01
 0.206041340E+01 0.108819530E+01 0.205946000E+01 0.902253030E+00 0.187565310E+01
 0.903668760E+00 0.187424170E+01 0.533866470E+00 0.150285580E+01 0.538010660E+00
 0.149874330E+01 0.332797140E+00 0.129708960E+01 0.332797140E+00 0.109400000E+01
 0.334795920E+00 0.109400000E+01 0.303115250E+00 0.847500000E+00 0.305114030E+00
 0.847500000E+00 0.269135950E+00 0.565000000E+00 0.271134730E+00 0.565000000E+00
 0.260841000E+00 0.495257700E+00 0.260841000E+00-0.507257700E+00 0.271134730E+00
-0.576999960E+00 0.269135950E+00-0.576999960E+00 0.305114030E+00-0.859500000E+00
 0.303115250E+00-0.859500000E+00 0.334795920E+00-0.110600010E+01 0.332797140E+00
-0.110600010E+01 0.332797140E+00-0.130908970E+01 0.538598100E+00-0.150990190E+01
 0.534468950E+00-0.151402960E+01 0.905629600E+00-0.188405800E+01 0.904219000E+00
-0.188547470E+01 0.108819530E+01-0.206614000E+01 0.134847970E+01-0.206518650E+01
 0.173017910E+01-0.168098580E+01 0.156441580E+01-0.156883530E+01 0.137999130E+01
-0.157688300E+01 0.137989190E+01-0.157672700E+01 0.119622210E+01-0.158474990E+01
 0.119631650E+01-0.158489800E+01 0.105537410E+01-0.159104840E+01 0.105528350E+01
-0.159090630E+01 0.947502500E+00-0.159561420E+01 0.905686400E+00-0.159556230E+01
 0.899143000E+00-0.159478470E+01 0.883387860E+00-0.159026430E+01 0.867681200E+00
-0.158087360E+01 0.851322350E+00-0.156766880E+01 0.833481900E+00-0.154624210E+01
 0.826062560E+00-0.152875240E+01 0.822677700E+00-0.151516830E+01 0.821022750E+00
-0.149624060E+01 0.820691350E+00-0.147724350E+01 0.822887360E+00-0.144582030E+01
 0.827573000E+00-0.141923050E+01 0.839194600E+00-0.138728100E+01 0.855244300E+00
-0.135284130E+01 0.877566500E+00-0.132209860E+01 0.899473500E+00-0.130017830E+01
 0.118567730E+01-0.101380000E+01 0.127900000E+01-0.842300000E+00 0.129600000E+01
-0.820200000E+00 0.143300000E+01-0.820200000E+00 0.143300000E+01-0.711000000E+00
 0.149000000E+01-0.491000000E+00 0.146000000E+01-0.491000000E+00 0.146000000E+01
-0.233000000E+00 0.166100000E+01-0.233000000E+00 0.166100000E+01 0.226000000E+00
 0.146000000E+01 0.226000000E+00 0.146000000E+01 0.481000000E+00 0.149300000E+01
 0.481000000E+00 0.147400000E+01 0.554000000E+00 0.143300000E+01 0.711000000E+00
 0.143300000E+01 0.815600000E+00 0.129600000E+01 0.815600000E+00 0.127900000E+01
 0.837699950E+00 0.118567730E+01 0.100920000E+01 0.899473500E+00 0.129557820E+01
 0.877566500E+00 0.131749860E+01 0.855244300E+00 0.134824120E+01 0.839194600E+00
 0.138268090E+01 0.827573000E+00 0.141463040E+01 0.822887360E+00 0.144122030E+01
 0.820691350E+00 0.147264350E+01 0.821022750E+00 0.149164060E+01 0.822677700E+00
 0.151056830E+01 0.826062560E+00 0.152415240E+01 0.833481900E+00 0.154164210E+01
 0.851322350E+00 0.156306870E+01 0.867681200E+00 0.157627360E+01 0.883387860E+00
 0.158566430E+01 0.899143000E+00 0.159018470E+01 0.905686400E+00 0.159096230E+01
 0.947502500E+00 0.159101410E+01 0.105528350E+01 0.158630620E+01 0.105537410E+01
 0.158644830E+01 0.119631650E+01 0.158029800E+01 0.119622210E+01 0.158014990E+01
 0.137989190E+01 0.157212700E+01 0.137999130E+01 0.157228290E+01 0.156441580E+01
 0.156423520E+01
    0
