EFIT++      MAST # 47052 # 680ms                   0  65  65
 0.194000000E+01 0.440000000E+01 0.800000000E+00 0.600000000E-01 0.000000000E+00
 0.979315576E+00 0.128540455E-02-0.690575920E-01 0.357416229E-02-0.654788431E+00
 0.743912903E+06-0.690575920E-01 0.000000000E+00 0.979315576E+00 0.000000000E+00
 0.128540455E-02 0.000000000E+00 0.357416229E-02 0.000000000E+00 0.000000000E+00
-0.544996346E+00-0.544472434E+00-0.543950607E+00-0.543431053E+00-0.542913960E+00
-0.542399517E+00-0.541887914E+00-0.541379342E+00-0.540873992E+00-0.540372054E+00
-0.539873723E+00-0.539379190E+00-0.538888650E+00-0.538402297E+00-0.537920326E+00
-0.537442932E+00-0.536970311E+00-0.536502661E+00-0.536040178E+00-0.535583059E+00
-0.535131505E+00-0.534685712E+00-0.534245881E+00-0.533812211E+00-0.533384902E+00
-0.532964155E+00-0.532550170E+00-0.532143150E+00-0.531743296E+00-0.531350809E+00
-0.530965893E+00-0.530588750E+00-0.530219582E+00-0.529858592E+00-0.529505985E+00
-0.529161962E+00-0.528826729E+00-0.528500487E+00-0.528183442E+00-0.527875795E+00
-0.527577752E+00-0.527289516E+00-0.527011290E+00-0.526743277E+00-0.526485680E+00
-0.526238703E+00-0.526002549E+00-0.525777419E+00-0.525563515E+00-0.525361040E+00
-0.525170195E+00-0.524991179E+00-0.524824195E+00-0.524669441E+00-0.524527116E+00
-0.524397418E+00-0.524280547E+00-0.524176698E+00-0.524086067E+00-0.524008850E+00
-0.523945242E+00-0.523895435E+00-0.523859623E+00-0.523837996E+00-0.523830745E+00
 0.267454573E+05 0.261213656E+05 0.254974097E+05 0.248738997E+05 0.242511458E+05
 0.236294582E+05 0.230091469E+05 0.223905223E+05 0.217738944E+05 0.211595734E+05
 0.205478695E+05 0.199390929E+05 0.193335536E+05 0.187315619E+05 0.181334280E+05
 0.175394620E+05 0.169499741E+05 0.163652743E+05 0.157856730E+05 0.152114803E+05
 0.146430063E+05 0.140805612E+05 0.135244551E+05 0.129749983E+05 0.124325008E+05
 0.118972730E+05 0.113696248E+05 0.108498665E+05 0.103383083E+05 0.983526032E+04
 0.934103270E+04 0.885593563E+04 0.838027928E+04 0.791437380E+04 0.745852936E+04
 0.701305613E+04 0.657826427E+04 0.615446396E+04 0.574196534E+04 0.534107860E+04
 0.495211388E+04 0.457538137E+04 0.421119122E+04 0.385985359E+04 0.352167866E+04
 0.319697659E+04 0.288605755E+04 0.258923169E+04 0.230680919E+04 0.203910020E+04
 0.178641490E+04 0.154906345E+04 0.132735602E+04 0.112160276E+04 0.932113848E+03
 0.759199445E+03 0.603169718E+03 0.464334830E+03 0.343004947E+03 0.239490235E+03
 0.154100857E+03 0.871469798E+02 0.389387677E+02 0.978638611E+01 0.000000000E+00
-0.252067620E+00-0.250869886E+00-0.249585143E+00-0.248213389E+00-0.246754626E+00
-0.245208851E+00-0.243576067E+00-0.241856272E+00-0.240049467E+00-0.238155652E+00
-0.236174827E+00-0.234106991E+00-0.231952145E+00-0.229710288E+00-0.227381422E+00
-0.224965545E+00-0.222462658E+00-0.219872760E+00-0.217195853E+00-0.214431935E+00
-0.211581007E+00-0.208643068E+00-0.205618119E+00-0.202506160E+00-0.199307191E+00
-0.196021212E+00-0.192648222E+00-0.189188222E+00-0.185641211E+00-0.182007191E+00
-0.178286160E+00-0.174478119E+00-0.170583067E+00-0.166601006E+00-0.162531934E+00
-0.158375851E+00-0.154132759E+00-0.149802656E+00-0.145385543E+00-0.140881420E+00
-0.136290286E+00-0.131612142E+00-0.126846988E+00-0.121994824E+00-0.117055649E+00
-0.112029464E+00-0.106916269E+00-0.101716064E+00-0.964288481E-01-0.910546221E-01
-0.855933858E-01-0.800451393E-01-0.744098825E-01-0.686876154E-01-0.628783381E-01
-0.569820505E-01-0.509987526E-01-0.449284445E-01-0.387711261E-01-0.325267974E-01
-0.261954585E-01-0.197771093E-01-0.132717498E-01-0.667938002E-02 0.000000000E+00
-0.549891648E+06-0.549908674E+06-0.549652396E+06-0.549122814E+06-0.548319928E+06
-0.547243737E+06-0.545894242E+06-0.544271443E+06-0.542375340E+06-0.540205932E+06
-0.537763220E+06-0.535047204E+06-0.532057884E+06-0.528795260E+06-0.525259331E+06
-0.521450098E+06-0.517367561E+06-0.513011719E+06-0.508382574E+06-0.503480124E+06
-0.498304370E+06-0.492855311E+06-0.487132949E+06-0.481137282E+06-0.474868311E+06
-0.468326036E+06-0.461510456E+06-0.454421573E+06-0.447059385E+06-0.439423892E+06
-0.431515096E+06-0.423332995E+06-0.414877590E+06-0.406148881E+06-0.397146868E+06
-0.387871550E+06-0.378322929E+06-0.368501003E+06-0.358405772E+06-0.348037238E+06
-0.337395399E+06-0.326480256E+06-0.315291809E+06-0.303830057E+06-0.292095002E+06
-0.280086642E+06-0.267804978E+06-0.255250009E+06-0.242421737E+06-0.229320160E+06
-0.215945279E+06-0.202297094E+06-0.188375604E+06-0.174180810E+06-0.159712712E+06
-0.144971310E+06-0.129956604E+06-0.114668593E+06-0.991072783E+05-0.832726591E+05
-0.671647358E+05-0.507835082E+05-0.341289764E+05-0.172011403E+05 0.000000000E+00
-3.531998349e-05-7.841356067e-05-1.358349110e-04-2.044638681e-04-2.802373727e-04
-3.581638803e-04-4.324546813e-04-4.971369726e-04-5.395737443e-04-5.378072112e-04
-4.945215418e-04-3.991895301e-04-2.358275578e-04 5.789679814e-06 3.385315448e-04
 7.740945560e-04 1.315211349e-03 1.970966032e-03 2.735928373e-03 3.606603190e-03
 4.570452862e-03 5.601863876e-03 6.678385555e-03 7.757118201e-03 8.807758697e-03
 9.799234130e-03 1.071191299e-02 1.155228779e-02 1.232115009e-02 1.304489854e-02
 1.373603763e-02 1.440906926e-02 1.508255576e-02 1.575231678e-02 1.643583186e-02
 1.712527259e-02 1.782480582e-02 1.853937372e-02 1.925651787e-02 1.999101077e-02
 2.072680148e-02 2.147095989e-02 2.222248803e-02 2.296991340e-02 2.372950164e-02
 2.447999498e-02 2.523449268e-02 2.598552155e-02 2.672531336e-02 2.746985771e-02
 2.819438822e-02 2.891872362e-02 2.962695112e-02 3.031676738e-02 3.099938278e-02
 3.164757858e-02 3.228105625e-02 3.287646100e-02 3.342626210e-02 3.394016475e-02
 3.438301461e-02 3.477777804e-02 3.510446076e-02 3.536323656e-02 3.558205323e-02
-6.049158772e-05-1.353552029e-04-2.370832252e-04-3.621849280e-04-5.059692996e-04
-6.624098399e-04-8.239589066e-04-9.809023806e-04-1.120057578e-03-1.223085165e-03
-1.280444560e-03-1.276509644e-03-1.194225982e-03-1.020439689e-03-7.048914218e-04
-2.498392876e-04 3.580991739e-04 1.132080025e-03 2.080347179e-03 3.203171032e-03
 4.489385021e-03 5.910684501e-03 7.412933921e-03 8.913661867e-03 1.031316983e-02
 1.152640001e-02 1.251945265e-02 1.331972009e-02 1.399104201e-02 1.459837048e-02
 1.518822830e-02 1.578720789e-02 1.640781975e-02 1.705439556e-02 1.772708595e-02
 1.842413804e-02 1.914309338e-02 1.988134526e-02 2.063635643e-02 2.140573756e-02
 2.218723047e-02 2.297867427e-02 2.377795237e-02 2.458296415e-02 2.539163138e-02
 2.620190291e-02 2.701180694e-02 2.781948496e-02 2.862323994e-02 2.942157366e-02
 3.021317397e-02 3.099688695e-02 3.177157522e-02 3.253588245e-02 3.328781415e-02
 3.402406737e-02 3.473904527e-02 3.542353154e-02 3.606342847e-02 3.663959253e-02
 3.713061023e-02 3.751946276e-02 3.780076515e-02 3.798238470e-02 3.808249293e-02
-9.190019613e-05-2.067013546e-04-3.647122484e-04-5.625335805e-04-7.953818144e-04
-1.056802316e-03-1.338344919e-03-1.628974666e-03-1.913490291e-03-2.177498107e-03
-2.395473119e-03-2.544658537e-03-2.603570304e-03-2.541122224e-03-2.320565310e-03
-1.906007932e-03-1.271271185e-03-3.885498826e-04 7.676005615e-04 2.218416203e-03
 3.980562138e-03 6.061029154e-03 8.430129206e-03 1.094105455e-02 1.321053759e-02
 1.479340599e-02 1.557251544e-02 1.584895992e-02 1.602302152e-02 1.627916299e-02
 1.665125520e-02 1.712739080e-02 1.768755781e-02 1.831361271e-02 1.899119805e-02
 1.970950414e-02 2.046054698e-02 2.123842858e-02 2.203870035e-02 2.285785121e-02
 2.369291552e-02 2.454119008e-02 2.540005001e-02 2.626685342e-02 2.713892392e-02
 2.801359780e-02 2.888832086e-02 2.976077864e-02 3.062904340e-02 3.149172172e-02
 3.234808743e-02 3.319818407e-02 3.404287604e-02 3.488381085e-02 3.572321254e-02
 3.656332346e-02 3.740507735e-02 3.824506352e-02 3.906880854e-02 3.983759164e-02
 4.047403990e-02 4.088623563e-02 4.104974968e-02 4.103447084e-02 4.093161735e-02
-1.288582719e-04-2.911758349e-04-5.171288886e-04-8.043787988e-04-1.149228053e-03
-1.546157908e-03-1.987309302e-03-2.461574785e-03-2.953587022e-03-3.445627488e-03
-3.911494133e-03-4.319396255e-03-4.634844939e-03-4.812509219e-03-4.799470516e-03
-4.538591869e-03-3.973462866e-03-3.053537578e-03-1.736987704e-03 1.226665051e-05
 2.238383227e-03 5.029131554e-03 8.578906506e-03 1.345507531e-02 1.871468327e-02
 2.091016465e-02 2.001465447e-02 1.798293385e-02 1.737105348e-02 1.735103247e-02
 1.764616556e-02 1.812928206e-02 1.873224324e-02 1.941538449e-02 2.015465529e-02
 2.093525930e-02 2.174809198e-02 2.258754225e-02 2.345003797e-02 2.433304541e-02
 2.523437905e-02 2.615174688e-02 2.708248890e-02 2.802348068e-02 2.897117774e-02
 2.992177545e-02 3.087145628e-02 3.181669429e-02 3.275458809e-02 3.368319933e-02
 3.460188469e-02 3.551162654e-02 3.641539068e-02 3.731857259e-02 3.822964155e-02
 3.916117003e-02 4.013157071e-02 4.116811549e-02 4.231246436e-02 4.363588072e-02
 4.536282461e-02 4.592351366e-02 4.514587728e-02 4.439136104e-02 4.384743744e-02
-1.685859911e-04-3.828971158e-04-6.848408196e-04-1.074766312e-03-1.551965950e-03
-2.113948340e-03-2.755690524e-03-3.468561584e-03-4.239608351e-03-5.052779863e-03
-5.884815510e-03-6.700429406e-03-7.457733256e-03-8.094423514e-03-8.524050890e-03
-8.638592135e-03-8.322955568e-03-7.482073164e-03-6.067631908e-03-4.086479114e-03
-1.585373843e-03 1.371715579e-03 4.701110130e-03 8.211912031e-03 1.141149504e-02
 1.371785413e-02 1.503272334e-02 1.580065548e-02 1.644603684e-02 1.712935440e-02
 1.787538376e-02 1.867210963e-02 1.950369002e-02 2.035851378e-02 2.123006273e-02
 2.211592037e-02 2.301643885e-02 2.393348340e-02 2.486936325e-02 2.582597337e-02
 2.680415245e-02 2.780326246e-02 2.882099490e-02 2.985340374e-02 3.089515219e-02
 3.193994289e-02 3.298108364e-02 3.401212746e-02 3.502752179e-02 3.602320954e-02
 3.699714577e-02 3.794972727e-02 3.888417773e-02 3.980698890e-02 4.072860115e-02
 4.166464771e-02 4.263837802e-02 4.368555463e-02 4.486489515e-02 4.628133888e-02
 4.806151101e-02 4.866074141e-02 4.771854378e-02 4.677229013e-02 4.612592196e-02
-2.046346734e-04-4.679728642e-04-8.447966399e-04-1.340890655e-03-1.961581819e-03
-2.710395362e-03-3.587820822e-03-4.590431912e-03-5.708812387e-03-6.934790459e-03
-8.256131230e-03-9.655973395e-03-1.111351456e-02-1.258429666e-02-1.395624394e-02
-1.499925543e-02-1.536315416e-02-1.471967310e-02-1.297182532e-02-1.031403052e-02
-7.087937345e-03-3.601320071e-03-7.486218039e-05 3.322972091e-03 6.448242565e-03
 9.196336683e-03 1.153448558e-02 1.350448573e-02 1.518623937e-02 1.665735066e-02
 1.797560644e-02 1.918029000e-02 2.029917460e-02 2.135426423e-02 2.236494843e-02
 2.334921042e-02 2.432372467e-02 2.530342202e-02 2.630084802e-02 2.732549078e-02
 2.838319374e-02 2.947575505e-02 3.060081044e-02 3.175207292e-02 3.291995674e-02
 3.409255115e-02 3.525684868e-02 3.640008550e-02 3.751102690e-02 3.858103588e-02
 3.960479959e-02 4.058065344e-02 4.151051707e-02 4.239951210e-02 4.325533444e-02
 4.408736028e-02 4.490519024e-02 4.571562996e-02 4.651519761e-02 4.727027164e-02
 4.787620320e-02 4.817448300e-02 4.814295380e-02 4.791943079e-02 4.762509777e-02
-2.241738800e-04-5.185719545e-04-9.505075511e-04-1.536360371e-03-2.293336210e-03
-3.236445201e-03-4.375143989e-03-5.710058873e-03-7.232041570e-03-8.927580281e-03
-1.078741364e-02-1.282595186e-02-1.510866291e-02-1.778612562e-02-2.109427460e-02
-2.512035772e-02-2.841350362e-02-2.823825893e-02-2.431029485e-02-1.836619950e-02
-1.279237495e-02-7.839577849e-03-3.398478964e-03 6.152642555e-04 4.243278612e-03
 7.502782278e-03 1.040430993e-02 1.296241818e-02 1.519917694e-02 1.714344475e-02
 1.882918162e-02 2.029414828e-02 2.157875138e-02 2.272459292e-02 2.377276968e-02
 2.476226509e-02 2.572867202e-02 2.670321866e-02 2.771189879e-02 2.877452719e-02
 2.990371189e-02 3.110394559e-02 3.237114989e-02 3.369298234e-02 3.505005673e-02
 3.641801623e-02 3.777022570e-02 3.908073559e-02 4.032709759e-02 4.149258241e-02
 4.256741134e-02 4.354880624e-02 4.443994145e-02 4.524811624e-02 4.598253655e-02
 4.665197704e-02 4.726237816e-02 4.781429019e-02 4.830030264e-02 4.870369640e-02
 4.900153778e-02 4.917560756e-02 4.922751903e-02 4.918643196e-02 4.907902129e-02
-2.035769447e-04-4.824309026e-04-9.127425157e-04-1.531385124e-03-2.380606401e-03
-3.501880578e-03-4.927485474e-03-6.669573970e-03-8.706186819e-03-1.097071253e-02
-1.335322293e-02-1.575785720e-02-1.819759134e-02-2.091265899e-02-2.440724253e-02
-2.952890579e-02-3.483966395e-02-3.471376013e-02-2.910393882e-02-2.060420916e-02
-1.407226464e-02-8.586713988e-03-3.757206772e-03 6.078409498e-04 4.598890219e-03
 8.249387349e-03 1.155892917e-02 1.450943549e-02 1.708024403e-02 1.926275768e-02
 2.107128665e-02 2.254602701e-02 2.374750697e-02 2.474629761e-02 2.561330402e-02
 2.641386234e-02 2.720574886e-02 2.803934164e-02 2.895786999e-02 2.999631749e-02
 3.117864003e-02 3.251417708e-02 3.399491538e-02 3.559508298e-02 3.727354279e-02
 3.897844277e-02 4.065325787e-02 4.224356224e-02 4.370385789e-02 4.500325506e-02
 4.612838237e-02 4.708246813e-02 4.788103597e-02 4.854600784e-02 4.910021661e-02
 4.956350686e-02 4.995060413e-02 5.027040621e-02 5.052635071e-02 5.071774254e-02
 5.084197851e-02 5.089573606e-02 5.090170571e-02 5.085167947e-02 5.075232581e-02
-1.050517435e-04-2.711073075e-04-5.698850530e-04-1.073861729e-03-1.878068620e-03
-3.087631798e-03-4.798683020e-03-7.088415257e-03-1.001044298e-02-1.353548559e-02
-1.719223780e-02-1.998444487e-02-2.140242248e-02-2.171924586e-02-2.185113873e-02
-2.193930237e-02-2.153207453e-02-2.008573229e-02-1.740145702e-02-1.375061067e-02
-9.604744821e-03-5.303318725e-03-1.003668009e-03 3.232951952e-03 7.372105767e-03
 1.136607939e-02 1.512997275e-02 1.853480630e-02 2.143110993e-02 2.370596808e-02
 2.534103329e-02 2.642487471e-02 2.711008886e-02 2.755403729e-02 2.788417533e-02
 2.819405192e-02 2.855484697e-02 2.902931361e-02 2.968131374e-02 3.057660123e-02
 3.177244104e-02 3.329956581e-02 3.514692667e-02 3.725876398e-02 3.954408809e-02
 4.189050317e-02 4.417591505e-02 4.628012332e-02 4.810181172e-02 4.957936578e-02
 5.070408979e-02 5.151495672e-02 5.207723728e-02 5.245885911e-02 5.271581565e-02
 5.288791776e-02 5.300052727e-02 5.306818802e-02 5.309814691e-02 5.309321068e-02
 5.305396034e-02 5.298094270e-02 5.288836976e-02 5.276937511e-02 5.261895646e-02
 1.087075607e-04 2.186706352e-04 3.101778864e-04 2.836509114e-04-7.064252342e-05
-1.080967065e-03-2.940218319e-03-5.658019674e-03-9.368559536e-03-1.453115626e-02
-2.098352308e-02-2.457887728e-02-2.447603726e-02-2.083103900e-02-1.834614106e-02
-1.649552466e-02-1.474372171e-02-1.276877915e-02-1.040111267e-02-7.594477794e-03
-4.381563988e-03-8.209976082e-04 3.040400194e-03 7.181177563e-03 1.159891110e-02
 1.628279012e-02 2.114209846e-02 2.585114289e-02 2.972931455e-02 3.209329214e-02
 3.281633575e-02 3.244400070e-02 3.166708995e-02 3.088860992e-02 3.023540745e-02
 2.973204758e-02 2.937889804e-02 2.918712767e-02 2.923121931e-02 2.966439910e-02
 3.070588943e-02 3.251573368e-02 3.508456656e-02 3.824276308e-02 4.174914479e-02
 4.538264386e-02 4.892257385e-02 5.209550095e-02 5.460067550e-02 5.624004664e-02
 5.705254546e-02 5.728157842e-02 5.720001653e-02 5.699096799e-02 5.674539748e-02
 5.650123570e-02 5.627007369e-02 5.605245902e-02 5.584486181e-02 5.564211703e-02
 5.543955141e-02 5.523400029e-02 5.503246350e-02 5.482585385e-02 5.461197546e-02
 4.106559036e-04 9.390403011e-04 1.705854965e-03 2.772195414e-03 4.108344299e-03
 3.767780648e-03 1.242270641e-03-1.572493029e-03-4.654091303e-03-7.993327149e-03
-1.115605255e-02-1.327390702e-02-1.386079246e-02-1.317322979e-02-1.196552199e-02
-1.057590533e-02-9.024333906e-03-7.252586908e-03-5.199068650e-03-2.818721318e-03
-8.206806618e-05 3.035823889e-03 6.571213927e-03 1.059140077e-02 1.522388925e-02
 2.071421688e-02 2.757433710e-02 3.709474673e-02 4.633943914e-02 4.915420004e-02
 4.514376896e-02 3.898512476e-02 3.550537741e-02 3.327255156e-02 3.171309268e-02
 3.051954777e-02 2.947931744e-02 2.840266958e-02 2.709457284e-02 2.554487090e-02
 2.532040338e-02 2.760855852e-02 3.223678472e-02 3.803958679e-02 4.377887506e-02
 4.959210064e-02 5.574258565e-02 6.200253149e-02 6.658752599e-02 6.801189962e-02
 6.638248442e-02 6.428754707e-02 6.272384765e-02 6.157626039e-02 6.070621476e-02
 6.002047194e-02 5.945910858e-02 5.898273465e-02 5.856647129e-02 5.819163253e-02
 5.784724834e-02 5.752562365e-02 5.722086827e-02 5.692438119e-02 5.662803129e-02
 6.897789591e-04 1.586428253e-03 2.894256652e-03 4.672256374e-03 6.766613751e-03
 6.965330687e-03 4.789281026e-03 2.554441605e-03 4.102517956e-04-1.614634331e-03
-3.379339083e-03-4.720583575e-03-5.527236582e-03-5.787756319e-03-5.569090804e-03
-4.954754380e-03-4.002207332e-03-2.736532681e-03-1.160466902e-03 7.354946560e-04
 2.967938298e-03 5.560275847e-03 8.546156064e-03 1.197534246e-02 1.592039870e-02
 2.047741606e-02 2.572435577e-02 3.144277607e-02 3.627845420e-02 3.854267715e-02
 3.795975588e-02 3.592948403e-02 3.399062460e-02 3.248621216e-02 3.134651914e-02
 3.043516443e-02 2.959718835e-02 2.863830482e-02 2.726557030e-02 2.502552641e-02
 2.418264648e-02 2.669262439e-02 3.275625146e-02 3.972210972e-02 4.613093219e-02
 5.254729885e-02 5.954097678e-02 6.772404934e-02 7.304734398e-02 7.410284021e-02
 7.091358029e-02 6.806593328e-02 6.616448626e-02 6.480158260e-02 6.376025330e-02
 6.292248571e-02 6.222087888e-02 6.161482486e-02 6.107852706e-02 6.059472831e-02
 6.015129378e-02 5.973923162e-02 5.935147089e-02 5.898226938e-02 5.862882715e-02
 8.889701460e-04 2.031787823e-03 3.668720270e-03 5.831381552e-03 8.335913233e-03
 8.913522531e-03 6.991075716e-03 5.429894442e-03 3.963895527e-03 2.572734524e-03
 1.335149935e-03 3.228774601e-04-4.096130812e-04-8.314640121e-04-9.340929506e-04
-7.232102736e-04-2.094224368e-04 5.982308472e-04 1.694838963e-03 3.079520086e-03
 4.754115535e-03 6.721342734e-03 8.982061060e-03 1.153021105e-02 1.434262293e-02
 1.735957131e-02 2.045399189e-02 2.340322098e-02 2.590996231e-02 2.775159244e-02
 2.886485300e-02 2.938200795e-02 2.955692513e-02 2.960680676e-02 2.966446060e-02
 2.979491526e-02 3.002932967e-02 3.040151896e-02 3.099625908e-02 3.200960537e-02
 3.374465094e-02 3.643901808e-02 4.007876228e-02 4.439788608e-02 4.905909991e-02
 5.379067187e-02 5.833438858e-02 6.233454907e-02 6.536057458e-02 6.714554488e-02
 6.778683790e-02 6.766294109e-02 6.715587868e-02 6.649891016e-02 6.580423984e-02
 6.512133623e-02 6.447086674e-02 6.386023486e-02 6.329047751e-02 6.275947917e-02
 6.226358620e-02 6.179847655e-02 6.135965788e-02 6.094280077e-02 6.054576582e-02
 1.022944218e-03 2.328804646e-03 4.181935147e-03 6.601631076e-03 9.375448503e-03
 1.022532449e-02 8.685248626e-03 7.479056832e-03 6.373996974e-03 5.314495402e-03
 4.345109373e-03 3.507843725e-03 2.838768254e-03 2.365803016e-03 2.108262807e-03
 2.078009557e-03 2.281466246e-03 2.721596808e-03 3.399217420e-03 4.313399461e-03
 5.460958064e-03 6.835057004e-03 8.422875528e-03 1.020223630e-02 1.213731349e-02
 1.417433487e-02 1.623979026e-02 1.824539453e-02 2.010331421e-02 2.174594380e-02
 2.317419371e-02 2.440160138e-02 2.548442386e-02 2.650194835e-02 2.753109893e-02
 2.864235864e-02 2.990168779e-02 3.137674229e-02 3.314257133e-02 3.527981622e-02
 3.785899913e-02 4.091265534e-02 4.440892138e-02 4.824245725e-02 5.224469122e-02
 5.620288268e-02 5.988213093e-02 6.305553031e-02 6.554592603e-02 6.726874163e-02
 6.825291592e-02 6.862221085e-02 6.854486442e-02 6.818206617e-02 6.765953932e-02
 6.706294117e-02 6.644526562e-02 6.583663272e-02 6.525242345e-02 6.469901483e-02
 6.417752594e-02 6.368617010e-02 6.322169689e-02 6.278018797e-02 6.235369414e-02
 1.115013922e-03 2.533181153e-03 4.536191281e-03 7.136354438e-03 1.011931109e-02
 1.120172605e-02 9.857006311e-03 8.880830136e-03 7.981860477e-03 7.099260973e-03
 6.262891165e-03 5.501990162e-03 4.843565711e-03 4.311221381e-03 3.924549893e-03
 3.699068852e-03 3.646529397e-03 3.775342301e-03 4.090897845e-03 4.595567721e-03
 5.288346066e-03 6.164162155e-03 7.212951187e-03 8.418673663e-03 9.758630695e-03
 1.120361696e-02 1.271949167e-02 1.427068968e-02 1.582559862e-02 1.736264535e-02
 1.887440056e-02 2.037078049e-02 2.188828646e-02 2.345242594e-02 2.510536266e-02
 2.688930630e-02 2.886689762e-02 3.108823787e-02 3.360628572e-02 3.646582087e-02
 3.969063209e-02 4.329885991e-02 4.727932258e-02 5.157599437e-02 5.606266692e-02
 6.050287391e-02 6.454848891e-02 6.786297443e-02 7.023438280e-02 7.159739034e-02
 7.204516495e-02 7.182927573e-02 7.125094553e-02 7.052102025e-02 6.975128986e-02
 6.899604320e-02 6.827993964e-02 6.761220498e-02 6.699391091e-02 6.642190556e-02
 6.589101916e-02 6.539532204e-02 6.492884043e-02 6.448603865e-02 6.406557661e-02
 1.181097072e-03 2.680097636e-03 4.791157682e-03 7.521037620e-03 1.065172092e-02
 1.189062002e-02 1.069095923e-02 9.833053825e-03 9.040591099e-03 8.234030077e-03
 7.437186002e-03 6.673982160e-03 5.967135056e-03 5.337409467e-03 4.803268208e-03
 4.380785549e-03 4.083719706e-03 3.923693777e-03 3.910332153e-03 4.050988423e-03
 4.350287409e-03 4.809704849e-03 5.427211335e-03 6.197096337e-03 7.110202139e-03
 8.154910088e-03 9.318279431e-03 1.058752963e-02 1.195204244e-02 1.340552145e-02
 1.494787099e-02 1.658614205e-02 1.833480633e-02 2.021731624e-02 2.225975008e-02
 2.449028668e-02 2.694952063e-02 2.967723295e-02 3.271542670e-02 3.610615470e-02
 3.989007898e-02 4.411794899e-02 4.885084358e-02 5.416806200e-02 6.019404062e-02
 6.727444752e-02 7.375606134e-02 7.836379991e-02 8.088045588e-02 8.117196466e-02
 7.927902085e-02 7.640775081e-02 7.439849666e-02 7.285531454e-02 7.162736532e-02
 7.062399763e-02 6.978470727e-02 6.906738815e-02 6.844175517e-02 6.788538160e-02
 6.738124541e-02 6.691617028e-02 6.647979940e-02 6.606384018e-02 6.565905151e-02
 1.231496969e-03 2.793053608e-03 4.989334495e-03 7.823697048e-03 1.106182971e-02
 1.239487677e-02 1.131927968e-02 1.052950804e-02 9.756510051e-03 8.935508603e-03
 8.093764378e-03 7.254554461e-03 6.438209250e-03 5.662995307e-03 4.945585551e-03
 4.301334937e-03 3.744547130e-03 3.288709812e-03 2.948843536e-03 2.739458067e-03
 2.672776628e-03 2.758537058e-03 3.003630860e-03 3.411551663e-03 3.981511292e-03
 4.713709017e-03 5.608666228e-03 6.665634744e-03 7.883505263e-03 9.262047520e-03
 1.080393940e-02 1.251526008e-02 1.440538283e-02 1.648711074e-02 1.877680567e-02
 2.129443314e-02 2.406380255e-02 2.711289152e-02 3.047483790e-02 3.419024050e-02
 3.831130184e-02 4.290810156e-02 4.807876804e-02 5.396954204e-02 6.080640219e-02
 6.885090264e-02 7.612913195e-02 8.100345688e-02 8.350187051e-02 8.355931291e-02
 8.108144312e-02 7.765139934e-02 7.526316823e-02 7.356998240e-02 7.232379304e-02
 7.137399508e-02 7.062503754e-02 7.001386414e-02 6.949753196e-02 6.904606298e-02
 6.863813615e-02 6.825838788e-02 6.789564951e-02 6.754169942e-02 6.719070219e-02
 1.270581409e-03 2.882365969e-03 5.151120287e-03 8.083845697e-03 1.146868547e-02
 1.301766236e-02 1.211722151e-02 1.119467872e-02 1.028074733e-02 9.334016032e-03
 8.362879337e-03 7.379504001e-03 6.396854535e-03 5.428090021e-03 4.486357866e-03
 3.584777051e-03 2.736336646e-03 1.961225842e-03 1.279254601e-03 7.096897373e-04
 2.709570268e-04-1.962142069e-05-1.460806308e-04-9.403543805e-05 1.492007452e-04
 5.948345101e-04 1.252160620e-03 2.127556433e-03 3.222981379e-03 4.533372543e-03
 6.062446595e-03 7.816678429e-03 9.800161369e-03 1.201711872e-02 1.447411960e-02
 1.717928628e-02 2.014262268e-02 2.337624773e-02 2.689497146e-02 3.071806633e-02
 3.487591546e-02 3.943074839e-02 4.443780366e-02 4.992386326e-02 5.594661111e-02
 6.250659942e-02 6.855026027e-02 7.286935993e-02 7.529773262e-02 7.563024696e-02
 7.466813618e-02 7.369307964e-02 7.280656151e-02 7.209323108e-02 7.153547265e-02
 7.109904960e-02 7.074959607e-02 7.045804028e-02 7.020148072e-02 6.996259629e-02
 6.972869567e-02 6.949078856e-02 6.924280116e-02 6.898099815e-02 6.870525179e-02
 1.296297071e-03 2.941458943e-03 5.259055268e-03 8.259166068e-03 1.172350161e-02
 1.337213303e-02 1.261384292e-02 1.158259943e-02 1.051428826e-02 9.410560878e-03
 8.273659487e-03 7.108386375e-03 5.921860365e-03 4.722724453e-03 3.520617421e-03
 2.326298757e-03 1.160760392e-03 4.613898816e-05-9.946448527e-04-1.938155960e-03
-2.760715430e-03-3.438675577e-03-3.948699569e-03-4.268050117e-03-4.374896593e-03
-4.248683442e-03-3.870642472e-03-3.224478109e-03-2.297178059e-03-1.079803695e-03
 4.322993327e-04 2.236610164e-03 4.318421994e-03 6.661504603e-03 9.268304811e-03
 1.213459598e-02 1.525570033e-02 1.862594905e-02 2.223739757e-02 2.607665913e-02
 3.011545114e-02 3.438644393e-02 3.903727904e-02 4.384662455e-02 4.869342040e-02
 5.338739294e-02 5.767774793e-02 6.132415321e-02 6.418341507e-02 6.625240858e-02
 6.766300098e-02 6.860976603e-02 6.926233786e-02 6.973346899e-02 7.008813359e-02
 7.036044324e-02 7.056679370e-02 7.071437009e-02 7.080613687e-02 7.084355491e-02
 7.082794138e-02 7.076105944e-02 7.064528891e-02 7.048352317e-02 7.027574962e-02
 1.306122281e-03 2.963094064e-03 5.295820623e-03 8.312006981e-03 1.178815327e-02
 1.343408137e-02 1.264644323e-02 1.154900354e-02 1.038059418e-02 9.143160597e-03
 7.841846530e-03 6.482984705e-03 5.073243787e-03 3.619756172e-03 2.130120057e-03
 6.243819335e-04-8.749180579e-04-2.343460977e-03-3.755378582e-03-5.083511963e-03
-6.299685939e-03-7.375002060e-03-8.280156109e-03-8.985788735e-03-9.462884065e-03
-9.683236567e-03-9.620022739e-03-9.248503394e-03-8.546879195e-03-7.497330169e-03
-6.087340805e-03-4.311452291e-03-2.173276106e-03 3.129805725e-04 3.119274990e-03
 6.193755836e-03 9.520881836e-03 1.308351763e-02 1.686104732e-02 2.082959713e-02
 2.496113556e-02 2.921852827e-02 3.351500882e-02 3.802730517e-02 4.253233361e-02
 4.683991232e-02 5.086971274e-02 5.453678010e-02 5.778073032e-02 6.057901429e-02
 6.294688507e-02 6.492620468e-02 6.656984990e-02 6.792916213e-02 6.904761142e-02
 6.995953917e-02 7.069150861e-02 7.126439990e-02 7.169531066e-02 7.199894807e-02
 7.218851025e-02 7.227617034e-02 7.227329557e-02 7.219056385e-02 7.204025283e-02
 1.301912146e-03 2.952340584e-03 5.273472183e-03 8.270244894e-03 1.172789105e-02
 1.335125174e-02 1.245113225e-02 1.126413348e-02 9.987964740e-03 8.609406398e-03
 7.134918261e-03 5.570733406e-03 3.922734196e-03 2.196642737e-03 4.093391470e-04
-1.416994778e-03-3.257847460e-03-5.086487427e-03-6.874150607e-03-8.590268798e-03
-1.020273764e-02-1.167822097e-02-1.298249103e-02-1.408080851e-02-1.493835122e-02
-1.552070819e-02-1.579446089e-02-1.572788310e-02-1.529179878e-02-1.446064771e-02
-1.321380891e-02-1.153725952e-02-9.425583480e-03-6.884371912e-03-3.933130033e-03
-6.084004043e-04 3.034864563e-03 6.911048655e-03 1.098905741e-02 1.523874425e-02
 1.962722402e-02 2.411896196e-02 2.867495584e-02 3.324867025e-02 3.777844148e-02
 4.219216293e-02 4.642004976e-02 5.040146433e-02 5.408836284e-02 5.744769772e-02
 6.046196055e-02 6.312753343e-02 6.545157893e-02 6.744862663e-02 6.913774041e-02
 7.054057810e-02 7.168020762e-02 7.258037854e-02 7.326499196e-02 7.375762917e-02
 7.408110222e-02 7.425704574e-02 7.430558342e-02 7.424506915e-02 7.409112931e-02
 1.287745598e-03 2.919182506e-03 5.211710512e-03 8.168249073e-03 1.155654150e-02
 1.307556250e-02 1.213492952e-02 1.084651905e-02 9.436366759e-03 7.897651820e-03
 6.234748524e-03 4.451593522e-03 2.551862127e-03 5.473096326e-04-1.541046137e-03
-3.689409426e-03-5.871269207e-03-8.057528679e-03-1.021668594e-02-1.231506840e-02
-1.431711384e-02-1.618569239e-02-1.788246513e-02-1.936827765e-02-2.060359211e-02
-2.154896719e-02-2.216560461e-02-2.241599067e-02-2.226467260e-02-2.167922229e-02
-2.063145395e-02-1.909896303e-02-1.706706148e-02-1.453116620e-02-1.149968139e-02
-7.997366145e-03-4.069180407e-03 2.155541032e-04 4.761227101e-03 9.465626602e-03
 1.429787674e-02 1.922302176e-02 2.420229792e-02 2.919193331e-02 3.414296375e-02
 3.900228847e-02 4.371490158e-02 4.822656756e-02 5.248641185e-02 5.644925688e-02
 6.007763293e-02 6.334338276e-02 6.622877566e-02 6.872704443e-02 7.084225714e-02
 7.258846759e-02 7.398817706e-02 7.507026494e-02 7.586765341e-02 7.641501154e-02
 7.674676192e-02 7.689555214e-02 7.689123947e-02 7.676033199e-02 7.652559738e-02
 1.267341518e-03 2.872164469e-03 5.125938342e-03 8.030272942e-03 1.136063577e-02
 1.281779396e-02 1.174663487e-02 1.034058184e-02 8.783363183e-03 7.073194663e-03
 5.211861755e-03 3.201040887e-03 1.045241980e-03-1.236604311e-03-3.622303581e-03
-6.086489496e-03-8.600729238e-03-1.113367838e-02-1.365129229e-02-1.611708979e-02
-1.849246327e-02-2.073702700e-02-2.280899502e-02-2.466558193e-02-2.626342384e-02
-2.755902350e-02-2.850923238e-02-2.907179428e-02-2.920598903e-02-2.887343006e-02
-2.803908576e-02-2.667261069e-02-2.475008259e-02-2.225624639e-02-1.918735325e-02
-1.555464096e-02-1.138841080e-02-6.742624978e-03-1.699779287e-03 3.624902747e-03
 9.076996397e-03 1.462826641e-02 2.024588001e-02 2.589259726e-02 3.152571500e-02
 3.709648716e-02 4.254996781e-02 4.782546646e-02 5.285788761e-02 5.758028191e-02
 6.192781153e-02 6.584294755e-02 6.928116187e-02 7.221591168e-02 7.464163349e-02
 7.657388177e-02 7.804652517e-02 7.910673583e-02 7.980903529e-02 8.020969606e-02
 8.036239916e-02 8.031547836e-02 8.011061673e-02 7.978266823e-02 7.936223219e-02
 1.243477136e-03 2.817515262e-03 5.027061786e-03 7.872725262e-03 1.112610593e-02
 1.248620165e-02 1.131280155e-02 9.783774153e-03 8.074783776e-03 6.188768083e-03
 4.125677478e-03 1.885076054e-03-5.205792189e-04-3.071197735e-03-5.743214266e-03
-8.509622057e-03-1.134008242e-02-1.420110287e-02-1.705627908e-02-1.986659399e-02
-2.259076334e-02-2.518561462e-02-2.760648559e-02-2.980762970e-02-3.174261966e-02
-3.336474670e-02-3.462742279e-02-3.548460550e-02-3.589128074e-02-3.580405708e-02
-3.518194578e-02-3.398742209e-02-3.218788436e-02-2.975764340e-02-2.668058154e-02
-2.295361101e-02-1.859102569e-02-1.362973268e-02-8.135186766e-03-2.207835891e-03
 4.010588182e-03 1.034849554e-02 1.678511261e-02 2.329420215e-02 2.984226999e-02
 3.638572381e-02 4.286768976e-02 4.921485813e-02 5.533545696e-02 6.112028292e-02
 6.644907995e-02 7.120342701e-02 7.528434812e-02 7.862970928e-02 8.122555573e-02
 8.310747332e-02 8.435156971e-02 8.505836644e-02 8.533525246e-02 8.528268621e-02
 8.498644553e-02 8.451526090e-02 8.392182868e-02 8.324527509e-02 8.251055520e-02
 1.218177671e-03 2.759761872e-03 4.923000272e-03 7.707737346e-03 1.087834278e-02
 1.213049778e-02 1.087463230e-02 9.209679576e-03 7.349452358e-03 5.289501734e-03
 3.027887246e-03 5.666279900e-04-2.076949559e-03-4.881706622e-03-7.822725659e-03
-1.087139007e-02-1.399552861e-02-1.715963039e-02-2.032512783e-02-2.345073811e-02
-2.649284924e-02-2.940593313e-02-3.214296653e-02-3.465584151e-02-3.689575048e-02
-3.881353733e-02-4.036001615e-02-4.148627171e-02-4.214397297e-02-4.228575062e-02
-4.186571316e-02-4.084020248e-02-3.916891780e-02-3.681656465e-02-3.375520851e-02
-2.996752304e-02-2.545110905e-02-2.022401502e-02-1.433148220e-02-7.853692260e-03
-9.140424778e-04 6.312586167e-03 1.369105431e-02 2.121835662e-02 2.888402656e-02
 3.666595938e-02 4.452297377e-02 5.238324934e-02 6.012853280e-02 6.757804792e-02
 7.448507712e-02 8.056569680e-02 8.556242829e-02 8.931309661e-02 9.179278109e-02
 9.311779602e-02 9.350983030e-02 9.322975931e-02 9.251340936e-02 9.153963847e-02
 9.042978886e-02 8.926066571e-02 8.807853460e-02 8.690999269e-02 8.577141815e-02
 1.192952775e-03 2.702275710e-03 4.819637494e-03 7.544353682e-03 1.065588723e-02
 1.185093803e-02 1.043117803e-02 8.646518322e-03 6.641048521e-03 4.414719183e-03
 1.964087476e-03-7.022926810e-04-3.565996027e-03-6.604651507e-03-9.791931475e-03
-1.309763038e-02-1.648783061e-02-1.992515155e-02-2.336907361e-02-2.677632379e-02
-3.010130414e-02-3.329654085e-02-3.631312956e-02-3.910115325e-02-4.161005191e-02
-4.378893027e-02-4.558679919e-02-4.695276000e-02-4.783615798e-02-4.818675192e-02
-4.795497188e-02-4.709236551e-02-4.555236658e-02-4.329155337e-02-4.027159933e-02
-3.646214509e-02-3.184483069e-02-2.641869870e-02-2.020708981e-02-1.326598183e-02
-5.693391214e-03 2.361127791e-03 1.068857199e-02 1.927402033e-02 2.814856686e-02
 3.734510839e-02 4.689304927e-02 5.680507085e-02 6.704433378e-02 7.744120230e-02
 8.750967037e-02 9.634193966e-02 1.030655563e-01 1.072227607e-01 1.087627057e-01
 1.080794853e-01 1.060014168e-01 1.034041906e-01 1.007702588e-01 9.828428013e-02
 9.600143191e-02 9.392523003e-02 9.203936546e-02 9.032120104e-02 8.874760321e-02
 1.168978084e-03 2.647693069e-03 4.721612938e-03 7.389522340e-03 1.041506719e-02
 1.149332879e-02 1.002396681e-02 8.117682479e-03 5.977366713e-03 3.597794064e-03
 9.745216655e-04-1.877642604e-03-4.939476225e-03-8.187526007e-03-1.159416409e-02
-1.512771468e-02-1.875266357e-02-2.242995182e-02-2.611734636e-02-2.976987225e-02
-3.334028524e-02-3.677955836e-02-4.003735400e-02-4.306245309e-02-4.580311614e-02
-4.820735753e-02-5.022312429e-02-5.179838402e-02-5.288114367e-02-5.341944189e-02
-5.336138277e-02-5.265530883e-02-5.125024552e-02-4.909678868e-02-4.614864811e-02
-4.236509933e-02-3.771462365e-02-3.218001794e-02-2.576520494e-02-1.850383623e-02
-1.046952570e-02-1.787168070e-03 7.355740690e-03 1.684509980e-02 2.676090717e-02
 3.720917195e-02 4.833507378e-02 6.034349830e-02 7.353588263e-02 8.839627905e-02
 1.059309790e-01 1.212596155e-01 1.314602979e-01 1.359363784e-01 1.345012283e-01
 1.281233353e-01 1.193437422e-01 1.128561204e-01 1.077760687e-01 1.036760296e-01
 1.002906923e-01 9.743986923e-02 9.499605430e-02 9.286672277e-02 9.098234874e-02
 1.147196981e-03 2.598136667e-03 4.632685127e-03 7.249256482e-03 1.021420632e-02
 1.122371136e-02 9.652992551e-03 7.640614822e-03 5.379348955e-03 2.862125847e-03
 8.854431466e-05-2.925364944e-03-6.159304713e-03-9.588656968e-03-1.318452359e-02
-1.691386343e-02-2.073972758e-02-2.462158868e-02-2.851575280e-02-3.237583517e-02
-3.615327484e-02-3.979785825e-02-4.325821951e-02-4.648228513e-02-4.941763456e-02
-5.201175432e-02-5.421217377e-02-5.596648396e-02-5.722225801e-02-5.792691250e-02
-5.802757423e-02-5.747104704e-02-5.620400844e-02-5.417360738e-02-5.132867966e-02
-4.762184428e-02-4.301278282e-02-3.747301922e-02-3.099248325e-02-2.358801551e-02
-1.531369557e-02-6.272367430e-03 3.373078553e-03 1.339188904e-02 2.386042051e-02
 3.489921152e-02 4.668271745e-02 5.946899874e-02 7.365184639e-02 8.985280627e-02
 1.094616082e-01 1.250857025e-01 1.399364446e-01 1.427703925e-01 1.404392270e-01
 1.329277421e-01 1.227052269e-01 1.153379264e-01 1.097184948e-01 1.052956131e-01
 1.017145320e-01 9.874173736e-02 9.621894187e-02 9.403580839e-02 9.211589978e-02
 1.128363775e-03 2.555310371e-03 4.555883121e-03 7.128221572e-03 1.004648720e-02
 1.100546776e-02 9.326699665e-03 7.230648815e-03 4.866442336e-03 2.232374390e-03
-6.678146792e-04-3.817368217e-03-7.195110411e-03-1.077542275e-02-1.452830749e-02
-1.841955042e-02-2.241098690e-02-2.646086692e-02-3.052430609e-02-3.455380193e-02
-3.849978782e-02-4.231119181e-02-4.593596540e-02-4.932154734e-02-5.241523116e-02
-5.516441250e-02-5.751670196e-02-5.941990356e-02-6.082187564e-02-6.167031202e-02
-6.191250639e-02-6.149519289e-02-6.036459178e-02-5.846683189e-02-5.574896993e-02
-5.216087977e-02-4.765833424e-02-4.220763641e-02-3.579215341e-02-2.842102927e-02
-2.014016028e-02-1.104516111e-02-1.295506428e-03 8.871490560e-03 1.934411353e-02
 3.018908183e-02 4.148632916e-02 5.332843378e-02 6.581004908e-02 7.897722811e-02
 9.245303071e-02 1.041526150e-01 1.132846234e-01 1.186414793e-01 1.197896720e-01
 1.173680405e-01 1.131283171e-01 1.091065091e-01 1.055990944e-01 1.025682983e-01
 9.993812736e-02 9.763410484e-02 9.559233899e-02 9.376072266e-02 9.209462411e-02
 1.113063292e-03 2.520534437e-03 4.493553553e-03 7.029986449e-03 9.891219670e-03
 1.076878031e-02 9.075702893e-03 6.899887916e-03 4.452919221e-03 1.725498466e-03
-1.275477420e-03-4.532644776e-03-8.024110715e-03-1.172344459e-02-1.559976031e-02
-1.961790287e-02-2.373874269e-02-2.791957261e-02-3.211459342e-02-3.627546554e-02
-4.035189727e-02-4.429223517e-02-4.804401938e-02-5.155446743e-02-5.477085395e-02
-5.764076090e-02-6.011218378e-02-6.213349326e-02-6.365326895e-02-6.462004317e-02
-6.498201756e-02-6.468684565e-02-6.368161042e-02-6.191316904e-02-5.932908702e-02
-5.587943869e-02-5.151980476e-02-4.621583801e-02-3.994977146e-02-3.272917512e-02
-2.459807311e-02-1.565014942e-02-6.043128887e-03 3.987564740e-03 1.413665659e-02
 2.439570535e-02 3.474161099e-02 4.512008765e-02 5.541822895e-02 6.542522232e-02
 7.480089646e-02 8.310985828e-02 8.993568668e-02 9.499217499e-02 9.821172749e-02
 9.978748206e-02 1.001152957e-01 9.964116392e-02 9.871762820e-02 9.756800279e-02
 9.631892536e-02 9.503846543e-02 9.376177721e-02 9.250610089e-02 9.128075619e-02
 1.101724220e-03 2.494772507e-03 4.447402308e-03 6.957392709e-03 9.798580741e-03
 1.066560044e-02 8.880211991e-03 6.655975815e-03 4.148750227e-03 1.353249018e-03
-1.721049279e-03-5.056315104e-03-8.630117573e-03-1.241542213e-02-1.638068690e-02
-2.049006772e-02-2.470373467e-02-2.897829416e-02-3.326730121e-02-3.752183867e-02
-4.169113240e-02-4.572316653e-02-4.956526060e-02-5.316457113e-02-5.646848408e-02
-5.942487283e-02-6.198220686e-02-6.408951091e-02-6.569619207e-02-6.675177311e-02
-6.720559591e-02-6.700658841e-02-6.610322482e-02-6.444385133e-02-6.197759912e-02
-5.865616098e-02-5.443676118e-02-4.928668794e-02-4.318976222e-02-3.615504898e-02
-2.822792992e-02-1.950328854e-02-1.013995953e-02-3.747640699e-04 9.466452606e-03
 1.921013726e-02 2.880485707e-02 3.817330267e-02 4.720703896e-02 5.576465501e-02
 6.367834112e-02 7.077274930e-02 7.689424904e-02 8.194221881e-02 8.589185319e-02
 8.879973217e-02 9.078871881e-02 9.201780039e-02 9.264996238e-02 9.282994400e-02
 9.267511953e-02 9.227568348e-02 9.169899848e-02 9.099477463e-02 9.020040786e-02
 1.094637713e-03 2.478672658e-03 4.418560820e-03 6.911971528e-03 9.724135652e-03
 1.054986135e-02 8.763366953e-03 6.504669240e-03 3.960436066e-03 1.123339442e-03
-1.995683450e-03-5.378520698e-03-9.002403848e-03-1.283991872e-02-1.685911359e-02
-2.102371705e-02-2.529346881e-02-2.962455767e-02-3.397015083e-02-3.828099047e-02
-4.250602596e-02-4.659304517e-02-5.048926586e-02-5.414184911e-02-5.749830133e-02
-6.050673896e-02-6.311600158e-02-6.527561346e-02-6.693561163e-02-6.804627951e-02
-6.855785046e-02-6.842027534e-02-6.758318361e-02-6.599620961e-02-6.360990385e-02
-6.037750138e-02-5.625786949e-02-5.121999166e-02-4.524934029e-02-3.835641190e-02
-3.058749143e-02-2.203731670e-02-1.286266966e-02-3.295002828e-03 6.350935686e-03
 1.579236254e-02 2.497680032e-02 3.383606088e-02 4.228736386e-02 5.023684280e-02
 5.758613606e-02 6.424198928e-02 7.012759903e-02 7.519332961e-02 7.942405710e-02
 8.284105307e-02 8.549787938e-02 8.747163847e-02 8.885223388e-02 8.973239695e-02
 9.020025010e-02 9.033486780e-02 9.020436846e-02 8.986568931e-02 8.936338153e-02
 1.091989020e-03 2.472645031e-03 4.407732923e-03 6.894835983e-03 9.696230476e-03
 1.050527899e-02 8.720174690e-03 6.448427062e-03 3.891658103e-03 1.040276977e-03
-2.094207129e-03-5.493531309e-03-9.134777291e-03-1.299037764e-02-1.702822316e-02
-2.121188287e-02-2.550093872e-02-2.985142853e-02-3.421638096e-02-3.854641795e-02
-4.279039280e-02-4.689602683e-02-5.081050549e-02-5.448099581e-02-5.785505126e-02
-6.088087856e-02-6.350745180e-02-6.568447447e-02-6.736220734e-02-6.849120155e-02
-6.902200161e-02-6.890491219e-02-6.808995837e-02-6.652721038e-02-6.416769152e-02
-6.096513952e-02-5.687893977e-02-5.187858122e-02-4.594997796e-02-3.910391439e-02
-3.138665759e-02-2.289237479e-02-1.377633933e-02-4.266989408e-03 5.326197002e-03
 1.468583704e-02 2.376074434e-02 3.248723767e-02 4.079118136e-02 4.859184947e-02
 5.580770953e-02 6.236373987e-02 6.819931684e-02 7.327526633e-02 7.757860264e-02
 8.112389126e-02 8.395097479e-02 8.611970847e-02 8.770301278e-02 8.877973094e-02
 8.942848611e-02 8.972318460e-02 8.973027310e-02 8.950754491e-02 8.910599718e-02
 1.093878852e-03 2.476929022e-03 4.415382133e-03 6.906870909e-03 9.728669042e-03
 1.057461754e-02 8.742630911e-03 6.489714433e-03 3.944664793e-03 1.106161557e-03
-2.014530581e-03-5.399207203e-03-9.025030577e-03-1.286453004e-02-1.688570527e-02
-2.105224171e-02-2.532384062e-02-2.965665670e-02-3.400382758e-02-3.831607058e-02
-4.254231499e-02-4.663033317e-02-5.052733142e-02-5.418046249e-02-5.753722612e-02
-6.054573166e-02-6.315480851e-02-6.531396418e-02-6.697320807e-02-6.808277964e-02
-6.859284553e-02-6.845325905e-02-6.761351202e-02-6.602305010e-02-6.363217192e-02
-6.039378486e-02-5.626634117e-02-5.121831426e-02-4.523457272e-02-3.832493311e-02
-3.053496968e-02-2.195876725e-02-1.275266344e-02-3.148116294e-03 6.539286735e-03
 1.603096263e-02 2.527410792e-02 3.419914902e-02 4.272043172e-02 5.073949098e-02
 5.815185405e-02 6.485747060e-02 7.077341150e-02 7.584607902e-02 8.005963613e-02
 8.343810987e-02 8.604051383e-02 8.795065132e-02 8.926486211e-02 9.008100620e-02
 9.049064645e-02 9.057475689e-02 9.040223455e-02 9.003016420e-02 8.950347602e-02
 1.100288827e-03 2.491493654e-03 4.441482508e-03 6.947926052e-03 9.772317813e-03
 1.060704782e-02 8.860389771e-03 6.629169344e-03 4.119001083e-03 1.320096997e-03
-1.757891393e-03-5.097058620e-03-8.674891388e-03-1.246427285e-02-1.643358125e-02
-2.054689652e-02-2.476431822e-02-2.904238881e-02-3.333460729e-02-3.759200926e-02
-4.176378269e-02-4.579788311e-02-4.964161012e-02-5.324210726e-02-5.654675206e-02
-5.950341035e-02-6.206054009e-02-6.416714435e-02-6.577259056e-02-6.682633419e-02
-6.727761029e-02-6.707518618e-02-6.616730439e-02-6.450198826e-02-6.202793191e-02
-5.869625193e-02-5.446343222e-02-4.929583554e-02-4.317616168e-02-3.611216920e-02
-2.814779446e-02-1.937643841e-02-9.955596009e-03-1.211491172e-04 9.801376428e-03
 1.964696492e-02 2.936579628e-02 3.888039118e-02 4.807838046e-02 5.680848095e-02
 6.488607837e-02 7.211409282e-02 7.831749676e-02 8.338110087e-02 8.727750320e-02
 9.007409110e-02 9.191423254e-02 9.297976853e-02 9.345219716e-02 9.348767690e-02
 9.320870118e-02 9.270641602e-02 9.204690186e-02 9.127763709e-02 9.043343243e-02
 1.111048863e-03 2.515950723e-03 4.485325489e-03 7.017041212e-03 9.879453854e-03
 1.076784675e-02 9.039027129e-03 6.862347755e-03 4.410616841e-03 1.677608099e-03
-1.329273743e-03-4.592575355e-03-8.090305963e-03-1.179593150e-02-1.567846078e-02
-1.970263560e-02-2.382922828e-02-2.801544166e-02-3.221539713e-02-3.638068838e-02
-4.046097095e-02-4.440455318e-02-4.815895100e-02-5.167137014e-02-5.488908280e-02
-5.775967358e-02-6.023113971e-02-6.225184495e-02-6.377034363e-02-6.473511245e-02
-6.509425241e-02-6.479525351e-02-6.378495089e-02-6.200984416e-02-5.941700204e-02
-5.595582966e-02-5.158103101e-02-4.625714048e-02-3.996500412e-02-3.271052524e-02
-2.453580038e-02-1.553239364e-02-5.855862967e-03 4.260241242e-03 1.452070162e-02
 2.492413711e-02 3.545765122e-02 4.607847839e-02 5.668309563e-02 6.705704497e-02
 7.682360530e-02 8.547450216e-02 9.251726934e-02 9.760919396e-02 1.006659861e-01
 1.019234858e-01 1.018676215e-01 1.010291964e-01 9.980009323e-02 9.840814952e-02
 9.697153928e-02 9.554766238e-02 9.416217599e-02 9.282464942e-02 9.153767284e-02
 1.125845978e-03 2.549592673e-03 4.545648551e-03 7.112119900e-03 1.001992127e-02
 1.096424436e-02 9.289135828e-03 7.183769151e-03 4.812617746e-03 2.170751110e-03
-7.376129340e-04-3.895604700e-03-7.281925579e-03-1.087082706e-02-1.463217868e-02
-1.853163518e-02-2.253090684e-02-2.658812851e-02-3.065831433e-02-3.469387705e-02
-3.864518425e-02-4.246111851e-02-4.608960632e-02-4.947808061e-02-5.257384573e-02
-5.532432041e-02-5.767714481e-02-5.958015115e-02-6.098121490e-02-6.182802405e-02
-6.206782891e-02-6.164726529e-02-6.051237933e-02-5.860902528e-02-5.588385628e-02
-5.228618129e-02-4.777101185e-02-4.230365778e-02-3.586622792e-02-2.846631753e-02
-2.014796966e-02-1.100463421e-02-1.193291344e-03 9.051953008e-03 1.962669997e-02
 3.060917476e-02 4.209730634e-02 5.421380488e-02 6.710777215e-02 8.094169841e-02
 9.571567503e-02 1.082132278e-01 1.181801761e-01 1.236625897e-01 1.242494627e-01
 1.206954400e-01 1.151768150e-01 1.105045975e-01 1.065920242e-01 1.032912256e-01
 1.004747764e-01 9.803946236e-02 9.590401704e-02 9.400533112e-02 9.229288187e-02
 1.144227934e-03 2.591400986e-03 4.620645669e-03 7.230331206e-03 1.018263221e-02
 1.117028307e-02 9.606517873e-03 7.584986479e-03 5.314810081e-03 2.787630186e-03
 3.624702939e-06-3.021035701e-03-6.265894616e-03-9.706170347e-03-1.331280026e-02
-1.705258198e-02-2.088841311e-02-2.477962524e-02-2.868240018e-02-3.255024978e-02
-3.633453372e-02-3.998498541e-02-4.345021327e-02-4.667814512e-02-4.961638691e-02
-5.221247351e-02-5.441399957e-02-5.616863184e-02-5.742402143e-02-5.812765535e-02
-5.822671165e-02-5.766801244e-02-5.639820484e-02-5.436434059e-02-5.151507149e-02
-4.780272455e-02-4.318656041e-02-3.763753606e-02-3.114486018e-02-2.372450484e-02
-1.542956539e-02-6.361868275e-03 3.316590766e-03 1.337445692e-02 2.388745266e-02
 3.497995510e-02 4.683249182e-02 5.971296593e-02 7.403047933e-02 9.042133368e-02
 1.097504531e-01 1.266671707e-01 1.379213936e-01 1.428652229e-01 1.410470530e-01
 1.334101205e-01 1.232894139e-01 1.157471239e-01 1.100070325e-01 1.055032219e-01
 1.018672180e-01 9.885683076e-02 9.630850813e-02 9.410861521e-02 9.217770539e-02
 1.165592461e-03 2.640016981e-03 4.707904620e-03 7.368078318e-03 1.039826201e-02
 1.149432208e-02 9.962762021e-03 8.053753977e-03 5.902882837e-03 3.511382609e-03
 8.754140818e-04-1.989826148e-03-5.064923656e-03-8.326231180e-03-1.174592631e-02
-1.529214231e-02-1.892918266e-02-2.261782017e-02-2.631567283e-02-2.997764095e-02
-3.355638396e-02-3.700281013e-02-4.026655077e-02-4.329639004e-02-4.604062534e-02
-4.844733954e-02-5.046457631e-02-5.204042350e-02-5.312302613e-02-5.366057208e-02
-5.360131828e-02-5.289375536e-02-5.148704316e-02-4.933188907e-02-4.638208253e-02
-4.259693967e-02-3.794494044e-02-3.240884313e-02-2.599251162e-02-1.872956250e-02
-1.069367969e-02-2.010011761e-03 7.133457146e-03 1.661004846e-02 2.649522462e-02
 3.688717785e-02 4.791763260e-02 5.976750209e-02 7.269422887e-02 8.710756346e-02
 1.044144599e-01 1.202382588e-01 1.312304596e-01 1.338951811e-01 1.322566677e-01
 1.263544596e-01 1.179929637e-01 1.119668040e-01 1.071671825e-01 1.032439718e-01
 9.997535591e-02 9.720513296e-02 9.481955461e-02 9.273429146e-02 9.088502211e-02
 1.189171328e-03 2.693706251e-03 4.804344294e-03 7.520351933e-03 1.060701633e-02
 1.176112451e-02 1.037650953e-02 8.575179483e-03 6.557274496e-03 4.317295639e-03
 1.851666963e-03-8.300870800e-04-3.709349520e-03-6.763535649e-03-9.966096593e-03
-1.328660662e-02-1.669093592e-02-2.014150611e-02-2.359762040e-02-2.701585479e-02
-3.035049151e-02-3.355397202e-02-3.657734530e-02-3.937068717e-02-4.188347042e-02
-4.406487155e-02-4.586401029e-02-4.723013108e-02-4.811275328e-02-4.846183710e-02
-4.822803767e-02-4.736314817e-02-4.582086539e-02-4.355804639e-02-4.053665873e-02
-3.672665459e-02-3.211000839e-02-2.668613486e-02-2.047882034e-02-1.354460538e-02
-5.982256671e-03 2.057421893e-03 1.036296078e-02 1.890387358e-02 2.770525474e-02
 3.679082195e-02 4.617619118e-02 5.585373272e-02 6.575866661e-02 7.569499751e-02
 8.520831870e-02 9.355347404e-02 9.999927921e-02 1.041361058e-01 1.059209090e-01
 1.056996621e-01 1.041600275e-01 1.020182892e-01 9.972453522e-02 9.748699872e-02
 9.538695428e-02 9.344744789e-02 9.166582112e-02 9.002888373e-02 8.852027733e-02
 1.214006676e-03 2.750314972e-03 4.906154406e-03 7.681387205e-03 1.084258591e-02
 1.208752971e-02 1.080589202e-02 9.130613043e-03 7.256555723e-03 5.181229427e-03
 2.902698839e-03 4.239840877e-04-2.237282705e-03-5.059689807e-03-8.018056571e-03
-1.108350985e-02-1.422363170e-02-1.740267981e-02-2.058187616e-02-2.371975416e-02
-2.677254983e-02-2.969461910e-02-3.243886196e-02-3.495713486e-02-3.720063659e-02
-3.912025921e-02-4.066690558e-02-4.179178844e-02-4.244674229e-02-4.258459980e-02
-4.215970763e-02-4.112868300e-02-3.945153986e-02-3.709334145e-02-3.402655784e-02
-3.023431876e-02-2.571474026e-02-2.048644538e-02-1.459528187e-02-8.122101309e-03
-1.191114718e-03 6.022417447e-03 1.337072051e-02 2.084708469e-02 2.843720058e-02
 3.611476079e-02 4.383453812e-02 5.152222900e-02 5.906163403e-02 6.628329379e-02
 7.296509681e-02 7.885835088e-02 8.373998235e-02 8.746920444e-02 9.002331265e-02
 9.150110309e-02 9.209249237e-02 9.202436707e-02 9.150798951e-02 9.071027083e-02
 8.974972475e-02 8.870499148e-02 8.762590299e-02 8.654286167e-02 8.547482437e-02
 1.238899423e-03 2.807159707e-03 5.008627136e-03 7.843953294e-03 1.109253016e-02
 1.245269727e-02 1.124035185e-02 9.696992543e-03 7.972721109e-03 6.069993817e-03
 3.988717503e-03 1.728489153e-03-6.968974062e-04-3.267116310e-03-5.958330314e-03
-8.743252151e-03-1.159126640e-02-1.446861540e-02-1.733864826e-02-2.016212587e-02
-2.289757150e-02-2.550165377e-02-2.792958802e-02-3.013554346e-02-3.207304720e-02
-3.369538306e-02-3.495599270e-02-3.580889938e-02-3.620919010e-02-3.611361075e-02
-3.548134892e-02-3.427510110e-02-3.246254102e-02-3.001832263e-02-2.692675630e-02
-2.318528249e-02-1.880881791e-02-1.383498627e-02-8.330115520e-03-2.395468552e-03
 3.826939089e-03 1.015712781e-02 1.657092956e-02 2.304030442e-02 2.953032207e-02
 3.599671518e-02 4.238316497e-02 4.861879837e-02 5.461690133e-02 6.027645486e-02
 6.548823966e-02 7.014622437e-02 7.416262012e-02 7.748256564e-02 8.009367600e-02
 8.202720708e-02 8.335049663e-02 8.415339966e-02 8.453331025e-02 8.458300255e-02
 8.438332694e-02 8.400046535e-02 8.348626069e-02 8.288005319e-02 8.220891651e-02
 1.262288516e-03 2.860757503e-03 5.105692407e-03 7.998726868e-03 1.130600630e-02
 1.272464345e-02 1.166890728e-02 1.024489569e-02 8.671348186e-03 6.943327686e-03
 5.062587300e-03 3.030706936e-03 8.535868888e-04-1.449436116e-03-3.855821042e-03
-6.339870161e-03-8.872830532e-03-1.142305314e-02-1.395620703e-02-1.643554674e-02
-1.882222603e-02-2.107564900e-02-2.315384982e-02-2.501389395e-02-2.661229838e-02
-2.790547497e-02-2.885021017e-02-2.940420669e-02-2.952672640e-02-2.917938962e-02
-2.832720341e-02-2.693990519e-02-2.499372054e-02-2.247363493e-02-1.937626695e-02
-1.571339826e-02-1.151616279e-02-6.839678996e-03-1.767594677e-03 3.583215221e-03
 9.053963100e-03 1.461182252e-02 2.022228730e-02 2.584670059e-02 3.144190157e-02
 3.695980159e-02 4.234727661e-02 4.754661417e-02 5.249681464e-02 5.713600620e-02
 6.140506559e-02 6.525221052e-02 6.863790359e-02 7.153906502e-02 7.395154715e-02
 7.589017257e-02 7.738627225e-02 7.848333314e-02 7.923179985e-02 7.968411708e-02
 7.989079038e-02 7.989778526e-02 7.974519399e-02 7.946691305e-02 7.909234275e-02
 1.282051562e-03 2.906364844e-03 5.189053440e-03 8.133231649e-03 1.151693452e-02
 1.304296530e-02 1.204465451e-02 1.074044627e-02 9.313352253e-03 7.755890281e-03
 6.072873601e-03 4.268244232e-03 2.345666477e-03 3.185896027e-04-1.791596521e-03
-3.960738451e-03-6.161986408e-03-8.365913281e-03-1.054069935e-02-1.265237004e-02
-1.466508034e-02-1.654143895e-02-1.824286749e-02-1.972999301e-02-2.096307707e-02
-2.190249170e-02-2.250926141e-02-2.274570008e-02-2.257618487e-02-2.196812148e-02
-2.089316506e-02-1.932877464e-02-1.726017639e-02-1.468281052e-02-1.160531327e-02
-8.052994797e-03-4.071612455e-03 2.682549681e-04 4.867872206e-03 9.623048832e-03
 1.449800174e-02 1.945402629e-02 2.444813756e-02 2.943384889e-02 3.436200658e-02
 3.918168577e-02 4.384124188e-02 4.829001918e-02 5.248068722e-02 5.637168586e-02
 5.992928774e-02 6.312903798e-02 6.595653711e-02 6.840761554e-02 7.048794049e-02
 7.221207383e-02 7.360202189e-02 7.468539179e-02 7.549334975e-02 7.605861669e-02
 7.641371260e-02 7.658958823e-02 7.661469251e-02 7.651443515e-02 7.631061573e-02
 1.295257874e-03 2.937398208e-03 5.247170247e-03 8.229784293e-03 1.166189530e-02
 1.324918379e-02 1.235666885e-02 1.114833304e-02 9.851877974e-03 8.453578341e-03
 6.958416115e-03 5.372659036e-03 3.702102578e-03 1.952457825e-03 1.427006318e-04
-1.704722565e-03-3.564971243e-03-5.410974356e-03-7.213625805e-03-8.942023519e-03
-1.056374349e-02-1.204514667e-02-1.335171891e-02-1.444844802e-02-1.530024736e-02
-1.587244187e-02-1.613133999e-02-1.604492608e-02-1.558371127e-02-1.472179347e-02
-1.343819448e-02-1.171852835e-02-9.557041075e-03-6.959022099e-03-3.943681696e-03
-5.473826773e-04 3.173958191e-03 7.132208673e-03 1.129808570e-02 1.563845527e-02
 2.011620308e-02 2.468670925e-02 2.929559912e-02 3.388137732e-02 3.838526860e-02
 4.275087565e-02 4.691899071e-02 5.083253123e-02 5.444460580e-02 5.772376703e-02
 6.065537072e-02 6.323955883e-02 6.548732928e-02 6.741639419e-02 6.904796093e-02
 7.040473386e-02 7.150987684e-02 7.238651887e-02 7.305747060e-02 7.354497269e-02
 7.387042109e-02 7.405408400e-02 7.411484743e-02 7.407001081e-02 7.393489596e-02
 1.298026619e-03 2.944867971e-03 5.263659379e-03 8.262521032e-03 1.171699070e-02
 1.333641496e-02 1.253480508e-02 1.141643385e-02 1.022606847e-02 8.967782979e-03
 7.646081208e-03 6.266519163e-03 4.835294021e-03 3.359175872e-03 1.847542998e-03
 3.213362340e-04-1.196511329e-03-2.681270404e-03-4.106680627e-03-5.445212952e-03
-6.668345953e-03-7.746858255e-03-8.651143187e-03-9.351554082e-03-9.818794103e-03
-1.002437329e-02-9.941167370e-03-9.544106487e-03-8.811029388e-03-7.723732030e-03
-6.269243719e-03-4.441543674e-03-2.243569117e-03 3.110545258e-04 3.194500390e-03
 6.354788592e-03 9.779869098e-03 1.345458048e-02 1.736203952e-02 2.148145621e-02
 2.578510547e-02 3.023845639e-02 3.482593129e-02 3.926623253e-02 4.359804589e-02
 4.781262084e-02 5.177210176e-02 5.536640058e-02 5.852247851e-02 6.121559173e-02
 6.346700533e-02 6.532824484e-02 6.686079515e-02 6.812140286e-02 6.915596360e-02
 6.999922163e-02 7.067696361e-02 7.120869312e-02 7.160989280e-02 7.189362843e-02
 7.207154727e-02 7.215442117e-02 7.215238932e-02 7.207505469e-02 7.193284628e-02
 1.286398547e-03 2.918924349e-03 5.218601961e-03 8.195465142e-03 1.164554089e-02
 1.329114204e-02 1.246177864e-02 1.140923665e-02 1.032450741e-02 9.205537372e-03
 8.052505731e-03 6.869786504e-03 5.664546609e-03 4.445561643e-03 3.222541753e-03
 2.008959044e-03 8.264155189e-04-3.024786498e-04-1.354365952e-03-2.305424903e-03
-3.131637311e-03-3.809056366e-03-4.314081760e-03-4.623747793e-03-4.716032241e-03
-4.570204745e-03-4.167270449e-03-3.490651086e-03-2.526993535e-03-1.266972523e-03
 2.941900608e-04 2.154260509e-03 4.298903591e-03 6.711650525e-03 9.396587395e-03
 1.235148811e-02 1.557568513e-02 1.906957215e-02 2.283478286e-02 2.687559180e-02
 3.120461759e-02 3.576058497e-02 4.036713603e-02 4.513022206e-02 4.996595490e-02
 5.469108576e-02 5.901884818e-02 6.265122691e-02 6.541362212e-02 6.730537337e-02
 6.849939955e-02 6.924358596e-02 6.972632032e-02 7.006025628e-02 7.030653142e-02
 7.049455795e-02 7.063625599e-02 7.073500039e-02 7.079068020e-02 7.080232534e-02
 7.076934058e-02 7.069198282e-02 7.057144392e-02 7.040969823e-02 7.020714172e-02
 1.259268544e-03 2.856425918e-03 5.103922864e-03 8.007482527e-03 1.133843216e-02
 1.279635864e-02 1.182669799e-02 1.095632517e-02 1.005255996e-02 9.099853069e-03
 8.116631430e-03 7.118136110e-03 6.118779332e-03 5.132527643e-03 4.173000806e-03
 3.253542596e-03 2.390101534e-03 1.603395661e-03 9.136921237e-04 3.405800499e-04
-9.726250508e-05-3.823010098e-04-4.983921253e-04-4.310204224e-04-1.674671367e-04
 3.032139022e-04 9.902864552e-04 1.900253971e-03 3.035318466e-03 4.390799567e-03
 5.967920140e-03 7.773892271e-03 9.813287706e-03 1.209088443e-02 1.461450285e-02
 1.739393513e-02 2.044125343e-02 2.377125441e-02 2.740196068e-02 3.135473884e-02
 3.565164495e-02 4.030769922e-02 4.536391458e-02 5.090902143e-02 5.706354377e-02
 6.415602663e-02 7.084130896e-02 7.545621958e-02 7.766366810e-02 7.738968508e-02
 7.570346472e-02 7.435177258e-02 7.325543217e-02 7.239385402e-02 7.173267313e-02
 7.122236689e-02 7.081903065e-02 7.048771900e-02 7.020182912e-02 6.994162456e-02
 6.969277642e-02 6.944514970e-02 6.919187013e-02 6.892868060e-02 6.865464526e-02
 1.219720301e-03 2.766306956e-03 4.941476255e-03 7.748625453e-03 1.095867580e-02
 1.226903501e-02 1.114863849e-02 1.032362967e-02 9.529495929e-03 8.689244041e-03
 7.828525002e-03 6.970561876e-03 6.136126418e-03 5.343975260e-03 4.611176663e-03
 3.953356113e-03 3.384946394e-03 2.921033521e-03 2.578208767e-03 2.370922613e-03
 2.311383487e-03 2.409384534e-03 2.671938433e-03 3.102766872e-03 3.701535357e-03
 4.464686687e-03 5.393094361e-03 6.486040163e-03 7.742240769e-03 9.161097328e-03
 1.074488033e-02 1.249961416e-02 1.443475621e-02 1.656325315e-02 1.890154401e-02
 2.146956398e-02 2.429083860e-02 2.739242698e-02 3.080533063e-02 3.456606144e-02
 3.872050658e-02 4.333202376e-02 4.849571472e-02 5.436087904e-02 6.116506929e-02
 6.918841341e-02 7.647481943e-02 8.134776099e-02 8.384124603e-02 8.389002525e-02
 8.133901502e-02 7.780947666e-02 7.535609652e-02 7.362638431e-02 7.235584472e-02
 7.138747763e-02 7.062327699e-02 6.999931668e-02 6.947236851e-02 6.901235852e-02
 6.859790564e-02 6.821356332e-02 6.784802700e-02 6.749280733e-02 6.714077435e-02
 1.169105163e-03 2.653109233e-03 4.743518499e-03 7.447633940e-03 1.055007765e-02
 1.175925237e-02 1.050931257e-02 9.629567554e-03 8.805200174e-03 7.968715267e-03
 7.144332847e-03 6.356439945e-03 5.628254905e-03 4.980993110e-03 4.433452242e-03
 4.001918055e-03 3.700295162e-03 3.540381774e-03 3.532309330e-03 3.683565801e-03
 3.998298171e-03 4.477881079e-03 5.120081383e-03 5.918832821e-03 6.864362626e-03
 7.944035093e-03 9.144090580e-03 1.045095865e-02 1.185327711e-02 1.334412468e-02
 1.492292208e-02 1.659641338e-02 1.837874404e-02 2.029328897e-02 2.236589195e-02
 2.462362486e-02 2.710625365e-02 2.985120011e-02 3.289767674e-02 3.628382256e-02
 4.004428907e-02 4.422155763e-02 4.886343970e-02 5.402566768e-02 5.977655157e-02
 6.625604951e-02 7.215708691e-02 7.634931647e-02 7.879824871e-02 7.941646920e-02
 7.806047437e-02 7.578946178e-02 7.403332334e-02 7.262315588e-02 7.147121058e-02
 7.051229629e-02 6.969904799e-02 6.899677894e-02 6.837962303e-02 6.782786954e-02
 6.732618557e-02 6.686243104e-02 6.642684664e-02 6.601143720e-02 6.560769986e-02
 1.102222770e-03 2.504424546e-03 4.485454244e-03 7.058027140e-03 1.000202864e-02
 1.103067436e-02 9.677709245e-03 8.652369100e-03 7.712014016e-03 6.789534094e-03
 5.916666720e-03 5.124318287e-03 4.440775485e-03 3.890403967e-03 3.493029848e-03
 3.263978979e-03 3.214556947e-03 3.352657893e-03 3.683200866e-03 4.208139959e-03
 4.926097819e-03 5.831718818e-03 6.914651396e-03 8.158451044e-03 9.539759739e-03
 1.102833155e-02 1.258858707e-02 1.418322919e-02 1.577888085e-02 1.735257902e-02
 1.889622342e-02 2.041850018e-02 2.195924710e-02 2.354067520e-02 2.520667715e-02
 2.700179660e-02 2.898293981e-02 3.119974961e-02 3.370213233e-02 3.653252201e-02
 3.971531350e-02 4.326260074e-02 4.715548629e-02 5.132919931e-02 5.565311684e-02
 5.990695441e-02 6.378954541e-02 6.700349537e-02 6.935217581e-02 7.077312041e-02
 7.134955334e-02 7.129582941e-02 7.086284311e-02 7.024171209e-02 6.954761956e-02
 6.884340611e-02 6.816127766e-02 6.751601251e-02 6.691253746e-02 6.635031987e-02
 6.582595124e-02 6.533467488e-02 6.487128683e-02 6.443074262e-02 6.401186926e-02
 1.008554050e-03 2.296432659e-03 4.124732627e-03 6.513107748e-03 9.262172875e-03
 1.009631506e-02 8.464110985e-03 7.203427457e-03 6.040328051e-03 4.924050460e-03
 3.903527480e-03 3.024691387e-03 2.326234735e-03 1.836998930e-03 1.575637819e-03
 1.552318009e-03 1.771421503e-03 2.234069104e-03 2.939715059e-03 3.886604016e-03
 5.071198099e-03 6.486680271e-03 8.120489695e-03 9.950747530e-03 1.194161398e-02
 1.403843499e-02 1.616529675e-02 1.822969567e-02 2.013865624e-02 2.182217099e-02
 2.327304272e-02 2.451103277e-02 2.559708163e-02 2.661365774e-02 2.763942408e-02
 2.874436115e-02 2.999257167e-02 3.144975879e-02 3.319024357e-02 3.529611433e-02
 3.784103494e-02 4.086011540e-02 4.432164381e-02 4.811895080e-02 5.208390325e-02
 5.600802099e-02 5.966249447e-02 6.282391586e-02 6.531415197e-02 6.704554348e-02
 6.804462305e-02 6.843343763e-02 6.837803248e-02 6.803706705e-02 6.753432191e-02
 6.695448654e-02 6.635037641e-02 6.575239083e-02 6.517638683e-02 6.462925626e-02
 6.411259074e-02 6.362499948e-02 6.316354371e-02 6.272453615e-02 6.229983880e-02
 8.721184704e-04 1.993880536e-03 3.601921481e-03 5.728698420e-03 8.178469961e-03
 8.681554300e-03 6.728297608e-03 5.091410396e-03 3.529943189e-03 2.044137834e-03
 7.244303617e-04-3.476098942e-04-1.111768666e-03-1.537669567e-03-1.622421275e-03
-1.379304066e-03-8.253568797e-04 2.630385124e-05 1.168823029e-03 2.600801846e-03
 4.324424929e-03 6.343375724e-03 8.660158115e-03 1.127124872e-02 1.415697659e-02
 1.726123056e-02 2.045728768e-02 2.351287588e-02 2.610950826e-02 2.799416534e-02
 2.910048771e-02 2.958493771e-02 2.972428891e-02 2.974828526e-02 2.979030002e-02
 2.991007813e-02 3.013116956e-02 3.047852965e-02 3.102938536e-02 3.198391220e-02
 3.367183500e-02 3.636048379e-02 4.003759879e-02 4.441302702e-02 4.913373427e-02
 5.393516098e-02 5.856922985e-02 6.266432416e-02 6.574061612e-02 6.749525389e-02
 6.804034242e-02 6.780726268e-02 6.721562850e-02 6.650388837e-02 6.577683211e-02
 6.507596494e-02 6.441621057e-02 6.380131298e-02 6.323011373e-02 6.269923427e-02
 6.220431986e-02 6.174066810e-02 6.130357814e-02 6.088860998e-02 6.049387369e-02
 6.697039039e-04 1.540528135e-03 2.811831426e-03 4.543920376e-03 6.588091107e-03
 6.742533841e-03 4.515565524e-03 2.133117664e-03-1.855804765e-04-2.391925923e-03
-4.319044391e-03-5.760754059e-03-6.580927342e-03-6.782444167e-03-6.471068407e-03
-5.761883017e-03-4.725103510e-03-3.386661393e-03-1.746183253e-03 2.090054320e-04
 2.497624352e-03 5.144445147e-03 8.184609507e-03 1.167096455e-02 1.568344013e-02
 2.033597665e-02 2.574986336e-02 3.178317662e-02 3.693499552e-02 3.926311090e-02
 3.847784464e-02 3.617754438e-02 3.412476165e-02 3.259114429e-02 3.145959092e-02
 3.057290305e-02 2.976524035e-02 2.883091225e-02 2.744629015e-02 2.491599196e-02
 2.380301727e-02 2.629480654e-02 3.278768951e-02 3.994959339e-02 4.640021730e-02
 5.287211224e-02 6.003501128e-02 6.917249914e-02 7.464144561e-02 7.552664737e-02
 7.148184048e-02 6.831055982e-02 6.627514910e-02 6.484312744e-02 6.376208713e-02
 6.290034894e-02 6.218400084e-02 6.156890109e-02 6.102720248e-02 6.054043374e-02
 6.009575041e-02 5.968373042e-02 5.929695477e-02 5.892932918e-02 5.857734360e-02
 3.894531050e-04 8.886119157e-04 1.608956469e-03 2.602919746e-03 3.836949942e-03
 3.449316685e-03 8.574349871e-04-2.068963610e-03-5.378725577e-03-9.144524974e-03
-1.287745458e-02-1.529664104e-02-1.569948398e-02-1.453031727e-02-1.299258827e-02
-1.142421291e-02-9.767677416e-03-7.922564091e-03-5.806363426e-03-3.365982416e-03
-5.715576757e-04 2.598430641e-03 6.175458383e-03 1.022135314e-02 1.485601539e-02
 2.030956276e-02 2.704948350e-02 3.620490190e-02 4.504090182e-02 4.782348682e-02
 4.424923183e-02 3.856895554e-02 3.530686078e-02 3.320792761e-02 3.175341687e-02
 3.065733430e-02 2.972234768e-02 2.877948599e-02 2.767809584e-02 2.649480964e-02
 2.652165641e-02 2.878226948e-02 3.314172687e-02 3.860658670e-02 4.414267607e-02
 4.978855647e-02 5.571686196e-02 6.160609026e-02 6.591617625e-02 6.736608721e-02
 6.605999186e-02 6.416506607e-02 6.266501566e-02 6.153579614e-02 6.066791299e-02
 5.997908440e-02 5.941339321e-02 5.893236544e-02 5.851285453e-02 5.813490743e-02
 5.778895989e-02 5.746750765e-02 5.716528235e-02 5.687144027e-02 5.657831769e-02
 9.400963524e-05 1.838799337e-04 2.440784591e-04 1.717049082e-04-2.391704895e-04
-1.273796599e-03-3.119773946e-03-5.827695701e-03-9.536436120e-03-1.470341722e-02
-2.120781732e-02-2.484239193e-02-2.493116334e-02-2.121364643e-02-1.882685712e-02
-1.706656354e-02-1.537791316e-02-1.342076261e-02-1.102053490e-02-8.144550570e-03
-4.849258821e-03-1.214960821e-03 2.697330427e-03 6.857510648e-03 1.125568446e-02
 1.587147344e-02 2.060491462e-02 2.514452123e-02 2.888778221e-02 3.125037792e-02
 3.212313069e-02 3.196769601e-02 3.139074230e-02 3.077116031e-02 3.024714182e-02
 2.985659998e-02 2.960980480e-02 2.952596927e-02 2.967844305e-02 3.020796281e-02
 3.130665818e-02 3.311311516e-02 3.561865026e-02 3.867288118e-02 4.205838927e-02
 4.556519372e-02 4.897750076e-02 5.203433124e-02 5.445749495e-02 5.606733941e-02
 5.689644000e-02 5.716124381e-02 5.711207764e-02 5.692454674e-02 5.669091526e-02
 5.645211246e-02 5.622237682e-02 5.600404041e-02 5.579461492e-02 5.558962802e-02
 5.538469689e-02 5.517747824e-02 5.497708263e-02 5.477339701e-02 5.456242564e-02
-1.082499964e-04-2.775533844e-04-5.788244450e-04-1.081040929e-03-1.872798775e-03
-3.049854889e-03-4.696762152e-03-6.873262346e-03-9.597756218e-03-1.278434111e-02
-1.602940464e-02-1.866116634e-02-2.029498646e-02-2.115993672e-02-2.182645462e-02
-2.239311771e-02-2.235163944e-02-2.103770986e-02-1.823193023e-02-1.433020486e-02
-9.957440886e-03-5.504993726e-03-1.121443045e-03 3.149188542e-03 7.285360990e-03
 1.124908284e-02 1.496593239e-02 1.832149547e-02 2.118442907e-02 2.345709801e-02
 2.512567180e-02 2.627100521e-02 2.703235135e-02 2.755590625e-02 2.796309825e-02
 2.834533704e-02 2.877319072e-02 2.930838101e-02 3.001207185e-02 3.094539723e-02
 3.216027622e-02 3.368372171e-02 3.550456902e-02 3.757072645e-02 3.979716636e-02
 4.207807677e-02 4.429792083e-02 4.634298629e-02 4.811765587e-02 4.956351410e-02
 5.067121556e-02 5.147581580e-02 5.203763543e-02 5.242066502e-02 5.267867036e-02
 5.285061375e-02 5.296179333e-02 5.302702081e-02 5.305389004e-02 5.304551839e-02
 5.300269096e-02 5.292483737e-02 5.283440857e-02 5.271823735e-02 5.257018553e-02
-1.974982316e-04-4.674394164e-04-8.827842134e-04-1.477633242e-03-2.290428290e-03
-3.357946338e-03-4.707342214e-03-6.346363253e-03-8.253383131e-03-1.037277916e-02
-1.262342463e-02-1.494739400e-02-1.739239289e-02-2.020403855e-02-2.393119449e-02
-2.977336882e-02-3.602895453e-02-3.602761763e-02-2.987195169e-02-2.055269327e-02
-1.378664063e-02-8.238539070e-03-3.402191355e-03 9.455967072e-04 4.905838925e-03
 8.517043527e-03 1.178326140e-02 1.469166902e-02 1.722727813e-02 1.938621940e-02
 2.118522145e-02 2.266412472e-02 2.388097574e-02 2.490293713e-02 2.579757382e-02
 2.662737621e-02 2.744771797e-02 2.830677008e-02 2.924556318e-02 3.029692342e-02
 3.148297596e-02 3.281197967e-02 3.427593569e-02 3.585026644e-02 3.749600980e-02
 3.916410542e-02 4.080104072e-02 4.235523628e-02 4.378348466e-02 4.505628488e-02
 4.616058765e-02 4.709900441e-02 4.788587828e-02 4.854182452e-02 4.908856270e-02
 4.954515600e-02 4.992588075e-02 5.023945320e-02 5.048931695e-02 5.067488602e-02
 5.079368938e-02 5.084371142e-02 5.084840432e-02 5.080058439e-02 5.070497114e-02
-2.130431409e-04-4.924866173e-04-9.018111729e-04-1.455815383e-03-2.169826207e-03
-3.056922594e-03-4.125016247e-03-5.374257713e-03-6.795543937e-03-8.378874095e-03
-1.011730534e-02-1.202391926e-02-1.415058839e-02-1.660198294e-02-1.950296126e-02
-2.275772220e-02-2.515293260e-02-2.485869225e-02-2.157043727e-02-1.654993142e-02
-1.147010334e-02-6.775998783e-03-2.485341100e-03 1.429117592e-03 4.980341848e-03
 8.170493781e-03 1.100373463e-02 1.349434592e-02 1.566748836e-02 1.755579590e-02
 1.919591060e-02 2.062655993e-02 2.188758573e-02 2.301900687e-02 2.405983322e-02
 2.504682693e-02 2.601343244e-02 2.698889817e-02 2.799745821e-02 2.905744535e-02
 3.018034475e-02 3.136997506e-02 3.262209516e-02 3.392471460e-02 3.525924515e-02
 3.660244454e-02 3.792894210e-02 3.921402510e-02 4.043629120e-02 4.157974382e-02
 4.263496612e-02 4.359918930e-02 4.447532606e-02 4.527025630e-02 4.599271813e-02
 4.665105389e-02 4.725086679e-02 4.779252323e-02 4.826867010e-02 4.866299071e-02
 4.895329146e-02 4.912233666e-02 4.917101530e-02 4.913204520e-02 4.903010969e-02
-1.916346645e-04-4.380203665e-04-7.901467038e-04-1.252968540e-03-1.830876563e-03
-2.526459892e-03-3.339368273e-03-4.265167400e-03-5.294601887e-03-6.417784084e-03
-7.620642828e-03-8.883735425e-03-1.017906213e-02-1.145254216e-02-1.259146163e-02
-1.339099080e-02-1.356472020e-02-1.285441356e-02-1.117903228e-02-8.679719052e-03
-5.622244798e-03-2.268225599e-03 1.171022589e-03 4.512873646e-03 7.586613144e-03
 1.026269249e-02 1.250085268e-02 1.435460770e-02 1.592166648e-02 1.729159036e-02
 1.852638679e-02 1.966490203e-02 2.073258816e-02 2.174865839e-02 2.272979887e-02
 2.369155671e-02 2.464847869e-02 2.561367447e-02 2.659816661e-02 2.761021602e-02
 2.865473904e-02 2.973291213e-02 3.084205139e-02 3.197583226e-02 3.312487212e-02
 3.427764291e-02 3.542162474e-02 3.654456726e-02 3.763570249e-02 3.868675671e-02
 3.969264311e-02 4.065177714e-02 4.156602498e-02 4.244034656e-02 4.328219395e-02
 4.410063038e-02 4.490485649e-02 4.570112288e-02 4.648520505e-02 4.722332314e-02
 4.781454792e-02 4.810638695e-02 4.807537613e-02 4.786149406e-02 4.757712271e-02
-1.555930173e-04-3.531996249e-04-6.312325021e-04-9.896186535e-04-1.427174123e-03
-1.940916918e-03-2.525347202e-03-3.171311461e-03-3.865329866e-03-4.591015507e-03
-5.324707887e-03-6.033425870e-03-6.674012066e-03-7.186444755e-03-7.491016438e-03
-7.491216873e-03-7.086171737e-03-6.191862963e-03-4.761147844e-03-2.789455625e-03
-3.019680405e-04 2.666329508e-03 6.069588106e-03 9.749813966e-03 1.311062740e-02
 1.537734485e-02 1.643637387e-02 1.690991267e-02 1.733643356e-02 1.786809182e-02
 1.850604289e-02 1.922272413e-02 1.999320497e-02 2.080034234e-02 2.163397883e-02
 2.248911174e-02 2.336414086e-02 2.425940054e-02 2.517598138e-02 2.611481510e-02
 2.707600171e-02 2.805836961e-02 2.905926477e-02 3.007456370e-02 3.109889426e-02
 3.212603397e-02 3.314943928e-02 3.416284792e-02 3.516089280e-02 3.613967359e-02
 3.709725229e-02 3.803407111e-02 3.895333440e-02 3.986145346e-02 4.076873559e-02
 4.169064266e-02 4.265024497e-02 4.368320700e-02 4.484861615e-02 4.625924930e-02
 4.813831892e-02 4.875962283e-02 4.763949150e-02 4.672256660e-02 4.608704698e-02
-1.168589720e-04-2.638742434e-04-4.681471276e-04-7.271595470e-04-1.037019302e-03
-1.392019063e-03-1.784157708e-03-2.202534640e-03-2.630384478e-03-3.051844842e-03
-3.442103589e-03-3.771291432e-03-4.005420439e-03-4.101733740e-03-4.011319435e-03
-3.681712617e-03-3.060896221e-03-2.101279597e-03-7.615238891e-04 9.968899792e-04
 3.222537184e-03 6.003663754e-03 9.536955377e-03 1.435680723e-02 1.950584747e-02
 2.168141384e-02 2.083776741e-02 1.876250371e-02 1.807031020e-02 1.798018025e-02
 1.821512360e-02 1.864679160e-02 1.920572179e-02 1.985104250e-02 2.055763556e-02
 2.130976005e-02 2.209747591e-02 2.291443839e-02 2.375644089e-02 2.462041364e-02
 2.550373274e-02 2.640376368e-02 2.731759617e-02 2.824194112e-02 2.917316496e-02
 3.010743603e-02 3.104095575e-02 3.197024571e-02 3.289246356e-02 3.380572622e-02
 3.470942946e-02 3.560456966e-02 3.649409604e-02 3.738335414e-02 3.828072886e-02
 3.919867188e-02 4.015542516e-02 4.117795206e-02 4.230682702e-02 4.360161873e-02
 4.541317696e-02 4.599337518e-02 4.510335360e-02 4.435764082e-02 4.382484323e-02
-8.133842266e-05-1.827452966e-04-3.219169690e-04-4.954319074e-04-6.985061175e-04
-9.247232810e-04-1.165699570e-03-1.410228199e-03-1.643587121e-03-1.849975383e-03
-2.009829850e-03-2.101505495e-03-2.101061106e-03-1.980519210e-03-1.707478629e-03
-1.248948271e-03-5.797640587e-04 3.268952973e-04 1.494434124e-03 2.941428920e-03
 4.679906152e-03 6.708244808e-03 8.983148228e-03 1.135261621e-02 1.348485518e-02
 1.501816684e-02 1.585377674e-02 1.622431591e-02 1.645856808e-02 1.673551445e-02
 1.710502177e-02 1.756686586e-02 1.810745385e-02 1.871196423e-02 1.936771168e-02
 2.006468524e-02 2.079523562e-02 2.155355732e-02 2.233517272e-02 2.313648295e-02
 2.395440809e-02 2.478612506e-02 2.562889934e-02 2.648000061e-02 2.733669039e-02
 2.819626923e-02 2.905617008e-02 2.991408252e-02 3.076809296e-02 3.161682524e-02
 3.245956746e-02 3.329636939e-02 3.412808964e-02 3.495635470e-02 3.578334838e-02
 3.661124695e-02 3.744088143e-02 3.826870471e-02 3.908020783e-02 3.983734905e-02
 4.046521351e-02 4.087394222e-02 4.103884824e-02 4.102941849e-02 4.093436896e-02
-5.148112145e-05-1.149632880e-04-2.007680071e-04-3.054712845e-04-4.244968219e-04
-5.520118935e-04-6.808060009e-04-8.016390339e-04-9.008018334e-04-9.605297201e-04
-9.726764036e-04-9.226194293e-04-7.933755231e-04-5.679045964e-04-2.203657789e-04
 2.613596413e-04 8.909239195e-04 1.679807992e-03 2.634316571e-03 3.752995058e-03
 5.023040325e-03 6.415090092e-03 7.877163111e-03 9.333111353e-03 1.069368364e-02
 1.188387010e-02 1.287263145e-02 1.368132430e-02 1.436418689e-02 1.497927793e-02
 1.557065026e-02 1.616525871e-02 1.677698843e-02 1.741157986e-02 1.807030496e-02
 1.875219419e-02 1.945531323e-02 2.017742557e-02 2.091631255e-02 2.166984035e-02
 2.243585854e-02 2.321222472e-02 2.399679946e-02 2.478744900e-02 2.558207115e-02
 2.637859238e-02 2.717503541e-02 2.796954061e-02 2.876041772e-02 2.954618286e-02
 3.032553543e-02 3.109734100e-02 3.186047800e-02 3.261361142e-02 3.335477473e-02
 3.408070979e-02 3.478590665e-02 3.546130724e-02 3.609310251e-02 3.666260323e-02
 3.714895918e-02 3.753566113e-02 3.781765274e-02 3.800302238e-02 3.811027370e-02
-2.779049221e-05-6.139720070e-05-1.055874819e-04-1.573299376e-04-2.126814829e-04
-2.667981470e-04-3.140480084e-04-3.487589350e-04-3.566076613e-04-3.267273974e-04
-2.477513842e-04-1.206022196e-04 7.894649696e-05 3.520022610e-04 7.115789432e-04
 1.172280192e-03 1.727728967e-03 2.400509117e-03 3.171630295e-03 4.042973104e-03
 5.002742374e-03 6.018540403e-03 7.084712548e-03 8.144805486e-03 9.180859420e-03
 1.016086936e-02 1.106189050e-02 1.190252852e-02 1.266655942e-02 1.339117083e-02
 1.407969831e-02 1.474564243e-02 1.541578122e-02 1.607313207e-02 1.675027190e-02
 1.742765645e-02 1.811328768e-02 1.881575780e-02 1.951221270e-02 2.023826376e-02
 2.095859477e-02 2.168947203e-02 2.242961893e-02 2.315909096e-02 2.391139043e-02
 2.464691288e-02 2.539085602e-02 2.613074294e-02 2.685540772e-02 2.759270506e-02
 2.830313371e-02 2.901939577e-02 2.971728867e-02 3.039537922e-02 3.107123413e-02
 3.170804840e-02 3.233557110e-02 3.292357615e-02 3.346564344e-02 3.397627818e-02
 3.441379929e-02 3.480773023e-02 3.513408130e-02 3.539379457e-02 3.561695133e-02
 0.149311054E+01 0.150859710E+01 0.152289634E+01 0.153780117E+01 0.155311588E+01
 0.156881642E+01 0.158493457E+01 0.160147942E+01 0.161848648E+01 0.163599557E+01
 0.165403007E+01 0.167263245E+01 0.169184946E+01 0.171171866E+01 0.173227145E+01
 0.175356414E+01 0.177565350E+01 0.179858866E+01 0.182241372E+01 0.184717797E+01
 0.187296315E+01 0.189983780E+01 0.192786867E+01 0.195712106E+01 0.198766567E+01
 0.201960724E+01 0.205305012E+01 0.208809248E+01 0.212483865E+01 0.216339659E+01
 0.220389774E+01 0.224650917E+01 0.229139151E+01 0.233871094E+01 0.238865153E+01
 0.244141881E+01 0.249724774E+01 0.255641759E+01 0.261922640E+01 0.268600134E+01
 0.275709927E+01 0.283292519E+01 0.291395615E+01 0.300074862E+01 0.309391500E+01
 0.319416298E+01 0.330231519E+01 0.341931984E+01 0.354628616E+01 0.368454041E+01
 0.383566355E+01 0.400153139E+01 0.418443890E+01 0.438722158E+01 0.461337427E+01
 0.486737517E+01 0.515510825E+01 0.548440316E+01 0.586581445E+01 0.631451201E+01
 0.685406456E+01 0.752462185E+01 0.840502471E+01 0.970486752E+01 0.164538003E+02
  361   98
 0.574808964E+00 0.118797686E+01 0.568374156E+00 0.117406901E+01 0.561942416E+00
 0.116015975E+01 0.555519244E+00 0.114624652E+01 0.549107146E+00 0.113232819E+01
 0.542712674E+00 0.111840176E+01 0.536345674E+00 0.110446275E+01 0.530019485E+00
 0.109050516E+01 0.523745265E+00 0.107652415E+01 0.517529737E+00 0.106251694E+01
 0.511377555E+00 0.104848180E+01 0.505294006E+00 0.103441677E+01 0.499285944E+00
 0.102031934E+01 0.493358970E+00 0.100618763E+01 0.487515768E+00 0.992021071E+00
 0.481756815E+00 0.977820057E+00 0.476082623E+00 0.963584964E+00 0.470495171E+00
 0.949315602E+00 0.464996943E+00 0.935011625E+00 0.459588344E+00 0.920673517E+00
 0.454267584E+00 0.906302579E+00 0.449032412E+00 0.891900242E+00 0.443883350E+00
 0.877466896E+00 0.438823459E+00 0.863002049E+00 0.433854502E+00 0.848505714E+00
 0.428976319E+00 0.833978580E+00 0.424187677E+00 0.819421684E+00 0.419488691E+00
 0.804835601E+00 0.414882585E+00 0.790219924E+00 0.410373132E+00 0.775574139E+00
 0.405963359E+00 0.760898035E+00 0.401655143E+00 0.746191798E+00 0.397448508E+00
 0.731456182E+00 0.393342852E+00 0.716692113E+00 0.389338166E+00 0.701900337E+00
 0.385435538E+00 0.687081308E+00 0.381636426E+00 0.672235404E+00 0.377941768E+00
 0.657363161E+00 0.374351890E+00 0.642465280E+00 0.370866529E+00 0.627542600E+00
 0.367484914E+00 0.612596068E+00 0.364205841E+00 0.597626705E+00 0.361028142E+00
 0.582635494E+00 0.357951153E+00 0.567623289E+00 0.354974656E+00 0.552590836E+00
 0.352098619E+00 0.537538839E+00 0.349322534E+00 0.522468088E+00 0.346645686E+00
 0.507379394E+00 0.344067335E+00 0.492273556E+00 0.341586662E+00 0.477151371E+00
 0.339202084E+00 0.462013734E+00 0.336910810E+00 0.446861692E+00 0.334710165E+00
 0.431696221E+00 0.332597932E+00 0.416518183E+00 0.330572685E+00 0.401328294E+00
 0.328634267E+00 0.386127080E+00 0.326782722E+00 0.370915040E+00 0.325017700E+00
 0.355692718E+00 0.323338431E+00 0.340460697E+00 0.321743663E+00 0.325219597E+00
 0.320231899E+00 0.309970040E+00 0.318802020E+00 0.294712587E+00 0.317453274E+00
 0.279447747E+00 0.316185130E+00 0.264175999E+00 0.314996639E+00 0.248897846E+00
 0.313886608E+00 0.233613792E+00 0.312853931E+00 0.218324316E+00 0.311897609E+00
 0.203029874E+00 0.311016552E+00 0.187730912E+00 0.310209352E+00 0.172427874E+00
 0.309474771E+00 0.157121178E+00 0.308811815E+00 0.141811213E+00 0.308219767E+00
 0.126498341E+00 0.307698441E+00 0.111182899E+00 0.307247886E+00 0.958652109E-01
 0.306868153E+00 0.805456038E-01 0.306559320E+00 0.652244035E-01 0.306321146E+00
 0.499019416E-01 0.306152755E+00 0.345785537E-01 0.306053424E+00 0.192545623E-01
 0.306022636E+00 0.393027976E-02 0.306060034E+00-0.113939881E-01 0.306165461E+00
-0.267179390E-01 0.306338914E+00-0.420412709E-01 0.306580517E+00-0.573636797E-01
 0.306890548E+00-0.726848566E-01 0.307269429E+00-0.880044853E-01 0.307717720E+00
-0.103322240E+00 0.308236177E+00-0.118637780E+00 0.308825761E+00-0.133950746E+00
 0.309487554E+00-0.149260762E+00 0.310222088E+00-0.164567459E+00 0.311029604E+00
-0.179870480E+00 0.311910387E+00-0.195169459E+00 0.312864817E+00-0.210464020E+00
 0.313893692E+00-0.225753753E+00 0.314998520E+00-0.241038184E+00 0.316181083E+00
-0.256316797E+00 0.317443299E+00-0.271589036E+00 0.318787016E+00-0.286854318E+00
 0.320213195E+00-0.302112118E+00 0.321722491E+00-0.317361919E+00 0.323315770E+00
-0.332603175E+00 0.324994177E+00-0.347835290E+00 0.326758726E+00-0.363057667E+00
 0.328609781E+00-0.378269766E+00 0.330547703E+00-0.393471043E+00 0.332572948E+00
-0.408660933E+00 0.334686213E+00-0.423838827E+00 0.336889252E+00-0.439003949E+00
 0.339184359E+00-0.454155410E+00 0.341573946E+00-0.469292257E+00 0.344060582E+00
-0.484413463E+00 0.346646474E+00-0.499518010E+00 0.349332777E+00-0.514605023E+00
 0.352120481E+00-0.529673628E+00 0.355010449E+00-0.544722955E+00 0.358003357E+00
-0.559752148E+00 0.361099604E+00-0.574760392E+00 0.364299733E+00-0.589746829E+00
 0.367604869E+00-0.604710457E+00 0.371016769E+00-0.619650102E+00 0.374537378E+00
-0.634564503E+00 0.378167741E+00-0.649452568E+00 0.381908155E+00-0.664313366E+00
 0.385758217E+00-0.679146135E+00 0.389716936E+00-0.693950276E+00 0.393783296E+00
-0.708725214E+00 0.397957166E+00-0.723470140E+00 0.402239658E+00-0.738183884E+00
 0.406632198E+00-0.752865150E+00 0.411135825E+00-0.767512721E+00 0.415749838E+00
-0.782125896E+00 0.420472415E+00-0.796704349E+00 0.425301552E+00-0.811247852E+00
 0.430236241E+00-0.825755881E+00 0.435277534E+00-0.840227211E+00 0.440427406E+00
-0.854660257E+00 0.445686851E+00-0.869053735E+00 0.451055194E+00-0.883406954E+00
 0.456530776E+00-0.897719606E+00 0.462115270E+00-0.911990113E+00 0.467815668E+00
-0.926214712E+00 0.473638810E+00-0.940389502E+00 0.479589329E+00-0.954511291E+00
 0.485669885E+00-0.968577575E+00 0.491886645E+00-0.982584186E+00 0.498253335E+00
-0.996523273E+00 0.504786045E+00-0.101038531E+01 0.511501341E+00-0.102415981E+01
 0.518417955E+00-0.103783429E+01 0.525567055E+00-0.105138862E+01 0.533001919E+00
-0.106478820E+01 0.540801581E+00-0.107797853E+01 0.549082328E+00-0.109087178E+01
 0.558022557E+00-0.110331561E+01 0.567905554E+00-0.111502147E+01 0.579144882E+00
-0.112542290E+01 0.592118260E+00-0.113353345E+01 0.606641442E+00-0.113832199E+01
 0.621877485E+00-0.113976490E+01 0.637162589E+00-0.113879252E+01 0.652282099E+00
-0.113631477E+01 0.667222107E+00-0.113291005E+01 0.682014045E+00-0.112890802E+01
 0.696690785E+00-0.112450125E+01 0.711276770E+00-0.111980241E+01 0.725789367E+00
-0.111488139E+01 0.740239919E+00-0.110978095E+01 0.754637776E+00-0.110453355E+01
 0.768988381E+00-0.109915825E+01 0.783291266E+00-0.109365724E+01 0.797541215E+00
-0.108802055E+01 0.811730340E+00-0.108223250E+01 0.825849028E+00-0.107627473E+01
 0.839887137E+00-0.107012954E+01 0.853834431E+00-0.106378098E+01 0.867680877E+00
-0.105721541E+01 0.881417246E+00-0.105042257E+01 0.895036935E+00-0.104339871E+01
 0.908538682E+00-0.103615071E+01 0.921920489E+00-0.102868359E+01 0.935171013E+00
-0.102098596E+01 0.948272690E+00-0.101303770E+01 0.961207692E+00-0.100482103E+01
 0.973960871E+00-0.996324918E+00 0.986523371E+00-0.987549310E+00 0.998894959E+00
-0.978506512E+00 0.101108101E+01-0.969215143E+00 0.102309046E+01-0.959696575E+00
 0.103492727E+01-0.949964141E+00 0.104657994E+01-0.940012020E+00 0.105803080E+01
-0.929828375E+00 0.106926938E+01-0.919410909E+00 0.108030293E+01-0.908776484E+00
 0.109115120E+01-0.897953071E+00 0.110182977E+01-0.886962166E+00 0.111232734E+01
-0.875798302E+00 0.112262063E+01-0.864445853E+00 0.113269332E+01-0.852897242E+00
 0.114254720E+01-0.841161343E+00 0.115219598E+01-0.829256220E+00 0.116164913E+01
-0.817195172E+00 0.117088885E+01-0.804969893E+00 0.117988794E+01-0.792566463E+00
 0.118862722E+01-0.779978643E+00 0.119710128E+01-0.767210761E+00 0.120531285E+01
-0.754272494E+00 0.121326006E+01-0.741170198E+00 0.122092445E+01-0.727900519E+00
 0.122828577E+01-0.714460363E+00 0.123533948E+01-0.700856239E+00 0.124209373E+01
-0.687100959E+00 0.124855328E+01-0.673204851E+00 0.125470395E+01-0.659169321E+00
 0.126053501E+01-0.644998032E+00 0.126604996E+01-0.630700736E+00 0.127126416E+01
-0.616291001E+00 0.127619523E+01-0.601781913E+00 0.128085103E+01-0.587182163E+00
 0.128523700E+01-0.572499082E+00 0.128936295E+01-0.557740807E+00 0.129324457E+01
-0.542916372E+00 0.129690676E+01-0.528036177E+00 0.130038068E+01-0.513110877E+00
 0.130369688E+01-0.498149718E+00 0.130688364E+01-0.483160439E+00 0.130996551E+01
-0.468149232E+00 0.131296011E+01-0.453120367E+00 0.131588340E+01-0.438077462E+00
 0.131875259E+01-0.423024139E+00 0.132158653E+01-0.407964137E+00 0.132440500E+01
-0.392901231E+00 0.132722761E+01-0.377839100E+00 0.133007481E+01-0.362781601E+00
 0.133296758E+01-0.347732796E+00 0.133592457E+01-0.332696480E+00 0.133894447E+01
-0.317672670E+00 0.134201498E+01-0.302659118E+00 0.134512344E+01-0.287653376E+00
 0.134825774E+01-0.272653007E+00 0.135140734E+01-0.257655843E+00 0.135456395E+01
-0.242660153E+00 0.135771896E+01-0.227664128E+00 0.136086183E+01-0.212665551E+00
 0.136397796E+01-0.197661400E+00 0.136704350E+01-0.182646839E+00 0.137002569E+01
-0.167615515E+00 0.137288793E+01-0.152560911E+00 0.137559106E+01-0.137476956E+00
 0.137809722E+01-0.122359058E+00 0.138037984E+01-0.107205821E+00 0.138241444E+01
-0.920173235E-01 0.138417565E+01-0.767947338E-01 0.138563781E+01-0.615405493E-01
 0.138678097E+01-0.462591685E-01 0.138759237E+01-0.309566030E-01 0.138806150E+01
-0.156397376E-01 0.138818019E+01-0.316160175E-03 0.138794471E+01 0.150060696E-01
 0.138736154E+01 0.303190235E-01 0.138644168E+01 0.456154633E-01 0.138519824E+01
 0.608890251E-01 0.138364619E+01 0.761343417E-01 0.138180732E+01 0.913477616E-01
 0.137970935E+01 0.106527654E+00 0.137737947E+01 0.121673715E+00 0.137484369E+01
 0.136786692E+00 0.137212926E+01 0.151868630E+00 0.136927354E+01 0.166924483E+00
 0.136631486E+01 0.181960460E+00 0.136328854E+01 0.196982981E+00 0.136022569E+01
 0.211998101E+00 0.135714883E+01 0.227010356E+00 0.135407162E+01 0.242022542E+00
 0.135100403E+01 0.257036694E+00 0.134795421E+01 0.272054466E+00 0.134492978E+01
 0.287077371E+00 0.134193881E+01 0.302106973E+00 0.133899051E+01 0.317145000E+00
 0.133609488E+01 0.332193255E+00 0.133326195E+01 0.347253438E+00 0.133049197E+01
 0.362325329E+00 0.132776541E+01 0.377405139E+00 0.132506015E+01 0.392488789E+00
 0.132235447E+01 0.407572363E+00 0.131962726E+01 0.422652057E+00 0.131685690E+01
 0.437723879E+00 0.131402222E+01 0.452783729E+00 0.131110333E+01 0.467827477E+00
 0.130808144E+01 0.482850864E+00 0.130493704E+01 0.497849076E+00 0.130164626E+01
 0.512815834E+00 0.129818253E+01 0.527743490E+00 0.129451650E+01 0.542622724E+00
 0.129061734E+01 0.557442540E+00 0.128645927E+01 0.572191776E+00 0.128202560E+01
 0.586860501E+00 0.127730654E+01 0.601439905E+00 0.127229831E+01 0.615922520E+00
 0.126699674E+01 0.630300322E+00 0.126138653E+01 0.644560496E+00 0.125545274E+01
 0.658689064E+00 0.124919230E+01 0.672675959E+00 0.124261751E+01 0.686517904E+00
 0.123574618E+01 0.700215075E+00 0.122857721E+01 0.713758818E+00 0.122110448E+01
 0.727137353E+00 0.121333426E+01 0.740345354E+00 0.120528884E+01 0.753387587E+00
 0.119698969E+01 0.766269874E+00 0.118844190E+01 0.778988542E+00 0.117964443E+01
 0.791535789E+00 0.117060316E+01 0.803908541E+00 0.116133768E+01 0.816114331E+00
 0.115187627E+01 0.828168932E+00 0.114223870E+01 0.840083165E+00 0.113241486E+01
 0.851844249E+00 0.112238849E+01 0.863433128E+00 0.111215464E+01 0.874839215E+00
 0.110172755E+01 0.886068950E+00 0.109112969E+01 0.897137712E+00 0.108037274E+01
 0.908051919E+00 0.106943980E+01 0.918789777E+00 0.105830875E+01 0.929322072E+00
 0.104696992E+01 0.939630335E+00 0.103543231E+01 0.949715646E+00 0.102371307E+01
 0.959589348E+00 0.101182360E+01 0.969257383E+00 0.999758913E+00 0.978705815E+00
 0.987508928E+00 0.987912690E+00 0.975067874E+00 0.996859657E+00 0.962435928E+00
 0.100553501E+01 0.949622357E+00 0.101393982E+01 0.936643955E+00 0.102208785E+01
 0.923519670E+00 0.102999882E+01 0.910265294E+00 0.103768988E+01 0.896889984E+00
 0.104516866E+01 0.883396846E+00 0.105243269E+01 0.869788780E+00 0.105947907E+01
 0.856073696E+00 0.106631485E+01 0.842262989E+00 0.107295536E+01 0.828369217E+00
 0.107942033E+01 0.814405423E+00 0.108573268E+01 0.800385416E+00 0.109191922E+01
 0.786324735E+00 0.109801280E+01 0.772237044E+00 0.110404369E+01 0.758128461E+00
 0.111002555E+01 0.744001596E+00 0.111596411E+01 0.729860469E+00 0.112186863E+01
 0.715708961E+00 0.112774823E+01 0.701551804E+00 0.113361422E+01 0.687393600E+00
 0.113947768E+01 0.673239723E+00 0.114535157E+01 0.659095684E+00 0.115124912E+01
 0.644967731E+00 0.115718508E+01 0.630863447E+00 0.116317706E+01 0.616789929E+00
 0.116924092E+01 0.602753428E+00 0.117538998E+01 0.588756912E+00 0.118162951E+01
 0.574808964E+00 0.118797686E+01
 0.156441580E+01 0.156423520E+01 0.173298350E+01 0.167901950E+01 0.134847970E+01
 0.206041340E+01 0.108819530E+01 0.205946000E+01 0.902253030E+00 0.187565310E+01
 0.903668760E+00 0.187424170E+01 0.533866470E+00 0.150285580E+01 0.538010660E+00
 0.149874330E+01 0.332797140E+00 0.129708960E+01 0.332797140E+00 0.109400000E+01
 0.334795920E+00 0.109400000E+01 0.303115250E+00 0.847500000E+00 0.305114030E+00
 0.847500000E+00 0.269135950E+00 0.565000000E+00 0.271134730E+00 0.565000000E+00
 0.260841000E+00 0.495257700E+00 0.260841000E+00-0.507257700E+00 0.271134730E+00
-0.576999960E+00 0.269135950E+00-0.576999960E+00 0.305114030E+00-0.859500000E+00
 0.303115250E+00-0.859500000E+00 0.334795920E+00-0.110600010E+01 0.332797140E+00
-0.110600010E+01 0.332797140E+00-0.130908970E+01 0.538598100E+00-0.150990190E+01
 0.534468950E+00-0.151402960E+01 0.905629600E+00-0.188405800E+01 0.904219000E+00
-0.188547470E+01 0.108819530E+01-0.206614000E+01 0.134847970E+01-0.206518650E+01
 0.173017910E+01-0.168098580E+01 0.156441580E+01-0.156883530E+01 0.137999130E+01
-0.157688300E+01 0.137989190E+01-0.157672700E+01 0.119622210E+01-0.158474990E+01
 0.119631650E+01-0.158489800E+01 0.105537410E+01-0.159104840E+01 0.105528350E+01
-0.159090630E+01 0.947502500E+00-0.159561420E+01 0.905686400E+00-0.159556230E+01
 0.899143000E+00-0.159478470E+01 0.883387860E+00-0.159026430E+01 0.867681200E+00
-0.158087360E+01 0.851322350E+00-0.156766880E+01 0.833481900E+00-0.154624210E+01
 0.826062560E+00-0.152875240E+01 0.822677700E+00-0.151516830E+01 0.821022750E+00
-0.149624060E+01 0.820691350E+00-0.147724350E+01 0.822887360E+00-0.144582030E+01
 0.827573000E+00-0.141923050E+01 0.839194600E+00-0.138728100E+01 0.855244300E+00
-0.135284130E+01 0.877566500E+00-0.132209860E+01 0.899473500E+00-0.130017830E+01
 0.118567730E+01-0.101380000E+01 0.127900000E+01-0.842300000E+00 0.129600000E+01
-0.820200000E+00 0.143300000E+01-0.820200000E+00 0.143300000E+01-0.711000000E+00
 0.149000000E+01-0.491000000E+00 0.146000000E+01-0.491000000E+00 0.146000000E+01
-0.233000000E+00 0.166100000E+01-0.233000000E+00 0.166100000E+01 0.226000000E+00
 0.146000000E+01 0.226000000E+00 0.146000000E+01 0.481000000E+00 0.149300000E+01
 0.481000000E+00 0.147400000E+01 0.554000000E+00 0.143300000E+01 0.711000000E+00
 0.143300000E+01 0.815600000E+00 0.129600000E+01 0.815600000E+00 0.127900000E+01
 0.837699950E+00 0.118567730E+01 0.100920000E+01 0.899473500E+00 0.129557820E+01
 0.877566500E+00 0.131749860E+01 0.855244300E+00 0.134824120E+01 0.839194600E+00
 0.138268090E+01 0.827573000E+00 0.141463040E+01 0.822887360E+00 0.144122030E+01
 0.820691350E+00 0.147264350E+01 0.821022750E+00 0.149164060E+01 0.822677700E+00
 0.151056830E+01 0.826062560E+00 0.152415240E+01 0.833481900E+00 0.154164210E+01
 0.851322350E+00 0.156306870E+01 0.867681200E+00 0.157627360E+01 0.883387860E+00
 0.158566430E+01 0.899143000E+00 0.159018470E+01 0.905686400E+00 0.159096230E+01
 0.947502500E+00 0.159101410E+01 0.105528350E+01 0.158630620E+01 0.105537410E+01
 0.158644830E+01 0.119631650E+01 0.158029800E+01 0.119622210E+01 0.158014990E+01
 0.137989190E+01 0.157212700E+01 0.137999130E+01 0.157228290E+01 0.156441580E+01
 0.156423520E+01
    0
