EFIT++      MAST # 47052 # 600ms                   0  65  65
 0.194000000E+01 0.440000000E+01 0.800000000E+00 0.600000000E-01 0.000000000E+00
 0.986458133E+00 0.372225317E-03-0.734796441E-01-0.980263466E-03-0.655313291E+00
 0.746187964E+06-0.734796441E-01 0.000000000E+00 0.986458133E+00 0.000000000E+00
 0.372225317E-03 0.000000000E+00-0.980263466E-03 0.000000000E+00 0.000000000E+00
-0.543029730E+00-0.542583523E+00-0.542138013E+00-0.541693395E+00-0.541249862E+00
-0.540807607E+00-0.540366826E+00-0.539927714E+00-0.539490468E+00-0.539055283E+00
-0.538622358E+00-0.538191889E+00-0.537764076E+00-0.537339118E+00-0.536917214E+00
-0.536498565E+00-0.536083371E+00-0.535671834E+00-0.535264156E+00-0.534860539E+00
-0.534461186E+00-0.534066301E+00-0.533676088E+00-0.533290751E+00-0.532910495E+00
-0.532535525E+00-0.532166048E+00-0.531802269E+00-0.531444396E+00-0.531092634E+00
-0.530747192E+00-0.530408277E+00-0.530076096E+00-0.529750859E+00-0.529432773E+00
-0.529122048E+00-0.528818891E+00-0.528523512E+00-0.528236121E+00-0.527956925E+00
-0.527686136E+00-0.527423961E+00-0.527170610E+00-0.526926293E+00-0.526691219E+00
-0.526465597E+00-0.526249635E+00-0.526043543E+00-0.525847530E+00-0.525661802E+00
-0.525486570E+00-0.525322039E+00-0.525168418E+00-0.525025914E+00-0.524894732E+00
-0.524775078E+00-0.524667159E+00-0.524571178E+00-0.524487339E+00-0.524415847E+00
-0.524356902E+00-0.524310709E+00-0.524277466E+00-0.524257374E+00-0.524250633E+00
 0.273533941E+05 0.267151460E+05 0.260770349E+05 0.254393781E+05 0.248024927E+05
 0.241666962E+05 0.235323056E+05 0.228996384E+05 0.222690116E+05 0.216407427E+05
 0.210151489E+05 0.203925474E+05 0.197732555E+05 0.191575904E+05 0.185458694E+05
 0.179384098E+05 0.173355288E+05 0.167375438E+05 0.161447718E+05 0.155575303E+05
 0.149761364E+05 0.144009074E+05 0.138321607E+05 0.132702134E+05 0.127153828E+05
 0.121679861E+05 0.116283407E+05 0.110967638E+05 0.105735726E+05 0.100590844E+05
 0.955361646E+04 0.905748606E+04 0.857101044E+04 0.809450688E+04 0.762829261E+04
 0.717268491E+04 0.672800103E+04 0.629455824E+04 0.587267379E+04 0.546266494E+04
 0.506484896E+04 0.467954310E+04 0.430706462E+04 0.394773078E+04 0.360185885E+04
 0.326976608E+04 0.295176974E+04 0.264818707E+04 0.235933535E+04 0.208553183E+04
 0.182709377E+04 0.158433844E+04 0.135758308E+04 0.114714497E+04 0.953341359E+03
 0.776489509E+03 0.616906680E+03 0.474910133E+03 0.350817126E+03 0.244944920E+03
 0.157610775E+03 0.891319509E+02 0.398257070E+02 0.100093034E+02 0.000000000E+00
-0.214034340E+00-0.213570142E+00-0.213014512E+00-0.212367451E+00-0.211628958E+00
-0.210799034E+00-0.209877679E+00-0.208864892E+00-0.207760674E+00-0.206565025E+00
-0.205277944E+00-0.203899432E+00-0.202429488E+00-0.200868113E+00-0.199215307E+00
-0.197471069E+00-0.195635400E+00-0.193708300E+00-0.191689768E+00-0.189579805E+00
-0.187378411E+00-0.185085585E+00-0.182701328E+00-0.180225639E+00-0.177658519E+00
-0.174999968E+00-0.172249985E+00-0.169408571E+00-0.166475726E+00-0.163451449E+00
-0.160335741E+00-0.157128601E+00-0.153830030E+00-0.150440028E+00-0.146958594E+00
-0.143385729E+00-0.139721433E+00-0.135965705E+00-0.132118546E+00-0.128179956E+00
-0.124149934E+00-0.120028481E+00-0.115815596E+00-0.111511280E+00-0.107115533E+00
-0.102628354E+00-0.980497443E-01-0.933797029E-01-0.886182301E-01-0.837653260E-01
-0.788209905E-01-0.737852236E-01-0.686580254E-01-0.634393958E-01-0.581293348E-01
-0.527278425E-01-0.472349188E-01-0.416505637E-01-0.359747773E-01-0.302075595E-01
-0.243489103E-01-0.183988298E-01-0.123573179E-01-0.622437464E-02 0.000000000E+00
-0.563390922E+06-0.563410027E+06-0.563149065E+06-0.562608037E+06-0.561786943E+06
-0.560685782E+06-0.559304556E+06-0.557643263E+06-0.555701903E+06-0.553480478E+06
-0.550978986E+06-0.548197428E+06-0.545135803E+06-0.541794113E+06-0.538172356E+06
-0.534270533E+06-0.530088643E+06-0.525626687E+06-0.520884665E+06-0.515862577E+06
-0.510560422E+06-0.504978201E+06-0.499115914E+06-0.492973560E+06-0.486551141E+06
-0.479848655E+06-0.472866102E+06-0.465603484E+06-0.458060799E+06-0.450238048E+06
-0.442135230E+06-0.433752346E+06-0.425089396E+06-0.416146380E+06-0.406923297E+06
-0.397420149E+06-0.387636933E+06-0.377573652E+06-0.367230304E+06-0.356606890E+06
-0.345703410E+06-0.334519864E+06-0.323056251E+06-0.311312572E+06-0.299288826E+06
-0.286985015E+06-0.274401137E+06-0.261537193E+06-0.248393182E+06-0.234969105E+06
-0.221264962E+06-0.207280753E+06-0.193016477E+06-0.178472135E+06-0.163647727E+06
-0.148543253E+06-0.133158712E+06-0.117494105E+06-0.101549432E+06-0.853246921E+05
-0.688198862E+05-0.520350141E+05-0.349700757E+05-0.176250710E+05 0.000000000E+00
-6.422106347e-05-1.437849462e-04-2.521936826e-04-3.861565806e-04-5.414202027e-04
-7.127795361e-04-8.940743155e-04-1.078124657e-03-1.246797396e-03-1.370225629e-03
-1.458423836e-03-1.503501140e-03-1.488011677e-03-1.400891415e-03-1.227187654e-03
-9.541610007e-04-5.807188364e-04-9.619570083e-05 4.932402381e-04 1.186321237e-03
 1.972971759e-03 2.829480737e-03 3.739466670e-03 4.662351812e-03 5.573912976e-03
 6.445832797e-03 7.258730157e-03 8.020219995e-03 8.725041922e-03 9.398253293e-03
 1.004666133e-02 1.068097713e-02 1.131903003e-02 1.195094577e-02 1.259619817e-02
 1.324227661e-02 1.389228853e-02 1.454900883e-02 1.519414950e-02 1.587786992e-02
 1.655366246e-02 1.724237422e-02 1.794315033e-02 1.862620252e-02 1.933982866e-02
 2.002719714e-02 2.072796097e-02 2.142409563e-02 2.209677779e-02 2.279389242e-02
 2.344909019e-02 2.412137144e-02 2.476995481e-02 2.539303722e-02 2.602794782e-02
 2.660590390e-02 2.719195870e-02 2.773280279e-02 2.822168227e-02 2.870116588e-02
 2.908667793e-02 2.945261895e-02 2.974653168e-02 2.996591091e-02 3.018204248e-02
-9.365277924e-05-2.103564896e-04-3.705811382e-04-5.706830550e-04-8.058945936e-04
-1.070343773e-03-1.357110366e-03-1.655842090e-03-1.945658437e-03-2.179559885e-03
-2.379307387e-03-2.531564424e-03-2.618884956e-03-2.635182960e-03-2.487964484e-03
-2.207290186e-03-1.783925672e-03-1.204522066e-03-4.599899373e-04 4.509911416e-04
 1.519553818e-03 2.722069588e-03 4.010835057e-03 5.314069286e-03 6.545741554e-03
 7.632091331e-03 8.542443108e-03 9.297827167e-03 9.950105703e-03 1.055226658e-02
 1.114198927e-02 1.174038006e-02 1.235687858e-02 1.299420027e-02 1.365168683e-02
 1.432722824e-02 1.501837035e-02 1.572304592e-02 1.643999801e-02 1.716831341e-02
 1.790660878e-02 1.865308746e-02 1.940576123e-02 2.016257201e-02 2.092147193e-02
 2.168042053e-02 2.243747121e-02 2.319078625e-02 2.393869293e-02 2.467973491e-02
 2.541263764e-02 2.613632399e-02 2.684975543e-02 2.755173209e-02 2.824050806e-02
 2.891317604e-02 2.956477294e-02 3.018698869e-02 3.076694536e-02 3.128694217e-02
 3.172692262e-02 3.207059484e-02 3.231175582e-02 3.245514720e-02 3.251595795e-02
-1.298335588e-04-2.923920492e-04-5.169673723e-04-7.997485779e-04-1.135477658e-03
-1.517172224e-03-1.935785492e-03-2.377976754e-03-2.816335811e-03-3.244969747e-03
-3.630543890e-03-3.952012083e-03-4.195195968e-03-4.327322355e-03-4.305449328e-03
-4.090043026e-03-3.663514473e-03-3.001397069e-03-2.080274329e-03-8.816638891e-04
 6.081008756e-04 2.394027085e-03 4.446778964e-03 6.638401438e-03 8.642634555e-03
 1.008103539e-02 1.085153385e-02 1.120522766e-02 1.147634235e-02 1.181811618e-02
 1.225743058e-02 1.278302236e-02 1.337714705e-02 1.402392376e-02 1.471091156e-02
 1.542888389e-02 1.617120492e-02 1.693318425e-02 1.771148165e-02 1.850356877e-02
 1.930728578e-02 2.012053941e-02 2.094114186e-02 2.176675611e-02 2.259491586e-02
 2.342310029e-02 2.424884912e-02 2.506990391e-02 2.588436123e-02 2.669082286e-02
 2.748852926e-02 2.827746162e-02 2.905839436e-02 2.983286650e-02 3.060300424e-02
 3.137103911e-02 3.213815574e-02 3.290180630e-02 3.364950966e-02 3.434595854e-02
 3.491810510e-02 3.528090974e-02 3.541345997e-02 3.537810914e-02 3.526163000e-02
-1.725204244e-04-3.896296282e-04-6.916149621e-04-1.075325021e-03-1.536075808e-03
-2.067210542e-03-2.659585549e-03-3.298615700e-03-3.961190744e-03-4.634863144e-03
-5.289526277e-03-5.890412333e-03-6.406440474e-03-6.791790056e-03-6.992692886e-03
-6.951927346e-03-6.614363218e-03-5.932195538e-03-4.868109244e-03-3.393323956e-03
-1.474722139e-03 9.626029220e-04 4.068082604e-03 8.313002125e-03 1.289988306e-02
 1.491305790e-02 1.432369107e-02 1.278423810e-02 1.244182387e-02 1.259396440e-02
 1.300676817e-02 1.357239433e-02 1.423308549e-02 1.495540559e-02 1.571934818e-02
 1.651291077e-02 1.732902238e-02 1.816361797e-02 1.901433852e-02 1.987961673e-02
 2.075803543e-02 2.164790453e-02 2.254702550e-02 2.345261899e-02 2.436139107e-02
 2.526971135e-02 2.617387389e-02 2.707041031e-02 2.795642609e-02 2.882993638e-02
 2.969018846e-02 3.053797369e-02 3.137595405e-02 3.220905818e-02 3.304504571e-02
 3.389540982e-02 3.477692404e-02 3.571447053e-02 3.674723314e-02 3.796275192e-02
 3.929240786e-02 3.973328552e-02 3.927521741e-02 3.858142011e-02 3.806447110e-02
-2.197304573e-04-4.979735959e-04-8.881833242e-04-1.389359427e-03-1.999203350e-03
-2.713477044e-03-3.525277807e-03-4.421748888e-03-5.383302201e-03-6.397645838e-03
-7.440424393e-03-8.470203312e-03-9.447391559e-03-1.030931628e-02-1.096782801e-02
-1.131330878e-02-1.122972586e-02-1.062247554e-02-9.445808998e-03-7.711404058e-03
-5.472332819e-03-2.799262856e-03 2.202524157e-04 3.411489949e-03 6.349838598e-03
 8.538043887e-03 9.887941404e-03 1.077114463e-02 1.154185505e-02 1.233363828e-02
 1.316659919e-02 1.403055255e-02 1.491264717e-02 1.580402907e-02 1.670044601e-02
 1.760128738e-02 1.850833655e-02 1.942459492e-02 2.035327523e-02 2.129698967e-02
 2.225714263e-02 2.323353698e-02 2.422420199e-02 2.522544436e-02 2.623211005e-02
 2.723802692e-02 2.823657979e-02 2.922135661e-02 3.018679952e-02 3.112880221e-02
 3.204521531e-02 3.293625402e-02 3.380484548e-02 3.465700740e-02 3.550242268e-02
 3.635549434e-02 3.723740154e-02 3.818020761e-02 3.923521521e-02 4.047866581e-02
 4.181905573e-02 4.228256430e-02 4.181255066e-02 4.090237904e-02 4.029848414e-02
-2.662583248e-04-6.062358093e-04-1.088166521e-03-1.715608159e-03-2.491332332e-03
-3.416173212e-03-4.488073618e-03-5.701032520e-03-7.030766627e-03-8.480876718e-03
-1.003619819e-02-1.167476975e-02-1.337520404e-02-1.509428576e-02-1.671576965e-02
-1.800330838e-02-1.859963474e-02-1.817000007e-02-1.661643526e-02-1.413956767e-02
-1.108892652e-02-7.776226132e-03-4.419230819e-03-1.176270912e-03 1.823384093e-03
 4.487573309e-03 6.786452392e-03 8.753865840e-03 1.045634284e-02 1.195908783e-02
 1.331131790e-02 1.454740700e-02 1.569272483e-02 1.676833642e-02 1.779346620e-02
 1.878629945e-02 1.976385397e-02 2.074142569e-02 2.173188920e-02 2.274500300e-02
 2.378681905e-02 2.485928863e-02 2.596015471e-02 2.708320096e-02 2.821888335e-02
 2.935531042e-02 3.047947798e-02 3.157861637e-02 3.264148265e-02 3.365943369e-02
 3.462715302e-02 3.554296974e-02 3.640878508e-02 3.722968266e-02 3.801330937e-02
 3.876904050e-02 3.950671298e-02 4.023409697e-02 4.095038442e-02 4.162716827e-02
 4.216570043e-02 4.241544355e-02 4.236141651e-02 4.212149265e-02 4.181583864e-02
-3.013826280e-04-6.911372511e-04-1.252630866e-03-1.998393194e-03-2.941302484e-03
-4.091980417e-03-5.455743164e-03-7.027272765e-03-8.789990895e-03-1.073358900e-02
-1.284871277e-02-1.514862494e-02-1.769878859e-02-2.066124469e-02-2.428420398e-02
-2.858581038e-02-3.215282490e-02-3.218701051e-02-2.834097740e-02-2.244817887e-02
-1.693616072e-02-1.206041177e-02-7.702487580e-03-3.769700891e-03-2.133493718e-04
 2.988780420e-03 5.849371561e-03 8.382211557e-03 1.060647263e-02 1.254720172e-02
 1.423468558e-02 1.570373658e-02 1.699268810e-02 1.814183194e-02 1.919150604e-02
 2.018027452e-02 2.114348318e-02 2.211217474e-02 2.311215993e-02 2.416305404e-02
 2.527725571e-02 2.645905546e-02 2.770419432e-02 2.900017560e-02 3.032747963e-02
 3.166162872e-02 3.297587768e-02 3.424418905e-02 3.544407228e-02 3.655882918e-02
 3.757880696e-02 3.850145642e-02 3.933027990e-02 4.007299721e-02 4.073933426e-02
 4.133872176e-02 4.187796671e-02 4.235878946e-02 4.277529267e-02 4.311247287e-02
 4.334888659e-02 4.346754892e-02 4.347349568e-02 4.340815605e-02 4.329355592e-02
-3.052744440e-04-7.087208864e-04-1.306286101e-03-2.127756174e-03-3.207396347e-03
-4.578942218e-03-6.268296188e-03-8.281161641e-03-1.058565340e-02-1.311997322e-02
-1.577158600e-02-1.844314352e-02-2.113964206e-02-2.412322125e-02-2.791744770e-02
-3.331614209e-02-3.897486915e-02-3.902419668e-02-3.340234174e-02-2.483092499e-02
-1.830124401e-02-1.284391966e-02-8.054340144e-03-3.733070735e-03 2.154418640e-04
 3.827785256e-03 7.105042248e-03 1.002924444e-02 1.257889114e-02 1.474411177e-02
 1.653796868e-02 1.799972665e-02 1.918938005e-02 2.017727023e-02 2.103420221e-02
 2.182537734e-02 2.260829324e-02 2.343285999e-02 2.434166447e-02 2.536894151e-02
 2.653789549e-02 2.785721554e-02 2.931840234e-02 3.089535791e-02 3.254671180e-02
 3.422038044e-02 3.585955432e-02 3.740949359e-02 3.882445434e-02 4.007349204e-02
 4.114346061e-02 4.203811022e-02 4.277372491e-02 4.337312454e-02 4.386008002e-02
 4.425535156e-02 4.457453161e-02 4.482732204e-02 4.501786708e-02 4.514600200e-02
 4.520933459e-02 4.520230127e-02 4.517403072e-02 4.509777556e-02 4.497620162e-02
-2.464984518e-04-5.853469315e-04-1.114105027e-03-1.891468577e-03-2.995048450e-03
-4.512953963e-03-6.530657468e-03-9.122228139e-03-1.233690732e-02-1.615922281e-02
-2.010255260e-02-2.315998172e-02-2.476057376e-02-2.523925870e-02-2.551963158e-02
-2.575328013e-02-2.547885350e-02-2.413893955e-02-2.152945663e-02-1.793001821e-02
-1.382362311e-02-9.557218331e-03-5.290590379e-03-1.084812878e-03 3.026529145e-03
 6.996152278e-03 1.073857992e-02 1.412317789e-02 1.699842928e-02 1.925003661e-02
 2.085932727e-02 2.191574252e-02 2.257377034e-02 2.299283981e-02 2.330190415e-02
 2.359519849e-02 2.394378228e-02 2.440954560e-02 2.505484258e-02 2.594349142e-02
 2.713081506e-02 2.864607062e-02 3.047747778e-02 3.256926382e-02 3.483076962e-02
 3.714967183e-02 3.940326664e-02 4.147014634e-02 4.324773898e-02 4.467375602e-02
 4.573977179e-02 4.648600160e-02 4.697959689e-02 4.729045839e-02 4.747624110e-02
 4.757797916e-02 4.762186504e-02 4.762297151e-02 4.758884092e-02 4.752237271e-02
 4.742405224e-02 4.729483623e-02 4.716594941e-02 4.701912446e-02 4.683958525e-02
-9.407218616e-05-2.363003742e-04-4.876509762e-04-9.275673089e-04-1.719266722e-03
-3.117684689e-03-5.287856601e-03-8.275537924e-03-1.225215337e-02-1.772690781e-02
-2.457008829e-02-2.842307786e-02-2.839664805e-02-2.468150852e-02-2.221990578e-02
-2.042663457e-02-1.874229946e-02-1.683433268e-02-1.452765491e-02-1.177404981e-02
-8.606306753e-03-5.083742134e-03-1.253488049e-03 2.863377274e-03 7.265289601e-03
 1.194208877e-02 1.680175539e-02 2.151188822e-02 2.537639853e-02 2.771334143e-02
 2.839237550e-02 2.796753745e-02 2.713325620e-02 2.631045007e-02 2.562240688e-02
 2.509583711e-02 2.473393162e-02 2.454097018e-02 2.459385205e-02 2.503601918e-02
 2.608145531e-02 2.788764525e-02 3.044193073e-02 3.357965101e-02 3.706314915e-02
 4.067593474e-02 4.419575106e-02 4.734197580e-02 4.980810537e-02 5.139268086e-02
 5.213494603e-02 5.228225294e-02 5.211470175e-02 5.182118451e-02 5.149453007e-02
 5.117397830e-02 5.087107380e-02 5.058616777e-02 5.031571235e-02 5.005395590e-02
 4.979603497e-02 4.953948985e-02 4.930364046e-02 4.906972719e-02 4.883236063e-02
 1.332157417e-04 3.059870691e-04 5.628439071e-04 9.440442710e-04 1.422156856e-03
 5.704105041e-04-1.991115574e-03-4.888034971e-03-8.069003493e-03-1.154523388e-02
-1.485306698e-02-1.709996308e-02-1.775921700e-02-1.712260842e-02-1.595714598e-02
-1.461297012e-02-1.311041699e-02-1.138911856e-02-9.385135426e-03-7.051520333e-03
-4.357371441e-03-1.276517509e-03 2.228743850e-03 6.227818797e-03 1.085162359e-02
 1.635158824e-02 2.325111700e-02 3.282118253e-02 4.194728239e-02 4.473058962e-02
 4.077906330e-02 3.453909686e-02 3.094132953e-02 2.863288763e-02 2.702648671e-02
 2.580962180e-02 2.476866438e-02 2.371554340e-02 2.245988648e-02 2.097637456e-02
 2.076694416e-02 2.307270310e-02 2.768446033e-02 3.342326321e-02 3.912198323e-02
 4.492907566e-02 5.110944217e-02 5.741501154e-02 6.190512657e-02 6.339823599e-02
 6.158505946e-02 5.934422575e-02 5.765366326e-02 5.639908850e-02 5.543593751e-02
 5.466792378e-02 5.403296475e-02 5.348955372e-02 5.301308984e-02 5.258295395e-02
 5.218954980e-02 5.182633293e-02 5.148777445e-02 5.115993367e-02 5.082933912e-02
 3.514453495e-04 8.126617124e-04 1.494603320e-03 2.439106223e-03 3.533017599e-03
 3.163497112e-03 9.886818440e-04-1.270956298e-03-3.451618884e-03-5.497784385e-03
-7.289180553e-03-8.673126443e-03-9.526581307e-03-9.833287777e-03-9.659827245e-03
-9.090659513e-03-8.183873251e-03-6.964475504e-03-5.434619618e-03-3.583970603e-03
-1.395011164e-03 1.156679814e-03 4.105910381e-03 7.503894947e-03 1.142514179e-02
 1.596839445e-02 2.121434579e-02 2.694048236e-02 3.176105367e-02 3.397833173e-02
 3.334667515e-02 3.122647830e-02 2.921321530e-02 2.765135959e-02 2.647369949e-02
 2.554481620e-02 2.471155911e-02 2.378358121e-02 2.247868423e-02 2.030306370e-02
 1.943922972e-02 2.196884505e-02 2.808229440e-02 3.498469464e-02 4.135337823e-02
 4.777248305e-02 5.482279814e-02 6.299551682e-02 6.822799005e-02 6.928889674e-02
 6.607763572e-02 6.305940188e-02 6.103103706e-02 5.956551545e-02 5.843744716e-02
 5.752442407e-02 5.675634293e-02 5.609084635e-02 5.550098581e-02 5.496874954e-02
 5.448149354e-02 5.402976357e-02 5.360583120e-02 5.320310780e-02 5.281978848e-02
 5.144422082e-04 1.178647009e-03 2.135447742e-03 3.408613358e-03 4.865242438e-03
 4.852565255e-03 2.966028745e-03 1.366484710e-03-1.161981048e-04-1.502079779e-03
-2.747870060e-03-3.779457796e-03-4.539888362e-03-4.995623281e-03-5.136239898e-03
-4.966376805e-03-4.495998360e-03-3.733665240e-03-2.683839706e-03-1.346958486e-03
 2.792362825e-04 2.197794653e-03 4.409733443e-03 6.908808930e-03 9.670996777e-03
 1.263439135e-02 1.566715802e-02 1.853654303e-02 2.091583542e-02 2.270222347e-02
 2.382125554e-02 2.431216362e-02 2.445248410e-02 2.446871118e-02 2.449935680e-02
 2.461343361e-02 2.484482059e-02 2.522830784e-02 2.584656061e-02 2.688880022e-02
 2.864794482e-02 3.135768122e-02 3.500213624e-02 3.931712797e-02 4.397434946e-02
 4.870695128e-02 5.325499109e-02 5.725437771e-02 6.026437126e-02 6.201690222e-02
 6.260692008e-02 6.241813846e-02 6.184321406e-02 6.112126709e-02 6.036650226e-02
 5.962861964e-02 5.892789324e-02 5.827117902e-02 5.765897898e-02 5.708869637e-02
 5.655623858e-02 5.605685627e-02 5.558561750e-02 5.513777193e-02 5.471263142e-02
 6.292497113e-04 1.434606727e-03 2.581433745e-03 4.085720647e-03 5.795468374e-03
 6.053834985e-03 4.538165759e-03 3.308033138e-03 2.200779360e-03 1.129925453e-03
 1.451661022e-04-7.124536651e-04-1.407181254e-03-1.910861522e-03-2.203716470e-03
-2.273395810e-03-2.113041712e-03-1.719317751e-03-1.091099167e-03-2.290712845e-04
 8.637305388e-04 2.180471286e-03 3.708096565e-03 5.423835843e-03 7.290749386e-03
 9.253271606e-03 1.123539468e-02 1.314619153e-02 1.489645634e-02 1.640332014e-02
 1.778391519e-02 1.898576965e-02 2.003449099e-02 2.101769245e-02 2.201297131e-02
 2.309558994e-02 2.433783545e-02 2.581144937e-02 2.759116633e-02 2.975256413e-02
 3.235862384e-02 3.543622746e-02 3.895116982e-02 4.279819922e-02 4.680997314e-02
 5.077478226e-02 5.445758088e-02 5.763007526e-02 6.011341514e-02 6.182212297e-02
 6.278549830e-02 6.312875465e-02 6.302202142e-02 6.262817109e-02 6.207414653e-02
 6.144637441e-02 6.079826996e-02 6.016013492e-02 5.954737635e-02 5.896629660e-02
 5.841787164e-02 5.790012223e-02 5.740956949e-02 5.694197273e-02 5.648512615e-02
 7.107038723e-04 1.616230178e-03 2.898235256e-03 4.567754095e-03 6.471371038e-03
 6.947936091e-03 5.628868839e-03 4.633413025e-03 3.719154437e-03 2.821531016e-03
 1.966560578e-03 1.183065466e-03 4.977500796e-04-6.597659452e-05-4.885948068e-04
-7.545630963e-04-8.520387967e-04-7.724850317e-04-5.103448894e-04-6.309091794e-05
 5.683925079e-04 1.379090756e-03 2.358887533e-03 3.491533654e-03 4.753917908e-03
 6.116209110e-03 7.543589772e-03 9.000042103e-03 1.045405066e-02 1.188498714e-02
 1.328353775e-02 1.466161232e-02 1.611671871e-02 1.762065672e-02 1.921068695e-02
 2.090377653e-02 2.283063091e-02 2.503847674e-02 2.759376101e-02 3.053275093e-02
 3.381518084e-02 3.746333640e-02 4.147205412e-02 4.578881616e-02 5.028997022e-02
 5.474234402e-02 5.880117491e-02 6.212655171e-02 6.450432788e-02 6.586888680e-02
 6.631563779e-02 6.610046928e-02 6.552203925e-02 6.478889024e-02 6.401271718e-02
 6.324836746e-02 6.252109115e-02 6.184057717e-02 6.120821595e-02 6.062104453e-02
 6.007396969e-02 5.956104171e-02 5.907618950e-02 5.861381487e-02 5.817612339e-02
 7.698165786e-04 1.747968607e-03 3.127617053e-03 4.915249834e-03 6.953923364e-03
 7.574382235e-03 6.392142186e-03 5.506307951e-03 4.698331029e-03 3.873829681e-03
 3.056318687e-03 2.269042135e-03 1.534084830e-03 8.717072196e-04 2.999982151e-04
-1.652209266e-04-5.103378010e-04-7.237274178e-04-7.956424995e-04-7.185676691e-04
-4.876487287e-04-1.011003956e-04 4.394324187e-04 1.128657151e-03 1.957736552e-03
 2.914971201e-03 3.987303973e-03 5.162247462e-03 6.429736556e-03 7.784079287e-03
 9.225639327e-03 1.076174058e-02 1.240809072e-02 1.420151132e-02 1.616595002e-02
 1.831436514e-02 2.071623445e-02 2.341937524e-02 2.647049486e-02 2.990254687e-02
 3.372390677e-02 3.798049030e-02 4.273578110e-02 4.807045310e-02 5.410644584e-02
 6.122607709e-02 6.776047828e-02 7.240515675e-02 7.494394716e-02 7.524128601e-02
 7.333533153e-02 7.046147464e-02 6.848432800e-02 6.696183709e-02 6.574827977e-02
 6.475446106e-02 6.392075745e-02 6.320570209e-02 6.257949050e-02 6.202004245e-02
 6.151055280e-02 6.103792229e-02 6.059170439e-02 6.016326504e-02 5.974027743e-02
 8.145606407e-04 1.848254691e-03 3.303561205e-03 5.183921492e-03 7.319488474e-03
 8.027312887e-03 6.950757639e-03 6.125845570e-03 5.336133902e-03 4.497908903e-03
 3.636754666e-03 2.774496854e-03 1.930477497e-03 1.122262153e-03 3.659883032e-04
-3.234337200e-04-9.320698571e-04-1.447049194e-03-1.852311274e-03-2.133313453e-03
-2.277530353e-03-2.274597995e-03-2.116554890e-03-1.798167806e-03-1.317389678e-03
-6.761149343e-04 1.237527903e-04 1.083833444e-03 2.205111189e-03 3.488981693e-03
 4.938572266e-03 6.560607727e-03 8.365928871e-03 1.036888367e-02 1.258694347e-02
 1.504144980e-02 1.775823925e-02 2.076668783e-02 2.409959583e-02 2.779564226e-02
 3.190531565e-02 3.649913864e-02 4.167666262e-02 4.758482599e-02 5.445053838e-02
 6.256063422e-02 6.991788797e-02 7.485172064e-02 7.738911384e-02 7.746406683e-02
 7.498121343e-02 7.155538012e-02 6.920440092e-02 6.754607575e-02 6.632909065e-02
 6.540304237e-02 6.467296332e-02 6.407641320e-02 6.357100365e-02 6.312722797e-02
 6.272415061e-02 6.234670347e-02 6.198389400e-02 6.162738640e-02 6.127050814e-02
 8.487517820e-04 1.926226852e-03 3.444368773e-03 5.409333563e-03 7.667990856e-03
 8.553760406e-03 7.628341522e-03 6.694693387e-03 5.777276303e-03 4.824342676e-03
 3.840921400e-03 2.838943615e-03 1.831147881e-03 8.303980439e-04-1.505439881e-04
-1.099017226e-03-2.001730840e-03-2.838770789e-03-3.590363440e-03-4.237166171e-03
-4.760499452e-03-5.142559310e-03-5.366634832e-03-5.417326495e-03-5.280742631e-03
-4.944612354e-03-4.398030149e-03-3.631578976e-03-2.638674671e-03-1.417359149e-03
 2.665011992e-05 1.697216178e-03 3.602444667e-03 5.747887658e-03 8.139354908e-03
 1.078436177e-02 1.369166727e-02 1.687164476e-02 2.033610342e-02 2.409974104e-02
 2.819161487e-02 3.268976991e-02 3.769658595e-02 4.319911865e-02 4.929268134e-02
 5.594279295e-02 6.208403324e-02 6.647657986e-02 6.896186831e-02 6.933338155e-02
 6.839375289e-02 6.745991948e-02 6.663796411e-02 6.597344160e-02 6.545606737e-02
 6.505351618e-02 6.473248538e-02 6.446467400e-02 6.422781526e-02 6.400515117e-02
 6.378452296e-02 6.355748797e-02 6.331860957e-02 6.306502195e-02 6.279860316e-02
 8.710971852e-04 1.977460955e-03 3.537637696e-03 5.560113061e-03 7.887227242e-03
 8.858320856e-03 8.044071977e-03 7.003876710e-03 5.956226722e-03 4.855786147e-03
 3.712352432e-03 2.532065757e-03 1.322634822e-03 9.279430995e-05-1.148041471e-03
-2.388759923e-03-3.608820578e-03-4.786389386e-03-5.898773034e-03-6.922630277e-03
-7.834207681e-03-8.609579782e-03-9.224896914e-03-9.656646224e-03-9.881932241e-03
-9.878788914e-03-9.626586546e-03-9.106619936e-03-8.302923266e-03-7.203306991e-03
-5.800438552e-03-4.092009926e-03-2.084249992e-03 2.018296257e-04 2.751877493e-03
 5.565642292e-03 8.636244128e-03 1.195508415e-02 1.551015770e-02 1.928301686e-02
 2.321366589e-02 2.758891193e-02 3.220497878e-02 3.696870029e-02 4.187926031e-02
 4.668151656e-02 5.106651088e-02 5.479522785e-02 5.772617191e-02 5.985867038e-02
 6.132816349e-02 6.233245994e-02 6.303972057e-02 6.356056577e-02 6.395938518e-02
 6.427046808e-02 6.451062978e-02 6.468753290e-02 6.480462872e-02 6.486386655e-02
 6.486705805e-02 6.481647462e-02 6.471502187e-02 6.456609827e-02 6.436862202e-02
 8.797583221e-04 1.996598054e-03 3.570371502e-03 5.607738798e-03 7.946996212e-03
 8.919384600e-03 8.085244902e-03 6.993377952e-03 5.830067922e-03 4.589127312e-03
 3.277717913e-03 1.902468271e-03 4.698253849e-04-1.013475383e-03-2.540232553e-03
-4.090750020e-03-5.643079686e-03-7.173444618e-03-8.656406884e-03-1.006510329e-02
-1.137148958e-02-1.254660282e-02-1.356084740e-02-1.438431228e-02-1.498713232e-02
-1.533991448e-02-1.541425276e-02-1.518337857e-02-1.462299541e-02-1.371230830e-02
-1.243528231e-02-1.078231869e-02-8.752364656e-03-6.355319872e-03-3.613289355e-03
-5.657892970e-04 2.729451574e-03 6.260996958e-03 1.000565199e-02 1.393535378e-02
 1.801455201e-02 2.225535056e-02 2.659637763e-02 3.110279583e-02 3.568909694e-02
 4.010354135e-02 4.422482084e-02 4.797425453e-02 5.129324739e-02 5.416039980e-02
 5.659188670e-02 5.863017043e-02 6.032831271e-02 6.173757339e-02 6.290132409e-02
 6.385392616e-02 6.462209712e-02 6.522697579e-02 6.568598958e-02 6.601422127e-02
 6.622527224e-02 6.633173183e-02 6.634538268e-02 6.627732565e-02 6.614131341e-02
 8.761576625e-04 1.987506125e-03 3.551759002e-03 5.573571345e-03 7.897804434e-03
 8.852854391e-03 7.939575705e-03 6.767656806e-03 5.476648117e-03 4.083787208e-03
 2.593853600e-03 1.011330090e-03-6.592063862e-04-2.413146532e-03-4.234573332e-03
-6.102238243e-03-7.992499196e-03-9.879382712e-03-1.173476448e-02-1.352857602e-02
-1.522904971e-02-1.680299814e-02-1.821612705e-02-1.943338544e-02-2.041936063e-02
-2.113873304e-02-2.155681546e-02-2.164020716e-02-2.135760085e-02-2.068079633e-02
-1.958597810e-02-1.805529077e-02-1.607882829e-02-1.365701478e-02-1.080352389e-02
-7.548707256e-03-3.942649430e-03-5.696876090e-05 4.025850049e-03 8.282588620e-03
 1.268205374e-02 1.719124011e-02 2.177657727e-02 2.640093253e-02 3.099914607e-02
 3.548861842e-02 3.979354928e-02 4.385028012e-02 4.760932220e-02 5.103693250e-02
 5.411525207e-02 5.684046531e-02 5.921960314e-02 6.126710834e-02 6.300201754e-02
 6.444604159e-02 6.562239111e-02 6.655504295e-02 6.726819508e-02 6.778577586e-02
 6.813097463e-02 6.832581480e-02 6.839080339e-02 6.834464611e-02 6.820289385e-02
 8.634313147e-04 1.957784129e-03 3.496551722e-03 5.482666944e-03 7.747809913e-03
 8.615243381e-03 7.655309219e-03 6.373635583e-03 4.952451836e-03 3.402192739e-03
 1.726265884e-03-7.219705865e-05-1.990399785e-03-4.017970928e-03-6.135049715e-03
-8.318939350e-03-1.054413979e-02-1.278247154e-02-1.500323588e-02-1.717343031e-02
-1.925800889e-02-2.122018241e-02-2.302175359e-02-2.462348506e-02-2.598550213e-02
-2.706773896e-02-2.783044427e-02-2.823477426e-02-2.824351227e-02-2.782196565e-02
-2.693910475e-02-2.556902767e-02-2.369281646e-02-2.130086654e-02-1.839570136e-02
-1.499531965e-02-1.113703751e-02-6.881932851e-03-2.318081074e-03 2.434927236e-03
 7.317917617e-03 1.229746542e-02 1.733568896e-02 2.238952360e-02 2.740958297e-02
 3.234123315e-02 3.712752901e-02 4.171245614e-02 4.604371592e-02 5.007504859e-02
 5.376817459e-02 5.709433910e-02 6.003539084e-02 6.258430404e-02 6.474504452e-02
 6.653171350e-02 6.796699495e-02 6.908006281e-02 6.990421593e-02 7.047455060e-02
 7.082593776e-02 7.099147018e-02 7.100142849e-02 7.088270316e-02 7.065829301e-02
 8.446612465e-04 1.914534159e-03 3.417647572e-03 5.355678815e-03 7.565520505e-03
 8.371214694e-03 7.288617266e-03 5.886085400e-03 4.325062154e-03 2.609747766e-03
 7.418777702e-04-1.277227954e-03-3.444346705e-03-5.741731790e-03-8.148328491e-03
-1.063989459e-02-1.318907975e-02-1.576555092e-02-1.833618008e-02-2.086528518e-02
-2.331491892e-02-2.564519639e-02-2.781465200e-02-2.978061812e-02-3.149962081e-02
-3.292779477e-02-3.402132831e-02-3.473696028e-02-3.503256525e-02-3.486787948e-02
-3.420543792e-02-3.301180709e-02-3.125921991e-02-2.892771994e-02-2.600793180e-02
-2.250452812e-02-1.844039916e-02-1.386137707e-02-8.841672954e-03-3.489606165e-03
 2.051024855e-03 7.686718357e-03 1.338663077e-02 1.911467041e-02 2.482868990e-02
 3.047995047e-02 3.601306949e-02 4.136662773e-02 4.647464486e-02 5.126923234e-02
 5.568463784e-02 5.966251527e-02 6.315768821e-02 6.614319709e-02 6.861333200e-02
 7.058377345e-02 7.208875251e-02 7.317597635e-02 7.390060042e-02 7.431956246e-02
 7.448718839e-02 7.445240348e-02 7.425741221e-02 7.393753699e-02 7.352477964e-02
 8.223692074e-04 1.863464595e-03 3.325190377e-03 5.208242163e-03 7.346399461e-03
 8.062555058e-03 6.881815682e-03 5.351584715e-03 3.645300591e-03 1.761500157e-03
-3.000859323e-04-2.540172730e-03-4.948167256e-03-7.505029400e-03-1.018832292e-02
-1.297218866e-02-1.582741672e-02-1.872159374e-02-2.161931689e-02-2.448246848e-02
-2.727053950e-02-2.994098872e-02-3.244962228e-02-3.475097991e-02-3.679871711e-02
-3.854597858e-02-3.994576742e-02-4.095132690e-02-4.151656710e-02-4.159658736e-02
-4.114836697e-02-4.013172070e-02-3.851063759e-02-3.625514457e-02-3.334384581e-02
-2.976729210e-02-2.553230535e-02-2.066732487e-02-1.522857889e-02-9.306759282e-03
-3.034453291e-03 3.410368717e-03 9.946636922e-03 1.655111477e-02 2.319202431e-02
 2.982652286e-02 3.639782723e-02 4.283221809e-02 4.903710512e-02 5.490213678e-02
 6.030568861e-02 6.512792358e-02 6.926863933e-02 7.266491416e-02 7.530261424e-02
 7.721777396e-02 7.848744162e-02 7.921334908e-02 7.950414942e-02 7.946146864e-02
 7.917207981e-02 7.870551635e-02 7.811509764e-02 7.744039248e-02 7.670505902e-02
 7.985196518e-04 1.808991427e-03 3.226955890e-03 5.052310575e-03 7.113200505e-03
 7.728619559e-03 6.454898463e-03 4.803538160e-03 2.952730735e-03 9.027517991e-04
-1.348277880e-03-3.800009362e-03-6.436288563e-03-9.237153582e-03-1.217889044e-02
-1.523409444e-02-1.837178849e-02-2.155761127e-02-2.475407465e-02-2.792088188e-02
-3.101529294e-02-3.399251920e-02-3.680612782e-02-3.940843593e-02-4.175087813e-02
-4.378433628e-02-4.545943010e-02-4.672677964e-02-4.753726709e-02-4.784234565e-02
-4.759446705e-02-4.674772661e-02-4.525885575e-02-4.308872238e-02-4.020452874e-02
-3.658291299e-02-3.221415657e-02-2.710765180e-02-2.129871014e-02-1.485656354e-02
-7.892844733e-03-5.706102661e-04 6.906210178e-03 1.453334032e-02 2.229944422e-02
 3.018211747e-02 3.813990498e-02 4.610040656e-02 5.394424422e-02 6.148877819e-02
 6.848458857e-02 7.464437257e-02 7.970730006e-02 8.350899407e-02 8.602428505e-02
 8.737123805e-02 8.777454720e-02 8.749824852e-02 8.678081073e-02 8.580306022e-02
 8.468769557e-02 8.351240069e-02 8.232398190e-02 8.114937315e-02 8.000610612e-02
 7.746426534e-04 1.754556576e-03 3.129023951e-03 4.897385023e-03 6.898597437e-03
 7.453142357e-03 6.043103137e-03 4.268085680e-03 2.278624272e-03 7.015030350e-05
-2.360869751e-03-5.008237643e-03-7.854657971e-03-1.087896865e-02-1.405609512e-02
-1.735710053e-02-2.074932354e-02-2.419660021e-02-2.765956253e-02-3.109600102e-02
-3.446127336e-02-3.770873644e-02-4.079017717e-02-4.365621689e-02-4.625666725e-02
-4.854082097e-02-5.045767048e-02-5.195605994e-02-5.298479315e-02-5.349274027e-02
-5.342901142e-02-5.274329528e-02-5.138649444e-02-4.931182819e-02-4.647661222e-02
-4.284496111e-02-3.839168129e-02-3.310761580e-02-2.700663107e-02-2.013429630e-02
-1.257810426e-02-4.478342931e-03 3.960622064e-03 1.265491327e-02 2.163866121e-02
 3.094655620e-02 4.060905782e-02 5.063933165e-02 6.100022657e-02 7.152039645e-02
 8.170957584e-02 9.065270446e-02 9.746046888e-02 1.016685173e-01 1.032254501e-01
 1.025316057e-01 1.004322635e-01 9.780921478e-02 9.514904421e-02 9.263851773e-02
 9.033360473e-02 8.823795590e-02 8.633511178e-02 8.460217748e-02 8.301575361e-02
 7.519315447e-04 1.702844096e-03 3.036134395e-03 4.750638627e-03 6.673627023e-03
 7.123677390e-03 5.650071764e-03 3.766311014e-03 1.649049109e-03-7.048022615e-04
-3.299714690e-03-6.123636643e-03-9.158479813e-03-1.238202713e-02-1.576794883e-02
-1.928589337e-02-2.290166440e-02-2.657748499e-02-3.027234174e-02-3.394239395e-02
-3.754142667e-02-4.102132139e-02-4.433251530e-02-4.742441959e-02-5.024576992e-02
-5.274488806e-02-5.486984307e-02-5.656851290e-02-5.778856435e-02-5.847738966e-02
-5.858206317e-02-5.804941218e-02-5.682633157e-02-5.486051386e-02-5.210181195e-02
-4.850449810e-02-4.403072054e-02-3.865547230e-02-3.237335221e-02-2.520726938e-02
-1.721895594e-02-8.520771440e-03 7.127574248e-04 1.030250167e-02 2.032671302e-02
 3.089117506e-02 4.214220612e-02 5.428692692e-02 6.763032331e-02 8.266407078e-02
 1.004272185e-01 1.159633253e-01 1.262968396e-01 1.308225708e-01 1.293511272e-01
 1.228651238e-01 1.139569475e-01 1.073914797e-01 1.022520928e-01 9.810487122e-02
 9.468136918e-02 9.179924609e-02 8.932945496e-02 8.717833054e-02 8.527496388e-02
 7.313149271e-04 1.655939345e-03 2.951966047e-03 4.617879411e-03 6.482822897e-03
 6.865910005e-03 5.297950083e-03 3.315117625e-03 1.083846251e-03-1.399468424e-03
-4.137248779e-03-7.114712564e-03-1.031285136e-02-1.370839265e-02-1.727382266e-02
-2.097749936e-02-2.478386118e-02-2.865372951e-02-3.254469543e-02-3.641157315e-02
-4.020689591e-02-4.388142470e-02-4.738463719e-02-5.066516377e-02-5.367114039e-02
-5.635045392e-02-5.865086494e-02-6.052000613e-02-6.190527048e-02-6.275362445e-02
-6.301140578e-02-6.262419611e-02-6.153689500e-02-5.969416489e-02-5.704146645e-02
-5.352695658e-02-4.910457097e-02-4.373864451e-02-3.741041019e-02-3.012662154e-02
-2.193031208e-02-1.291323434e-02-3.228878232e-03 6.896951424e-03 1.747540441e-02
 2.863054124e-02 4.053988142e-02 5.346512323e-02 6.780539100e-02 8.418961748e-02
 1.040553311e-01 1.198877389e-01 1.349356885e-01 1.377894991e-01 1.354027736e-01
 1.277586307e-01 1.173785210e-01 1.099185201e-01 1.042288752e-01 9.975159962e-02
 9.612721325e-02 9.311920509e-02 9.056730066e-02 8.835981453e-02 8.642046746e-02
 7.135122678e-04 1.615460649e-03 2.879381127e-03 4.503498756e-03 6.322590389e-03
 6.655470238e-03 4.999715158e-03 2.928245643e-03 5.997479793e-04-1.993683500e-03
-4.851005601e-03-7.956638699e-03-1.129070351e-02-1.482896068e-02-1.854284308e-02
-2.239958787e-02-2.636247263e-02-3.039115177e-02-3.444208150e-02-3.846901334e-02
-4.242352928e-02-4.625558628e-02-4.991403459e-02-5.334707454e-02-5.650261876e-02
-5.932853380e-02-6.177274417e-02-6.378319535e-02-6.530768864e-02-6.629362121e-02
-6.668768943e-02-6.643564381e-02-6.548222028e-02-6.377141687e-02-6.124733664e-02
-5.785587593e-02-5.354759570e-02-4.828216050e-02-4.203474316e-02-3.480473556e-02
-2.662692590e-02-1.758494698e-02-7.826177940e-03 2.423325080e-03 1.298930371e-02
 2.393654125e-02 3.534431435e-02 4.730536486e-02 5.991451180e-02 7.321643513e-02
 8.683620151e-02 9.867881438e-02 1.079107959e-01 1.133204195e-01 1.144669898e-01
 1.119858071e-01 1.076898023e-01 1.036177125e-01 1.000649586e-01 9.699470855e-02
 9.433055420e-02 9.199727376e-02 8.993024595e-02 8.807670749e-02 8.639001005e-02
 6.990699782e-04 1.582638942e-03 2.820561342e-03 4.410820577e-03 6.178804486e-03
 6.439835975e-03 4.751483971e-03 2.616184806e-03 2.100338398e-04-2.471222298e-03
-5.423429778e-03-8.630430618e-03-1.207165657e-02-1.572208929e-02-1.955231111e-02
-2.352865974e-02-2.761349133e-02-3.176554774e-02-3.594041506e-02-4.009105189e-02
-4.416835863e-02-4.812175360e-02-5.189971855e-02-5.545027665e-02-5.872136855e-02
-6.166109945e-02-6.421783976e-02-6.634017540e-02-6.797672064e-02-6.907582685e-02
-6.958524518e-02-6.945183141e-02-6.862141754e-02-6.703901914e-02-6.464960033e-02
-6.139967791e-02-5.724010863e-02-5.213045629e-02-4.604535768e-02-3.898326098e-02
-3.097774471e-02-2.211126753e-02-1.253058581e-02-2.462083055e-03 7.777423644e-03
 1.812861130e-02 2.856893615e-02 3.904380681e-02 4.943914979e-02 5.954191469e-02
 6.900838459e-02 7.739810762e-02 8.428870434e-02 8.938957531e-02 9.263221844e-02
 9.421296609e-02 9.453341323e-02 9.404463712e-02 9.310272220e-02 9.193330714e-02
 9.066442520e-02 8.936492445e-02 8.807036513e-02 8.679819306e-02 8.555857454e-02
 6.883840511e-04 1.558363696e-03 2.777079118e-03 4.342424667e-03 6.088852069e-03
 6.334731138e-03 4.574743909e-03 2.386856944e-03-7.609774672e-05-2.821269668e-03
-5.842336128e-03-9.122703678e-03-1.264129423e-02-1.637251471e-02-2.028632238e-02
-2.434839795e-02-2.852043041e-02-3.276050881e-02-3.702360712e-02-4.126213957e-02
-4.542655670e-02-4.946594635e-02-5.332860155e-02-5.696251681e-02-6.031577837e-02
-6.333682069e-02-6.597453196e-02-6.817820506e-02-6.989734754e-02-7.108138458e-02
-7.167931397e-02-7.163940170e-02-7.090904301e-02-6.943495776e-02-6.716394074e-02
-6.404444658e-02-6.002935004e-02-5.508027415e-02-4.917389978e-02-4.231062515e-02
-3.452578009e-02-2.590325336e-02-1.659079287e-02-6.815378528e-03 3.103635692e-03
 1.292607716e-02 2.260005713e-02 3.204742186e-02 4.115847781e-02 4.979014127e-02
 5.777257812e-02 6.492825053e-02 7.110152314e-02 7.619040479e-02 8.016971346e-02
 8.309671653e-02 8.509576432e-02 8.632768848e-02 8.695729453e-02 8.713090958e-02
 8.696720008e-02 8.655737507e-02 8.596958403e-02 8.525414796e-02 8.444928767e-02
 6.817218895e-04 1.543229286e-03 2.749969872e-03 4.299742688e-03 6.020704429e-03
 6.231097492e-03 4.462122261e-03 2.244781131e-03-2.527660503e-04-3.036853005e-03
-6.099771080e-03-9.424661080e-03-1.299012554e-02-1.677021087e-02-2.073448446e-02
-2.484822050e-02-2.907269893e-02-3.336561292e-02-3.768157039e-02-4.197266668e-02
-4.618909748e-02-5.027977596e-02-5.419291507e-02-5.787653629e-02-6.127887009e-02
-6.434862032e-02-6.703507557e-02-6.928806445e-02-7.105776897e-02-7.229443075e-02
-7.294800957e-02-7.296788345e-02-7.230271482e-02-7.090065064e-02-6.871007415e-02
-6.568118298e-02-6.176872463e-02-5.693626647e-02-5.116238822e-02-4.444912584e-02
-3.683281093e-02-2.839707139e-02-1.928711759e-02-9.723486189e-03-1.210731617e-05
 9.496744108e-03 1.874929658e-02 2.767611023e-02 3.619313421e-02 4.420519487e-02
 5.161262347e-02 5.832094345e-02 6.425233185e-02 6.935645733e-02 7.361790976e-02
 7.705810231e-02 7.973111033e-02 8.171481394e-02 8.310003666e-02 8.398046928e-02
 8.444516695e-02 8.457408590e-02 8.443619183e-02 8.408926313e-02 8.357775465e-02
 6.792546852e-04 1.537614006e-03 2.739880488e-03 4.283773626e-03 5.995258282e-03
 6.191021136e-03 4.418202479e-03 2.192333427e-03-3.166496004e-04-3.113908753e-03
-6.191094360e-03-9.531199034e-03-1.311268139e-02-1.690944099e-02-2.089089473e-02
-2.502216466e-02-2.926438099e-02-3.357509446e-02-3.790878360e-02-4.221743328e-02
-4.645115354e-02-5.055880217e-02-5.448857192e-02-5.818850343e-02-6.160688888e-02
-6.469253891e-02-6.739489559e-02-6.966398891e-02-7.145025089e-02-7.270422237e-02
-7.337621232e-02-7.341599851e-02-7.277269423e-02-7.139494785e-02-6.923169174e-02
-6.623371220e-02-6.235636713e-02-5.756382080e-02-5.183517210e-02-4.517278742e-02
-3.761295710e-02-2.923860838e-02-2.019316112e-02-1.069367539e-02-1.040274057e-03
 8.382188643e-03 1.752037470e-02 2.630939928e-02 3.467396521e-02 4.253223133e-02
 4.980162549e-02 5.640620918e-02 6.228461832e-02 6.739716141e-02 7.173058881e-02
 7.529946373e-02 7.814387123e-02 8.032411265e-02 8.191369888e-02 8.299214098e-02
 8.363874549e-02 8.392806908e-02 8.392714487e-02 8.369431494e-02 8.328298982e-02
 6.810789286e-04 1.541747786e-03 2.747257892e-03 4.295361783e-03 6.022972895e-03
 6.248077912e-03 4.451878720e-03 2.232319486e-03-2.655983858e-04-3.050472827e-03
-6.114380485e-03-9.440370897e-03-1.300697644e-02-1.678818648e-02-2.075351983e-02
-2.486820841e-02-2.909349561e-02-3.338704382e-02-3.770343642e-02-4.199475084e-02
-4.621117185e-02-5.030160873e-02-5.421427722e-02-5.789720759e-02-6.129864374e-02
-6.436730578e-02-6.705249895e-02-6.930406572e-02-7.107219518e-02-7.230712425e-02
-7.295879012e-02-7.297652258e-02-7.230890073e-02-7.090394143e-02-6.870983711e-02
-6.567651749e-02-6.175836727e-02-5.691847835e-02-5.113482845e-02-4.440872136e-02
-3.677564312e-02-2.831831558e-02-1.918109031e-02-9.583884379e-03 1.672480754e-04
 9.723624842e-03 1.903130188e-02 2.801965535e-02 3.660196507e-02 4.467868576e-02
 5.214431225e-02 5.889789600e-02 6.485580834e-02 6.996397103e-02 7.420628405e-02
 7.760674081e-02 8.022457383e-02 8.214405223e-02 8.346216304e-02 8.427748633e-02
 8.468226926e-02 8.475805134e-02 8.457411414e-02 8.418764299e-02 8.364072262e-02
 6.871815382e-04 1.555611764e-03 2.772098041e-03 4.334438766e-03 6.068047610e-03
 6.288897986e-03 4.551570993e-03 2.364629299e-03-9.994594421e-05-2.847272046e-03
-5.870665338e-03-9.153451081e-03-1.267446683e-02-1.640803588e-02-2.032403525e-02
-2.438807087e-02-2.856176439e-02-3.280314681e-02-3.706714514e-02-4.130613928e-02
-4.547055909e-02-4.950948586e-02-5.337121984e-02-5.700377539e-02-6.035526906e-02
-6.337417286e-02-6.600941540e-02-6.821032723e-02-6.992644359e-02-7.110719853e-02
-7.170156866e-02-7.165775480e-02-7.092302563e-02-6.944389138e-02-6.716682742e-02
-6.403982717e-02-6.001512530e-02-5.505348572e-02-4.913047255e-02-4.224508175e-02
-3.443095483e-02-2.577005921e-02-1.640814093e-02-6.570385122e-03 3.425782828e-03
 1.334358258e-02 2.313341290e-02 3.271739044e-02 4.198219027e-02 5.077510468e-02
 5.890991700e-02 6.618827969e-02 7.243453018e-02 7.753321454e-02 8.145662667e-02
 8.427182633e-02 8.612230547e-02 8.719082561e-02 8.766031905e-02 8.768834429e-02
 8.739846311e-02 8.688253297e-02 8.620706960e-02 8.541981969e-02 8.455696908e-02
 6.974068924e-04 1.578850489e-03 2.813750821e-03 4.400082175e-03 6.168314361e-03
 6.437141479e-03 4.725888597e-03 2.586029078e-03 1.766580466e-04-2.508312708e-03
-5.464371174e-03-8.675268640e-03-1.212033597e-02-1.577444845e-02-1.960808151e-02
-2.358746986e-02-2.767487465e-02-3.182895454e-02-3.600522764e-02-4.015660266e-02
-4.423395030e-02-4.818668062e-02-5.196328870e-02-5.551183155e-02-5.878030175e-02
-6.171687081e-02-6.426998445e-02-6.638830599e-02-6.802052042e-02-6.911503207e-02
-6.961961358e-02-6.948109337e-02-6.864520540e-02-6.705676902e-02-6.466041923e-02
-6.140216782e-02-5.723213822e-02-5.210887100e-02-4.600562036e-02-3.891901933e-02
-3.088032833e-02-2.196913043e-02-1.232871222e-02-2.181498208e-03 8.156655334e-03
 1.863817458e-02 2.925063666e-02 3.995131844e-02 5.063592405e-02 6.108718400e-02
 7.092202728e-02 7.962660857e-02 8.671203408e-02 9.183939354e-02 9.492409893e-02
 9.619711273e-02 9.613948624e-02 9.528774074e-02 9.404060499e-02 9.262889778e-02
 9.117173717e-02 8.972673820e-02 8.831954969e-02 8.695970006e-02 8.565131271e-02
 7.114654776e-04 1.610809534e-03 2.871048715e-03 4.490376576e-03 6.301187616e-03
 6.622268503e-03 4.964355917e-03 2.890995503e-03 5.579197982e-04-2.040787741e-03
-4.903521955e-03-8.014588854e-03-1.135397761e-02-1.489731171e-02-1.861588615e-02
-2.247680457e-02-2.644322049e-02-3.047467879e-02-3.452754537e-02-3.855550478e-02
-4.251009882e-02-4.634127318e-02-4.999789694e-02-5.342821884e-02-5.658022768e-02
-5.940189043e-02-6.184125123e-02-6.384638764e-02-6.536523685e-02-6.634532499e-02
-6.673345713e-02-6.647545542e-02-6.551606936e-02-6.379922576e-02-6.126883798e-02
-5.787045215e-02-5.355406689e-02-4.827851110e-02-4.201777856e-02-3.476966279e-02
-2.656686005e-02-1.749033802e-02-7.684189645e-03 2.629899520e-03 1.328084892e-02
 2.434447886e-02 3.591833733e-02 4.812612397e-02 6.112049819e-02 7.508277122e-02
 8.990644938e-02 1.023990345e-01 1.123854346e-01 1.179012309e-01 1.185389062e-01
 1.150717691e-01 1.095572944e-01 1.048217414e-01 1.008679158e-01 9.753308284e-02
 9.468623538e-02 9.222263976e-02 9.006017937e-02 8.813513217e-02 8.639331661e-02
 7.289367756e-04 1.650542498e-03 2.942315730e-03 4.602703951e-03 6.457792097e-03
 6.823969391e-03 5.259572851e-03 3.271671109e-03 1.034461604e-03-1.455600557e-03
-4.200348345e-03-7.184798999e-03-1.038976970e-02-1.379181273e-02-1.736324109e-02
-2.107224556e-02-2.488310849e-02-2.875651213e-02-3.264993108e-02-3.651809117e-02
-4.031346997e-02-4.398680902e-02-4.748760502e-02-5.076454657e-02-5.376586632e-02
-5.643958390e-02-5.873362494e-02-6.059581413e-02-6.197375669e-02-6.281464315e-02
-6.306503698e-02-6.267073468e-02-6.157682422e-02-5.972811065e-02-5.707012750e-02
-5.355100556e-02-4.912452124e-02-4.375467963e-02-3.742217802e-02-3.013300302e-02
-2.192917807e-02-1.290126540e-02-3.201401455e-03 6.944540220e-03 1.754374396e-02
 2.872343536e-02 4.066577815e-02 5.363966724e-02 6.805400208e-02 8.453687294e-02
 1.038472208e-01 1.207095530e-01 1.319526047e-01 1.369316303e-01 1.351987431e-01
 1.276918469e-01 1.176480904e-01 1.100696774e-01 1.042894269e-01 9.974823437e-02
 9.607801995e-02 9.303604073e-02 9.045806263e-02 8.822992023e-02 8.627449871e-02
 7.492552147e-04 1.696775989e-03 3.025297229e-03 4.733682304e-03 6.659478841e-03
 7.122499291e-03 5.610283763e-03 3.717348008e-03 1.592948050e-03-7.688163719e-04
-3.372373801e-03-6.204888136e-03-9.248086590e-03-1.247955737e-02-1.587276975e-02
-1.939717267e-02-2.301837965e-02-2.669844075e-02-3.039619396e-02-3.406768123e-02
-3.766660746e-02-4.114481616e-02-4.445275220e-02-4.753988228e-02-5.035504612e-02
-5.284671730e-02-5.496316253e-02-5.665250021e-02-5.786267656e-02-5.854139752e-02
-5.863608017e-02-5.809391734e-02-5.686218498e-02-5.488896340e-02-5.212448949e-02
-4.852340387e-02-4.404819614e-02-3.867416660e-02-3.239618707e-02-2.523742584e-02
-1.725995359e-02-8.576578687e-03 6.370803073e-04 1.019171150e-02 2.015859713e-02
 3.063501467e-02 4.175300033e-02 5.369475148e-02 6.672057398e-02 8.124569014e-02
 9.855895947e-02 1.143441837e-01 1.253309253e-01 1.280449560e-01 1.264788024e-01
 1.206788744e-01 1.123622623e-01 1.062764320e-01 1.014322797e-01 9.747149180e-02
 9.416937790e-02 9.136831354e-02 8.895368765e-02 8.684053991e-02 8.496235163e-02
 7.716850870e-04 1.747855346e-03 3.117068017e-03 4.878629488e-03 6.861147236e-03
 7.384403699e-03 5.993278160e-03 4.213759141e-03 2.216156127e-03-1.439818911e-06
-2.442553309e-03-5.099950639e-03-7.956132116e-03-1.098969695e-02-1.417532516e-02
-1.748383711e-02-2.088233866e-02-2.433445055e-02-2.780061467e-02-3.123846424e-02
-3.460323923e-02-3.784822440e-02-4.092518483e-02-4.378477369e-02-4.637689022e-02
-4.865097146e-02-5.055621082e-02-5.204170975e-02-5.305658499e-02-5.355007499e-02
-5.347171394e-02-5.277167127e-02-5.140138902e-02-4.931468709e-02-4.646954657e-02
-4.283081614e-02-3.837410961e-02-3.309115689e-02-2.699681960e-02-2.013782369e-02
-1.260294418e-02-4.534370873e-03 3.861942146e-03 1.248787106e-02 2.137142494e-02
 3.053775178e-02 4.000340679e-02 4.976145871e-02 5.974726913e-02 6.976259698e-02
 7.934412859e-02 8.773464544e-02 9.421561918e-02 9.838284916e-02 1.001927341e-01
 9.998420584e-02 9.843073389e-02 9.626288785e-02 9.394098783e-02 9.167586695e-02
 8.954911361e-02 8.758361014e-02 8.577648639e-02 8.411436351e-02 8.258114738e-02
 7.952809825e-04 1.801658207e-03 3.213885656e-03 5.031881571e-03 7.085419768e-03
 7.695537205e-03 6.405331785e-03 4.744240504e-03 2.884153400e-03 8.239482584e-04
-1.438348531e-03-3.901456127e-03-6.548821425e-03-9.360179764e-03-1.231152586e-02
-1.537516699e-02-1.851984619e-02-2.171093800e-02-2.491071372e-02-2.807866745e-02
-3.117188878e-02-3.414546406e-02-3.695288610e-02-3.954645266e-02-4.187763695e-02
-4.389741954e-02-4.555658068e-02-4.680596453e-02-4.759674363e-02-4.788073202e-02
-4.761081928e-02-4.674162543e-02-4.523050622e-02-4.303906949e-02-4.013538967e-02
-3.649712773e-02-3.211575989e-02-2.700207154e-02-2.119293692e-02-1.475926344e-02
-7.814868507e-03-5.241254903e-04 6.903695807e-03 1.445772017e-02 2.212271879e-02
 2.987216191e-02 3.766071623e-02 4.541378071e-02 5.301442344e-02 6.029189043e-02
 6.702248641e-02 7.295645184e-02 7.787064215e-02 8.162456290e-02 8.419535716e-02
 8.568128134e-02 8.627226893e-02 8.619650348e-02 8.566726580e-02 8.485326308e-02
 8.387423896e-02 8.280958234e-02 8.170956259e-02 8.060487910e-02 7.951679391e-02
 8.188288297e-04 1.855455266e-03 3.310932661e-03 5.185991786e-03 7.320104129e-03
 8.035701281e-03 6.825829150e-03 5.287094212e-03 3.570680737e-03 1.675813382e-03
-3.977643407e-04-2.650699294e-03-5.071061693e-03-7.639561679e-03-1.033344730e-02
-1.312653149e-02-1.598927822e-02-1.888895726e-02-2.178986743e-02-2.465361931e-02
-2.743946651e-02-3.010467117e-02-3.260488908e-02-3.489456006e-02-3.692729334e-02
-3.865624337e-02-4.003448160e-02-4.101538148e-02-4.155305050e-02-4.160286139e-02
-4.112215680e-02-4.007122382e-02-3.841466093e-02-3.612327705e-02-3.317668087e-02
-2.956670022e-02-2.530173719e-02-2.041209386e-02-1.495626394e-02-9.027734583e-03
-2.760702781e-03 3.661610265e-03 1.015700288e-02 1.670048922e-02 2.325854771e-02
 2.978767071e-02 3.623192083e-02 4.252052795e-02 4.856665277e-02 5.426898647e-02
 5.951795878e-02 6.420724434e-02 6.824888695e-02 7.158797874e-02 7.421218172e-02
 7.615291588e-02 7.747787074e-02 7.827747695e-02 7.864986871e-02 7.868860164e-02
 7.847523900e-02 7.807655093e-02 7.754483433e-02 7.691970038e-02 7.622461921e-02
 8.407681108e-04 1.905738893e-03 3.402021826e-03 5.331305874e-03 7.523674848e-03
 8.300306175e-03 7.227914995e-03 5.815694366e-03 4.243653230e-03 2.516502057e-03
 6.359233583e-04-1.396848211e-03-3.577355620e-03-5.887316806e-03-8.305293702e-03
-1.080666400e-02-1.336369223e-02-1.594566858e-02-1.851910191e-02-2.104796804e-02
-2.349400499e-02-2.581704621e-02-2.797538204e-02-2.992614142e-02-3.162568977e-02
-3.303004556e-02-3.409532677e-02-3.477825101e-02-3.503672721e-02-3.483059335e-02
-3.412257287e-02-3.287954341e-02-3.107421798e-02-2.868735793e-02-2.571060775e-02
-2.215006308e-02-1.803061941e-02-1.340100652e-02-8.338834172e-03-2.955663507e-03
 2.596536441e-03 8.229772661e-03 1.390900558e-02 1.959579732e-02 2.524737364e-02
 3.081605465e-02 3.624909372e-02 4.148907373e-02 4.647518187e-02 5.114563204e-02
 5.544131899e-02 5.931045471e-02 6.271351207e-02 6.562746547e-02 6.804828338e-02
 6.999097821e-02 7.148715029e-02 7.258063009e-02 7.332225990e-02 7.376490538e-02
 7.395948390e-02 7.395233833e-02 7.378389031e-02 7.348837085e-02 7.309800959e-02
 8.590836567e-04 1.947978703e-03 3.479175376e-03 5.455730143e-03 7.716823160e-03
 8.588618871e-03 7.590353739e-03 6.295611123e-03 4.862684822e-03 3.300121553e-03
 1.611212874e-03-2.009257656e-04-2.133485399e-03-4.174460973e-03-6.303570983e-03
-8.497670103e-03-1.073082898e-02-1.297443501e-02-1.519736460e-02-1.736620409e-02
-1.944551595e-02-2.139814323e-02-2.318554765e-02-2.476817881e-02-2.610587697e-02
-2.715831813e-02-2.788551973e-02-2.824843545e-02-2.820967892e-02-2.773443316e-02
-2.679161405e-02-2.535535674e-02-2.340693259e-02-2.093715470e-02-1.794940448e-02
-1.446318409e-02-1.051798465e-02-6.177384113e-03-1.533903659e-03 3.280062496e-03
 8.215149383e-03 1.322899587e-02 1.827655249e-02 2.330995988e-02 2.827970473e-02
 3.313532692e-02 3.782591370e-02 4.230143371e-02 4.651496820e-02 5.042518315e-02
 5.399845836e-02 5.721039446e-02 6.004664750e-02 6.250313416e-02 6.458565043e-02
 6.630892865e-02 6.769518052e-02 6.877224429e-02 6.957153283e-02 7.012601834e-02
 7.046846615e-02 7.063005725e-02 7.063944862e-02 7.052220819e-02 7.029957204e-02
 8.711829568e-04 1.976298165e-03 3.531933359e-03 5.542866724e-03 7.847602110e-03
 8.775022144e-03 7.864247111e-03 6.678133774e-03 5.375695821e-03 3.970449321e-03
 2.467597424e-03 8.715973575e-04-8.129453071e-04-2.581127738e-03-4.415066128e-03
-6.293150606e-03-8.191258587e-03-1.008294013e-02-1.193959123e-02-1.373067297e-02
-1.542396215e-02-1.698583381e-02-1.838157507e-02-1.957573438e-02-2.053251450e-02
-2.121622485e-02-2.159181529e-02-2.162552468e-02-2.128569102e-02-2.054376758e-02
-1.937560684e-02-1.776312456e-02-1.569632993e-02-1.317581980e-02-1.021549090e-02
-6.846044858e-03-3.118738475e-03 8.867535205e-04 5.102209086e-03 9.494802939e-03
 1.402588453e-02 1.864838283e-02 2.330403472e-02 2.792316143e-02 3.244866114e-02
 3.683017464e-02 4.101095239e-02 4.493491302e-02 4.855543899e-02 5.184101756e-02
 5.477681554e-02 5.736281167e-02 5.960995822e-02 6.153605168e-02 6.316246811e-02
 6.451210922e-02 6.560832989e-02 6.647443132e-02 6.713337769e-02 6.760754808e-02
 6.791846461e-02 6.808651063e-02 6.813067592e-02 6.806833144e-02 6.791435335e-02
 8.739278692e-04 1.983431793e-03 3.547031204e-03 5.571584624e-03 7.894510432e-03
 8.846354114e-03 7.999108187e-03 6.884523671e-03 5.715111849e-03 4.461804152e-03
 3.137495889e-03 1.748958047e-03 3.026391858e-04-1.194807311e-03-2.734232246e-03
-4.295085325e-03-5.854895874e-03-7.389317283e-03-8.872375780e-03-1.027669503e-02
-1.157374094e-02-1.273408210e-02-1.372767363e-02-1.452417115e-02-1.509328730e-02
-1.540521072e-02-1.543112348e-02-1.514385802e-02-1.451871908e-02-1.353452951e-02
-1.217493685e-02-1.042990125e-02-8.297892408e-03-5.788118057e-03-2.922918859e-03
 2.547610886e-04 3.703078438e-03 7.411321666e-03 1.136121277e-02 1.553337449e-02
 1.990643429e-02 2.440375764e-02 2.897609865e-02 3.349007209e-02 3.783258457e-02
 4.203187972e-02 4.598238139e-02 4.957004356e-02 5.272077109e-02 5.540867711e-02
 5.765368199e-02 5.950634515e-02 6.102805057e-02 6.227605826e-02 6.329684127e-02
 6.412552975e-02 6.478810933e-02 6.530416892e-02 6.568922150e-02 6.595634110e-02
 6.611717651e-02 6.618250033e-02 6.616245464e-02 6.606670348e-02 6.590823065e-02
 8.642873639e-04 1.961934543e-03 3.509699061e-03 5.515973008e-03 7.833462638e-03
 8.803161908e-03 7.938722361e-03 6.892057751e-03 5.822963016e-03 4.710353004e-03
 3.554627896e-03 2.361545164e-03 1.139002756e-03-1.039696089e-04-1.357754270e-03
-2.608887172e-03-3.835976597e-03-5.016636416e-03-6.127621748e-03-7.145086236e-03
-8.044810384e-03-8.802437530e-03-9.393715826e-03-9.794757947e-03-9.982326243e-03
-9.934160134e-03-9.629360235e-03-9.048926267e-03-8.176602785e-03-6.999848243e-03
-5.510753724e-03-3.707011790e-03-1.595901929e-03 7.991974042e-04 3.474728128e-03
 6.431788522e-03 9.668590433e-03 1.318631820e-02 1.698740120e-02 2.107688999e-02
 2.546843315e-02 2.998461440e-02 3.465854605e-02 3.949488648e-02 4.433702696e-02
 4.903482642e-02 5.333608560e-02 5.694785130e-02 5.969705379e-02 6.158083381e-02
 6.276521872e-02 6.348890809e-02 6.394575960e-02 6.425396622e-02 6.447600048e-02
 6.464121399e-02 6.476120643e-02 6.483905751e-02 6.487442430e-02 6.486615764e-02
 6.481352114e-02 6.471665626e-02 6.457665474e-02 6.439533478e-02 6.416911148e-02
 8.413027766e-04 1.909165422e-03 3.413352420e-03 5.359120710e-03 7.581005165e-03
 8.402679356e-03 7.424858122e-03 6.532290575e-03 5.620508430e-03 4.659363803e-03
 3.663609234e-03 2.647881573e-03 1.626228902e-03 6.122919721e-04-3.806573482e-04
-1.339669442e-03-2.248861955e-03-3.087632368e-03-3.835736387e-03-4.473439721e-03
-4.981735503e-03-5.342526134e-03-5.538836115e-03-5.555027595e-03-5.376989721e-03
-4.992230642e-03-4.389798825e-03-3.560498201e-03-2.498147270e-03-1.201597647e-03
 3.218568643e-04 2.079738111e-03 4.079734016e-03 6.327252596e-03 8.830329067e-03
 1.159971895e-02 1.464826548e-02 1.799126245e-02 2.164717959e-02 2.563786809e-02
 2.998403327e-02 3.468949895e-02 3.977631756e-02 4.534159882e-02 5.149145836e-02
 5.852130854e-02 6.511942065e-02 6.968636553e-02 7.188384626e-02 7.163854117e-02
 7.000569253e-02 6.866395685e-02 6.751404533e-02 6.661454193e-02 6.592109766e-02
 6.538186555e-02 6.495191547e-02 6.459572339e-02 6.428630376e-02 6.400364034e-02
 6.373318511e-02 6.346462006e-02 6.319090546e-02 6.290766170e-02 6.261601041e-02
 8.070055451e-04 1.831215663e-03 3.273389914e-03 5.137300228e-03 7.257410727e-03
 7.956193953e-03 6.855986632e-03 5.993375863e-03 5.182370161e-03 4.321092725e-03
 3.438519668e-03 2.556562141e-03 1.695024173e-03 8.719668300e-04 1.039181857e-04
-5.939557452e-04-1.207625491e-03-1.722017100e-03-2.120440333e-03-2.388196024e-03
-2.512686910e-03-2.483492061e-03-2.292613816e-03-1.934845717e-03-1.408275240e-03
-7.150893933e-04 1.415674873e-04 1.163203762e-03 2.350429596e-03 3.704032928e-03
 5.226300999e-03 6.924113617e-03 8.808479628e-03 1.089397822e-02 1.319823694e-02
 1.574247147e-02 1.855203106e-02 2.165522963e-02 2.508238312e-02 2.886676007e-02
 3.304903166e-02 3.768708508e-02 4.287173820e-02 4.874915111e-02 5.555034482e-02
 6.350137619e-02 7.069112484e-02 7.550726789e-02 7.798361770e-02 7.805630269e-02
 7.557356256e-02 7.209159569e-02 6.961205282e-02 6.784884976e-02 6.654555678e-02
 6.554634848e-02 6.475334789e-02 6.410246661e-02 6.355025306e-02 6.306641789e-02
 6.262938963e-02 6.222355768e-02 6.183747925e-02 6.146256165e-02 6.109196098e-02
 7.618967250e-04 1.730314989e-03 3.096902540e-03 4.868884712e-03 6.891719666e-03
 7.497494568e-03 6.285142627e-03 5.378531857e-03 4.528774888e-03 3.669112795e-03
 2.820083171e-03 2.005477863e-03 1.248016211e-03 5.684798125e-04-1.468957642e-05
-4.854878471e-04-8.302271624e-04-1.037236326e-03-1.096168965e-03-9.988602653e-04
-7.414521771e-04-3.223691337e-04 2.566261495e-04 9.899783218e-04 1.868385814e-03
 2.879401727e-03 4.009063205e-03 5.244175552e-03 6.573938829e-03 7.992008480e-03
 9.498322792e-03 1.109983235e-02 1.281096918e-02 1.466667122e-02 1.669108621e-02
 1.889608006e-02 2.134699076e-02 2.408547879e-02 2.715444369e-02 3.058476638e-02
 3.438277330e-02 3.858767363e-02 4.324940819e-02 4.842696373e-02 5.420054789e-02
 6.064627729e-02 6.647926543e-02 7.063307071e-02 7.306155489e-02 7.368149242e-02
 7.236109388e-02 7.009524235e-02 6.828405103e-02 6.683437847e-02 6.564763229e-02
 6.465687044e-02 6.381410996e-02 6.308434262e-02 6.244148630e-02 6.186566271e-02
 6.134139890e-02 6.085643315e-02 6.040089903e-02 5.996667376e-02 5.954373799e-02
 7.014340059e-04 1.595524262e-03 2.862051345e-03 4.512630225e-03 6.390043445e-03
 6.831141198e-03 5.509520773e-03 4.459282072e-03 3.499881912e-03 2.555359885e-03
 1.658063940e-03 8.388284295e-04 1.257830010e-04-4.568222012e-04-8.892287764e-04
-1.156152041e-03-1.246310149e-03-1.151810297e-03-8.676890927e-04-3.919108515e-04
 2.741305317e-04 1.125079120e-03 2.150569991e-03 3.334073504e-03 4.652026771e-03
 6.073845243e-03 7.563545547e-03 9.083535585e-03 1.060055320e-02 1.209253967e-02
 1.355004976e-02 1.497812012e-02 1.648078090e-02 1.801802684e-02 1.963620206e-02
 2.137000160e-02 2.331289948e-02 2.551613097e-02 2.803579646e-02 3.090758351e-02
 3.411937949e-02 3.768286905e-02 4.158237244e-02 4.575532167e-02 5.007195129e-02
 5.431076003e-02 5.816964856e-02 6.135659361e-02 6.367938346e-02 6.507639160e-02
 6.562771027e-02 6.554303577e-02 6.507574215e-02 6.442061019e-02 6.369414177e-02
 6.295943307e-02 6.224866007e-02 6.157653401e-02 6.094792668e-02 6.036225949e-02
 5.981607466e-02 5.930455211e-02 5.882240492e-02 5.836454190e-02 5.793220103e-02
 6.175729040e-04 1.408384418e-03 2.535228211e-03 4.014516287e-03 5.704009329e-03
 5.948993284e-03 4.362372899e-03 3.076087276e-03 1.893198143e-03 7.558921631e-04
-2.877748642e-04-1.192863913e-03-1.920728002e-03-2.442116453e-03-2.737949687e-03
-2.797803201e-03-2.617206832e-03-2.195048933e-03-1.531914336e-03-6.296004836e-04
 5.083071929e-04 1.874897983e-03 3.457411767e-03 5.233567964e-03 7.166791633e-03
 9.201212109e-03 1.125914539e-02 1.324613646e-02 1.506857071e-02 1.665148379e-02
 1.805619759e-02 1.926419069e-02 2.031365414e-02 2.129280934e-02 2.228116167e-02
 2.335154668e-02 2.457169899e-02 2.600950725e-02 2.773868037e-02 2.983771629e-02
 3.237516349e-02 3.538211373e-02 3.882494056e-02 4.259678561e-02 4.653042186e-02
 5.041885650e-02 5.403514059e-02 5.715788236e-02 5.961055065e-02 6.130624365e-02
 6.227152679e-02 6.262806035e-02 6.254145757e-02 6.217017555e-02 6.163801102e-02
 6.102978462e-02 6.039849253e-02 5.977473104e-02 5.917454591e-02 5.860498560e-02
 5.806774277e-02 5.756145349e-02 5.708312228e-02 5.662887181e-02 5.618725253e-02
 4.995103227e-04 1.144956491e-03 2.075822992e-03 3.316464229e-03 4.725370906e-03
 4.649263740e-03 2.726513169e-03 1.036860809e-03-5.593957179e-04-2.052699237e-03
-3.391307141e-03-4.491287239e-03-5.288371835e-03-5.748955486e-03-5.868759817e-03
-5.660943863e-03-5.142946488e-03-4.328312903e-03-3.224154443e-03-1.831935205e-03
-1.494063604e-04 1.827232543e-03 4.100563810e-03 6.666978665e-03 9.506341152e-03
 1.256127976e-02 1.570218722e-02 1.869045995e-02 2.119154194e-02 2.302182390e-02
 2.410859449e-02 2.455410632e-02 2.464855675e-02 2.462769465e-02 2.462827309e-02
 2.471212633e-02 2.490404925e-02 2.522917611e-02 2.576302144e-02 2.670100288e-02
 2.836552440e-02 3.102074065e-02 3.465228906e-02 3.897033310e-02 4.362734596e-02
 4.836266968e-02 5.293134127e-02 5.696617851e-02 5.999113538e-02 6.169869186e-02
 6.220501119e-02 6.194163520e-02 6.132268480e-02 6.058402004e-02 5.982982081e-02
 5.910181482e-02 5.841542895e-02 5.777497964e-02 5.717986481e-02 5.662719301e-02
 5.611296871e-02 5.563265473e-02 5.518148069e-02 5.475475670e-02 5.435177060e-02
 3.329469091e-04 7.701882591e-04 1.417779588e-03 2.318000329e-03 3.360800055e-03
 2.940225459e-03 7.024538982e-04-1.713110477e-03-4.073641179e-03-6.335029998e-03
-8.321570036e-03-9.824424223e-03-1.069696081e-02-1.093938846e-02-1.066113366e-02
-9.982148995e-03-8.975868750e-03-7.669567213e-03-6.063041027e-03-4.143222803e-03
-1.890769376e-03 7.198224909e-04 3.724541765e-03 7.177284618e-03 1.115937559e-02
 1.578665410e-02 2.118273151e-02 2.720689798e-02 3.234552044e-02 3.463336660e-02
 3.376242874e-02 3.137492458e-02 2.924317905e-02 2.764381057e-02 2.645808209e-02
 2.552810576e-02 2.468838726e-02 2.373491380e-02 2.234974943e-02 1.981173049e-02
 1.863609267e-02 2.108375508e-02 2.755182218e-02 3.460187040e-02 4.094345370e-02
 4.731088946e-02 5.435412548e-02 6.350739898e-02 6.899874844e-02 6.977652860e-02
 6.552058717e-02 6.237717726e-02 6.032593146e-02 5.887047768e-02 5.776231093e-02
 5.687175378e-02 5.612633107e-02 5.548309240e-02 5.491529611e-02 5.440556277e-02
 5.394208865e-02 5.351613072e-02 5.312003033e-02 5.274656198e-02 5.239196188e-02
 1.136045214e-04 2.594209672e-04 4.736586835e-04 7.892320647e-04 1.174193466e-03
 2.606894477e-04-2.389937064e-03-5.426560047e-03-8.890451273e-03-1.285516205e-02
-1.679567887e-02-1.938550121e-02-1.984496445e-02-1.868327148e-02-1.714323543e-02
-1.558485921e-02-1.394919059e-02-1.213227442e-02-1.004845269e-02-7.642354115e-03
-4.882565017e-03-1.746401446e-03 1.798757134e-03 5.816212494e-03 1.042807838e-02
 1.586813579e-02 2.261033277e-02 3.180642547e-02 4.074028357e-02 4.348726822e-02
 3.974564375e-02 3.390311796e-02 3.054399985e-02 2.836864179e-02 2.685203397e-02
 2.570552622e-02 2.473083368e-02 2.375901291e-02 2.264042742e-02 2.144544881e-02
 2.143242591e-02 2.364291935e-02 2.792422890e-02 3.328095024e-02 3.870967352e-02
 4.424919027e-02 5.006864281e-02 5.584492055e-02 6.014280058e-02 6.145207679e-02
 6.013645780e-02 5.821575653e-02 5.668637312e-02 5.552440591e-02 5.461999575e-02
 5.389393774e-02 5.329170728e-02 5.277331177e-02 5.232190412e-02 5.191275037e-02
 5.154399985e-02 5.121228287e-02 5.091575725e-02 5.062926729e-02 5.034061288e-02
-1.078984403e-04-2.689652970e-04-5.495309454e-04-1.032055723e-03-1.877883591e-03
-3.311922649e-03-5.497417624e-03-8.512890954e-03-1.253429939e-02-1.807331696e-02
-2.503034143e-02-2.895106452e-02-2.911857352e-02-2.527402906e-02-2.285993574e-02
-2.111612030e-02-1.946280048e-02-1.754744204e-02-1.518915436e-02-1.235298504e-02
-9.095278220e-03-5.496786676e-03-1.618653020e-03 2.509404565e-03 6.878170333e-03
 1.146773248e-02 1.617737608e-02 2.069159507e-02 2.439751740e-02 2.671331256e-02
 2.752187203e-02 2.730388930e-02 2.665691928e-02 2.597856762e-02 2.539884856e-02
 2.495754167e-02 2.466825497e-02 2.454144420e-02 2.465591439e-02 2.514325583e-02
 2.619391683e-02 2.794508243e-02 3.038403657e-02 3.336518229e-02 3.667103405e-02
 4.009648527e-02 4.342864572e-02 4.640855449e-02 4.876181848e-02 5.030657891e-02
 5.107691307e-02 5.128850098e-02 5.118890092e-02 5.095265592e-02 5.067047730e-02
 5.038389050e-02 5.010722278e-02 4.984327888e-02 4.959043819e-02 4.934427792e-02
 4.910083120e-02 4.886140883e-02 4.866378865e-02 4.847761997e-02 4.828482989e-02
-2.500183006e-04-5.927239729e-04-1.125325682e-03-1.903800861e-03-3.000639396e-03
-4.496107386e-03-6.464984964e-03-8.964109139e-03-1.200224534e-02-1.550700613e-02
-1.905809088e-02-2.195677742e-02-2.377987380e-02-2.479185407e-02-2.558493875e-02
-2.626932897e-02-2.633454305e-02-2.510422349e-02-2.235382357e-02-1.849218528e-02
-1.415458970e-02-9.738476844e-03-5.393463889e-03-1.162554557e-03 2.933977787e-03
 6.858918576e-03 1.053779260e-02 1.385529317e-02 1.667883701e-02 1.890995836e-02
 2.053470720e-02 2.163459841e-02 2.235000293e-02 2.282814915e-02 2.319104812e-02
 2.353017519e-02 2.391569923e-02 2.440855106e-02 2.506879423e-02 2.595628544e-02
 2.712173373e-02 2.859128708e-02 3.035346809e-02 3.235649907e-02 3.451620645e-02
 3.672796460e-02 3.887751960e-02 4.085232589e-02 4.255763104e-02 4.393550333e-02
 4.497674110e-02 4.571625195e-02 4.621401498e-02 4.653368127e-02 4.672885767e-02
 4.683860311e-02 4.688854788e-02 4.689399128e-02 4.686304731e-02 4.679923541e-02
 4.670342558e-02 4.657311306e-02 4.648254753e-02 4.638226932e-02 4.624929138e-02
-3.001180422e-04-6.959856656e-04-1.280777445e-03-2.081825996e-03-3.129937515e-03
-4.454393801e-03-6.075824202e-03-7.994077086e-03-1.017847904e-02-1.257498934e-02
-1.509938366e-02-1.768868534e-02-2.038553259e-02-2.345441602e-02-2.745801716e-02
-3.352806830e-02-4.016785982e-02-4.031674721e-02-3.408549602e-02-2.466833186e-02
-1.792365792e-02-1.241756128e-02-7.632862050e-03-3.340102359e-03 5.659558303e-04
 4.126489022e-03 7.346826363e-03 1.021422677e-02 1.271293129e-02 1.483788169e-02
 1.660459053e-02 1.805189872e-02 1.923714082e-02 2.022699823e-02 2.108867718e-02
 2.188433302e-02 2.266896496e-02 2.349030660e-02 2.438890126e-02 2.539708296e-02
 2.653654818e-02 2.781526383e-02 2.922513171e-02 3.074168765e-02 3.232627312e-02
 3.393026290e-02 3.550063207e-02 3.698626119e-02 3.834431053e-02 3.954551901e-02
 4.057694834e-02 4.144122474e-02 4.215267381e-02 4.273194977e-02 4.320096807e-02
 4.357923933e-02 4.388180685e-02 4.411848227e-02 4.429403069e-02 4.440914285e-02
 4.446212464e-02 4.444995379e-02 4.444758204e-02 4.441540757e-02 4.434410745e-02
-2.911835699e-04-6.672231196e-04-1.207944262e-03-1.924359305e-03-2.827490108e-03
-3.925961034e-03-5.223470938e-03-6.714694706e-03-8.377185153e-03-1.020898688e-02
-1.220072031e-02-1.436180342e-02-1.674159917e-02-1.945614234e-02-2.262430931e-02
-2.610473959e-02-2.871636953e-02-2.859915777e-02-2.540441929e-02-2.046919308e-02
-1.547304864e-02-1.087074336e-02-6.674483708e-03-2.850683989e-03 6.194651759e-04
 3.742359531e-03 6.523782567e-03 8.976865096e-03 1.112366226e-02 1.299298174e-02
 1.461791491e-02 1.603440808e-02 1.728036853e-02 1.839458479e-02 1.941533463e-02
 2.037895909e-02 2.131865347e-02 2.226350085e-02 2.323760792e-02 2.425920357e-02
 2.533969748e-02 2.648287460e-02 2.768451364e-02 2.893270052e-02 3.020897052e-02
 3.149023087e-02 3.275125715e-02 3.396744842e-02 3.511745267e-02 3.618524535e-02
 3.716130156e-02 3.804268178e-02 3.883210738e-02 3.953632085e-02 4.016409815e-02
 4.072418393e-02 4.122322898e-02 4.166366153e-02 4.204155685e-02 4.234539666e-02
 4.255824421e-02 4.266806087e-02 4.268047768e-02 4.265932939e-02 4.261281123e-02
-2.539615194e-04-5.778793897e-04-1.036359941e-03-1.632101573e-03-2.366868384e-03
-3.240421861e-03-4.249559606e-03-5.384877270e-03-6.626671593e-03-7.971415273e-03
-9.403700224e-03-1.089517519e-02-1.241762980e-02-1.391948021e-02-1.528389892e-02
-1.630178949e-02-1.668333453e-02-1.616789376e-02-1.467526165e-02-1.235141273e-02
-9.467304692e-03-6.286721749e-03-3.017792148e-03 1.666744955e-04 3.110792078e-03
 5.698095038e-03 7.890854340e-03 9.733141258e-03 1.130860842e-02 1.269485001e-02
 1.394618158e-02 1.509735446e-02 1.617197618e-02 1.718863270e-02 1.816398018e-02
 1.911379527e-02 2.005293877e-02 2.099483382e-02 2.195077955e-02 2.292926646e-02
 2.393539656e-02 2.497049601e-02 2.603200187e-02 2.711368503e-02 2.820623017e-02
 2.929813963e-02 3.037687285e-02 3.143009004e-02 3.244684525e-02 3.341857817e-02
 3.433978772e-02 3.520833038e-02 3.602535663e-02 3.679495381e-02 3.752357661e-02
 3.821928424e-02 3.889060849e-02 3.954436374e-02 4.018020635e-02 4.077537421e-02
 4.125141734e-02 4.148875482e-02 4.147613273e-02 4.131460053e-02 4.109837790e-02
-2.071884441e-04-4.692862880e-04-8.363421111e-04-1.306893270e-03-1.878095979e-03
-2.545111556e-03-3.300373461e-03-4.129849582e-03-5.012644724e-03-5.936261015e-03
-6.874519809e-03-7.787281032e-03-8.634443554e-03-9.356305542e-03-9.871846990e-03
-1.008364787e-02-9.890853536e-03-9.210833250e-03-7.999542360e-03-6.257231363e-03
-4.014593128e-03-1.312579095e-03 1.795371388e-03 5.159828745e-03 8.252208888e-03
 1.039754660e-02 1.151177052e-02 1.209475269e-02 1.263087554e-02 1.324953092e-02
 1.395180259e-02 1.471370483e-02 1.551377667e-02 1.633765245e-02 1.717729579e-02
 1.802930617e-02 1.889329226e-02 1.977050070e-02 2.066270957e-02 2.157136642e-02
 2.249695494e-02 2.343858368e-02 2.439379468e-02 2.535858762e-02 2.632764457e-02
 2.729472549e-02 2.825318864e-02 2.919657812e-02 3.011921661e-02 3.101674795e-02
 3.188659273e-02 3.272830867e-02 3.354388654e-02 3.433805905e-02 3.511876371e-02
 3.589800280e-02 3.669354572e-02 3.753237924e-02 3.845788564e-02 3.953907556e-02
 4.076281351e-02 4.120413728e-02 4.073748547e-02 4.003531176e-02 3.957293810e-02
-1.607559980e-04-3.628567185e-04-6.435663283e-04-9.995446462e-04-1.425897410e-03
-1.915752348e-03-2.459887599e-03-3.045751159e-03-3.640353492e-03-4.241717014e-03
-4.815430668e-03-5.326453703e-03-5.749412118e-03-6.040002165e-03-6.147723815e-03
-6.019810156e-03-5.606037683e-03-4.862027608e-03-3.750826079e-03-2.240216047e-03
-2.897498999e-04 2.177854016e-03 5.322832058e-03 9.581311888e-03 1.404339786e-02
 1.603943301e-02 1.553800313e-02 1.391746031e-02 1.343119912e-02 1.347091156e-02
 1.379149438e-02 1.427984319e-02 1.487490378e-02 1.554089936e-02 1.625601042e-02
 1.700673301e-02 1.778469170e-02 1.858465693e-02 1.940322499e-02 2.023790658e-02
 2.108649690e-02 2.194666005e-02 2.281568946e-02 2.369041896e-02 2.456726279e-02
 2.544236134e-02 2.631180614e-02 2.717191572e-02 2.801953448e-02 2.885233130e-02
 2.966908438e-02 3.046995246e-02 3.125675242e-02 3.203328867e-02 3.280581717e-02
 3.358378572e-02 3.438109999e-02 3.521840598e-02 3.612781293e-02 3.717484530e-02
 3.838421024e-02 3.880846505e-02 3.839661974e-02 3.786282920e-02 3.747299530e-02
-1.193044072e-04-2.685161745e-04-4.743344040e-04-7.329539644e-04-1.039175906e-03
-1.386171184e-03-1.765020580e-03-2.160701699e-03-2.549007597e-03-2.914983178e-03
-3.235971589e-03-3.493143594e-03-3.669895376e-03-3.738575367e-03-3.653391358e-03
-3.368276930e-03-2.882951087e-03-2.172660464e-03-1.214496485e-03 8.538575532e-06
 1.507119355e-03 3.282016696e-03 5.289951788e-03 7.394808071e-03 9.304696774e-03
 1.070685050e-02 1.151546519e-02 1.192335037e-02 1.221535979e-02 1.254542389e-02
 1.295603315e-02 1.344639486e-02 1.400416549e-02 1.461604755e-02 1.527072496e-02
 1.595930544e-02 1.667500726e-02 1.741266644e-02 1.816825987e-02 1.893850808e-02
 1.972056559e-02 2.051178888e-02 2.130957772e-02 2.211128985e-02 2.291422490e-02
 2.371566740e-02 2.451297563e-02 2.530370060e-02 2.608571993e-02 2.685737117e-02
 2.761757116e-02 2.836590771e-02 2.910268758e-02 2.982891360e-02 3.054613420e-02
 3.125603492e-02 3.195946912e-02 3.265422340e-02 3.332994857e-02 3.395784348e-02
 3.447895679e-02 3.482419284e-02 3.497633960e-02 3.498739362e-02 3.492888524e-02
-8.445787620e-05-1.895465731e-04-3.335205576e-04-5.128103153e-04-7.227876063e-04
-9.578472649e-04-1.211703183e-03-1.475092503e-03-1.722225487e-03-1.907923414e-03
-2.056065938e-03-2.155911612e-03-2.190122801e-03-2.145898736e-03-1.953748488e-03
-1.628659443e-03-1.164317494e-03-5.492990018e-04 2.235379818e-04 1.154038824e-03
 2.231883154e-03 3.431927059e-03 4.707488584e-03 5.990548549e-03 7.202099069e-03
 8.275595711e-03 9.182494575e-03 9.939561565e-03 1.059226002e-02 1.118968265e-02
 1.176903482e-02 1.235289732e-02 1.295267610e-02 1.357284113e-02 1.421410547e-02
 1.487532171e-02 1.555454529e-02 1.624949630e-02 1.695771086e-02 1.767675693e-02
 1.840438809e-02 1.913850601e-02 1.987705154e-02 2.061795978e-02 2.135916891e-02
 2.209861671e-02 2.283430489e-02 2.356432551e-02 2.428691584e-02 2.500050187e-02
 2.570369081e-02 2.639527229e-02 2.707410581e-02 2.773895446e-02 2.838816630e-02
 2.901916570e-02 2.962770446e-02 3.020682480e-02 3.074585901e-02 3.123022840e-02
 3.164347124e-02 3.197221741e-02 3.221148974e-02 3.236578298e-02 3.244962551e-02
-5.629707772e-05-1.258601975e-04-2.202822458e-04-3.363164284e-04-4.697474708e-04
-6.153584885e-04-7.668436187e-04-9.170764206e-04-1.046143137e-03-1.139597340e-03
-1.187290298e-03-1.195422998e-03-1.135483788e-03-1.007772219e-03-7.966055059e-04
-4.851176896e-04-8.413315434e-05 4.345277234e-04 1.046837955e-03 1.758397433e-03
 2.559738669e-03 3.417518394e-03 4.336082202e-03 5.255403900e-03 6.165579605e-03
 7.035640788e-03 7.841356724e-03 8.606790605e-03 9.305749778e-03 9.979072960e-03
 1.062302946e-02 1.124817059e-02 1.188398015e-02 1.250449918e-02 1.314977672e-02
 1.379297663e-02 1.444410023e-02 1.511508534e-02 1.577895496e-02 1.646544563e-02
 1.714447828e-02 1.783051266e-02 1.852239642e-02 1.920249760e-02 1.990009936e-02
 2.058023814e-02 2.126487150e-02 2.194285947e-02 2.260422368e-02 2.327328661e-02
 2.391522901e-02 2.455871023e-02 2.518246048e-02 2.578529628e-02 2.638283083e-02
 2.694303630e-02 2.749249230e-02 2.800521746e-02 2.847622182e-02 2.891886151e-02
 2.929690157e-02 2.963616308e-02 2.991462306e-02 3.013088758e-02 3.030667332e-02
 0.151287821E+01 0.152906599E+01 0.154386390E+01 0.155923543E+01 0.157495793E+01
 0.159103256E+01 0.160747862E+01 0.162431835E+01 0.164158687E+01 0.165932155E+01
 0.167755602E+01 0.169633751E+01 0.171571087E+01 0.173571124E+01 0.175637923E+01
 0.177778002E+01 0.179996812E+01 0.182298552E+01 0.184687561E+01 0.187171284E+01
 0.189757241E+01 0.192451969E+01 0.195261496E+01 0.198192118E+01 0.201253666E+01
 0.204456437E+01 0.207809576E+01 0.211322885E+01 0.215006333E+01 0.218871645E+01
 0.222934419E+01 0.227209676E+01 0.231712897E+01 0.236460518E+01 0.241470643E+01
 0.246765049E+01 0.252369738E+01 0.258310899E+01 0.264617368E+01 0.271321498E+01
 0.278459376E+01 0.286072590E+01 0.294210231E+01 0.302927140E+01 0.312284713E+01
 0.322352832E+01 0.333213256E+01 0.344962483E+01 0.357712138E+01 0.371593998E+01
 0.386766067E+01 0.403417503E+01 0.421775940E+01 0.442121510E+01 0.464807377E+01
 0.490282129E+01 0.519133122E+01 0.552139999E+01 0.590349894E+01 0.635285431E+01
 0.689297321E+01 0.756379744E+01 0.844390296E+01 0.974496570E+01 0.166913641E+02
  361   98
 0.576974096E+00 0.119576203E+01 0.570520157E+00 0.118170560E+01 0.564059002E+00
 0.116765249E+01 0.557607753E+00 0.115359483E+01 0.551170542E+00 0.113953074E+01
 0.544752091E+00 0.112545807E+01 0.538359802E+00 0.111137351E+01 0.532004882E+00
 0.109727204E+01 0.525699639E+00 0.108314830E+01 0.519452311E+00 0.106899885E+01
 0.513268611E+00 0.105482147E+01 0.507153943E+00 0.104061419E+01 0.501115317E+00
 0.102637443E+01 0.495159504E+00 0.101209983E+01 0.489290593E+00 0.997789284E+00
 0.483510425E+00 0.983442665E+00 0.477820181E+00 0.969060144E+00 0.472222364E+00
 0.954641400E+00 0.466719921E+00 0.940185992E+00 0.461314223E+00 0.925694128E+00
 0.456004361E+00 0.911166874E+00 0.450788275E+00 0.896605685E+00 0.445665444E+00
 0.882011428E+00 0.440638149E+00 0.867383987E+00 0.435708199E+00 0.852723452E+00
 0.430875429E+00 0.838030594E+00 0.426138081E+00 0.823306692E+00 0.421494480E+00
 0.808552956E+00 0.416945829E+00 0.793769671E+00 0.412494825E+00 0.778956695E+00
 0.408143889E+00 0.764114020E+00 0.403894624E+00 0.749241918E+00 0.399747013E+00
 0.734341147E+00 0.395699934E+00 0.719412756E+00 0.391752530E+00 0.704457700E+00
 0.387904856E+00 0.689476676E+00 0.384157998E+00 0.674470119E+00 0.380513272E+00
 0.659438432E+00 0.376971700E+00 0.644382107E+00 0.373533830E+00 0.629301766E+00
 0.370199707E+00 0.614198148E+00 0.366968492E+00 0.599072179E+00 0.363838516E+00
 0.583924937E+00 0.360808417E+00 0.568757399E+00 0.357877367E+00 0.553570409E+00
 0.355044948E+00 0.538364714E+00 0.352310813E+00 0.523141040E+00 0.349674599E+00
 0.507900105E+00 0.347135906E+00 0.492642622E+00 0.344694254E+00 0.477369309E+00
 0.342348461E+00 0.462080978E+00 0.340096171E+00 0.446778592E+00 0.337935043E+00
 0.431463065E+00 0.335862965E+00 0.416135235E+00 0.333878144E+00 0.400795861E+00
 0.331979335E+00 0.385445602E+00 0.330165703E+00 0.370085047E+00 0.328436587E+00
 0.354714748E+00 0.326791328E+00 0.339335247E+00 0.325229030E+00 0.323947096E+00
 0.323748518E+00 0.308550861E+00 0.322348786E+00 0.293147072E+00 0.321029029E+00
 0.277736224E+00 0.319788543E+00 0.262318793E+00 0.318626283E+00 0.246895266E+00
 0.317541125E+00 0.231466123E+00 0.316532077E+00 0.216031816E+00 0.315598277E+00
 0.200592772E+00 0.314738802E+00 0.185149413E+00 0.313952591E+00 0.169702150E+00
 0.313238715E+00 0.154251375E+00 0.312596403E+00 0.138797459E+00 0.312025043E+00
 0.123340757E+00 0.311524179E+00 0.107881610E+00 0.311093494E+00 0.924203489E-01
 0.310732800E+00 0.769572964E-01 0.310442024E+00 0.614927712E-01 0.310220847E+00
 0.460270938E-01 0.310068691E+00 0.305605831E-01 0.309985107E+00 0.150935498E-01
 0.309969789E+00-0.373701875E-03 0.310022542E+00-0.158408712E-01 0.310143203E+00
-0.313076599E-01 0.310331723E+00-0.467737703E-01 0.310588187E+00-0.622389032E-01
 0.310912828E+00-0.777027551E-01 0.311306015E+00-0.931650159E-01 0.311768259E+00
-0.108625366E+00 0.312300224E+00-0.124083474E+00 0.312902721E+00-0.139538993E+00
 0.313576545E+00-0.154991567E+00 0.314322178E+00-0.170440842E+00 0.315140160E+00
-0.185886455E+00 0.316031180E+00-0.201328027E+00 0.316996082E+00-0.216765158E+00
 0.318035831E+00-0.232197428E+00 0.319151518E+00-0.247624394E+00 0.320344373E+00
-0.263045584E+00 0.321615753E+00-0.278460498E+00 0.322966868E+00-0.293868628E+00
 0.324398494E+00-0.309269486E+00 0.325911448E+00-0.324662566E+00 0.327506662E+00
-0.340047339E+00 0.329185154E+00-0.355423249E+00 0.330947724E+00-0.370789748E+00
 0.332795167E+00-0.386146273E+00 0.334728509E+00-0.401492220E+00 0.336749136E+00
-0.416826917E+00 0.338858726E+00-0.432149629E+00 0.341059164E+00-0.447459557E+00
 0.343352491E+00-0.462755846E+00 0.345740915E+00-0.478037574E+00 0.348226648E+00
-0.493303774E+00 0.350810809E+00-0.508553622E+00 0.353493904E+00-0.523786373E+00
 0.356276345E+00-0.539001292E+00 0.359158483E+00-0.554197640E+00 0.362140804E+00
-0.569374644E+00 0.365224221E+00-0.584531432E+00 0.368410211E+00-0.599666990E+00
 0.371700742E+00-0.614780164E+00 0.375097954E+00-0.629869715E+00 0.378602706E+00
-0.644934651E+00 0.382214734E+00-0.659974227E+00 0.385933209E+00-0.674987839E+00
 0.389756853E+00-0.689975013E+00 0.393684459E+00-0.704935278E+00 0.397715907E+00
-0.719867895E+00 0.401852395E+00-0.734771756E+00 0.406095548E+00-0.749645599E+00
 0.410446794E+00-0.764488180E+00 0.414906125E+00-0.779298647E+00 0.419472233E+00
-0.794076544E+00 0.424143630E+00-0.808821498E+00 0.428919546E+00-0.823532929E+00
 0.433801281E+00-0.838209585E+00 0.438791631E+00-0.852849664E+00 0.443892573E+00
-0.867451577E+00 0.449104221E+00-0.882014346E+00 0.454425153E+00-0.896537541E+00
 0.459855559E+00-0.911020156E+00 0.465401009E+00-0.925459107E+00 0.471067800E+00
-0.939850865E+00 0.476860419E+00-0.954192438E+00 0.482781091E+00-0.968481621E+00
 0.488832829E+00-0.982715786E+00 0.495024083E+00-0.996889816E+00 0.501366193E+00
-0.101099698E+01 0.507870871E+00-0.102502991E+01 0.514550774E+00-0.103898027E+01
 0.521425284E+00-0.105283574E+01 0.528529353E+00-0.106657485E+01 0.535915414E+00
-0.108016433E+01 0.543659491E+00-0.109355280E+01 0.551878439E+00-0.110665460E+01
 0.560771626E+00-0.111930704E+01 0.570680063E+00-0.113117701E+01 0.582112727E+00
-0.114157415E+01 0.595486726E+00-0.114927897E+01 0.610406920E+00-0.115321637E+01
 0.625846855E+00-0.115375768E+01 0.641218794E+00-0.115210109E+01 0.656402063E+00
-0.114916212E+01 0.671418817E+00-0.114545977E+01 0.686308911E+00-0.114127523E+01
 0.701104212E+00-0.113676636E+01 0.715826165E+00-0.113202321E+01 0.730488791E+00
-0.112709962E+01 0.745100257E+00-0.112202615E+01 0.759665291E+00-0.111682087E+01
 0.774186017E+00-0.111149322E+01 0.788664001E+00-0.110605048E+01 0.803098471E+00
-0.110049337E+01 0.817485937E+00-0.109481570E+01 0.831818597E+00-0.108900110E+01
 0.846083342E+00-0.108302190E+01 0.860265220E+00-0.107684879E+01 0.874350254E+00
-0.107045786E+01 0.888324848E+00-0.106382897E+01 0.902175408E+00-0.105694474E+01
 0.915889820E+00-0.104979316E+01 0.929461939E+00-0.104237507E+01 0.942891042E+00
-0.103470108E+01 0.956173048E+00-0.102677525E+01 0.969293972E+00-0.101858556E+01
 0.982235771E+00-0.101011569E+01 0.994981903E+00-0.100135417E+01 0.100752000E+01
-0.992297446E+00 0.101984629E+01-0.982954473E+00 0.103196762E+01-0.973347004E+00
 0.104389595E+01-0.963500884E+00 0.105563904E+01-0.953434538E+00 0.106719177E+01
-0.943150298E+00 0.107854035E+01-0.932641244E+00 0.108967329E+01-0.921904003E+00
 0.110058953E+01-0.910946502E+00 0.111130432E+01-0.899791873E+00 0.112183803E+01
-0.888466056E+00 0.113219229E+01-0.876975989E+00 0.114234132E+01-0.865304290E+00
 0.115226196E+01-0.853437882E+00 0.116194557E+01-0.841377267E+00 0.117139952E+01
-0.829135770E+00 0.118063331E+01-0.816727352E+00 0.118963799E+01-0.804151724E+00
 0.119838578E+01-0.791396110E+00 0.120685795E+01-0.778455799E+00 0.121505167E+01
-0.765337398E+00 0.122296737E+01-0.752049397E+00 0.123059325E+01-0.738593002E+00
 0.123791162E+01-0.724966946E+00 0.124491132E+01-0.711174489E+00 0.125158688E+01
-0.697222267E+00 0.125793422E+01-0.683117700E+00 0.126395140E+01-0.668869147E+00
 0.126964002E+01-0.654486254E+00 0.127500573E+01-0.639979787E+00 0.128005414E+01
-0.625359858E+00 0.128478943E+01-0.610635520E+00 0.128922161E+01-0.595817097E+00
 0.129337001E+01-0.580916705E+00 0.129726015E+01-0.565946777E+00 0.130092103E+01
-0.550919101E+00 0.130438115E+01-0.535843911E+00 0.130766246E+01-0.520728774E+00
 0.131078332E+01-0.505579682E+00 0.131376251E+01-0.490402080E+00 0.131662021E+01
-0.475201122E+00 0.131938031E+01-0.459982129E+00 0.132207053E+01-0.444750618E+00
 0.132471917E+01-0.429511816E+00 0.132735480E+01-0.414270756E+00 0.133000426E+01
-0.399032095E+00 0.133268343E+01-0.383798634E+00 0.133540416E+01-0.368572540E+00
 0.133817769E+01-0.353355980E+00 0.134101527E+01-0.338151237E+00 0.134392108E+01
-0.322959382E+00 0.134688890E+01-0.307779521E+00 0.134991251E+01-0.292610671E+00
 0.135298644E+01-0.277451936E+00 0.135610518E+01-0.262302356E+00 0.135925905E+01
-0.247160048E+00 0.136243498E+01-0.232022350E+00 0.136561654E+01-0.216885835E+00
 0.136878153E+01-0.201745849E+00 0.137190140E+01-0.186596505E+00 0.137494315E+01
-0.171431298E+00 0.137787104E+01-0.156243717E+00 0.138064702E+01-0.141027664E+00
 0.138323227E+01-0.125778081E+00 0.138559751E+01-0.110492853E+00 0.138771746E+01
-0.951717086E-01 0.138956555E+01-0.798154336E-01 0.139111438E+01-0.644261320E-01
 0.139234049E+01-0.490077883E-01 0.139322881E+01-0.335663204E-01 0.139376713E+01
-0.181087094E-01 0.139394591E+01-0.264277400E-02 0.139375985E+01 0.128230740E-01
 0.139321433E+01 0.282804340E-01 0.139232084E+01 0.437216089E-01 0.139109350E+01
 0.591398620E-01 0.138954849E+01 0.745295531E-01 0.138770801E+01 0.898867478E-01
 0.138560079E+01 0.105209656E+00 0.138325484E+01 0.120497863E+00 0.138069643E+01
 0.135751980E+00 0.137795212E+01 0.150973779E+00 0.137505902E+01 0.166168028E+00
 0.137205628E+01 0.181341010E+00 0.136898068E+01 0.196499403E+00 0.136586622E+01
 0.211649866E+00 0.136274196E+01 0.226798314E+00 0.135962930E+01 0.241949147E+00
 0.135654355E+01 0.257105482E+00 0.135349654E+01 0.272269651E+00 0.135049755E+01
 0.287443388E+00 0.134755069E+01 0.302627336E+00 0.134465871E+01 0.317821830E+00
 0.134182525E+01 0.333027344E+00 0.133905473E+01 0.348244451E+00 0.133634543E+01
 0.363472580E+00 0.133368460E+01 0.378709256E+00 0.133105899E+01 0.393952044E+00
 0.132845505E+01 0.409198548E+00 0.132585755E+01 0.424446152E+00 0.132324104E+01
 0.439690502E+00 0.132057513E+01 0.454926284E+00 0.131782925E+01 0.470147847E+00
 0.131497289E+01 0.485349048E+00 0.131197836E+01 0.500523618E+00 0.130882373E+01
 0.515665699E+00 0.130548932E+01 0.530769192E+00 0.130195661E+01 0.545827520E+00
 0.129820550E+01 0.560832907E+00 0.129420952E+01 0.575774913E+00 0.128994033E+01
 0.590641127E+00 0.128537295E+01 0.605418416E+00 0.128048889E+01 0.620094054E+00
 0.127527802E+01 0.634656842E+00 0.126973676E+01 0.649097141E+00 0.126386073E+01
 0.663404468E+00 0.125764624E+01 0.677568055E+00 0.125109567E+01 0.691579383E+00
 0.124421615E+01 0.705432173E+00 0.123701471E+01 0.719120378E+00 0.122949750E+01
 0.732637755E+00 0.122167900E+01 0.745983170E+00 0.121358613E+01 0.759164057E+00
 0.120524491E+01 0.772189225E+00 0.119665782E+01 0.785053619E+00 0.118782247E+01
 0.797748785E+00 0.117874930E+01 0.810275114E+00 0.116946163E+01 0.822643277E+00
 0.115997913E+01 0.834862731E+00 0.115030468E+01 0.846930770E+00 0.114043199E+01
 0.858837164E+00 0.113035862E+01 0.870574262E+00 0.112009385E+01 0.882144363E+00
 0.110965498E+01 0.893557666E+00 0.109904908E+01 0.904815909E+00 0.108826476E+01
 0.915903331E+00 0.107728598E+01 0.926798197E+00 0.106610243E+01 0.937482731E+00
 0.105471367E+01 0.947948263E+00 0.104312960E+01 0.958197205E+00 0.103136357E+01
 0.968236748E+00 0.101941782E+01 0.978061733E+00 0.100727749E+01 0.987645157E+00
 0.994928532E+00 0.996958153E+00 0.982369100E+00 0.100598528E+01 0.969607931E+00
 0.101472492E+01 0.956659432E+00 0.102318459E+01 0.943544358E+00 0.103138371E+01
 0.930283092E+00 0.103934427E+01 0.916881426E+00 0.104706608E+01 0.903337711E+00
 0.105453592E+01 0.889656121E+00 0.106175015E+01 0.875848305E+00 0.106871979E+01
 0.861928148E+00 0.107546233E+01 0.847910538E+00 0.108199991E+01 0.833811276E+00
 0.108835956E+01 0.819648029E+00 0.109457547E+01 0.805437739E+00 0.110068312E+01
 0.791191508E+00 0.110670648E+01 0.776915484E+00 0.111265889E+01 0.762614689E+00
 0.111855156E+01 0.748293345E+00 0.112439410E+01 0.733956529E+00 0.113019859E+01
 0.719609753E+00 0.113597842E+01 0.705258756E+00 0.114174777E+01 0.690909555E+00
 0.114752157E+01 0.676568221E+00 0.115331489E+01 0.662241544E+00 0.115914435E+01
 0.647936417E+00 0.116502648E+01 0.633661913E+00 0.117098252E+01 0.619425575E+00
 0.117702920E+01 0.605231686E+00 0.118317486E+01 0.591078879E+00 0.118941456E+01
 0.576974096E+00 0.119576203E+01
 0.156441580E+01 0.156423520E+01 0.173298350E+01 0.167901950E+01 0.134847970E+01
 0.206041340E+01 0.108819530E+01 0.205946000E+01 0.902253030E+00 0.187565310E+01
 0.903668760E+00 0.187424170E+01 0.533866470E+00 0.150285580E+01 0.538010660E+00
 0.149874330E+01 0.332797140E+00 0.129708960E+01 0.332797140E+00 0.109400000E+01
 0.334795920E+00 0.109400000E+01 0.303115250E+00 0.847500000E+00 0.305114030E+00
 0.847500000E+00 0.269135950E+00 0.565000000E+00 0.271134730E+00 0.565000000E+00
 0.260841000E+00 0.495257700E+00 0.260841000E+00-0.507257700E+00 0.271134730E+00
-0.576999960E+00 0.269135950E+00-0.576999960E+00 0.305114030E+00-0.859500000E+00
 0.303115250E+00-0.859500000E+00 0.334795920E+00-0.110600010E+01 0.332797140E+00
-0.110600010E+01 0.332797140E+00-0.130908970E+01 0.538598100E+00-0.150990190E+01
 0.534468950E+00-0.151402960E+01 0.905629600E+00-0.188405800E+01 0.904219000E+00
-0.188547470E+01 0.108819530E+01-0.206614000E+01 0.134847970E+01-0.206518650E+01
 0.173017910E+01-0.168098580E+01 0.156441580E+01-0.156883530E+01 0.137999130E+01
-0.157688300E+01 0.137989190E+01-0.157672700E+01 0.119622210E+01-0.158474990E+01
 0.119631650E+01-0.158489800E+01 0.105537410E+01-0.159104840E+01 0.105528350E+01
-0.159090630E+01 0.947502500E+00-0.159561420E+01 0.905686400E+00-0.159556230E+01
 0.899143000E+00-0.159478470E+01 0.883387860E+00-0.159026430E+01 0.867681200E+00
-0.158087360E+01 0.851322350E+00-0.156766880E+01 0.833481900E+00-0.154624210E+01
 0.826062560E+00-0.152875240E+01 0.822677700E+00-0.151516830E+01 0.821022750E+00
-0.149624060E+01 0.820691350E+00-0.147724350E+01 0.822887360E+00-0.144582030E+01
 0.827573000E+00-0.141923050E+01 0.839194600E+00-0.138728100E+01 0.855244300E+00
-0.135284130E+01 0.877566500E+00-0.132209860E+01 0.899473500E+00-0.130017830E+01
 0.118567730E+01-0.101380000E+01 0.127900000E+01-0.842300000E+00 0.129600000E+01
-0.820200000E+00 0.143300000E+01-0.820200000E+00 0.143300000E+01-0.711000000E+00
 0.149000000E+01-0.491000000E+00 0.146000000E+01-0.491000000E+00 0.146000000E+01
-0.233000000E+00 0.166100000E+01-0.233000000E+00 0.166100000E+01 0.226000000E+00
 0.146000000E+01 0.226000000E+00 0.146000000E+01 0.481000000E+00 0.149300000E+01
 0.481000000E+00 0.147400000E+01 0.554000000E+00 0.143300000E+01 0.711000000E+00
 0.143300000E+01 0.815600000E+00 0.129600000E+01 0.815600000E+00 0.127900000E+01
 0.837699950E+00 0.118567730E+01 0.100920000E+01 0.899473500E+00 0.129557820E+01
 0.877566500E+00 0.131749860E+01 0.855244300E+00 0.134824120E+01 0.839194600E+00
 0.138268090E+01 0.827573000E+00 0.141463040E+01 0.822887360E+00 0.144122030E+01
 0.820691350E+00 0.147264350E+01 0.821022750E+00 0.149164060E+01 0.822677700E+00
 0.151056830E+01 0.826062560E+00 0.152415240E+01 0.833481900E+00 0.154164210E+01
 0.851322350E+00 0.156306870E+01 0.867681200E+00 0.157627360E+01 0.883387860E+00
 0.158566430E+01 0.899143000E+00 0.159018470E+01 0.905686400E+00 0.159096230E+01
 0.947502500E+00 0.159101410E+01 0.105528350E+01 0.158630620E+01 0.105537410E+01
 0.158644830E+01 0.119631650E+01 0.158029800E+01 0.119622210E+01 0.158014990E+01
 0.137989190E+01 0.157212700E+01 0.137999130E+01 0.157228290E+01 0.156441580E+01
 0.156423520E+01
    0
