EFIT++      MAST # 47052 # 760ms                   0  65  65
 0.194000000E+01 0.440000000E+01 0.800000000E+00 0.600000000E-01 0.000000000E+00
 0.982852407E+00 0.942523144E-03-0.625953073E-01 0.933914377E-02-0.654674582E+00
 0.745794224E+06-0.625953073E-01 0.000000000E+00 0.982852407E+00 0.000000000E+00
 0.942523144E-03 0.000000000E+00 0.933914377E-02 0.000000000E+00 0.000000000E+00
-0.544519262E+00-0.544033924E+00-0.543548855E+00-0.543064278E+00-0.542580419E+00
-0.542097501E+00-0.541615750E+00-0.541135394E+00-0.540656658E+00-0.540179773E+00
-0.539704965E+00-0.539232466E+00-0.538762505E+00-0.538295314E+00-0.537831125E+00
-0.537370170E+00-0.536912683E+00-0.536458899E+00-0.536009052E+00-0.535563378E+00
-0.535122113E+00-0.534685494E+00-0.534253760E+00-0.533827148E+00-0.533405897E+00
-0.532990247E+00-0.532580438E+00-0.532176710E+00-0.531779306E+00-0.531388466E+00
-0.531004432E+00-0.530627448E+00-0.530257756E+00-0.529895601E+00-0.529541224E+00
-0.529194872E+00-0.528856787E+00-0.528527215E+00-0.528206400E+00-0.527894588E+00
-0.527592024E+00-0.527298952E+00-0.527015619E+00-0.526742268E+00-0.526479146E+00
-0.526226498E+00-0.525984568E+00-0.525753601E+00-0.525533842E+00-0.525325535E+00
-0.525128924E+00-0.524944252E+00-0.524771762E+00-0.524611697E+00-0.524464299E+00
-0.524329808E+00-0.524208466E+00-0.524100513E+00-0.524006186E+00-0.523925725E+00
-0.523859367E+00-0.523807347E+00-0.523769901E+00-0.523747263E+00-0.523739665E+00
 0.259334156E+05 0.253280287E+05 0.247227887E+05 0.241179961E+05 0.235139512E+05
 0.229109545E+05 0.223093063E+05 0.217093070E+05 0.211112570E+05 0.205154567E+05
 0.199222063E+05 0.193318064E+05 0.187445573E+05 0.181607593E+05 0.175807129E+05
 0.170047185E+05 0.164330763E+05 0.158660868E+05 0.153040504E+05 0.147472674E+05
 0.141960383E+05 0.136506633E+05 0.131114430E+05 0.125786776E+05 0.120526676E+05
 0.115337132E+05 0.110221150E+05 0.105181733E+05 0.100221884E+05 0.953446073E+04
 0.905529070E+04 0.858497867E+04 0.812382501E+04 0.767213011E+04 0.723019435E+04
 0.679831810E+04 0.637680174E+04 0.596594565E+04 0.556605022E+04 0.517741581E+04
 0.480034282E+04 0.443513162E+04 0.408208258E+04 0.374149609E+04 0.341367253E+04
 0.309891228E+04 0.279751571E+04 0.250978320E+04 0.223601514E+04 0.197651190E+04
 0.173157387E+04 0.150150142E+04 0.128659492E+04 0.108715477E+04 0.903481338E+03
 0.735875003E+03 0.584636146E+03 0.450065147E+03 0.332462383E+03 0.232128235E+03
 0.149363082E+03 0.844673023E+02 0.377412761E+02 0.948538222E+01 0.000000000E+00
-0.235155401E+00-0.234869391E+00-0.234475817E+00-0.233974678E+00-0.233365973E+00
-0.232649704E+00-0.231825870E+00-0.230894472E+00-0.229855508E+00-0.228708979E+00
-0.227454886E+00-0.226093228E+00-0.224624004E+00-0.223047216E+00-0.221362863E+00
-0.219570945E+00-0.217671463E+00-0.215664415E+00-0.213549803E+00-0.211327625E+00
-0.208997883E+00-0.206560576E+00-0.204015704E+00-0.201363267E+00-0.198603266E+00
-0.195735699E+00-0.192760568E+00-0.189677871E+00-0.186487610E+00-0.183189784E+00
-0.179784393E+00-0.176271437E+00-0.172650917E+00-0.168922831E+00-0.165087181E+00
-0.161143965E+00-0.157093185E+00-0.152934840E+00-0.148668930E+00-0.144295455E+00
-0.139814415E+00-0.135225811E+00-0.130529641E+00-0.125725907E+00-0.120814608E+00
-0.115795744E+00-0.110669315E+00-0.105435321E+00-0.100093762E+00-0.946446387E-01
-0.890879503E-01-0.834236970E-01-0.776518788E-01-0.717724957E-01-0.657855477E-01
-0.596910349E-01-0.534889572E-01-0.471793146E-01-0.407621071E-01-0.342373348E-01
-0.276049976E-01-0.208650955E-01-0.140176285E-01-0.706259671E-02 0.000000000E+00
-0.538588421E+06-0.538591259E+06-0.538326850E+06-0.537795195E+06-0.536996292E+06
-0.535930142E+06-0.534596745E+06-0.532996101E+06-0.531128210E+06-0.528993072E+06
-0.526590687E+06-0.523921055E+06-0.520984175E+06-0.517780049E+06-0.514308676E+06
-0.510570055E+06-0.506564188E+06-0.502291073E+06-0.497750711E+06-0.492943103E+06
-0.487868247E+06-0.482526144E+06-0.476916794E+06-0.471040197E+06-0.464896353E+06
-0.458485262E+06-0.451806924E+06-0.444861339E+06-0.437648506E+06-0.430168427E+06
-0.422421101E+06-0.414406527E+06-0.406124707E+06-0.397575639E+06-0.388759324E+06
-0.379675763E+06-0.370324954E+06-0.360706898E+06-0.350821595E+06-0.340669045E+06
-0.330249248E+06-0.319562204E+06-0.308607913E+06-0.297386374E+06-0.285897589E+06
-0.274141557E+06-0.262118277E+06-0.249827751E+06-0.237269977E+06-0.224444957E+06
-0.211352689E+06-0.197993174E+06-0.184366413E+06-0.170472404E+06-0.156311148E+06
-0.141882645E+06-0.127186895E+06-0.112223898E+06-0.969936534E+05-0.814961621E+05
-0.657314238E+05-0.496994385E+05-0.334002060E+05-0.168337266E+05 0.000000000E+00
-4.894051129e-06-9.846503113e-06-1.443335546e-05-1.622051474e-05-1.201517290e-05
 2.142885266e-06 3.096733055e-05 7.980082780e-05 1.648479145e-04 3.147497569e-04
 5.175559042e-04 7.801650180e-04 1.119136812e-03 1.544321042e-03 2.069841802e-03
 2.707149155e-03 3.455038426e-03 4.322545246e-03 5.300605419e-03 6.384911759e-03
 7.560873003e-03 8.798086374e-03 1.007259916e-02 1.133372062e-02 1.254853994e-02
 1.368187074e-02 1.471171034e-02 1.564898125e-02 1.649408935e-02 1.728136413e-02
 1.802563936e-02 1.874493393e-02 1.946355539e-02 2.017501573e-02 2.090320020e-02
 2.163724161e-02 2.238276495e-02 2.314573824e-02 2.390870087e-02 2.470740030e-02
 2.550822881e-02 2.632713329e-02 2.716360449e-02 2.799541780e-02 2.885853573e-02
 2.971042826e-02 3.058050493e-02 3.145507993e-02 3.231978242e-02 3.320987490e-02
 3.407516881e-02 3.495866455e-02 3.582840749e-02 3.668079084e-02 3.754037969e-02
 3.835120789e-02 3.915549515e-02 3.990532013e-02 4.058589228e-02 4.121847177e-02
 4.173029346e-02 4.217006121e-02 4.249633226e-02 4.270987667e-02 4.287038721e-02
-2.452374908e-05-5.438227197e-05-9.393039375e-05-1.406696167e-04-1.912200482e-04
-2.412651610e-04-2.855023733e-04-3.154655725e-04-3.133171774e-04-2.386712925e-04
-1.096176582e-04 8.558093498e-05 3.618018697e-04 7.204363535e-04 1.269142205e-03
 1.966119988e-03 2.818526146e-03 3.839567604e-03 5.038288270e-03 6.415065887e-03
 7.958082598e-03 9.636705131e-03 1.138872369e-02 1.311940856e-02 1.471463324e-02
 1.607748720e-02 1.717094055e-02 1.802963999e-02 1.873062864e-02 1.935192930e-02
 1.994969760e-02 2.055649578e-02 2.118816661e-02 2.185076841e-02 2.254528812e-02
 2.327035376e-02 2.402372994e-02 2.480314018e-02 2.560667901e-02 2.643269289e-02
 2.727941788e-02 2.814500682e-02 2.902761181e-02 2.992543038e-02 3.083675114e-02
 3.175995160e-02 3.269356773e-02 3.363630879e-02 3.458709483e-02 3.554507307e-02
 3.650953924e-02 3.747984435e-02 3.845508668e-02 3.943363789e-02 4.041232107e-02
 4.138510683e-02 4.234119602e-02 4.326242500e-02 4.412079014e-02 4.487814478e-02
 4.549176261e-02 4.592766122e-02 4.617504133e-02 4.624960156e-02 4.618660027e-02
-4.849160354e-05-1.090271809e-04-1.921403666e-04-2.956566936e-04-4.163113566e-04
-5.494028824e-04-6.883875762e-04-8.228808874e-04-9.303093695e-04-1.006398952e-03
-1.017063657e-03-9.432486605e-04-7.752792797e-04-4.811604988e-04-1.633398313e-05
 6.603270585e-04 1.564558419e-03 2.722761493e-03 4.162914059e-03 5.910100625e-03
 7.986381648e-03 1.040470533e-02 1.313311536e-02 1.600365667e-02 1.857312663e-02
 2.032330765e-02 2.111944809e-02 2.132141966e-02 2.139927070e-02 2.157137388e-02
 2.187916188e-02 2.231015984e-02 2.284213670e-02 2.345478329e-02 2.413200162e-02
 2.486169300e-02 2.563498782e-02 2.644544896e-02 2.728837205e-02 2.816020017e-02
 2.905806462e-02 2.997946430e-02 3.092207480e-02 3.188366374e-02 3.286209023e-02
 3.385537139e-02 3.486180079e-02 3.588010322e-02 3.690961015e-02 3.795043930e-02
 3.900366115e-02 4.007143040e-02 4.115704669e-02 4.226487267e-02 4.339995170e-02
 4.456696553e-02 4.576771116e-02 4.699523227e-02 4.822060382e-02 4.936651587e-02
 5.027793202e-02 5.077177578e-02 5.079943506e-02 5.049651610e-02 5.004289906e-02
-7.551229016e-05-1.712156014e-04-3.053503908e-04-4.771643730e-04-6.848755229e-04
-9.251146860e-04-1.192290429e-03-1.475864883e-03-1.757483932e-03-2.026925869e-03
-2.255986051e-03-2.411926078e-03-2.467788050e-03-2.379887787e-03-2.095748767e-03
-1.558535579e-03-7.120065751e-04 4.953962982e-04 2.108838515e-03 4.170927920e-03
 6.738339363e-03 9.929573735e-03 1.397323455e-02 1.955295718e-02 2.558879073e-02
 2.798982029e-02 2.671830791e-02 2.414376857e-02 2.325372323e-02 2.305618092e-02
 2.323194320e-02 2.363398437e-02 2.418356005e-02 2.483477115e-02 2.555966839e-02
 2.634092737e-02 2.716778315e-02 2.803354919e-02 2.893399300e-02 2.986622816e-02
 3.082795531e-02 3.181696631e-02 3.283086324e-02 3.386695958e-02 3.492233605e-02
 3.599402420e-02 3.707928987e-02 3.817598874e-02 3.928297006e-02 4.040051306e-02
 4.153079684e-02 4.267842875e-02 4.385109270e-02 4.506043351e-02 4.632338056e-02
 4.766426355e-02 4.911834466e-02 5.073794727e-02 5.260412702e-02 5.486804227e-02
 5.781793025e-02 5.859410976e-02 5.693673750e-02 5.520656140e-02 5.390706344e-02
-1.019373445e-04-2.331898992e-04-4.209521521e-04-6.678244697e-04-9.758052166e-04
-1.345437822e-03-1.774876199e-03-2.256774246e-03-2.777326742e-03-3.327912914e-03
-3.888048124e-03-4.418195582e-03-4.883732772e-03-5.226036947e-03-5.360937588e-03
-5.183101892e-03-4.580040821e-03-3.457858127e-03-1.766449994e-03 4.929182703e-04
 3.282728978e-03 6.549406123e-03 1.021373044e-02 1.406756395e-02 1.754722852e-02
 1.997842597e-02 2.124960665e-02 2.189271639e-02 2.240361328e-02 2.297195672e-02
 2.362763411e-02 2.435694479e-02 2.514120448e-02 2.596623529e-02 2.682349063e-02
 2.770902985e-02 2.862209564e-02 2.956377528e-02 3.053586748e-02 3.153997837e-02
 3.257684959e-02 3.364592099e-02 3.474513180e-02 3.587095906e-02 3.701868037e-02
 3.818283149e-02 3.935781242e-02 4.053858418e-02 4.172139649e-02 4.290449787e-02
 4.408880663e-02 4.527856479e-02 4.648205966e-02 4.771258861e-02 4.898998664e-02
 5.034330375e-02 5.181577913e-02 5.347455939e-02 5.543085977e-02 5.787736828e-02
 6.094499026e-02 6.182587189e-02 5.995748611e-02 5.786273685e-02 5.639676318e-02
-1.198435204e-04-2.778315510e-04-5.104060464e-04-8.267205228e-04-1.236114511e-03
-1.746582126e-03-2.363438921e-03-3.088004578e-03-3.905110379e-03-4.822243468e-03
-5.829809309e-03-6.908125053e-03-8.038668793e-03-9.182068305e-03-1.022740205e-02
-1.095114880e-02-1.101771439e-02-1.011273572e-02-8.142468458e-03-5.292381434e-03
-1.889900712e-03 1.766774889e-03 5.457184682e-03 9.003755017e-03 1.224762528e-02
 1.507116174e-02 1.743875531e-02 1.940110293e-02 2.105266748e-02 2.248446552e-02
 2.376361764e-02 2.493488904e-02 2.602891785e-02 2.706904880e-02 2.807519983e-02
 2.906548095e-02 3.005651692e-02 3.106313372e-02 3.209778315e-02 3.316990867e-02
 3.428538232e-02 3.544612177e-02 3.664998861e-02 3.789104393e-02 3.916019083e-02
 4.044617179e-02 4.173682762e-02 4.302047692e-02 4.428724980e-02 4.553021357e-02
 4.674616451e-02 4.793602389e-02 4.910484714e-02 5.026149930e-02 5.141801975e-02
 5.258852047e-02 5.378696001e-02 5.502180180e-02 5.628175526e-02 5.749629764e-02
 5.845203220e-02 5.882811288e-02 5.857913921e-02 5.796861130e-02 5.724327697e-02
-1.138729098e-04-2.717968550e-04-5.179035133e-04-8.738265872e-04-1.362881223e-03
-2.006664653e-03-2.821378633e-03-3.812583677e-03-4.974496071e-03-6.305271094e-03
-7.803196492e-03-9.485144773e-03-1.141356601e-02-1.374236312e-02-1.670233115e-02
-2.026658094e-02-2.315720105e-02-2.274941236e-02-1.873300096e-02-1.279980588e-02
-7.220125688e-03-2.237712660e-03 2.247743298e-03 6.310401357e-03 9.983156676e-03
 1.327699195e-02 1.619947894e-02 1.876552498e-02 2.100000656e-02 2.293574898e-02
 2.461071952e-02 2.606608617e-02 2.734485971e-02 2.849049598e-02 2.954534563e-02
 3.054920488e-02 3.153817173e-02 3.254377483e-02 3.359218168e-02 3.470331421e-02
 3.588986788e-02 3.715643871e-02 3.849909202e-02 3.990568477e-02 4.135709479e-02
 4.282930274e-02 4.429609794e-02 4.573206192e-02 4.711540480e-02 4.843019223e-02
 4.966755739e-02 5.082568142e-02 5.190859963e-02 5.292411265e-02 5.388112555e-02
 5.478657581e-02 5.564184598e-02 5.643842864e-02 5.715315520e-02 5.774554198e-02
 5.816383980e-02 5.836657089e-02 5.835184195e-02 5.817138191e-02 5.787543267e-02
-5.601358932e-05-1.532354352e-04-3.381161404e-04-6.563555869e-04-1.160168792e-03
-1.900846879e-03-2.919333329e-03-4.233888598e-03-5.825638065e-03-7.647123962e-03
-9.607097953e-03-1.162889685e-02-1.371908253e-02-1.612385119e-02-1.931966828e-02
-2.399101334e-02-2.890407768e-02-2.860154136e-02-2.302571193e-02-1.469320576e-02
-8.253643689e-03-2.814387617e-03 1.995819317e-03 6.356649901e-03 1.035082637e-02
 1.400673016e-02 1.732094985e-02 2.027409470e-02 2.284552326e-02 2.502756399e-02
 2.683593047e-02 2.831235787e-02 2.951883040e-02 3.052717773e-02 3.140931920e-02
 3.223135219e-02 3.305157404e-02 3.392067098e-02 3.488200885e-02 3.597059158e-02
 3.721034238e-02 3.861057044e-02 4.016326473e-02 4.184268246e-02 4.360770650e-02
 4.540645153e-02 4.718228722e-02 4.888063859e-02 5.045587838e-02 5.187706343e-02
 5.313084165e-02 5.422043429e-02 5.516112416e-02 5.597405487e-02 5.668037125e-02
 5.729691129e-02 5.783367824e-02 5.829285599e-02 5.866924333e-02 5.895230704e-02
 5.912998798e-02 5.919091197e-02 5.917109389e-02 5.905468124e-02 5.885306595e-02
 9.881034431e-05 1.831729850e-04 2.205645078e-04 1.218173822e-04-2.288276140e-04
-9.557119087e-04-2.164755038e-03-3.928802064e-03-6.283198697e-03-9.203289402e-03
-1.227183263e-02-1.462389285e-02-1.579486910e-02-1.603507699e-02-1.611885683e-02
-1.614210149e-02-1.566855300e-02-1.418084013e-02-1.149205700e-02-7.865514551e-03
-3.754557094e-03 5.140383555e-04 4.787648795e-03 9.005331440e-03 1.313129802e-02
 1.711616820e-02 2.087365634e-02 2.427394502e-02 2.716741331e-02 2.944161169e-02
 3.107885159e-02 3.216835373e-02 3.286343682e-02 3.332223853e-02 3.367293959e-02
 3.400967454e-02 3.440398834e-02 3.491871698e-02 3.561750580e-02 3.656566179e-02
 3.781995692e-02 3.941078493e-02 4.132700549e-02 4.351297305e-02 4.587780683e-02
 4.830887211e-02 5.068325421e-02 5.287945541e-02 5.479480727e-02 5.636672880e-02
 5.758614018e-02 5.849214513e-02 5.915029536e-02 5.962839086e-02 5.998144249e-02
 6.024723190e-02 6.044805948e-02 6.059453908e-02 6.068942850e-02 6.073095547e-02
 6.071563736e-02 6.064149362e-02 6.053154879e-02 6.037306797e-02 6.015771983e-02
 3.952510374e-04 8.625304181e-04 1.442023711e-03 2.009167749e-03 2.295816884e-03
 1.882235979e-03 5.474210512e-04-1.651192727e-03-4.766560039e-03-9.175558728e-03
-1.473237537e-02-1.780582133e-02-1.765180774e-02-1.440613715e-02-1.216430173e-02
-1.044411753e-02-8.764668199e-03-6.834633791e-03-4.501127673e-03-1.725507898e-03
 1.457532851e-03 4.989902493e-03 8.825801429e-03 1.294442365e-02 1.734350238e-02
 2.201203759e-02 2.685885789e-02 3.155746849e-02 3.542555320e-02 3.778556570e-02
 3.850945667e-02 3.814503881e-02 3.737772731e-02 3.661726335e-02 3.598750734e-02
 3.551458690e-02 3.520128721e-02 3.505570658e-02 3.515475901e-02 3.564714913e-02
 3.675033968e-02 3.862409006e-02 4.125756728e-02 4.448380523e-02 4.806333750e-02
 5.177716332e-02 5.540247893e-02 5.865962199e-02 6.124250109e-02 6.295047330e-02
 6.382183201e-02 6.410225329e-02 6.406958820e-02 6.391020404e-02 6.371498707e-02
 6.352072237e-02 6.333660126e-02 6.316043258e-02 6.298600430e-02 6.280531423e-02
 6.261148952e-02 6.240030296e-02 6.218520105e-02 6.195157753e-02 6.169622386e-02
 7.957400766e-04 1.817372908e-03 3.290589400e-03 5.303480725e-03 7.822729992e-03
 8.221357008e-03 5.821581138e-03 3.206138863e-03 4.485382630e-04-2.500013213e-03
-5.268540890e-03-7.110281522e-03-7.597315659e-03-6.958586566e-03-5.841210132e-03
-4.533814177e-03-3.048091980e-03-1.328431236e-03 6.824986113e-04 3.026328838e-03
 5.730416674e-03 8.818653493e-03 1.232693482e-02 1.632254378e-02 2.093313950e-02
 2.640454006e-02 3.324922789e-02 4.274413949e-02 5.191362541e-02 5.471854541e-02
 5.076709808e-02 4.463772982e-02 4.116330917e-02 3.894524768e-02 3.740939002e-02
 3.624894215e-02 3.525273782e-02 3.423328720e-02 3.299920067e-02 3.153118124e-02
 3.136146892e-02 3.372106280e-02 3.841233495e-02 4.425494894e-02 5.005270511e-02
 5.595167013e-02 6.221819251e-02 6.860772023e-02 7.319589492e-02 7.478504922e-02
 7.309367320e-02 7.097296747e-02 6.939872377e-02 6.825575209e-02 6.739925893e-02
 6.673189920e-02 6.619035080e-02 6.573199181e-02 6.533026640e-02 6.496374940e-02
 6.462094764e-02 6.429387697e-02 6.397631082e-02 6.365642652e-02 6.332328322e-02
 1.155288125e-03 2.650363831e-03 4.816838257e-03 7.735176947e-03 1.119629436e-02
 1.219976792e-02 1.006321434e-02 7.833413093e-03 5.771760630e-03 3.893243366e-03
 2.287346327e-03 1.074827766e-03 3.529340781e-04 1.326194177e-04 3.574018670e-04
 9.571082190e-04 1.884553931e-03 3.120746628e-03 4.666004423e-03 6.531186668e-03
 8.733440746e-03 1.129643631e-02 1.425399814e-02 1.765606797e-02 2.157542760e-02
 2.610848277e-02 3.133362470e-02 3.703231400e-02 4.184785113e-02 4.409794313e-02
 4.351801784e-02 4.148810522e-02 3.955663148e-02 3.806555045e-02 3.694668370e-02
 3.606509508e-02 3.526767334e-02 3.436296901e-02 3.306479358e-02 3.089085967e-02
 3.006315810e-02 3.263413504e-02 3.879936705e-02 4.579657240e-02 5.225173214e-02
 5.874608886e-02 6.586221927e-02 7.409981348e-02 7.940952286e-02 8.055242421e-02
 7.743625017e-02 7.452125701e-02 7.258901309e-02 7.121421879e-02 7.017179143e-02
 6.933898033e-02 6.864502659e-02 6.804676592e-02 6.751639627e-02 6.703508735e-02
 6.658949062e-02 6.616966335e-02 6.576771946e-02 6.537724322e-02 6.499606750e-02
 1.403167391e-03 3.202898212e-03 5.772976031e-03 9.155533152e-03 1.310068926e-02
 1.453575908e-02 1.263855183e-02 1.102010840e-02 9.555011641e-03 8.209743002e-03
 7.025441007e-03 6.063558110e-03 5.370736233e-03 4.974194181e-03 4.882304773e-03
 5.091357414e-03 5.593612530e-03 6.382802297e-03 7.456255087e-03 8.814726913e-03
 1.046119772e-02 1.239916030e-02 1.462999484e-02 1.714797152e-02 1.993007319e-02
 2.291650101e-02 2.597972918e-02 2.889569607e-02 3.136115479e-02 3.318524443e-02
 3.430236552e-02 3.482066803e-02 3.499912767e-02 3.505661313e-02 3.512709450e-02
 3.527664746e-02 3.553730274e-02 3.594322173e-02 3.657829146e-02 3.763557707e-02
 3.941382050e-02 4.215028020e-02 4.583060620e-02 5.018947127e-02 5.489462682e-02
 5.967685322e-02 6.427592023e-02 6.832896931e-02 7.139703445e-02 7.321268797e-02
 7.387042825e-02 7.375204971e-02 7.324779117e-02 7.259501804e-02 7.190673904e-02
 7.123173839e-02 7.058950513e-02 6.998618946e-02 6.942166162e-02 6.889278265e-02
 6.839503169e-02 6.792337067e-02 6.747273549e-02 6.703838824e-02 6.661901210e-02
 1.563211977e-03 3.556208895e-03 6.379596177e-03 1.005795073e-02 1.430125748e-02
 1.602159860e-02 1.453745339e-02 1.327358348e-02 1.215010070e-02 1.108144691e-02
 1.011226145e-02 9.279449317e-03 8.614670016e-03 8.142728755e-03 7.881176314e-03
 7.841249671e-03 8.029547143e-03 8.449666665e-03 9.103242038e-03 9.990173791e-03
 1.110802467e-02 1.245058535e-02 1.400552835e-02 1.575103052e-02 1.765147416e-02
 1.965314718e-02 2.168246494e-02 2.365107254e-02 2.547137092e-02 2.707234786e-02
 2.848464966e-02 2.970510003e-02 3.078204372e-02 3.179667137e-02 3.282586798e-02
 3.394113989e-02 3.520986092e-02 3.670048423e-02 3.848765871e-02 4.065036778e-02
 4.325691076e-02 4.633826759e-02 4.986208812e-02 5.372339963e-02 5.775444702e-02
 6.174314163e-02 6.545449522e-02 6.866064892e-02 7.118310844e-02 7.293618909e-02
 7.394824449e-02 7.434301768e-02 7.428905830e-02 7.394782957e-02 7.344510252e-02
 7.286635023e-02 7.226421580e-02 7.166837530e-02 7.109373109e-02 7.054618753e-02
 7.002642381e-02 6.953226402e-02 6.906013212e-02 6.860581669e-02 6.815888414e-02
 1.668694255e-03 3.789426498e-03 6.781565336e-03 1.066025404e-02 1.513301482e-02
 1.710517003e-02 1.581817672e-02 1.479085854e-02 1.385712664e-02 1.294848907e-02
 1.209104739e-02 1.131227676e-02 1.063731502e-02 1.008807304e-02 9.682831729e-03
 9.436247467e-03 9.359638131e-03 9.461327465e-03 9.746886962e-03 1.021902411e-02
 1.087714869e-02 1.171663028e-02 1.272782700e-02 1.389506993e-02 1.519594965e-02
 1.660144870e-02 1.807761336e-02 1.958910626e-02 2.110463777e-02 2.260309351e-02
 2.407669033e-02 2.553586253e-02 2.703251428e-02 2.857838519e-02 3.021420459e-02
 3.197555383e-02 3.394208914e-02 3.616291480e-02 3.869413524e-02 4.157810064e-02
 4.482210029e-02 4.844510652e-02 5.243730512e-02 5.674357523e-02 6.123890430e-02
 6.568944249e-02 6.975083353e-02 7.308706333e-02 7.548611930e-02 7.688226589e-02
 7.736815137e-02 7.719448471e-02 7.665813612e-02 7.596681469e-02 7.523127350e-02
 7.450561580e-02 7.381455057e-02 7.316736803e-02 7.256515601e-02 7.200472232e-02
 7.148081012e-02 7.098737077e-02 7.051829784e-02 7.006798059e-02 6.963713521e-02
 1.741371158e-03 3.950485640e-03 7.059870858e-03 1.107794076e-02 1.570863859e-02
 1.784683350e-02 1.670418636e-02 1.579395719e-02 1.496729078e-02 1.412880518e-02
 1.330220554e-02 1.251070185e-02 1.177610492e-02 1.111826101e-02 1.055481481e-02
 1.010119868e-02 9.770742828e-03 9.574908086e-03 9.523416402e-03 9.623847970e-03
 9.881168364e-03 1.029728726e-02 1.087067280e-02 1.159612034e-02 1.246486069e-02
 1.346529506e-02 1.458462720e-02 1.581039657e-02 1.713233134e-02 1.854438245e-02
 2.004649991e-02 2.164573862e-02 2.335674889e-02 2.520618223e-02 2.721931233e-02
 2.942015126e-02 3.185628858e-02 3.456921450e-02 3.760182231e-02 4.099359868e-02
 4.477678371e-02 4.900058410e-02 5.372606343e-02 5.903158700e-02 6.503820005e-02
 7.210404331e-02 7.858499256e-02 8.320462530e-02 8.574758982e-02 8.607979686e-02
 8.423977654e-02 8.143421462e-02 7.949506887e-02 7.800884924e-02 7.682867702e-02
 7.586551955e-02 7.505989379e-02 7.437038767e-02 7.376718974e-02 7.322818387e-02
 7.273652962e-02 7.227911999e-02 7.184555564e-02 7.142735171e-02 7.101349266e-02
 1.794597573e-03 4.069381071e-03 7.267548539e-03 1.139344103e-02 1.613062880e-02
 1.835619943e-02 1.735134785e-02 1.650972197e-02 1.570333174e-02 1.484973877e-02
 1.397582903e-02 1.310422954e-02 1.225465274e-02 1.144477756e-02 1.069072491e-02
 1.000734482e-02 9.408524519e-03 8.907246706e-03 8.519612720e-03 8.260365105e-03
 8.142129202e-03 8.175240951e-03 8.367456898e-03 8.723549107e-03 9.244713333e-03
 9.927572903e-03 1.077282277e-02 1.178099975e-02 1.295199842e-02 1.428611006e-02
 1.578548819e-02 1.745618840e-02 1.930779593e-02 2.135316277e-02 2.360855070e-02
 2.609382005e-02 2.883277280e-02 3.185317428e-02 3.518756470e-02 3.887578698e-02
 4.296986046e-02 4.754079864e-02 5.268765599e-02 5.855627707e-02 6.537046915e-02
 7.339939422e-02 8.067753403e-02 8.556800404e-02 8.809724631e-02 8.819993743e-02
 8.578190374e-02 8.242407246e-02 8.011023951e-02 7.848056108e-02 7.728800428e-02
 7.638359209e-02 7.567300486e-02 7.509409004e-02 7.460456523e-02 7.417493515e-02
 7.378422956e-02 7.341733189e-02 7.306321934e-02 7.271362356e-02 7.236217887e-02
 1.834516786e-03 4.160213334e-03 7.431102958e-03 1.165440899e-02 1.654015008e-02
 1.898569154e-02 1.812764048e-02 1.716724883e-02 1.622550504e-02 1.525101976e-02
 1.424976487e-02 1.323380467e-02 1.221593848e-02 1.120905917e-02 1.022595844e-02
 9.279348182e-03 8.382223630e-03 7.555064304e-03 6.818049151e-03 6.190819177e-03
 5.692217955e-03 5.340053784e-03 5.150858639e-03 5.139652513e-03 5.319748008e-03
 5.702686316e-03 6.298704661e-03 7.115879213e-03 8.158826465e-03 9.426689426e-03
 1.091148903e-02 1.262254634e-02 1.456544555e-02 1.674414518e-02 1.916428350e-02
 2.183318045e-02 2.475964528e-02 2.795432279e-02 3.142983669e-02 3.520212526e-02
 3.929963487e-02 4.379082523e-02 4.876657956e-02 5.422735612e-02 6.026629174e-02
 6.684425978e-02 7.291192836e-02 7.725945059e-02 7.972640176e-02 8.010935606e-02
 7.920172397e-02 7.828809024e-02 7.747097521e-02 7.681571444e-02 7.630826991e-02
 7.591561631e-02 7.560420495e-02 7.534559065e-02 7.511737270e-02 7.490264364e-02
 7.468907170e-02 7.446801016e-02 7.423376817e-02 7.398312728e-02 7.371707363e-02
 1.860404849e-03 4.219460907e-03 7.538705946e-03 1.182789815e-02 1.678549929e-02
 1.931574901e-02 1.860628259e-02 1.753699254e-02 1.645553116e-02 1.532889160e-02
 1.416434345e-02 1.296725089e-02 1.174491678e-02 1.050592515e-02 9.259697597e-03
 8.016812686e-03 6.798573389e-03 5.627487463e-03 4.526824292e-03 3.520362496e-03
 2.632127384e-03 1.886127948e-03 1.306090524e-03 9.151841887e-04 7.357318294e-04
 7.888929166e-04 1.094231452e-03 1.669102374e-03 2.527817612e-03 3.680679885e-03
 5.133137125e-03 6.885731321e-03 8.929046225e-03 1.123745169e-02 1.380843608e-02
 1.663968652e-02 1.972463188e-02 2.305575008e-02 2.662294421e-02 3.041079001e-02
 3.436990637e-02 3.873100398e-02 4.331182410e-02 4.803638391e-02 5.288773438e-02
 5.762639091e-02 6.195607189e-02 6.564005325e-02 6.853795535e-02 7.064812216e-02
 7.210284160e-02 7.309620081e-02 7.379535494e-02 7.431084699e-02 7.470666214e-02
 7.501660143e-02 7.525704841e-02 7.543530036e-02 7.555448488e-02 7.561624709e-02
 7.562210007e-02 7.557401499e-02 7.547459410e-02 7.532694937e-02 7.513051460e-02
 1.870566676e-03 4.241825812e-03 7.576730354e-03 1.188273786e-02 1.685332226e-02
 1.938299720e-02 1.864918687e-02 1.752362895e-02 1.633506724e-02 1.507354112e-02
 1.374399603e-02 1.235288579e-02 1.090677440e-02 9.412573349e-03 7.877482821e-03
 6.321636399e-03 4.767985900e-03 3.241208508e-03 1.767496029e-03 3.742920206e-04
-9.099779131e-04-2.056189186e-03-3.034819900e-03-3.816278940e-03-4.371273924e-03
-4.671241107e-03-4.688859133e-03-4.398708506e-03-3.778091038e-03-2.808037454e-03
-1.474544846e-03 2.297542446e-04 2.303498746e-03 4.734343003e-03 7.498316947e-03
 1.055150844e-02 1.385153616e-02 1.738502994e-02 2.112958024e-02 2.505851468e-02
 2.913815117e-02 3.337255341e-02 3.770563969e-02 4.216660746e-02 4.667983229e-02
 5.102755805e-02 5.509151673e-02 5.879116146e-02 6.206743882e-02 6.489849740e-02
 6.729982938e-02 6.931311909e-02 7.099075488e-02 7.238347626e-02 7.353422088e-02
 7.447694420e-02 7.523796420e-02 7.583802186e-02 7.629414779e-02 7.662103005e-02
 7.683187974e-02 7.693890497e-02 7.695352233e-02 7.688647736e-02 7.675064797e-02
 1.867012922e-03 4.232613634e-03 7.557297114e-03 1.184596912e-02 1.680573923e-02
 1.932697592e-02 1.847475422e-02 1.726648676e-02 1.596521116e-02 1.455972555e-02
 1.305579996e-02 1.145902938e-02 9.774765655e-03 8.008208248e-03 6.175701953e-03
 4.299826953e-03 2.405458308e-03 5.196527515e-04-1.328560051e-03-3.108413371e-03
-4.787672588e-03-6.332932830e-03-7.709944206e-03-8.883967932e-03-9.820172106e-03
-1.048408272e-02-1.084211662e-02-1.086222336e-02-1.051468040e-02-9.773090191e-03
-8.615636035e-03-7.026633945e-03-4.998499900e-03-2.534054188e-03 3.506182342e-04
 3.622916846e-03 7.231438199e-03 1.110004029e-02 1.516428399e-02 1.939811455e-02
 2.377041501e-02 2.824768338e-02 3.279440482e-02 3.737096933e-02 4.191416299e-02
 4.634613662e-02 5.059452178e-02 5.459761823e-02 5.830702538e-02 6.168960590e-02
 6.472780680e-02 6.741791779e-02 6.976693825e-02 7.178917938e-02 7.350346174e-02
 7.493120179e-02 7.609524417e-02 7.701913973e-02 7.772661633e-02 7.824110655e-02
 7.858529682e-02 7.878071760e-02 7.884740763e-02 7.880364638e-02 7.866480360e-02
 1.853656079e-03 4.201325945e-03 7.498961475e-03 1.174948713e-02 1.663723252e-02
 1.904549015e-02 1.817333148e-02 1.686554354e-02 1.543248307e-02 1.386854067e-02
 1.217779478e-02 1.036381370e-02 8.429831648e-03 6.386505195e-03 4.255227774e-03
 2.060177739e-03-1.717837685e-04-2.411275384e-03-4.626596004e-03-6.783973145e-03
-8.847849080e-03-1.078119850e-02-1.254587284e-02-1.410296943e-02-1.541322860e-02
-1.643746871e-02-1.713707688e-02-1.747458574e-02-1.741437539e-02-1.692355328e-02
-1.597307687e-02-1.453919996e-02-1.260530083e-02-1.016417707e-02-7.220795690e-03
-3.795591370e-03 7.176475259e-05 4.318260221e-03 8.855157212e-03 1.355899568e-02
 1.839107603e-02 2.331674999e-02 2.829790305e-02 3.329156201e-02 3.824904573e-02
 4.311696599e-02 4.783984589e-02 5.236308690e-02 5.663563021e-02 6.061225240e-02
 6.425550897e-02 6.753727970e-02 7.043984128e-02 7.295638068e-02 7.509085819e-02
 7.685716040e-02 7.827757219e-02 7.938072232e-02 8.019926513e-02 8.076760130e-02
 8.111989839e-02 8.128857256e-02 8.130327905e-02 8.119035212e-02 8.097236226e-02
 1.834084167e-03 4.156202898e-03 7.416586960e-03 1.161686555e-02 1.645238988e-02
 1.880949905e-02 1.779785179e-02 1.637473061e-02 1.479780010e-02 1.306563472e-02
 1.117988573e-02 9.142051991e-03 6.955010426e-03 4.638049315e-03 2.213802361e-03
-2.919510165e-04-2.850428794e-03-5.430032302e-03-7.996582942e-03-1.051360211e-02
-1.294262808e-02-1.524356056e-02-1.737502392e-02-1.929474205e-02-2.095992210e-02
-2.232765137e-02-2.335532051e-02-2.400109766e-02-2.422449228e-02-2.398706296e-02
-2.325333974e-02-2.199204568e-02-2.017772159e-02-1.779285389e-02-1.483061993e-02
-1.129829737e-02-7.221337627e-03-2.648030316e-03 2.345209406e-03 7.648490682e-03
 1.311728902e-02 1.867956031e-02 2.430427912e-02 2.995557894e-02 3.559177777e-02
 4.116486900e-02 4.662045351e-02 5.189829288e-02 5.693371809e-02 6.166020756e-02
 6.601334190e-02 6.993596622e-02 7.338383711e-02 7.633056663e-02 7.877059141e-02
 8.071930802e-02 8.221028847e-02 8.329030686e-02 8.401343192e-02 8.443547421e-02
 8.460968007e-02 8.458399902e-02 8.439979101e-02 8.409165991e-02 8.369050818e-02
 1.811036284e-03 4.103405332e-03 7.321012892e-03 1.146447877e-02 1.622435238e-02
 1.848525703e-02 1.737714112e-02 1.583349721e-02 1.410837185e-02 1.220426621e-02
 1.012095636e-02 7.857734234e-03 5.425619811e-03 2.845328791e-03 1.409805546e-04
-2.659942245e-03-5.526733202e-03-8.425669405e-03-1.132027707e-02-1.417164659e-02
-1.693878425e-02-1.957898629e-02-2.204822084e-02-2.430150500e-02-2.629326847e-02
-2.797770177e-02-2.930909686e-02-3.024220020e-02-3.073261384e-02-3.073729779e-02
-3.021524778e-02-2.912844447e-02-2.744319023e-02-2.513197046e-02-2.217598069e-02
-1.856846488e-02-1.431897200e-02-9.458553048e-03-4.045705410e-03 1.827220572e-03
 8.027241834e-03 1.437782623e-02 2.081947162e-02 2.732827245e-02 3.387232433e-02
 4.040917451e-02 4.688288453e-02 5.322102627e-02 5.933274606e-02 6.510982942e-02
 7.043304798e-02 7.518495202e-02 7.926735162e-02 8.261859634e-02 8.522484088e-02
 8.712139593e-02 8.838376461e-02 8.911164723e-02 8.941153587e-02 8.938304074e-02
 8.911121578e-02 8.866421736e-02 8.809430944e-02 8.744029117e-02 8.672608699e-02
 1.786535321e-03 4.047463533e-03 7.220184461e-03 1.130453949e-02 1.598158761e-02
 1.813143484e-02 1.695110565e-02 1.527574612e-02 1.340340673e-02 1.132999528e-02
 9.053584138e-03 6.574206883e-03 3.909673860e-03 1.081699175e-03-1.884240375e-03
-4.959048166e-03-8.110200127e-03-1.130199839e-02-1.449588306e-02-1.765079173e-02
-2.072355167e-02-2.366928653e-02-2.644181830e-02-2.899404636e-02-3.127828954e-02
-3.324658350e-02-3.485093592e-02-3.604355432e-02-3.677707795e-02-3.700486442e-02
-3.668140465e-02-3.576296552e-02-3.420858814e-02-3.198159740e-02-2.905180466e-02
-2.539859667e-02-2.101509669e-02-1.591353941e-02-1.013191299e-02-3.741693248e-03
 3.143951480e-03 1.036145731e-02 1.772899182e-02 2.524244082e-02 3.289089595e-02
 4.065240231e-02 4.848625925e-02 5.632142166e-02 6.404080445e-02 7.146532611e-02
 7.835047923e-02 8.441470366e-02 8.940247019e-02 9.315277049e-02 9.564092492e-02
 9.698252913e-02 9.739767577e-02 9.714510647e-02 9.645857423e-02 9.551534322e-02
 9.443569237e-02 9.329577200e-02 9.214146590e-02 9.099917176e-02 8.988564688e-02
 1.762090060e-03 3.991749008e-03 7.119991444e-03 1.114615641e-02 1.577201537e-02
 1.787973970e-02 1.652142395e-02 1.472917259e-02 1.271565105e-02 1.048044512e-02
 8.020093477e-03 5.341205470e-03 2.462918002e-03-5.917104848e-04-3.795732269e-03
-7.118438353e-03-1.052557014e-02-1.397960694e-02-1.744011870e-02-2.086416871e-02
-2.420674638e-02-2.742120726e-02-3.045969593e-02-3.327352882e-02-3.581351757e-02
-3.803022022e-02-3.987411769e-02-4.129572541e-02-4.224566687e-02-4.267475573e-02
-4.253415669e-02-4.177572414e-02-4.035264876e-02-3.822057843e-02-3.533941451e-02
-3.167601680e-02-2.720806602e-02-2.192931804e-02-1.585641017e-02-9.037236071e-03
-1.560673252e-03 6.433250017e-03 1.474347225e-02 2.330374469e-02 3.214695292e-02
 4.130676478e-02 5.081285925e-02 6.067805553e-02 7.086591377e-02 8.120842506e-02
 9.122467837e-02 1.000168666e-01 1.067154029e-01 1.108655682e-01 1.124169759e-01
 1.117614910e-01 1.097253613e-01 1.071740256e-01 1.045848179e-01 1.021408020e-01
 9.989679660e-02 9.785636269e-02 9.600336916e-02 9.431538929e-02 9.276950140e-02
 1.738865069e-03 3.938873757e-03 7.025030466e-03 1.099613766e-02 1.553278093e-02
 1.751501820e-02 1.612645426e-02 1.421674554e-02 1.207253166e-02 9.688724642e-03
 7.060758979e-03 4.201808404e-03 1.131917364e-03-2.124696767e-03-5.539744697e-03
-9.081039145e-03-1.271274907e-02-1.639573144e-02-2.008792978e-02-2.374482205e-02
-2.731989502e-02-3.076511841e-02-3.403139069e-02-3.706892923e-02-3.982758140e-02
-4.225703976e-02-4.430695464e-02-4.592694992e-02-4.706656449e-02-4.767516158e-02
-4.770187224e-02-4.709566787e-02-4.580569057e-02-4.378200893e-02-4.097700884e-02
-3.734767092e-02-3.285901789e-02-2.748902336e-02-2.123523209e-02-1.412321144e-02
-6.216682513e-03 2.371185957e-03 1.146669119e-02 2.090885508e-02 3.077470701e-02
 4.116822295e-02 5.223292061e-02 6.417181831e-02 7.728380226e-02 9.205014797e-02
 1.094829075e-01 1.247301918e-01 1.348816268e-01 1.393445603e-01 1.379335506e-01
 1.316107730e-01 1.229104423e-01 1.164975100e-01 1.114801721e-01 1.074335845e-01
 1.040946778e-01 1.012847751e-01 9.887743249e-02 9.678088717e-02 9.492591282e-02
 1.717781731e-03 3.890909742e-03 6.938966437e-03 1.086040721e-02 1.533968562e-02
 1.725853769e-02 1.576759298e-02 1.375550552e-02 1.149469279e-02 8.978531052e-03
 6.204331671e-03 3.188758800e-03-4.714893668e-05-3.478044301e-03-7.074389957e-03
-1.080266168e-02-1.462563875e-02-1.850277649e-02-2.239064785e-02-2.624343435e-02
-3.001344027e-02-3.365160063e-02-3.710795117e-02-4.033203021e-02-4.327318565e-02
-4.588076758e-02-4.810419661e-02-4.989291142e-02-5.119621455e-02-5.196305574e-02
-5.214181539e-02-5.168017965e-02-5.052523274e-02-4.862393284e-02-4.592418349e-02
-4.237676140e-02-3.793840482e-02-3.257639094e-02-2.627491031e-02-1.904344430e-02
-1.092711368e-02-2.018502276e-03 7.530204454e-03 1.749770584e-02 2.790769299e-02
 3.888140686e-02 5.059263650e-02 6.329772428e-02 7.738763224e-02 9.347871198e-02
 1.129703942e-01 1.285084862e-01 1.432770268e-01 1.461043346e-01 1.437987706e-01
 1.363442345e-01 1.262049242e-01 1.189166929e-01 1.133615231e-01 1.089926369e-01
 1.054579136e-01 1.025256555e-01 1.000388433e-01 9.788805022e-02 9.599804640e-02
 1.699566600e-03 3.849493562e-03 6.864700562e-03 1.074339247e-02 1.518075213e-02
 1.705711531e-02 1.545283524e-02 1.335939830e-02 1.099919603e-02 8.370205027e-03
 5.473808356e-03 2.327601225e-03-1.046406320e-03-4.621819909e-03-8.367988072e-03
-1.225022553e-02-1.623013224e-02-2.026600044e-02-2.431329396e-02-2.832517751e-02
-3.225306717e-02-3.604717001e-02-3.965697864e-02-4.303168821e-02-4.612050717e-02
-4.887284053e-02-5.123833442e-02-5.316678370e-02-5.460792085e-02-5.551112358e-02
-5.582510230e-02-5.549765711e-02-5.447562847e-02-5.270520735e-02-5.013281914e-02
-4.670684942e-02-4.238053263e-02-3.711636495e-02-3.089240836e-02-2.371078933e-02
-1.560851542e-02-6.670388351e-03 2.956785251e-03 1.305004710e-02 2.345064234e-02
 3.422256855e-02 4.544389170e-02 5.720571385e-02 6.960119842e-02 8.267466895e-02
 9.605672874e-02 1.076899090e-01 1.167671444e-01 1.220978911e-01 1.232508644e-01
 1.208519662e-01 1.166658081e-01 1.126967444e-01 1.092356608e-01 1.062460617e-01
 1.036529413e-01 1.013825639e-01 9.937161722e-02 9.756843386e-02 9.592799433e-02
 1.684777663e-03 3.815883844e-03 6.804467483e-03 1.064845120e-02 1.502582677e-02
 1.681226922e-02 1.520974976e-02 1.303999164e-02 1.059995303e-02 7.880908372e-03
 4.887512058e-03 1.638004687e-03-1.844845960e-03-5.533807479e-03-9.397332332e-03
-1.339980623e-02-1.750189570e-02-2.166098640e-02-2.583169557e-02-2.996643436e-02
-3.401598987e-02-3.793009280e-02-4.165793506e-02-4.514860333e-02-4.835139896e-02
-5.121602218e-02-5.369260885e-02-5.573162183e-02-5.728361466e-02-5.829890541e-02
-5.872722169e-02-5.851740644e-02-5.761730851e-02-5.597402401e-02-5.353470402e-02
-5.024819962e-02-4.606787232e-02-4.095594376e-02-3.488977277e-02-2.787039505e-02
-1.993349077e-02-1.116259072e-02-1.703733545e-03 8.220161368e-03 1.829922133e-02
 2.848674782e-02 3.876032410e-02 4.906628630e-02 5.929273435e-02 6.923074864e-02
 7.854329338e-02 8.679865206e-02 9.358316039e-02 9.861229869e-02 1.018189435e-01
 1.033952160e-01 1.037343622e-01 1.032785027e-01 1.023768028e-01 1.012505070e-01
 1.000251504e-01 9.876825148e-02 9.751470608e-02 9.628165300e-02 9.507875538e-02
 1.673821718e-03 3.790995068e-03 6.759885525e-03 1.057835743e-02 1.494133920e-02
 1.672909783e-02 1.502148059e-02 1.280462827e-02 1.030651557e-02 7.521902815e-03
 4.458084237e-03 1.133791619e-03-2.427650094e-03-6.198393471e-03-1.014623507e-02
-1.423488418e-02-1.842433338e-02-2.267132176e-02-2.692987319e-02-3.115188453e-02
-3.528773222e-02-3.928686220e-02-4.309832661e-02-4.667123230e-02-4.995507129e-02
-5.289991097e-02-5.545643260e-02-5.757582041e-02-5.920952001e-02-6.030890447e-02
-6.082490990e-02-6.070773064e-02-5.990669846e-02-5.837051148e-02-5.604802764e-02
-5.288989248e-02-4.885132687e-02-4.389644592e-02-3.800449401e-02-3.117832894e-02
-2.345532215e-02-1.492050074e-02-5.721183501e-03 3.918447992e-03 1.368510861e-02
 2.335561950e-02 3.287910221e-02 4.217890867e-02 5.114747218e-02 5.964450236e-02
 6.750350481e-02 7.455046276e-02 8.063285294e-02 8.565073065e-02 8.957940667e-02
 9.247497412e-02 9.445927552e-02 9.568993940e-02 9.632852411e-02 9.651849937e-02
 9.637623611e-02 9.599120252e-02 9.543027393e-02 9.474285495e-02 9.396632317e-02
 1.666974384e-03 3.775439686e-03 6.732021180e-03 1.053446905e-02 1.486609778e-02
 1.660736016e-02 1.490853603e-02 1.265867803e-02 1.012498178e-02 7.300399046e-03
 4.193732663e-03 8.240088182e-04-2.785100227e-03-6.605362686e-03-1.060416723e-02
-1.474480559e-02-1.898685797e-02-2.328667208e-02-2.759791783e-02-3.187219179e-02
-3.605963952e-02-4.010955973e-02-4.397095343e-02-4.759298274e-02-5.092530932e-02
-5.391829029e-02-5.652302065e-02-5.869122490e-02-6.037501726e-02-6.152656961e-02
-6.209774950e-02-6.203981883e-02-6.130331737e-02-5.983829597e-02-5.759511175e-02
-5.452605032e-02-5.058809234e-02-4.574718100e-02-3.998435224e-02-3.330402351e-02
-2.574455002e-02-1.739078488e-02-8.387758877e-03 1.046309974e-03 1.061067823e-02
 1.997491909e-02 2.908635261e-02 3.787690608e-02 4.626415703e-02 5.415476846e-02
 6.145099599e-02 6.806019032e-02 7.390603491e-02 7.893916956e-02 8.314447231e-02
 8.654292491e-02 8.918753716e-02 9.115466791e-02 9.253337989e-02 9.341556247e-02
 9.388857728e-02 9.403088677e-02 9.391021039e-02 9.358335687e-02 9.309454754e-02
 1.664413702e-03 3.769610806e-03 6.721545504e-03 1.051787268e-02 1.483793632e-02
 1.656011914e-02 1.486640385e-02 1.260436211e-02 1.005877440e-02 7.220597042e-03
 4.099243949e-03 7.139016308e-04-2.911602241e-03-6.748880077e-03-1.076516361e-02
-1.492358877e-02-1.918358500e-02-2.350135930e-02-2.783045630e-02-3.212236825e-02
-3.632716266e-02-4.039409130e-02-4.427214347e-02-4.791050817e-02-5.125891498e-02
-5.426783170e-02-5.688850768e-02-5.907286595e-02-6.077326364e-02-6.194215997e-02
-6.253175447e-02-6.249368592e-02-6.177891603e-02-6.033796203e-02-5.812168917e-02
-5.508292581e-02-5.117921407e-02-4.637704607e-02-4.065793637e-02-3.402661003e-02
-2.652139087e-02-1.822649335e-02-9.285294676e-03 8.723321436e-05 9.595850650e-03
 1.887600467e-02 2.787614784e-02 3.653256534e-02 4.477133819e-02 5.251212972e-02
 5.967388624e-02 6.618206329e-02 7.197641912e-02 7.701798212e-02 8.129373243e-02
 8.481794735e-02 8.762995181e-02 8.978890997e-02 9.136694799e-02 9.244207918e-02
 9.309211576e-02 9.339020944e-02 9.340212989e-02 9.318511234e-02 9.279132018e-02
 1.666242905e-03 3.773754838e-03 6.728938683e-03 1.052951161e-02 1.487512571e-02
 1.664517697e-02 1.488855363e-02 1.264430737e-02 1.011018180e-02 7.284576008e-03
 4.176639814e-03 8.054984640e-04-2.805102747e-03-6.626873749e-03-1.062715432e-02
-1.476919420e-02-1.901253753e-02-2.331350170e-02-2.762573225e-02-3.190080744e-02
-3.608886071e-02-4.013918468e-02-4.400077972e-02-4.762281190e-02-5.095494990e-02
-5.394755903e-02-5.655174103e-02-5.871922239e-02-6.040211042e-02-6.155255605e-02
-6.212238546e-02-6.206279090e-02-6.132420462e-02-5.985652053e-02-5.760987592e-02
-5.453625859e-02-5.059225781e-02-4.574331810e-02-3.996986181e-02-3.327558347e-02
-2.569803573e-02-1.732125845e-02-8.289585275e-03 1.179137508e-03 1.078374925e-02
 2.019621818e-02 2.936365063e-02 3.821671024e-02 4.667023325e-02 5.462644745e-02
 6.198171276e-02 6.863684836e-02 7.450967420e-02 7.954703759e-02 8.373310328e-02
 8.709143060e-02 8.968019190e-02 9.158213513e-02 9.289247644e-02 9.370797497e-02
 9.411915251e-02 9.420599686e-02 9.403643094e-02 9.366645535e-02 9.313713666e-02
 1.672451796e-03 3.787860424e-03 6.754212778e-03 1.056923869e-02 1.491116559e-02
 1.665695856e-02 1.500197344e-02 1.277929878e-02 1.027894692e-02 7.491644720e-03
 4.424905959e-03 1.097540246e-03-2.467043220e-03-6.240914080e-03-1.019178998e-02
-1.428330723e-02-1.847539292e-02-2.272472973e-02-2.698529555e-02-3.120895267e-02
-3.534605505e-02-3.934603823e-02-4.315795527e-02-4.673092380e-02-5.001445396e-02
-5.295863513e-02-5.551416982e-02-5.763225685e-02-5.926434227e-02-6.036177615e-02
-6.087543663e-02-6.075541079e-02-5.995085616e-02-5.841020811e-02-5.608194744e-02
-5.291619821e-02-4.886748248e-02-4.389900608e-02-3.798886609e-02-3.113852363e-02
-2.338372576e-02-1.480772862e-02-5.556115568e-03 4.148316184e-03 1.399343526e-02
 2.376116453e-02 3.340268033e-02 4.284140961e-02 5.196600127e-02 6.062644570e-02
 6.863980016e-02 7.581111957e-02 8.196765061e-02 8.699580308e-02 9.086832748e-02
 9.365121547e-02 9.548556414e-02 9.655094077e-02 9.702697005e-02 9.706831076e-02
 9.679623060e-02 9.630086557e-02 9.564746437e-02 9.488284265e-02 9.404249689e-02
 1.682880872e-03 3.811562711e-03 6.796698552e-03 1.063622071e-02 1.501756953e-02
 1.682175362e-02 1.517522523e-02 1.300511519e-02 1.056128857e-02 7.837695934e-03
 4.839528456e-03 1.585118623e-03-1.902667751e-03-5.596495321e-03-9.464713593e-03
-1.347160957e-02-1.757775905e-02-2.174046830e-02-2.591428931e-02-3.005158431e-02
-3.410310932e-02-3.801858239e-02-4.174720073e-02-4.523807270e-02-4.844053487e-02
-5.130433199e-02-5.377964809e-02-5.581699049e-02-5.736694426e-02-5.837983445e-02
-5.880535683e-02-5.859226564e-02-5.768824197e-02-5.604010753e-02-5.359459847e-02
-5.029996989e-02-4.610875882e-02-4.098208095e-02-3.489585230e-02-2.784927693e-02
-1.987577375e-02-1.105616729e-02-1.533360233e-03 8.473142127e-03 1.865441661e-02
 2.897651415e-02 3.942682419e-02 4.996313395e-02 6.048287622e-02 7.077277385e-02
 8.045715139e-02 8.903151457e-02 9.601406768e-02 1.010705379e-01 1.041177109e-01
 1.053837695e-01 1.053429558e-01 1.045219368e-01 1.033115732e-01 1.019382999e-01
 1.005190603e-01 9.911043095e-02 9.773758299e-02 9.640984399e-02 9.513126644e-02
 1.697231970e-03 3.844187122e-03 6.855191033e-03 1.072840616e-02 1.515462031e-02
 1.701461391e-02 1.541765702e-02 1.331654503e-02 1.095071471e-02 8.315313483e-03
 5.412263242e-03 2.259266538e-03-1.121539787e-03-4.703630082e-03-8.456221856e-03
-1.234450379e-02-1.632995943e-02-2.037077849e-02-2.442234023e-02-2.843774593e-02
-3.236837198e-02-3.616441083e-02-3.977536583e-02-4.315046710e-02-4.623897978e-02
-4.899038330e-02-5.135441025e-02-5.328094678e-02-5.471981222e-02-5.562045522e-02
-5.593162701e-02-5.560112079e-02-5.457570049e-02-5.280138387e-02-5.022429310e-02
-4.679234038e-02-4.245806950e-02-3.718301555e-02-3.094395197e-02-2.374133338e-02
-1.561006478e-02-6.632371367e-03 3.048010254e-03 1.321207188e-02 2.370465985e-02
 3.460120112e-02 4.599782729e-02 5.801606464e-02 7.080538474e-02 8.454034003e-02
 9.913774368e-02 1.114516029e-01 1.212935652e-01 1.267329300e-01 1.273679930e-01
 1.239557832e-01 1.185447067e-01 1.139123777e-01 1.100433405e-01 1.067804478e-01
 1.039954804e-01 1.015856521e-01 9.947029654e-02 9.758678808e-02 9.588179413e-02
 1.715073777e-03 3.884761995e-03 6.927967340e-03 1.084308443e-02 1.530890432e-02
 1.720240901e-02 1.572513107e-02 1.370552627e-02 1.143750273e-02 8.913193386e-03
 6.130476740e-03 3.106220898e-03-1.383675222e-04-3.577775054e-03-7.182301881e-03
-1.091826838e-02-1.474830998e-02-1.863175453e-02-2.252506877e-02-2.638235363e-02
-3.015586197e-02-3.379650903e-02-3.725434366e-02-4.047895004e-02-4.341975305e-02
-4.602620780e-02-4.824786348e-02-5.003430480e-02-5.133499027e-02-5.209902609e-02
-5.227493832e-02-5.181053404e-02-5.065297674e-02-4.874924159e-02-4.604716226e-02
-4.249732995e-02-3.805614988e-02-3.269038647e-02-2.638351124e-02-1.914406735e-02
-1.101602596e-02-2.090692143e-03 7.481060523e-03 1.747777548e-02 2.791941694e-02
 3.893067748e-02 5.069053553e-02 6.346339815e-02 7.765163930e-02 9.387490157e-02
 1.129013926e-01 1.295252895e-01 1.406103703e-01 1.455216000e-01 1.438175150e-01
 1.364219641e-01 1.265397851e-01 1.191047727e-01 1.134383319e-01 1.089889406e-01
 1.053943293e-01 1.024157414e-01 9.989169422e-02 9.770995554e-02 9.579478365e-02
 1.735830935e-03 3.931990106e-03 7.012726349e-03 1.097689140e-02 1.552413340e-02
 1.753583294e-02 1.607148644e-02 1.416033519e-02 1.200772907e-02 9.614404458e-03
 6.975945607e-03 4.106384709e-03 1.025935448e-03-2.241005919e-03-5.665966131e-03
-9.216576350e-03-1.285683377e-02-1.654744027e-02-2.024620732e-02-2.390850949e-02
-2.748776359e-02-3.093590648e-02-3.420384321e-02-3.724183825e-02-3.999982613e-02
-4.242762507e-02-4.447504649e-02-4.609190685e-02-4.722796403e-02-4.783282056e-02
-4.785586007e-02-4.724631143e-02-4.595356940e-02-4.392793891e-02-4.112201287e-02
-3.749293569e-02-3.300583822e-02-2.763873920e-02-2.138916737e-02-1.428263855e-02
-6.382875253e-03 2.196861392e-03 1.128237061e-02 2.070030806e-02 3.052182153e-02
 4.084281441e-02 5.179314173e-02 6.355181227e-02 7.637435798e-02 9.066819571e-02
 1.077253717e-01 1.232868948e-01 1.341191220e-01 1.367993409e-01 1.352621975e-01
 1.295519283e-01 1.213756565e-01 1.154139436e-01 1.106692991e-01 1.067908090e-01
 1.035579553e-01 1.008159137e-01 9.845207002e-02 9.638293024e-02 9.454308031e-02
 1.758764997e-03 3.984208034e-03 7.106519933e-03 1.112496569e-02 1.572210969e-02
 1.777994161e-02 1.647323871e-02 1.466726962e-02 1.264386113e-02 1.039772075e-02
 7.925213265e-03 5.234020434e-03 2.343467589e-03-7.231682391e-04-3.938716438e-03
-7.272249605e-03-1.068930170e-02-1.415216213e-02-1.762023515e-02-2.105044880e-02
-2.439769316e-02-2.761526489e-02-3.065529343e-02-3.346912585e-02-3.600765099e-02
-3.822155031e-02-4.006147306e-02-4.147814599e-02-4.242244459e-02-4.284547261e-02
-4.269872063e-02-4.193440209e-02-4.050609769e-02-3.836987374e-02-3.548607656e-02
-3.182203534e-02-2.735592337e-02-2.208201615e-02-1.601752405e-02-9.211015287e-03
-1.752144711e-03 6.217697040e-03 1.449563815e-02 2.299933206e-02 3.175575164e-02
 4.078937475e-02 5.011630564e-02 5.972957462e-02 6.956553670e-02 7.942957245e-02
 8.886760424e-02 9.713701903e-02 1.035282556e-01 1.076424855e-01 1.094368884e-01
 1.092463344e-01 1.077362972e-01 1.056226560e-01 1.033562160e-01 1.011438625e-01
 9.906578340e-02 9.714450500e-02 9.537722845e-02 9.375081346e-02 9.224945424e-02
 1.782945305e-03 4.039324648e-03 7.205652444e-03 1.128178031e-02 1.595173875e-02
 1.809863824e-02 1.689162766e-02 1.520840625e-02 1.332522932e-02 1.123966813e-02
 8.949775908e-03 6.456561511e-03 3.778206133e-03 9.366999304e-04-2.042218452e-03
-5.129195801e-03-8.291461415e-03-1.149308740e-02-1.469530704e-02-1.785688082e-02
-2.093449445e-02-2.388317054e-02-2.665667432e-02-2.920789534e-02-3.148919090e-02
-3.345268402e-02-3.505051850e-02-3.623508644e-02-3.695926027e-02-3.717668029e-02
-3.684217188e-02-3.591239237e-02-3.434683486e-02-3.210934532e-02-2.917033145e-02
-2.550985930e-02-2.112182417e-02-1.601933092e-02-1.024129502e-02-3.860133072e-03
 3.009753546e-03 1.020453375e-02 1.753210027e-02 2.498301128e-02 3.254249461e-02
 4.018447714e-02 4.786434254e-02 5.550870506e-02 6.300261126e-02 7.017826382e-02
 7.681583589e-02 8.266975402e-02 8.752043301e-02 9.122953773e-02 9.377457115e-02
 9.525228214e-02 9.584951141e-02 9.579047748e-02 9.528459272e-02 9.449746144e-02
 9.354663037e-02 9.251004159e-02 9.143705273e-02 9.035780803e-02 8.929323515e-02
 1.807194056e-03 4.094702921e-03 7.305495695e-03 1.144022099e-02 1.619994788e-02
 1.846840047e-02 1.731572939e-02 1.576111118e-02 1.402422520e-02 1.210718049e-02
 1.000969278e-02 7.731058661e-03 5.283691943e-03 2.688522850e-03-3.005035736e-05
-2.844257602e-03-5.723108439e-03-8.632606871e-03-1.153602512e-02-1.439422553e-02
-1.716601816e-02-1.980853974e-02-2.227763918e-02-2.452825708e-02-2.651479062e-02
-2.819144228e-02-2.951256067e-02-3.043299424e-02-3.090849414e-02-3.089622082e-02
-3.035542937e-02-2.924842976e-02-2.754194136e-02-2.520897629e-02-2.223140086e-02
-1.860330280e-02-1.433525705e-02-9.459515977e-03-4.036064175e-03 1.840944033e-03
 8.037714155e-03 1.437361620e-02 2.078300717e-02 2.724046436e-02 3.371261262e-02
 4.015638508e-02 4.651655627e-02 5.272336099e-02 5.869127349e-02 6.432057377e-02
 6.950343803e-02 7.413523689e-02 7.812940162e-02 8.143186653e-02 8.403044085e-02
 8.595597089e-02 8.727495614e-02 8.807622998e-02 8.845617531e-02 8.850666457e-02
 8.830778736e-02 8.792510608e-02 8.740997246e-02 8.680128173e-02 8.612199129e-02
 1.829970254e-03 4.146901163e-03 7.400042446e-03 1.159099443e-02 1.640241647e-02
 1.871555214e-02 1.773376611e-02 1.629665749e-02 1.470747628e-02 1.296182132e-02
 1.106128944e-02 9.007277164e-03 6.803949511e-03 4.471091712e-03 2.031679781e-03
-4.881680252e-04-3.059333739e-03-5.649895122e-03-8.225366161e-03-1.074898230e-02
-1.318202193e-02-1.548415470e-02-1.761380722e-02-1.952853909e-02-2.118542675e-02
-2.254145967e-02-2.355396241e-02-2.418106889e-02-2.438228841e-02-2.411921934e-02
-2.335648346e-02-2.206297186e-02-2.021350022e-02-1.779098683e-02-1.478923651e-02
-1.121643439e-02-7.099377440e-03-2.488310636e-03 2.538181622e-03 7.868113069e-03
 1.335087497e-02 1.891382953e-02 2.452292973e-02 3.014031679e-02 3.572371247e-02
 4.122594109e-02 4.659481467e-02 5.177356466e-02 5.670212469e-02 6.131952443e-02
 6.556748072e-02 6.939494718e-02 7.276296413e-02 7.564881868e-02 7.804848734e-02
 7.997667786e-02 8.146440805e-02 8.255471688e-02 8.329753297e-02 8.374477212e-02
 8.394643613e-02 8.394803433e-02 8.378926205e-02 8.350373822e-02 8.312317896e-02
 1.849189733e-03 4.191250078e-03 7.481098305e-03 1.172180469e-02 1.661150388e-02
 1.903858673e-02 1.810052100e-02 1.678100918e-02 1.533568617e-02 1.375797925e-02
 1.205233744e-02 1.022231421e-02 8.271118886e-03 6.211059895e-03 4.063925240e-03
 1.854279865e-03-3.906469558e-04-2.641107241e-03-4.865043869e-03-7.028342921e-03
-9.095123695e-03-1.102805891e-02-1.278872002e-02-1.433794566e-02-1.563623655e-02
-1.664418714e-02-1.732297389e-02-1.763492925e-02-1.754424396e-02-1.701785316e-02
-1.602657337e-02-1.454656093e-02-1.256118867e-02-1.006339368e-02-7.058616250e-03
-3.568217718e-03 3.668152005e-04 4.681809376e-03 9.284302537e-03 1.404199067e-02
 1.891947262e-02 2.387562131e-02 2.886637325e-02 3.384479806e-02 3.876195873e-02
 4.356764410e-02 4.821109944e-02 5.264252975e-02 5.681535905e-02 6.068865245e-02
 6.422917551e-02 6.741283885e-02 7.022548671e-02 7.266307512e-02 7.473128193e-02
 7.644457138e-02 7.782475778e-02 7.889918256e-02 7.969869723e-02 8.025568344e-02
 8.060231850e-02 8.076922343e-02 8.078454103e-02 8.067338165e-02 8.045658781e-02
 1.862024834e-03 4.221380434e-03 7.537444229e-03 1.181525511e-02 1.675000844e-02
 1.923288141e-02 1.840165118e-02 1.717688421e-02 1.586096736e-02 1.444148934e-02
 1.292269753e-02 1.131020274e-02 9.609325741e-03 7.825384342e-03 5.976663086e-03
 4.086065360e-03 2.178869538e-03 2.825290394e-04-1.573529184e-03-3.358149969e-03
-5.038723265e-03-6.581483508e-03-7.951834087e-03-9.114700780e-03-1.003492321e-02
-1.067770063e-02-1.100911450e-02-1.099676512e-02-1.061056275e-02-9.823722270e-03
-8.614024709e-03-6.965438118e-03-4.870094529e-03-2.330698971e-03 6.368581455e-04
 4.000040054e-03 7.706369743e-03 1.167447770e-02 1.584774247e-02 2.019326584e-02
 2.467430677e-02 2.924582449e-02 3.385249464e-02 3.842878076e-02 4.291740929e-02
 4.726553445e-02 5.141539730e-02 5.531089146e-02 5.890575637e-02 6.216887292e-02
 6.508568658e-02 6.765628256e-02 6.989154396e-02 7.180905560e-02 7.342988736e-02
 7.477658185e-02 7.587210811e-02 7.673936882e-02 7.740092534e-02 7.787875688e-02
 7.819399624e-02 7.836665571e-02 7.841537929e-02 7.835722310e-02 7.820678524e-02
 1.864815134e-03 4.228831091e-03 7.553686438e-03 1.184704846e-02 1.680050677e-02
 1.930703256e-02 1.856601695e-02 1.741914204e-02 1.622091000e-02 1.494503032e-02
 1.360098709e-02 1.219490888e-02 1.073314029e-02 9.222427182e-03 7.671245831e-03
 6.101050700e-03 4.535197874e-03 2.998824036e-03 1.518560614e-03 1.222743257e-04
-1.161204348e-03-2.302362619e-03-3.271304066e-03-4.038071636e-03-4.573008408e-03
-4.847176718e-03-4.832875683e-03-4.504285048e-03-3.838277524e-03-2.815437850e-03
-1.421322548e-03 3.520279574e-04 2.503902988e-03 5.022843910e-03 7.884688638e-03
 1.104377095e-02 1.446745604e-02 1.814362556e-02 2.205440697e-02 2.617996482e-02
 3.049749387e-02 3.494275100e-02 3.947157244e-02 4.394380785e-02 4.827099767e-02
 5.245662907e-02 5.639104107e-02 5.996358244e-02 6.310172094e-02 6.578045889e-02
 6.802010365e-02 6.987109245e-02 7.139422658e-02 7.264597467e-02 7.367207982e-02
 7.450710522e-02 7.517661286e-02 7.569986153e-02 7.609208742e-02 7.636611696e-02
 7.653336876e-02 7.660439878e-02 7.658914613e-02 7.649708738e-02 7.634102587e-02
 1.853802573e-03 4.204358823e-03 7.511402599e-03 1.178451755e-02 1.674111737e-02
 1.928707927e-02 1.849994313e-02 1.742151677e-02 1.632242113e-02 1.518470855e-02
 1.400819122e-02 1.279795294e-02 1.156149957e-02 1.030766861e-02 9.046006830e-03
 7.789449172e-03 6.560051624e-03 5.380809397e-03 4.275466315e-03 3.268230505e-03
 2.383519224e-03 1.645702365e-03 1.078843378e-03 7.064276789e-04 5.510719877e-04
 6.341966158e-04 9.756485333e-04 1.593102601e-03 2.501246839e-03 3.710878695e-03
 5.228115927e-03 7.053423176e-03 9.177010239e-03 1.157215536e-02 1.424259926e-02
 1.718761387e-02 2.040524128e-02 2.389578322e-02 2.766068239e-02 3.170359977e-02
 3.603508801e-02 4.051926023e-02 4.515414678e-02 4.994922285e-02 5.476742097e-02
 5.945049964e-02 6.373955938e-02 6.734290243e-02 7.008870490e-02 7.197493730e-02
 7.316838691e-02 7.390856578e-02 7.438535292e-02 7.471368430e-02 7.495482222e-02
 7.513772977e-02 7.527388326e-02 7.536631259e-02 7.541463672e-02 7.541766046e-02
 7.537458938e-02 7.528549721e-02 7.515140324e-02 7.497405397e-02 7.474981527e-02
 1.827562560e-03 4.144216291e-03 7.401825268e-03 1.160650152e-02 1.644693839e-02
 1.880853702e-02 1.791877036e-02 1.700592680e-02 1.607369359e-02 1.509359766e-02
 1.408160620e-02 1.305266267e-02 1.202092131e-02 1.100004494e-02 1.000330611e-02
 9.043658097e-03 8.136623682e-03 7.303250838e-03 6.564145669e-03 5.939288006e-03
 5.447799814e-03 5.107738079e-03 4.935859341e-03 4.947389182e-03 5.155831862e-03
 5.572914084e-03 6.208754024e-03 7.071316076e-03 8.165039130e-03 9.488662894e-03
 1.103461727e-02 1.281245274e-02 1.482791304e-02 1.708511784e-02 1.959179389e-02
 2.235783604e-02 2.539524685e-02 2.871868529e-02 3.234618936e-02 3.629950418e-02
 4.060073708e-02 4.526047547e-02 5.030753931e-02 5.583325726e-02 6.194464016e-02
 6.894800403e-02 7.553287183e-02 8.009297246e-02 8.229358218e-02 8.206166809e-02
 8.044658731e-02 7.913411588e-02 7.803295885e-02 7.717273418e-02 7.651292629e-02
 7.600287033e-02 7.559828850e-02 7.526405973e-02 7.497345253e-02 7.470660746e-02
 7.444906870e-02 7.419056921e-02 7.392409686e-02 7.364529025e-02 7.335528076e-02
 1.788009964e-03 4.054525602e-03 7.241252562e-03 1.135287991e-02 1.608031311e-02
 1.830886049e-02 1.727330286e-02 1.639301736e-02 1.556654524e-02 1.469212373e-02
 1.379877630e-02 1.290895035e-02 1.204265284e-02 1.121794045e-02 1.045124565e-02
 9.757636743e-03 9.151077067e-03 8.646393945e-03 8.260483923e-03 8.008183061e-03
 7.902147456e-03 7.952759134e-03 8.167810375e-03 8.552074694e-03 9.106704828e-03
 9.828246466e-03 1.071551550e-02 1.176906406e-02 1.298856340e-02 1.437390070e-02
 1.592673552e-02 1.765327334e-02 1.956325724e-02 2.166984164e-02 2.398946403e-02
 2.654204711e-02 2.935117733e-02 3.244379186e-02 3.585021717e-02 3.960549686e-02
 4.375322055e-02 4.835383046e-02 5.349922861e-02 5.933506649e-02 6.609196427e-02
 7.401260841e-02 8.118886470e-02 8.600151920e-02 8.848379369e-02 8.857166173e-02
 8.611341905e-02 8.267243714e-02 8.024876853e-02 7.853531381e-02 7.727511935e-02
 7.631328266e-02 7.555264608e-02 7.492961416e-02 7.440105549e-02 7.393688237e-02
 7.351564876e-02 7.312182405e-02 7.274402156e-02 7.237369384e-02 7.200402856e-02
 1.734922781e-03 3.936211898e-03 7.035298067e-03 1.104141555e-02 1.566209641e-02
 1.779345291e-02 1.662248460e-02 1.569249965e-02 1.482802033e-02 1.395774103e-02
 1.310277136e-02 1.228658383e-02 1.153135998e-02 1.085726954e-02 1.028218466e-02
 9.821661140e-03 9.489103864e-03 9.296050960e-03 9.252752822e-03 9.367321565e-03
 9.643801567e-03 1.008407107e-02 1.068645114e-02 1.144544679e-02 1.235179749e-02
 1.339312794e-02 1.455576481e-02 1.582646990e-02 1.719422968e-02 1.865237654e-02
 2.020045812e-02 2.184518294e-02 2.360062351e-02 2.549263471e-02 2.754637388e-02
 2.978498063e-02 3.225375244e-02 3.499055894e-02 3.803484607e-02 4.142234194e-02
 4.518028706e-02 4.934960172e-02 5.397790675e-02 5.912146964e-02 6.485467431e-02
 7.127496672e-02 7.710198727e-02 8.125681369e-02 8.369747310e-02 8.433967396e-02
 8.304840220e-02 8.083104018e-02 7.908382552e-02 7.768725231e-02 7.654727945e-02
 7.559796644e-02 7.479174628e-02 7.409380280e-02 7.347813623e-02 7.292489486e-02
 7.241860849e-02 7.194701536e-02 7.150026027e-02 7.107025169e-02 7.064701818e-02
 1.661228086e-03 3.772921677e-03 6.753145159e-03 1.061775776e-02 1.506666004e-02
 1.700063158e-02 1.573507645e-02 1.465662314e-02 1.368260002e-02 1.273310739e-02
 1.183903624e-02 1.102936113e-02 1.033024087e-02 9.764156965e-03 9.349513031e-03
 9.100731710e-03 9.028688853e-03 9.141228603e-03 9.443495579e-03 9.937845045e-03
 1.062330874e-02 1.149500234e-02 1.254304774e-02 1.375144401e-02 1.509722210e-02
 1.655046060e-02 1.807585107e-02 1.963636351e-02 2.119893342e-02 2.274101114e-02
 2.425427150e-02 2.574653408e-02 2.727254106e-02 2.883970638e-02 3.049216038e-02
 3.227170156e-02 3.424324999e-02 3.645616556e-02 3.896106503e-02 4.179804457e-02
 4.498228709e-02 4.852536236e-02 5.240907337e-02 5.656957224e-02 6.087724629e-02
 6.511255544e-02 6.897614821e-02 7.217644675e-02 7.452105713e-02 7.594817325e-02
 7.653774340e-02 7.649860246e-02 7.608031234e-02 7.547402560e-02 7.479423958e-02
 7.410295546e-02 7.343166295e-02 7.279458129e-02 7.219620317e-02 7.163565423e-02
 7.110925527e-02 7.061203769e-02 7.013863945e-02 6.968396687e-02 6.924934155e-02
 1.553229269e-03 3.534074662e-03 6.341288354e-03 1.000029223e-02 1.423925030e-02
 1.597416624e-02 1.440489312e-02 1.309092870e-02 1.190421863e-02 1.078024364e-02
 9.762541813e-03 8.890868685e-03 8.198964853e-03 7.712353207e-03 7.447951162e-03
 7.415459520e-03 7.619636292e-03 8.062413292e-03 8.744192481e-03 9.664124153e-03
 1.081945843e-02 1.220403026e-02 1.380580806e-02 1.560333394e-02 1.756109076e-02
 1.962464998e-02 2.171823346e-02 2.374945473e-02 2.562572121e-02 2.727626991e-02
 2.871016374e-02 2.993820659e-02 3.101583663e-02 3.202657091e-02 3.304889814e-02
 3.415301451e-02 3.540327284e-02 3.686503832e-02 3.861131599e-02 4.072193207e-02
 4.326800524e-02 4.628287048e-02 4.973433112e-02 5.351655665e-02 5.746334100e-02
 6.136878542e-02 6.500697398e-02 6.815732992e-02 7.064381711e-02 7.237951367e-02
 7.339021759e-02 7.379615318e-02 7.376114761e-02 7.344183644e-02 7.296038177e-02
 7.240023816e-02 7.181328672e-02 7.122921358e-02 7.066332269e-02 7.012207051e-02
 6.960670292e-02 6.911555621e-02 6.864548196e-02 6.819258901e-02 6.774551657e-02
 1.388882833e-03 3.171110080e-03 5.717902296e-03 9.072935971e-03 1.297089929e-02
 1.433955687e-02 1.244620312e-02 1.075172999e-02 9.192986472e-03 7.763044407e-03
 6.506378244e-03 5.491735071e-03 4.771208920e-03 4.371893131e-03 4.297227076e-03
 4.536825916e-03 5.077236548e-03 5.908527349e-03 7.026229158e-03 8.430565704e-03
 1.012477185e-02 1.211320649e-02 1.439881729e-02 1.697838343e-02 1.983244893e-02
 2.290506210e-02 2.606958750e-02 2.909347992e-02 3.165589916e-02 3.352095482e-02
 3.462118484e-02 3.510027961e-02 3.523737648e-02 3.526289247e-02 3.531063497e-02
 3.544076291e-02 3.567710139e-02 3.604428560e-02 3.661760746e-02 3.759219398e-02
 3.928999606e-02 4.197604631e-02 4.563669894e-02 4.998297451e-02 5.466944886e-02
 5.943686136e-02 6.404101336e-02 6.811538204e-02 7.118553864e-02 7.294814434e-02
 7.351587195e-02 7.331603909e-02 7.276132827e-02 7.208614824e-02 7.139330340e-02
 7.072323535e-02 7.009016925e-02 6.949730686e-02 6.894303556e-02 6.842358976e-02
 6.793428317e-02 6.747012429e-02 6.702615994e-02 6.659777841e-02 6.618456232e-02
 1.134904222e-03 2.603876427e-03 4.733818291e-03 7.607391821e-03 1.102261838e-02
 1.199159987e-02 9.817695955e-03 7.460270320e-03 5.256118585e-03 3.212336782e-03
 1.457883893e-03 1.562062314e-04-5.764223453e-04-7.427052486e-04-4.335370001e-04
 2.531341970e-04 1.258788471e-03 2.563497540e-03 4.170098006e-03 6.092007564e-03
 8.348024357e-03 1.096282693e-02 1.397146677e-02 1.742672844e-02 2.140848066e-02
 2.603056863e-02 3.141424179e-02 3.741964005e-02 4.255201028e-02 4.486954249e-02
 4.406452764e-02 4.176308334e-02 3.971245244e-02 3.818647000e-02 3.706799781e-02
 3.620105902e-02 3.542185863e-02 3.452808245e-02 3.320441387e-02 3.072202848e-02
 2.958578884e-02 3.208325142e-02 3.861325825e-02 4.570105336e-02 5.208287043e-02
 5.849494436e-02 6.558945049e-02 7.471600005e-02 8.020964816e-02 8.109176358e-02
 7.703142261e-02 7.396068166e-02 7.199387369e-02 7.062024157e-02 6.959028321e-02
 6.877323664e-02 6.809533448e-02 6.751223053e-02 6.699575519e-02 6.652713600e-02
 6.609331222e-02 6.568466060e-02 6.529338562e-02 6.491287773e-02 6.454027278e-02
 7.711389762e-04 1.758684425e-03 3.177308304e-03 5.104281965e-03 7.502863919e-03
 7.864419913e-03 5.417672847e-03 2.725731349e-03-2.295342253e-04-3.549325551e-03
-6.808142313e-03-8.931408325e-03-9.233486990e-03-8.175439683e-03-6.763058068e-03
-5.292506011e-03-3.707915303e-03-1.916960073e-03 1.557782142e-04 2.558561893e-03
 5.318512772e-03 8.455872199e-03 1.200163480e-02 1.601744765e-02 2.062304315e-02
 2.604822906e-02 3.275948950e-02 4.189301882e-02 5.077926468e-02 5.355139797e-02
 4.991200714e-02 4.420383786e-02 4.094852750e-02 3.885946003e-02 3.741937737e-02
 3.634396939e-02 3.543772301e-02 3.453391675e-02 3.348467595e-02 3.236000178e-02
 3.241065672e-02 3.468592172e-02 3.902853929e-02 4.444166082e-02 4.993095559e-02
 5.553606077e-02 6.142551350e-02 6.727884746e-02 7.162122774e-02 7.306364394e-02
 7.184158891e-02 7.002832833e-02 6.860519581e-02 6.754686464e-02 6.674327856e-02
 6.611260998e-02 6.559837190e-02 6.516013916e-02 6.477596718e-02 6.442265534e-02
 6.409271309e-02 6.377955061e-02 6.347889679e-02 6.317401653e-02 6.285435207e-02
 3.758336622e-04 8.165311139e-04 1.354543927e-03 1.860877712e-03 2.072648261e-03
 1.628474107e-03 3.143763676e-04-1.868405741e-03-4.979842559e-03-9.404464738e-03
-1.505402222e-02-1.817960201e-02-1.816651790e-02-1.480085722e-02-1.262854109e-02
-1.097717954e-02-9.343766709e-03-7.419307162e-03-5.046287149e-03-2.199038227e-03
 1.065255719e-03 4.668057602e-03 8.550136293e-03 1.268232272e-02 1.705487760e-02
 2.164716613e-02 2.635896509e-02 3.087878883e-02 3.460363941e-02 3.695238303e-02
 3.781308532e-02 3.765452769e-02 3.707607942e-02 3.646248579e-02 3.594821340e-02
 3.557219651e-02 3.534642923e-02 3.528656652e-02 3.546743883e-02 3.602418646e-02
 3.714590100e-02 3.896944907e-02 4.148438513e-02 4.454357848e-02 4.793255916e-02
 5.144619610e-02 5.487226502e-02 5.795297842e-02 6.041381048e-02 6.207501410e-02
 6.296877089e-02 6.330838654e-02 6.333947168e-02 6.323396238e-02 6.308069660e-02
 6.291822661e-02 6.275818484e-02 6.260039821e-02 6.244006813e-02 6.227028338e-02
 6.208479224e-02 6.188133259e-02 6.168010516e-02 6.146292169e-02 6.122251011e-02
 9.131526410e-05 1.669566371e-04 1.942289870e-04 8.781559945e-05-2.608733526e-04
-9.662446068e-04-2.123636457e-03-3.792248587e-03-5.974754074e-03-8.602088964e-03
-1.131606382e-02-1.353260993e-02-1.488285154e-02-1.559548557e-02-1.614385128e-02
-1.658518997e-02-1.643012839e-02-1.504675892e-02-1.222750239e-02-8.354891261e-03
-4.025254995e-03 3.869148946e-04 4.738109917e-03 8.984007604e-03 1.310106602e-02
 1.704917086e-02 2.075227384e-02 2.409503312e-02 2.694589208e-02 2.920759331e-02
 3.086698609e-02 3.200569110e-02 3.276365936e-02 3.328765458e-02 3.369951867e-02
 3.409088613e-02 3.453229912e-02 3.508514216e-02 3.580992033e-02 3.676689287e-02
 3.800715301e-02 3.955726422e-02 4.140623165e-02 4.350283691e-02 4.576351911e-02
 4.808426028e-02 5.035135229e-02 5.245268477e-02 5.429375257e-02 5.581653443e-02
 5.701124061e-02 5.791164071e-02 5.857604637e-02 5.906588980e-02 5.943192968e-02
 5.970966655e-02 5.992044164e-02 6.007464017e-02 6.017513163e-02 6.022036966e-02
 6.020703566e-02 6.013093023e-02 6.003462041e-02 5.989083912e-02 5.968757382e-02
-5.352668676e-05-1.463371103e-04-3.224724055e-04-6.247637843e-04-1.101558051e-03
-1.799532183e-03-2.754726125e-03-3.980509368e-03-5.459683074e-03-7.152960844e-03
-8.994839275e-03-1.093836031e-02-1.302772415e-02-1.550972349e-02-1.889779683e-02
-2.420551021e-02-3.001907713e-02-2.980887374e-02-2.367162974e-02-1.454555315e-02
-7.892297529e-03-2.397607353e-03 2.416421025e-03 6.757907540e-03 1.071866879e-02
 1.433136545e-02 1.759665277e-02 2.050029087e-02 2.302739779e-02 2.517521724e-02
 2.696209203e-02 2.842957281e-02 2.963725084e-02 3.065353892e-02 3.154692145e-02
 3.238049296e-02 3.320995584e-02 3.408358911e-02 3.504238234e-02 3.611906362e-02
 3.733571133e-02 3.870069488e-02 4.020636188e-02 4.182874688e-02 4.352973831e-02
 4.526128770e-02 4.697094617e-02 4.860812613e-02 5.013041619e-02 5.150880262e-02
 5.273031777e-02 5.379716381e-02 5.472269087e-02 5.552580598e-02 5.622560257e-02
 5.683731411e-02 5.736985140e-02 5.782477046e-02 5.819660738e-02 5.847479382e-02
 5.864730636e-02 5.870477674e-02 5.868963960e-02 5.858462728e-02 5.839646966e-02
-1.057703712e-04-2.525358384e-04-4.812916891e-04-8.120296871e-04-1.266117261e-03
-1.863141338e-03-2.617749773e-03-3.535427843e-03-4.605158645e-03-5.832835768e-03
-7.216821642e-03-8.770266386e-03-1.054087451e-02-1.263930397e-02-1.517069902e-02
-1.798410049e-02-1.998819109e-02-1.944107139e-02-1.602514821e-02-1.097314905e-02
-5.862870016e-03-1.123940530e-03 3.221791889e-03 7.192632164e-03 1.079262325e-02
 1.401723486e-02 1.686753441e-02 1.935854166e-02 2.151899515e-02 2.338636056e-02
 2.500200593e-02 2.640854112e-02 2.764865639e-02 2.876429572e-02 2.979568230e-02
 3.078028862e-02 3.175193797e-02 3.274005862e-02 3.376896839e-02 3.485707075e-02
 3.601597685e-02 3.724974080e-02 3.855450407e-02 3.991882392e-02 4.132482273e-02
 4.275011123e-02 4.417028027e-02 4.556164558e-02 4.690385560e-02 4.818194076e-02
 4.938743604e-02 5.051837878e-02 5.157822571e-02 5.257392792e-02 5.351343891e-02
 5.440278619e-02 5.524260286e-02 5.602392227e-02 5.672359465e-02 5.730183845e-02
 5.770825286e-02 5.790325849e-02 5.788411829e-02 5.771208713e-02 5.743281685e-02
-1.094448046e-04-2.537404238e-04-4.661298778e-04-7.548696155e-04-1.128267569e-03
-1.593245712e-03-2.154018331e-03-2.808830300e-03-3.546030357e-03-4.367253452e-03
-5.262522681e-03-6.206074801e-03-7.173294278e-03-8.116976489e-03-8.925713483e-03
-9.401162748e-03-9.269636828e-03-8.284761738e-03-6.368580723e-03-3.655128502e-03
-3.981466129e-04 3.149206693e-03 6.775020367e-03 1.028553719e-02 1.349160416e-02
 1.624755838e-02 1.850967613e-02 2.034258434e-02 2.186226892e-02 2.317464182e-02
 2.435249597e-02 2.544060444e-02 2.646725105e-02 2.745278097e-02 2.841416078e-02
 2.936683074e-02 3.032508796e-02 3.130177890e-02 3.230772076e-02 3.335107009e-02
 3.443676898e-02 3.556617091e-02 3.673693585e-02 3.794326078e-02 3.917646948e-02
 4.042593048e-02 4.168021703e-02 4.292837997e-02 4.416118114e-02 4.537213921e-02
 4.655827277e-02 4.772048266e-02 4.886357869e-02 4.999599208e-02 5.112917981e-02
 5.227654311e-02 5.345117298e-02 5.466040142e-02 5.589153092e-02 5.707391034e-02
 5.800164566e-02 5.836602997e-02 5.811957779e-02 5.752926277e-02 5.682405329e-02
-9.123571687e-05-2.086605680e-04-3.765028732e-04-5.968889484e-04-8.712653876e-04
-1.199577592e-03-1.579331066e-03-2.001997830e-03-2.452383638e-03-2.921839933e-03
-3.387905246e-03-3.813014779e-03-4.161610400e-03-4.377785528e-03-4.383958201e-03
-4.085987857e-03-3.385236451e-03-2.198541143e-03-4.767672114e-04 1.790523106e-03
 4.588884392e-03 7.897259586e-03 1.167760267e-02 1.575726733e-02 1.944541558e-02
 2.184329502e-02 2.283677456e-02 2.313580489e-02 2.338910772e-02 2.377667733e-02
 2.430175621e-02 2.493267031e-02 2.564009573e-02 2.640336859e-02 2.720969643e-02
 2.805214540e-02 2.892771809e-02 2.983576065e-02 3.077669987e-02 3.175107376e-02
 3.275882581e-02 3.379884681e-02 3.486875617e-02 3.596491475e-02 3.708265276e-02
 3.821668335e-02 3.936165810e-02 4.051281092e-02 4.166663589e-02 4.282155535e-02
 4.397856053e-02 4.514184810e-02 4.631953659e-02 4.752463548e-02 4.877658392e-02
 5.010394729e-02 5.154943594e-02 5.317976481e-02 5.510648104e-02 5.753622919e-02
 6.077835926e-02 6.169684547e-02 5.950279102e-02 5.746608764e-02 5.602223215e-02
-6.557745137e-05-1.485848773e-04-2.646843269e-04-4.129302316e-04-5.913247687e-04
-7.962769323e-04-1.022097047e-03-1.259950936e-03-1.482537160e-03-1.689280458e-03
-1.847818999e-03-1.924972548e-03-1.899900531e-03-1.730039841e-03-1.365881602e-03
-7.547690302e-04 1.547822984e-04 1.410885090e-03 3.058047466e-03 5.141616878e-03
 7.724288128e-03 1.092246781e-02 1.496920195e-02 2.048402850e-02 2.629963073e-02
 2.868166522e-02 2.759010328e-02 2.501233158e-02 2.401314762e-02 2.372684889e-02
 2.382781849e-02 2.416615326e-02 2.466100603e-02 2.526482510e-02 2.594829999e-02
 2.669294163e-02 2.748696354e-02 2.832277525e-02 2.919535193e-02 3.010113227e-02
 3.103726900e-02 3.200113904e-02 3.299006018e-02 3.400118093e-02 3.503151750e-02
 3.607811301e-02 3.713829367e-02 3.820999621e-02 3.929214493e-02 4.038506462e-02
 4.149093172e-02 4.261428893e-02 4.376268466e-02 4.494755211e-02 4.618552900e-02
 4.750056560e-02 4.892742474e-02 5.051763468e-02 5.234995001e-02 5.455341531e-02
 5.764940716e-02 5.845608882e-02 5.659079485e-02 5.487634493e-02 5.359491089e-02
-3.979204786e-05-8.930018890e-05-1.569175019e-04-2.404788990e-04-3.367760978e-04
-4.412415528e-04-5.474237939e-04-6.433286295e-04-7.086201323e-04-7.306541301e-04
-6.870154105e-04-5.606810249e-04-3.384342577e-04 5.834391212e-06 5.200849876e-04
 1.253347414e-03 2.201434205e-03 3.391152053e-03 4.849393701e-03 6.598429202e-03
 8.655002068e-03 1.102451112e-02 1.365598904e-02 1.637365623e-02 1.879150491e-02
 2.049167329e-02 2.136374669e-02 2.167970257e-02 2.182961814e-02 2.202633380e-02
 2.233082796e-02 2.274478392e-02 2.325369214e-02 2.384122934e-02 2.449330572e-02
 2.519876635e-02 2.594907981e-02 2.673778144e-02 2.755992524e-02 2.841162450e-02
 2.928969381e-02 3.019138407e-02 3.111420419e-02 3.205582684e-02 3.301407170e-02
 3.398695539e-02 3.497279424e-02 3.597034465e-02 3.697896518e-02 3.799878451e-02
 3.903085826e-02 4.007729293e-02 4.114130116e-02 4.222711538e-02 4.333960016e-02
 4.448320070e-02 4.565940739e-02 4.686091024e-02 4.805867178e-02 4.917672596e-02
 5.006490041e-02 5.054435693e-02 5.056614223e-02 5.026490115e-02 4.981571112e-02
-1.714308374e-05-3.769526791e-05-6.425819454e-05-9.443637554e-05-1.250305427e-04
-1.520438258e-04-1.708372707e-04-1.738626858e-04-1.382894951e-04-2.404311315e-05
 1.472134380e-04 3.845910660e-04 7.030815874e-04 1.112752027e-03 1.691621853e-03
 2.417672209e-03 3.294938647e-03 4.334334632e-03 5.542443974e-03 6.917697543e-03
 8.446412778e-03 1.009634972e-02 1.180762695e-02 1.349236310e-02 1.504818048e-02
 1.638971056e-02 1.748308656e-02 1.835568775e-02 1.907334265e-02 1.970625639e-02
 2.030801677e-02 2.091193103e-02 2.153574527e-02 2.218743324e-02 2.286955320e-02
 2.358187639e-02 2.432290032e-02 2.509057098e-02 2.588258702e-02 2.669667983e-02
 2.753076304e-02 2.838293894e-02 2.925141120e-02 3.013445436e-02 3.103043590e-02
 3.193780202e-02 3.285515206e-02 3.378124546e-02 3.471504176e-02 3.565571254e-02
 3.660256128e-02 3.755493044e-02 3.851189303e-02 3.947178814e-02 4.043140546e-02
 4.138470184e-02 4.232092114e-02 4.322207411e-02 4.406056034e-02 4.479892101e-02
 4.539527915e-02 4.581629536e-02 4.605135251e-02 4.611606221e-02 4.604642569e-02
 1.276448455e-06 4.089597531e-06 1.031849837e-05 2.231097784e-05 4.315063695e-05
 7.668334266e-05 1.275192459e-04 2.003025331e-04 3.154178401e-04 4.859238551e-04
 7.214776205e-04 1.009695152e-03 1.383760492e-03 1.837744773e-03 2.387339590e-03
 3.050514846e-03 3.808873922e-03 4.697188331e-03 5.680909600e-03 6.766185819e-03
 7.939833683e-03 9.157456593e-03 1.042605179e-02 1.166675468e-02 1.286851806e-02
 1.399235994e-02 1.500861511e-02 1.595265005e-02 1.679232856e-02 1.758545240e-02
 1.832973104e-02 1.904179283e-02 1.976341594e-02 2.046161482e-02 2.119182461e-02
 2.191938157e-02 2.265886784e-02 2.342710088e-02 2.418792499e-02 2.498784079e-02
 2.578216817e-02 2.659359415e-02 2.742143480e-02 2.824027113e-02 2.909525940e-02
 2.993493790e-02 3.079341905e-02 3.165498038e-02 3.250554171e-02 3.338244572e-02
 3.423386283e-02 3.510310222e-02 3.595794553e-02 3.679579072e-02 3.763852486e-02
 3.843542147e-02 3.922274849e-02 3.995652291e-02 4.062330708e-02 4.123682102e-02
 4.173684108e-02 4.215847460e-02 4.246813585e-02 4.266724099e-02 4.279668539e-02
 0.154272739E+01 0.155858635E+01 0.157307827E+01 0.158814232E+01 0.160357583E+01
 0.161935685E+01 0.163551507E+01 0.165207101E+01 0.166905665E+01 0.168651391E+01
 0.170447387E+01 0.172298134E+01 0.174208341E+01 0.176181402E+01 0.178221276E+01
 0.180334363E+01 0.182525971E+01 0.184800343E+01 0.187161759E+01 0.189617432E+01
 0.192174740E+01 0.194840064E+01 0.197619508E+01 0.200519192E+01 0.203548509E+01
 0.206717784E+01 0.210036010E+01 0.213512779E+01 0.217157935E+01 0.220982643E+01
 0.225002344E+01 0.229232007E+01 0.233686691E+01 0.238382397E+01 0.243337068E+01
 0.248571652E+01 0.254111471E+01 0.259982467E+01 0.266213106E+01 0.272835030E+01
 0.279883041E+01 0.287397574E+01 0.295426927E+01 0.304024720E+01 0.313250483E+01
 0.323172786E+01 0.333871469E+01 0.345439927E+01 0.357986927E+01 0.371641209E+01
 0.386556678E+01 0.402916386E+01 0.420942280E+01 0.440906902E+01 0.463152819E+01
 0.488117043E+01 0.516372475E+01 0.548680902E+01 0.586058581E+01 0.629985744E+01
 0.682761734E+01 0.748349596E+01 0.834595377E+01 0.962759141E+01 0.165147204E+02
  361   98
 0.576902152E+00 0.119241584E+01 0.570516243E+00 0.117837590E+01 0.564127101E+00
 0.116433744E+01 0.557747884E+00 0.115029446E+01 0.551381798E+00 0.113624553E+01
 0.545033519E+00 0.112218854E+01 0.538710273E+00 0.110812028E+01 0.532423478E+00
 0.109403569E+01 0.526185053E+00 0.107992961E+01 0.520002703E+00 0.106579887E+01
 0.513881234E+00 0.105164165E+01 0.507825074E+00 0.103745637E+01 0.501840874E+00
 0.102324059E+01 0.495935314E+00 0.100899196E+01 0.490112250E+00 0.994709415E+00
 0.484372810E+00 0.980393066E+00 0.478717208E+00 0.966043390E+00 0.473147598E+00
 0.951660121E+00 0.467667439E+00 0.937242534E+00 0.462278286E+00 0.922790684E+00
 0.456978921E+00 0.908305667E+00 0.451766649E+00 0.893789082E+00 0.446640715E+00
 0.879241787E+00 0.441604609E+00 0.864663153E+00 0.436661451E+00 0.850052742E+00
 0.431812361E+00 0.835410841E+00 0.427056752E+00 0.820738312E+00 0.422393910E+00
 0.806036039E+00 0.417825199E+00 0.791304244E+00 0.413353595E+00 0.776542685E+00
 0.408982082E+00 0.761751178E+00 0.404712950E+00 0.746929798E+00 0.400546502E+00
 0.732079225E+00 0.396481718E+00 0.717200503E+00 0.392517554E+00 0.702294657E+00
 0.388653620E+00 0.687362515E+00 0.384890771E+00 0.672404581E+00 0.381230598E+00
 0.657421192E+00 0.377674551E+00 0.642412750E+00 0.374223565E+00 0.627379804E+00
 0.370877919E+00 0.612323064E+00 0.367636525E+00 0.597243535E+00 0.364497256E+00
 0.582142415E+00 0.361458268E+00 0.567020794E+00 0.358518236E+00 0.551879621E+00
 0.355676460E+00 0.536719700E+00 0.352932749E+00 0.521541724E+00 0.350287069E+00
 0.506346354E+00 0.347739338E+00 0.491134255E+00 0.345289311E+00 0.475906114E+00
 0.342935688E+00 0.460662774E+00 0.340675822E+00 0.445405252E+00 0.338507143E+00
 0.430134501E+00 0.336427431E+00 0.414851378E+00 0.334435016E+00 0.399556629E+00
 0.332528939E+00 0.384250881E+00 0.330708535E+00 0.368934706E+00 0.328973151E+00
 0.353608665E+00 0.327321796E+00 0.338273342E+00 0.325753150E+00 0.322929338E+00
 0.324266019E+00 0.307577219E+00 0.322859631E+00 0.292217492E+00 0.321533596E+00
 0.276850620E+00 0.320287691E+00 0.261477043E+00 0.319121038E+00 0.246097249E+00
 0.318032538E+00 0.230711725E+00 0.317021172E+00 0.215320938E+00 0.316086001E+00
 0.199925334E+00 0.315225865E+00 0.184525354E+00 0.314439300E+00 0.169121441E+00
 0.313724971E+00 0.153714009E+00 0.313081718E+00 0.138303445E+00 0.312508718E+00
 0.122890110E+00 0.312005996E+00 0.107474322E+00 0.311573893E+00 0.920563931E-01
 0.311212843E+00 0.766366370E-01 0.310923333E+00 0.612153720E-01 0.310705005E+00
 0.457929346E-01 0.310556681E+00 0.303696647E-01 0.310477326E+00 0.149458855E-01
 0.310466068E+00-0.478094039E-03 0.310522293E+00-0.159019753E-01 0.310645933E+00
-0.313254634E-01 0.310837144E+00-0.467482618E-01 0.311096224E+00-0.621700692E-01
 0.311423620E+00-0.775905774E-01 0.311819933E+00-0.930094682E-01 0.312285915E+00
-0.108426410E+00 0.312822486E+00-0.123841057E+00 0.313430723E+00-0.139253042E+00
 0.314111511E+00-0.154661992E+00 0.314864903E+00-0.170067563E+00 0.315690901E+00
-0.185469412E+00 0.316589669E+00-0.200867186E+00 0.317561646E+00-0.216260511E+00
 0.318608107E+00-0.231648952E+00 0.319730876E+00-0.247032013E+00 0.320931843E+00
-0.262409166E+00 0.322212859E+00-0.277779856E+00 0.323575192E+00-0.293143553E+00
 0.325019017E+00-0.308499805E+00 0.326544528E+00-0.323848158E+00 0.328152174E+00
-0.339188125E+00 0.329842705E+00-0.354519179E+00 0.331617032E+00-0.369840760E+00
 0.333476203E+00-0.385152277E+00 0.335421559E+00-0.400453082E+00 0.337454792E+00
-0.415742457E+00 0.339577709E+00-0.431019637E+00 0.341792029E+00-0.446283836E+00
 0.344099536E+00-0.461534226E+00 0.346502201E+00-0.476769912E+00 0.349002165E+00
-0.491989934E+00 0.351600729E+00-0.507193432E+00 0.354298496E+00-0.522379641E+00
 0.357095822E+00-0.537547826E+00 0.359992817E+00-0.552697291E+00 0.362989700E+00
-0.567827313E+00 0.366087538E+00-0.582936986E+00 0.369288214E+00-0.598025209E+00
 0.372594160E+00-0.613090716E+00 0.376007987E+00-0.628132142E+00 0.379530736E+00
-0.643148432E+00 0.383161770E+00-0.658138907E+00 0.386899716E+00-0.673103081E+00
 0.390742701E+00-0.688040626E+00 0.394689101E+00-0.702951184E+00 0.398739159E+00
-0.717833919E+00 0.402894551E+00-0.732687588E+00 0.407157056E+00-0.747510872E+00
 0.411527915E+00-0.762302569E+00 0.416006665E+00-0.777061957E+00 0.420591221E+00
-0.791788824E+00 0.425279490E+00-0.806483004E+00 0.430070431E+00-0.821144029E+00
 0.434964789E+00-0.835770855E+00 0.439964083E+00-0.850362146E+00 0.445068944E+00
-0.864916841E+00 0.450278342E+00-0.879434449E+00 0.455590018E+00-0.893914949E+00
 0.461003546E+00-0.908357680E+00 0.466523913E+00-0.922759908E+00 0.472156662E+00
-0.937118554E+00 0.477905164E+00-0.951431248E+00 0.483770239E+00-0.965696570E+00
 0.489753611E+00-0.979912676E+00 0.495863772E+00-0.994074742E+00 0.502111913E+00
-0.100817647E+01 0.508508881E+00-0.102221130E+01 0.515065278E+00-0.103617235E+01
 0.521797365E+00-0.105004951E+01 0.528737100E+00-0.106382396E+01 0.535933543E+00
-0.107746594E+01 0.543458314E+00-0.109092942E+01 0.551421799E+00-0.110413770E+01
 0.560014482E+00-0.111694436E+01 0.569576798E+00-0.112904038E+01 0.580659654E+00
-0.113974792E+01 0.593804144E+00-0.114774894E+01 0.608659836E+00-0.115173630E+01
 0.624060049E+00-0.115209142E+01 0.639359306E+00-0.115018496E+01 0.654450535E+00
-0.114700844E+01 0.669368912E+00-0.114309467E+01 0.684159451E+00-0.113872095E+01
 0.698855749E+00-0.113403977E+01 0.713479441E+00-0.112913626E+01 0.728044718E+00
-0.112406177E+01 0.742559665E+00-0.111884501E+01 0.757028913E+00-0.111350279E+01
 0.771454614E+00-0.110804406E+01 0.785840021E+00-0.110247999E+01 0.800185470E+00
-0.109681371E+01 0.814483459E+00-0.109102875E+01 0.828722407E+00-0.108510001E+01
 0.842890019E+00-0.107900282E+01 0.856973268E+00-0.107271327E+01 0.870959347E+00
-0.106621057E+01 0.884836299E+00-0.105947818E+01 0.898593263E+00-0.105250391E+01
 0.912221072E+00-0.104528055E+01 0.925714941E+00-0.103780993E+01 0.939076789E+00
-0.103010565E+01 0.952303400E+00-0.102217147E+01 0.965374034E+00-0.101398297E+01
 0.978265964E+00-0.100551596E+01 0.990964144E+00-0.996761086E+00 0.100346000E+01
-0.987719775E+00 0.101575314E+01-0.978404654E+00 0.102785623E+01-0.968843822E+00
 0.103978493E+01-0.959066237E+00 0.105153665E+01-0.949076653E+00 0.106309427E+01
-0.938863166E+00 0.107444377E+01-0.928418903E+00 0.108558206E+01-0.917749669E+00
 0.109651567E+01-0.906870736E+00 0.110725697E+01-0.895801849E+00 0.111781615E+01
-0.884559088E+00 0.112818721E+01-0.873142594E+00 0.113835076E+01-0.861541008E+00
 0.114829211E+01-0.849748471E+00 0.115800886E+01-0.837770192E+00 0.116750587E+01
-0.825616928E+00 0.117678362E+01-0.813295484E+00 0.118582648E+01-0.800800672E+00
 0.119461128E+01-0.788123129E+00 0.120312558E+01-0.775262356E+00 0.121137265E+01
-0.762228592E+00 0.121935807E+01-0.749032895E+00 0.122706459E+01-0.735672447E+00
 0.123446758E+01-0.722141486E+00 0.124155415E+01-0.708442162E+00 0.124832222E+01
-0.694582712E+00 0.125476883E+01-0.680570854E+00 0.126088834E+01-0.666413084E+00
 0.126667940E+01-0.652117814E+00 0.127214846E+01-0.637696263E+00 0.127730614E+01
-0.623160424E+00 0.128216016E+01-0.608520371E+00 0.128671836E+01-0.593785512E+00
 0.129099415E+01-0.578966214E+00 0.129500756E+01-0.564073685E+00 0.129878363E+01
-0.549119180E+00 0.130234936E+01-0.534113105E+00 0.130572983E+01-0.519064193E+00
 0.130894673E+01-0.503979450E+00 0.131202075E+01-0.488864930E+00 0.131497316E+01
-0.473726172E+00 0.131782703E+01-0.458568519E+00 0.132060732E+01-0.443397187E+00
 0.132333983E+01-0.428217171E+00 0.132605112E+01-0.413033347E+00 0.132876638E+01
-0.397850233E+00 0.133150220E+01-0.382670812E+00 0.133427267E+01-0.367497680E+00
 0.133709145E+01-0.352333449E+00 0.133997140E+01-0.337180721E+00 0.134291612E+01
-0.322040447E+00 0.134591825E+01-0.306911447E+00 0.134897034E+01-0.291792447E+00
 0.135206569E+01-0.276682242E+00 0.135519779E+01-0.261579611E+00 0.135835752E+01
-0.246482735E+00 0.136153336E+01-0.231389238E+00 0.136471078E+01-0.216296074E+00
 0.136786984E+01-0.201199059E+00 0.137098312E+01-0.186092545E+00 0.137401753E+01
-0.170970002E+00 0.137693700E+01-0.155824871E+00 0.137970326E+01-0.140651039E+00
 0.138227764E+01-0.125443505E+00 0.138463146E+01-0.110200303E+00 0.138673998E+01
-0.949212661E-01 0.138857716E+01-0.796072661E-01 0.139011616E+01-0.642604699E-01
 0.139133420E+01-0.488848946E-01 0.139221673E+01-0.334864377E-01 0.139275200E+01
-0.180720182E-01 0.139293084E+01-0.264935729E-02 0.139274818E+01 0.127732574E-01
 0.139220925E+01 0.281875512E-01 0.139132524E+01 0.435859285E-01 0.139010985E+01
 0.589617206E-01 0.138857879E+01 0.743093177E-01 0.138675366E+01 0.896247650E-01
 0.138466270E+01 0.104906222E+00 0.138233346E+01 0.120153209E+00 0.137979188E+01
 0.135366265E+00 0.137706406E+01 0.150547059E+00 0.137418683E+01 0.165700274E+00
 0.137119958E+01 0.180832206E+00 0.136813941E+01 0.195949569E+00 0.136504055E+01
 0.211059059E+00 0.136193158E+01 0.226166471E+00 0.135883193E+01 0.241275796E+00
 0.135575512E+01 0.256389789E+00 0.135271156E+01 0.271510512E+00 0.134970969E+01
 0.286639564E+00 0.134675437E+01 0.301777776E+00 0.134384955E+01 0.316925760E+00
 0.134100006E+01 0.332084248E+00 0.133821142E+01 0.347254048E+00 0.133548311E+01
 0.362434815E+00 0.133280169E+01 0.377623938E+00 0.133015226E+01 0.392818676E+00
 0.132751942E+01 0.408016299E+00 0.132488682E+01 0.423213964E+00 0.132223017E+01
 0.438407438E+00 0.131952069E+01 0.453591575E+00 0.131672982E+01 0.468760951E+00
 0.131382936E+01 0.483909742E+00 0.131079307E+01 0.499031875E+00 0.130759872E+01
 0.514121397E+00 0.130422572E+01 0.529171972E+00 0.130065384E+01 0.544176573E+00
 0.129686041E+01 0.559126671E+00 0.129281900E+01 0.574011613E+00 0.128850349E+01
 0.588819373E+00 0.128389216E+01 0.603537669E+00 0.127897031E+01 0.618155031E+00
 0.127373026E+01 0.632661357E+00 0.126816709E+01 0.647046847E+00 0.126227279E+01
 0.661299844E+00 0.125604207E+01 0.675409005E+00 0.124947798E+01 0.689366203E+00
 0.124258977E+01 0.703166331E+00 0.123538396E+01 0.716803317E+00 0.122786367E+01
 0.730269438E+00 0.122004263E+01 0.743563174E+00 0.121195013E+01 0.756693496E+00
 0.120361571E+01 0.769671622E+00 0.119503964E+01 0.782491333E+00 0.118621494E+01
 0.795141169E+00 0.117714688E+01 0.807617728E+00 0.116785620E+01 0.819929448E+00
 0.115836579E+01 0.832087903E+00 0.114868522E+01 0.844095502E+00 0.113880985E+01
 0.855943393E+00 0.112873334E+01 0.867620687E+00 0.111845981E+01 0.879125037E+00
 0.110800345E+01 0.890463502E+00 0.109737630E+01 0.901642062E+00 0.108657576E+01
 0.912653154E+00 0.107558790E+01 0.923477295E+00 0.106439798E+01 0.934092379E+00
 0.105300009E+01 0.944483825E+00 0.104140396E+01 0.954653602E+00 0.102962948E+01
 0.964616390E+00 0.101768831E+01 0.974378740E+00 0.100556546E+01 0.983914471E+00
 0.993242968E+00 0.993190697E+00 0.980716010E+00 0.100218888E+01 0.967990882E+00
 0.101090456E+01 0.955080235E+00 0.101934305E+01 0.942005552E+00 0.102752516E+01
 0.928790302E+00 0.103547830E+01 0.915442880E+00 0.104320755E+01 0.901961704E+00
 0.105070104E+01 0.888349823E+00 0.105795442E+01 0.874615991E+00 0.106497418E+01
 0.860771369E+00 0.107177287E+01 0.846829140E+00 0.107836914E+01 0.832803764E+00
 0.108478679E+01 0.818711072E+00 0.109105530E+01 0.804566534E+00 0.109720597E+01
 0.790383623E+00 0.110326767E+01 0.776172461E+00 0.110926285E+01 0.761938026E+00
 0.111520257E+01 0.747682568E+00 0.112109165E+01 0.733410177E+00 0.112693959E+01
 0.719125913E+00 0.113275847E+01 0.704834999E+00 0.113856100E+01 0.690542775E+00
 0.114436030E+01 0.676254733E+00 0.115016990E+01 0.661976955E+00 0.115600467E+01
 0.647715689E+00 0.116187968E+01 0.633479793E+00 0.116781587E+01 0.619277319E+00
 0.117383158E+01 0.605113030E+00 0.117993665E+01 0.590985812E+00 0.118612702E+01
 0.576902152E+00 0.119241584E+01
 0.156441580E+01 0.156423520E+01 0.173298350E+01 0.167901950E+01 0.134847970E+01
 0.206041340E+01 0.108819530E+01 0.205946000E+01 0.902253030E+00 0.187565310E+01
 0.903668760E+00 0.187424170E+01 0.533866470E+00 0.150285580E+01 0.538010660E+00
 0.149874330E+01 0.332797140E+00 0.129708960E+01 0.332797140E+00 0.109400000E+01
 0.334795920E+00 0.109400000E+01 0.303115250E+00 0.847500000E+00 0.305114030E+00
 0.847500000E+00 0.269135950E+00 0.565000000E+00 0.271134730E+00 0.565000000E+00
 0.260841000E+00 0.495257700E+00 0.260841000E+00-0.507257700E+00 0.271134730E+00
-0.576999960E+00 0.269135950E+00-0.576999960E+00 0.305114030E+00-0.859500000E+00
 0.303115250E+00-0.859500000E+00 0.334795920E+00-0.110600010E+01 0.332797140E+00
-0.110600010E+01 0.332797140E+00-0.130908970E+01 0.538598100E+00-0.150990190E+01
 0.534468950E+00-0.151402960E+01 0.905629600E+00-0.188405800E+01 0.904219000E+00
-0.188547470E+01 0.108819530E+01-0.206614000E+01 0.134847970E+01-0.206518650E+01
 0.173017910E+01-0.168098580E+01 0.156441580E+01-0.156883530E+01 0.137999130E+01
-0.157688300E+01 0.137989190E+01-0.157672700E+01 0.119622210E+01-0.158474990E+01
 0.119631650E+01-0.158489800E+01 0.105537410E+01-0.159104840E+01 0.105528350E+01
-0.159090630E+01 0.947502500E+00-0.159561420E+01 0.905686400E+00-0.159556230E+01
 0.899143000E+00-0.159478470E+01 0.883387860E+00-0.159026430E+01 0.867681200E+00
-0.158087360E+01 0.851322350E+00-0.156766880E+01 0.833481900E+00-0.154624210E+01
 0.826062560E+00-0.152875240E+01 0.822677700E+00-0.151516830E+01 0.821022750E+00
-0.149624060E+01 0.820691350E+00-0.147724350E+01 0.822887360E+00-0.144582030E+01
 0.827573000E+00-0.141923050E+01 0.839194600E+00-0.138728100E+01 0.855244300E+00
-0.135284130E+01 0.877566500E+00-0.132209860E+01 0.899473500E+00-0.130017830E+01
 0.118567730E+01-0.101380000E+01 0.127900000E+01-0.842300000E+00 0.129600000E+01
-0.820200000E+00 0.143300000E+01-0.820200000E+00 0.143300000E+01-0.711000000E+00
 0.149000000E+01-0.491000000E+00 0.146000000E+01-0.491000000E+00 0.146000000E+01
-0.233000000E+00 0.166100000E+01-0.233000000E+00 0.166100000E+01 0.226000000E+00
 0.146000000E+01 0.226000000E+00 0.146000000E+01 0.481000000E+00 0.149300000E+01
 0.481000000E+00 0.147400000E+01 0.554000000E+00 0.143300000E+01 0.711000000E+00
 0.143300000E+01 0.815600000E+00 0.129600000E+01 0.815600000E+00 0.127900000E+01
 0.837699950E+00 0.118567730E+01 0.100920000E+01 0.899473500E+00 0.129557820E+01
 0.877566500E+00 0.131749860E+01 0.855244300E+00 0.134824120E+01 0.839194600E+00
 0.138268090E+01 0.827573000E+00 0.141463040E+01 0.822887360E+00 0.144122030E+01
 0.820691350E+00 0.147264350E+01 0.821022750E+00 0.149164060E+01 0.822677700E+00
 0.151056830E+01 0.826062560E+00 0.152415240E+01 0.833481900E+00 0.154164210E+01
 0.851322350E+00 0.156306870E+01 0.867681200E+00 0.157627360E+01 0.883387860E+00
 0.158566430E+01 0.899143000E+00 0.159018470E+01 0.905686400E+00 0.159096230E+01
 0.947502500E+00 0.159101410E+01 0.105528350E+01 0.158630620E+01 0.105537410E+01
 0.158644830E+01 0.119631650E+01 0.158029800E+01 0.119622210E+01 0.158014990E+01
 0.137989190E+01 0.157212700E+01 0.137999130E+01 0.157228290E+01 0.156441580E+01
 0.156423520E+01
    0
