EFIT++      MAST # 47052 # 780ms                   0  65  65
 0.194000000E+01 0.440000000E+01 0.800000000E+00 0.600000000E-01 0.000000000E+00
 0.979512570E+00 0.773730913E-03-0.617469881E-01 0.107829026E-01-0.653293040E+00
 0.746501930E+06-0.617469881E-01 0.000000000E+00 0.979512570E+00 0.000000000E+00
 0.773730913E-03 0.000000000E+00 0.107829026E-01 0.000000000E+00 0.000000000E+00
-0.545238190E+00-0.544681279E+00-0.544126443E+00-0.543573884E+00-0.543023806E+00
-0.542476414E+00-0.541931913E+00-0.541390510E+00-0.540852410E+00-0.540317823E+00
-0.539786957E+00-0.539260020E+00-0.538737222E+00-0.538218776E+00-0.537704891E+00
-0.537195779E+00-0.536691655E+00-0.536192730E+00-0.535699220E+00-0.535211339E+00
-0.534729301E+00-0.534253324E+00-0.533783624E+00-0.533320417E+00-0.532863921E+00
-0.532414354E+00-0.531971935E+00-0.531536883E+00-0.531109417E+00-0.530689757E+00
-0.530278122E+00-0.529874734E+00-0.529479813E+00-0.529093581E+00-0.528716258E+00
-0.528348065E+00-0.527989225E+00-0.527639959E+00-0.527300489E+00-0.526971037E+00
-0.526651823E+00-0.526343071E+00-0.526045002E+00-0.525757837E+00-0.525481798E+00
-0.525217105E+00-0.524963980E+00-0.524722642E+00-0.524493313E+00-0.524276211E+00
-0.524071556E+00-0.523879567E+00-0.523700461E+00-0.523534456E+00-0.523381768E+00
-0.523242615E+00-0.523117210E+00-0.523005768E+00-0.522908502E+00-0.522825626E+00
-0.522757349E+00-0.522703883E+00-0.522665436E+00-0.522642217E+00-0.522634432E+00
 0.254780204E+05 0.248831962E+05 0.242885207E+05 0.236942890E+05 0.231007959E+05
 0.225083365E+05 0.219172058E+05 0.213276989E+05 0.207401106E+05 0.201547361E+05
 0.195718702E+05 0.189918081E+05 0.184148446E+05 0.178412749E+05 0.172713939E+05
 0.167054967E+05 0.161438781E+05 0.155868333E+05 0.150346572E+05 0.144876448E+05
 0.139460911E+05 0.134102912E+05 0.128805400E+05 0.123571326E+05 0.118403638E+05
 0.113305289E+05 0.108279226E+05 0.103328401E+05 0.984557635E+04 0.936642633E+04
 0.889568506E+04 0.843364754E+04 0.798060878E+04 0.753686376E+04 0.710270750E+04
 0.667843500E+04 0.626434125E+04 0.586072127E+04 0.546787004E+04 0.508608258E+04
 0.471565389E+04 0.435687897E+04 0.401005281E+04 0.367547043E+04 0.335342682E+04
 0.304421699E+04 0.274813593E+04 0.246547865E+04 0.219654015E+04 0.194161544E+04
 0.170099951E+04 0.147498737E+04 0.126387402E+04 0.106795446E+04 0.887523687E+03
 0.722876712E+03 0.574308534E+03 0.442114153E+03 0.326588573E+03 0.228026795E+03
 0.146723820E+03 0.829746518E+02 0.370742909E+02 0.931773972E+01 0.000000000E+00
-0.268404849E+00-0.267182373E+00-0.265865569E+00-0.264454436E+00-0.262948975E+00
-0.261349184E+00-0.259655066E+00-0.257866619E+00-0.255983843E+00-0.254006739E+00
-0.251935306E+00-0.249769544E+00-0.247509454E+00-0.245155035E+00-0.242706288E+00
-0.240163212E+00-0.237525808E+00-0.234794075E+00-0.231968014E+00-0.229047624E+00
-0.226032905E+00-0.222923858E+00-0.219720482E+00-0.216422778E+00-0.213030745E+00
-0.209544383E+00-0.205963693E+00-0.202288675E+00-0.198519327E+00-0.194655652E+00
-0.190697647E+00-0.186645314E+00-0.182498653E+00-0.178257663E+00-0.173922344E+00
-0.169492697E+00-0.164968721E+00-0.160350417E+00-0.155637784E+00-0.150830823E+00
-0.145929533E+00-0.140933914E+00-0.135843967E+00-0.130659691E+00-0.125381087E+00
-0.120008154E+00-0.114540892E+00-0.108979302E+00-0.103323384E+00-0.975731364E-01
-0.917285607E-01-0.857896563E-01-0.797564234E-01-0.736288619E-01-0.674069719E-01
-0.610907533E-01-0.546802061E-01-0.481753303E-01-0.415761260E-01-0.348825931E-01
-0.280947316E-01-0.212125416E-01-0.142360229E-01-0.716517576E-02 0.000000000E+00
-0.524848596E+06-0.524847543E+06-0.524586182E+06-0.524064513E+06-0.523282536E+06
-0.522240251E+06-0.520937657E+06-0.519374756E+06-0.517551546E+06-0.515468028E+06
-0.513124202E+06-0.510520068E+06-0.507655625E+06-0.504530875E+06-0.501145816E+06
-0.497500449E+06-0.493594774E+06-0.489428791E+06-0.485002500E+06-0.480315901E+06
-0.475368993E+06-0.470161778E+06-0.464694254E+06-0.458966422E+06-0.452978282E+06
-0.446729834E+06-0.440221077E+06-0.433452013E+06-0.426422640E+06-0.419132959E+06
-0.411582970E+06-0.403772673E+06-0.395702068E+06-0.387371155E+06-0.378779933E+06
-0.369928403E+06-0.360816566E+06-0.351444420E+06-0.341811965E+06-0.331919203E+06
-0.321766133E+06-0.311352754E+06-0.300679068E+06-0.289745073E+06-0.278550770E+06
-0.267096159E+06-0.255381239E+06-0.243406012E+06-0.231170476E+06-0.218674633E+06
-0.205918481E+06-0.192902021E+06-0.179625253E+06-0.166088177E+06-0.152290792E+06
-0.138233100E+06-0.123915099E+06-0.109336790E+06-0.944981730E+05-0.793992479E+05
-0.640400146E+05-0.484204732E+05-0.325406236E+05-0.164004659E+05 0.000000000E+00
 6.368602867e-06 1.563023510e-05 3.091546380e-05 5.458085356e-05 8.970616551e-05
 1.400539126e-04 2.098418181e-04 3.027308975e-04 4.334574716e-04 6.324029253e-04
 8.849624475e-04 1.199428481e-03 1.593454268e-03 2.074064441e-03 2.653312049e-03
 3.343435623e-03 4.143290286e-03 5.065084760e-03 6.098028216e-03 7.238359641e-03
 8.470731111e-03 9.761628059e-03 1.108802845e-02 1.239423525e-02 1.364751368e-02
 1.481051687e-02 1.585949811e-02 1.680906121e-02 1.765721273e-02 1.844382195e-02
 1.918359326e-02 1.989603915e-02 2.060979015e-02 2.131504239e-02 2.204182773e-02
 2.277645709e-02 2.352738477e-02 2.430558102e-02 2.509095156e-02 2.589806474e-02
 2.671061759e-02 2.753781120e-02 2.837930670e-02 2.922265351e-02 3.008704490e-02
 3.094872054e-02 3.182315666e-02 3.270224856e-02 3.357747243e-02 3.446735039e-02
 3.534363230e-02 3.622879994e-02 3.710413185e-02 3.796598658e-02 3.882552784e-02
 3.964914771e-02 4.045588596e-02 4.121447837e-02 4.191083050e-02 4.255015049e-02
 4.308689713e-02 4.354373890e-02 4.389702996e-02 4.414944537e-02 4.433867442e-02
-1.140075703e-05-2.466909707e-05-4.095707099e-05-5.775145222e-05-7.158374811e-05
-7.787298278e-05-7.069314906e-05-4.158594584e-05 2.308665549e-05 1.461340182e-04
 3.289284957e-04 5.851756211e-04 9.315001331e-04 1.382395652e-03 1.976854185e-03
 2.719470634e-03 3.624583884e-03 4.705309165e-03 5.969600654e-03 7.416885608e-03
 9.033537882e-03 1.078558445e-02 1.260849688e-02 1.440303106e-02 1.604864839e-02
 1.744312232e-02 1.854789671e-02 1.940058363e-02 2.008386679e-02 2.068144735e-02
 2.125371166e-02 2.183588484e-02 2.244534460e-02 2.308900444e-02 2.376833412e-02
 2.448221812e-02 2.522844414e-02 2.600431732e-02 2.680685720e-02 2.763316140e-02
 2.848074400e-02 2.934748539e-02 3.023146180e-02 3.113085511e-02 3.204393857e-02
 3.296907210e-02 3.390475278e-02 3.484964070e-02 3.580259482e-02 3.676268634e-02
 3.772913862e-02 3.870122298e-02 3.967797931e-02 4.065775591e-02 4.163742275e-02
 4.261112497e-02 4.356845234e-02 4.449201735e-02 4.535516814e-02 4.612180079e-02
 4.675170204e-02 4.721319644e-02 4.749708549e-02 4.762018723e-02 4.761696252e-02
-3.342232422e-05-7.493269818e-05-1.314236551e-04-2.007704220e-04-2.797350780e-04
-3.636033697e-04-4.457642447e-04-5.166864278e-04-5.605579618e-04-5.661829599e-04
-5.119906451e-04-3.772000495e-04-1.400732836e-04 2.290086595e-04 7.646915218e-04
 1.502021980e-03 2.470233244e-03 3.699790140e-03 5.219602031e-03 7.055798998e-03
 9.231009625e-03 1.175749652e-02 1.460425495e-02 1.759509809e-02 2.025960385e-02
 2.204872941e-02 2.282128706e-02 2.295896691e-02 2.296357785e-02 2.306822185e-02
 2.331773904e-02 2.369942947e-02 2.419003369e-02 2.476819776e-02 2.541692496e-02
 2.612334802e-02 2.687789710e-02 2.767344713e-02 2.850460461e-02 2.936716404e-02
 3.025770820e-02 3.117331402e-02 3.211134762e-02 3.306934752e-02 3.404499293e-02
 3.503614649e-02 3.604095585e-02 3.705799683e-02 3.808644042e-02 3.912622597e-02
 4.017822269e-02 4.124435707e-02 4.232767059e-02 4.343223590e-02 4.456277444e-02
 4.572361962e-02 4.691622191e-02 4.813341883e-02 4.934685462e-02 5.048269785e-02
 5.139562804e-02 5.191194191e-02 5.198356748e-02 5.174204235e-02 5.135559165e-02
-5.830834200e-05-1.323623245e-04-2.363419996e-04-3.697057368e-04-5.309242372e-04
-7.169192156e-04-9.224349376e-04-1.138611604e-03-1.351481243e-03-1.547393092e-03
-1.703591209e-03-1.791239111e-03-1.776925767e-03-1.617027852e-03-1.259904482e-03
-6.487283835e-04 2.741309861e-04 1.562584888e-03 3.264851166e-03 5.427851933e-03
 8.113425211e-03 1.143835356e-02 1.565949874e-02 2.150123284e-02 2.780776666e-02
 3.026450498e-02 2.883970388e-02 2.601172290e-02 2.496416882e-02 2.465700796e-02
 2.474966323e-02 2.508578698e-02 2.558167007e-02 2.618844061e-02 2.687621153e-02
 2.762630230e-02 2.842693565e-02 2.927062540e-02 3.015248128e-02 3.106906581e-02
 3.201761871e-02 3.299555026e-02 3.400014835e-02 3.502846477e-02 3.607735488e-02
 3.714364514e-02 3.822440178e-02 3.931727300e-02 4.042088009e-02 4.153524179e-02
 4.266223110e-02 4.380608859e-02 4.497405134e-02 4.617721048e-02 4.743179537e-02
 4.876122510e-02 5.019951400e-02 5.179702897e-02 5.363028536e-02 5.581775220e-02
 5.895774780e-02 5.980823813e-02 5.794793703e-02 5.631841721e-02 5.511663579e-02
-8.213087877e-05-1.885562348e-04-3.419168333e-04-5.452265088e-04-8.009802656e-04
-1.110284199e-03-1.471947179e-03-1.880799222e-03-2.326817898e-03-2.798809317e-03
-3.277308568e-03-3.731490756e-03-4.121525164e-03-4.387752382e-03-4.446749949e-03
-4.193440607e-03-3.514824390e-03-2.315675975e-03-5.438482756e-04 1.801880832e-03
 4.686202982e-03 8.057579091e-03 1.183886205e-02 1.581459536e-02 1.938849206e-02
 2.184693893e-02 2.307473203e-02 2.363500901e-02 2.405840875e-02 2.454736973e-02
 2.513411085e-02 2.580411824e-02 2.653730663e-02 2.731819252e-02 2.813714662e-02
 2.898935481e-02 2.987335552e-02 3.078966403e-02 3.173961065e-02 3.272441554e-02
 3.374450066e-02 3.479903916e-02 3.588574419e-02 3.700089531e-02 3.813958925e-02
 3.929618535e-02 4.046489955e-02 4.164048894e-02 4.281896694e-02 4.399830031e-02
 4.517906589e-02 4.636508762e-02 4.756413656e-02 4.878886554e-02 5.005829363e-02
 5.140042315e-02 5.285714178e-02 5.449391061e-02 5.642041059e-02 5.884461372e-02
 6.213632592e-02 6.309607025e-02 6.086532718e-02 5.893023067e-02 5.755849488e-02
-9.653523139e-05-2.254399668e-04-4.179562916e-04-6.839360390e-04-1.033535346e-03
-1.475632505e-03-2.016386966e-03-2.658086310e-03-3.394366947e-03-4.225017887e-03
-5.141946788e-03-6.132948254e-03-7.179829432e-03-8.240003770e-03-9.206120455e-03
-9.857347784e-03-9.857521929e-03-8.891121341e-03-6.863054394e-03-3.956521858e-03
-4.973604282e-04 3.216167557e-03 6.961150406e-03 1.055482055e-02 1.383134367e-02
 1.666732417e-02 1.902588541e-02 2.096154974e-02 2.257521125e-02 2.396388627e-02
 2.519886511e-02 2.632731636e-02 2.738106186e-02 2.838391053e-02 2.935586134e-02
 3.031492316e-02 3.127755073e-02 3.225839124e-02 3.326973738e-02 3.432090262e-02
 3.541765666e-02 3.656183569e-02 3.775123181e-02 3.897983992e-02 4.023849208e-02
 4.151584684e-02 4.279963925e-02 4.407805008e-02 4.534102819e-02 4.658140487e-02
 4.779567579e-02 4.898438919e-02 5.015214867e-02 5.130728102e-02 5.246118669e-02
 5.362720635e-02 5.481832712e-02 5.604173488e-02 5.728474537e-02 5.847808808e-02
 5.942230507e-02 5.981831534e-02 5.961760932e-02 5.908256261e-02 5.843566614e-02
-8.549897250e-05-2.082261208e-04-4.062317894e-04-7.023288693e-04-1.121177823e-03
-1.685775356e-03-2.413720680e-03-3.313346359e-03-4.382850187e-03-5.617985542e-03
-7.017005017e-03-8.599340889e-03-1.043059621e-02-1.265219691e-02-1.548436695e-02
-1.902188147e-02-2.186333245e-02-2.140261470e-02-1.737740631e-02-1.142904975e-02
-5.832407994e-03-8.301733610e-04 3.674247345e-03 7.752000239e-03 1.143339633e-02
 1.472765053e-02 1.764179072e-02 2.019146804e-02 2.240323273e-02 2.431194238e-02
 2.595745527e-02 2.738241473e-02 2.863083338e-02 2.974676985e-02 3.077290241e-02
 3.174920039e-02 3.271187305e-02 3.369255643e-02 3.471754791e-02 3.580692366e-02
 3.697354445e-02 3.822216416e-02 3.954898361e-02 4.094196582e-02 4.238206611e-02
 4.384531707e-02 4.530553287e-02 4.673728256e-02 4.811870858e-02 4.943373510e-02
 5.067326913e-02 5.183518479e-02 5.292315075e-02 5.394458011e-02 5.490802507e-02
 5.582018403e-02 5.668244000e-02 5.748674497e-02 5.821120561e-02 5.881780966e-02
 5.925834989e-02 5.949426482e-02 5.952207597e-02 5.938194585e-02 5.912306741e-02
-1.988837615e-05-7.261158673e-05-1.972960106e-04-4.417430926e-04-8.605489576e-04
-1.507353886e-03-2.425119724e-03-3.634903971e-03-5.123451073e-03-6.840047066e-03
-8.694854719e-03-1.061174719e-02-1.261317155e-02-1.492008102e-02-1.799755439e-02
-2.265431863e-02-2.748453908e-02-2.715053896e-02-2.160696567e-02-1.330897754e-02
-6.875983438e-03-1.438738416e-03 3.369726755e-03 7.727018028e-03 1.171451324e-02
 1.535989879e-02 1.865972390e-02 2.159513065e-02 2.414636846e-02 2.630672325e-02
 2.809267198e-02 2.954638092e-02 3.072994550e-02 3.171510867e-02 3.257365937e-02
 3.337164637e-02 3.416747345e-02 3.501211112e-02 3.594936579e-02 3.701477909e-02
 3.823282615e-02 3.961330155e-02 4.114856380e-02 4.281312417e-02 4.456605064e-02
 4.635563758e-02 4.812546569e-02 4.982118161e-02 5.139731965e-02 5.282295697e-02
 5.408456966e-02 5.518501792e-02 5.613909554e-02 5.696743421e-02 5.769076255e-02
 5.832570430e-02 5.888233488e-02 5.936325812e-02 5.976406584e-02 6.007534181e-02
 6.028632025e-02 6.038833148e-02 6.039792640e-02 6.031259361e-02 6.014548809e-02
 1.472192622e-04 2.909953901e-04 4.080767755e-04 4.052991145e-04 1.619001538e-04
-4.513410937e-04-1.543436837e-03-3.188740570e-03-5.427076052e-03-8.226958497e-03
-1.118312155e-02-1.342283433e-02-1.454993826e-02-1.474516526e-02-1.479933673e-02
-1.479990099e-02-1.431014604e-02-1.281376775e-02-1.012427603e-02-6.502345310e-03
-2.399365457e-03 1.858840102e-03 6.119586052e-03 1.032145447e-02 1.442831597e-02
 1.839094633e-02 2.212397020e-02 2.549925625e-02 2.836917445e-02 3.062271826e-02
 3.224253799e-02 3.331695445e-02 3.399756893e-02 3.444075694e-02 3.477344303e-02
 3.508916376e-02 3.545949724e-02 3.594788534e-02 3.661907475e-02 3.753980141e-02
 3.876827316e-02 4.033598272e-02 4.223236466e-02 4.440183821e-02 4.675333843e-02
 4.917425048e-02 5.154219986e-02 5.373664603e-02 5.565584305e-02 5.723768268e-02
 5.847294628e-02 5.939995156e-02 6.008298883e-02 6.058853672e-02 6.097058602e-02
 6.126633772e-02 6.149793047e-02 6.167615525e-02 6.180419603e-02 6.188086458e-02
 6.190331690e-02 6.186964917e-02 6.179029485e-02 6.166089233e-02 6.148028284e-02
 4.624227058e-04 1.013226003e-03 1.706401706e-03 2.411426180e-03 2.847058048e-03
 2.573342523e-03 1.361273745e-03-7.228680757e-04-3.721283248e-03-7.980579487e-03
-1.331895371e-02-1.626901675e-02-1.612786083e-02-1.299308194e-02-1.078040118e-02
-9.068838925e-03-7.393444581e-03-5.467427357e-03-3.139951780e-03-3.733239273e-04
 2.797280337e-03 6.313333325e-03 1.012843797e-02 1.422099798e-02 1.858789385e-02
 2.321761171e-02 2.801990065e-02 3.267302048e-02 3.650571867e-02 3.884416660e-02
 3.956441472e-02 3.920233293e-02 3.844138023e-02 3.767778371e-02 3.703821622e-02
 3.654733082e-02 3.620581667e-02 3.602690233e-02 3.608571114e-02 3.653833885e-02
 3.760615956e-02 3.945046648e-02 4.206305000e-02 4.527369092e-02 4.884019051e-02
 5.254012590e-02 5.615230556e-02 5.940323795e-02 6.199097306e-02 6.371545232e-02
 6.461561692e-02 6.493559490e-02 6.494752324e-02 6.483311463e-02 6.468183048e-02
 6.452963763e-02 6.438602524e-02 6.424926523e-02 6.411349303e-02 6.397146184e-02
 6.381670458e-02 6.364464415e-02 6.345958428e-02 6.325408717e-02 6.302680614e-02
 8.863120005e-04 2.023443545e-03 3.660939381e-03 5.891448767e-03 8.679411452e-03
 9.258134470e-03 6.912385827e-03 4.359171394e-03 1.662692914e-03-1.218284780e-03
-3.923792351e-03-5.711282558e-03-6.189593761e-03-5.548541783e-03-4.437467956e-03
-3.137664883e-03-1.659927187e-03 5.093387578e-05 2.051497439e-03 4.382606328e-03
 7.070813831e-03 1.013909650e-02 1.362217018e-02 1.758564638e-02 2.215462235e-02
 2.757061820e-02 3.433785731e-02 4.372376195e-02 5.282161086e-02 5.559890929e-02
 5.166665037e-02 4.560528367e-02 4.217468031e-02 3.997301974e-02 3.843418864e-02
 3.725435019e-02 3.622274557e-02 3.515035911e-02 3.384181975e-02 3.229236470e-02
 3.208756791e-02 3.439792802e-02 3.906307833e-02 4.492394665e-02 5.072350486e-02
 5.659726143e-02 6.280925910e-02 6.913627861e-02 7.384176865e-02 7.526910431e-02
 7.372745628e-02 7.170167458e-02 7.021107718e-02 6.913707369e-02 6.834015387e-02
 6.772558866e-02 6.723191339e-02 6.681830389e-02 6.645819466e-02 6.613178191e-02
 6.582668999e-02 6.553417561e-02 6.524779031e-02 6.495970045e-02 6.466327329e-02
 1.266648183e-03 2.904597597e-03 5.275503825e-03 8.464283939e-03 1.225078695e-02
 1.347508666e-02 1.140551808e-02 9.207019103e-03 7.163166213e-03 5.294445449e-03
 3.696605130e-03 2.492631307e-03 1.775752084e-03 1.555994415e-03 1.777633787e-03
 2.371531726e-03 3.291233288e-03 4.518032323e-03 6.052175736e-03 7.904208073e-03
 1.009078530e-02 1.263492210e-02 1.556959275e-02 1.894362239e-02 2.282831008e-02
 2.731815205e-02 3.248972461e-02 3.812701871e-02 4.289318650e-02 4.512400364e-02
 4.455048207e-02 4.254692923e-02 4.063326496e-02 3.914694026e-02 3.801884413e-02
 3.711358599e-02 3.627673491e-02 3.531379554e-02 3.392956639e-02 3.168400630e-02
 3.086463816e-02 3.338739018e-02 3.945690515e-02 4.646957396e-02 5.292791810e-02
 5.939249284e-02 6.643183008e-02 7.472358623e-02 8.016322845e-02 8.123478759e-02
 7.802040305e-02 7.523235971e-02 7.338949594e-02 7.208585943e-02 7.110368862e-02
 7.032373333e-02 6.967737511e-02 6.912285789e-02 6.863333844e-02 6.819064704e-02
 6.778190577e-02 6.739759309e-02 6.703036744e-02 6.667446699e-02 6.632679382e-02
 1.528661764e-03 3.488900309e-03 6.287427216e-03 9.969673884e-03 1.427445152e-02
 1.597038557e-02 1.417409925e-02 1.255618010e-02 1.107209659e-02 9.706320952e-03
 8.507655478e-03 7.535183153e-03 6.833810689e-03 6.429438257e-03 6.329680361e-03
 6.530465232e-03 7.023882778e-03 7.803541580e-03 8.866620719e-03 1.021368239e-02
 1.184747813e-02 1.377126701e-02 1.598624354e-02 1.848664079e-02 2.124975023e-02
 2.421680824e-02 2.726273162e-02 3.016850377e-02 3.264336997e-02 3.445582523e-02
 3.554445775e-02 3.604874828e-02 3.621693197e-02 3.626252204e-02 3.631604049e-02
 3.644126596e-02 3.666878955e-02 3.703244818e-02 3.761785603e-02 3.862312884e-02
 4.035429685e-02 4.305019018e-02 4.669792399e-02 5.103188807e-02 5.571314416e-02
 6.046922016e-02 6.504220689e-02 6.907698392e-02 7.214224650e-02 7.396750717e-02
 7.465181955e-02 7.457519607e-02 7.411823947e-02 7.351276568e-02 7.286968467e-02
 7.223729453e-02 7.163521899e-02 7.106995581e-02 7.054178171e-02 7.004797083e-02
 6.958441219e-02 6.914648102e-02 6.872953330e-02 6.832921941e-02 6.794300588e-02
 1.696749565e-03 3.859963786e-03 6.924461346e-03 1.091696354e-02 1.553320198e-02
 1.752348741e-02 1.614798877e-02 1.487934062e-02 1.372622873e-02 1.263336394e-02
 1.164346157e-02 1.079308408e-02 1.011337484e-02 9.628559535e-03 9.355660015e-03
 9.305481412e-03 9.484286263e-03 9.895409482e-03 1.054027942e-02 1.141863762e-02
 1.252794157e-02 1.386195481e-02 1.540844493e-02 1.714587261e-02 1.903918038e-02
 2.103558229e-02 2.306281543e-02 2.503400632e-02 2.686258279e-02 2.848329510e-02
 2.988560190e-02 3.108932442e-02 3.215299645e-02 3.315409104e-02 3.416855522e-02
 3.526567172e-02 3.651027615e-02 3.796936264e-02 3.971799145e-02 4.183749332e-02
 4.439946520e-02 4.743740566e-02 5.092017003e-02 5.474304153e-02 5.873821751e-02
 6.269416563e-02 6.637775893e-02 6.956402432e-02 7.207699560e-02 7.383189484e-02
 7.485612521e-02 7.527113186e-02 7.524277691e-02 7.493023917e-02 7.445764695e-02
 7.390942581e-02 7.333764473e-02 7.277174967e-02 7.222664840e-02 7.170840719e-02
 7.121797014e-02 7.075349178e-02 7.031176146e-02 6.988899811e-02 6.947848813e-02
 1.805793478e-03 4.100915229e-03 7.339381514e-03 1.153783462e-02 1.638915121e-02
 1.863619128e-02 1.745955042e-02 1.642317237e-02 1.546144107e-02 1.452683807e-02
 1.364663362e-02 1.284822243e-02 1.215649116e-02 1.159302578e-02 1.117576434e-02
 1.091903953e-02 1.083388175e-02 1.092837897e-02 1.120790407e-02 1.167502011e-02
 1.232905195e-02 1.316535287e-02 1.417434808e-02 1.534053623e-02 1.664178895e-02
 1.804948026e-02 1.953009350e-02 2.104866944e-02 2.257407110e-02 2.408495165e-02
 2.557417365e-02 2.705131702e-02 2.854640050e-02 3.008985871e-02 3.172378597e-02
 3.349234056e-02 3.545071085e-02 3.764869673e-02 4.013731276e-02 4.296161973e-02
 4.615131730e-02 4.972370221e-02 5.366684328e-02 5.792475839e-02 6.237213523e-02
 6.677408487e-02 7.078637976e-02 7.408499516e-02 7.646512960e-02 7.786212075e-02
 7.836241114e-02 7.820410011e-02 7.768387904e-02 7.701095140e-02 7.629548859e-02
 7.559079462e-02 7.492107099e-02 7.429539843e-02 7.371487251e-02 7.317646584e-02
 7.267520991e-02 7.220544851e-02 7.176154865e-02 7.133833806e-02 7.093387325e-02
 1.878770963e-03 4.262486150e-03 7.618224302e-03 1.195574172e-02 1.696455886e-02
 1.937721507e-02 1.834150142e-02 1.742487676e-02 1.656911185e-02 1.570529318e-02
 1.485697288e-02 1.404710599e-02 1.329719857e-02 1.262679595e-02 1.205326989e-02
 1.159181125e-02 1.125554584e-02 1.105572980e-02 1.100192670e-02 1.110160249e-02
 1.135963620e-02 1.177787502e-02 1.235474698e-02 1.308502769e-02 1.395994548e-02
 1.496791447e-02 1.609628874e-02 1.733265020e-02 1.866667588e-02 2.009220316e-02
 2.160903926e-02 2.322405002e-02 2.495132033e-02 2.681258525e-02 2.883365857e-02
 3.104366034e-02 3.347955037e-02 3.617941129e-02 3.918366525e-02 4.253389693e-02
 4.627232337e-02 5.044818119e-02 5.512007301e-02 6.036490152e-02 6.630681508e-02
 7.322781472e-02 7.954662346e-02 8.406728798e-02 8.657593660e-02 8.694332885e-02
 8.521155122e-02 8.250733273e-02 8.057906587e-02 7.910847420e-02 7.794301363e-02
 7.699359770e-02 7.620109526e-02 7.552443827e-02 7.493412346e-02 7.440834877e-02
 7.393065197e-02 7.348844304e-02 7.307207873e-02 7.267421173e-02 7.228739922e-02
 1.929725288e-03 4.376041596e-03 7.815952230e-03 1.225501414e-02 1.736192042e-02
 1.985235691e-02 1.895259799e-02 1.810206729e-02 1.726920279e-02 1.639481722e-02
 1.550418369e-02 1.461907004e-02 1.375872549e-02 1.294057164e-02 1.218058086e-02
 1.149352265e-02 1.089321042e-02 1.039269677e-02 1.000769018e-02 9.752899736e-03
 9.640875511e-03 9.681840372e-03 9.883395321e-03 1.025010048e-02 1.078285531e-02
 1.147787987e-02 1.233680078e-02 1.335970567e-02 1.454608000e-02 1.589585349e-02
 1.741096970e-02 1.909717054e-02 2.096350694e-02 2.302229107e-02 2.528934938e-02
 2.778399753e-02 3.052918602e-02 3.355185078e-02 3.688387049e-02 4.056409669e-02
 4.464198513e-02 4.918358602e-02 5.428215724e-02 6.007789636e-02 6.678527638e-02
 7.461595308e-02 8.168500401e-02 8.644856705e-02 8.893268120e-02 8.907423155e-02
 8.678252371e-02 8.354593654e-02 8.126201328e-02 7.964478686e-02 7.845894385e-02
 7.755875551e-02 7.685130510e-02 7.627509737e-02 7.578818032e-02 7.536124382e-02
 7.497345030e-02 7.460983225e-02 7.425964327e-02 7.391545653e-02 7.357458988e-02
 1.965578096e-03 4.457269838e-03 7.961312067e-03 1.248509046e-02 1.772292582e-02
 2.040752600e-02 1.961461121e-02 1.866559677e-02 1.771874750e-02 1.673752443e-02
 1.573005610e-02 1.470889103e-02 1.368713214e-02 1.267792004e-02 1.169428269e-02
 1.074914609e-02 9.855565742e-03 9.034145017e-03 8.305051132e-03 7.687885396e-03
 7.201414933e-03 6.863325772e-03 6.689976535e-03 6.696161870e-03 6.894924593e-03
 7.297518170e-03 7.913820197e-03 8.751303189e-03 9.813739507e-03 1.109908486e-02
 1.260233530e-02 1.433174503e-02 1.629215161e-02 1.848711350e-02 2.092297101e-02
 2.360774704e-02 2.655121545e-02 2.976539021e-02 3.326518730e-02 3.707012321e-02
 4.120871400e-02 4.573212970e-02 5.067556600e-02 5.608127965e-02 6.199851513e-02
 6.840289316e-02 7.428432578e-02 7.851700894e-02 8.093012359e-02 8.132740161e-02
 8.048306298e-02 7.958907747e-02 7.873747257e-02 7.806524145e-02 7.754531369e-02
 7.714215724e-02 7.682133358e-02 7.655396004e-02 7.631732783e-02 7.609422963e-02
 7.587196964e-02 7.564138573e-02 7.539596336e-02 7.513110826e-02 7.484761394e-02
 1.986944657e-03 4.505941193e-03 8.049152424e-03 1.262564332e-02 1.791595663e-02
 2.065788988e-02 1.999210105e-02 1.894645797e-02 1.787163549e-02 1.674998361e-02
 1.558858214e-02 1.439387945e-02 1.317398894e-02 1.193812451e-02 1.069620522e-02
 9.459438400e-03 8.249440530e-03 7.088877190e-03 6.001124227e-03 5.010006150e-03
 4.139532022e-03 3.413629111e-03 2.855871506e-03 2.489199765e-03 2.335625790e-03
 2.415907635e-03 2.749133122e-03 3.352093683e-03 4.238486817e-03 5.418050985e-03
 6.895937032e-03 8.671791309e-03 1.073508050e-02 1.305878748e-02 1.564695458e-02
 1.849676833e-02 2.160308814e-02 2.496068363e-02 2.856252712e-02 3.239719740e-02
 3.644914094e-02 4.065623397e-02 4.526667613e-02 5.003543845e-02 5.480328800e-02
 5.940651113e-02 6.361954834e-02 6.720972764e-02 7.003817857e-02 7.209977471e-02
 7.351797465e-02 7.447711823e-02 7.514383719e-02 7.563054346e-02 7.600120715e-02
 7.628886720e-02 7.650910361e-02 7.666853267e-02 7.676970159e-02 7.681372067e-02
 7.680156207e-02 7.673460775e-02 7.661479666e-02 7.644445782e-02 7.621865162e-02
 1.993273787e-03 4.519563887e-03 8.071482860e-03 1.265588833e-02 1.794877617e-02
 2.067937524e-02 1.998020510e-02 1.887120178e-02 1.769237124e-02 1.643882787e-02
 1.511606704e-02 1.373101535e-02 1.229080520e-02 1.080291725e-02 9.275209895e-03
 7.728717796e-03 6.186647975e-03 4.673903620e-03 3.216843000e-03 1.843017327e-03
 5.808969197e-04-5.404179087e-04-1.491505950e-03-2.242961608e-03-2.765771461e-03
-3.031751545e-03-3.014072741e-03-2.687920168e-03-2.031306143e-03-1.026065615e-03
 3.409139238e-04 2.076092042e-03 4.177225164e-03 6.631319752e-03 9.413828028e-03
 1.247934635e-02 1.579560568e-02 1.934856824e-02 2.311775113e-02 2.708018382e-02
 3.121017977e-02 3.545364431e-02 3.972004514e-02 4.419629389e-02 4.862998892e-02
 5.286542548e-02 5.683574922e-02 6.045480927e-02 6.366229562e-02 6.643488533e-02
 6.878603578e-02 7.075537841e-02 7.239380481e-02 7.375114378e-02 7.486970192e-02
 7.578286997e-02 7.651641082e-02 7.709052356e-02 7.752171696e-02 7.782417541e-02
 7.801061892e-02 7.809277423e-02 7.808159355e-02 7.798745315e-02 7.782550166e-02
 1.986856958e-03 4.503929469e-03 8.040778175e-03 1.260191058e-02 1.787817398e-02
 2.059503913e-02 1.976726886e-02 1.856928050e-02 1.727690010e-02 1.587911693e-02
 1.438200088e-02 1.279154345e-02 1.111354598e-02 9.353741401e-03 7.529780523e-03
 5.664548671e-03 3.783211817e-03 1.913073930e-03 8.337086967e-05-1.674971823e-03
-3.329614687e-03-4.847110186e-03-6.193238081e-03-7.333373676e-03-8.232897457e-03
-8.857661185e-03-9.174534214e-03-9.152058888e-03-8.761254655e-03-7.976616590e-03
-6.777361681e-03-5.148979351e-03-3.085139179e-03-5.899317357e-04 2.319479349e-03
 5.609718156e-03 9.229004235e-03 1.309899882e-02 1.716692418e-02 2.140342237e-02
 2.577566591e-02 3.024691999e-02 3.477581630e-02 3.931230371e-02 4.379697362e-02
 4.816335063e-02 5.234549269e-02 5.628498899e-02 5.993495591e-02 6.326277245e-02
 6.625082445e-02 6.889503579e-02 7.120192579e-02 7.318531643e-02 7.486356219e-02
 7.625763257e-02 7.738993408e-02 7.828358356e-02 7.896187965e-02 7.944783374e-02
 7.976372393e-02 7.993069139e-02 7.996841219e-02 7.989481195e-02 7.972401862e-02
 1.971411618e-03 4.467983993e-03 7.974323987e-03 1.249311028e-02 1.769154796e-02
 2.028807574e-02 1.943897159e-02 1.813699906e-02 1.670915654e-02 1.514988651e-02
 1.346335167e-02 1.165332564e-02 9.723354350e-03 7.685681849e-03 5.562013412e-03
 3.376821886e-03 1.157244747e-03-1.067077762e-03-3.264210605e-03-5.400178191e-03
-7.439258085e-03-9.344308381e-03-1.107712434e-02-1.259882279e-02-1.387025744e-02
-1.485247476e-02-1.550722802e-02-1.579757762e-02-1.568861561e-02-1.514836456e-02
-1.414891181e-02-1.266784837e-02-1.069007812e-02-8.210061094e-03-5.234513654e-03
-1.785595995e-03 2.095526765e-03 6.344863087e-03 1.087317247e-02 1.555647452e-02
 2.036609049e-02 2.526537004e-02 3.021453510e-02 3.516965354e-02 4.008247502e-02
 4.490128176e-02 4.957267681e-02 5.404390294e-02 5.826527188e-02 6.219246507e-02
 6.578856401e-02 6.902569299e-02 7.188617478e-02 7.436310558e-02 7.646025958e-02
 7.819126913e-02 7.957811605e-02 8.064909320e-02 8.143650068e-02 8.197437992e-02
 8.229654614e-02 8.243508025e-02 8.241932763e-02 8.227532942e-02 8.202514237e-02
 1.950264881e-03 4.419346528e-03 7.885814716e-03 1.235115763e-02 1.749439864e-02
 2.003743249e-02 1.904239347e-02 1.762088320e-02 1.604507299e-02 1.431353167e-02
 1.242792669e-02 1.038980359e-02 8.203853184e-03 5.889728852e-03 3.470346475e-03
 9.717641812e-04-1.576960402e-03-4.143958708e-03-6.694790258e-03-9.192727497e-03
-1.159907986e-02-1.387354854e-02-1.597460336e-02-1.785987526e-02-1.948656209e-02
-2.081185156e-02-2.179337445e-02-2.238971175e-02-2.256099274e-02-2.226963586e-02
-2.148129903e-02-2.016612072e-02-1.830034509e-02-1.586842670e-02-1.286570851e-02
-9.301724774e-03-5.204127354e-03-6.231611953e-04 4.363479540e-03 9.645783097e-03
 1.507901925e-02 2.060452002e-02 2.619058338e-02 3.180092456e-02 3.739384534e-02
 4.292169918e-02 4.833071529e-02 5.356140216e-02 5.854983066e-02 6.323013398e-02
 6.753842390e-02 7.141793762e-02 7.482467980e-02 7.773236721e-02 8.013540492e-02
 8.204903757e-02 8.350658956e-02 8.455452195e-02 8.524655540e-02 8.563814360e-02
 8.578218693e-02 8.572631330e-02 8.551159445e-02 8.517243604e-02 8.474196086e-02
 1.925958416e-03 4.363728976e-03 7.785288901e-03 1.219117273e-02 1.725548181e-02
 1.969847371e-02 1.860374529e-02 1.705761875e-02 1.532936721e-02 1.342146506e-02
 1.133375413e-02 9.065706053e-03 6.630407494e-03 4.048734472e-03 1.345028466e-03
-1.452979484e-03-4.314315710e-03-7.204975040e-03-1.008819018e-02-1.292475144e-02
-1.567336534e-02-1.829103912e-02-2.073347718e-02-2.295547760e-02-2.491132045e-02
-2.655514628e-02-2.784133225e-02-2.872488539e-02-2.916188728e-02-2.911004120e-02
-2.852939256e-02-2.738331291e-02-2.563985751e-02-2.327362226e-02-2.026823102e-02
-1.661957851e-02-1.233991519e-02-7.462777295e-03-2.048607360e-03 3.809255137e-03
 9.978757804e-03 1.628541621e-02 2.268373202e-02 2.914895800e-02 3.564871540e-02
 4.214043668e-02 4.856832658e-02 5.486028369e-02 6.092590712e-02 6.665751402e-02
 7.193643979e-02 7.664577280e-02 8.068776105e-02 8.400101382e-02 8.657171630e-02
 8.843498223e-02 8.966594503e-02 9.036384312e-02 9.063468746e-02 9.057763548e-02
 9.027734040e-02 8.980161756e-02 8.920244684e-02 8.851832896e-02 8.776911183e-02
 1.900394242e-03 4.305393481e-03 7.680229046e-03 1.202468092e-02 1.700293427e-02
 1.933052803e-02 1.816153303e-02 1.647974401e-02 1.459986176e-02 1.251774832e-02
 1.023138444e-02 7.742941759e-03 5.070592435e-03 2.236332831e-03-7.340917421e-04
-3.811308461e-03-6.962500103e-03-1.015165356e-02-1.333986961e-02-1.648572373e-02
-1.954566343e-02-2.247442456e-02-2.522544799e-02-2.775127920e-02-3.000393696e-02
-3.193524395e-02-3.349712134e-02-3.464186214e-02-3.532241352e-02-3.549271706e-02
-3.510817765e-02-3.412635584e-02-3.250800451e-02-3.021859576e-02-2.723050572e-02
-2.352603398e-02-1.910142419e-02-1.397200748e-02-8.178494348e-03-1.794253100e-03
 5.066881476e-03 1.224274901e-02 1.956777804e-02 2.703755724e-02 3.464124507e-02
 4.235691687e-02 5.014396831e-02 5.793158172e-02 6.560307569e-02 7.297998770e-02
 7.981867595e-02 8.583867486e-02 9.078557399e-02 9.449910572e-02 9.695464856e-02
 9.826716317e-02 9.865570962e-02 9.837800112e-02 9.766695568e-02 9.669920044e-02
 9.559454550e-02 9.442880682e-02 9.324763524e-02 9.207731657e-02 9.093681593e-02
 1.875018437e-03 4.247575954e-03 7.576298711e-03 1.186047815e-02 1.678615344e-02
 1.907113495e-02 1.771720791e-02 1.591466455e-02 1.388938172e-02 1.164086003e-02
 9.165575742e-03 6.472596766e-03 3.581268394e-03 5.148822337e-04-2.699360126e-03
-6.030469856e-03-9.443876217e-03-1.290170901e-02-1.636314852e-02-1.978482858e-02
-2.312127375e-02-2.632534873e-02-2.934869633e-02-3.214214171e-02-3.465604389e-02
-3.684058225e-02-3.864597519e-02-4.002264089e-02-4.092132602e-02-4.129324768e-02
-4.109031677e-02-4.026553745e-02-3.877370732e-02-3.657257469e-02-3.362464104e-02
-2.989982253e-02-2.537919497e-02-2.006002715e-02-1.396223573e-02-7.136248479e-03
 3.279879220e-04 8.291598793e-03 1.655807019e-02 2.507412199e-02 3.387195064e-02
 4.298476674e-02 5.244197914e-02 6.225631186e-02 7.239148071e-02 8.268000020e-02
 9.264198912e-02 1.013811485e-01 1.080343671e-01 1.121491685e-01 1.136753141e-01
 1.130024308e-01 1.109501174e-01 1.083828105e-01 1.057768703e-01 1.033146814e-01
 1.010507328e-01 9.898846308e-02 9.711171715e-02 9.539807486e-02 9.382466512e-02
 1.850970795e-03 4.192835205e-03 7.478007990e-03 1.170523870e-02 1.653829095e-02
 1.869275847e-02 1.730873487e-02 1.538514423e-02 1.322510159e-02 1.082351782e-02
 8.175920580e-03 5.297937764e-03 2.209773125e-03-1.064150396e-03-4.495296139e-03
-8.051186441e-03-1.169565261e-02-1.538916195e-02-1.908921303e-02-2.275078338e-02
-2.632680789e-02-2.976866238e-02-3.302662488e-02-3.605028807e-02-3.878889971e-02
-4.119161464e-02-4.320765138e-02-4.478635931e-02-4.587721815e-02-4.642981132e-02
-4.639383747e-02-4.571925241e-02-4.435666483e-02-4.225814523e-02-3.937864518e-02
-3.567825981e-02-3.112559237e-02-2.570248067e-02-1.941030026e-02-1.227793381e-02
-4.371253380e-03 4.196411224e-03 1.325395945e-02 2.265539375e-02 3.247761567e-02
 4.282439510e-02 5.383878404e-02 6.572307647e-02 7.877506749e-02 9.347333833e-02
 1.108157176e-01 1.259771184e-01 1.360673489e-01 1.404966380e-01 1.390804762e-01
 1.327761880e-01 1.240980136e-01 1.176860863e-01 1.126628124e-01 1.086054811e-01
 1.052519093e-01 1.024240142e-01 9.999576460e-02 9.787565521e-02 9.599338430e-02
 1.829171816e-03 4.143243150e-03 7.389027161e-03 1.156491762e-02 1.633875913e-02
 1.842791131e-02 1.693772764e-02 1.490826427e-02 1.262747882e-02 1.008853752e-02
 7.291137809e-03 4.252308566e-03 9.933792886e-04-2.460022106e-03-6.078061834e-03
-9.826884651e-03-1.366889008e-02-1.756309448e-02-2.146556613e-02-2.532991413e-02
-2.910780580e-02-3.274948386e-02-3.620425237e-02-3.942090149e-02-4.234804483e-02
-4.493434978e-02-4.712865117e-02-4.887995128e-02-5.013732529e-02-5.084977070e-02
-5.096606224e-02-5.043470164e-02-4.920408361e-02-4.722303753e-02-4.444194525e-02
-4.081467854e-02-3.630163511e-02-3.087416827e-02-2.452067758e-02-1.725452185e-02
-9.123682734e-03-2.216784771e-04 9.301435112e-03 1.923035331e-02 2.959914941e-02
 4.052836400e-02 5.219102710e-02 6.484242903e-02 7.887185814e-02 9.489346367e-02
 1.142857285e-01 1.297386232e-01 1.444249559e-01 1.472301524e-01 1.449274180e-01
 1.375014316e-01 1.273958141e-01 1.201142410e-01 1.145575398e-01 1.101809100e-01
 1.066337003e-01 1.036850959e-01 1.011786346e-01 9.900532050e-02 9.709288050e-02
 1.810360981e-03 4.100470382e-03 7.312326681e-03 1.144406446e-02 1.617482915e-02
 1.822054593e-02 1.661284738e-02 1.449909561e-02 1.211562961e-02 9.460186180e-03
 6.536784671e-03 3.363236080e-03-3.820785398e-05-3.640886220e-03-7.413845309e-03
-1.132204936e-02-1.532668751e-02-1.938557077e-02-2.345360464e-02-2.748331614e-02
-3.142540765e-02-3.522930604e-02-3.884367381e-02-4.221684974e-02-4.529719084e-02
-4.803329415e-02-5.037408711e-02-5.226878830e-02-5.366675635e-02-5.451726437e-02
-5.476926029e-02-5.437120113e-02-5.327108244e-02-5.141682265e-02-4.875720678e-02
-4.524364163e-02-4.083302004e-02-3.549202282e-02-2.920318450e-02-2.197298110e-02
-1.384202505e-02-4.897130678e-03 4.715492872e-03 1.477725638e-02 2.514242714e-02
 3.587537908e-02 4.705428675e-02 5.877021130e-02 7.111638303e-02 8.413790034e-02
 9.746339076e-02 1.090354115e-01 1.180664100e-01 1.233649539e-01 1.245023155e-01
 1.221077249e-01 1.179188272e-01 1.139435265e-01 1.104738984e-01 1.074727857e-01
 1.048651118e-01 1.025772395e-01 1.005459728e-01 9.871968347e-02 9.704990725e-02
 1.795114803e-03 4.065818615e-03 7.250220561e-03 1.134615863e-02 1.601468062e-02
 1.796676253e-02 1.636179068e-02 1.416952535e-02 1.170363847e-02 8.955220647e-03
 5.931628084e-03 2.651315389e-03-8.627174122e-04-4.582974134e-03-8.477599102e-03
-1.251061229e-02-1.664224446e-02-2.082936517e-02-2.502598847e-02-2.918383310e-02
-3.325290814e-02-3.718209081e-02-4.091966124e-02-4.441376058e-02-4.761274269e-02
-5.046539742e-02-5.292103364e-02-5.492942356e-02-5.644062643e-02-5.740472895e-02
-5.777156317e-02-5.749049047e-02-5.651037322e-02-5.477989519e-02-5.224843776e-02
-4.886776832e-02-4.459484719e-02-3.939609546e-02-3.325347145e-02-2.617264384e-02
-1.819338088e-02-9.401939498e-03 5.532015510e-05 9.958706964e-03 2.000536457e-02
 3.015865717e-02 4.039616826e-02 5.066442658e-02 6.085193141e-02 7.075041859e-02
 8.002382734e-02 8.824193478e-02 9.499306243e-02 9.999418754e-02 1.031784334e-01
 1.047367078e-01 1.050602330e-01 1.045895508e-01 1.036727867e-01 1.025304311e-01
 1.012874823e-01 1.000110765e-01 9.873582925e-02 9.747870582e-02 9.625107220e-02
 1.783859145e-03 4.040245917e-03 7.204406322e-03 1.127411323e-02 1.592823763e-02
 1.788261392e-02 1.616821207e-02 1.392719883e-02 1.140136094e-02 8.585224030e-03
 5.488824335e-03 2.131111299e-03-1.464353843e-03-5.269454927e-03-9.251672077e-03
-1.337433542e-02-1.759698194e-02-2.187580774e-02-2.616419909e-02-3.041331850e-02
-3.457271520e-02-3.859092568e-02-4.241602802e-02-4.599611560e-02-4.927965991e-02
-5.221574016e-02-5.475412813e-02-5.684523016e-02-5.843990507e-02-5.948919622e-02
-5.994403946e-02-5.975503648e-02-5.887241587e-02-5.724634384e-02-5.482779169e-02
-5.157021689e-02-4.743236332e-02-4.238252277e-02-3.640460454e-02-2.950630140e-02
-2.172947557e-02-1.316256494e-02-3.954281980e-03 5.672860461e-03 1.541145449e-02
 2.505246788e-02 3.454531262e-02 4.381367415e-02 5.275039509e-02 6.121568811e-02
 6.904365395e-02 7.606092311e-02 8.211557041e-02 8.710805027e-02 9.101374793e-02
 9.388848256e-02 9.585356846e-02 9.706599774e-02 9.768669186e-02 9.785852436e-02
 9.769730915e-02 9.729197725e-02 9.670886989e-02 9.599687900e-02 9.519380934e-02
 1.776884400e-03 4.024401487e-03 7.176024643e-03 1.122940504e-02 1.585117428e-02
 1.775731470e-02 1.605280866e-02 1.377786038e-02 1.121527114e-02 8.357805825e-03
 5.217043770e-03 1.812240426e-03-1.832691196e-03-5.689247595e-03-9.724496571e-03
-1.390134306e-02-1.817889983e-02-2.251295492e-02-2.685651882e-02-3.116042678e-02
-3.537396506e-02-3.944548603e-02-4.332297538e-02-4.695453637e-02-5.028876100e-02
-5.327496556e-02-5.586327935e-02-5.800458904e-02-5.965035801e-02-6.075235977e-02
-6.126238785e-02-6.113203231e-02-6.031264558e-02-5.875565907e-02-5.641345599e-02
-5.324105369e-02-4.919889407e-02-4.425707155e-02-3.840132411e-02-3.164104057e-02
-2.401935039e-02-1.562500574e-02-6.605183382e-03 2.822497591e-03 1.236150327e-02
 2.169946338e-02 3.078398102e-02 3.954727878e-02 4.790724458e-02 5.577086447e-02
 6.304071853e-02 6.962446085e-02 7.544602547e-02 8.045621555e-02 8.463995975e-02
 8.801817071e-02 9.064368245e-02 9.259259599e-02 9.395365731e-02 9.481838952e-02
 9.527372492e-02 9.539758533e-02 9.525693758e-02 9.490743238e-02 9.438950203e-02
 1.774367217e-03 4.018678768e-03 7.165759920e-03 1.121318911e-02 1.582346948e-02
 1.771048045e-02 1.601208625e-02 1.372422025e-02 1.114903673e-02 8.277344679e-03
 5.121273376e-03 1.700212796e-03-1.961783516e-03-5.836064983e-03-9.889547035e-03
-1.408498002e-02-1.838132417e-02-2.273422199e-02-2.709655095e-02-3.141903125e-02
-3.565085744e-02-3.974031841e-02-4.363536878e-02-4.728411666e-02-5.063519732e-02
-5.363801048e-02-5.624280998e-02-5.840064851e-02-6.006319701e-02-6.118247795e-02
-6.171057538e-02-6.159941168e-02-6.080071418e-02-5.926633226e-02-5.694910995e-02
-5.380456532e-02-4.979367180e-02-4.488706527e-02-3.907099246e-02-3.235523823e-02
-2.478307439e-02-1.644290567e-02-7.480698293e-03 1.888553163e-03 1.137306474e-02
 2.062868310e-02 2.960412077e-02 3.823589892e-02 4.645031466e-02 5.416722591e-02
 6.130574712e-02 6.779147146e-02 7.356426388e-02 7.858523194e-02 8.284141066e-02
 8.634710708e-02 8.914164604e-02 9.128415763e-02 9.284670109e-02 9.390719776e-02
 9.454335466e-02 9.482821743e-02 9.482746076e-02 9.459826498e-02 9.419316657e-02
 1.776385450e-03 4.023259100e-03 7.173952764e-03 1.122613113e-02 1.586370937e-02
 1.780175516e-02 1.603849383e-02 1.376790684e-02 1.120436839e-02 8.345572489e-03
 5.203325707e-03 1.796940750e-03-1.849623704e-03-5.707824464e-03-9.744693317e-03
-1.392310190e-02-1.820213210e-02-2.253754355e-02-2.688232093e-02-3.118727633e-02
-3.540167548e-02-3.947385244e-02-4.335177618e-02-4.698353380e-02-5.031770013e-02
-5.330357127e-02-5.589125064e-02-5.803158999e-02-5.967600464e-02-6.077620180e-02
-6.128388443e-02-6.115052051e-02-6.032730063e-02-5.876544517e-02-5.641706735e-02
-5.323684614e-02-4.918480961e-02-4.423056139e-02-3.835928092e-02-3.157975833e-02
-2.393454137e-02-1.551191812e-02-6.458879042e-03 3.006630077e-03 1.258687583e-02
 2.197523540e-02 3.111899331e-02 3.994896514e-02 4.838011962e-02 5.631478340e-02
 6.364935572e-02 7.028462345e-02 7.613833437e-02 8.115729707e-02 8.532573750e-02
 8.866738099e-02 9.124061063e-02 9.312835819e-02 9.442597031e-02 9.523031393e-02
 9.563206104e-02 9.571147699e-02 9.553700531e-02 9.516559235e-02 9.464164974e-02
 1.782902334e-03 4.038065164e-03 7.200481054e-03 1.126782192e-02 1.590142997e-02
 1.781366415e-02 1.615606188e-02 1.390894124e-02 1.138044319e-02 8.561342187e-03
 5.461789639e-03 2.100792526e-03-1.498024962e-03-5.306482857e-03-9.291998225e-03
-1.341784007e-02-1.764348726e-02-2.192508169e-02-2.621596023e-02-3.046724117e-02
-3.462843488e-02-3.864804390e-02-4.247411622e-02-4.605471719e-02-4.933828963e-02
-5.227387987e-02-5.481121782e-02-5.690065300e-02-5.849296505e-02-5.953908675e-02
-5.998980114e-02-5.979550180e-02-5.890613882e-02-5.727151226e-02-5.484212077e-02
-5.157082336e-02-4.741562257e-02-4.234391511e-02-3.633856403e-02-2.940609161e-02
-2.158713245e-02-1.296896975e-02-3.699459125e-03 5.999090462e-03 1.581846756e-02
 2.556169197e-02 3.517986963e-02 4.459643884e-02 5.370017157e-02 6.234125913e-02
 7.033683784e-02 7.749160361e-02 8.363199695e-02 8.864373416e-02 9.249960970e-02
 9.526643897e-02 9.708631282e-02 9.813933399e-02 9.860518156e-02 9.863843443e-02
 9.836037972e-02 9.786132218e-02 9.720679921e-02 9.644396530e-02 9.560773432e-02
 1.793748701e-03 4.062714187e-03 7.244657365e-03 1.133745455e-02 1.601213552e-02
 1.798536619e-02 1.633639099e-02 1.414335038e-02 1.167339598e-02 8.920280010e-03
 5.891755878e-03 2.606354030e-03-9.128443043e-04-4.638257683e-03-8.537943744e-03
-1.257583680e-02-1.671208517e-02-2.090348126e-02-2.510396875e-02-2.926520401e-02
-3.333714232e-02-3.726861546e-02-4.100786549e-02-4.450300071e-02-4.770234427e-02
-5.055465302e-02-5.300919468e-02-5.501568492e-02-5.652410191e-02-5.748441575e-02
-5.784629311e-02-5.755886542e-02-5.657068204e-02-5.483000941e-02-5.228568338e-02
-4.888877212e-02-4.459535737e-02-3.937077962e-02-3.319569920e-02-2.607426740e-02
-1.804453362e-02-9.190878674e-03 3.423018124e-04 1.033725835e-02 2.049220586e-02
 3.079003592e-02 4.121758915e-02 5.173225090e-02 6.223135735e-02 7.250265561e-02
 8.217368668e-02 9.074138145e-02 9.771654646e-02 1.027584681e-01 1.057835433e-01
 1.070265715e-01 1.069703859e-01 1.061402348e-01 1.049233805e-01 1.035451723e-01
 1.021226183e-01 1.007126100e-01 9.934061038e-02 9.801614659e-02 9.674222175e-02
 1.808623171e-03 4.096527086e-03 7.305275247e-03 1.143297801e-02 1.615417908e-02
 1.818530328e-02 1.658756907e-02 1.446583495e-02 1.207656713e-02 9.414665477e-03
 6.484510435e-03 3.304009456e-03-1.044814245e-04-3.714191901e-03-7.494057092e-03
-1.140893138e-02-1.541989832e-02-1.948467028e-02-2.355806348e-02-2.759252686e-02
-3.153869711e-02-3.534594818e-02-3.896290176e-02-4.233786622e-02-4.541917561e-02
-4.815540713e-02-5.049546589e-02-5.238853839e-02-5.378393269e-02-5.463084222e-02
-5.487809356e-02-5.447396620e-02-5.336620506e-02-5.150238583e-02-4.883083788e-02
-4.530237749e-02-4.087315077e-02-3.550891729e-02-2.919110397e-02-2.192489212e-02
-1.374942739e-02-4.749914731e-03 4.929145180e-03 1.507105320e-02 2.554157109e-02
 3.641711794e-02 4.779414741e-02 5.979377072e-02 7.256293522e-02 8.625892644e-02
 1.009028595e-01 1.132999876e-01 1.231825002e-01 1.286146208e-01 1.291879980e-01
 1.256473083e-01 1.201743847e-01 1.155539809e-01 1.116822752e-01 1.084155397e-01
 1.056280909e-01 1.032178514e-01 1.011043775e-01 9.922515608e-02 9.752928834e-02
 1.827087969e-03 4.138518172e-03 7.380587092e-03 1.155164056e-02 1.631358110e-02
 1.837874228e-02 1.690511255e-02 1.486815872e-02 1.258000718e-02 1.003287245e-02
 7.226887974e-03 4.179210708e-03 9.113066852e-04-2.551058528e-03-6.177913933e-03
-9.935270002e-03-1.378539790e-02-1.768719467e-02-2.159662139e-02-2.546719454e-02
-2.925050543e-02-3.289673847e-02-3.635515723e-02-3.957452818e-02-4.250345594e-02
-4.509061024e-02-4.728483496e-02-4.903514239e-02-5.029061173e-02-5.100023039e-02
-5.111273976e-02-5.057657475e-02-4.934001887e-02-4.735173449e-02-4.456186974e-02
-4.092398670e-02-3.639809191e-02-3.095506763e-02-2.458277542e-02-1.729399834e-02
-9.136153272e-03-2.022857409e-04 9.357837838e-03 1.932849387e-02 2.974724928e-02
 4.073874682e-02 5.248252804e-02 6.524446691e-02 7.943050104e-02 9.567338319e-02
 1.148519261e-01 1.316447382e-01 1.428129274e-01 1.477133026e-01 1.458972280e-01
 1.383011872e-01 1.282519999e-01 1.207819317e-01 1.150995398e-01 1.106421988e-01
 1.070443693e-01 1.040659409e-01 1.015448179e-01 9.936840803e-02 9.745870584e-02
 1.848557352e-03 4.187365479e-03 7.468244484e-03 1.169000955e-02 1.653650982e-02
 1.872481840e-02 1.726420068e-02 1.533839009e-02 1.316966130e-02 1.075831697e-02
 8.100213161e-03 5.211430856e-03 2.112323714e-03-1.172529769e-03-4.614435146e-03
-8.180758843e-03-1.183518242e-02-1.553803374e-02-1.924668616e-02-2.291600962e-02
-2.649885188e-02-2.994652398e-02-3.320926263e-02-3.623664257e-02-3.897791599e-02
-4.138226239e-02-4.339894230e-02-4.497736057e-02-4.606706163e-02-4.661769803e-02
-4.657903730e-02-4.590109920e-02-4.453454780e-02-4.243149805e-02-3.954693531e-02
-3.584098252e-02-3.128227647e-02-2.585271689e-02-1.955380782e-02-1.241468934e-02
-4.501720994e-03 4.070938797e-03 1.313082617e-02 2.252396088e-02 3.232276856e-02
 4.262363316e-02 5.355668351e-02 6.530094238e-02 7.811113929e-02 9.239258095e-02
 1.095640376e-01 1.252730219e-01 1.361832222e-01 1.388233278e-01 1.371906475e-01
 1.313230207e-01 1.230272393e-01 1.170676699e-01 1.123209208e-01 1.084413421e-01
 1.052094815e-01 1.024706710e-01 1.001122334e-01 9.805060219e-02 9.622157530e-02
 1.872283677e-03 4.241380351e-03 7.565245978e-03 1.184310785e-02 1.674080110e-02
 1.897590765e-02 1.767825763e-02 1.586180597e-02 1.382623690e-02 1.156644417e-02
 9.078786124e-03 6.373102209e-03 3.468900059e-03 3.896479207e-04-2.837271557e-03
-6.180690184e-03-9.605864630e-03-1.307476357e-02-1.654642209e-02-1.997734874e-02
-2.332196617e-02-2.653306312e-02-2.956223421e-02-3.236028501e-02-3.487758343e-02
-3.706434537e-02-3.887085184e-02-4.024760783e-02-4.114546905e-02-4.151578220e-02
-4.131060735e-02-4.048311757e-02-3.898830087e-02-3.678412148e-02-3.383332956e-02
-3.010613378e-02-2.558396312e-02-2.026452576e-02-1.416830596e-02-7.346489076e-03
 1.099577136e-04 8.060623027e-03 1.630670446e-02 2.478243951e-02 3.351414794e-02
 4.252598205e-02 5.183372873e-02 6.142997817e-02 7.125065750e-02 8.110197855e-02
 9.053515497e-02 9.881364423e-02 1.052098362e-01 1.093164314e-01 1.110908547e-01
 1.108776066e-01 1.093614605e-01 1.072499239e-01 1.049873013e-01 1.027795466e-01
 1.007071534e-01 9.879296138e-02 9.703432792e-02 9.541816169e-02 9.392833446e-02
 1.897336697e-03 4.298470333e-03 7.667887915e-03 1.200539659e-02 1.697833023e-02
 1.930543033e-02 1.811065650e-02 1.642042362e-02 1.452907059e-02 1.243420895e-02
 1.013383100e-02 7.630903140e-03 4.943844114e-03 2.094871612e-03-8.900563122e-04
-3.981360391e-03-7.146025696e-03-1.034785415e-02-1.354777852e-02-1.670422730e-02
-1.977352570e-02-2.271031483e-02-2.546797054e-02-2.799900418e-02-3.025543173e-02
-3.218910410e-02-3.375200109e-02-3.489650388e-02-3.557567692e-02-3.574360852e-02
-3.535588134e-02-3.437026809e-02-3.274777338e-02-3.045416805e-02-2.746218244e-02
-2.375453582e-02-1.932796753e-02-1.419838647e-02-8.407148968e-03-2.028311995e-03
 4.823526453e-03 1.198584427e-02 1.928262578e-02 2.670567604e-02 3.424038847e-02
 4.186069594e-02 4.952194097e-02 5.715071574e-02 6.463213652e-02 7.179857518e-02
 7.843020113e-02 8.428067798e-02 8.912884045e-02 9.283502546e-02 9.537673806e-02
 9.685203592e-02 9.744921864e-02 9.739298583e-02 9.689239198e-02 9.611254734e-02
 9.517067613e-02 9.414455536e-02 9.308345730e-02 9.201743785e-02 9.096577482e-02
 1.922558773e-03 4.356040718e-03 7.771608326e-03 1.216984681e-02 1.723596024e-02
 1.968933032e-02 1.855000878e-02 1.699182911e-02 1.525085555e-02 1.332903323e-02
 1.122616960e-02 8.941759242e-03 6.489959298e-03 3.891836065e-03 1.171947949e-03
-1.641751475e-03-4.518070158e-03-7.422794875e-03-1.031896601e-02-1.316720166e-02
-1.592605998e-02-1.855242640e-02-2.100191201e-02-2.322925105e-02-2.518868937e-02
-2.683436237e-02-2.812067026e-02-2.900267061e-02-2.943652292e-02-2.938003707e-02
-2.879339702e-02-2.764015064e-02-2.588857655e-02-2.351355324e-02-2.049906336e-02
-1.684145183e-02-1.255351819e-02-7.669447056e-03-2.250455310e-03 3.609238684e-03
 9.776986423e-03 1.607673188e-02 2.245427503e-02 2.888366700e-02 3.533139003e-02
 4.175430092e-02 4.809710628e-02 5.428996032e-02 6.024722712e-02 6.586901740e-02
 7.104723874e-02 7.567687934e-02 7.967093637e-02 8.297499247e-02 8.557670208e-02
 8.750695187e-02 8.883235913e-02 8.964181965e-02 9.003167087e-02 9.009366234e-02
 8.990773733e-02 8.953932413e-02 8.903966559e-02 8.844762085e-02 8.778893564e-02
 1.946463897e-03 4.410767940e-03 7.870594336e-03 1.232742298e-02 1.744694218e-02
 1.994568917e-02 1.898397306e-02 1.754769382e-02 1.595822537e-02 1.421173367e-02
 1.230986398e-02 1.025408124e-02 8.050194429e-03 5.718173818e-03 3.281210022e-03
 7.656221212e-04-1.799282402e-03-4.381399354e-03-6.946068952e-03-9.456363444e-03
-1.187341370e-02-1.415676583e-02-1.626475909e-02-1.815491827e-02-1.978435847e-02
-2.111020619e-02-2.209005031e-02-2.268244704e-02-2.284751701e-02-2.254768679e-02
-2.174864329e-02-2.042058427e-02-1.853985780e-02-1.609108996e-02-1.306988538e-02
-9.486168912e-03-5.368172591e-03-7.669612211e-04 4.238838178e-03 9.538248085e-03
 1.498448997e-02 2.051348852e-02 2.609185706e-02 3.168216230e-02 3.724235421e-02
 4.272534996e-02 4.807894750e-02 5.324628727e-02 5.816715311e-02 6.278037152e-02
 6.702740466e-02 7.085690920e-02 7.422960863e-02 7.712248406e-02 7.953124317e-02
 8.147037199e-02 8.297070568e-02 8.407512320e-02 8.483340291e-02 8.529731641e-02
 8.551673075e-02 8.553703518e-02 8.539782238e-02 8.513258411e-02 8.477103814e-02
 1.967077440e-03 4.458227022e-03 7.957076953e-03 1.246648795e-02 1.766823159e-02
 2.028615737e-02 1.937009399e-02 1.805526442e-02 1.661314562e-02 1.503810319e-02
 1.333463323e-02 1.150649403e-02 9.557205867e-03 7.500376986e-03 5.358007869e-03
 3.154850800e-03 9.183054522e-04-1.321735449e-03-3.533097071e-03-5.681579217e-03
-7.731252358e-03-9.644786309e-03-1.138380684e-02-1.290927855e-02-1.418191730e-02
-1.516264188e-02-1.581308351e-02-1.609618112e-02-1.597690186e-02-1.542313847e-02
-1.440684568e-02-1.290548467e-02-1.090385242e-02-8.396353774e-03-5.389778586e-03
-1.906551511e-03 2.011689436e-03 6.300218786e-03 1.086815396e-02 1.558840344e-02
 2.042921895e-02 2.535082736e-02 3.031040929e-02 3.526206336e-02 4.015736024e-02
 4.494610159e-02 4.957735294e-02 5.400112443e-02 5.817065065e-02 6.204478086e-02
 6.559000795e-02 6.878190141e-02 7.160590607e-02 7.405754665e-02 7.614207053e-02
 7.787354087e-02 7.927341828e-02 8.036874457e-02 8.119012447e-02 8.176974015e-02
 8.213961050e-02 8.233023315e-02 8.236965800e-02 8.228294646e-02 8.209143012e-02
 1.981748298e-03 4.492452379e-03 8.020562154e-03 1.257076740e-02 1.782142306e-02
 2.049890673e-02 1.969444981e-02 1.847933048e-02 1.716992615e-02 1.575560718e-02
 1.424110270e-02 1.263239082e-02 1.093519783e-02 9.155239354e-03 7.311893558e-03
 5.428246852e-03 3.529715346e-03 1.643859714e-03-1.998291961e-04-1.970181153e-03
-3.634626598e-03-5.159503907e-03-6.510393721e-03-7.652484079e-03-8.550975040e-03
-9.171538149e-03-9.480853385e-03-9.447255995e-03-9.041532034e-03-8.237908945e-03
-7.015297487e-03-5.358853344e-03-3.261893051e-03-7.281803695e-04 2.225469248e-03
 5.565948156e-03 9.241200806e-03 1.317167837e-02 1.730414570e-02 2.160721856e-02
 2.604533638e-02 3.057516708e-02 3.514371111e-02 3.969198197e-02 4.416193179e-02
 4.849721316e-02 5.263941775e-02 5.653234188e-02 6.012976125e-02 6.340051286e-02
 6.632980770e-02 6.891727199e-02 7.117313732e-02 7.311423313e-02 7.476087747e-02
 7.613494723e-02 7.725887073e-02 7.815513772e-02 7.884600765e-02 7.935324591e-02
 7.969783798e-02 7.989969797e-02 7.997740886e-02 7.994800996e-02 7.982648182e-02
 1.987039292e-03 4.505520536e-03 8.046681408e-03 1.261766719e-02 1.789255142e-02
 2.059897966e-02 1.989274805e-02 1.876360036e-02 1.757027854e-02 1.629961982e-02
 1.495969460e-02 1.355697537e-02 1.209825960e-02 1.059074427e-02 9.043900346e-03
 7.479343956e-03 5.920599463e-03 4.392885985e-03 2.922854475e-03 1.538325172e-03
 2.680136217e-04-8.587562777e-04-1.812357708e-03-2.563192164e-03-3.082058963e-03
-3.340582730e-03-3.311730801e-03-2.970456289e-03-2.294501275e-03-1.265389224e-03
 1.303573463e-04 1.899700013e-03 4.041015305e-03 6.542064019e-03 9.378703872e-03
 1.250604138e-02 1.589279145e-02 1.952687559e-02 2.339026282e-02 2.746157583e-02
 3.171169597e-02 3.611572041e-02 4.066686770e-02 4.504760972e-02 4.933459212e-02
 5.351515865e-02 5.744638399e-02 6.102125579e-02 6.416832255e-02 6.686311316e-02
 6.912591683e-02 7.100641211e-02 7.256389562e-02 7.385305222e-02 7.491809830e-02
 7.579252434e-02 7.650122000e-02 7.706305321e-02 7.749304859e-02 7.780392897e-02
 7.800707137e-02 7.811302397e-02 7.813173596e-02 7.807266537e-02 7.794676362e-02
 1.979327783e-03 4.488602922e-03 8.018030439e-03 1.257666269e-02 1.786520452e-02
 2.062324803e-02 1.987498153e-02 1.881583513e-02 1.772322899e-02 1.658814204e-02
 1.541253929e-02 1.420248072e-02 1.296611269e-02 1.171274415e-02 1.045234367e-02
 9.198333042e-03 7.972793920e-03 6.798743102e-03 5.699873387e-03 4.700280436e-03
 3.824203665e-03 3.095767412e-03 2.538716679e-03 2.176141317e-03 2.030182985e-03
 2.121710426e-03 2.469930785e-03 3.091806959e-03 4.001264032e-03 5.208297718e-03
 6.718220798e-03 8.531020932e-03 1.063672005e-02 1.300900715e-02 1.565143682e-02
 1.856310206e-02 2.174172617e-02 2.518680079e-02 2.889907832e-02 3.288200263e-02
 3.714767692e-02 4.165906024e-02 4.619004540e-02 5.087294712e-02 5.564240233e-02
 6.031241684e-02 6.459588405e-02 6.820223717e-02 7.096127755e-02 7.287216805e-02
 7.410323995e-02 7.489595329e-02 7.543206715e-02 7.581986828e-02 7.611826341e-02
 7.635560702e-02 7.654335932e-02 7.668472608e-02 7.677955630e-02 7.682688296e-02
 7.682611079e-02 7.677746861e-02 7.668208118e-02 7.654180656e-02 7.635595320e-02
 1.956865726e-03 4.437313589e-03 7.925054840e-03 1.242650194e-02 1.761406306e-02
 2.020987117e-02 1.939312040e-02 1.848195297e-02 1.754127876e-02 1.655336533e-02
 1.553450060e-02 1.449959045e-02 1.346282793e-02 1.243794959e-02 1.143831626e-02
 1.047698912e-02 9.569533415e-03 8.736873656e-03 7.999495629e-03 7.377213871e-03
 6.888941785e-03 6.552477940e-03 6.384271103e-03 6.399186036e-03 6.610305989e-03
 7.028859346e-03 7.664449987e-03 8.524565190e-03 9.613218376e-03 1.092887098e-02
 1.246383698e-02 1.422712783e-02 1.622412888e-02 1.845880953e-02 2.093827316e-02
 2.367168324e-02 2.667027666e-02 2.994784329e-02 3.352117330e-02 3.741014718e-02
 4.163535566e-02 4.621190686e-02 5.118253235e-02 5.663169069e-02 6.267986260e-02
 6.964702804e-02 7.622191092e-02 8.078074256e-02 8.299595264e-02 8.279515763e-02
 8.121771819e-02 7.996816573e-02 7.897202060e-02 7.819821639e-02 7.761450497e-02
 7.717293028e-02 7.683085611e-02 7.655431838e-02 7.631745267e-02 7.610106355e-02
 7.589119908e-02 7.567795011e-02 7.545449754e-02 7.521641218e-02 7.496285368e-02
 1.920571844e-03 4.355293275e-03 7.778927276e-03 1.219715451e-02 1.728590409e-02
 1.976846398e-02 1.882253388e-02 1.794117330e-02 1.709193985e-02 1.620044760e-02
 1.529300026e-02 1.439133608e-02 1.351502076e-02 1.268182322e-02 1.190798495e-02
 1.120844199e-02 1.059705858e-02 1.008845828e-02 9.699353749e-03 9.444394910e-03
 9.336019229e-03 9.384394911e-03 9.597099691e-03 9.978705851e-03 1.053020533e-02
 1.124807452e-02 1.213064762e-02 1.317823196e-02 1.439026757e-02 1.576644608e-02
 1.730824664e-02 1.902137104e-02 2.091497677e-02 2.300154960e-02 2.529694762e-02
 2.782042347e-02 3.059469311e-02 3.364586760e-02 3.700382513e-02 4.070374857e-02
 4.478996535e-02 4.932388131e-02 5.439774580e-02 6.015636336e-02 6.683059261e-02
 7.469892557e-02 8.185552018e-02 8.666336623e-02 8.915480733e-02 8.926570947e-02
 8.684455875e-02 8.347362665e-02 8.115437947e-02 7.953533426e-02 7.835843242e-02
 7.747095252e-02 7.677762137e-02 7.621631859e-02 7.574505095e-02 7.533461974e-02
 7.496429114e-02 7.461912838e-02 7.428828173e-02 7.396383637e-02 7.364016645e-02
 1.869218342e-03 4.241047735e-03 7.580527322e-03 1.189793955e-02 1.688610116e-02
 1.927823473e-02 1.820125332e-02 1.726769839e-02 1.638297034e-02 1.549373657e-02
 1.462211881e-02 1.379135518e-02 1.302330929e-02 1.233783990e-02 1.175254304e-02
 1.128274211e-02 1.094164973e-02 1.074063648e-02 1.068975459e-02 1.079703643e-02
 1.106634126e-02 1.149944541e-02 1.209459402e-02 1.284624960e-02 1.374514916e-02
 1.477895646e-02 1.593396258e-02 1.719685452e-02 1.855651509e-02 2.000611750e-02
 2.154497351e-02 2.317957716e-02 2.492370310e-02 2.680049084e-02 2.883512255e-02
 3.105359400e-02 3.349547475e-02 3.619740478e-02 3.919771720e-02 4.253331594e-02
 4.623698178e-02 5.034969131e-02 5.491750075e-02 5.999375163e-02 6.564254215e-02
 7.200762761e-02 7.781623183e-02 8.196143900e-02 8.441048932e-02 8.507722271e-02
 8.382017390e-02 8.167591896e-02 8.003632974e-02 7.872698811e-02 7.766411021e-02
 7.678460284e-02 7.604253391e-02 7.540424207e-02 7.484462180e-02 7.434455558e-02
 7.388920961e-02 7.346691007e-02 7.306838870e-02 7.268622707e-02 7.231314465e-02
 1.795146105e-03 4.077076180e-03 7.297557393e-03 1.147369712e-02 1.628997577e-02
 1.848402349e-02 1.731592883e-02 1.623790667e-02 1.524373845e-02 1.427636683e-02
 1.336635525e-02 1.254237313e-02 1.183021901e-02 1.125200648e-02 1.082581290e-02
 1.056580271e-02 1.048266419e-02 1.058411198e-02 1.087520661e-02 1.135825196e-02
 1.203226251e-02 1.289235947e-02 1.392871436e-02 1.512543345e-02 1.645972248e-02
 1.790189695e-02 1.941693715e-02 2.096809501e-02 2.252247022e-02 2.405741823e-02
 2.556484859e-02 2.705313736e-02 2.856318025e-02 3.011509901e-02 3.175212611e-02
 3.351780856e-02 3.546913065e-02 3.765498224e-02 4.012463647e-02 4.291964129e-02
 4.606294108e-02 4.956631190e-02 5.341113174e-02 5.753378217e-02 6.180638809e-02
 6.601395287e-02 6.986272382e-02 7.306173175e-02 7.541812817e-02 7.687013214e-02
 7.749836679e-02 7.751136741e-02 7.715245473e-02 7.660688894e-02 7.598653609e-02
 7.535252362e-02 7.473618806e-02 7.415187621e-02 7.360432257e-02 7.309294648e-02
 7.261439196e-02 7.216403564e-02 7.173687509e-02 7.132809514e-02 7.093572892e-02
 1.683967521e-03 3.831381934e-03 6.874385766e-03 1.084034643e-02 1.544384009e-02
 1.743897526e-02 1.596447514e-02 1.465371624e-02 1.345083214e-02 1.231293631e-02
 1.128305255e-02 1.040040761e-02 9.698034863e-03 9.200809334e-03 8.925206140e-03
 8.880710101e-03 9.072033362e-03 9.501154309e-03 1.016855002e-02 1.107344167e-02
 1.221313402e-02 1.358152169e-02 1.516667017e-02 1.694731018e-02 1.888827679e-02
 2.093573948e-02 2.301481385e-02 2.503421524e-02 2.690222366e-02 2.854964823e-02
 2.997117336e-02 3.118517724e-02 3.225107229e-02 3.325030175e-02 3.426046599e-02
 3.535069941e-02 3.658441655e-02 3.802665199e-02 3.975096489e-02 4.183857677e-02
 4.436236936e-02 4.735719235e-02 5.079205357e-02 5.456208843e-02 5.850181816e-02
 6.240596761e-02 6.604911567e-02 6.921090174e-02 7.171527961e-02 7.347517183e-02
 7.451595984e-02 7.495709552e-02 7.496130097e-02 7.468395511e-02 7.424608195e-02
 7.373026622e-02 7.318779314e-02 7.264797336e-02 7.212590061e-02 7.162794797e-02
 7.115538194e-02 7.070664881e-02 7.027878568e-02 6.986821976e-02 6.946831104e-02
 1.512341699e-03 3.452430510e-03 6.223812908e-03 9.873275847e-03 1.412298347e-02
 1.574169898e-02 1.394571946e-02 1.226649073e-02 1.070647997e-02 9.269123221e-03
 8.008827179e-03 6.991612967e-03 6.267137062e-03 5.861014353e-03 5.776337919e-03
 6.003089419e-03 6.528434946e-03 7.343013528e-03 8.442751240e-03 9.828074557e-03
 1.150226212e-02 1.346960531e-02 1.573293297e-02 1.828893636e-02 2.111824006e-02
 2.416539193e-02 2.730512629e-02 3.030789414e-02 3.285906076e-02 3.471143062e-02
 3.579940936e-02 3.627519230e-02 3.641195656e-02 3.643655831e-02 3.648077098e-02
 3.660371950e-02 3.682882103e-02 3.718096630e-02 3.773691975e-02 3.869535375e-02
 4.038316723e-02 4.306331575e-02 4.672457163e-02 5.108232163e-02 5.578700215e-02
 6.057668699e-02 6.520571699e-02 6.930560295e-02 7.240024328e-02 7.418913572e-02
 7.478265768e-02 7.460777566e-02 7.407981889e-02 7.343415027e-02 7.277343488e-02
 7.213757658e-02 7.154019657e-02 7.098394504e-02 7.046674635e-02 6.998447760e-02
 6.953222654e-02 6.910494306e-02 6.869780060e-02 6.830642529e-02 6.792849435e-02
 1.245233371e-03 2.855777901e-03 5.188349764e-03 8.330137093e-03 1.206824003e-02
 1.325510605e-02 1.114721259e-02 8.840771687e-03 6.673487802e-03 4.663602078e-03
 2.937684351e-03 1.656770671e-03 9.325776372e-04 7.623598433e-04 1.058573446e-03
 1.727078676e-03 2.712017440e-03 3.994857564e-03 5.578974272e-03 7.477820268e-03
 9.709925955e-03 1.229948740e-02 1.528087422e-02 1.870595578e-02 2.265338662e-02
 2.723548863e-02 3.257193732e-02 3.852071208e-02 4.359590590e-02 4.588444966e-02
 4.512445139e-02 4.285551559e-02 4.083411402e-02 3.932573413e-02 3.821607453e-02
 3.735022909e-02 3.656446951e-02 3.565550251e-02 3.430208351e-02 3.184086713e-02
 3.081195959e-02 3.330505897e-02 3.970721045e-02 4.683083000e-02 5.326417835e-02
 5.972387593e-02 6.687537396e-02 7.598483056e-02 8.145985266e-02 8.239836614e-02
 7.845503245e-02 7.537039212e-02 7.341668518e-02 7.206289715e-02 7.105723466e-02
 7.026770325e-02 6.961962649e-02 6.906789230e-02 6.858360577e-02 6.814725578e-02
 6.774505616e-02 6.736692235e-02 6.700531912e-02 6.665458251e-02 6.631142387e-02
 8.616944007e-04 1.964744394e-03 3.547685714e-03 5.692287844e-03 8.360290185e-03
 8.911190557e-03 6.533771560e-03 3.925926195e-03 1.066490744e-03-2.142826339e-03
-5.295935429e-03-7.339729939e-03-7.641035355e-03-6.613298216e-03-5.241810939e-03
-3.807772735e-03-2.255145748e-03-4.927911063e-04 1.553478010e-03 3.930868579e-03
 6.665559934e-03 9.776846387e-03 1.329464653e-02 1.727924425e-02 2.184844703e-02
 2.722899312e-02 3.388258239e-02 4.291293570e-02 5.154175197e-02 5.428737491e-02
 5.084368057e-02 4.528370849e-02 4.207023530e-02 4.000752344e-02 3.858366556e-02
 3.751620785e-02 3.661035848e-02 3.569934438e-02 3.463421712e-02 3.349364747e-02
 3.356453610e-02 3.583599880e-02 4.018796175e-02 4.564975523e-02 5.118841097e-02
 5.684155397e-02 6.278055614e-02 6.868661861e-02 7.302649688e-02 7.453975738e-02
 7.331699855e-02 7.151384318e-02 7.010504471e-02 6.906471835e-02 6.828380067e-02
 6.767843085e-02 6.719142717e-02 6.678406658e-02 6.642952009e-02 6.610893260e-02
 6.580862561e-02 6.551873031e-02 6.523218726e-02 6.494424864e-02 6.464943166e-02
 4.438858421e-04 9.693171142e-04 1.622897681e-03 2.269918065e-03 2.635393740e-03
 2.341833271e-03 1.169112281e-03-8.735202768e-04-3.834413829e-03-8.070809365e-03
-1.348144784e-02-1.647414704e-02-1.646137178e-02-1.322610102e-02-1.112297168e-02
-9.516306206e-03-7.916434579e-03-6.019770869e-03-3.671376100e-03-8.469090416e-04
 2.395538273e-03 5.976587455e-03 9.836161439e-03 1.394426982e-02 1.829048423e-02
 2.285387886e-02 2.753500187e-02 3.202586087e-02 3.573252087e-02 3.807632229e-02
 3.895311916e-02 3.881078637e-02 3.825598921e-02 3.765732890e-02 3.715603574e-02
 3.678948110e-02 3.656677543e-02 3.651073488e-02 3.669134708e-02 3.725096252e-02
 3.837921733e-02 4.021282217e-02 4.274507252e-02 4.582635722e-02 4.924282668e-02
 5.278559932e-02 5.624060885e-02 5.934925668e-02 6.183450567e-02 6.351845231e-02
 6.443231540e-02 6.479011338e-02 6.483933758e-02 6.475258469e-02 6.462012088e-02
 6.448038481e-02 6.434548000e-02 6.421547016e-02 6.408548655e-02 6.394919142e-02
 6.380049110e-02 6.363440070e-02 6.344723797e-02 6.323763058e-02 6.300824791e-02
 1.411605042e-04 2.781790381e-04 3.882046341e-04 3.823134865e-04 1.474974483e-04
-4.348458402e-04-1.462608307e-03-2.995938789e-03-5.043918887e-03-7.531712304e-03
-1.011263001e-02-1.221913436e-02-1.351815786e-02-1.420722238e-02-1.475186502e-02
-1.520173118e-02-1.505966468e-02-1.369163957e-02-1.089016754e-02-7.032964215e-03
-2.717175365e-03 1.682129219e-03 6.020663399e-03 1.025345672e-02 1.435670915e-02
 1.829054271e-02 2.197974245e-02 2.531037624e-02 2.815248740e-02 3.040989038e-02
 3.206948812e-02 3.321187499e-02 3.397546556e-02 3.450562814e-02 3.492329153e-02
 3.531969431e-02 3.576541967e-02 3.632223725e-02 3.705129158e-02 3.801361953e-02
 3.926105538e-02 4.082071806e-02 4.268189515e-02 4.479329708e-02 4.707091579e-02
 4.941002937e-02 5.169615769e-02 5.381651160e-02 5.567612028e-02 5.721675890e-02
 5.842867817e-02 5.934591666e-02 6.002724681e-02 6.053466816e-02 6.091954019e-02
 6.121797928e-02 6.145198138e-02 6.163265950e-02 6.176370688e-02 6.184449133e-02
 6.187269372e-02 6.184644936e-02 6.176517455e-02 6.163174159e-02 6.144889283e-02
-1.589794100e-05-6.223127672e-05-1.752552733e-04-3.997777502e-04-7.864069173e-04
-1.384117196e-03-2.231139907e-03-3.344442831e-03-4.711720528e-03-6.293148503e-03
-8.025629414e-03-9.867352638e-03-1.187096955e-02-1.426650791e-02-1.756521005e-02
-2.290049804e-02-2.861396918e-02-2.839760852e-02-2.234414605e-02-1.327199296e-02
-6.615228683e-03-1.118548470e-03 3.696161206e-03 8.036965685e-03 1.199549426e-02
 1.560441610e-02 1.886470184e-02 2.176270554e-02 2.428427156e-02 2.642729967e-02
 2.821055174e-02 2.967570088e-02 3.088222112e-02 3.189829108e-02 3.279216591e-02
 3.362679745e-02 3.445786685e-02 3.533375151e-02 3.629563099e-02 3.737646893e-02
 3.859856910e-02 3.997046222e-02 4.148455106e-02 4.311679698e-02 4.482889088e-02
 4.657249389e-02 4.829482462e-02 4.994497682e-02 5.148028266e-02 5.287156764e-02
 5.410581709e-02 5.518530631e-02 5.612357905e-02 5.693985794e-02 5.765368661e-02
 5.828091585e-02 5.883129464e-02 5.930750270e-02 5.970553596e-02 6.001661672e-02
 6.023074305e-02 6.034123372e-02 6.034788185e-02 6.025959142e-02 6.009221254e-02
-7.610295863e-05-1.860298517e-04-3.643822353e-04-6.323560437e-04-1.012733151e-03
-1.526642210e-03-2.190298368e-03-3.011706778e-03-3.987056032e-03-5.117743463e-03
-6.403756347e-03-7.862958894e-03-9.547783803e-03-1.155735986e-02-1.400853728e-02
-1.680856593e-02-1.879545216e-02-1.822367428e-02-1.480758279e-02-9.737735499e-03
-4.611480312e-03 1.443543955e-04 4.505770761e-03 8.489629789e-03 1.209883778e-02
 1.532816649e-02 1.817869545e-02 2.066618990e-02 2.282058038e-02 2.468058862e-02
 2.628863011e-02 2.768804490e-02 2.892195064e-02 3.003249097e-02 3.105994869e-02
 3.204178980e-02 3.301181533e-02 3.399944182e-02 3.502899261e-02 3.611888635e-02
 3.728074338e-02 3.851860298e-02 3.982855252e-02 4.119904706e-02 4.261205872e-02
 4.404500844e-02 4.547327311e-02 4.687294859e-02 4.822347550e-02 4.950970338e-02
 5.072302428e-02 5.186137943e-02 5.292818639e-02 5.393043236e-02 5.487621899e-02
 5.577190539e-02 5.661876921e-02 5.740901646e-02 5.812150098e-02 5.871953742e-02
 5.915670270e-02 5.939572925e-02 5.943125277e-02 5.929389121e-02 5.903468915e-02
-8.508184349e-05-1.989890034e-04-3.695521929e-04-6.058054590e-04-9.169968697e-04
-1.311115685e-03-1.793529587e-03-2.364943079e-03-3.019384016e-03-3.754925712e-03
-4.562227459e-03-5.426188760e-03-6.321819439e-03-7.197775848e-03-7.945949467e-03
-8.369438741e-03-8.192900694e-03-7.167524783e-03-5.213228754e-03-2.462134673e-03
 8.327831495e-04 4.418085024e-03 8.080530744e-03 1.162357550e-02 1.485391551e-02
 1.762204968e-02 1.988387368e-02 2.170750008e-02 2.321314583e-02 2.450995129e-02
 2.567268335e-02 2.674711442e-02 2.776193642e-02 2.873758681e-02 2.969097042e-02
 3.063740171e-02 3.159103593e-02 3.256458458e-02 3.356874439e-02 3.461156406e-02
 3.569788333e-02 3.682894981e-02 3.800230552e-02 3.921201105e-02 4.044923201e-02
 4.170315668e-02 4.296215781e-02 4.421506812e-02 4.545241570e-02 4.666746964e-02
 4.785697944e-02 4.902155004e-02 5.016565722e-02 5.129734624e-02 5.242762323e-02
 5.356937078e-02 5.473512559e-02 5.593177756e-02 5.714688662e-02 5.831306801e-02
 5.923678834e-02 5.962780074e-02 5.943824069e-02 5.892263177e-02 5.829677517e-02
-7.051283534e-05-1.619862770e-04-2.939212150e-04-4.689385470e-04-6.890975386e-04
-9.550645480e-04-1.265216768e-03-1.613546011e-03-1.988921146e-03-2.380616240e-03
-2.769015674e-03-3.124841679e-03-3.407706810e-03-3.560385085e-03-3.505988241e-03
-3.150547612e-03-2.394774817e-03-1.154132459e-03 6.223429436e-04 2.946971542e-03
 5.805963749e-03 9.178078367e-03 1.302881845e-02 1.718508992e-02 2.093995378e-02
 2.336368143e-02 2.431612243e-02 2.457643477e-02 2.479034980e-02 2.514545800e-02
 2.564425146e-02 2.625391396e-02 2.694418816e-02 2.769367212e-02 2.848899611e-02
 2.932277579e-02 3.019166157e-02 3.109472247e-02 3.203216388e-02 3.300434100e-02
 3.401103815e-02 3.505099783e-02 3.612169167e-02 3.721932545e-02 3.833906135e-02
 3.947542742e-02 4.062286947e-02 4.177639092e-02 4.293222448e-02 4.408849079e-02
 4.524582370e-02 4.640798298e-02 4.758253386e-02 4.878175835e-02 5.002410248e-02
 5.133672339e-02 5.276025556e-02 5.435822854e-02 5.623715736e-02 5.859980100e-02
 6.181552209e-02 6.275703533e-02 6.057717204e-02 5.870544059e-02 5.737787694e-02
-4.746892509e-05-1.077067072e-04-1.921284617e-04-3.000546276e-04-4.298187610e-04
-5.782257529e-04-7.399881883e-04-9.068827465e-04-1.060363049e-03-1.191992735e-03
-1.279418457e-03-1.295602649e-03-1.208204175e-03-9.763564000e-04-5.524609520e-04
 1.155439886e-04 1.080633153e-03 2.393240674e-03 4.100194343e-03 6.249345596e-03
 8.904540032e-03 1.218008822e-02 1.632425104e-02 2.200508353e-02 2.811188537e-02
 3.054345383e-02 2.924446206e-02 2.647738568e-02 2.542075102e-02 2.509327496e-02
 2.516370572e-02 2.547872165e-02 2.595540668e-02 2.654489464e-02 2.721699613e-02
 2.795261231e-02 2.873952443e-02 2.956983181e-02 3.043828294e-02 3.134114285e-02
 3.227541898e-02 3.323835284e-02 3.422712477e-02 3.523873682e-02 3.627004566e-02
 3.731791911e-02 3.837948916e-02 3.945247537e-02 4.053555545e-02 4.162876898e-02
 4.273395430e-02 4.385524240e-02 4.499966516e-02 4.617798745e-02 4.740595454e-02
 4.870628505e-02 5.011197778e-02 5.167189451e-02 5.346020685e-02 5.559070312e-02
 5.865795304e-02 5.949376430e-02 5.768175904e-02 5.610610315e-02 5.494509319e-02
-2.374181203e-05-5.298643249e-05-9.225197489e-05-1.394344613e-04-1.913731102e-04
-2.435250517e-04-2.895165876e-04-3.192323067e-04-3.172764305e-04-2.704003332e-04
-1.628234428e-04 2.436863794e-05 3.138808153e-04 7.325582062e-04 1.311243054e-03
 2.081961266e-03 3.072142898e-03 4.310245984e-03 5.822208133e-03 7.630183324e-03
 9.750253982e-03 1.218327002e-02 1.488151103e-02 1.766615170e-02 2.014103046e-02
 2.187090220e-02 2.273938283e-02 2.303602127e-02 2.316180082e-02 2.333636662e-02
 2.362227689e-02 2.402098252e-02 2.451742155e-02 2.509473601e-02 2.573838715e-02
 2.643686925e-02 2.718140163e-02 2.796537067e-02 2.878376365e-02 2.963266744e-02
 3.050886398e-02 3.140954007e-02 3.233210734e-02 3.327411585e-02 3.423324524e-02
 3.520735926e-02 3.619461029e-02 3.719357929e-02 3.820343620e-02 3.922410518e-02
 4.025641822e-02 4.130223619e-02 4.236450268e-02 4.344716127e-02 4.455478318e-02
 4.569155957e-02 4.685887751e-02 4.804975552e-02 4.923663948e-02 5.034788344e-02
 5.124259714e-02 5.175228747e-02 5.183025241e-02 5.160422469e-02 5.123756718e-02
-2.950398912e-06-5.536739181e-06-6.866637176e-06-4.481534141e-06 4.973252150e-06
 2.583442101e-05 6.344026935e-05 1.252469816e-04 2.265435956e-04 3.913997684e-04
 6.166635507e-04 9.145851227e-04 1.301642457e-03 1.794459258e-03 2.415317639e-03
 3.177595894e-03 4.095054599e-03 5.178880312e-03 6.434896227e-03 7.860579803e-03
 9.440674880e-03 1.114079233e-02 1.290004539e-02 1.462880808e-02 1.622180026e-02
 1.759107334e-02 1.870201342e-02 1.958346227e-02 2.030385483e-02 2.093590143e-02
 2.153501058e-02 2.213557139e-02 2.275586865e-02 2.340408768e-02 2.408279262e-02
 2.479167308e-02 2.552913716e-02 2.629319919e-02 2.708195744e-02 2.789361791e-02
 2.872627748e-02 2.957799436e-02 3.044684748e-02 3.133096937e-02 3.222858321e-02
 3.313800124e-02 3.405769105e-02 3.498628925e-02 3.592263973e-02 3.686580566e-02
 3.781500136e-02 3.876949995e-02 3.972834994e-02 4.068993476e-02 4.165120492e-02
 4.260646867e-02 4.354562094e-02 4.445179002e-02 4.529912968e-02 4.605264351e-02
 4.667337625e-02 4.713069915e-02 4.741586488e-02 4.754552929e-02 4.755368788e-02
 1.362433143e-05 3.206020966e-05 6.020871604e-05 1.004308692e-04 1.558531466e-04
 2.304137569e-04 3.288945864e-04 4.566118873e-04 6.265658554e-04 8.489248914e-04
 1.132737708e-03 1.477326366e-03 1.902739312e-03 2.410846921e-03 3.012973491e-03
 3.721497518e-03 4.531608841e-03 5.460748029e-03 6.492002783e-03 7.623393127e-03
 8.839857964e-03 1.010737734e-02 1.141075515e-02 1.269269017e-02 1.392676784e-02
 1.507810246e-02 1.612390847e-02 1.708011884e-02 1.793949625e-02 1.873982518e-02
 1.949228047e-02 2.021511390e-02 2.093556816e-02 2.164442497e-02 2.237060659e-02
 2.310045933e-02 2.384144897e-02 2.460064210e-02 2.535873991e-02 2.615373090e-02
 2.694894654e-02 2.776134915e-02 2.858987662e-02 2.941422270e-02 3.026925378e-02
 3.111436934e-02 3.197583641e-02 3.284099473e-02 3.369846932e-02 3.457705364e-02
 3.543585129e-02 3.630824731e-02 3.716853384e-02 3.801400292e-02 3.886087304e-02
 3.966834859e-02 4.046324732e-02 4.120930965e-02 4.189383203e-02 4.252525482e-02
 4.305460384e-02 4.350830583e-02 4.386059350e-02 4.411494045e-02 4.430831689e-02
 0.151921017E+01 0.153484277E+01 0.154921097E+01 0.156419100E+01 0.157956515E+01
 0.159532130E+01 0.161148103E+01 0.162806088E+01 0.164509450E+01 0.166262065E+01
 0.168066627E+01 0.169927435E+01 0.171849118E+01 0.173835172E+01 0.175889074E+01
 0.178016929E+01 0.180223909E+01 0.182514828E+01 0.184893927E+01 0.187367063E+01
 0.189942259E+01 0.192625951E+01 0.195424608E+01 0.198344487E+01 0.201393547E+01
 0.204582679E+01 0.207921351E+01 0.211419257E+01 0.215086557E+01 0.218933994E+01
 0.222976159E+01 0.227228987E+01 0.231707811E+01 0.236428992E+01 0.241410751E+01
 0.246673568E+01 0.252242209E+01 0.258143630E+01 0.264406911E+01 0.271064172E+01
 0.278150522E+01 0.285706334E+01 0.293780139E+01 0.302426254E+01 0.311704922E+01
 0.321685972E+01 0.332450550E+01 0.344092260E+01 0.356721253E+01 0.370468308E+01
 0.385489217E+01 0.401968652E+01 0.420132525E+01 0.440257816E+01 0.462689796E+01
 0.487870845E+01 0.516380981E+01 0.548987293E+01 0.586715032E+01 0.631055264E+01
 0.684330861E+01 0.750517383E+01 0.837420579E+01 0.965874533E+01 0.163038759E+02
  361   98
 0.577910757E+00 0.119317215E+01 0.571485480E+00 0.117916531E+01 0.565050899E+00
 0.116516274E+01 0.558620969E+00 0.115115803E+01 0.552199308E+00 0.113714953E+01
 0.545790344E+00 0.112313522E+01 0.539400739E+00 0.110911207E+01 0.533041329E+00
 0.109507521E+01 0.526724251E+00 0.108101924E+01 0.520457806E+00 0.106694063E+01
 0.514247200E+00 0.105283730E+01 0.508096955E+00 0.103870755E+01 0.502013744E+00
 0.102454881E+01 0.496004703E+00 0.101035843E+01 0.490074457E+00 0.996134952E+00
 0.484224909E+00 0.981878092E+00 0.478456972E+00 0.967588020E+00 0.472773309E+00
 0.953264222E+00 0.467177807E+00 0.938905757E+00 0.461672746E+00 0.924512375E+00
 0.456257796E+00 0.910084849E+00 0.450931302E+00 0.895624433E+00 0.445693449E+00
 0.881131674E+00 0.440547751E+00 0.866605941E+00 0.435497101E+00 0.852046888E+00
 0.430542238E+00 0.837454958E+00 0.425682247E+00 0.822831156E+00 0.420916458E+00
 0.808176383E+00 0.416247199E+00 0.793490570E+00 0.411678089E+00 0.778773293E+00
 0.407212188E+00 0.764024371E+00 0.402851462E+00 0.749244012E+00 0.398596080E+00
 0.734432979E+00 0.394445124E+00 0.719592341E+00 0.390398057E+00 0.704723035E+00
 0.386455453E+00 0.689825692E+00 0.382618572E+00 0.674900770E+00 0.378888426E+00
 0.659948814E+00 0.375265456E+00 0.644970529E+00 0.371749490E+00 0.629966765E+00
 0.368339779E+00 0.614938497E+00 0.365035023E+00 0.599886799E+00 0.361833734E+00
 0.584812756E+00 0.358734859E+00 0.569717326E+00 0.355737836E+00 0.554601345E+00
 0.352842437E+00 0.539465569E+00 0.350048175E+00 0.524310795E+00 0.347354361E+00
 0.509137844E+00 0.344760287E+00 0.493947523E+00 0.342265163E+00 0.478740634E+00
 0.339867489E+00 0.463518076E+00 0.337564276E+00 0.448280937E+00 0.335352532E+00
 0.433030252E+00 0.333229726E+00 0.417766932E+00 0.331194106E+00 0.402491739E+00
 0.329245481E+00 0.387205206E+00 0.327384128E+00 0.371907800E+00 0.325609861E+00
 0.356600049E+00 0.323921970E+00 0.341282533E+00 0.322319184E+00 0.325955878E+00
 0.320799944E+00 0.310620715E+00 0.319363106E+00 0.295277612E+00 0.318007947E+00
 0.279927078E+00 0.316734003E+00 0.264569592E+00 0.315540367E+00 0.249205654E+00
 0.314425820E+00 0.233835776E+00 0.313389211E+00 0.218460445E+00 0.312429486E+00
 0.203080123E+00 0.311545472E+00 0.187695263E+00 0.310735633E+00 0.172306319E+00
 0.309998597E+00 0.156913717E+00 0.309333245E+00 0.141517849E+00 0.308738767E+00
 0.126119082E+00 0.308215025E+00 0.110717746E+00 0.307762170E+00 0.953141634E-01
 0.307380342E+00 0.799086563E-01 0.307069697E+00 0.645015496E-01 0.306829971E+00
 0.490931760E-01 0.306660203E+00 0.336838725E-01 0.306559604E+00 0.182739620E-01
 0.306527603E+00 0.286375616E-02 0.306563810E+00-0.125464404E-01 0.306668151E+00
-0.279563263E-01 0.306840743E+00-0.433655988E-01 0.307081835E+00-0.587739516E-01
 0.307391826E+00-0.741810722E-01 0.307771230E+00-0.895866396E-01 0.308220675E+00
-0.104990322E+00 0.308741000E+00-0.120391774E+00 0.309333265E+00-0.135790626E+00
 0.309998585E+00-0.151186494E+00 0.310737340E+00-0.166579014E+00 0.311549633E+00
-0.181967828E+00 0.312435604E+00-0.197352576E+00 0.313395505E+00-0.212732888E+00
 0.314430241E+00-0.228108346E+00 0.315541544E+00-0.243478459E+00 0.316731397E+00
-0.258842690E+00 0.318001889E+00-0.274200462E+00 0.319354868E+00-0.289551187E+00
 0.320791100E+00-0.304894347E+00 0.322311173E+00-0.320229426E+00 0.323915904E+00
-0.335555878E+00 0.325606394E+00-0.350873107E+00 0.327383446E+00-0.366180535E+00
 0.329247354E+00-0.381477630E+00 0.331198485E+00-0.396763844E+00 0.333237331E+00
-0.412038605E+00 0.335364809E+00-0.427301274E+00 0.337582968E+00-0.442551027E+00
 0.339894150E+00-0.457786958E+00 0.342300794E+00-0.473008101E+00 0.344805483E+00
-0.488213416E+00 0.347410198E+00-0.503401916E+00 0.350116133E+00-0.518572709E+00
 0.352924394E+00-0.533724894E+00 0.355835920E+00-0.548857575E+00 0.358851391E+00
-0.563969886E+00 0.361971237E+00-0.579060995E+00 0.365196216E+00-0.594129986E+00
 0.368527727E+00-0.609175782E+00 0.371967761E+00-0.624197136E+00 0.375518186E+00
-0.639192781E+00 0.379179922E+00-0.654161634E+00 0.382953164E+00-0.669102770E+00
 0.386837365E+00-0.684015444E+00 0.390831446E+00-0.698899067E+00 0.394934557E+00
-0.713753002E+00 0.399146998E+00-0.728576302E+00 0.403470180E+00-0.743367684E+00
 0.407905640E+00-0.758125784E+00 0.412454102E+00-0.772849450E+00 0.417114366E+00
-0.787538112E+00 0.421884413E+00-0.802191492E+00 0.426762190E+00-0.816809365E+00
 0.431747167E+00-0.831391028E+00 0.436840784E+00-0.845935097E+00 0.442044496E+00
-0.860440138E+00 0.447358036E+00-0.874905309E+00 0.452779175E+00-0.889330501E+00
 0.458305366E+00-0.903715776E+00 0.463939310E+00-0.918059190E+00 0.469686788E+00
-0.932357484E+00 0.475552144E+00-0.946607826E+00 0.481536993E+00-0.960808398E+00
 0.487641749E+00-0.974957835E+00 0.493872313E+00-0.989052319E+00 0.500239494E+00
-0.100308561E+01 0.506754535E+00-0.101705085E+01 0.513428179E+00-0.103094099E+01
 0.520274282E+00-0.104474693E+01 0.527321321E+00-0.105845134E+01 0.534615823E+00
-0.107202556E+01 0.542225590E+00-0.108542541E+01 0.550251908E+00-0.109857961E+01
 0.558860376E+00-0.111135946E+01 0.568338593E+00-0.112350544E+01 0.579153667E+00
-0.113446907E+01 0.591840238E+00-0.114316936E+01 0.606340447E+00-0.114826532E+01
 0.621667290E+00-0.114961037E+01 0.637017366E+00-0.114835558E+01 0.652172206E+00
-0.114557822E+01 0.667138274E+00-0.114190973E+01 0.681958192E+00-0.113768702E+01
 0.696668733E+00-0.113309695E+01 0.711294911E+00-0.112824444E+01 0.725853748E+00
-0.112319334E+01 0.740355469E+00-0.111798045E+01 0.754806221E+00-0.111262787E+01
 0.769209061E+00-0.110714764E+01 0.783568190E+00-0.110155387E+01 0.797885383E+00
-0.109585362E+01 0.812153033E+00-0.109003052E+01 0.826358456E+00-0.108405728E+01
 0.840489537E+00-0.107791028E+01 0.854534369E+00-0.107156875E+01 0.868480759E+00
-0.106501360E+01 0.882317197E+00-0.105822949E+01 0.896033816E+00-0.105120630E+01
 0.909623515E+00-0.104394057E+01 0.923081478E+00-0.103643364E+01 0.936406266E+00
-0.102869276E+01 0.949592401E+00-0.102071803E+01 0.962621119E+00-0.101248870E+01
 0.975471298E+00-0.100398334E+01 0.988128205E+00-0.995192963E+00 0.100058402E+01
-0.986119875E+00 0.101283850E+01-0.976776597E+00 0.102490608E+01-0.967193065E+00
 0.103680518E+01-0.957401066E+00 0.104853199E+01-0.947403420E+00 0.106006452E+01
-0.937182332E+00 0.107138672E+01-0.926728730E+00 0.108249893E+01-0.916052149E+00
 0.109341264E+01-0.905172702E+00 0.110414154E+01-0.894110921E+00 0.111469081E+01
-0.882877711E+00 0.112505037E+01-0.871469338E+00 0.113520383E+01-0.859877178E+00
 0.114514157E+01-0.848099560E+00 0.115486590E+01-0.836145120E+00 0.116438275E+01
-0.824024843E+00 0.117368758E+01-0.811741071E+00 0.118276068E+01-0.799285192E+00
 0.119157970E+01-0.786648176E+00 0.120013472E+01-0.773830960E+00 0.120843079E+01
-0.760844620E+00 0.121647542E+01-0.747701031E+00 0.122425112E+01-0.734396631E+00
 0.123172858E+01-0.720922393E+00 0.123889217E+01-0.707278702E+00 0.124574028E+01
-0.693473960E+00 0.125227182E+01-0.679516656E+00 0.125847881E+01-0.665412034E+00
 0.126435699E+01-0.651167238E+00 0.126991200E+01-0.636793311E+00 0.127515677E+01
-0.622303280E+00 0.128010286E+01-0.607708579E+00 0.128475706E+01-0.593018178E+00
 0.128912896E+01-0.578241285E+00 0.129323459E+01-0.563388181E+00 0.129709582E+01
-0.548469645E+00 0.130073853E+01-0.533496223E+00 0.130419003E+01-0.518477548E+00
 0.130747502E+01-0.503421556E+00 0.131061605E+01-0.488334860E+00 0.131363546E+01
-0.473223337E+00 0.131655555E+01-0.458092299E+00 0.131939923E+01-0.442946707E+00
 0.132219045E+01-0.427791353E+00 0.132495421E+01-0.412630964E+00 0.132771469E+01
-0.397469976E+00 0.133048917E+01-0.382311545E+00 0.133329317E+01-0.367158549E+00
 0.133614202E+01-0.352013925E+00 0.133904990E+01-0.336880526E+00 0.134202031E+01
-0.321759276E+00 0.134504502E+01-0.306648792E+00 0.134811557E+01-0.291547554E+00
 0.135122419E+01-0.276454106E+00 0.135436351E+01-0.261367012E+00 0.135752474E+01
-0.246284491E+00 0.136069731E+01-0.231204352E+00 0.136386790E+01-0.216123797E+00
 0.136701824E+01-0.201039001E+00 0.137012184E+01-0.185944525E+00 0.137314545E+01
-0.170833838E+00 0.137605270E+01-0.155700354E+00 0.137880499E+01-0.140537949E+00
 0.138136342E+01-0.125341665E+00 0.138369960E+01-0.110109655E+00 0.138578910E+01
-0.948418797E-01 0.138760626E+01-0.795393336E-01 0.138912465E+01-0.642042962E-01
 0.139032190E+01-0.488408739E-01 0.139118380E+01-0.334550143E-01 0.139169893E+01
-0.180536600E-01 0.139185842E+01-0.264453040E-02 0.139165740E+01 0.127641120E-01
 0.139110132E+01 0.281640452E-01 0.139020150E+01 0.435477406E-01 0.138897167E+01
 0.589085982E-01 0.138742753E+01 0.742410736E-01 0.138559058E+01 0.895412655E-01
 0.138348890E+01 0.104807379E+00 0.138114993E+01 0.120038971E+00 0.137859950E+01
 0.135236611E+00 0.137586372E+01 0.150402008E+00 0.137297975E+01 0.165539951E+00
 0.136998768E+01 0.180656920E+00 0.136692527E+01 0.195759809E+00 0.136382722E+01
 0.210855432E+00 0.136072129E+01 0.225949438E+00 0.135762444E+01 0.241045307E+00
 0.135454825E+01 0.256145400E+00 0.135150171E+01 0.271251501E+00 0.134849251E+01
 0.286365084E+00 0.134552660E+01 0.301487222E+00 0.134260981E+01 0.316618909E+00
 0.133974874E+01 0.331761226E+00 0.133695047E+01 0.346915275E+00 0.133421540E+01
 0.362080859E+00 0.133152896E+01 0.377255137E+00 0.132887428E+01 0.392435006E+00
 0.132623420E+01 0.407617422E+00 0.132359117E+01 0.422799326E+00 0.132092179E+01
 0.437976615E+00 0.131819933E+01 0.453144465E+00 0.131539757E+01 0.468297857E+00
 0.131249088E+01 0.483431460E+00 0.130945485E+01 0.498539634E+00 0.130626707E+01
 0.513616501E+00 0.130290586E+01 0.528655635E+00 0.129934902E+01 0.543649686E+00
 0.129557147E+01 0.558589627E+00 0.129154667E+01 0.573464831E+00 0.128725032E+01
 0.588263858E+00 0.128266312E+01 0.602975302E+00 0.127777270E+01 0.617588735E+00
 0.127257268E+01 0.632094870E+00 0.126705649E+01 0.646483734E+00 0.126121354E+01
 0.660743008E+00 0.125503725E+01 0.674861091E+00 0.124853050E+01 0.688829955E+00
 0.124170289E+01 0.702644846E+00 0.123456022E+01 0.716299498E+00 0.122710409E+01
 0.729785551E+00 0.121934715E+01 0.743100891E+00 0.121131772E+01 0.756253764E+00
 0.120304427E+01 0.769254558E+00 0.119452651E+01 0.782096586E+00 0.118575743E+01
 0.794768326E+00 0.117674194E+01 0.807265977E+00 0.116750010E+01 0.819597223E+00
 0.115805462E+01 0.831773216E+00 0.114841591E+01 0.843796831E+00 0.113857995E+01
 0.855659604E+00 0.112854042E+01 0.867350594E+00 0.111830114E+01 0.878867058E+00
 0.110787600E+01 0.890215566E+00 0.109727732E+01 0.901402192E+00 0.108650356E+01
 0.912420274E+00 0.107554151E+01 0.923251005E+00 0.106437677E+01 0.933872641E+00
 0.105300353E+01 0.944270697E+00 0.104143142E+01 0.954446996E+00 0.102968019E+01
 0.964415970E+00 0.101776198E+01 0.974184665E+00 0.100566248E+01 0.983727828E+00
 0.993364151E+00 0.993013283E+00 0.980862205E+00 0.100202270E+01 0.968162983E+00
 0.101075185E+01 0.955279080E+00 0.101920610E+01 0.942231622E+00 0.102740575E+01
 0.929043792E+00 0.103537775E+01 0.915724161E+00 0.104312750E+01 0.902271293E+00
 0.105064356E+01 0.888688213E+00 0.105792167E+01 0.874983640E+00 0.106496838E+01
 0.861168669E+00 0.107179617E+01 0.847256386E+00 0.107842348E+01 0.833261150E+00
 0.108487382E+01 0.819198795E+00 0.109117657E+01 0.805084840E+00 0.109736294E+01
 0.790932509E+00 0.110346104E+01 0.776751554E+00 0.110949230E+01 0.762547055E+00
 0.111546790E+01 0.748321495E+00 0.112139319E+01 0.734078954E+00 0.112727755E+01
 0.719824560E+00 0.113313315E+01 0.705563556E+00 0.113897263E+01 0.691301409E+00
 0.114480932E+01 0.677043620E+00 0.115065665E+01 0.662796368E+00 0.115652959E+01
 0.648565846E+00 0.116244295E+01 0.634361049E+00 0.116841783E+01 0.620190237E+00
 0.117447285E+01 0.606058205E+00 0.118061783E+01 0.591963149E+00 0.118684717E+01
 0.577910757E+00 0.119317215E+01
 0.156441580E+01 0.156423520E+01 0.173298350E+01 0.167901950E+01 0.134847970E+01
 0.206041340E+01 0.108819530E+01 0.205946000E+01 0.902253030E+00 0.187565310E+01
 0.903668760E+00 0.187424170E+01 0.533866470E+00 0.150285580E+01 0.538010660E+00
 0.149874330E+01 0.332797140E+00 0.129708960E+01 0.332797140E+00 0.109400000E+01
 0.334795920E+00 0.109400000E+01 0.303115250E+00 0.847500000E+00 0.305114030E+00
 0.847500000E+00 0.269135950E+00 0.565000000E+00 0.271134730E+00 0.565000000E+00
 0.260841000E+00 0.495257700E+00 0.260841000E+00-0.507257700E+00 0.271134730E+00
-0.576999960E+00 0.269135950E+00-0.576999960E+00 0.305114030E+00-0.859500000E+00
 0.303115250E+00-0.859500000E+00 0.334795920E+00-0.110600010E+01 0.332797140E+00
-0.110600010E+01 0.332797140E+00-0.130908970E+01 0.538598100E+00-0.150990190E+01
 0.534468950E+00-0.151402960E+01 0.905629600E+00-0.188405800E+01 0.904219000E+00
-0.188547470E+01 0.108819530E+01-0.206614000E+01 0.134847970E+01-0.206518650E+01
 0.173017910E+01-0.168098580E+01 0.156441580E+01-0.156883530E+01 0.137999130E+01
-0.157688300E+01 0.137989190E+01-0.157672700E+01 0.119622210E+01-0.158474990E+01
 0.119631650E+01-0.158489800E+01 0.105537410E+01-0.159104840E+01 0.105528350E+01
-0.159090630E+01 0.947502500E+00-0.159561420E+01 0.905686400E+00-0.159556230E+01
 0.899143000E+00-0.159478470E+01 0.883387860E+00-0.159026430E+01 0.867681200E+00
-0.158087360E+01 0.851322350E+00-0.156766880E+01 0.833481900E+00-0.154624210E+01
 0.826062560E+00-0.152875240E+01 0.822677700E+00-0.151516830E+01 0.821022750E+00
-0.149624060E+01 0.820691350E+00-0.147724350E+01 0.822887360E+00-0.144582030E+01
 0.827573000E+00-0.141923050E+01 0.839194600E+00-0.138728100E+01 0.855244300E+00
-0.135284130E+01 0.877566500E+00-0.132209860E+01 0.899473500E+00-0.130017830E+01
 0.118567730E+01-0.101380000E+01 0.127900000E+01-0.842300000E+00 0.129600000E+01
-0.820200000E+00 0.143300000E+01-0.820200000E+00 0.143300000E+01-0.711000000E+00
 0.149000000E+01-0.491000000E+00 0.146000000E+01-0.491000000E+00 0.146000000E+01
-0.233000000E+00 0.166100000E+01-0.233000000E+00 0.166100000E+01 0.226000000E+00
 0.146000000E+01 0.226000000E+00 0.146000000E+01 0.481000000E+00 0.149300000E+01
 0.481000000E+00 0.147400000E+01 0.554000000E+00 0.143300000E+01 0.711000000E+00
 0.143300000E+01 0.815600000E+00 0.129600000E+01 0.815600000E+00 0.127900000E+01
 0.837699950E+00 0.118567730E+01 0.100920000E+01 0.899473500E+00 0.129557820E+01
 0.877566500E+00 0.131749860E+01 0.855244300E+00 0.134824120E+01 0.839194600E+00
 0.138268090E+01 0.827573000E+00 0.141463040E+01 0.822887360E+00 0.144122030E+01
 0.820691350E+00 0.147264350E+01 0.821022750E+00 0.149164060E+01 0.822677700E+00
 0.151056830E+01 0.826062560E+00 0.152415240E+01 0.833481900E+00 0.154164210E+01
 0.851322350E+00 0.156306870E+01 0.867681200E+00 0.157627360E+01 0.883387860E+00
 0.158566430E+01 0.899143000E+00 0.159018470E+01 0.905686400E+00 0.159096230E+01
 0.947502500E+00 0.159101410E+01 0.105528350E+01 0.158630620E+01 0.105537410E+01
 0.158644830E+01 0.119631650E+01 0.158029800E+01 0.119622210E+01 0.158014990E+01
 0.137989190E+01 0.157212700E+01 0.137999130E+01 0.157228290E+01 0.156441580E+01
 0.156423520E+01
    0
