EFIT++      MAST # 47052 # 580ms                   0  65  65
 0.194000000E+01 0.440000000E+01 0.800000000E+00 0.600000000E-01 0.000000000E+00
 0.981645860E+00 0.546845340E-03-0.762139377E-01-0.251210617E-02-0.654533761E+00
 0.743798814E+06-0.762139377E-01 0.000000000E+00 0.981645860E+00 0.000000000E+00
 0.546845340E-03 0.000000000E+00-0.251210617E-02 0.000000000E+00 0.000000000E+00
-0.545607064E+00-0.545017916E+00-0.544433686E+00-0.543854508E+00-0.543280520E+00
-0.542711858E+00-0.542148658E+00-0.541591058E+00-0.541039195E+00-0.540493208E+00
-0.539953235E+00-0.539419415E+00-0.538891887E+00-0.538370790E+00-0.537856264E+00
-0.537348449E+00-0.536847486E+00-0.536353515E+00-0.535866677E+00-0.535387113E+00
-0.534914964E+00-0.534450373E+00-0.533993479E+00-0.533544427E+00-0.533103356E+00
-0.532670411E+00-0.532245731E+00-0.531829461E+00-0.531421742E+00-0.531022716E+00
-0.530632526E+00-0.530251315E+00-0.529879223E+00-0.529516395E+00-0.529162971E+00
-0.528819094E+00-0.528484905E+00-0.528160547E+00-0.527846161E+00-0.527541888E+00
-0.527247868E+00-0.526964244E+00-0.526691155E+00-0.526428741E+00-0.526177142E+00
-0.525936498E+00-0.525706947E+00-0.525488628E+00-0.525281679E+00-0.525086237E+00
-0.524902439E+00-0.524730422E+00-0.524570321E+00-0.524422271E+00-0.524286407E+00
-0.524162862E+00-0.524051770E+00-0.523953262E+00-0.523867471E+00-0.523794526E+00
-0.523734557E+00-0.523687694E+00-0.523654064E+00-0.523633793E+00-0.523627009E+00
 0.269922666E+05 0.263624783E+05 0.257328230E+05 0.251036139E+05 0.244751641E+05
 0.238477868E+05 0.232217950E+05 0.225975020E+05 0.219752207E+05 0.213552643E+05
 0.207379461E+05 0.201235789E+05 0.195124761E+05 0.189049507E+05 0.183013158E+05
 0.177018846E+05 0.171069702E+05 0.165168857E+05 0.159319442E+05 0.153524588E+05
 0.147787428E+05 0.142111091E+05 0.136498709E+05 0.130953413E+05 0.125478336E+05
 0.120076606E+05 0.114751357E+05 0.109505719E+05 0.104342824E+05 0.992658022E+04
 0.942777852E+04 0.893819044E+04 0.845812908E+04 0.798790758E+04 0.752783905E+04
 0.707823661E+04 0.663941339E+04 0.621168252E+04 0.579535710E+04 0.539075027E+04
 0.499817514E+04 0.461794483E+04 0.425037248E+04 0.389577119E+04 0.355445410E+04
 0.322673432E+04 0.291292497E+04 0.261333918E+04 0.232829007E+04 0.205809076E+04
 0.180305438E+04 0.156349403E+04 0.133972286E+04 0.113205397E+04 0.940800488E+03
 0.766275539E+03 0.608792243E+03 0.468663723E+03 0.346203098E+03 0.241723492E+03
 0.155538027E+03 0.879598226E+02 0.393020023E+02 0.987768755E+01 0.000000000E+00
-0.280273363E+00-0.277675367E+00-0.275020822E+00-0.272309729E+00-0.269542087E+00
-0.266717897E+00-0.263837159E+00-0.260899872E+00-0.257906037E+00-0.254855653E+00
-0.251748721E+00-0.248585241E+00-0.245365212E+00-0.242088635E+00-0.238755509E+00
-0.235365835E+00-0.231919612E+00-0.228416841E+00-0.224857522E+00-0.221241654E+00
-0.217569238E+00-0.213840273E+00-0.210054760E+00-0.206212699E+00-0.202314089E+00
-0.198358931E+00-0.194347224E+00-0.190278969E+00-0.186154166E+00-0.181972814E+00
-0.177734914E+00-0.173440465E+00-0.169089468E+00-0.164681922E+00-0.160217829E+00
-0.155697186E+00-0.151119995E+00-0.146486256E+00-0.141795969E+00-0.137049133E+00
-0.132245748E+00-0.127385816E+00-0.122469334E+00-0.117496305E+00-0.112466727E+00
-0.107380600E+00-0.102237925E+00-0.970387022E-01-0.917829305E-01-0.864706105E-01
-0.811017420E-01-0.756763251E-01-0.701943598E-01-0.646558460E-01-0.590607839E-01
-0.534091734E-01-0.477010144E-01-0.419363070E-01-0.361150513E-01-0.302372471E-01
-0.243028945E-01-0.183119935E-01-0.122645441E-01-0.616054624E-02 0.000000000E+00
-0.546852542E+06-0.546872934E+06-0.546621423E+06-0.546098009E+06-0.545302691E+06
-0.544235469E+06-0.542896344E+06-0.541285315E+06-0.539402382E+06-0.537247546E+06
-0.534820806E+06-0.532122163E+06-0.529151616E+06-0.525909165E+06-0.522394811E+06
-0.518608553E+06-0.514550392E+06-0.510220327E+06-0.505618358E+06-0.500744486E+06
-0.495598710E+06-0.490181031E+06-0.484491448E+06-0.478529961E+06-0.472296571E+06
-0.465791277E+06-0.459014079E+06-0.451964978E+06-0.444643974E+06-0.437051065E+06
-0.429186253E+06-0.421049538E+06-0.412640919E+06-0.403960396E+06-0.395007969E+06
-0.385783639E+06-0.376287406E+06-0.366519269E+06-0.356479228E+06-0.346167283E+06
-0.335583435E+06-0.324727684E+06-0.313600029E+06-0.302200470E+06-0.290529007E+06
-0.278585641E+06-0.266370371E+06-0.253883198E+06-0.241124121E+06-0.228093141E+06
-0.214790257E+06-0.201215469E+06-0.187368778E+06-0.173250183E+06-0.158859684E+06
-0.144197282E+06-0.129262976E+06-0.114056767E+06-0.985786537E+05-0.828286371E+05
-0.668067169E+05-0.505128931E+05-0.339471657E+05-0.171095346E+05 0.000000000E+00
-7.101194648e-05-1.590878806e-04-2.792923882e-04-4.282051438e-04-6.014443219e-04
-7.937341985e-04-9.990559048e-04-1.211141773e-03-1.409148708e-03-1.554674194e-03
-1.666394845e-03-1.736429452e-03-1.744233886e-03-1.680177916e-03-1.528628140e-03
-1.275216775e-03-9.214431092e-04-4.527208290e-04 1.212040415e-04 8.005762903e-04
 1.575142748e-03 2.417185036e-03 3.313889092e-03 4.217639579e-03 5.106495228e-03
 5.949666832e-03 6.725096881e-03 7.446440910e-03 8.102559809e-03 8.726552552e-03
 9.322962094e-03 9.903412837e-03 1.049210398e-02 1.107199116e-02 1.167272867e-02
 1.227579819e-02 1.288834946e-02 1.352026443e-02 1.414721665e-02 1.479753364e-02
 1.544200522e-02 1.609531597e-02 1.675689685e-02 1.740635129e-02 1.807596582e-02
 1.872683241e-02 1.938526099e-02 2.003852093e-02 2.067333306e-02 2.132154684e-02
 2.193775244e-02 2.256134832e-02 2.316425196e-02 2.374475445e-02 2.432761025e-02
 2.486576904e-02 2.540266410e-02 2.590159870e-02 2.635730066e-02 2.679781530e-02
 2.716518025e-02 2.750900870e-02 2.779311638e-02 2.801494614e-02 2.822104336e-02
-1.018917746e-04-2.288856451e-04-4.032957469e-04-6.212313355e-04-8.776175932e-04
-1.166211775e-03-1.479619689e-03-1.806758857e-03-2.125577029e-03-2.387866135e-03
-2.615353420e-03-2.794368432e-03-2.906815601e-03-2.945395976e-03-2.820399868e-03
-2.559135990e-03-2.151578279e-03-1.584018973e-03-8.471937923e-04 6.015904704e-05
 1.128629627e-03 2.333195726e-03 3.623598301e-03 4.923905899e-03 6.142869095e-03
 7.202327808e-03 8.070339944e-03 8.770428224e-03 9.359016093e-03 9.893575689e-03
 1.041507823e-02 1.094668383e-02 1.149902421e-02 1.207550441e-02 1.267589344e-02
 1.329833632e-02 1.394040566e-02 1.459955211e-02 1.527324980e-02 1.595910633e-02
 1.665488722e-02 1.735847758e-02 1.806779320e-02 1.878073468e-02 1.949519549e-02
 2.020905147e-02 2.092022746e-02 2.162672314e-02 2.232666962e-02 2.301838202e-02
 2.370035042e-02 2.437125835e-02 2.502987413e-02 2.567490177e-02 2.630469065e-02
 2.691676802e-02 2.750715873e-02 2.806941657e-02 2.859370803e-02 2.906661743e-02
 2.947295942e-02 2.980027709e-02 3.004350425e-02 3.020554652e-02 3.029781942e-02
-1.400321052e-04-3.152866062e-04-5.572816659e-04-8.618110639e-04-1.223112121e-03
-1.633587804e-03-2.083464860e-03-2.558554077e-03-3.030421313e-03-3.492275019e-03
-3.910580575e-03-4.263502580e-03-4.535555530e-03-4.693356656e-03-4.693723051e-03
-4.496685548e-03-4.083234720e-03-3.427864614e-03-2.506145026e-03-1.298408307e-03
 2.103029418e-04 2.026007575e-03 4.118835023e-03 6.353680605e-03 8.383883768e-03
 9.803458091e-03 1.050212933e-02 1.075530212e-02 1.091988639e-02 1.116077459e-02
 1.150711175e-02 1.194718924e-02 1.246236153e-02 1.303590807e-02 1.365468475e-02
 1.430885686e-02 1.499120482e-02 1.569641968e-02 1.642049878e-02 1.716026296e-02
 1.791298761e-02 1.867613383e-02 1.944717007e-02 2.022347756e-02 2.100233111e-02
 2.178094312e-02 2.255655597e-02 2.332656648e-02 2.408866549e-02 2.484097664e-02
 2.558217966e-02 2.631160462e-02 2.702928139e-02 2.773591942e-02 2.843276642e-02
 2.912122684e-02 2.980196312e-02 3.047283570e-02 3.112425104e-02 3.172972633e-02
 3.223521499e-02 3.257732190e-02 3.274009562e-02 3.277112509e-02 3.273527404e-02
-1.854585803e-04-4.186458306e-04-7.426372497e-04-1.153728915e-03-1.646537807e-03
-2.213572617e-03-2.844736124e-03-3.524376868e-03-4.228224875e-03-4.942801628e-03
-5.637178325e-03-6.275739969e-03-6.826131640e-03-7.241647723e-03-7.467727003e-03
-7.446327141e-03-7.121368615e-03-6.443871588e-03-5.374942498e-03-3.883460927e-03
-1.932584599e-03 5.587993268e-04 3.755044876e-03 8.179543733e-03 1.300170040e-02
 1.501577122e-02 1.417636287e-02 1.235960177e-02 1.185549438e-02 1.187774859e-02
 1.218020792e-02 1.264843156e-02 1.322099773e-02 1.386224983e-02 1.455073155e-02
 1.527342602e-02 1.602250121e-02 1.679328151e-02 1.758289212e-02 1.838931818e-02
 1.921075102e-02 2.004515519e-02 2.089001890e-02 2.174226281e-02 2.259828467e-02
 2.345411548e-02 2.430565877e-02 2.514898211e-02 2.598063035e-02 2.679793472e-02
 2.759930168e-02 2.838447936e-02 2.915481914e-02 2.991357463e-02 3.066631554e-02
 3.142158872e-02 3.219205718e-02 3.299656677e-02 3.386442259e-02 3.485493208e-02
 3.599813749e-02 3.641451842e-02 3.605338666e-02 3.558487444e-02 3.524682942e-02
-2.365025027e-04-5.355763544e-04-9.542745591e-04-1.490858089e-03-2.142092654e-03
-2.902621316e-03-3.764259845e-03-4.712718812e-03-5.726872982e-03-6.792970883e-03
-7.885245559e-03-8.961322413e-03-9.980185541e-03-1.087816086e-02-1.156639648e-02
-1.193471445e-02-1.186657659e-02-1.126682498e-02-1.008899140e-02-8.343773778e-03
-6.082999181e-03-3.376039664e-03-3.103776068e-04 2.932336659e-03 5.902812161e-03
 8.068957895e-03 9.334657488e-03 1.010919320e-02 1.076757161e-02 1.145323451e-02
 1.218769677e-02 1.296001198e-02 1.375625791e-02 1.456662916e-02 1.538611439e-02
 1.621351916e-02 1.705018394e-02 1.789877472e-02 1.876224722e-02 1.964301015e-02
 2.054229561e-02 2.145974484e-02 2.239321669e-02 2.333882037e-02 2.429116007e-02
 2.524376100e-02 2.618962770e-02 2.712187185e-02 2.803434170e-02 2.892219266e-02
 2.978235724e-02 3.061390345e-02 3.141830952e-02 3.219972969e-02 3.296538559e-02
 3.372631211e-02 3.449887135e-02 3.530787056e-02 3.619311689e-02 3.721825458e-02
 3.837671597e-02 3.880914949e-02 3.839284242e-02 3.776863521e-02 3.736030980e-02
-2.883257525e-04-6.557177326e-04-1.175154126e-03-1.849231642e-03-2.679497130e-03
-3.665300075e-03-4.802843964e-03-6.084145792e-03-7.482628931e-03-8.999743275e-03
-1.061808510e-02-1.231409575e-02-1.406492439e-02-1.582630978e-02-1.748184718e-02
-1.879539573e-02-1.941004181e-02-1.899177434e-02-1.744334707e-02-1.496594317e-02
-1.191033870e-02-8.590311887e-03-5.226927553e-03-1.983495310e-03 1.004599474e-03
 3.640187134e-03 5.892343260e-03 7.798169537e-03 9.429341133e-03 1.085569756e-02
 1.212963980e-02 1.328738297e-02 1.435523610e-02 1.535469270e-02 1.630515595e-02
 1.722489569e-02 1.813100493e-02 1.903888349e-02 1.996154521e-02 2.090890948e-02
 2.188718550e-02 2.289844947e-02 2.394051148e-02 2.500714608e-02 2.608871312e-02
 2.717313241e-02 2.824711381e-02 2.929749742e-02 3.031253475e-02 3.128294787e-02
 3.220264162e-02 3.306900984e-02 3.388285277e-02 3.464798362e-02 3.537061759e-02
 3.605857794e-02 3.672016699e-02 3.736206806e-02 3.798425712e-02 3.856591005e-02
 3.903485064e-02 3.928050552e-02 3.929031981e-02 3.915518121e-02 3.896038914e-02
-3.306440206e-04-7.567717840e-04-1.368076545e-03-2.175879945e-03-3.191537773e-03
-4.423825448e-03-5.875834400e-03-7.539519946e-03-9.394975574e-03-1.142810235e-02
-1.362549594e-02-1.599694488e-02-1.860577073e-02-2.161295298e-02-2.526756594e-02
-2.959495093e-02-3.318033695e-02-3.321398140e-02-2.938301610e-02-2.349158707e-02
-1.798170125e-02-1.310965768e-02-8.759638374e-03-4.841008997e-03-1.306852530e-03
 1.863873944e-03 4.683650821e-03 7.167074690e-03 9.334823935e-03 1.121367519e-02
 1.283547792e-02 1.423624650e-02 1.545514229e-02 1.653300603e-02 1.751057865e-02
 1.842680404e-02 1.931747053e-02 2.021416462e-02 2.114333281e-02 2.212526951e-02
 2.317302359e-02 2.429143322e-02 2.547663145e-02 2.671633901e-02 2.799109359e-02
 2.927634755e-02 3.054518864e-02 3.177132713e-02 3.293192606e-02 3.400982835e-02
 3.499480052e-02 3.588360822e-02 3.667901815e-02 3.738805948e-02 3.801995528e-02
 3.858402930e-02 3.908768818e-02 3.953441933e-02 3.992185840e-02 4.024074744e-02
 4.047706812e-02 4.061959303e-02 4.066969569e-02 4.064530534e-02 4.057022307e-02
-3.441807614e-04-7.959898938e-04-1.459796189e-03-2.363842706e-03-3.540581712e-03
-5.021782595e-03-6.831209031e-03-8.971859302e-03-1.140763676e-02-1.406995174e-02
-1.683636509e-02-1.959921257e-02-2.235831622e-02-2.537591196e-02-2.918279072e-02
-3.458818959e-02-4.021879288e-02-4.025715452e-02-3.465108625e-02-2.608832625e-02
-1.955906947e-02-1.410748912e-02-9.330421930e-03-5.028948841e-03-1.107791608e-03
 2.469742109e-03 5.705299305e-03 8.581866172e-03 1.107906930e-02 1.318805962e-02
 1.492259718e-02 1.632223898e-02 1.744693977e-02 1.836686444e-02 1.915274008e-02
 1.986998459e-02 2.057672403e-02 2.132393548e-02 2.215563985e-02 2.310770032e-02
 2.420489453e-02 2.545717374e-02 2.685682328e-02 2.837804478e-02 2.997942826e-02
 3.160872648e-02 3.320900962e-02 3.472550081e-02 3.611241336e-02 3.733860728e-02
 3.839048068e-02 3.927106861e-02 3.999580113e-02 4.058670313e-02 4.106702413e-02
 4.145746567e-02 4.177417169e-02 4.202810035e-02 4.222536267e-02 4.236831785e-02
 4.245731531e-02 4.249219413e-02 4.248325782e-02 4.243014251e-02 4.234015841e-02
-2.983128938e-04-7.015621600e-04-1.318376636e-03-2.205019524e-03-3.436226218e-03
-5.097702896e-03-7.274281220e-03-1.004176189e-02-1.345233646e-02-1.748903724e-02
-2.164094569e-02-2.482353904e-02-2.647530341e-02-2.690627035e-02-2.712403762e-02
-2.730283154e-02-2.698511739e-02-2.561343548e-02-2.298290449e-02-1.937158219e-02
-1.526229089e-02-1.100210561e-02-6.751016748e-03-2.570210149e-03 1.506959858e-03
 5.434068528e-03 9.127380336e-03 1.245881309e-02 1.527943091e-02 1.747645249e-02
 1.903140292e-02 2.003256826e-02 2.063219670e-02 2.098736090e-02 2.122541443e-02
 2.144009806e-02 2.170319201e-02 2.207857005e-02 2.263178328e-02 2.343071083e-02
 2.453475174e-02 2.597614686e-02 2.774423603e-02 2.978254693e-02 3.199878295e-02
 3.427926425e-02 3.650104292e-02 3.854359830e-02 4.030567396e-02 4.172578201e-02
 4.279514757e-02 4.355244976e-02 4.406265091e-02 4.439355557e-02 4.460133091e-02
 4.472629500e-02 4.479463959e-02 4.482201220e-02 4.481694605e-02 4.478357628e-02
 4.472366787e-02 4.463827940e-02 4.453348038e-02 4.440742965e-02 4.425537400e-02
-1.629596463e-04-3.914350601e-04-7.615821268e-04-1.349063890e-03-2.308805680e-03
-3.883339732e-03-6.235068502e-03-9.422374573e-03-1.363595799e-02-1.940864410e-02
-2.657923189e-02-3.061050908e-02-3.058617930e-02-2.668641358e-02-2.407269668e-02
-2.217568359e-02-2.042004760e-02-1.846311060e-02-1.612440624e-02-1.335285022e-02
-1.017983511e-02-6.664225435e-03-2.853337782e-03 1.231146650e-03 5.586908062e-03
 1.020349063e-02 1.499074598e-02 1.962390172e-02 2.342417631e-02 2.570657837e-02
 2.634652133e-02 2.588460523e-02 2.501629597e-02 2.413885486e-02 2.338190195e-02
 2.276912773e-02 2.229951521e-02 2.198796774e-02 2.190914742e-02 2.222397034e-02
 2.315871007e-02 2.487931196e-02 2.737754639e-02 3.047676663e-02 3.393045491e-02
 3.751267895e-02 4.100125775e-02 4.412390796e-02 4.658174843e-02 4.818039419e-02
 4.895801953e-02 4.915577063e-02 4.904506157e-02 4.880793996e-02 4.853552216e-02
 4.826579256e-02 4.801092902e-02 4.777211132e-02 4.754633847e-02 4.732919789e-02
 4.711646158e-02 4.690479776e-02 4.669516008e-02 4.648300490e-02 4.627198596e-02
 4.431773197e-05 1.040075019e-04 2.008103790e-04 3.722298560e-04 5.931230993e-04
-4.675078707e-04-3.162330225e-03-6.207367574e-03-9.553274195e-03-1.320865740e-02
-1.668550029e-02-1.903394089e-02-1.972167490e-02-1.903475649e-02-1.780079636e-02
-1.639407456e-02-1.484074718e-02-1.308105900e-02-1.105065015e-02-8.702209893e-03
-6.004839148e-03-2.932862535e-03 5.503008976e-04 4.512059600e-03 9.079925507e-03
 1.449934212e-02 2.128191961e-02 3.071640832e-02 3.986878738e-02 4.259605047e-02
 3.850322139e-02 3.225777011e-02 2.868082749e-02 2.634236554e-02 2.466822928e-02
 2.334964104e-02 2.217182822e-02 2.094178130e-02 1.946023024e-02 1.771343184e-02
 1.731528804e-02 1.952055262e-02 2.413711016e-02 2.994360667e-02 3.566772525e-02
 4.144967364e-02 4.755649707e-02 5.376293890e-02 5.826147351e-02 5.971442141e-02
 5.806796112e-02 5.597543161e-02 5.440903639e-02 5.325642818e-02 5.238035969e-02
 5.168831064e-02 5.112096863e-02 5.063971901e-02 5.021940602e-02 4.984220307e-02
 4.949639849e-02 4.917363295e-02 4.886767213e-02 4.857216994e-02 4.827616579e-02
 2.443075886e-04 5.684689450e-04 1.055197483e-03 1.743240285e-03 2.527162385e-03
 1.903473998e-03-4.218512898e-04-2.766293738e-03-5.015944540e-03-7.129943421e-03
-8.981696163e-03-1.041019943e-02-1.128665467e-02-1.159535893e-02-1.140879225e-02
-1.081884842e-02-9.889644234e-03-8.650215131e-03-7.105248531e-03-5.246068522e-03
-3.056398679e-03-5.129467020e-04 2.417856440e-03 5.785677081e-03 9.662949674e-03
 1.414562139e-02 1.931159704e-02 2.494291663e-02 2.968754082e-02 3.185991547e-02
 3.118495289e-02 2.905876185e-02 2.701735262e-02 2.540214068e-02 2.414218540e-02
 2.309943378e-02 2.211625107e-02 2.099381072e-02 1.943185765e-02 1.694622245e-02
 1.587264168e-02 1.828959141e-02 2.440245963e-02 3.140005918e-02 3.779924531e-02
 4.418495240e-02 5.113524227e-02 5.921250162e-02 6.444293271e-02 6.551615588e-02
 6.240913438e-02 5.957727621e-02 5.768884978e-02 5.633677461e-02 5.530512822e-02
 5.447654073e-02 5.378390316e-02 5.318672995e-02 5.265926518e-02 5.218424690e-02
 5.174951360e-02 5.134607981e-02 5.096699930e-02 5.060678288e-02 5.026430422e-02
 3.941427848e-04 9.044877766e-04 1.642267109e-03 2.627855392e-03 3.733995221e-03
 3.411554597e-03 1.316232871e-03-2.962736126e-04-1.774658117e-03-3.165908103e-03
-4.421393256e-03-5.461789713e-03-6.226809231e-03-6.681540240e-03-6.815938031e-03
-6.636174084e-03-6.154217339e-03-5.380605291e-03-4.321507074e-03-2.978734067e-03
-1.351093005e-03 5.636807488e-04 2.766108517e-03 5.249844125e-03 7.991431699e-03
 1.093080509e-02 1.394039380e-02 1.679642766e-02 1.919692730e-02 2.094343578e-02
 2.197035715e-02 2.239069917e-02 2.246129251e-02 2.239947560e-02 2.233783275e-02
 2.234122565e-02 2.244094074e-02 2.267169979e-02 2.312111868e-02 2.399185229e-02
 2.559750892e-02 2.818580067e-02 3.174329695e-02 3.599570485e-02 4.059794820e-02
 4.527463279e-02 4.976784409e-02 5.372480486e-02 5.671969058e-02 5.849081203e-02
 5.913314076e-02 5.902005795e-02 5.853019606e-02 5.789420967e-02 5.722245968e-02
 5.656313982e-02 5.593605653e-02 5.534805945e-02 5.479985934e-02 5.428918099e-02
 5.381233230e-02 5.336504189e-02 5.294293092e-02 5.254184087e-02 5.216129879e-02
 5.015064268e-04 1.143802831e-03 2.059211869e-03 3.261138091e-03 4.605703309e-03
 4.543460382e-03 2.813652298e-03 1.580595353e-03 4.985538883e-04-5.536457865e-04
-1.524382808e-03-2.370709298e-03-3.055228426e-03-3.548670538e-03-3.830755371e-03
-3.889174489e-03-3.717502051e-03-3.313051640e-03-2.675409867e-03-1.805924997e-03
-7.081620059e-04 6.107190465e-04 2.137622159e-03 3.850122121e-03 5.712144952e-03
 7.669646285e-03 9.648806093e-03 1.156106625e-02 1.331854810e-02 1.485074265e-02
 1.618125605e-02 1.731032184e-02 1.828767975e-02 1.919373176e-02 2.010515333e-02
 2.109329294e-02 2.222578035e-02 2.357222209e-02 2.520965288e-02 2.722060861e-02
 2.967735407e-02 3.261400486e-02 3.599976790e-02 3.972996090e-02 4.363709279e-02
 4.751071678e-02 5.111942269e-02 5.424009620e-02 5.669839873e-02 5.841046456e-02
 5.940331487e-02 5.979664776e-02 5.975373199e-02 5.943112819e-02 5.895096958e-02
 5.839647340e-02 5.781914188e-02 5.724828255e-02 5.669891508e-02 5.617734174e-02
 5.568478269e-02 5.521965474e-02 5.477896207e-02 5.435899468e-02 5.394882890e-02
 5.805472837e-04 1.320212513e-03 2.367380593e-03 3.731089736e-03 5.266609231e-03
 5.421120096e-03 3.888146454e-03 2.898592104e-03 2.017581446e-03 1.148838826e-03
 3.186335303e-04-4.434511841e-04-1.109836870e-03-1.656333682e-03-2.062853500e-03
-2.313540734e-03-2.396478365e-03-2.303238242e-03-2.028508727e-03-1.570042836e-03
-9.289767671e-04-1.104909447e-04 8.752692695e-04 2.012204478e-03 3.277556067e-03
 4.642032594e-03 6.071452049e-03 7.530269948e-03 8.986982809e-03 1.042023061e-02
 1.182216199e-02 1.320294544e-02 1.461086892e-02 1.606068999e-02 1.759344507e-02
 1.924632010e-02 2.109539558e-02 2.319045091e-02 2.558747751e-02 2.833002772e-02
 3.142969829e-02 3.490570430e-02 3.874835210e-02 4.290331220e-02 4.724807340e-02
 5.155455808e-02 5.548825792e-02 5.872513576e-02 6.106035324e-02 6.242958255e-02
 6.292047285e-02 6.277242847e-02 6.227196119e-02 6.162005209e-02 6.092385940e-02
 6.023588894e-02 5.958035251e-02 5.896663811e-02 5.839625190e-02 5.786659001e-02
 5.737306965e-02 5.691035204e-02 5.647304085e-02 5.605621556e-02 5.566200646e-02
 6.413921785e-04 1.456038480e-03 2.604385862e-03 4.090981039e-03 5.767215862e-03
 6.071694627e-03 4.686261662e-03 3.807769418e-03 3.037810782e-03 2.246074269e-03
 1.456797493e-03 6.942225223e-04-1.858352320e-05-6.605341969e-04-1.212922579e-03
-1.659528476e-03-1.986549475e-03-2.182391889e-03-2.237505386e-03-2.144603534e-03
-1.899075106e-03-1.499374222e-03-9.473630317e-04-2.485117576e-04 5.882247302e-04
 1.551130342e-03 2.627348372e-03 3.804356156e-03 5.071835510e-03 6.423712033e-03
 7.859920601e-03 9.387501207e-03 1.102104512e-02 1.278644663e-02 1.470910922e-02
 1.681389329e-02 1.914663608e-02 2.174812562e-02 2.466048659e-02 2.792282357e-02
 3.156777170e-02 3.564270611e-02 4.020574020e-02 4.533155911e-02 5.113669669e-02
 5.795198434e-02 6.420161065e-02 6.866776478e-02 7.114210066e-02 7.149538934e-02
 6.976486534e-02 6.709985200e-02 6.525248914e-02 6.384102662e-02 6.272271797e-02
 6.181174581e-02 6.105095016e-02 6.040066135e-02 5.983244138e-02 5.932531888e-02
 5.886346786e-02 5.843474648e-02 5.802975112e-02 5.764107812e-02 5.725825963e-02
 6.913217590e-04 1.568428688e-03 2.802706386e-03 4.395889811e-03 6.186449511e-03
 6.597115352e-03 5.326453349e-03 4.516717333e-03 3.762923259e-03 2.952383772e-03
 2.114320461e-03 1.272810074e-03 4.485413403e-04-3.400903833e-04-1.076431272e-03
-1.745264986e-03-2.332526038e-03-2.825114004e-03-3.208333802e-03-3.467886621e-03
-3.591591315e-03-3.569511821e-03-3.394201811e-03-3.061057141e-03-2.568836773e-03
-1.920549339e-03-1.115165120e-03-1.522181692e-04 9.682850485e-04 2.246814434e-03
 3.685634996e-03 5.290942834e-03 7.072423252e-03 9.042992409e-03 1.121887334e-02
 1.361979708e-02 1.626927333e-02 1.919457879e-02 2.242742161e-02 2.600609024e-02
 2.997967702e-02 3.441440869e-02 3.940311873e-02 4.508400408e-02 5.167071186e-02
 5.941308996e-02 6.642995754e-02 7.115888661e-02 7.362488492e-02 7.376469365e-02
 7.148742461e-02 6.830104142e-02 6.610347972e-02 6.456062288e-02 6.343600691e-02
 6.258634617e-02 6.192085238e-02 6.137972068e-02 6.092232743e-02 6.052041714e-02
 6.015399814e-02 5.980877625e-02 5.947449958e-02 5.914390000e-02 5.881375428e-02
 7.327437342e-04 1.663603339e-03 2.976438527e-03 4.677969315e-03 6.626700880e-03
 7.269064891e-03 6.224708476e-03 5.262687452e-03 4.341763225e-03 3.391142187e-03
 2.414061216e-03 1.421898004e-03 4.270900569e-04-5.576687572e-04-1.519687567e-03
-2.446330854e-03-3.325117922e-03-4.136991143e-03-4.862664470e-03-5.483265116e-03
-5.980606007e-03-6.337417148e-03-6.537574223e-03-6.566318253e-03-6.410433591e-03
-6.058297842e-03-5.499469296e-03-4.725500486e-03-3.731070448e-03-2.515774326e-03
-1.087262673e-03 5.639201919e-04 2.443727159e-03 4.556439920e-03 6.907810882e-03
 9.505361447e-03 1.235811984e-02 1.547702206e-02 1.887525079e-02 2.256981880e-02
 2.658872445e-02 3.099300569e-02 3.584254281e-02 4.115495686e-02 4.699102833e-02
 5.334166343e-02 5.920217574e-02 6.341898405e-02 6.583379681e-02 6.625032201e-02
 6.542952951e-02 6.459313762e-02 6.383743766e-02 6.323795212e-02 6.277834808e-02
 6.242602210e-02 6.214828016e-02 6.191753826e-02 6.171215185e-02 6.151583775e-02
 6.131674481e-02 6.110653389e-02 6.087957355e-02 6.063236289e-02 6.036809029e-02
 7.616137751e-04 1.730265294e-03 3.098995722e-03 4.878651995e-03 6.926821717e-03
 7.700215692e-03 6.808193337e-03 5.716346045e-03 4.636229499e-03 3.517821527e-03
 2.367418997e-03 1.188381230e-03-1.328470427e-05-1.229769538e-03-2.452101178e-03
-3.670626485e-03-4.865837217e-03-6.016470178e-03-7.100332353e-03-8.094565937e-03
-8.975905043e-03-9.720937421e-03-1.030637215e-02-1.070931852e-02-1.090758224e-02
-1.087999267e-02-1.060683277e-02-1.007044980e-02-9.256067973e-03-8.152731588e-03
-6.754194560e-03-5.058872992e-03-3.074460738e-03-8.236888534e-04 1.688541948e-03
 4.460525974e-03 7.486146850e-03 1.075863592e-02 1.426875747e-02 1.800198383e-02
 2.192491635e-02 2.611213488e-02 3.063991096e-02 3.532008288e-02 4.005753351e-02
 4.465850863e-02 4.887281377e-02 5.247090899e-02 5.531570430e-02 5.740338472e-02
 5.885867256e-02 5.986597721e-02 6.058560169e-02 6.112384899e-02 6.154193622e-02
 6.187199042e-02 6.212948168e-02 6.232127330e-02 6.245033852e-02 6.251831591e-02
 6.252677252e-02 6.247773455e-02 6.237382149e-02 6.221802298e-02 6.200413446e-02
 7.739468789e-04 1.757645657e-03 3.146102264e-03 4.947657677e-03 7.014200409e-03
 7.791003175e-03 6.873357831e-03 5.726862859e-03 4.540894025e-03 3.289961369e-03
 1.975424784e-03 6.029872312e-04-8.212507571e-04-2.290716633e-03-3.798373751e-03
-5.326629205e-03-6.853966446e-03-8.356992693e-03-9.810637930e-03-1.118839056e-02
-1.246255547e-02-1.360453459e-02-1.458513551e-02-1.537491500e-02-1.594456909e-02
-1.626538908e-02-1.630980455e-02-1.605206450e-02-1.546906997e-02-1.454138322e-02
-1.325444066e-02-1.160013115e-02-9.578802913e-03-7.201414801e-03-4.490465095e-03
-1.487058517e-03 1.765063120e-03 5.252966242e-03 8.954914522e-03 1.284600800e-02
 1.689697092e-02 2.107987108e-02 2.531551745e-02 2.974952529e-02 3.419331748e-02
 3.845414743e-02 4.244670437e-02 4.608970559e-02 4.932449062e-02 5.212832746e-02
 5.451449343e-02 5.652166939e-02 5.819914298e-02 5.959492446e-02 6.074977053e-02
 6.169601018e-02 6.245882228e-02 6.305820320e-02 6.351073882e-02 6.383088783e-02
 6.403177830e-02 6.412562926e-02 6.412392906e-02 6.403762786e-02 6.388375760e-02
 7.712965201e-04 1.750325818e-03 3.129580432e-03 4.914282608e-03 6.960387554e-03
 7.707076722e-03 6.686461963e-03 5.460267797e-03 4.175997847e-03 2.788708810e-03
 1.304687376e-03-2.697530566e-04-1.928811440e-03-3.666962248e-03-5.469892053e-03
-7.316547265e-03-9.183468279e-03-1.104486828e-02-1.287278826e-02-1.463730035e-02
-1.630675801e-02-1.784809011e-02-1.922713772e-02-2.040903603e-02-2.135864799e-02
-2.204106244e-02-2.242217830e-02-2.246939815e-02-2.215246838e-02-2.144450724e-02
-2.032327192e-02-1.877269924e-02-1.678482095e-02-1.436199612e-02-1.151959709e-02
-8.289104947e-03-4.720524711e-03-8.874564399e-04 3.144414022e-03 7.348283938e-03
 1.169209497e-02 1.614106062e-02 2.065747603e-02 2.519707544e-02 2.969889235e-02
 3.409074562e-02 3.830336356e-02 4.227662702e-02 4.596264570e-02 4.932796012e-02
 5.235406056e-02 5.503586499e-02 5.737882239e-02 5.939572473e-02 6.110405453e-02
 6.252415443e-02 6.367808567e-02 6.458889211e-02 6.528003276e-02 6.577486024e-02
 6.609611952e-02 6.626549318e-02 6.630322892e-02 6.622780393e-02 6.605337879e-02
 7.580589317e-04 1.719181411e-03 3.071173997e-03 4.817078142e-03 6.799959795e-03
 7.454079765e-03 6.379603291e-03 5.068780022e-03 3.653319232e-03 2.108704517e-03
 4.397114539e-04-1.349700336e-03-3.255886604e-03-5.269646434e-03-7.371158746e-03
-9.537770062e-03-1.174402968e-02-1.396177260e-02-1.616026353e-02-1.830640371e-02
-2.036499456e-02-2.229905257e-02-2.407017092e-02-2.563892526e-02-2.696532446e-02
-2.800931330e-02-2.873134033e-02-2.909301542e-02-2.905788969e-02-2.859240327e-02
-2.766705724e-02-2.625788077e-02-2.434824794e-02-2.193111612e-02-1.901169002e-02
-1.561056264e-02-1.176725364e-02-7.544041248e-03-3.028512357e-03 1.658274213e-03
 6.475866848e-03 1.138891650e-02 1.635866254e-02 2.134170348e-02 2.628945159e-02
 3.114903450e-02 3.586549571e-02 4.038444143e-02 4.465458855e-02 4.863008003e-02
 5.227252161e-02 5.555266058e-02 5.845160692e-02 6.096148570e-02 6.308540806e-02
 6.483668777e-02 6.623732971e-02 6.731595133e-02 6.810541283e-02 6.864047382e-02
 6.895575047e-02 6.908414341e-02 6.905578777e-02 6.889744368e-02 6.863167110e-02
 7.382891322e-04 1.673548792e-03 2.987741682e-03 4.682491074e-03 6.605484800e-03
 7.191450072e-03 6.005390932e-03 4.588532358e-03 3.027402371e-03 1.314070977e-03
-5.498323499e-04-2.562518623e-03-4.721970395e-03-7.010625399e-03-9.407567886e-03
-1.188863209e-02-1.442645831e-02-1.699060598e-02-1.954772839e-02-2.206180891e-02
-2.449445530e-02-2.680524510e-02-2.895211390e-02-3.089177873e-02-3.258019186e-02
-3.397302551e-02-3.502619602e-02-3.569644600e-02-3.594201652e-02-3.572345564e-02
-3.500462575e-02-3.375398532e-02-3.194623826e-02-2.956444198e-02-2.660267236e-02
-2.306929458e-02-1.899083851e-02-1.441639775e-02-9.422525691e-03-4.118175022e-03
 1.353699297e-03 6.923360256e-03 1.255937148e-02 1.822541509e-02 2.387934395e-02
 2.947261843e-02 3.495014783e-02 4.025074919e-02 4.530850530e-02 5.005536387e-02
 5.442519217e-02 5.835910522e-02 6.181131333e-02 6.475425660e-02 6.718170957e-02
 6.910896631e-02 7.057001314e-02 7.161243896e-02 7.229137384e-02 7.266378383e-02
 7.278404256e-02 7.270111881e-02 7.245724571e-02 7.208782459e-02 7.162802534e-02
 7.149653974e-04 1.620105629e-03 2.890967163e-03 4.528133105e-03 6.376174372e-03
 6.867336334e-03 5.577948015e-03 4.051448037e-03 2.341427850e-03 4.552066923e-04
-1.607214930e-03-3.846335774e-03-6.253108981e-03-8.808721994e-03-1.149089729e-02
-1.427383185e-02-1.712824147e-02-2.002148315e-02-2.291775330e-02-2.577835658e-02
-2.856203622e-02-3.122535404e-02-3.372310652e-02-3.600876329e-02-3.803491695e-02
-3.975373849e-02-4.111744062e-02-4.207876289e-02-4.259150708e-02-4.261116860e-02
-4.209572949e-02-4.100670021e-02-3.931051647e-02-3.698041637e-02-3.399892810e-02
-3.036109748e-02-2.607854904e-02-2.118439790e-02-1.573884185e-02-9.835141653e-03
-3.605772250e-03 2.774498103e-03 9.252712092e-03 1.580416288e-02 2.239611826e-02
 2.898514439e-02 3.551399157e-02 4.190843215e-02 4.807521519e-02 5.390312940e-02
 5.926952354e-02 6.405347687e-02 6.815380073e-02 7.150683152e-02 7.409803723e-02
 7.596343026e-02 7.718037193e-02 7.785113480e-02 7.808499887e-02 7.798417690e-02
 7.763591259e-02 7.711007082e-02 7.646017270e-02 7.572579946e-02 7.492555902e-02
 6.901894980e-04 1.563545082e-03 2.789056668e-03 4.366595235e-03 6.135658479e-03
 6.527605753e-03 5.160720150e-03 3.492032956e-03 1.633900468e-03-4.227656340e-04
-2.679752264e-03-5.137811020e-03-7.781196489e-03-1.059027050e-02-1.354151972e-02
-1.660758447e-02-1.975734519e-02-2.295608443e-02-2.616572635e-02-2.934514872e-02
-3.245055629e-02-3.543589988e-02-3.825332243e-02-4.085361279e-02-4.318664991e-02
-4.520182526e-02-4.684843996e-02-4.807608491e-02-4.883502812e-02-4.907665256e-02
-4.875401044e-02-4.782258527e-02-4.624138049e-02-4.397447976e-02-4.099324766e-02
-3.727934957e-02-3.282876104e-02-2.765689298e-02-2.180487502e-02-1.534684236e-02
-8.397702330e-03-1.121267135e-03 6.313273001e-03 1.390186743e-02 2.163355469e-02
 2.948591926e-02 3.741721606e-02 4.535443449e-02 5.317711750e-02 6.070091002e-02
 6.767404327e-02 7.380662832e-02 7.883563928e-02 8.259530706e-02 8.506004062e-02
 8.634850218e-02 8.668692180e-02 8.634144557e-02 8.555257737e-02 8.450265057e-02
 8.331529254e-02 8.206867713e-02 8.080981582e-02 7.956573992e-02 7.835694229e-02
 6.654574476e-04 1.507183590e-03 2.687724568e-03 4.206425152e-03 5.912823099e-03
 6.237260896e-03 4.715829482e-03 2.939776543e-03 9.391514496e-04-1.281348868e-03
-3.724863739e-03-6.386460424e-03-9.249240751e-03-1.229235678e-02-1.549091273e-02
-1.881596532e-02-2.223461835e-02-2.571021012e-02-2.920258957e-02-3.266847095e-02
-3.606185134e-02-3.933447038e-02-4.243628797e-02-4.531595516e-02-4.792125486e-02
-5.019949436e-02-5.209784032e-02-5.356359921e-02-5.454446251e-02-5.498875628e-02
-5.484575869e-02-5.406617724e-02-5.260290880e-02-5.041223909e-02-4.745567092e-02
-4.370259813e-02-3.913405353e-02-3.374774113e-02-2.756448973e-02-2.063612287e-02
-1.305451053e-02-4.960971522e-03 3.444933539e-03 1.211339336e-02 2.107763772e-02
 3.037205876e-02 4.002714878e-02 5.005615205e-02 6.042164321e-02 7.095059945e-02
 8.114721453e-02 9.008545394e-02 9.687281868e-02 1.010415477e-01 1.025396399e-01
 1.017697664e-01 9.957934771e-02 9.686129444e-02 9.410765105e-02 9.150676066e-02
 8.911480804e-02 8.693521769e-02 8.495116320e-02 8.313933976e-02 8.147599146e-02
 6.419133848e-04 1.453578138e-03 2.591449592e-03 4.054361304e-03 5.680899113e-03
 5.900880359e-03 4.322809004e-03 2.419941478e-03 2.862012146e-04-2.085735587e-03
-4.700390428e-03-7.547068051e-03-1.060811185e-02-1.386163461e-02-1.728147123e-02
-2.083721238e-02-2.449433203e-02-2.821441298e-02-3.195546604e-02-3.567233096e-02
-3.931714038e-02-4.283982182e-02-4.618860944e-02-4.931053537e-02-5.215187243e-02
-5.465850526e-02-5.677621547e-02-5.845087918e-02-5.962859208e-02-6.025575728e-02
-6.027919646e-02-5.964637368e-02-5.830585477e-02-5.620816267e-02-5.330722827e-02
-4.956267331e-02-4.494318833e-02-3.943127071e-02-3.302954350e-02-2.576875120e-02
-1.771728155e-02-8.991724106e-03 2.326931366e-04 9.815806501e-03 1.983766597e-02
 3.040579652e-02 4.166821410e-02 5.383410070e-02 6.721130016e-02 8.229459893e-02
 1.001167640e-01 1.156899882e-01 1.260260010e-01 1.305151692e-01 1.289667275e-01
 1.223701586e-01 1.133252891e-01 1.066285241e-01 1.013712332e-01 9.711637917e-02
 9.359291257e-02 9.061669274e-02 8.805736731e-02 8.582024752e-02 8.383199366e-02
 6.204875583e-04 1.404824928e-03 2.503951877e-03 3.916324236e-03 5.482217576e-03
 5.632220688e-03 3.958745353e-03 1.950159549e-03-3.027456535e-04-2.810051028e-03
-5.575235690e-03-8.584166349e-03-1.181837260e-02-1.525496329e-02-1.886659370e-02
-2.262152306e-02-2.648377334e-02-3.041339235e-02-3.436681564e-02-3.829731316e-02
-4.215549898e-02-4.588987586e-02-4.944738224e-02-5.277390777e-02-5.581474512e-02
-5.851495115e-02-6.081959970e-02-6.267392086e-02-6.402333879e-02-6.481344051e-02
-6.498993335e-02-6.449867819e-02-6.328592019e-02-6.129887805e-02-5.848689581e-02
-5.480340485e-02-5.020897981e-02-4.467578817e-02-3.819370362e-02-3.077824600e-02
-2.248027323e-02-1.339690460e-02-3.682488233e-03 6.443296633e-03 1.702821126e-02
 2.819657360e-02 4.012713652e-02 5.308376200e-02 6.746884205e-02 8.391711216e-02
 1.038554984e-01 1.197269426e-01 1.348103510e-01 1.376169570e-01 1.351480297e-01
 1.273876018e-01 1.168626763e-01 1.092627293e-01 1.034496246e-01 9.886027287e-02
 9.513219405e-02 9.202676959e-02 8.938222394e-02 8.708586106e-02 8.506411270e-02
 6.019371027e-04 1.362633399e-03 2.428271200e-03 3.797015029e-03 5.314300673e-03
 5.408433418e-03 3.626258995e-03 1.545152477e-03-8.095390974e-04-3.432828752e-03
-6.324483484e-03-9.469579783e-03-1.284879959e-02-1.643829465e-02-2.020965136e-02
-2.412996035e-02-2.816199859e-02-3.226452432e-02-3.639267698e-02-4.049846544e-02
-4.453132010e-02-4.843867757e-02-5.216656254e-02-5.566012978e-02-5.886413121e-02
-6.172327866e-02-6.418248225e-02-6.618695762e-02-6.768221250e-02-6.861394388e-02
-6.892790255e-02-6.856981143e-02-6.748545964e-02-6.562113486e-02-6.292460269e-02
-5.934689075e-02-5.484518092e-02-4.938714489e-02-4.295705474e-02-3.556393266e-02
-2.725183050e-02-1.811201315e-02-8.296317086e-03 1.969489026e-03 1.255123795e-02
 2.351620022e-02 3.494561135e-02 4.693379949e-02 5.957720500e-02 7.292239387e-02
 8.658611361e-02 9.844321682e-02 1.076774395e-01 1.130582638e-01 1.141424826e-01
 1.115795603e-01 1.071682250e-01 1.029819615e-01 9.932226235e-02 9.615080742e-02
 9.339001886e-02 9.096377568e-02 8.880673258e-02 8.686545816e-02 8.508822141e-02
 5.868601058e-04 1.328355433e-03 2.366813703e-03 3.700131971e-03 5.164970609e-03
 5.188823064e-03 3.390443150e-03 1.218295268e-03-1.218897281e-03-3.935141615e-03
-6.927640774e-03-1.018094955e-02-1.367508760e-02-1.738543373e-02-2.128270618e-02
-2.533305150e-02-2.949825114e-02-3.373604604e-02-3.800057025e-02-4.224287554e-02
-4.641152054e-02-5.045319097e-02-5.431331343e-02-5.793662351e-02-6.126765159e-02
-6.425109517e-02-6.683205708e-02-6.895614204e-02-7.056942198e-02-7.161830172e-02
-7.204934225e-02-7.180912883e-02-7.084430712e-02-6.910195174e-02-6.653047914e-02
-6.308136789e-02-5.871199879e-02-5.338996392e-02-4.709919724e-02-3.984821758e-02
-3.168060195e-02-2.268746409e-02-1.302114237e-02-2.908405159e-03 7.340633304e-03
 1.770434079e-02 2.815916339e-02 3.864968008e-02 4.906061471e-02 5.917675893e-02
 6.865087721e-02 7.703840392e-02 8.391385596e-02 8.898470641e-02 9.218186308e-02
 9.370270790e-02 9.395164164e-02 9.338393824e-02 9.235933081e-02 9.110567135e-02
 8.975214426e-02 8.836814426e-02 8.698945810e-02 8.563363866e-02 8.431324345e-02
 5.757049389e-04 1.303002271e-03 2.321375393e-03 3.628603085e-03 5.069725403e-03
 5.073061250e-03 3.189652431e-03 9.769202642e-04-1.520009924e-03-4.304126907e-03
-7.370090698e-03-1.070204116e-02-1.427950520e-02-1.807728924e-02-2.206547098e-02
-2.620950434e-02-3.047044610e-02-3.480530427e-02-3.916749839e-02-4.350741270e-02
-4.777301429e-02-5.191050155e-02-5.586494380e-02-5.958087171e-02-6.300278075e-02
-6.607551605e-02-6.874451766e-02-7.095591895e-02-7.265650909e-02-7.379359228e-02
-7.431480178e-02-7.416795766e-02-7.330109232e-02-7.166280948e-02-6.920318956e-02
-6.587550481e-02-6.163905714e-02-5.646348731e-02-5.033490777e-02-4.326415071e-02
-3.529725462e-02-2.652798529e-02-1.711165339e-02-7.278757513e-03 2.653630880e-03
 1.248849010e-02 2.217358757e-02 3.163011737e-02 4.074741481e-02 4.938110306e-02
 5.735981956e-02 6.450447175e-02 7.065811409e-02 7.571792099e-02 7.965849766e-02
 8.253756845e-02 8.448053479e-02 8.564965884e-02 8.621125922e-02 8.631301065e-02
 8.607464293e-02 8.558813302e-02 8.492214461e-02 8.412733207e-02 8.324326327e-02
 5.687816756e-04 1.287269037e-03 2.293181440e-03 3.584188370e-03 4.999428445e-03
 4.967637856e-03 3.078048049e-03 8.281360563e-04-1.705673236e-03-4.531280140e-03
-7.642072264e-03-1.102193729e-02-1.465009178e-02-1.850098317e-02-2.254429012e-02
-2.674503808e-02-3.106383888e-02-3.545725443e-02-3.987827401e-02-4.427688568e-02
-4.860071304e-02-5.279568174e-02-5.680667593e-02-6.057814355e-02-6.405461223e-02
-6.718108390e-02-6.990328716e-02-7.216778062e-02-7.392191871e-02-7.511371323e-02
-7.569165002e-02-7.560454995e-02-7.480159922e-02-7.323271442e-02-7.084945364e-02
-6.760673406e-02-6.346566157e-02-5.839780873e-02-5.239127137e-02-4.545875928e-02
-3.764778506e-02-2.905265225e-02-1.982735321e-02-1.019764103e-02-4.694219856e-04
 9.053242228e-03 1.831653981e-02 2.725070066e-02 3.577109803e-02 4.378180700e-02
 5.118232180e-02 5.787735332e-02 6.378840832e-02 6.886473162e-02 7.309080525e-02
 7.648827094e-02 7.911173608e-02 8.103983726e-02 8.236427387e-02 8.317962563e-02
 8.357576044e-02 8.363330213e-02 8.342167865e-02 8.299880706e-02 8.240606460e-02
 5.662805950e-04 1.281580617e-03 2.282973416e-03 3.568065265e-03 4.973993708e-03
 4.929180036e-03 3.041567383e-03 7.747549335e-04-1.771779039e-03-4.611657877e-03
-7.737906116e-03-1.113429515e-02-1.477991346e-02-1.864906947e-02-2.271129246e-02
-2.693145063e-02-3.126999482e-02-3.568332724e-02-4.012428478e-02-4.454271663e-02
-4.888612754e-02-5.310035051e-02-5.713020897e-02-6.092012705e-02-6.441464944e-02
-6.755883910e-02-7.029853175e-02-7.258044039e-02-7.435212181e-02-7.556183841e-02
-7.615837502e-02-7.609090030e-02-7.530899748e-02-7.376302975e-02-7.140505077e-02
-6.819051873e-02-6.408111604e-02-5.904900464e-02-5.308283710e-02-4.619576197e-02
-3.843546257e-02-2.989589399e-02-2.072978349e-02-1.116011700e-02-1.487817408e-03
 7.949572633e-03 1.709948666e-02 2.589669590e-02 3.426535913e-02 4.212294459e-02
 4.938611989e-02 5.597821233e-02 6.183725380e-02 6.692317398e-02 7.122263463e-02
 7.475041951e-02 7.754711367e-02 7.967373075e-02 8.120462193e-02 8.222018469e-02
 8.280059134e-02 8.302119779e-02 8.294974543e-02 8.264525276e-02 8.216442622e-02
 5.682851893e-04 1.286131589e-03 2.291116822e-03 3.580896447e-03 5.002816581e-03
 4.984230841e-03 3.054235755e-03 8.181068357e-04-1.716446838e-03-4.543315654e-03
-7.655524894e-03-1.103689832e-02-1.466660308e-02-1.851904304e-02-2.256385681e-02
-2.676603235e-02-3.108614661e-02-3.548072944e-02-3.990274143e-02-4.430214574e-02
-4.862654507e-02-5.282184829e-02-5.683292652e-02-6.060421763e-02-6.408024080e-02
-6.720598931e-02-6.992718030e-02-7.219035482e-02-7.394283944e-02-7.513260271e-02
-7.570806555e-02-7.561795475e-02-7.481132443e-02-7.323791082e-02-7.084903206e-02
-6.759929396e-02-6.344940882e-02-5.837046619e-02-5.234999062e-02-4.540004874e-02
-3.756748047e-02-2.894596959e-02-1.968908089e-02-1.002254967e-02-2.531199778e-04
 9.319536386e-03 1.864135310e-02 2.764120873e-02 3.623158737e-02 4.431190503e-02
 5.177545506e-02 5.852005684e-02 6.446101191e-02 6.954355308e-02 7.375143549e-02
 7.710908325e-02 7.967662391e-02 8.153949582e-02 8.279594807e-02 8.354579283e-02
 8.388241963e-02 8.388841066e-02 8.363402042e-02 8.317736107e-02 8.255966728e-02
 5.747547586e-04 1.300835810e-03 2.317474154e-03 3.622384577e-03 5.052234461e-03
 5.034914741e-03 3.185386795e-03 9.590671419e-04-1.540605886e-03-4.327567352e-03
-7.396548621e-03-1.073163181e-02-1.431227461e-02-1.811321234e-02-2.210445167e-02
-2.625137706e-02-3.051497903e-02-3.485220397e-02-3.921641599e-02-4.355795124e-02
-4.782473694e-02-5.196294013e-02-5.591760685e-02-5.963325133e-02-6.305435721e-02
-6.612575908e-02-6.879288319e-02-7.100183994e-02-7.269937894e-02-7.383273897e-02
-7.434945087e-02-7.419718167e-02-7.332374396e-02-7.167743595e-02-6.920792509e-02
-6.586793957e-02-6.161608201e-02-5.642111759e-02-5.026809495e-02-4.316660145e-02
-3.516129232e-02-2.634451343e-02-1.687031754e-02-6.968432258e-03 3.044407369e-03
 1.298026924e-02 2.278891635e-02 3.239151223e-02 4.167341588e-02 5.048016581e-02
 5.862326124e-02 6.590154857e-02 7.213647038e-02 7.721052538e-02 8.109567056e-02
 8.386046177e-02 8.565098318e-02 8.665269169e-02 8.705079766e-02 8.700467584e-02
 8.663932027e-02 8.604770336e-02 8.529719695e-02 8.443620610e-02 8.350218189e-02
 5.855064472e-04 1.325278772e-03 2.361299545e-03 3.691473622e-03 5.157196570e-03
 5.187577885e-03 3.359317843e-03 1.192309053e-03-1.248589560e-03-3.969336947e-03
-6.966555097e-03-1.022470982e-02-1.372373037e-02-1.743889934e-02-2.134083603e-02
-2.539558854e-02-2.956484324e-02-3.380625221e-02-3.807386949e-02-4.231867788e-02
-4.648917970e-02-5.053201797e-02-5.439259004e-02-5.801561456e-02-6.134561471e-02
-6.432728663e-02-6.690573212e-02-6.902654799e-02-7.063578225e-02-7.167978859e-02
-7.210503582e-02-7.185795952e-02-7.088497820e-02-6.913283821e-02-6.654949907e-02
-6.308582202e-02-5.869837527e-02-5.335370649e-02-4.703443830e-02-3.974748186e-02
-3.153449196e-02-2.248434492e-02-1.274684067e-02-2.546022024e-03 7.808521753e-03
 1.831303833e-02 2.895373143e-02 3.968664806e-02 5.040592122e-02 6.089227869e-02
 7.076036977e-02 7.949093950e-02 8.658274975e-02 9.168723954e-02 9.471837992e-02
 9.591546608e-02 9.577268206e-02 9.483214587e-02 9.349461439e-02 9.199283866e-02
 9.044737204e-02 8.891667192e-02 8.742679525e-02 8.598743277e-02 8.460374770e-02
 6.002177156e-04 1.358732014e-03 2.421295648e-03 3.786056173e-03 5.296252741e-03
 5.380923029e-03 3.607273893e-03 1.512551441e-03-8.477719933e-04-3.477253014e-03
-6.375350876e-03-9.527042654e-03-1.291289040e-02-1.650891995e-02-2.028658903e-02
-2.421286041e-02-2.825038768e-02-3.235781388e-02-3.649017502e-02-4.059939151e-02
-4.463482285e-02-4.854385406e-02-5.227247822e-02-5.576583784e-02-5.896868988e-02
-6.182576489e-02-6.428200017e-02-6.628264002e-02-6.777321346e-02-6.869942066e-02
-6.900698434e-02-6.864155270e-02-6.754877498e-02-6.567471227e-02-6.296679180e-02
-5.937556256e-02-5.485755631e-02-4.937959024e-02-4.292484553e-02-3.550098911e-02
-2.715043438e-02-1.796251006e-02-8.086815640e-03 2.253791482e-03 1.293353599e-02
 2.403227808e-02 3.564992679e-02 4.791183337e-02 6.097073653e-02 7.499617068e-02
 8.996606087e-02 1.026070765e-01 1.126765625e-01 1.181808085e-01 1.187015781e-01
 1.150118336e-01 1.093049155e-01 1.044489455e-01 1.003740217e-01 9.692624171e-02
 9.397488156e-02 9.141431888e-02 8.916143508e-02 8.715157761e-02 8.532768563e-02
 6.184258807e-04 1.400151269e-03 2.495606685e-03 3.903223524e-03 5.460443896e-03
 5.595837406e-03 3.928341988e-03 1.910905961e-03-3.490919223e-04-2.864207363e-03
-5.637572859e-03-8.654869871e-03-1.189747160e-02-1.534232811e-02-1.896193522e-02
-2.272439477e-02-2.659357717e-02-3.052938876e-02-3.448813820e-02-3.842298733e-02
-4.228446455e-02-4.602101217e-02-4.957953521e-02-5.290591727e-02-5.594547141e-02
-5.864329887e-02-6.094453787e-02-6.279449753e-02-6.413868884e-02-6.492278529e-02
-6.509257074e-02-6.459396177e-02-6.337322608e-02-6.137755812e-02-5.855621627e-02
-5.486246981e-02-5.025664084e-02-4.471054320e-02-3.821359304e-02-3.078075805e-02
-2.246227246e-02-1.335462686e-02-3.611605181e-03 6.546197995e-03 1.716868864e-02
 2.838387321e-02 4.037649481e-02 5.342005047e-02 6.793160478e-02 8.455806336e-02
 1.041589789e-01 1.212964826e-01 1.326743868e-01 1.376329559e-01 1.357126185e-01
 1.278735552e-01 1.174944198e-01 1.097221234e-01 1.037880857e-01 9.911680748e-02
 9.533268772e-02 9.218863611e-02 8.951768488e-02 8.720386804e-02 8.517058571e-02
 6.395205433e-04 1.448157193e-03 2.581778850e-03 4.039252272e-03 5.668742546e-03
 5.899628064e-03 4.268089040e-03 2.373924565e-03 2.321165059e-04-2.149025192e-03
-4.773715259e-03-7.630580847e-03-1.070180053e-02-1.396531204e-02-1.739476804e-02
-2.095957558e-02-2.462502974e-02-2.835254506e-02-3.209998043e-02-3.582204547e-02
-3.947076921e-02-4.299600615e-02-4.634595086e-02-4.946763105e-02-5.230735072e-02
-5.481106035e-02-5.692464007e-02-5.859409410e-02-5.976567191e-02-6.038595174e-02
-6.040194705e-02-5.976132575e-02-5.841286532e-02-5.630730483e-02-5.339879385e-02
-4.964717655e-02-4.502137604e-02-3.950414777e-02-3.309842630e-02-2.583537233e-02
-1.778399799e-02-9.061803423e-03 1.545648865e-04 9.716238069e-03 1.969831656e-02
 3.020036045e-02 4.135661054e-02 5.335174959e-02 6.644882007e-02 8.106663854e-02
 9.861468070e-02 1.146447450e-01 1.257601812e-01 1.284023694e-01 1.266662303e-01
 1.205933941e-01 1.120046765e-01 1.057769168e-01 1.008047472e-01 9.672945595e-02
 9.332420819e-02 9.042934428e-02 8.792858932e-02 8.573564375e-02 8.378180268e-02
 6.627331238e-04 1.501014568e-03 2.676726929e-03 4.189190197e-03 5.878320074e-03
 6.175658314e-03 4.686881666e-03 2.887949168e-03 8.772837153e-04-1.353929137e-03
-3.809150546e-03-6.482618219e-03-9.357249711e-03-1.241198583e-02-1.562171311e-02
-1.895727122e-02-2.238555293e-02-2.586969730e-02-2.936937197e-02-3.284113378e-02
-3.623885188e-02-3.951417225e-02-4.261699935e-02-4.549596981e-02-4.809889482e-02
-5.037315336e-02-5.226602699e-02-5.372497960e-02-5.469790181e-02-5.513335997e-02
-5.498091399e-02-5.419159608e-02-5.271867394e-02-5.051885567e-02-4.755412632e-02
-4.379443334e-02-3.922145000e-02-3.383362959e-02-2.765269891e-02-2.073158530e-02
-1.316349016e-02-5.091648278e-03 3.281708924e-03 1.189509116e-02 2.077543420e-02
 2.994762598e-02 3.942805544e-02 4.920929546e-02 5.922550330e-02 6.927655619e-02
 7.889752210e-02 8.732642894e-02 9.382063940e-02 9.796370802e-02 9.971153792e-02
 9.941514796e-02 9.777230214e-02 9.551583933e-02 9.310643142e-02 9.075665353e-02
 8.854920507e-02 8.650734047e-02 8.462811081e-02 8.289784284e-02 8.130034269e-02
 6.871200097e-04 1.556599999e-03 2.776688239e-03 4.347275753e-03 6.109351086e-03
 6.494979052e-03 5.105867661e-03 3.432983749e-03 1.563973608e-03-5.047988058e-04
-2.774961725e-03-5.246494596e-03-7.903318405e-03-1.072553456e-02-1.368937760e-02
-1.676723677e-02-1.992774739e-02-2.313595882e-02-2.635358011e-02-2.953929827e-02
-3.264915753e-02-3.563698371e-02-3.845483470e-02-4.105345771e-02-4.338273596e-02
-4.539211281e-02-4.703099008e-02-4.824910936e-02-4.899694100e-02-4.922612482e-02
-4.889002904e-02-4.794451965e-02-4.634905891e-02-4.406827864e-02-4.107419518e-02
-3.734924587e-02-3.289031680e-02-2.771388408e-02-2.186227797e-02-1.541093777e-02
-8.476361634e-03-1.223311793e-03 6.171149044e-03 1.369851434e-02 2.134393048e-02
 2.908071917e-02 3.686302471e-02 4.461531575e-02 5.221922688e-02 5.950192858e-02
 6.623679434e-02 7.217013904e-02 7.707452528e-02 8.080639712e-02 8.334240582e-02
 8.478291747e-02 8.532125687e-02 8.518867761e-02 8.460065052e-02 8.372739633e-02
 8.268969663e-02 8.156760389e-02 8.041175939e-02 7.925305199e-02 7.811417065e-02
 7.115097343e-04 1.612303449e-03 2.877114692e-03 4.506581693e-03 6.350605080e-03
 6.840983503e-03 5.524507957e-03 3.984946522e-03 2.262675637e-03 3.632767206e-04
-1.713310107e-03-3.967571667e-03-6.389291081e-03-8.959436398e-03-1.165545633e-02
-1.445126809e-02-1.731730985e-02-2.022067012e-02-2.312529316e-02-2.599225416e-02
-2.878009542e-02-3.144521159e-02-3.394226998e-02-3.622465244e-02-3.824490769e-02
-3.995520858e-02-4.130781708e-02-4.225557147e-02-4.275242505e-02-4.275408304e-02
-4.221880461e-02-4.110845708e-02-3.938993146e-02-3.703704273e-02-3.403304971e-02
-3.037391249e-02-2.607236927e-02-2.116284384e-02-1.570710382e-02-9.800251574e-03
-3.575919140e-03 2.787657594e-03 9.233502375e-03 1.573527227e-02 2.225878010e-02
 2.875992948e-02 3.518208483e-02 4.145356785e-02 4.748636254e-02 5.317769477e-02
 5.841627921e-02 6.309396037e-02 6.712108660e-02 7.044149665e-02 7.304226934e-02
 7.495493852e-02 7.624782477e-02 7.701223590e-02 7.734720291e-02 7.734707242e-02
 7.709404676e-02 7.665537924e-02 7.608370806e-02 7.541882416e-02 7.468182035e-02
 7.343378810e-04 1.664656547e-03 2.972027615e-03 4.658148254e-03 6.564437580e-03
 7.123509605e-03 5.947512230e-03 4.512423443e-03 2.938346161e-03 1.210940853e-03
-6.680971252e-04-2.696992835e-03-4.872615133e-03-7.176938385e-03-9.588718806e-03
-1.208346369e-02-1.463349327e-02-1.720805926e-02-1.977352305e-02-2.229359672e-02
-2.472964200e-02-2.704101994e-02-2.918548250e-02-3.111959839e-02-3.279920835e-02
-3.417991077e-02-3.521758645e-02-3.586898233e-02-3.609238708e-02-3.584844632e-02
-3.510118154e-02-3.381929389e-02-3.197784086e-02-2.956038683e-02-2.656170627e-02
-2.299111990e-02-1.887648105e-02-1.426870795e-02-9.246417316e-03-3.920616379e-03
 1.560944201e-03 7.128622287e-03 1.274856534e-02 1.838279030e-02 2.398863719e-02
 2.951829394e-02 3.491865182e-02 4.013171762e-02 4.509590345e-02 4.974847094e-02
 5.402922816e-02 5.788523943e-02 6.127586831e-02 6.417712371e-02 6.658423482e-02
 6.851173748e-02 6.999100350e-02 7.106583106e-02 7.178716074e-02 7.220802673e-02
 7.237953967e-02 7.234823091e-02 7.215469035e-02 7.183332764e-02 7.141818174e-02
 7.533803358e-04 1.708690364e-03 3.052730790e-03 4.788767511e-03 6.766976252e-03
 7.424193577e-03 6.302070089e-03 4.981155832e-03 3.552476930e-03 1.992838851e-03
 3.079990061e-04-1.498021276e-03-3.421573905e-03-5.452009189e-03-7.569124972e-03
-9.749914735e-03-1.196858627e-02-1.419663808e-02-1.640301023e-02-1.855429547e-02
-2.061500715e-02-2.254789759e-02-2.431432192e-02-2.587464475e-02-2.718869058e-02
-2.821624497e-02-2.891762162e-02-2.925431866e-02-2.918979999e-02-2.869044884e-02
-2.772675278e-02-2.627478211e-02-2.431804618e-02-2.184977634e-02-1.887572227e-02
-1.541739688e-02-1.151560778e-02-7.234235941e-03-2.663879200e-03 2.067419805e-03
 6.922241725e-03 1.186008348e-02 1.683739677e-02 2.180765749e-02 2.672209615e-02
 3.153039657e-02 3.618147325e-02 4.062497933e-02 4.481354277e-02 4.870518940e-02
 5.226544894e-02 5.546889116e-02 5.830003460e-02 6.075364836e-02 6.283446377e-02
 6.455630044e-02 6.594064481e-02 6.701480131e-02 6.780982154e-02 6.835845796e-02
 6.869336370e-02 6.884568413e-02 6.884409148e-02 6.871418546e-02 6.847680037e-02
 7.654784981e-04 1.737311546e-03 3.106804082e-03 4.879531480e-03 6.905831847e-03
 7.625752235e-03 6.610507590e-03 5.364706668e-03 4.060682400e-03 2.657013742e-03
 1.156327829e-03-4.349637813e-04-2.111121881e-03-3.866658846e-03-5.685581653e-03
-7.546496697e-03-9.425578253e-03-1.129668327e-02-1.313150219e-02-1.489976934e-02
-1.656951816e-02-1.810737843e-02-1.947891417e-02-2.064900470e-02-2.158227607e-02
-2.224359567e-02-2.259864919e-02-2.261463010e-02-2.226107665e-02-2.151089839e-02
-2.034164416e-02-1.873709451e-02-1.668918313e-02-1.420030312e-02-1.128585728e-02
-7.977477287e-03-4.326038487e-03-4.092537898e-04 3.713579142e-03 8.010513209e-03
 1.244510494e-02 1.697297031e-02 2.153974040e-02 2.608266540e-02 3.054483107e-02
 3.487296735e-02 3.900983287e-02 4.289967001e-02 4.649616115e-02 4.976760846e-02
 5.269836401e-02 5.528703147e-02 5.754282499e-02 5.948168720e-02 6.112324536e-02
 6.248890173e-02 6.360082017e-02 6.448141534e-02 6.515303041e-02 6.563763750e-02
 6.595651502e-02 6.612992210e-02 6.617680926e-02 6.611455490e-02 6.595775627e-02
 7.663946736e-04 1.740674551e-03 3.116248264e-03 4.901957728e-03 6.949433398e-03
 7.704273360e-03 6.773959792e-03 5.602838033e-03 4.403965028e-03 3.135051804e-03
 1.803925483e-03 4.155093280e-04-1.024562501e-03-2.509953371e-03-4.033550542e-03
-5.575613902e-03-7.114306053e-03-8.625854825e-03-1.008481581e-02-1.146432017e-02
-1.273633932e-02-1.387196766e-02-1.484173085e-02-1.561592660e-02-1.616501001e-02
-1.646004156e-02-1.647323061e-02-1.617860292e-02-1.555282621e-02-1.457622423e-02
-1.323401261e-02-1.151774768e-02-9.427404720e-03-6.973406789e-03-4.178329994e-03
-1.084572068e-03 2.271929075e-03 5.879559351e-03 9.720188596e-03 1.377334663e-02
 1.801376906e-02 2.239305161e-02 2.688354364e-02 3.126804583e-02 3.552945127e-02
 3.967043279e-02 4.356962453e-02 4.711955448e-02 5.024900029e-02 5.293269976e-02
 5.518917922e-02 5.706601934e-02 5.862074995e-02 5.990680109e-02 6.096750429e-02
 6.183572003e-02 6.253592091e-02 6.308674597e-02 6.350314819e-02 6.379790064e-02
 6.398251784e-02 6.406774258e-02 6.406375305e-02 6.398033078e-02 6.383223803e-02
 7.518967971e-04 1.708117434e-03 3.059169879e-03 4.815805112e-03 6.845490672e-03
 7.607416334e-03 6.660021843e-03 5.558296868e-03 4.456341215e-03 3.326317927e-03
 2.164037019e-03 9.723114172e-04-2.427225295e-04-1.473043389e-03-2.709593959e-03
-3.940754730e-03-5.145874371e-03-6.303204437e-03-7.390116264e-03-8.383376502e-03
-9.259398999e-03-9.994498875e-03-1.056515337e-02-1.094827791e-02-1.112152360e-02
-1.106361146e-02-1.075472279e-02-1.017708573e-02-9.315775045e-03-8.159622358e-03
-6.702035927e-03-4.941570579e-03-2.886245983e-03-5.596152428e-04 2.038187151e-03
 4.906991579e-03 8.044552540e-03 1.145076031e-02 1.512667507e-02 1.907583642e-02
 2.330976811e-02 2.772964267e-02 3.223935552e-02 3.690336099e-02 4.161573390e-02
 4.621227917e-02 5.043075012e-02 5.398828657e-02 5.671820927e-02 5.861802986e-02
 5.984879284e-02 6.064213971e-02 6.117854688e-02 6.156658347e-02 6.186441100e-02
 6.209964020e-02 6.228328280e-02 6.241835643e-02 6.250469419e-02 6.254141691e-02
 6.252807478e-02 6.246506882e-02 6.235370000e-02 6.219590270e-02 6.198569315e-02
 7.213418336e-04 1.637397614e-03 2.928580651e-03 4.600115665e-03 6.497537152e-03
 7.053514499e-03 5.913010694e-03 5.017394171e-03 4.115084327e-03 3.163358754e-03
 2.178489709e-03 1.175559109e-03 1.687463631e-04-8.282638547e-04-1.802173196e-03
-2.740029540e-03-3.627144520e-03-4.443424304e-03-5.169147222e-03-5.785149298e-03
-6.273038544e-03-6.615391728e-03-6.795973392e-03-6.799951994e-03-6.614080271e-03
-6.226756245e-03-5.627848041e-03-4.809136408e-03-3.765538044e-03-2.497011188e-03
-1.011567439e-03 7.005209252e-04 2.645352768e-03 4.827392167e-03 7.253874883e-03
 9.934285117e-03 1.288013237e-02 1.610541574e-02 1.962718955e-02 2.346571153e-02
 2.764123947e-02 3.216391307e-02 3.706574454e-02 4.243329579e-02 4.837551761e-02
 5.519129057e-02 6.161158863e-02 6.607586195e-02 6.826184703e-02 6.809838981e-02
 6.659693350e-02 6.539408896e-02 6.440649373e-02 6.364279894e-02 6.306622432e-02
 6.262847522e-02 6.228718788e-02 6.200878544e-02 6.176778304e-02 6.154532821e-02
 6.132776964e-02 6.110545204e-02 6.087175273e-02 6.062242024e-02 6.035976212e-02
 6.793908659e-04 1.541304911e-03 2.754113169e-03 4.319563119e-03 6.079911689e-03
 6.463223754e-03 5.155612031e-03 4.305064929e-03 3.536395031e-03 2.708383840e-03
 1.853572805e-03 9.960285259e-04 1.569573502e-04-6.446697584e-04-1.391735601e-03
-2.068702835e-03-2.661371821e-03-3.155363317e-03-3.534384659e-03-3.784197150e-03
-3.892713215e-03-3.850066776e-03-3.648886570e-03-3.284664667e-03-2.756272619e-03
-2.066809504e-03-1.217705855e-03-2.084953926e-04 9.605682881e-04 2.289543625e-03
 3.780144298e-03 5.438540171e-03 7.274410942e-03 9.300767518e-03 1.153385635e-02
 1.399328729e-02 1.670215260e-02 1.968676207e-02 2.297672572e-02 2.660624416e-02
 3.061778464e-02 3.507002887e-02 4.005180075e-02 4.570346206e-02 5.224777203e-02
 5.993046219e-02 6.690522093e-02 7.159876394e-02 7.404217115e-02 7.417275419e-02
 7.184319078e-02 6.857179382e-02 6.629386155e-02 6.469765407e-02 6.353406990e-02
 6.265390895e-02 6.196382806e-02 6.140289102e-02 6.092990486e-02 6.051625665e-02
 6.014166878e-02 5.979157728e-02 5.945545357e-02 5.912569988e-02 5.879759282e-02
 6.292885666e-04 1.428791735e-03 2.556289064e-03 4.016909902e-03 5.664237838e-03
 5.938173452e-03 4.503099121e-03 3.608277346e-03 2.800517640e-03 1.977841935e-03
 1.160901069e-03 3.743146419e-04-3.582952993e-04-1.015347045e-03-1.577779759e-03
-2.029181310e-03-2.355662116e-03-2.545577332e-03-2.588992950e-03-2.478214658e-03
-2.209505327e-03-1.781476666e-03-1.196252381e-03-4.596922918e-04 4.186774868e-04
 1.426308454e-03 2.549332874e-03 3.774341277e-03 5.090192018e-03 6.490117385e-03
 7.973577015e-03 9.547237583e-03 1.122513469e-02 1.303221599e-02 1.499375699e-02
 1.713407302e-02 1.949644006e-02 2.211832524e-02 2.503870841e-02 2.829351075e-02
 3.191148925e-02 3.593263305e-02 4.040249964e-02 4.537415245e-02 5.091543870e-02
 5.713458507e-02 6.279403978e-02 6.683965538e-02 6.923277212e-02 6.989038796e-02
 6.867916330e-02 6.658287067e-02 6.495086587e-02 6.364971723e-02 6.259185111e-02
 6.171457317e-02 6.097263385e-02 6.033300427e-02 5.977112665e-02 5.926835775e-02
 5.881027899e-02 5.838558485e-02 5.798533875e-02 5.760238156e-02 5.722781493e-02
 5.677252743e-04 1.291344116e-03 2.316349659e-03 3.652150951e-03 5.150265036e-03
 5.255797775e-03 3.707173312e-03 2.660323190e-03 1.738724468e-03 8.269844415e-04
-4.213671829e-05-8.370466047e-04-1.528740323e-03-2.092178561e-03-2.507023874e-03
-2.757668549e-03-2.832755628e-03-2.724515846e-03-2.428255666e-03-1.942258888e-03
-1.268174747e-03-4.115635257e-04 6.170847149e-04 1.801243754e-03 3.117507655e-03
 4.535592280e-03 6.019886597e-03 7.533097028e-03 9.041906927e-03 1.052349168e-02
 1.196946047e-02 1.338778421e-02 1.482811187e-02 1.630271132e-02 1.785562601e-02
 1.952967424e-02 2.138735912e-02 2.347856975e-02 2.585428953e-02 2.855610568e-02
 3.160299955e-02 3.500741216e-02 3.875173584e-02 4.277331626e-02 4.694551636e-02
 5.105515565e-02 5.481212349e-02 5.793246090e-02 6.022825851e-02 6.163862631e-02
 6.224055685e-02 6.223588385e-02 6.186426145e-02 6.130915283e-02 6.068101138e-02
 6.004009718e-02 5.941737319e-02 5.882715658e-02 5.827435764e-02 5.775867575e-02
 5.727707057e-02 5.682522451e-02 5.639840345e-02 5.599208078e-02 5.560777931e-02
 4.873293014e-04 1.111800901e-03 2.002383140e-03 3.172593292e-03 4.487202895e-03
 4.398085699e-03 2.585824714e-03 1.297887105e-03 1.440579905e-04-9.713292653e-04
-1.998308063e-03-2.889906613e-03-3.605726599e-03-4.115335887e-03-4.399120389e-03
-4.446680458e-03-4.253955599e-03-3.820446025e-03-3.147399935e-03-2.237224167e-03
-1.093997592e-03 2.750427037e-04 1.857022973e-03 3.629830572e-03 5.557439054e-03
 7.585023029e-03 9.636493547e-03 1.161920373e-02 1.344024058e-02 1.502889526e-02
 1.638856186e-02 1.753273447e-02 1.851838274e-02 1.942842668e-02 2.034129437e-02
 2.132722697e-02 2.245101048e-02 2.377925659e-02 2.538735357e-02 2.735860707e-02
 2.976801853e-02 3.265205906e-02 3.598020512e-02 3.964705414e-02 4.348662646e-02
 4.729423963e-02 5.084662239e-02 5.392671427e-02 5.636166516e-02 5.806603517e-02
 5.906454948e-02 5.947413278e-02 5.945431736e-02 5.915771434e-02 5.870345538e-02
 5.817308951e-02 5.761752140e-02 5.706611495e-02 5.653426748e-02 5.602876818e-02
 5.555131327e-02 5.510072440e-02 5.467431625e-02 5.426860292e-02 5.387287332e-02
 3.781497203e-04 8.683692610e-04 1.578237467e-03 2.528605286e-03 3.583886717e-03
 3.193141102e-03 1.047503816e-03-6.540283887e-04-2.246265767e-03-3.743734242e-03
-5.091241700e-03-6.199354564e-03-7.000252991e-03-7.458912478e-03-7.571538248e-03
-7.352933859e-03-6.822553566e-03-5.995809988e-03-4.881327767e-03-3.481718373e-03
-1.795574862e-03 1.803023102e-04 2.448111518e-03 5.004121924e-03 7.828499977e-03
 1.086497826e-02 1.398663174e-02 1.696075310e-02 1.946718963e-02 2.126453991e-02
 2.228542616e-02 2.267685247e-02 2.271639273e-02 2.263355729e-02 2.256132235e-02
 2.255905645e-02 2.265006588e-02 2.285948335e-02 2.326587984e-02 2.407325445e-02
 2.561795463e-02 2.817443429e-02 3.173031805e-02 3.598897118e-02 4.059254640e-02
 4.527568327e-02 4.979497279e-02 5.379035615e-02 5.679780001e-02 5.852375435e-02
 5.907777139e-02 5.887803408e-02 5.833039526e-02 5.766547103e-02 5.698462042e-02
 5.632802751e-02 5.571021168e-02 5.513492503e-02 5.460121361e-02 5.410599349e-02
 5.364522918e-02 5.321451485e-02 5.280939183e-02 5.242562057e-02 5.206283574e-02
 2.262585966e-04 5.271210316e-04 9.806703705e-04 1.626396650e-03 2.362636978e-03
 1.694965115e-03-6.829991695e-04-3.198183390e-03-5.638093185e-03-7.974026105e-03
-1.002539453e-02-1.157520063e-02-1.247086810e-02-1.271390818e-02-1.242107935e-02
-1.172060510e-02-1.069186485e-02-9.365617185e-03-7.743557591e-03-5.813690965e-03
-3.557394441e-03-9.498083873e-04 2.044314910e-03 5.477889517e-03 9.430860437e-03
 1.401714419e-02 1.935803332e-02 2.531175452e-02 3.037889843e-02 3.262038695e-02
 3.174989151e-02 2.935846541e-02 2.720809643e-02 2.556896710e-02 2.432326388e-02
 2.331260881e-02 2.236924700e-02 2.128424378e-02 1.972870677e-02 1.697540937e-02
 1.563789853e-02 1.800230241e-02 2.447565818e-02 3.157544909e-02 3.792049526e-02
 4.425439917e-02 5.123627569e-02 6.013726770e-02 6.547598898e-02 6.634978060e-02
 6.242831400e-02 5.938252046e-02 5.742919408e-02 5.605777061e-02 5.502459556e-02
 5.420267241e-02 5.352087094e-02 5.293686054e-02 5.242408036e-02 5.196504131e-02
 5.154767511e-02 5.116312629e-02 5.080425873e-02 5.046500674e-02 5.014265747e-02
 2.629778630e-05 6.122341874e-05 1.188405070e-04 2.297478365e-04 3.642818810e-04
-7.545150747e-04-3.536320866e-03-6.721432245e-03-1.035368452e-02-1.450825943e-02
-1.864029034e-02-2.133561372e-02-2.182191395e-02-2.059202059e-02-1.897867420e-02
-1.735998295e-02-1.567809822e-02-1.382722492e-02-1.171995194e-02-9.299726727e-03
-6.534562264e-03-3.401762235e-03 1.307657956e-04 4.125175481e-03 8.701533278e-03
 1.408997321e-02 2.075779904e-02 2.983180351e-02 3.857017188e-02 4.126820443e-02
 3.762198099e-02 3.186172854e-02 2.850589271e-02 2.630559337e-02 2.474171950e-02
 2.352733664e-02 2.246371341e-02 2.137989534e-02 2.012306768e-02 1.876998764e-02
 1.863367126e-02 2.077568819e-02 2.504764437e-02 3.042447448e-02 3.585397596e-02
 4.137075088e-02 4.714606222e-02 5.287207339e-02 5.707354426e-02 5.848020484e-02
 5.722951106e-02 5.540264636e-02 5.395528201e-02 5.286495729e-02 5.202597695e-02
 5.135966571e-02 5.081255248e-02 5.034748461e-02 4.994366239e-02 4.958117638e-02
 4.925256073e-02 4.895156607e-02 4.867387518e-02 4.840616872e-02 4.813828392e-02
-1.746649110e-04-4.191466622e-04-8.142470424e-04-1.438360274e-03-2.444566680e-03
-4.047222278e-03-6.406779149e-03-9.611529411e-03-1.385487439e-02-1.967361388e-02
-2.694755942e-02-3.104330769e-02-3.122173030e-02-2.720255425e-02-2.466263013e-02
-2.283828683e-02-2.113217748e-02-1.918181604e-02-1.680087070e-02-1.395151749e-02
-1.068887384e-02-7.093435601e-03-3.226562315e-03 8.816172278e-04 5.221488530e-03
 9.773109342e-03 1.443699311e-02 1.890213331e-02 2.256621778e-02 2.484816676e-02
 2.563780136e-02 2.539755944e-02 2.473014164e-02 2.401625564e-02 2.339184133e-02
 2.289485136e-02 2.253623830e-02 2.233432020e-02 2.236530246e-02 2.277179206e-02
 2.375031793e-02 2.544284845e-02 2.783997401e-02 3.078898638e-02 3.406900395e-02
 3.746971771e-02 4.077820217e-02 4.373991941e-02 4.608533254e-02 4.763997295e-02
 4.843595686e-02 4.868330798e-02 4.862467501e-02 4.843065347e-02 4.819097473e-02
 4.794605867e-02 4.771038982e-02 4.748701038e-02 4.727436081e-02 4.706874653e-02
 4.686652410e-02 4.666649896e-02 4.648326146e-02 4.630306610e-02 4.612099837e-02
-2.997085718e-04-7.040520060e-04-1.320702403e-03-2.203094001e-03-3.420696029e-03
-5.051058732e-03-7.167546054e-03-9.827156703e-03-1.303880506e-02-1.672570028e-02
-2.044603245e-02-2.346239854e-02-2.534532539e-02-2.635690641e-02-2.713123001e-02
-2.779962785e-02-2.785294201e-02-2.661381325e-02-2.385748719e-02-1.998980633e-02
-1.564958728e-02-1.123626362e-02-6.900361047e-03-2.685137166e-03 1.389392635e-03
 5.286754575e-03 8.933766452e-03 1.221691365e-02 1.500544594e-02 1.720202466e-02
 1.879273494e-02 1.985801657e-02 2.053656678e-02 2.097405764e-02 2.129153649e-02
 2.158025281e-02 2.191089790e-02 2.234565701e-02 2.294652134e-02 2.377574274e-02
 2.488643424e-02 2.630656986e-02 2.802550656e-02 2.999133304e-02 3.211924250e-02
 3.430411291e-02 3.643178568e-02 3.839046061e-02 4.008642019e-02 4.146241938e-02
 4.250907382e-02 4.326025597e-02 4.377451626e-02 4.411416387e-02 4.433182557e-02
 4.446602476e-02 4.454228015e-02 4.457614655e-02 4.457629535e-02 4.454702892e-02
 4.449016495e-02 4.440548753e-02 4.432512735e-02 4.422898943e-02 4.410546844e-02
-3.371820035e-04-7.790458008e-04-1.426692624e-03-2.305843188e-03-3.445391180e-03
-4.872513175e-03-6.605537962e-03-8.641512201e-03-1.094585497e-02-1.345896805e-02
-1.608921888e-02-1.876719667e-02-2.153423755e-02-2.465071490e-02-2.868669462e-02
-3.483080913e-02-4.142733639e-02-4.159250094e-02-3.543435427e-02-2.604569635e-02
-1.928970937e-02-1.378345690e-02-9.006511995e-03-4.727871368e-03-8.414904286e-04
 2.694473045e-03 5.886083014e-03 8.721420593e-03 1.118552934e-02 1.327397737e-02
 1.500261200e-02 1.641030366e-02 1.755420603e-02 1.850076802e-02 1.931707083e-02
 2.006536758e-02 2.080103618e-02 2.157247259e-02 2.242111489e-02 2.338032081e-02
 2.447279788e-02 2.570736889e-02 2.707654324e-02 2.855620841e-02 3.010787625e-02
 3.168302265e-02 3.322874153e-02 3.469406609e-02 3.603628221e-02 3.722612756e-02
 3.825046105e-02 3.911150516e-02 3.982306156e-02 4.040526644e-02 4.087965477e-02
 4.126561105e-02 4.157840769e-02 4.182852658e-02 4.202189951e-02 4.216086127e-02
 4.224569701e-02 4.227604950e-02 4.228523536e-02 4.225913293e-02 4.219838259e-02
-3.190113597e-04-7.296097869e-04-1.317600440e-03-2.092800808e-03-3.064743743e-03
-4.240281854e-03-5.621043313e-03-7.199262355e-03-8.949546709e-03-1.086697151e-02
-1.293898124e-02-1.517369332e-02-1.762049157e-02-2.039120595e-02-2.361057474e-02
-2.715932751e-02-2.982563415e-02-2.973810281e-02-2.657870180e-02-2.165061739e-02
-1.666273637e-02-1.206977070e-02-7.886046852e-03-4.078858920e-03-6.299176246e-04
 2.466939693e-03 5.217689522e-03 7.636076722e-03 9.744991814e-03 1.157405925e-02
 1.315701840e-02 1.453025430e-02 1.573193996e-02 1.680102935e-02 1.777594355e-02
 1.869320855e-02 1.958628589e-02 2.048461844e-02 2.141275297e-02 2.238940478e-02
 2.342647107e-02 2.452818034e-02 2.569067790e-02 2.690232508e-02 2.814484570e-02
 2.939526246e-02 3.062840584e-02 3.181967079e-02 3.294763212e-02 3.399610744e-02
 3.495532022e-02 3.582199240e-02 3.659844795e-02 3.729102221e-02 3.790814465e-02
 3.845837534e-02 3.894850126e-02 3.938167429e-02 3.975569508e-02 4.006219768e-02
 4.028864606e-02 4.042584194e-02 4.047714607e-02 4.047626785e-02 4.043797976e-02
-2.750068553e-04-6.250678851e-04-1.119316905e-03-1.759548813e-03-2.546393089e-03
-3.478263312e-03-4.550417993e-03-5.751723026e-03-7.060560342e-03-8.471714636e-03
-9.967915548e-03-1.152289489e-02-1.310689742e-02-1.466583964e-02-1.608338341e-02
-1.715023182e-02-1.757522498e-02-1.709661586e-02-1.563387373e-02-1.333339429e-02
-1.046777695e-02-7.302891988e-03-4.049018302e-03-8.814606215e-04 2.040904243e-03
 4.598905143e-03 6.754490424e-03 8.553981800e-03 1.008346665e-02 1.142222695e-02
 1.262557073e-02 1.372875045e-02 1.475560211e-02 1.572481536e-02 1.665311109e-02
 1.755634006e-02 1.844947170e-02 1.934608057e-02 2.025765582e-02 2.119290337e-02
 2.215714778e-02 2.315192545e-02 2.417485437e-02 2.521984420e-02 2.627766815e-02
 2.733686164e-02 2.838485756e-02 2.940922440e-02 3.039885220e-02 3.134493593e-02
 3.224164089e-02 3.308639428e-02 3.387981574e-02 3.462535340e-02 3.532870220e-02
 3.599701692e-02 3.663773520e-02 3.725634441e-02 3.785128712e-02 3.840178431e-02
 3.884505420e-02 3.908569805e-02 3.910916476e-02 3.901095109e-02 3.885591554e-02
-2.232729014e-04-5.053588696e-04-8.997760768e-04-1.404384544e-03-2.015492261e-03
-2.727261861e-03-3.531006809e-03-4.411461551e-03-5.346454577e-03-6.322461144e-03
-7.313103044e-03-8.279969677e-03-9.180053161e-03-9.952228261e-03-1.051497167e-02
-1.077033832e-02-1.061683195e-02-9.971136427e-03-8.788598382e-03-7.069060434e-03
-4.843403453e-03-2.153132823e-03 9.490971257e-04 4.313031285e-03 7.402004653e-03
 9.521498902e-03 1.056249391e-02 1.108344624e-02 1.155669196e-02 1.211651618e-02
 1.276310343e-02 1.347173998e-02 1.422048871e-02 1.499464910e-02 1.578595474e-02
 1.659086019e-02 1.740889885e-02 1.824129773e-02 1.908985731e-02 1.995607585e-02
 2.084050237e-02 2.174231205e-02 2.265910249e-02 2.358690685e-02 2.452040885e-02
 2.545332958e-02 2.637893944e-02 2.729063692e-02 2.818253133e-02 2.904997349e-02
 2.988999612e-02 3.070165418e-02 3.148629214e-02 3.224781025e-02 3.299306245e-02
 3.373261722e-02 3.448231660e-02 3.526655580e-02 3.612563129e-02 3.714011663e-02
 3.851939415e-02 3.900873546e-02 3.821197827e-02 3.767227985e-02 3.730403048e-02
-1.732419500e-04-3.908709689e-04-6.928592175e-04-1.075359412e-03-1.532836894e-03
-2.057653819e-03-2.639707884e-03-3.265458100e-03-3.900655189e-03-4.542636706e-03
-5.159145021e-03-5.716477248e-03-6.184227361e-03-6.517994336e-03-6.667354777e-03
-6.579243538e-03-6.202489156e-03-5.491573381e-03-4.408496478e-03-2.919968679e-03
-9.849000000e-04 1.473748555e-03 4.623417042e-03 8.937729644e-03 1.357801105e-02
 1.556049534e-02 1.483863202e-02 1.303641691e-02 1.247842243e-02 1.245314006e-02
 1.271411267e-02 1.314678203e-02 1.368910721e-02 1.430467203e-02 1.497123902e-02
 1.567502947e-02 1.640748888e-02 1.716327399e-02 1.793891223e-02 1.873187547e-02
 1.953993823e-02 2.036075180e-02 2.119159490e-02 2.202927561e-02 2.287016257e-02
 2.371032229e-02 2.454573599e-02 2.537256695e-02 2.618744995e-02 2.698777893e-02
 2.777197787e-02 2.853975354e-02 2.929234714e-02 3.003282595e-02 3.076649002e-02
 3.150152026e-02 3.225007356e-02 3.303012979e-02 3.386829311e-02 3.479715905e-02
 3.612875816e-02 3.659542724e-02 3.599803780e-02 3.556439287e-02 3.526486715e-02
-1.292029542e-04-2.907449968e-04-5.134973854e-04-7.932885714e-04-1.124453341e-03
-1.499595471e-03-1.909117910e-03-2.337147750e-03-2.758404773e-03-3.157185291e-03
-3.513468643e-03-3.807724422e-03-4.019352372e-03-4.119834513e-03-4.069112075e-03
-3.826886931e-03-3.380871659e-03-2.705400544e-03-1.777688707e-03-5.806226490e-04
 8.963215875e-04 2.652242169e-03 4.644861494e-03 6.736207590e-03 8.629154742e-03
 9.998958079e-03 1.075504415e-02 1.110369424e-02 1.133508370e-02 1.160683971e-02
 1.196206761e-02 1.239964187e-02 1.290683174e-02 1.347003007e-02 1.407768767e-02
 1.472073863e-02 1.539226996e-02 1.608701471e-02 1.680086609e-02 1.753047699e-02
 1.827294929e-02 1.902559806e-02 1.978578587e-02 2.055082949e-02 2.131797625e-02
 2.208444054e-02 2.284748685e-02 2.360454358e-02 2.435333192e-02 2.509199441e-02
 2.581920954e-02 2.653427889e-02 2.723717124e-02 2.792849775e-02 2.860936453e-02
 2.928098055e-02 2.994374496e-02 3.059521754e-02 3.122582114e-02 3.181088689e-02
 3.230248388e-02 3.264257372e-02 3.281489190e-02 3.286572473e-02 3.285353740e-02
-9.249672404e-05-2.076258909e-04-3.654428812e-04-5.621392367e-04-7.927934790e-04
-1.051462334e-03-1.331477689e-03-1.623066118e-03-1.899512694e-03-2.114619414e-03
-2.292515546e-03-2.421869284e-03-2.483877550e-03-2.462618472e-03-2.308515822e-03
-2.023103502e-03-1.596140795e-03-1.015830142e-03-2.751249325e-04 6.255682992e-04
 1.675344483e-03 2.848129575e-03 4.096563624e-03 5.351460363e-03 6.532041188e-03
 7.570145780e-03 8.436749437e-03 9.149528612e-03 9.755487188e-03 1.030514678e-02
 1.083671471e-02 1.137335933e-02 1.192679349e-02 1.250163288e-02 1.309866027e-02
 1.371675548e-02 1.435397809e-02 1.500801521e-02 1.567630893e-02 1.635632124e-02
 1.704574607e-02 1.774246313e-02 1.844439976e-02 1.914947289e-02 1.985559531e-02
 2.056066423e-02 2.126262979e-02 2.195951635e-02 2.264947956e-02 2.333085323e-02
 2.400214173e-02 2.466203505e-02 2.530930456e-02 2.594266313e-02 2.656048579e-02
 2.716036939e-02 2.773849936e-02 2.828877898e-02 2.880203734e-02 2.926591435e-02
 2.966653936e-02 2.999260712e-02 3.023977165e-02 3.041149319e-02 3.051991762e-02
-6.297123410e-05-1.408938650e-04-2.468881522e-04-3.775600129e-04-5.285268161e-04
-6.944121567e-04-8.688269592e-04-1.044928515e-03-1.200678648e-03-1.320933648e-03
-1.394782915e-03-1.431948019e-03-1.399620455e-03-1.301731071e-03-1.122190184e-03
-8.420147423e-04-4.754751254e-04 1.253431968e-05 5.924203841e-04 1.272558072e-03
 2.043771155e-03 2.868575058e-03 3.758143319e-03 4.644219516e-03 5.521296135e-03
 6.356356018e-03 7.122576592e-03 7.850896495e-03 8.507214010e-03 9.139975622e-03
 9.741600872e-03 1.032271797e-02 1.091825599e-02 1.149446607e-02 1.210067002e-02
 1.270296189e-02 1.331378236e-02 1.394821860e-02 1.457293333e-02 1.522427129e-02
 1.586598235e-02 1.651603028e-02 1.717335481e-02 1.781682047e-02 1.848245378e-02
 1.912800388e-02 1.978056712e-02 2.042690897e-02 2.105520540e-02 2.169542381e-02
 2.230548725e-02 2.292069242e-02 2.351557009e-02 2.408923789e-02 2.466145677e-02
 2.519420026e-02 2.572118525e-02 2.621248223e-02 2.666410838e-02 2.709464854e-02
 2.746216858e-02 2.779985264e-02 2.808184164e-02 2.830677389e-02 2.850171984e-02
 0.144756236E+01 0.146307733E+01 0.147745533E+01 0.149244873E+01 0.150786030E+01
 0.152366836E+01 0.153989616E+01 0.155655552E+01 0.157367593E+01 0.159129844E+01
 0.160944457E+01 0.162815105E+01 0.164746639E+01 0.166742681E+01 0.168806247E+01
 0.170942469E+01 0.173157139E+01 0.175455151E+01 0.177840818E+01 0.180318995E+01
 0.182897311E+01 0.185582889E+01 0.188382353E+01 0.191302177E+01 0.194349383E+01
 0.197534087E+01 0.200866537E+01 0.204356598E+01 0.208014828E+01 0.211851983E+01
 0.215880777E+01 0.220117616E+01 0.224578623E+01 0.229280194E+01 0.234240533E+01
 0.239479988E+01 0.245022364E+01 0.250894857E+01 0.257126625E+01 0.263750035E+01
 0.270801002E+01 0.278319200E+01 0.286351818E+01 0.294953784E+01 0.304186049E+01
 0.314117812E+01 0.324830060E+01 0.336417465E+01 0.348989731E+01 0.362676910E+01
 0.377635051E+01 0.394051106E+01 0.412150488E+01 0.432211189E+01 0.454579261E+01
 0.479696448E+01 0.508142074E+01 0.540692668E+01 0.578389469E+01 0.622733233E+01
 0.676050237E+01 0.742312581E+01 0.829364439E+01 0.958291320E+01 0.162490288E+02
  361   98
 0.578088184E+00 0.119128614E+01 0.571728897E+00 0.117727392E+01 0.565370385E+00
 0.116326134E+01 0.559023265E+00 0.114924360E+01 0.552689154E+00 0.113521997E+01
 0.546373679E+00 0.112118795E+01 0.540085311E+00 0.110714376E+01 0.533836795E+00
 0.109308179E+01 0.527640420E+00 0.107899678E+01 0.521503483E+00 0.106488576E+01
 0.515430602E+00 0.105074707E+01 0.509425759E+00 0.103657934E+01 0.503495183E+00
 0.102238037E+01 0.497645174E+00 0.100814802E+01 0.491878970E+00 0.993881510E+00
 0.486196848E+00 0.979581303E+00 0.480597585E+00 0.965248449E+00 0.475081608E+00
 0.950883337E+00 0.469651725E+00 0.936485464E+00 0.464309085E+00 0.922054989E+00
 0.459051855E+00 0.907593178E+00 0.453876254E+00 0.893101951E+00 0.448779787E+00
 0.878582705E+00 0.443765542E+00 0.864034860E+00 0.438837273E+00 0.849457667E+00
 0.433997213E+00 0.834850949E+00 0.429246011E+00 0.820215087E+00 0.424583613E+00
 0.805550694E+00 0.420010784E+00 0.790858124E+00 0.415529939E+00 0.776137242E+00
 0.411144220E+00 0.761387742E+00 0.406856598E+00 0.746609429E+00 0.402668260E+00
 0.731802671E+00 0.398578802E+00 0.716968299E+00 0.394587342E+00 0.702107259E+00
 0.390693041E+00 0.687220462E+00 0.386896198E+00 0.672308512E+00 0.383198627E+00
 0.657371638E+00 0.379602318E+00 0.642410061E+00 0.376108837E+00 0.627424141E+00
 0.372719093E+00 0.612414417E+00 0.369432377E+00 0.597381794E+00 0.366246575E+00
 0.582327462E+00 0.363159678E+00 0.567252537E+00 0.360170088E+00 0.552158013E+00
 0.357276928E+00 0.537044710E+00 0.354480259E+00 0.521913254E+00 0.351780488E+00
 0.506764210E+00 0.349178002E+00 0.491598150E+00 0.346673010E+00 0.476415682E+00
 0.344264664E+00 0.461217584E+00 0.341950669E+00 0.446004833E+00 0.339728720E+00
 0.430778364E+00 0.337596821E+00 0.415539026E+00 0.335553475E+00 0.400287562E+00
 0.333597727E+00 0.385024617E+00 0.331728790E+00 0.369750798E+00 0.329945846E+00
 0.354466703E+00 0.328247791E+00 0.339172943E+00 0.326633223E+00 0.323870143E+00
 0.325100982E+00 0.308558881E+00 0.323650369E+00 0.293239670E+00 0.322281114E+00
 0.277912972E+00 0.320993176E+00 0.262579227E+00 0.319785830E+00 0.247238926E+00
 0.318658053E+00 0.231892569E+00 0.317608889E+00 0.216540637E+00 0.316637470E+00
 0.201183590E+00 0.315742711E+00 0.185821884E+00 0.314923140E+00 0.170455984E+00
 0.314177385E+00 0.155086323E+00 0.313504251E+00 0.139713311E+00 0.312902861E+00
 0.124337325E+00 0.312373261E+00 0.108958698E+00 0.311915919E+00 0.935777538E-01
 0.311531397E+00 0.781948167E-01 0.311220330E+00 0.628102192E-01 0.310982542E+00
 0.474243142E-01 0.310816791E+00 0.320374641E-01 0.310721946E+00 0.166500133E-01
 0.310697057E+00 0.126229001E-02 0.310741435E+00-0.141253895E-01 0.310855083E+00
-0.295127133E-01 0.311038317E+00-0.448993656E-01 0.311291600E+00-0.602850241E-01
 0.311615548E+00-0.756693567E-01 0.312010801E+00-0.910520223E-01 0.312477994E+00
-0.106432671E+00 0.313017923E+00-0.121810938E+00 0.313631548E+00-0.137186440E+00
 0.314319732E+00-0.152558785E+00 0.315082467E+00-0.167927611E+00 0.315919603E+00
-0.183292565E+00 0.316831165E+00-0.198653283E+00 0.317817454E+00-0.214009383E+00
 0.318879642E+00-0.229360420E+00 0.320019645E+00-0.244705874E+00 0.321239432E+00
-0.260045190E+00 0.322540890E+00-0.275377793E+00 0.323925350E+00-0.290703124E+00
 0.325392757E+00-0.306020736E+00 0.326942976E+00-0.321330188E+00 0.328576226E+00
-0.336631004E+00 0.330293160E+00-0.351922656E+00 0.332094857E+00-0.367204553E+00
 0.333982623E+00-0.382476055E+00 0.335957992E+00-0.397736473E+00 0.338022689E+00
-0.412985061E+00 0.340178459E+00-0.428221039E+00 0.342426763E+00-0.443443637E+00
 0.344769074E+00-0.458652053E+00 0.347207062E+00-0.473845425E+00 0.349742642E+00
-0.489022813E+00 0.352377145E+00-0.504183343E+00 0.355110995E+00-0.519326274E+00
 0.357944269E+00-0.534450917E+00 0.360876730E+00-0.549556643E+00 0.363908193E+00
-0.564642812E+00 0.367039652E+00-0.579708541E+00 0.370273150E+00-0.594752700E+00
 0.373611248E+00-0.609773994E+00 0.377056660E+00-0.624771035E+00 0.380610699E+00
-0.639742706E+00 0.384272444E+00-0.654688400E+00 0.388040179E+00-0.669607728E+00
 0.391911788E+00-0.684500439E+00 0.395885501E+00-0.699366233E+00 0.399961916E+00
-0.714204192E+00 0.404142998E+00-0.729012997E+00 0.408430504E+00-0.743791339E+00
 0.412825388E+00-0.758538106E+00 0.417327103E+00-0.773252612E+00 0.421933489E+00
-0.787934689E+00 0.426642610E+00-0.802584138E+00 0.431453831E+00-0.817200374E+00
 0.436367716E+00-0.831782415E+00 0.441385147E+00-0.846329151E+00 0.446506494E+00
-0.860839629E+00 0.451731306E+00-0.875313173E+00 0.457058740E+00-0.889749261E+00
 0.462489795E+00-0.904146683E+00 0.468029616E+00-0.918502601E+00 0.473684286E+00
-0.932813667E+00 0.479458223E+00-0.947077028E+00 0.485354052E+00-0.961290436E+00
 0.491375684E+00-0.975451000E+00 0.497534224E+00-0.989552550E+00 0.503843961E+00
-0.100358708E+01 0.510319570E+00-0.101754585E+01 0.516976474E+00-0.103141904E+01
 0.523836447E+00-0.104519292E+01 0.530936974E+00-0.105884428E+01 0.538334584E+00
-0.107233683E+01 0.546111608E+00-0.108561404E+01 0.554392074E+00-0.109858267E+01
 0.563373818E+00-0.111107441E+01 0.573376194E+00-0.112276091E+01 0.584851724E+00
-0.113299341E+01 0.598145961E+00-0.114068613E+01 0.612916105E+00-0.114488624E+01
 0.628256902E+00-0.114583806E+01 0.643585630E+00-0.114457145E+01 0.658746394E+00
-0.114195287E+01 0.673741635E+00-0.113850405E+01 0.688604232E+00-0.113452005E+01
 0.703364127E+00-0.113017018E+01 0.718043196E+00-0.112555456E+01 0.732656368E+00
-0.112073423E+01 0.747212947E+00-0.111574553E+01 0.761718357E+00-0.111060991E+01
 0.776176337E+00-0.110534222E+01 0.790590656E+00-0.109995618E+01 0.804959891E+00
-0.109445102E+01 0.819275137E+00-0.108880700E+01 0.833525286E+00-0.108300064E+01
 0.847698811E+00-0.107700972E+01 0.861783249E+00-0.107081232E+01 0.875766336E+00
-0.106438957E+01 0.889636234E+00-0.105772595E+01 0.903381887E+00-0.105080970E+01
 0.916993659E+00-0.104363357E+01 0.930468604E+00-0.103620366E+01 0.943808656E+00
-0.102853417E+01 0.957005123E+00-0.102062023E+01 0.970034821E+00-0.101243472E+01
 0.982876659E+00-0.100395758E+01 0.995517559E+00-0.995183624E+00 0.100794972E+01
-0.986116303E+00 0.102017545E+01-0.976772456E+00 0.103220744E+01-0.967180343E+00
 0.104405689E+01-0.957363589E+00 0.105571795E+01-0.947323810E+00 0.106717595E+01
-0.937052920E+00 0.107842004E+01-0.926548279E+00 0.108944840E+01-0.915817353E+00
 0.110026798E+01-0.904875923E+00 0.111089213E+01-0.893744594E+00 0.112133024E+01
-0.882438622E+00 0.113157322E+01-0.870955592E+00 0.114160091E+01-0.859284127E+00
 0.115140099E+01-0.847420908E+00 0.116097292E+01-0.835372838E+00 0.117032182E+01
-0.823150882E+00 0.117944587E+01-0.810760181E+00 0.118832716E+01-0.798194378E+00
 0.119694395E+01-0.785445770E+00 0.120528747E+01-0.772516662E+00 0.121336205E+01
-0.759417892E+00 0.122116857E+01-0.746157629E+00 0.122868642E+01-0.732731649E+00
 0.123589471E+01-0.719136980E+00 0.124278459E+01-0.705378203E+00 0.124935522E+01
-0.691464130E+00 0.125560299E+01-0.677402134E+00 0.126152338E+01-0.663199198E+00
 0.126711796E+01-0.648864783E+00 0.127239613E+01-0.634410840E+00 0.127737073E+01
-0.619849610E+00 0.128205140E+01-0.605191233E+00 0.128644719E+01-0.590444908E+00
 0.129057175E+01-0.575620406E+00 0.129444441E+01-0.560728086E+00 0.129808893E+01
-0.545778270E+00 0.130153183E+01-0.530780707E+00 0.130479981E+01-0.515744041E+00
 0.130791694E+01-0.500675362E+00 0.131090572E+01-0.485580687E+00 0.131378840E+01
-0.470465382E+00 0.131658670E+01-0.455334218E+00 0.131932254E+01-0.440191630E+00
 0.132201866E+01-0.425041915E+00 0.132469871E+01-0.409889347E+00 0.132738469E+01
-0.394737829E+00 0.133009295E+01-0.379590280E+00 0.133283937E+01-0.364449606E+00
 0.133563999E+01-0.349318868E+00 0.133850911E+01-0.334200973E+00 0.134144660E+01
-0.319096209E+00 0.134444224E+01-0.304002871E+00 0.134748586E+01-0.288919130E+00
 0.135056780E+01-0.273843171E+00 0.135367901E+01-0.258773222E+00 0.135681048E+01
-0.243707471E+00 0.135995228E+01-0.228643869E+00 0.136309202E+01-0.213579839E+00
 0.136621261E+01-0.198511832E+00 0.136928721E+01-0.183434381E+00 0.137228124E+01
-0.168340737E+00 0.137515688E+01-0.153224115E+00 0.137787410E+01-0.138078244E+00
 0.138039406E+01-0.122898339E+00 0.138268974E+01-0.107682924E+00 0.138473648E+01
-0.924320567E-01 0.138650844E+01-0.771468603E-01 0.138797927E+01-0.618297892E-01
 0.138912803E+01-0.464852246E-01 0.138994118E+01-0.311192378E-01 0.139040758E+01
-0.157388363E-01 0.139051868E+01-0.351777296E-03 0.139027061E+01 0.150336850E-01
 0.138967018E+01 0.304094447E-01 0.138872902E+01 0.457681333E-01 0.138746104E+01
 0.611033222E-01 0.138588221E+01 0.764096540E-01 0.138401517E+01 0.916835474E-01
 0.138188797E+01 0.106923418E+00 0.137952763E+01 0.122128954E+00 0.137695956E+01
 0.137300811E+00 0.137421082E+01 0.152441005E+00 0.137132058E+01 0.167554854E+00
 0.136832970E+01 0.182649131E+00 0.136527657E+01 0.197730948E+00 0.136219596E+01
 0.212807182E+00 0.135911307E+01 0.227882950E+00 0.135604187E+01 0.242961103E+00
 0.135299208E+01 0.258043599E+00 0.134997152E+01 0.273131977E+00 0.134698746E+01
 0.288227614E+00 0.134404694E+01 0.303331792E+00 0.134115761E+01 0.318445842E+00
 0.133832777E+01 0.333571143E+00 0.133556592E+01 0.348709001E+00 0.133287103E+01
 0.363858929E+00 0.133022694E+01 0.379017810E+00 0.132761573E+01 0.394182391E+00
 0.132501963E+01 0.409349568E+00 0.132242051E+01 0.424516228E+00 0.131979507E+01
 0.439678348E+00 0.131711799E+01 0.454831432E+00 0.131436453E+01 0.469970813E+00
 0.131151045E+01 0.485091538E+00 0.130853234E+01 0.500188310E+00 0.130540768E+01
 0.515255415E+00 0.130211416E+01 0.530286493E+00 0.129862838E+01 0.545274130E+00
 0.129492409E+01 0.560209232E+00 0.129097473E+01 0.575081374E+00 0.128675642E+01
 0.589879446E+00 0.128225005E+01 0.604592332E+00 0.127744297E+01 0.619209714E+00
 0.127232779E+01 0.633722138E+00 0.126689677E+01 0.648119320E+00 0.126113881E+01
 0.662388873E+00 0.125504704E+01 0.676519136E+00 0.124862338E+01 0.690501652E+00
 0.124187586E+01 0.704330802E+00 0.123480980E+01 0.717999935E+00 0.122742774E+01
 0.731501039E+00 0.121974279E+01 0.744832094E+00 0.121178231E+01 0.758000528E+00
 0.120357253E+01 0.771015023E+00 0.119511307E+01 0.783868603E+00 0.118639894E+01
 0.796550904E+00 0.117743751E+01 0.809059709E+00 0.116824978E+01 0.821403294E+00
 0.115885643E+01 0.833591159E+00 0.114926400E+01 0.845622953E+00 0.113946791E+01
 0.857489514E+00 0.112946438E+01 0.869181729E+00 0.111926010E+01 0.880699178E+00
 0.110887030E+01 0.892049572E+00 0.109830438E+01 0.903236208E+00 0.108755595E+01
 0.914247581E+00 0.107661121E+01 0.925063803E+00 0.106545854E+01 0.935665479E+00
 0.105409508E+01 0.946040887E+00 0.104253020E+01 0.956191321E+00 0.103078032E+01
 0.966127047E+00 0.101885353E+01 0.975849685E+00 0.100673674E+01 0.985334407E+00
 0.994415024E+00 0.994551269E+00 0.981885110E+00 0.100348302E+01 0.969154426E+00
 0.101212622E+01 0.956236300E+00 0.102048673E+01 0.943152636E+00 0.102858582E+01
 0.929927361E+00 0.103645161E+01 0.916568753E+00 0.104408873E+01 0.903074734E+00
 0.105148394E+01 0.889448676E+00 0.105863297E+01 0.875700960E+00 0.106554519E+01
 0.861843857E+00 0.107223547E+01 0.847890901E+00 0.107872354E+01 0.833856590E+00
 0.108503377E+01 0.819756643E+00 0.109119599E+01 0.805606355E+00 0.109724178E+01
 0.791418745E+00 0.110319949E+01 0.777203600E+00 0.110909120E+01 0.762966401E+00
 0.111492944E+01 0.748710065E+00 0.112072079E+01 0.734438818E+00 0.112647530E+01
 0.720157887E+00 0.113220574E+01 0.705872517E+00 0.113792511E+01 0.691588166E+00
 0.114364703E+01 0.677310248E+00 0.114938497E+01 0.663044893E+00 0.115515407E+01
 0.648798117E+00 0.116096889E+01 0.634578447E+00 0.116684966E+01 0.620393747E+00
 0.117281428E+01 0.606249621E+00 0.117887447E+01 0.592145692E+00 0.118502764E+01
 0.578088184E+00 0.119128614E+01
 0.156441580E+01 0.156423520E+01 0.173298350E+01 0.167901950E+01 0.134847970E+01
 0.206041340E+01 0.108819530E+01 0.205946000E+01 0.902253030E+00 0.187565310E+01
 0.903668760E+00 0.187424170E+01 0.533866470E+00 0.150285580E+01 0.538010660E+00
 0.149874330E+01 0.332797140E+00 0.129708960E+01 0.332797140E+00 0.109400000E+01
 0.334795920E+00 0.109400000E+01 0.303115250E+00 0.847500000E+00 0.305114030E+00
 0.847500000E+00 0.269135950E+00 0.565000000E+00 0.271134730E+00 0.565000000E+00
 0.260841000E+00 0.495257700E+00 0.260841000E+00-0.507257700E+00 0.271134730E+00
-0.576999960E+00 0.269135950E+00-0.576999960E+00 0.305114030E+00-0.859500000E+00
 0.303115250E+00-0.859500000E+00 0.334795920E+00-0.110600010E+01 0.332797140E+00
-0.110600010E+01 0.332797140E+00-0.130908970E+01 0.538598100E+00-0.150990190E+01
 0.534468950E+00-0.151402960E+01 0.905629600E+00-0.188405800E+01 0.904219000E+00
-0.188547470E+01 0.108819530E+01-0.206614000E+01 0.134847970E+01-0.206518650E+01
 0.173017910E+01-0.168098580E+01 0.156441580E+01-0.156883530E+01 0.137999130E+01
-0.157688300E+01 0.137989190E+01-0.157672700E+01 0.119622210E+01-0.158474990E+01
 0.119631650E+01-0.158489800E+01 0.105537410E+01-0.159104840E+01 0.105528350E+01
-0.159090630E+01 0.947502500E+00-0.159561420E+01 0.905686400E+00-0.159556230E+01
 0.899143000E+00-0.159478470E+01 0.883387860E+00-0.159026430E+01 0.867681200E+00
-0.158087360E+01 0.851322350E+00-0.156766880E+01 0.833481900E+00-0.154624210E+01
 0.826062560E+00-0.152875240E+01 0.822677700E+00-0.151516830E+01 0.821022750E+00
-0.149624060E+01 0.820691350E+00-0.147724350E+01 0.822887360E+00-0.144582030E+01
 0.827573000E+00-0.141923050E+01 0.839194600E+00-0.138728100E+01 0.855244300E+00
-0.135284130E+01 0.877566500E+00-0.132209860E+01 0.899473500E+00-0.130017830E+01
 0.118567730E+01-0.101380000E+01 0.127900000E+01-0.842300000E+00 0.129600000E+01
-0.820200000E+00 0.143300000E+01-0.820200000E+00 0.143300000E+01-0.711000000E+00
 0.149000000E+01-0.491000000E+00 0.146000000E+01-0.491000000E+00 0.146000000E+01
-0.233000000E+00 0.166100000E+01-0.233000000E+00 0.166100000E+01 0.226000000E+00
 0.146000000E+01 0.226000000E+00 0.146000000E+01 0.481000000E+00 0.149300000E+01
 0.481000000E+00 0.147400000E+01 0.554000000E+00 0.143300000E+01 0.711000000E+00
 0.143300000E+01 0.815600000E+00 0.129600000E+01 0.815600000E+00 0.127900000E+01
 0.837699950E+00 0.118567730E+01 0.100920000E+01 0.899473500E+00 0.129557820E+01
 0.877566500E+00 0.131749860E+01 0.855244300E+00 0.134824120E+01 0.839194600E+00
 0.138268090E+01 0.827573000E+00 0.141463040E+01 0.822887360E+00 0.144122030E+01
 0.820691350E+00 0.147264350E+01 0.821022750E+00 0.149164060E+01 0.822677700E+00
 0.151056830E+01 0.826062560E+00 0.152415240E+01 0.833481900E+00 0.154164210E+01
 0.851322350E+00 0.156306870E+01 0.867681200E+00 0.157627360E+01 0.883387860E+00
 0.158566430E+01 0.899143000E+00 0.159018470E+01 0.905686400E+00 0.159096230E+01
 0.947502500E+00 0.159101410E+01 0.105528350E+01 0.158630620E+01 0.105537410E+01
 0.158644830E+01 0.119631650E+01 0.158029800E+01 0.119622210E+01 0.158014990E+01
 0.137989190E+01 0.157212700E+01 0.137999130E+01 0.157228290E+01 0.156441580E+01
 0.156423520E+01
    0
