EFIT++      MAST # 47052 # 720ms                   0  65  65
 0.194000000E+01 0.440000000E+01 0.800000000E+00 0.600000000E-01 0.000000000E+00
 0.981419434E+00 0.909505986E-03-0.655526616E-01 0.630853105E-02-0.655244215E+00
 0.740452999E+06-0.655526616E-01 0.000000000E+00 0.981419434E+00 0.000000000E+00
 0.909505986E-03 0.000000000E+00 0.630853105E-02 0.000000000E+00 0.000000000E+00
-0.544209265E+00-0.543725648E+00-0.543243277E+00-0.542762345E+00-0.542283047E+00
-0.541805577E+00-0.541330133E+00-0.540856911E+00-0.540386107E+00-0.539917920E+00
-0.539452548E+00-0.538990191E+00-0.538531048E+00-0.538075320E+00-0.537623207E+00
-0.537174913E+00-0.536730638E+00-0.536290586E+00-0.535854960E+00-0.535423965E+00
-0.534997804E+00-0.534576683E+00-0.534160808E+00-0.533750384E+00-0.533345618E+00
-0.532946716E+00-0.532553888E+00-0.532167339E+00-0.531787279E+00-0.531413916E+00
-0.531047459E+00-0.530688117E+00-0.530336099E+00-0.529991616E+00-0.529654878E+00
-0.529326094E+00-0.529005475E+00-0.528693232E+00-0.528389574E+00-0.528094714E+00
-0.527808861E+00-0.527532226E+00-0.527265020E+00-0.527007454E+00-0.526759738E+00
-0.526522083E+00-0.526294698E+00-0.526077793E+00-0.525871579E+00-0.525676264E+00
-0.525492059E+00-0.525319170E+00-0.525157806E+00-0.525008176E+00-0.524870486E+00
-0.524744942E+00-0.524631751E+00-0.524531118E+00-0.524443247E+00-0.524368342E+00
-0.524306605E+00-0.524258240E+00-0.524223446E+00-0.524202423E+00-0.524195372E+00
 0.265623978E+05 0.259430190E+05 0.253237472E+05 0.247048912E+05 0.240867596E+05
 0.234696612E+05 0.228539046E+05 0.222397987E+05 0.216276520E+05 0.210177734E+05
 0.204104714E+05 0.198060549E+05 0.192048325E+05 0.186071129E+05 0.180132049E+05
 0.174234171E+05 0.168380583E+05 0.162574372E+05 0.156818624E+05 0.151116428E+05
 0.145470869E+05 0.139885036E+05 0.134362015E+05 0.128904893E+05 0.123516757E+05
 0.118200695E+05 0.112959794E+05 0.107797140E+05 0.102715821E+05 0.977189240E+04
 0.928095358E+04 0.879907437E+04 0.832656347E+04 0.786372959E+04 0.741088144E+04
 0.696832773E+04 0.653637718E+04 0.611533848E+04 0.570552035E+04 0.530723150E+04
 0.492078064E+04 0.454647647E+04 0.418462771E+04 0.383554306E+04 0.349953124E+04
 0.317690095E+04 0.286796090E+04 0.257301980E+04 0.229238637E+04 0.202636930E+04
 0.177527732E+04 0.153941912E+04 0.131910342E+04 0.111463892E+04 0.926334348E+03
 0.754498397E+03 0.599439780E+03 0.461467207E+03 0.340889387E+03 0.238015029E+03
 0.153152843E+03 0.866115382E+02 0.386998232E+02 0.972640733E+01 0.000000000E+00
-0.234667827E+00-0.233903097E+00-0.233046242E+00-0.232097261E+00-0.231056155E+00
-0.229922923E+00-0.228697565E+00-0.227380082E+00-0.225970474E+00-0.224468740E+00
-0.222874880E+00-0.221188895E+00-0.219410784E+00-0.217540547E+00-0.215578186E+00
-0.213523698E+00-0.211377085E+00-0.209138346E+00-0.206807482E+00-0.204384492E+00
-0.201869377E+00-0.199262136E+00-0.196562770E+00-0.193771278E+00-0.190887660E+00
-0.187911917E+00-0.184844049E+00-0.181684054E+00-0.178431935E+00-0.175087689E+00
-0.171651318E+00-0.168122822E+00-0.164502200E+00-0.160789452E+00-0.156984579E+00
-0.153087580E+00-0.149098456E+00-0.145017206E+00-0.140843831E+00-0.136578330E+00
-0.132220704E+00-0.127770952E+00-0.123229074E+00-0.118595071E+00-0.113868942E+00
-0.109050688E+00-0.104140308E+00-0.991378025E-01-0.940431715E-01-0.888564150E-01
-0.835775329E-01-0.782065253E-01-0.727433921E-01-0.671881333E-01-0.615407490E-01
-0.558012391E-01-0.499696037E-01-0.440458427E-01-0.380299561E-01-0.319219440E-01
-0.257218063E-01-0.194295431E-01-0.130451543E-01-0.656863991E-02 0.000000000E+00
-0.551578426E+06-0.551620568E+06-0.551387772E+06-0.550880037E+06-0.550097365E+06
-0.549039754E+06-0.547707204E+06-0.546099717E+06-0.544217291E+06-0.542059927E+06
-0.539627625E+06-0.536920385E+06-0.533938206E+06-0.530681089E+06-0.527149034E+06
-0.523342040E+06-0.519260108E+06-0.514903239E+06-0.510271430E+06-0.505364684E+06
-0.500182999E+06-0.494726376E+06-0.488994815E+06-0.482988315E+06-0.476706878E+06
-0.470150502E+06-0.463319187E+06-0.456212935E+06-0.448831744E+06-0.441175615E+06
-0.433244548E+06-0.425038542E+06-0.416557598E+06-0.407801716E+06-0.398770896E+06
-0.389465138E+06-0.379884441E+06-0.370028806E+06-0.359898232E+06-0.349492721E+06
-0.338812271E+06-0.327856883E+06-0.316626557E+06-0.305121292E+06-0.293341089E+06
-0.281285948E+06-0.268955869E+06-0.256350851E+06-0.243470896E+06-0.230316002E+06
-0.216886169E+06-0.203181399E+06-0.189201690E+06-0.174947043E+06-0.160417457E+06
-0.145612934E+06-0.130533472E+06-0.115179072E+06-0.995497334E+05-0.836454568E+05
-0.674662420E+05-0.510120889E+05-0.342829975E+05-0.172789679E+05 0.000000000E+00
-2.409187364e-05-5.320246072e-05-9.143295660e-05-1.361001912e-04-1.837036705e-04
-2.299166519e-04-2.695580267e-04-2.965035168e-04-2.928996351e-04-2.282546011e-04
-1.152991361e-04 5.267194037e-05 2.930390829e-04 6.171494088e-04 1.040937578e-03
 1.576185498e-03 2.220873243e-03 2.983795901e-03 3.856004511e-03 4.833988832e-03
 5.904392825e-03 7.038407789e-03 8.214346852e-03 9.383729110e-03 1.051607688e-02
 1.157785196e-02 1.254755714e-02 1.343559968e-02 1.424045087e-02 1.499443120e-02
 1.571001646e-02 1.640326302e-02 1.709709412e-02 1.778358340e-02 1.848602647e-02
 1.919262900e-02 1.990844143e-02 2.063866528e-02 2.136499306e-02 2.212932524e-02
 2.289264433e-02 2.367319086e-02 2.447041306e-02 2.525886233e-02 2.607998969e-02
 2.688506888e-02 2.770806421e-02 2.853344133e-02 2.934491507e-02 3.018329506e-02
 3.099128762e-02 3.181883481e-02 3.262996701e-02 3.342161869e-02 3.422355961e-02
 3.497363165e-02 3.572326897e-02 3.642115733e-02 3.705479884e-02 3.765348769e-02
 3.813812148e-02 3.856794379e-02 3.889665608e-02 3.912440672e-02 3.931775008e-02
-4.700317288e-05-1.051327002e-04-1.840272668e-04-2.808878095e-04-3.919944448e-04
-5.127021332e-04-6.374654936e-04-7.572223808e-04-8.516769038e-04-8.724634997e-04
-8.451601427e-04-7.585762140e-04-5.987415749e-04-3.722038714e-04 7.209288108e-05
 6.634601880e-04 1.404722595e-03 2.309267657e-03 3.386926453e-03 4.638839591e-03
 6.054709240e-03 7.606856940e-03 9.236185188e-03 1.085343420e-02 1.235170909e-02
 1.364000775e-02 1.468294315e-02 1.551176731e-02 1.619706473e-02 1.681033403e-02
 1.740286547e-02 1.800417565e-02 1.862839134e-02 1.928067121e-02 1.996156200e-02
 2.066950190e-02 2.140221800e-02 2.215753722e-02 2.293381329e-02 2.372968844e-02
 2.454357012e-02 2.537367033e-02 2.621813806e-02 2.707513234e-02 2.794288047e-02
 2.881967436e-02 2.970394649e-02 3.059428340e-02 3.148946874e-02 3.238851027e-02
 3.329057186e-02 3.419491304e-02 3.510062053e-02 3.600621111e-02 3.690893073e-02
 3.780364160e-02 3.868119154e-02 3.952618431e-02 4.031486580e-02 4.101485035e-02
 4.158982930e-02 4.201089340e-02 4.226873438e-02 4.237629916e-02 4.236326399e-02
-7.492826794e-05-1.686554046e-04-2.978571407e-04-4.598974547e-04-6.509612926e-04
-8.657354211e-04-1.097034878e-03-1.333442072e-03-1.548985873e-03-1.741909424e-03
-1.869482092e-03-1.912832967e-03-1.869196791e-03-1.704582457e-03-1.367838288e-03
-8.138045606e-04-3.519665227e-05 9.916220453e-04 2.293553730e-03 3.894240410e-03
 5.814357101e-03 8.066302234e-03 1.061771290e-02 1.331057524e-02 1.573326747e-02
 1.740141218e-02 1.818619569e-02 1.842526676e-02 1.855121300e-02 1.876546761e-02
 1.910532811e-02 1.955842687e-02 2.010364317e-02 2.072182692e-02 2.139786483e-02
 2.212045255e-02 2.288135917e-02 2.367466878e-02 2.449610544e-02 2.534245482e-02
 2.621110335e-02 2.709971887e-02 2.800606664e-02 2.892793295e-02 2.986313051e-02
 3.080956763e-02 3.176536582e-02 3.272901130e-02 3.369952455e-02 3.467663238e-02
 3.566092601e-02 3.665398522e-02 3.765843748e-02 3.867789097e-02 3.971660758e-02
 4.077861070e-02 4.186552914e-02 4.297158984e-02 4.407234640e-02 4.510213983e-02
 4.592904068e-02 4.639725574e-02 4.646556506e-02 4.624957154e-02 4.590276695e-02
-1.069072428e-04-2.419294085e-04-4.304765894e-04-6.710665156e-04-9.610305604e-04
-1.295988848e-03-1.669246651e-03-2.068568969e-03-2.472763527e-03-2.871906053e-03
-3.233395740e-03-3.521150411e-03-3.711443195e-03-3.759836296e-03-3.612752567e-03
-3.212973707e-03-2.505048491e-03-1.439248634e-03 2.671689759e-05 1.930958158e-03
 4.323900181e-03 7.320002378e-03 1.112059735e-02 1.637128587e-02 2.208918398e-02
 2.439268599e-02 2.322819525e-02 2.089675851e-02 2.015628413e-02 2.005091102e-02
 2.028772962e-02 2.073063237e-02 2.130660309e-02 2.197313500e-02 2.270445594e-02
 2.348472328e-02 2.430422635e-02 2.515705285e-02 2.603954896e-02 2.694926004e-02
 2.788419995e-02 2.884237206e-02 2.982149839e-02 3.081892661e-02 3.183168789e-02
 3.285667854e-02 3.389093722e-02 3.493198904e-02 3.597823119e-02 3.702934241e-02
 3.808671353e-02 3.915391785e-02 4.023727326e-02 4.134659544e-02 4.249631718e-02
 4.370727649e-02 4.500970812e-02 4.644844859e-02 4.809289157e-02 5.007276804e-02
 5.262634424e-02 5.333027947e-02 5.196769271e-02 5.053348247e-02 4.946319336e-02
-1.398402551e-04-3.184202119e-04-5.714160325e-04-9.003046962e-04-1.305726875e-03
-1.786687457e-03-2.339658099e-03-2.954923945e-03-3.615632295e-03-4.312755452e-03
-5.023835993e-03-5.702737633e-03-6.317065781e-03-6.807848473e-03-7.089436564e-03
-7.055335885e-03-6.592562961e-03-5.607770406e-03-4.052730600e-03-1.931871689e-03
 7.134939647e-04 3.825841438e-03 7.323038129e-03 1.100514458e-02 1.434606371e-02
 1.671469309e-02 1.800137511e-02 1.870751538e-02 1.928630265e-02 1.991259335e-02
 2.061336677e-02 2.137575291e-02 2.218263788e-02 2.302132156e-02 2.388448131e-02
 2.476915693e-02 2.567537059e-02 2.660482767e-02 2.755981351e-02 2.854231033e-02
 2.955333924e-02 3.059253181e-02 3.165793622e-02 3.274605749e-02 3.385211907e-02
 3.497051582e-02 3.609541151e-02 3.722142180e-02 3.834432131e-02 3.946172333e-02
 4.057370636e-02 4.168340193e-02 4.279761593e-02 4.392763624e-02 4.509050507e-02
 4.631126285e-02 4.762714642e-02 4.909582777e-02 5.081253400e-02 5.294146255e-02
 5.558901844e-02 5.637649440e-02 5.483298945e-02 5.308251212e-02 5.186738801e-02
-1.666577339e-04-3.828891997e-04-6.953602526e-04-1.111500320e-03-1.638596531e-03
-2.282361791e-03-3.045721385e-03-3.927497985e-03-4.906811918e-03-5.992355432e-03
-7.172227999e-03-8.420754299e-03-9.718235945e-03-1.102648970e-02-1.223111832e-02
-1.310447041e-02-1.330751957e-02-1.252332078e-02-1.065853449e-02-7.903009751e-03
-4.589730251e-03-1.020166001e-03 2.585974474e-03 6.056011105e-03 9.238551767e-03
 1.202228934e-02 1.437302151e-02 1.633717344e-02 1.800188805e-02 1.945128267e-02
 2.074766431e-02 2.193301977e-02 2.303662233e-02 2.408129309e-02 2.508688318e-02
 2.607166362e-02 2.705251818e-02 2.804455762e-02 2.906050466e-02 3.011003826e-02
 3.119921869e-02 3.233009827e-02 3.350061564e-02 3.470484850e-02 3.593365294e-02
 3.717565656e-02 3.841851134e-02 3.965026453e-02 4.086068105e-02 4.204235452e-02
 4.319148131e-02 4.430823577e-02 4.539675757e-02 4.646480993e-02 4.752314846e-02
 4.858448829e-02 4.966152725e-02 5.076234329e-02 5.187823303e-02 5.295008404e-02
 5.379707464e-02 5.414707787e-02 5.396325468e-02 5.347135650e-02 5.288067720e-02
-1.733683464e-04-4.049727942e-04-7.515323748e-04-1.231959404e-03-1.866407096e-03
-2.673076997e-03-3.664683139e-03-4.842679980e-03-6.196617742e-03-7.722616786e-03
-9.416242540e-03-1.129094444e-02-1.340693609e-02-1.592784434e-02-1.909518226e-02
-2.280863890e-02-2.585108289e-02-2.554504827e-02-2.156277294e-02-1.563628940e-02
-1.006999960e-02-5.110569129e-03-6.531716954e-04 3.380808773e-03 7.028032488e-03
 1.030209322e-02 1.321162604e-02 1.577102574e-02 1.800350532e-02 1.993973647e-02
 2.161562583e-02 2.307070586e-02 2.434686720e-02 2.548690383e-02 2.653284855e-02
 2.752440779e-02 2.849772426e-02 2.948443934e-02 3.051085748e-02 3.159703444e-02
 3.275577953e-02 3.399177271e-02 3.530112782e-02 3.667171246e-02 3.808437655e-02
 3.951503396e-02 4.093736745e-02 4.232581079e-02 4.365838424e-02 4.491892355e-02
 4.609830054e-02 4.719442402e-02 4.821108573e-02 4.915594371e-02 5.003798679e-02
 5.086467493e-02 5.163869762e-02 5.235415559e-02 5.299241396e-02 5.351976700e-02
 5.389246599e-02 5.407574766e-02 5.407276225e-02 5.394467878e-02 5.372806852e-02
-1.342692880e-04-3.278754285e-04-6.431078453e-04-1.121068035e-03-1.808744094e-03
-2.752229125e-03-3.987852098e-03-5.529347451e-03-7.351809430e-03-9.403852990e-03
-1.158640881e-02-1.381573940e-02-1.608579752e-02-1.866278957e-02-2.204170855e-02
-2.684648429e-02-3.192249791e-02-3.168871687e-02-2.608362722e-02-1.767995362e-02
-1.120828094e-02-5.754843633e-03-9.402840684e-04 3.419713305e-03 7.410789616e-03
 1.106304581e-02 1.437380605e-02 1.732362241e-02 1.989126924e-02 2.206827817e-02
 2.386963021e-02 2.533656162e-02 2.653083244e-02 2.752426600e-02 2.838889948e-02
 2.919099361e-02 2.998900932e-02 3.083377905e-02 3.176879370e-02 3.282916068e-02
 3.403888269e-02 3.540732089e-02 3.692648746e-02 3.857063881e-02 4.029864270e-02
 4.205859455e-02 4.379384618e-02 4.544980539e-02 4.698082492e-02 4.835594001e-02
 4.956178748e-02 5.060161599e-02 5.149082141e-02 5.225081490e-02 5.290325199e-02
 5.346582725e-02 5.394984743e-02 5.435930940e-02 5.469128823e-02 5.493774220e-02
 5.508879201e-02 5.513217810e-02 5.513193911e-02 5.505225554e-02 5.489790040e-02
-8.060529519e-06-5.503697747e-05-1.941013804e-04-5.058235731e-04-1.095209838e-03
-2.076362075e-03-3.549364932e-03-5.587042830e-03-8.226803132e-03-1.144763724e-02
-1.480711975e-02-1.738295547e-02-1.867756045e-02-1.896360950e-02-1.907312961e-02
-1.912209718e-02-1.867112095e-02-1.719497148e-02-1.450319628e-02-1.086310993e-02
-6.734793761e-03-2.449498775e-03 1.838676221e-03 6.068849433e-03 1.020565381e-02
 1.419983212e-02 1.796456919e-02 2.136882240e-02 2.426148529e-02 2.652907415e-02
 2.815362876e-02 2.922495813e-02 2.989760398e-02 3.033101428e-02 3.065436288e-02
 3.096239549e-02 3.132698043e-02 3.181111548e-02 3.247854556e-02 3.339466061e-02
 3.461630614e-02 3.617390866e-02 3.805629492e-02 4.020773873e-02 4.253728603e-02
 4.493229706e-02 4.726994379e-02 4.942888212e-02 5.130660546e-02 5.284066463e-02
 5.402208755e-02 5.489007363e-02 5.551029534e-02 5.595077707e-02 5.626693314e-02
 5.649716669e-02 5.666461501e-02 5.678090093e-02 5.684987098e-02 5.687077788e-02
 5.684093163e-02 5.675946229e-02 5.666747165e-02 5.654037686e-02 5.636216318e-02
 2.461351486e-04 5.275047405e-04 8.530880444e-04 1.110995913e-03 1.062265991e-03
 3.328725531e-04-1.282166567e-03-3.752813329e-03-7.165246648e-03-1.193863781e-02
-1.792553932e-02-2.125050081e-02-2.112246885e-02-1.769113135e-02-1.533886986e-02
-1.355755048e-02-1.184129187e-02-9.885688241e-03-7.530913340e-03-4.735092235e-03
-1.531809546e-03 2.021074525e-03 5.877899675e-03 1.001820079e-02 1.444019301e-02
 1.913312188e-02 2.400483959e-02 2.872456813e-02 3.259992626e-02 3.495321597e-02
 3.565121305e-02 3.525387154e-02 3.444296231e-02 3.364329888e-02 3.297325214e-02
 3.246048211e-02 3.211084693e-02 3.192645843e-02 3.198986910e-02 3.244556201e-02
 3.351294169e-02 3.535294011e-02 3.795211167e-02 4.114577145e-02 4.469154330e-02
 4.837150662e-02 5.196320323e-02 5.518690086e-02 5.773856769e-02 5.941616630e-02
 6.025916250e-02 6.051312553e-02 6.045506632e-02 6.027167450e-02 6.005335883e-02
 5.983778473e-02 5.963452696e-02 5.944200274e-02 5.925491369e-02 5.906555932e-02
 5.886767672e-02 5.865841925e-02 5.846451951e-02 5.826144484e-02 5.803882902e-02
 5.959235318e-04 1.361866986e-03 2.469514271e-03 3.994131295e-03 5.904607875e-03
 5.903490893e-03 3.395844925e-03 6.365259019e-04-2.275718774e-03-5.408952219e-03
-8.357554935e-03-1.032331403e-02-1.085028572e-02-1.018505896e-02-9.021529930e-03
-7.670989318e-03-6.148946033e-03-4.398684704e-03-2.360947790e-03 7.577635865e-06
 2.735520298e-03 5.847778781e-03 9.381238784e-03 1.340444580e-02 1.804698186e-02
 2.355796316e-02 3.045637759e-02 4.002265046e-02 4.921384023e-02 5.201735991e-02
 4.803965382e-02 4.182931046e-02 3.827915866e-02 3.600174652e-02 3.441509139e-02
 3.320860911e-02 3.216897280e-02 3.110718041e-02 2.983075615e-02 2.831909002e-02
 2.810704944e-02 3.043318036e-02 3.509666960e-02 4.091113377e-02 4.667821958e-02
 5.254385945e-02 5.877381898e-02 6.512666068e-02 6.970931076e-02 7.124245801e-02
 6.954786638e-02 6.741542112e-02 6.582916351e-02 6.467398827e-02 6.380548525e-02
 6.312739757e-02 6.257710822e-02 6.211194917e-02 6.170729456e-02 6.134098089e-02
 6.100394571e-02 6.069017647e-02 6.039440251e-02 6.009972612e-02 5.979403490e-02
 9.134176989e-04 2.097631391e-03 3.818199970e-03 6.144538302e-03 8.893175807e-03
 9.442875300e-03 7.209637982e-03 4.901598227e-03 2.774784852e-03 8.533809479e-04
-7.881957426e-04-2.034592496e-03-2.776814789e-03-3.001003001e-03-2.766989564e-03
-2.150144500e-03-1.201765655e-03 5.676589969e-05 1.624676985e-03 3.512496482e-03
 5.737445280e-03 8.323496072e-03 1.130495825e-02 1.473247074e-02 1.867980081e-02
 2.324467722e-02 2.850669236e-02 3.424465124e-02 3.908413042e-02 4.132878060e-02
 4.072005129e-02 3.863696671e-02 3.665338538e-02 3.511378895e-02 3.394993178e-02
 3.302585446e-02 3.218739082e-02 3.124208150e-02 2.990275360e-02 2.768272278e-02
 2.680866702e-02 2.934772407e-02 3.549538155e-02 4.247000512e-02 4.889809431e-02
 5.536268924e-02 6.244362312e-02 7.067199882e-02 7.598507844e-02 7.709431825e-02
 7.393789566e-02 7.102423067e-02 6.908962111e-02 6.771178501e-02 6.666676619e-02
 6.583241290e-02 6.513843439e-02 6.454209801e-02 6.401603771e-02 6.354187177e-02
 6.310667517e-02 6.270076683e-02 6.231615105e-02 6.194593674e-02 6.158739301e-02
 1.135502301e-03 2.593096050e-03 4.676745325e-03 7.422456509e-03 1.061052238e-02
 1.155365295e-02 9.551744188e-03 7.891519471e-03 6.420747838e-03 5.087921729e-03
 3.908539963e-03 2.948565354e-03 2.258109143e-03 1.866941400e-03 1.784380734e-03
 2.006444919e-03 2.524550036e-03 3.331498789e-03 4.423844380e-03 5.801780029e-03
 7.467902728e-03 9.425437081e-03 1.167553067e-02 1.421215093e-02 1.701173475e-02
 2.001338303e-02 2.308738091e-02 2.600553345e-02 2.845537761e-02 3.027261513e-02
 3.138844231e-02 3.188988519e-02 3.204322675e-02 3.207098891e-02 3.210932826e-02
 3.222560825e-02 3.245262504e-02 3.282499098e-02 3.342688452e-02 3.445170967e-02
 3.619874465e-02 3.890590192e-02 4.255869876e-02 4.689105292e-02 5.157036336e-02
 5.632761846e-02 6.090343989e-02 6.493644973e-02 6.798891440e-02 6.979277085e-02
 7.044340360e-02 7.032251975e-02 6.981881378e-02 6.916864872e-02 6.848454645e-02
 6.781509430e-02 6.717974824e-02 6.658472586e-02 6.603002297e-02 6.551264544e-02
 6.502819491e-02 6.457169235e-02 6.413804227e-02 6.372238745e-02 6.332322525e-02
 1.282097723e-03 2.917382902e-03 5.235323008e-03 8.257391314e-03 1.173041962e-02
 1.295714066e-02 1.136620392e-02 1.008282550e-02 8.980797964e-03 7.927055898e-03
 6.971616324e-03 6.151713026e-03 5.499616284e-03 5.040832524e-03 4.793420815e-03
 4.768821511e-03 4.973559713e-03 5.410973095e-03 6.082336306e-03 6.987149476e-03
 8.122556844e-03 9.481904739e-03 1.105236310e-02 1.281149427e-02 1.472288325e-02
 1.673176288e-02 1.876321099e-02 2.072741711e-02 2.253564692e-02 2.411263882e-02
 2.551632001e-02 2.672790785e-02 2.778880323e-02 2.878262736e-02 2.978688835e-02
 3.087466151e-02 3.211525885e-02 3.357861225e-02 3.533994505e-02 3.747783082e-02
 4.005960544e-02 4.311560403e-02 4.661341280e-02 5.044845711e-02 5.445378583e-02
 5.841848178e-02 6.210892057e-02 6.529849756e-02 6.780959213e-02 6.955687822e-02
 7.056852651e-02 7.096756087e-02 7.092143067e-02 7.059046228e-02 7.009953645e-02
 6.953356025e-02 6.894488304e-02 6.836307389e-02 6.780303913e-02 6.727074043e-02
 6.676692615e-02 6.628947358e-02 6.583482856e-02 6.539876692e-02 6.497083139e-02
 1.381359479e-03 3.137379295e-03 5.615844945e-03 8.830271516e-03 1.252567482e-02
 1.399908989e-02 1.261020471e-02 1.157723759e-02 1.066297831e-02 9.775321724e-03
 8.937678023e-03 8.177804148e-03 7.521205522e-03 6.990132280e-03 6.603125699e-03
 6.374984199e-03 6.317034065e-03 6.437478142e-03 6.741655163e-03 7.231955861e-03
 7.907406072e-03 8.762933383e-03 9.788397890e-03 1.096757604e-02 1.227745050e-02
 1.368836312e-02 1.516571001e-02 1.667354779e-02 1.818015611e-02 1.966428991e-02
 2.111749374e-02 2.255060052e-02 2.403004664e-02 2.555497864e-02 2.716518355e-02
 2.889051037e-02 3.082704930e-02 3.302351877e-02 3.553952073e-02 3.841566029e-02
 4.164425850e-02 4.524546364e-02 4.921110618e-02 5.348732395e-02 5.795073880e-02
 6.237052215e-02 6.640663606e-02 6.972543856e-02 7.211634298e-02 7.351406020e-02
 7.401074296e-02 7.385551119e-02 7.334119850e-02 7.267258164e-02 7.195922054e-02
 7.125485884e-02 7.058419107e-02 6.995663156e-02 6.937344064e-02 6.883160256e-02
 6.832601673e-02 6.785075731e-02 6.739980202e-02 6.696758773e-02 6.655483558e-02
 1.451795205e-03 3.293795488e-03 5.886884287e-03 9.238432192e-03 1.308976258e-02
 1.472779137e-02 1.348675388e-02 1.256839492e-02 1.176725571e-02 1.095265755e-02
 1.014883784e-02 9.379344011e-03 8.666289134e-03 8.029768348e-03 7.487597904e-03
 7.055290138e-03 6.746150675e-03 6.571504778e-03 6.540803681e-03 6.661284382e-03
 6.937514429e-03 7.370960119e-03 7.959612624e-03 8.697779043e-03 9.576240738e-03
 1.058307192e-02 1.170518883e-02 1.292981221e-02 1.424639937e-02 1.564873301e-02
 1.713673791e-02 1.871745860e-02 2.040582080e-02 2.223169958e-02 2.421996545e-02
 2.639116900e-02 2.879991461e-02 3.148972638e-02 3.450466839e-02 3.788199485e-02
 4.164601335e-02 4.584425813e-02 5.053755419e-02 5.580346759e-02 6.176073424e-02
 6.877392298e-02 7.521286516e-02 7.980701499e-02 8.234371503e-02 8.268989830e-02
 8.088286955e-02 7.812412708e-02 7.623199667e-02 7.478434153e-02 7.363740368e-02
 7.270358449e-02 7.192435117e-02 7.125897997e-02 7.067817894e-02 7.016022996e-02
 6.968859416e-02 6.925038097e-02 6.883532375e-02 6.843498518e-02 6.803834285e-02
 1.505072784e-03 3.413084019e-03 6.095900692e-03 9.557148643e-03 1.351959791e-02
 1.525260638e-02 1.414576615e-02 1.329787255e-02 1.251706776e-02 1.168693561e-02
 1.083573761e-02 9.986688045e-03 9.159819703e-03 8.372993476e-03 7.642421809e-03
 6.982973270e-03 6.408494350e-03 5.931906444e-03 5.568599633e-03 5.332883369e-03
 5.236922377e-03 5.290553590e-03 5.500974742e-03 5.872297676e-03 6.404873940e-03
 7.095801612e-03 7.946394712e-03 8.956591197e-03 1.012589783e-02 1.145449360e-02
 1.294482687e-02 1.460315647e-02 1.643933501e-02 1.846657928e-02 2.070159275e-02
 2.316472230e-02 2.588040896e-02 2.887691828e-02 3.218683064e-02 3.584949309e-02
 3.991608891e-02 4.445658124e-02 4.956839526e-02 5.539483418e-02 6.215711605e-02
 7.012960661e-02 7.736326253e-02 8.223070480e-02 8.475796280e-02 8.488013530e-02
 8.250369071e-02 7.920078424e-02 7.693967255e-02 7.535426126e-02 7.419928493e-02
 7.332745650e-02 7.264566560e-02 7.209263723e-02 7.162674223e-02 7.121898380e-02
 7.084877898e-02 7.050131262e-02 7.016578538e-02 6.983403489e-02 6.949932820e-02
 1.546254576e-03 3.507085503e-03 6.265918836e-03 9.829994516e-03 1.394725424e-02
 1.590887041e-02 1.497670116e-02 1.400182722e-02 1.307177032e-02 1.211460774e-02
 1.113269865e-02 1.013777512e-02 9.142468374e-03 8.159550511e-03 7.201721495e-03
 6.281622404e-03 5.411876405e-03 4.612446151e-03 3.902977375e-03 3.302616634e-03
 2.829738362e-03 2.501701775e-03 2.334606835e-03 2.343061943e-03 2.540009119e-03
 2.936753813e-03 3.543274997e-03 4.367139754e-03 5.412187369e-03 6.676342792e-03
 8.155648940e-03 9.858525492e-03 1.179006890e-02 1.395418314e-02 1.635695574e-02
 1.900590019e-02 2.190991168e-02 2.507950005e-02 2.852698403e-02 3.226816604e-02
 3.633271862e-02 4.079617738e-02 4.574692949e-02 5.118056693e-02 5.717756674e-02
 6.371536331e-02 6.975407960e-02 7.408744598e-02 7.655810855e-02 7.696391320e-02
 7.608933838e-02 7.521438101e-02 7.444150595e-02 7.382389486e-02 7.334965658e-02
 7.298660680e-02 7.270183487e-02 7.246742259e-02 7.226141511e-02 7.206728976e-02
 7.187305634e-02 7.167038542e-02 7.145390509e-02 7.122074674e-02 7.097179543e-02
 1.573538561e-03 3.569714485e-03 6.380138157e-03 1.001514925e-02 1.421412282e-02
 1.627640425e-02 1.549751738e-02 1.440015740e-02 1.333152247e-02 1.221799893e-02
 1.107053310e-02 9.893704557e-03 8.694265781e-03 7.480468735e-03 6.261545497e-03
 5.047636100e-03 3.859381538e-03 2.718691025e-03 1.648286377e-03 6.714523869e-04
-1.882226291e-04-9.071105239e-04-1.461811985e-03-1.829434724e-03-1.987887532e-03
-1.916215242e-03-1.595064696e-03-1.007327329e-03-1.389811156e-04 1.019987623e-03
 2.474999896e-03 4.225926717e-03 6.262104938e-03 8.555865050e-03 1.111092932e-02
 1.392373983e-02 1.698745944e-02 2.029392542e-02 2.383200383e-02 2.758406124e-02
 3.149815683e-02 3.578767580e-02 4.037436516e-02 4.511099167e-02 4.996010975e-02
 5.468921636e-02 5.901241383e-02 6.269540066e-02 6.559913922e-02 6.772215982e-02
 6.919588488e-02 7.021283475e-02 7.093761419e-02 7.147872047e-02 7.189911390e-02
 7.223217753e-02 7.249418664e-02 7.269248899e-02 7.283034694e-02 7.290958640e-02
 7.293192718e-02 7.289956271e-02 7.281532677e-02 7.268258100e-02 7.250195409e-02
 1.584482695e-03 3.593850414e-03 6.421277916e-03 1.007465193e-02 1.428797946e-02
 1.635010922e-02 1.554562102e-02 1.439931253e-02 1.322094193e-02 1.197614492e-02
 1.066629741e-02 9.297568103e-03 7.876391905e-03 6.409589816e-03 4.904296499e-03
 3.379746065e-03 1.858249895e-03 3.638890948e-04-1.077677935e-03-2.439466608e-03
-3.693429620e-03-4.810738170e-03-5.762086725e-03-6.518029358e-03-7.049361566e-03
-7.327568504e-03-7.325365061e-03-7.017386461e-03-6.381035821e-03-5.397523482e-03
-4.053178681e-03-2.341203343e-03-2.638294394e-04 2.165433072e-03 4.921537581e-03
 7.957836687e-03 1.124014542e-02 1.475349749e-02 1.847542818e-02 2.237942216e-02
 2.643300554e-02 3.063380002e-02 3.490998317e-02 3.938501772e-02 4.391922201e-02
 4.827290578e-02 5.234148564e-02 5.604673647e-02 5.933089281e-02 6.217258100e-02
 6.458717719e-02 6.661583334e-02 6.831017999e-02 6.972017913e-02 7.088812502e-02
 7.184752177e-02 7.262441772e-02 7.323943023e-02 7.370957489e-02 7.404960167e-02
 7.427283585e-02 7.439163261e-02 7.441757280e-02 7.436155468e-02 7.423592185e-02
 1.581060835e-03 3.584836870e-03 6.401913473e-03 1.003731180e-02 1.423595135e-02
 1.628149587e-02 1.535690244e-02 1.413397851e-02 1.285348640e-02 1.147007585e-02
 9.989670112e-03 8.418335866e-03 6.761737308e-03 5.025268249e-03 3.224654175e-03
 1.381816813e-03-4.790023623e-04-2.331325503e-03-4.146624128e-03-5.894538150e-03
-7.543134670e-03-9.059202115e-03-1.040857876e-02-1.155651892e-02-1.246810541e-02
-1.310872420e-02-1.344462674e-02-1.344360653e-02-1.307583539e-02-1.231490766e-02
-1.113914327e-02-9.533205887e-03-7.490116335e-03-5.013592581e-03-2.120997242e-03
 1.153417413e-03 4.756676187e-03 8.608992321e-03 1.265746438e-02 1.687495914e-02
 2.123112162e-02 2.569396830e-02 3.022994940e-02 3.480067334e-02 3.934287408e-02
 4.377738753e-02 4.803060903e-02 5.204034489e-02 5.575802134e-02 5.915034388e-02
 6.219950851e-02 6.490145235e-02 6.726276141e-02 6.929733059e-02 7.102361444e-02
 7.246274936e-02 7.363740048e-02 7.457103730e-02 7.528739134e-02 7.580996571e-02
 7.616156513e-02 7.636386832e-02 7.643707710e-02 7.639964384e-02 7.626735123e-02
 1.567512377e-03 3.553040725e-03 6.342483795e-03 9.938759607e-03 1.406645776e-02
 1.600277076e-02 1.504910335e-02 1.374187169e-02 1.233007629e-02 1.078898564e-02
 9.123188591e-03 7.336431187e-03 5.432132216e-03 3.420574799e-03 1.322452261e-03
-8.387453771e-04-3.036801934e-03-5.242905451e-03-7.425822523e-03-9.552127565e-03
-1.158647741e-02-1.349192531e-02-1.523026947e-02-1.676243432e-02-1.804888701e-02
-1.905009877e-02-1.972706823e-02-2.004193674e-02-1.995873407e-02-1.944430721e-02
-1.846949900e-02-1.701065116e-02-1.505149553e-02-1.258551329e-02-9.618733221e-03
-6.173103823e-03-2.290361198e-03 1.963851601e-03 6.498231434e-03 1.118916441e-02
 1.601050652e-02 2.092778495e-02 2.590347617e-02 3.089488356e-02 3.585328722e-02
 4.072498159e-02 4.545401736e-02 4.998528595e-02 5.426722994e-02 5.825413977e-02
 6.190809165e-02 6.520050102e-02 6.811321787e-02 7.063906944e-02 7.278174952e-02
 7.455498712e-02 7.598102039e-02 7.708853106e-02 7.791030592e-02 7.848093330e-02
 7.883479968e-02 7.900455083e-02 7.902006667e-02 7.890789443e-02 7.869086353e-02
 1.547697588e-03 3.507332018e-03 6.258979061e-03 9.804198497e-03 1.387693966e-02
 1.575672290e-02 1.467578990e-02 1.326297489e-02 1.170594123e-02 9.996555355e-03
 8.136238932e-03 6.126522952e-03 3.970165342e-03 1.685643538e-03-7.052040679e-04
-3.177351558e-03-5.702693450e-03-8.250200027e-03-1.078612860e-02-1.327428479e-02
-1.567632858e-02-1.795211671e-02-2.006007226e-02-2.195757429e-02-2.360136414e-02
-2.494797175e-02-2.595417443e-02-2.657751185e-02-2.677689577e-02-2.651336858e-02
-2.575108142e-02-2.445857853e-02-2.261049108e-02-2.018974239e-02-1.719038294e-02
-1.362108762e-02-9.509305384e-03-4.906015541e-03 1.088615530e-04 5.421246598e-03
 1.088156092e-02 1.643883997e-02 2.206208616e-02 2.771539244e-02 3.335682937e-02
 3.893799186e-02 4.440396314e-02 4.969389009e-02 5.474241238e-02 5.948226619e-02
 6.384827688e-02 6.778257436e-02 7.124030297e-02 7.419462561e-02 7.663973420e-02
 7.859099643e-02 8.008215000e-02 8.116028275e-02 8.187986725e-02 8.229715240e-02
 8.246581338e-02 8.243419037e-02 8.224398062e-02 8.193005387e-02 8.152289453e-02
 1.524489780e-03 3.454164413e-03 6.162726340e-03 9.650708466e-03 1.364764502e-02
 1.543061335e-02 1.425101611e-02 1.272949455e-02 1.102459572e-02 9.143505086e-03
 7.086054374e-03 4.851557179e-03 2.450409727e-03-9.757892426e-05-2.769165944e-03
-5.537675162e-03-8.373100736e-03-1.124228222e-02-1.410914411e-02-1.693499267e-02
-1.967885812e-02-2.229786874e-02-2.474764216e-02-2.698268061e-02-2.895676057e-02
-3.062331380e-02-3.193580620e-02-3.284813381e-02-3.331507079e-02-3.329282312e-02
-3.273976299e-02-3.161744168e-02-2.989199995e-02-2.753611563e-02-2.453163099e-02
-2.087300882e-02-1.657172122e-02-1.166157094e-02-6.204714690e-03-2.981419461e-04
 5.919575053e-03 1.226674737e-02 1.871131944e-02 2.522800846e-02 3.178403085e-02
 3.833623825e-02 4.482798747e-02 5.118602759e-02 5.731850652e-02 6.311602698e-02
 6.845804714e-02 7.322580016e-02 7.731996002e-02 8.067811194e-02 8.328614673e-02
 8.517962941e-02 8.643473755e-02 8.715209384e-02 8.743917988e-02 8.739652563e-02
 8.710996085e-02 8.664825224e-02 8.606411975e-02 8.539670656e-02 8.467118924e-02
 1.499939797e-03 3.398125647e-03 6.061768631e-03 9.490686092e-03 1.340616054e-02
 1.508285007e-02 1.383815258e-02 1.217574893e-02 1.032429306e-02 8.274538208e-03
 6.024508657e-03 3.574191115e-03 9.404590207e-04-1.855926887e-03-4.790407180e-03
-7.834718296e-03-1.095704171e-02-1.412222137e-02-1.729204762e-02-2.042559825e-02
-2.347962272e-02-2.640895135e-02-2.916690997e-02-3.170572094e-02-3.397687505e-02
-3.593146503e-02-3.752048154e-02-3.869508534e-02-3.940688641e-02-3.960828093e-02
-3.925292122e-02-3.829642065e-02-3.669742541e-02-3.441921395e-02-3.143201183e-02
-2.771621966e-02-2.326674366e-02-1.809857347e-02-1.225365953e-02-5.808884876e-03
 1.115490568e-03 8.346589886e-03 1.572965634e-02 2.326188232e-02 3.093294033e-02
 3.872094325e-02 4.658488408e-02 5.445302065e-02 6.220706437e-02 6.966607794e-02
 7.658299897e-02 8.267325884e-02 8.767850821e-02 9.143590466e-02 9.392044147e-02
 9.524893580e-02 9.564378996e-02 9.536637131e-02 9.465273796e-02 9.368187369e-02
 9.257520638e-02 9.140959351e-02 9.023132119e-02 8.906697915e-02 8.793279463e-02
 1.475510352e-03 3.342460658e-03 5.961701817e-03 9.332569918e-03 1.319436262e-02
 1.482207873e-02 1.339890319e-02 1.163091649e-02 9.639068724e-03 7.427969025e-03
 4.994362544e-03 2.344447312e-03-5.036454784e-04-3.527865150e-03-6.702218785e-03
-9.996847729e-03-1.337819353e-02-1.680924737e-02-2.024987427e-02-2.365719816e-02
-2.698602853e-02-3.018930603e-02-3.321854177e-02-3.602422615e-02-3.855618582e-02
-4.076387441e-02-4.259659191e-02-4.400364155e-02-4.493444993e-02-4.533869699e-02
-4.516652812e-02-4.436894992e-02-4.289854500e-02-4.071067774e-02-3.776539946e-02
-3.403029299e-02-2.948451003e-02-2.412423233e-02-1.796970050e-02-1.107379148e-02
-3.531841835e-03 4.508434286e-03 1.283828051e-02 2.142526584e-02 3.030154062e-02
 3.950063533e-02 4.905233434e-02 5.896949103e-02 6.921521651e-02 7.961976842e-02
 8.969759347e-02 9.854246286e-02 1.052738678e-01 1.094319775e-01 1.109658400e-01
 1.102717825e-01 1.081865893e-01 1.055834568e-01 1.029441864e-01 1.004536655e-01
 9.816726325e-02 9.608854572e-02 9.420116944e-02 9.248242597e-02 9.090909594e-02
 1.452314395e-03 3.289656253e-03 5.866881204e-03 9.182805895e-03 1.295816174e-02
 1.446679481e-02 1.301240283e-02 1.111963214e-02 8.997119955e-03 6.637529420e-03
 4.036329410e-03 1.205925189e-03-1.834709499e-03-5.062413919e-03-8.449884276e-03
-1.196579396e-02-1.557500023e-02-1.923883706e-02-2.291548541e-02-2.656040496e-02
-3.012680489e-02-3.356612695e-02-3.682851173e-02-3.986321880e-02-4.261897535e-02
-4.504423388e-02-4.708732969e-02-4.869654236e-02-4.982008238e-02-5.040604531e-02
-5.040240129e-02-4.975711811e-02-4.841855173e-02-4.633627883e-02-4.346258997e-02
-3.975490438e-02-3.517939973e-02-2.971615562e-02-2.336606387e-02-1.615961786e-02
-8.167416541e-03 4.881248517e-04 9.621109959e-03 1.910312980e-02 2.901377811e-02
 3.945912279e-02 5.058465930e-02 6.259575186e-02 7.579451823e-02 9.066782351e-02
 1.082440835e-01 1.236158062e-01 1.338369941e-01 1.383083928e-01 1.368424494e-01
 1.304120650e-01 1.215837267e-01 1.150752653e-01 1.099794900e-01 1.058667361e-01
 1.024711594e-01 9.961217912e-02 9.716198712e-02 9.502782610e-02 9.314005442e-02
 1.431248675e-03 3.241732029e-03 5.780889482e-03 9.047187419e-03 1.276467889e-02
 1.420880683e-02 1.265510137e-02 1.065869613e-02 8.419498637e-03 5.927422082e-03
 3.179746770e-03 1.920539410e-04-3.015739149e-03-6.419381278e-03-9.990344242e-03
-1.369596948e-02-1.749970934e-02-2.136146031e-02-2.523797714e-02-2.908334938e-02
-3.284951501e-02-3.648678079e-02-3.994431669e-02-4.317059184e-02-4.611372258e-02
-4.872171046e-02-5.094255725e-02-5.272425836e-02-5.401469244e-02-5.476144621e-02
-5.491163872e-02-5.441183982e-02-5.320821369e-02-5.124706110e-02-4.847598186e-02
-4.484592882e-02-4.031446835e-02-3.485058350e-02-2.844132748e-02-2.110051594e-02
-1.287937569e-02-3.878539532e-03 5.740006411e-03 1.574496132e-02 2.620135168e-02
 3.723047673e-02 4.900742776e-02 6.179108428e-02 7.597656678e-02 9.218662461e-02
 1.118439948e-01 1.275082619e-01 1.423964573e-01 1.452113846e-01 1.428380613e-01
 1.352597931e-01 1.249728081e-01 1.175772366e-01 1.119352384e-01 1.074942894e-01
 1.038984381e-01 1.009134918e-01 9.838074300e-02 9.618956520e-02 9.426315848e-02
 1.413034109e-03 3.200315341e-03 5.706619922e-03 8.930156463e-03 1.260428127e-02
 1.400202722e-02 1.232900648e-02 1.026217160e-02 7.923663572e-03 5.318572576e-03
 2.448235007e-03-6.709033941e-04-4.018007667e-03-7.567817222e-03-1.129071056e-02
-1.515287108e-02-1.911655655e-02-2.314046715e-02-2.718019860e-02-3.118875921e-02
-3.511712261e-02-3.891478327e-02-4.253027926e-02-4.591164693e-02-4.900677617e-02
-5.176364155e-02-5.413039506e-02-5.605532004e-02-5.748666256e-02-5.837237779e-02
-5.865985379e-02-5.829570574e-02-5.722576994e-02-5.539547131e-02-5.275078828e-02
-4.924009529e-02-4.481721705e-02-3.944606843e-02-3.310725633e-02-2.580694756e-02
-1.758811396e-02-8.543905179e-03 1.167680594e-03 1.130903248e-02 2.175943665e-02
 3.258532203e-02 4.386660859e-02 5.569577792e-02 6.816702240e-02 8.132474914e-02
 9.479760051e-02 1.065107888e-01 1.156397388e-01 1.209843617e-01 1.221083231e-01
 1.196409512e-01 1.153765155e-01 1.113342756e-01 1.078068765e-01 1.047578360e-01
 1.021115078e-01 9.979343030e-02 9.773964118e-02 9.589794571e-02 9.422381174e-02
 1.398230491e-03 3.166670499e-03 5.646321128e-03 8.835116715e-03 1.245138526e-02
 1.376551574e-02 1.209866858e-02 9.942566181e-03 7.523751789e-03 4.828353935e-03
 1.860523391e-03-1.362698951e-03-4.819757920e-03-8.484581815e-03-1.232666726e-02
-1.631126874e-02-2.039969611e-02-2.454971435e-02-2.871603093e-02-3.285084796e-02
-3.690444900e-02-4.082578574e-02-4.456302695e-02-4.806403297e-02-5.127672288e-02
-5.414930877e-02-5.663038222e-02-5.866885212e-02-6.021375026e-02-6.121394185e-02
-6.161780356e-02-6.137296175e-02-6.042622034e-02-5.872385180e-02-5.621247668e-02
-5.284081472e-02-4.856264847e-02-4.334138560e-02-3.715661572e-02-3.001299302e-02
-2.195158368e-02-1.306342270e-02-3.504362816e-03 6.490787968e-03 1.660789850e-02
 2.683878218e-02 3.715976250e-02 4.751609991e-02 5.779448134e-02 6.778374633e-02
 7.714342687e-02 8.543732196e-02 9.224717789e-02 9.728524683e-02 1.004836954e-01
 1.020369186e-01 1.023425710e-01 1.018473432e-01 1.009038849e-01 9.973568264e-02
 9.846958063e-02 9.717382578e-02 9.588370742e-02 9.461655750e-02 9.338164076e-02
 1.387247801e-03 3.141719621e-03 5.601626141e-03 8.764832613e-03 1.236442116e-02
 1.367362008e-02 1.190163975e-02 9.706337611e-03 7.229493269e-03 4.468302192e-03
 1.429634932e-03-1.869004532e-03-5.405530315e-03-9.153274042e-03-1.308108522e-02
-1.715354033e-02-2.133126314e-02-2.557134975e-02-2.982788283e-02-3.405251119e-02
-3.819506326e-02-4.220415841e-02-4.602777741e-02-4.961375441e-02-5.291015674e-02
-5.586552700e-02-5.842897233e-02-6.055010047e-02-6.217881962e-02-6.326504004e-02
-6.375834052e-02-6.360769299e-02-6.276137499e-02-6.116724313e-02-5.877359225e-02
-5.553088174e-02-5.139466802e-02-4.633012665e-02-4.031855806e-02-3.336620845e-02
-2.551555280e-02-1.685881550e-02-7.552888541e-03 2.166037906e-03 1.197050827e-02
 2.168031378e-02 3.124383406e-02 4.058348833e-02 4.959052307e-02 5.812316709e-02
 6.601319332e-02 7.308476987e-02 7.918376996e-02 8.420919776e-02 8.813612310e-02
 9.102126657e-02 9.298778648e-02 9.419498101e-02 9.480610237e-02 9.496612787e-02
 9.479267232e-02 9.437619443e-02 9.378435212e-02 9.306716506e-02 9.226224966e-02
 1.380364712e-03 3.126081306e-03 5.573610308e-03 8.720706498e-03 1.229030256e-02
 1.355613620e-02 1.179140222e-02 9.559753185e-03 7.047150725e-03 4.245852906e-03
 1.164088396e-03-2.180368522e-03-5.765100931e-03-9.563066315e-03-1.354271038e-02
-1.766818983e-02-2.189970751e-02-2.619395361e-02-3.050463699e-02-3.478308214e-02
-3.897885961e-02-4.304041311e-02-4.691564411e-02-5.055241555e-02-5.389894110e-02
-5.690403401e-02-5.951720111e-02-6.168858172e-02-6.336874926e-02-6.450841407e-02
-6.505809129e-02-6.496782739e-02-6.418711484e-02-6.266516723e-02-6.035177694e-02
-5.719903218e-02-5.316422383e-02-4.821431196e-02-4.233232292e-02-3.552597365e-02
-2.783861474e-02-1.936218299e-02-1.025119168e-02-7.358291420e-04 8.869033492e-03
 1.827220482e-02 2.742089925e-02 3.624663591e-02 4.466634804e-02 5.258588503e-02
 5.990660389e-02 6.653497971e-02 7.239396681e-02 7.743373896e-02 8.163905186e-02
 8.503113063e-02 8.766355217e-02 8.961347718e-02 9.097089909e-02 9.182867408e-02
 9.227510634e-02 9.238955678e-02 9.224062207e-02 9.188603498e-02 9.137158412e-02
 1.377764959e-03 3.120160613e-03 5.562962114e-03 8.703822976e-03 1.226218753e-02
 1.351056541e-02 1.175246575e-02 9.504768863e-03 6.980238423e-03 4.165380107e-03
 1.068903629e-03-2.291256968e-03-5.892529491e-03-9.707715842e-03-1.370510405e-02
-1.784869276e-02-2.209853006e-02-2.641115970e-02-3.074015801e-02-3.503673677e-02
-3.925037941e-02-4.332947354e-02-4.722190024e-02-5.087554171e-02-5.423867350e-02
-5.726021548e-02-5.988982708e-02-6.207784689e-02-6.377509439e-02-6.493257277e-02
-6.550113662e-02-6.543121829e-02-6.467274199e-02-6.317539740e-02-6.088949336e-02
-5.776766620e-02-5.376776869e-02-4.885730256e-02-4.301975477e-02-3.626311697e-02
-2.863065571e-02-2.021358985e-02-1.116466207e-02-1.710640800e-03 7.839352089e-03
 1.715832672e-02 2.619478657e-02 3.488478912e-02 4.315397312e-02 5.092141542e-02
 5.810541080e-02 6.463078508e-02 7.043677658e-02 7.548408045e-02 7.975958224e-02
 8.327771966e-02 8.607821208e-02 8.822080125e-02 8.977830740e-02 9.082948669e-02
 9.145288565e-02 9.172234000e-02 9.170422724e-02 9.145630169e-02 9.103132693e-02
 1.379562110e-03 3.124230106e-03 5.570216734e-03 8.715222769e-03 1.229639893e-02
 1.358573456e-02 1.176019950e-02 9.543943526e-03 7.031292213e-03 4.229158045e-03
 1.146270932e-03-2.199480065e-03-5.785596790e-03-9.584973002e-03-1.356600159e-02
-1.769279421e-02-2.192551523e-02-2.622082258e-02-3.053239936e-02-3.481155095e-02
-3.900783573e-02-4.306969215e-02-4.694502294e-02-5.058169802e-02-5.392794247e-02
-5.693258357e-02-5.954514222e-02-6.171576869e-02-6.339504013e-02-6.453365830e-02
-6.508211100e-02-6.499039077e-02-6.420789969e-02-6.268371260e-02-6.036742049e-02
-5.721083119e-02-5.317085860e-02-4.821397231e-02-4.232258246e-02-3.550366312e-02
-2.779971641e-02-1.930178371e-02-1.016355253e-02-6.146658476e-04 9.029792277e-03
 1.848035058e-02 2.768400764e-02 3.657103483e-02 4.505565248e-02 5.303930556e-02
 6.041747828e-02 6.709012286e-02 7.297432550e-02 7.801645666e-02 8.220054827e-02
 8.555039113e-02 8.812470022e-02 9.000697328e-02 9.129326496e-02 9.208115813e-02
 9.246190590e-02 9.251607784e-02 9.231197770e-02 9.190571354e-02 9.133712576e-02
 1.385752803e-03 3.138295821e-03 5.595422844e-03 8.754861666e-03 1.233509583e-02
 1.360750097e-02 1.188767148e-02 9.679208541e-03 7.200194574e-03 4.436554871e-03
 1.395189859e-03-1.906319072e-03-5.445797319e-03-9.196489019e-03-1.312716040e-02
-1.720231085e-02-2.138249490e-02-2.562474896e-02-2.988310717e-02-3.410918223e-02
-3.825277989e-02-4.226251052e-02-4.608635926e-02-4.967217672e-02-5.296805665e-02
-5.592257473e-02-5.848487343e-02-6.060459236e-02-6.223166073e-02-6.331598980e-02
-6.380712775e-02-6.365396993e-02-6.280465328e-02-6.120680763e-02-5.880838773e-02
-5.555936764e-02-5.141463692e-02-4.633848476e-02-4.031107095e-02-3.333722496e-02
-2.545773570e-02-1.676293017e-02-7.407735300e-03 2.373469068e-03 1.225513632e-02
 2.206046613e-02 3.173983826e-02 4.121580719e-02 5.037594748e-02 5.906889332e-02
 6.711006030e-02 7.430269905e-02 8.047238293e-02 8.550438924e-02 8.937121160e-02
 9.213952570e-02 9.395179547e-02 9.498921286e-02 9.543293729e-02 9.543889897e-02
 9.512932832e-02 9.459503610e-02 9.390170719e-02 9.309642313e-02 9.221532458e-02
 1.396174836e-03 3.161985118e-03 5.637891900e-03 8.821824410e-03 1.244033172e-02
 1.376752758e-02 1.205555081e-02 9.905108790e-03 7.482965947e-03 4.783291071e-03
 1.810949949e-03-1.416920868e-03-4.878666405e-03-8.548109075e-03-1.239463870e-02
-1.638340666e-02-2.047562749e-02-2.462898239e-02-2.879810984e-02-3.293516046e-02
-3.699038591e-02-4.091272660e-02-4.465036077e-02-4.815117789e-02-5.136314338e-02
-5.423452903e-02-5.671399418e-02-5.875051642e-02-6.029318810e-02-6.129091546e-02
-6.169208231e-02-6.144427020e-02-6.049416356e-02-5.878781235e-02-5.627147626e-02
-5.289333287e-02-4.860639040e-02-4.337299255e-02-3.717131459e-02-3.000418926e-02
-2.191041288e-02-1.297829840e-02-3.360582289e-03 6.711095283e-03 1.693011607e-02
 2.729326505e-02 3.778729537e-02 4.836933467e-02 5.893577502e-02 6.927154709e-02
 7.899811664e-02 8.760672573e-02 9.461014358e-02 9.967011335e-02 1.027025934e-01
 1.039387747e-01 1.038583805e-01 1.029924519e-01 1.017346755e-01 1.003132409e-01
 9.884604696e-02 9.739012133e-02 9.597079959e-02 9.459743638e-02 9.327468021e-02
 1.410522240e-03 3.194604346e-03 5.696381630e-03 8.914017001e-03 1.257702372e-02
 1.395923114e-02 1.229687491e-02 1.021681383e-02 7.872882438e-03 5.261664050e-03
 2.384963048e-03-7.406693099e-04-4.094270293e-03-7.650445340e-03-1.137943781e-02
-1.524729981e-02-1.921616679e-02-2.324463037e-02-2.728819613e-02-3.129980458e-02
-3.523038712e-02-3.902942382e-02-4.264546699e-02-4.602659559e-02-4.912076846e-02
-5.187605198e-02-5.424070775e-02-5.616313940e-02-5.759171514e-02-5.847450280e-02
-5.875897941e-02-5.839180757e-02-5.731880707e-02-5.548529404e-02-5.283701047e-02
-4.932192321e-02-4.489322581e-02-3.951391761e-02-3.316333782e-02-2.584596335e-02
-1.760258737e-02-8.523620996e-03 1.236309540e-03 1.144439971e-02 2.198143034e-02
 3.292566393e-02 4.437487628e-02 5.645194273e-02 6.930741274e-02 8.311474950e-02
 9.780631716e-02 1.102007567e-01 1.200956470e-01 1.255424349e-01 1.261348039e-01
 1.226344993e-01 1.171287660e-01 1.124207916e-01 1.084811473e-01 1.051533297e-01
 1.023083169e-01 9.984245677e-02 9.767433622e-02 9.574069894e-02 9.398641788e-02
 1.428355775e-03 3.235162931e-03 5.769133334e-03 9.028673947e-03 1.273288950e-02
 1.415339076e-02 1.261149728e-02 1.060613757e-02 8.359955588e-03 5.860035772e-03
 3.104167199e-03 1.081312226e-04-3.107985073e-03-6.519760472e-03-1.009849875e-02
-1.381137888e-02-1.762170116e-02-2.148922586e-02-2.537059292e-02-2.921980374e-02
-3.298873913e-02-3.662768321e-02-4.008581997e-02-4.331166986e-02-4.625343716e-02
-4.885924550e-02-5.107724901e-02-5.285562017e-02-5.414243221e-02-5.488547487e-02
-5.503206743e-02-5.452896307e-02-5.332247492e-02-5.135899645e-02-4.858613707e-02
-4.495474358e-02-4.042212300e-02-3.495680513e-02-2.854515806e-02-2.120005133e-02
-1.297149322e-02-3.958693473e-03 5.677855338e-03 1.570562474e-02 2.618605667e-02
 3.724353371e-02 4.905814694e-02 6.189662993e-02 7.616536201e-02 9.249145128e-02
 1.116671053e-01 1.284225201e-01 1.395777649e-01 1.444909015e-01 1.427154198e-01
 1.351852529e-01 1.251524977e-01 1.176097930e-01 1.118549056e-01 1.073296598e-01
 1.036680222e-01 1.006288603e-01 9.804911563e-02 9.581549059e-02 9.385258816e-02
 1.449095937e-03 3.282352476e-03 5.853821794e-03 9.162357435e-03 1.294532226e-02
 1.447673738e-02 1.294367121e-02 1.106040789e-02 8.929992530e-03 6.561220384e-03
 3.949888862e-03 1.109261761e-03-1.941514260e-03-5.179094202e-03-8.575982743e-03
-1.210066199e-02-1.571780592e-02-1.938858066e-02-2.307102197e-02-2.672047350e-02
-3.029006342e-02-3.373119230e-02-3.699400279e-02-4.002780197e-02-4.278141053e-02
-4.520341980e-02-4.724234709e-02-4.884669390e-02-4.996492816e-02-5.054543294e-02
-5.053648928e-02-4.988639117e-02-4.854382622e-02-4.645869610e-02-4.358359500e-02
-3.987620795e-02-3.530292385e-02-2.984396519e-02-2.350029082e-02-1.630240463e-02
-8.320939736e-03 3.216267135e-04 9.439215594e-03 1.888915900e-02 2.874602342e-02
 3.910755024e-02 5.010516627e-02 6.191962729e-02 7.480866469e-02 8.918298742e-02
 1.063658090e-01 1.220459675e-01 1.329452574e-01 1.356031595e-01 1.339987784e-01
 1.281757042e-01 1.198716224e-01 1.138214158e-01 1.089991057e-01 1.050514477e-01
 1.017560879e-01 9.895680444e-02 9.653992483e-02 9.442113434e-02 9.253369192e-02
 1.472010792e-03 3.334520512e-03 5.947508956e-03 9.310240014e-03 1.314524173e-02
 1.472844399e-02 1.335743733e-02 1.156666379e-02 9.565042555e-03 7.343363016e-03
 4.897997176e-03 2.236213410e-03-6.236664350e-04-3.659366891e-03-6.844662392e-03
-1.014946283e-02-1.353998633e-02-1.697901592e-02-2.042623133e-02-2.383860134e-02
-2.717081718e-02-3.037574386e-02-3.340486409e-02-3.620869048e-02-3.873712455e-02
-4.093974825e-02-4.276604335e-02-4.416554755e-02-4.508797335e-02-4.548333684e-02
-4.530216851e-02-4.449590775e-02-4.301761628e-02-4.082318213e-02-3.787322302e-02
-3.413592795e-02-2.959109036e-02-2.423556993e-02-1.809034502e-02-1.120911471e-02
-3.688102107e-03 4.323463695e-03 1.261399671e-02 2.113615315e-02 2.991575407e-02
 3.897695700e-02 4.833576053e-02 5.798498355e-02 6.786031946e-02 7.776554559e-02
 8.724339090e-02 9.554562138e-02 1.019535787e-01 1.060635654e-01 1.078323843e-01
 1.075993182e-01 1.060386720e-01 1.038712808e-01 1.015508550e-01 9.928589953e-02
 9.715729599e-02 9.518775783e-02 9.337442728e-02 9.170399938e-02 9.016063868e-02
 1.496199152e-03 3.389639868e-03 6.046602883e-03 9.466899249e-03 1.337437182e-02
 1.504558467e-02 1.377185797e-02 1.210576711e-02 1.024392826e-02 8.182407368e-03
 5.919339389e-03 3.455673937e-03 8.086593250e-04-2.000660864e-03-4.947453223e-03
-8.003179987e-03-1.113575388e-02-1.430976316e-02-1.748676310e-02-2.062562482e-02
-2.368292653e-02-2.661336909e-02-2.937019586e-02-3.190559785e-02-3.417108851e-02
-3.611783938e-02-3.769697761e-02-3.885985973e-02-3.955835279e-02-3.974517461e-02
-3.937436864e-02-3.840201588e-02-3.678731534e-02-3.449419378e-02-3.149362910e-02
-2.776688811e-02-2.330987060e-02-1.813869090e-02-1.229650131e-02-5.861471592e-03
 1.044475235e-03 8.248127334e-03 1.558443641e-02 2.304592153e-02 3.061832847e-02
 3.827557386e-02 4.597272414e-02 5.363578144e-02 6.114881368e-02 6.834258647e-02
 7.499534075e-02 8.085921323e-02 8.571241694e-02 8.941515718e-02 9.194469394e-02
 9.339877823e-02 9.396606295e-02 9.387275041e-02 9.332997210e-02 9.250464264e-02
 9.151522259e-02 9.044024526e-02 8.932942361e-02 8.821311379e-02 8.711320029e-02
 1.520540308e-03 3.445214529e-03 6.146755863e-03 9.625711929e-03 1.362078635e-02
 1.540819526e-02 1.418784656e-02 1.265442735e-02 1.093814119e-02 9.044584356e-03
 6.973476448e-03 4.724129584e-03 2.308330708e-03-2.538858352e-04-2.938977787e-03
-5.719955724e-03-8.566498840e-03-1.144513823e-02-1.431950548e-02-1.715063727e-02
-1.989732469e-02-2.251649346e-02-2.496360030e-02-2.719303205e-02-2.915849841e-02
-3.081341526e-02-3.211128605e-02-3.300610094e-02-3.345278986e-02-3.340778440e-02
-3.282976442e-02-3.168068805e-02-2.992722605e-02-2.754273847e-02-2.450994321e-02
-2.082440329e-02-1.649891440e-02-1.156882403e-02-6.098218264e-03-1.862811113e-04
 6.027171915e-03 1.235450520e-02 1.876072168e-02 2.521851437e-02 3.169346316e-02
 3.814179140e-02 4.450767254e-02 5.072071957e-02 5.669468684e-02 6.232900602e-02
 6.751490135e-02 7.214677474e-02 7.613721021e-02 7.943156724e-02 8.201745819e-02
 8.392592651e-02 8.522398519e-02 8.600116433e-02 8.635459228e-02 8.637683713e-02
 8.614858073e-02 8.573585715e-02 8.519037413e-02 8.455125745e-02 8.384009754e-02
 1.543535934e-03 3.497920180e-03 6.242233713e-03 9.778014254e-03 1.382813660e-02
 1.566797183e-02 1.461184574e-02 1.318167696e-02 1.161312923e-02 9.890905585e-03
 8.016421511e-03 5.991137674e-03 3.819101069e-03 1.519322994e-03-8.859871855e-04
-3.371429229e-03-5.908520924e-03-8.465863255e-03-1.100935580e-02-1.350246395e-02
-1.590653051e-02-1.818112282e-02-2.028440615e-02-2.217353590e-02-2.380506577e-02
-2.513537533e-02-2.612113029e-02-2.671980101e-02-2.689027890e-02-2.659364684e-02
-2.579417829e-02-2.446065559e-02-2.256810845e-02-2.010008305e-02-1.705152570e-02
-1.343237524e-02-9.271896393e-03-4.623517779e-03 4.305108204e-04 5.773878632e-03
 1.124820782e-02 1.680418341e-02 2.240785518e-02 2.802093118e-02 3.360077519e-02
 3.909997454e-02 4.446616775e-02 4.964239640e-02 5.456832988e-02 5.918264016e-02
 6.342661173e-02 6.724873805e-02 7.060963267e-02 7.348624901e-02 7.587436652e-02
 7.778864946e-02 7.926021504e-02 8.033231247e-02 8.105514976e-02 8.148095070e-02
 8.166002134e-02 8.163815005e-02 8.145527509e-02 8.114524171e-02 8.074097601e-02
 1.563065909e-03 3.543008900e-03 6.324696241e-03 9.911179393e-03 1.403910825e-02
 1.598998956e-02 1.496984636e-02 1.365395807e-02 1.223123253e-02 1.067701413e-02
 8.996872381e-03 7.194580388e-03 5.273570808e-03 3.245794141e-03 1.132380571e-03
-1.042750595e-03-3.252966734e-03-5.469034823e-03-7.659305268e-03-9.789945446e-03
-1.182521866e-02-1.372780135e-02-1.545913360e-02-1.697980067e-02-1.824994876e-02
-1.922974476e-02-1.987989988e-02-2.016228527e-02-2.004068345e-02-1.948173117e-02
-1.845611960e-02-1.694012953e-02-1.491759152e-02-1.238233788e-02-9.341255022e-03
-5.817823386e-03-1.855880607e-03 2.476007547e-03 7.080097180e-03 1.183821036e-02
 1.671393889e-02 2.166684560e-02 2.665253511e-02 3.162388983e-02 3.653222998e-02
 4.132802537e-02 4.596128739e-02 5.038278414e-02 5.454620484e-02 5.841061277e-02
 6.194257935e-02 6.511770870e-02 6.792149800e-02 7.034957347e-02 7.240734128e-02
 7.410907492e-02 7.547648515e-02 7.653689051e-02 7.732118546e-02 7.786184202e-02
 7.819115710e-02 7.833988486e-02 7.833630282e-02 7.820563996e-02 7.796856743e-02
 1.576164288e-03 3.573810174e-03 6.382429596e-03 1.000718910e-02 1.418264500e-02
 1.619325879e-02 1.528746083e-02 1.404601156e-02 1.274873136e-02 1.135158327e-02
 9.856480595e-03 8.269590715e-03 6.596579187e-03 4.842974948e-03 3.026427925e-03
 1.169236399e-03-7.038990769e-04-2.566044391e-03-4.388207697e-03-6.139567486e-03
-7.787735755e-03-9.299054165e-03-1.063892230e-02-1.177216179e-02-1.266342531e-02
-1.327766674e-02-1.358069368e-02-1.353984301e-02-1.312481527e-02-1.230872008e-02
-1.106940435e-02-9.391134529e-03-7.266649301e-03-4.699621974e-03-1.707383986e-03
 1.675601973e-03 5.394402079e-03 9.362627934e-03 1.353871721e-02 1.788851264e-02
 2.237388844e-02 2.694775042e-02 3.155159136e-02 3.611602929e-02 4.058542100e-02
 4.491194939e-02 4.904109239e-02 5.291810933e-02 5.649710619e-02 5.974683118e-02
 6.265232565e-02 6.521313531e-02 6.743957107e-02 6.934868605e-02 7.096110070e-02
 7.229900743e-02 7.338512477e-02 7.424219541e-02 7.489269670e-02 7.535858330e-02
 7.566100679e-02 7.582002733e-02 7.585435443e-02 7.578111082e-02 7.561476222e-02
 1.578902314e-03 3.581230420e-03 6.398873968e-03 1.003992484e-02 1.423682573e-02
 1.627728135e-02 1.546495139e-02 1.429094869e-02 1.310831446e-02 1.184861698e-02
 1.052392568e-02 9.140007458e-03 7.703026077e-03 6.219649192e-03 4.698055271e-03
 3.159053780e-03 1.625394209e-03 1.216704299e-04-1.325955294e-03-2.690002017e-03
-3.941935843e-03-5.052450285e-03-5.991768326e-03-6.729973815e-03-7.237385775e-03
-7.484996553e-03-7.445019085e-03-7.091557761e-03-6.401458282e-03-5.355366654e-03
-3.939015614e-03-2.144860609e-03 2.575814398e-05 2.560586967e-03 5.433717120e-03
 8.596012528e-03 1.202605924e-02 1.571027133e-02 1.963221325e-02 2.377284495e-02
 2.811053325e-02 3.257387369e-02 3.712496490e-02 4.156918513e-02 4.583752717e-02
 4.997730496e-02 5.387642293e-02 5.742143563e-02 6.053871279e-02 6.320223225e-02
 6.543105157e-02 6.727427360e-02 6.879152518e-02 7.003836306e-02 7.105985523e-02
 7.189008089e-02 7.255427310e-02 7.307148461e-02 7.345683811e-02 7.372311212e-02
 7.388172105e-02 7.394324359e-02 7.391765776e-02 7.381451145e-02 7.364768783e-02
 1.567240291e-03 3.555263991e-03 6.353895669e-03 9.973195606e-03 1.416896057e-02
 1.624200792e-02 1.539261679e-02 1.429227236e-02 1.319961695e-02 1.207499997e-02
 1.091529573e-02 9.724831942e-03 8.510667704e-03 7.281379283e-03 6.046359637e-03
 4.818133095e-03 3.618171153e-03 2.468929306e-03 1.393669209e-03 4.161773235e-04
-4.394884214e-04-1.149254943e-03-1.689296148e-03-2.036309534e-03-2.167814430e-03
-2.062491919e-03-1.700567201e-03-1.064474801e-03-1.396714337e-04 1.084501329e-03
 2.614061370e-03 4.448689193e-03 6.576925739e-03 8.975452280e-03 1.165041590e-02
 1.460058196e-02 1.782543630e-02 2.132642691e-02 2.510662068e-02 2.917266751e-02
 3.354212822e-02 3.803858754e-02 4.264066043e-02 4.739786712e-02 5.216632289e-02
 5.679790376e-02 6.104344409e-02 6.461427513e-02 6.733967585e-02 6.921645020e-02
 7.040779606e-02 7.114862458e-02 7.162709809e-02 7.195740549e-02 7.220013224e-02
 7.238379605e-02 7.251964743e-02 7.261063768e-02 7.265639117e-02 7.265575943e-02
 7.260800868e-02 7.251326927e-02 7.237260175e-02 7.218775008e-02 7.195353214e-02
 1.539862142e-03 3.492332799e-03 6.238776282e-03 9.785219388e-03 1.386037008e-02
 1.574283839e-02 1.476666352e-02 1.384226069e-02 1.292344122e-02 1.196021094e-02
 1.096653050e-02 9.957335450e-03 8.946756900e-03 7.948421504e-03 6.975563463e-03
 6.041088557e-03 5.160166938e-03 4.353365088e-03 3.640824813e-03 3.042089242e-03
 2.575875855e-03 2.259862266e-03 2.110448905e-03 2.142528878e-03 2.369307292e-03
 2.802279199e-03 3.451421891e-03 4.324338856e-03 5.424820537e-03 6.750495575e-03
 8.298149058e-03 1.007670764e-02 1.209182784e-02 1.434835094e-02 1.685495038e-02
 1.962227648e-02 2.266302933e-02 2.599241239e-02 2.962866618e-02 3.359295145e-02
 3.790404404e-02 4.256102781e-02 4.758433257e-02 5.307194479e-02 5.913044773e-02
 6.606062862e-02 7.257275200e-02 7.708859099e-02 7.927696488e-02 7.906557417e-02
 7.748948667e-02 7.620485214e-02 7.511827786e-02 7.427078618e-02 7.362079453e-02
 7.311787265e-02 7.271813152e-02 7.238682540e-02 7.209754712e-02 7.183070464e-02
 7.157205241e-02 7.131147187e-02 7.104202125e-02 7.075931276e-02 7.046519146e-02
 1.499393353e-03 3.400306510e-03 6.073373233e-03 9.522644717e-03 1.347760176e-02
 1.521555775e-02 1.408620132e-02 1.318962104e-02 1.238979950e-02 1.153572924e-02
 1.066221667e-02 9.792248051e-03 8.946123088e-03 8.142077180e-03 7.396637171e-03
 6.724896679e-03 6.140776013e-03 5.658793733e-03 5.295407301e-03 5.065013707e-03
 4.979848307e-03 5.049842680e-03 5.282297552e-03 5.681431609e-03 6.247731970e-03
 6.976869422e-03 7.869527056e-03 8.925675737e-03 1.014466360e-02 1.152636281e-02
 1.307308679e-02 1.479161313e-02 1.669250476e-02 1.878991824e-02 2.110115857e-02
 2.364712582e-02 2.645275679e-02 2.954578615e-02 3.295578681e-02 3.671504938e-02
 4.086289659e-02 4.545544532e-02 5.058132401e-02 5.638383322e-02 6.309054040e-02
 7.093401943e-02 7.803526090e-02 8.280352785e-02 8.527183893e-02 8.537721170e-02
 8.297023968e-02 7.958677280e-02 7.719616914e-02 7.550487765e-02 7.426022777e-02
 7.330942096e-02 7.255659556e-02 7.193902578e-02 7.141420206e-02 7.095250239e-02
 7.053284227e-02 7.013998244e-02 6.976278994e-02 6.939300935e-02 6.902460719e-02
 1.446539330e-03 3.282260939e-03 5.867302946e-03 9.209963194e-03 1.305502744e-02
 1.469095827e-02 1.342692691e-02 1.248801497e-02 1.164018444e-02 1.078898613e-02
 9.952509565e-03 9.154419607e-03 8.417166333e-03 7.761136752e-03 7.204343132e-03
 6.762388237e-03 6.448621377e-03 6.274409832e-03 6.249639513e-03 6.381844213e-03
 6.674935187e-03 7.130291264e-03 7.745704999e-03 8.515132788e-03 9.428773961e-03
 1.047378919e-02 1.163633560e-02 1.290291220e-02 1.426231899e-02 1.570783565e-02
 1.723907238e-02 1.886271195e-02 2.059290441e-02 2.246380791e-02 2.449933836e-02
 2.671164963e-02 2.916455593e-02 3.189901838e-02 3.495713729e-02 3.836930871e-02
 4.214210622e-02 4.631372653e-02 5.093261327e-02 5.605574127e-02 6.175898762e-02
 6.812949793e-02 7.390505973e-02 7.802872990e-02 8.045733722e-02 8.110826328e-02
 7.984993515e-02 7.766884107e-02 7.594111300e-02 7.456028080e-02 7.343212747e-02
 7.249156639e-02 7.169181814e-02 7.099871786e-02 7.038679515e-02 6.983663075e-02
 6.933311430e-02 6.886429454e-02 6.842060162e-02 6.799422189e-02 6.757529305e-02
 1.375248606e-03 3.123954178e-03 5.592948164e-03 8.796507922e-03 1.247318907e-02
 1.391633204e-02 1.254958648e-02 1.145513932e-02 1.049824928e-02 9.564172349e-03
 8.684710867e-03 7.889239356e-03 7.204253063e-03 6.652532210e-03 6.252691636e-03
 6.019233171e-03 5.962962737e-03 6.091514432e-03 6.409699516e-03 6.919451019e-03
 7.619351330e-03 8.503986116e-03 9.562874931e-03 1.077934040e-02 1.212966784e-02
 1.358314883e-02 1.510369322e-02 1.665360357e-02 1.819946586e-02 1.971901428e-02
 2.120268488e-02 2.265546551e-02 2.417841262e-02 2.573391684e-02 2.736793281e-02
 2.911526692e-02 3.106749127e-02 3.327539485e-02 3.579441154e-02 3.866012259e-02
 4.186164071e-02 4.541048463e-02 4.929096008e-02 5.344114712e-02 5.773320835e-02
 6.194967211e-02 6.579398639e-02 6.897817087e-02 7.131226122e-02 7.273510504e-02
 7.332542084e-02 7.328942590e-02 7.287488003e-02 7.227206298e-02 7.159510129e-02
 7.090597871e-02 7.023636320e-02 6.960073698e-02 6.900387602e-02 6.844517576e-02
 6.792119690e-02 6.742717358e-02 6.695790665e-02 6.650843000e-02 6.608042887e-02
 1.273608760e-03 2.898587737e-03 5.202857166e-03 8.208637213e-03 1.167862641e-02
 1.291895186e-02 1.125247346e-02 9.915055192e-03 8.737109329e-03 7.621627038e-03
 6.612218184e-03 5.748532775e-03 5.064891758e-03 4.587556048e-03 4.333930586e-03
 4.313822766e-03 4.531773391e-03 4.989296233e-03 5.686284015e-03 6.621351654e-03
 7.791205589e-03 9.189109102e-03 1.080238271e-02 1.260877302e-02 1.457172392e-02
 1.663541591e-02 1.872227805e-02 2.073799467e-02 2.258903060e-02 2.420064168e-02
 2.563116060e-02 2.686355844e-02 2.793679306e-02 2.893860674e-02 2.994823621e-02
 3.103816889e-02 3.227574824e-02 3.372849868e-02 3.546984682e-02 3.757817157e-02
 4.012216371e-02 4.313330466e-02 4.657852902e-02 5.035187022e-02 5.428755764e-02
 5.818049459e-02 6.180567201e-02 6.494328035e-02 6.741774747e-02 6.914233138e-02
 7.014287018e-02 7.053957264e-02 7.049622408e-02 7.016942852e-02 6.968135455e-02
 6.911551511e-02 6.852390215e-02 6.793635332e-02 6.736834485e-02 6.682650241e-02
 6.631221432e-02 6.582391250e-02 6.535848527e-02 6.491201131e-02 6.447269788e-02
 1.123013036e-03 2.565284820e-03 4.628521342e-03 7.350061047e-03 1.049665680e-02
 1.138099124e-02 9.375904516e-03 7.624700836e-03 6.046028381e-03 4.623534759e-03
 3.366903000e-03 2.348801216e-03 1.625907996e-03 1.228431384e-03 1.160648226e-03
 1.411500129e-03 1.966272153e-03 2.813790529e-03 3.948609467e-03 5.370261100e-03
 7.081501134e-03 9.086326899e-03 1.138734579e-02 1.398090098e-02 1.684681754e-02
 1.992779117e-02 2.309452226e-02 2.610911334e-02 2.863825225e-02 3.049566678e-02
 3.160899312e-02 3.208266747e-02 3.220584193e-02 3.221358518e-02 3.224230663e-02
 3.235373657e-02 3.257269235e-02 3.292429992e-02 3.348372272e-02 3.444528617e-02
 3.613002456e-02 3.880573968e-02 4.245763390e-02 4.679315664e-02 5.146800396e-02
 5.622386576e-02 6.081677987e-02 6.487957570e-02 6.793614388e-02 6.968078056e-02
 7.022766721e-02 7.000668370e-02 6.943186206e-02 6.873833907e-02 6.802921958e-02
 6.734508624e-02 6.670028793e-02 6.609818366e-02 6.553735299e-02 6.501422927e-02
 6.452428230e-02 6.406257437e-02 6.362406229e-02 6.320391101e-02 6.280157358e-02
 8.954335712e-04 2.056540172e-03 3.744626920e-03 6.030926558e-03 8.738211146e-03
 9.256819863e-03 6.987501190e-03 4.538347376e-03 2.265646141e-03 1.565543664e-04
-1.654779309e-03-3.002969642e-03-3.761937750e-03-3.932948551e-03-3.612891706e-03
-2.907123084e-03-1.879280716e-03-5.518949202e-04 1.076860783e-03 3.020195703e-03
 5.297055564e-03 7.932434163e-03 1.096183303e-02 1.443868092e-02 1.844380612e-02
 2.309247072e-02 2.850768806e-02 3.454947294e-02 3.970940234e-02 4.202609294e-02
 4.118484056e-02 3.883546336e-02 3.674051295e-02 3.517695077e-02 3.402626908e-02
 3.313129229e-02 3.232742238e-02 3.141186863e-02 3.007089174e-02 2.753486911e-02
 2.630433448e-02 2.879137778e-02 3.540420586e-02 4.248725985e-02 4.885241844e-02
 5.525226862e-02 6.233809284e-02 7.149430093e-02 7.699828689e-02 7.784130057e-02
 7.369508120e-02 7.058894745e-02 6.858789592e-02 6.718447232e-02 6.612840760e-02
 6.528861600e-02 6.459132172e-02 6.399238216e-02 6.346399731e-02 6.298789271e-02
 6.255155413e-02 6.214570281e-02 6.176227619e-02 6.139378131e-02 6.103650974e-02
 5.743856307e-04 1.310345963e-03 2.369697243e-03 3.817810577e-03 5.619755115e-03
 5.579911586e-03 3.019197315e-03 1.747830519e-04-2.964119688e-03-6.504125525e-03
-9.988792309e-03-1.225712431e-02-1.259895153e-02-1.148695540e-02-1.001109082e-02
-8.489217846e-03-6.864934526e-03-5.042398738e-03-2.943042210e-03-5.163579630e-04
 2.266235683e-03 5.425974493e-03 8.994736466e-03 1.303528248e-02 1.766907804e-02
 2.312892930e-02 2.988698222e-02 3.909488095e-02 4.806814671e-02 5.084243605e-02
 4.711894756e-02 4.131206700e-02 3.799498131e-02 3.585857686e-02 3.437974882e-02
 3.327125655e-02 3.233599531e-02 3.140628163e-02 3.033405298e-02 2.918499480e-02
 2.919742008e-02 3.146078726e-02 3.579634711e-02 4.118703638e-02 4.665447165e-02
 5.224026258e-02 5.811303209e-02 6.394953436e-02 6.828485794e-02 6.968048553e-02
 6.841964468e-02 6.656260210e-02 6.509845678e-02 6.400308150e-02 6.316474269e-02
 6.250279482e-02 6.196112820e-02 6.149791535e-02 6.109535852e-02 6.072683323e-02
 6.039010159e-02 6.008136319e-02 5.979863465e-02 5.951521251e-02 5.921863919e-02
 2.297373439e-04 4.885265134e-04 7.786209674e-04 9.840786019e-04 8.702633569e-04
 1.137580181e-04-1.484826161e-03-3.946064130e-03-7.363925528e-03-1.216143027e-02
-1.824297699e-02-2.162544730e-02-2.166075883e-02-1.811837823e-02-1.584291678e-02
-1.413640445e-02-1.247127178e-02-1.052498946e-02-8.132917305e-03-5.266428012e-03
-1.982180205e-03 1.640926688e-03 5.543373642e-03 9.696078060e-03 1.408963716e-02
 1.870358691e-02 2.343682254e-02 2.797416555e-02 3.170385281e-02 3.404584250e-02
 3.488264883e-02 3.469631641e-02 3.408148006e-02 3.343673822e-02 3.289132998e-02
 3.248569887e-02 3.223438797e-02 3.214750437e-02 3.230471318e-02 3.283673103e-02
 3.393404521e-02 3.573475019e-02 3.822569108e-02 4.126120408e-02 4.462461996e-02
 4.811211891e-02 5.151118348e-02 5.456251308e-02 5.699167327e-02 5.861676420e-02
 5.947117432e-02 5.976946217e-02 5.975835575e-02 5.961139072e-02 5.941767877e-02
 5.921692255e-02 5.902126607e-02 5.883119325e-02 5.864278274e-02 5.844939476e-02
 5.824524745e-02 5.803070800e-02 5.784579321e-02 5.765819419e-02 5.744920913e-02
-1.317908247e-05-6.591555079e-05-2.110935778e-04-5.257352733e-04-1.108216553e-03
-2.063222644e-03-3.480080791e-03-5.417138001e-03-7.880007441e-03-1.079559647e-02
-1.378422269e-02-1.622269396e-02-1.771440766e-02-1.850778648e-02-1.911262285e-02
-1.960316892e-02-1.948762316e-02-1.812509677e-02-1.530462910e-02-1.141519663e-02
-7.064026484e-03-2.631937271e-03 1.735830635e-03 5.995203925e-03 1.012332648e-02
 1.408048347e-02 1.779040531e-02 2.113688617e-02 2.398726499e-02 2.624356933e-02
 2.789259961e-02 2.901665748e-02 2.975684460e-02 3.026107626e-02 3.065202756e-02
 3.102180098e-02 3.144112051e-02 3.197137041e-02 3.267296003e-02 3.360601425e-02
 3.482148925e-02 3.634579018e-02 3.816770433e-02 4.023575610e-02 4.246613871e-02
 4.475459934e-02 4.698716882e-02 4.905144796e-02 5.085267921e-02 5.233274291e-02
 5.348200815e-02 5.433466573e-02 5.494963952e-02 5.538909672e-02 5.570462764e-02
 5.593266593e-02 5.609559156e-02 5.620490850e-02 5.626460653e-02 5.627412574e-02
 5.623079659e-02 5.612947501e-02 5.604865508e-02 5.593587107e-02 5.576842197e-02
-1.299583176e-04-3.169078322e-04-6.203683372e-04-1.078695826e-03-1.735134348e-03
-2.631224884e-03-3.798338946e-03-5.245937273e-03-6.952995778e-03-8.874353078e-03
-1.093795161e-02-1.309012957e-02-1.537049621e-02-1.803901021e-02-2.162331527e-02
-2.710751816e-02-3.310230136e-02-3.296912844e-02-2.680562216e-02-1.759321215e-02
-1.089716083e-02-5.383043029e-03-5.618937822e-04 3.780295397e-03 7.738874088e-03
 1.134859399e-02 1.461110300e-02 1.751229531e-02 2.003685194e-02 2.218133226e-02
 2.396342546e-02 2.542422543e-02 2.662310254e-02 2.762843185e-02 2.850875726e-02
 2.932725741e-02 3.013970053e-02 3.099439598e-02 3.193232576e-02 3.298617562e-02
 3.417794927e-02 3.551590928e-02 3.699226432e-02 3.858288135e-02 4.024945869e-02
 4.194374201e-02 4.361306939e-02 4.520664871e-02 4.668189839e-02 4.800970179e-02
 4.917708826e-02 5.018638414e-02 5.105121686e-02 5.179096003e-02 5.242542000e-02
 5.297086930e-02 5.343767138e-02 5.382930098e-02 5.414261753e-02 5.436950361e-02
 5.449996414e-02 5.452500468e-02 5.452299313e-02 5.445378840e-02 5.431278160e-02
-1.637725528e-04-3.823672523e-04-7.090476738e-04-1.161145750e-03-1.756932917e-03
-2.512664710e-03-3.439581696e-03-4.539949601e-03-5.800423010e-03-7.222753537e-03
-8.802753979e-03-1.055027329e-02-1.251110198e-02-1.480322767e-02-1.752954027e-02
-2.051121708e-02-2.266779083e-02-2.222406888e-02-1.885980812e-02-1.382679295e-02
-8.735370488e-03-4.021471367e-03 2.952241212e-04 4.236857826e-03 7.811189202e-03
 1.101639027e-02 1.385462172e-02 1.634030799e-02 1.850039012e-02 2.037007800e-02
 2.198864381e-02 2.339707944e-02 2.463699263e-02 2.574969558e-02 2.677510074e-02
 2.775056987e-02 2.870992258e-02 2.968262708e-02 3.069304529e-02 3.175960583e-02
 3.289391334e-02 3.409997744e-02 3.537385439e-02 3.670397539e-02 3.807229746e-02
 3.945622951e-02 4.083112840e-02 4.217304967e-02 4.346136338e-02 4.468081363e-02
 4.582265457e-02 4.688466836e-02 4.787011696e-02 4.878588134e-02 4.964008780e-02
 5.043938871e-02 5.118584349e-02 5.187324106e-02 5.248315416e-02 5.298280955e-02
 5.333007220e-02 5.349282328e-02 5.347268775e-02 5.335015810e-02 5.315436996e-02
-1.549511965e-04-3.558587432e-04-6.458989234e-04-1.031646241e-03-1.519408479e-03
-2.113888052e-03-2.816954410e-03-3.624685844e-03-4.523862569e-03-5.513090386e-03
-6.580625501e-03-7.694623193e-03-8.829672324e-03-9.939415382e-03-1.090916048e-02
-1.153674748e-02-1.154489019e-02-1.068477452e-02-8.878802724e-03-6.264686232e-03
-3.101167411e-03 3.553307225e-04 3.893386750e-03 7.324206597e-03 1.046685439e-02
 1.318291795e-02 1.543006372e-02 1.726757104e-02 1.880306030e-02 2.013512270e-02
 2.133179321e-02 2.243529672e-02 2.347277421e-02 2.446420023e-02 2.542655536e-02
 2.637546295e-02 2.732545690e-02 2.828961380e-02 2.927894379e-02 3.030174444e-02
 3.136304071e-02 3.246420872e-02 3.360287051e-02 3.477312468e-02 3.596613569e-02
 3.717105032e-02 3.837615438e-02 3.957013998e-02 4.074333027e-02 4.188871267e-02
 4.300266448e-02 4.408531331e-02 4.514053899e-02 4.617566515e-02 4.720086479e-02
 4.822814918e-02 4.926937513e-02 5.033157506e-02 5.140488479e-02 5.243069043e-02
 5.323703410e-02 5.356594973e-02 5.337940976e-02 5.290525803e-02 5.233350955e-02
-1.279281652e-04-2.911612566e-04-5.221302816e-04-8.218657205e-04-1.190495790e-03
-1.626481704e-03-2.125741587e-03-2.678357687e-03-3.267945190e-03-3.883520140e-03
-4.499790377e-03-5.074251898e-03-5.572500687e-03-5.938149265e-03-6.092163367e-03
-5.939216916e-03-5.380140882e-03-4.332268625e-03-2.748286970e-03-6.209429017e-04
 2.031439122e-03 5.183485401e-03 8.791873457e-03 1.268887409e-02 1.622519418e-02
 1.855923680e-02 1.958337320e-02 1.995573021e-02 2.028161703e-02 2.072807695e-02
 2.129774023e-02 2.196090953e-02 2.269031058e-02 2.346694008e-02 2.427927673e-02
 2.512134603e-02 2.599087049e-02 2.688773085e-02 2.781274173e-02 2.876670917e-02
 2.974974374e-02 3.076081514e-02 3.179754152e-02 3.285620623e-02 3.393198599e-02
 3.501936086e-02 3.611266179e-02 3.720670121e-02 3.829743007e-02 3.938257509e-02
 4.046223320e-02 4.153943911e-02 4.262077677e-02 4.371718412e-02 4.484522543e-02
 4.602933627e-02 4.730603391e-02 4.873223387e-02 5.040289068e-02 5.249460535e-02
 5.528549147e-02 5.609769712e-02 5.424537271e-02 5.255833286e-02 5.136856810e-02
-9.581356696e-05-2.166720065e-04-3.851227071e-04-5.994923048e-04-8.569075675e-04
-1.152799706e-03-1.480443757e-03-1.830009596e-03-2.174633772e-03-2.511091082e-03
-2.802241830e-03-3.011115957e-03-3.121284456e-03-3.088641894e-03-2.862228967e-03
-2.388813007e-03-1.617694648e-03-5.025181376e-04 9.986279665e-04 2.927210000e-03
 5.340831364e-03 8.349048115e-03 1.216302943e-02 1.735518757e-02 2.282875672e-02
 2.511087881e-02 2.416300096e-02 2.182619616e-02 2.095761138e-02 2.075339028e-02
 2.090879942e-02 2.128344601e-02 2.180159850e-02 2.241875717e-02 2.310756267e-02
 2.385083210e-02 2.463767759e-02 2.546113298e-02 2.631660317e-02 2.720081239e-02
 2.811108762e-02 2.904488957e-02 2.999954156e-02 3.097212504e-02 3.195951711e-02
 3.295854617e-02 3.396624006e-02 3.498014060e-02 3.599866114e-02 3.702147111e-02
 3.804990570e-02 3.908741990e-02 4.014013785e-02 4.121759505e-02 4.233384516e-02
 4.350922712e-02 4.477330336e-02 4.616985663e-02 4.776560363e-02 4.966803162e-02
 5.233887449e-02 5.306169349e-02 5.150270300e-02 5.008838464e-02 4.903723434e-02
-6.512705842e-05-1.464149374e-04-2.581032500e-04-3.975215329e-04-5.608453331e-04
-7.428069205e-04-9.362217748e-04-1.128696178e-03-1.300155719e-03-1.436999225e-03
-1.511481771e-03-1.505684665e-03-1.409980834e-03-1.198136247e-03-8.139980317e-04
-2.005783777e-04 6.232086890e-04 1.683001601e-03 3.005403581e-03 4.611688116e-03
 6.517683136e-03 8.730073023e-03 1.119780410e-02 1.375462864e-02 1.603877141e-02
 1.765911225e-02 1.851138824e-02 1.884762887e-02 1.903078079e-02 1.925853117e-02
 1.958707774e-02 2.001744934e-02 2.053569287e-02 2.112627304e-02 2.177582717e-02
 2.247379367e-02 2.321209346e-02 2.398458444e-02 2.478653276e-02 2.561417896e-02
 2.646440429e-02 2.733447981e-02 2.822189202e-02 2.912424702e-02 3.003925040e-02
 3.096475326e-02 3.189885022e-02 3.284001398e-02 3.378725023e-02 3.474025707e-02
 3.569957260e-02 3.666669101e-02 3.764411574e-02 3.863528842e-02 3.964425837e-02
 4.067478705e-02 4.172819503e-02 4.279841263e-02 4.386106916e-02 4.485229330e-02
 4.564583529e-02 4.609116269e-02 4.614707176e-02 4.592747907e-02 4.558034909e-02
-3.863807086e-05-8.619418167e-05-1.502795958e-04-2.281358167e-04-3.161089866e-04
-4.096499050e-04-5.034207313e-04-5.891008455e-04-6.439058960e-04-6.292989102e-04
-5.633247689e-04-4.364774585e-04-2.347002352e-04 4.908944764e-05 5.188035016e-04
 1.136230208e-03 1.901043378e-03 2.824140658e-03 3.912606067e-03 5.165622788e-03
 6.570940417e-03 8.098763400e-03 9.692277557e-03 1.126831620e-02 1.273040507e-02
 1.399796946e-02 1.503848668e-02 1.587660709e-02 1.657292401e-02 1.719221731e-02
 1.778386285e-02 1.837841598e-02 1.899200817e-02 1.963173349e-02 2.029971080e-02
 2.099550971e-02 2.171753866e-02 2.246365404e-02 2.323137254e-02 2.401822024e-02
 2.482199807e-02 2.564075916e-02 2.647266766e-02 2.731594430e-02 2.816888173e-02
 2.902982654e-02 2.989725685e-02 3.076979028e-02 3.164623008e-02 3.252558708e-02
 3.340701412e-02 3.428974314e-02 3.517282112e-02 3.605472366e-02 3.693266438e-02
 3.780150835e-02 3.865218459e-02 3.946954534e-02 4.023035548e-02 4.090306789e-02
 4.145237330e-02 4.185007046e-02 4.208693065e-02 4.217553907e-02 4.214625773e-02
-1.712454034e-05-3.745616175e-05-6.344000999e-05-9.247342293e-05-1.211686017e-04
-1.453583674e-04-1.601829392e-04-1.611654856e-04-1.260447955e-04-4.107562213e-05
 1.047360216e-04 2.965684469e-04 5.725354045e-04 9.250009022e-04 1.371702835e-03
 1.932738607e-03 2.585619509e-03 3.370785883e-03 4.248591807e-03 5.228400278e-03
 6.298570219e-03 7.412729716e-03 8.586414098e-03 9.735768247e-03 1.085623951e-02
 1.190877465e-02 1.286197172e-02 1.375680782e-02 1.455213498e-02 1.531043053e-02
 1.602354040e-02 1.670612227e-02 1.740332502e-02 1.807381062e-02 1.878065751e-02
 1.948213887e-02 2.019472965e-02 2.093808609e-02 2.167068598e-02 2.244088635e-02
 2.320198166e-02 2.397806583e-02 2.476847837e-02 2.554641549e-02 2.635959260e-02
 2.715369799e-02 2.796479171e-02 2.877632378e-02 2.957350560e-02 3.039589593e-02
 3.118896156e-02 3.199874646e-02 3.279170531e-02 3.356580750e-02 3.434521592e-02
 3.507785406e-02 3.580404928e-02 3.647997319e-02 3.709456864e-02 3.766569729e-02
 3.813286705e-02 3.853533648e-02 3.883837522e-02 3.904261825e-02 3.918912399e-02
 0.151856698E+01 0.153440489E+01 0.154892297E+01 0.156404055E+01 0.157954484E+01
 0.159541404E+01 0.161167971E+01 0.162835943E+01 0.164548253E+01 0.166309337E+01
 0.168121791E+01 0.169989939E+01 0.171918725E+01 0.173911498E+01 0.175971938E+01
 0.178106219E+01 0.180319673E+01 0.182617002E+01 0.185002473E+01 0.187482249E+01
 0.190064267E+01 0.192755069E+01 0.195561112E+01 0.198488692E+01 0.201545878E+01
 0.204743633E+01 0.208091523E+01 0.211599126E+01 0.215276729E+01 0.219135085E+01
 0.223188836E+01 0.227454013E+01 0.231946208E+01 0.236681659E+01 0.241678517E+01
 0.246957263E+01 0.252543044E+01 0.258462805E+01 0.264745638E+01 0.271423890E+01
 0.278532990E+01 0.286112966E+01 0.294212286E+01 0.302885912E+01 0.312194469E+01
 0.322207584E+01 0.333006399E+01 0.344685426E+01 0.357354802E+01 0.371145228E+01
 0.386213128E+01 0.402744785E+01 0.420966048E+01 0.441154741E+01 0.463657877E+01
 0.488919003E+01 0.517519949E+01 0.550237550E+01 0.588108106E+01 0.632632730E+01
 0.686145014E+01 0.752664304E+01 0.840144757E+01 0.970048666E+01 0.165533592E+02
  361   98
 0.576219788E+00 0.118942384E+01 0.569859124E+00 0.117542792E+01 0.563498601E+00
 0.116143194E+01 0.557146587E+00 0.114743210E+01 0.550805468E+00 0.113342732E+01
 0.544480780E+00 0.111941511E+01 0.538181011E+00 0.110539168E+01 0.531918765E+00
 0.109135145E+01 0.525705648E+00 0.107728942E+01 0.519548740E+00 0.106320269E+01
 0.513452518E+00 0.104908960E+01 0.507421489E+00 0.103494852E+01 0.501462481E+00
 0.102077695E+01 0.495581819E+00 0.100657268E+01 0.489782794E+00 0.992334900E+00
 0.484066035E+00 0.978063885E+00 0.478431478E+00 0.963760215E+00 0.472881215E+00
 0.949423627E+00 0.467418595E+00 0.935053419E+00 0.462044792E+00 0.920649760E+00
 0.456758262E+00 0.906213841E+00 0.451556143E+00 0.891747287E+00 0.446438019E+00
 0.877250806E+00 0.441407710E+00 0.862723620E+00 0.436468447E+00 0.848165229E+00
 0.431621596E+00 0.833575810E+00 0.426867005E+00 0.818956065E+00 0.422204509E+00
 0.804306689E+00 0.417635768E+00 0.789627804E+00 0.413163886E+00 0.774919123E+00
 0.408791955E+00 0.760180426E+00 0.404522361E+00 0.745411760E+00 0.400355374E+00
 0.730613815E+00 0.396290054E+00 0.715787616E+00 0.392325389E+00 0.700934185E+00
 0.388460968E+00 0.686054358E+00 0.384697558E+00 0.671148664E+00 0.381036629E+00
 0.656217470E+00 0.377479491E+00 0.641261210E+00 0.374026934E+00 0.626280463E+00
 0.370679071E+00 0.611275971E+00 0.367434646E+00 0.596248773E+00 0.364291548E+00
 0.581200054E+00 0.361247970E+00 0.566130891E+00 0.358302630E+00 0.551042219E+00
 0.355454896E+00 0.535934822E+00 0.352704659E+00 0.520809371E+00 0.350051989E+00
 0.505666505E+00 0.347496923E+00 0.490506865E+00 0.345039325E+00 0.475331118E+00
 0.342677850E+00 0.460140117E+00 0.340409749E+00 0.444934892E+00 0.338232366E+00
 0.429716411E+00 0.336143482E+00 0.414485529E+00 0.334141592E+00 0.399242969E+00
 0.332226074E+00 0.383989313E+00 0.330396575E+00 0.368725102E+00 0.328652530E+00
 0.353450890E+00 0.326992786E+00 0.338167288E+00 0.325415760E+00 0.322874929E+00
 0.323920148E+00 0.307574392E+00 0.322505209E+00 0.292266184E+00 0.321170709E+00
 0.276950754E+00 0.319916646E+00 0.261628528E+00 0.318742258E+00 0.246299989E+00
 0.317646486E+00 0.230965629E+00 0.316628318E+00 0.215625921E+00 0.315686804E+00
 0.200281316E+00 0.314820690E+00 0.184932271E+00 0.314028303E+00 0.169579242E+00
 0.313308094E+00 0.154222658E+00 0.312658718E+00 0.138862915E+00 0.312079247E+00
 0.123500375E+00 0.311569984E+00 0.108135349E+00 0.311131668E+00 0.927681349E-01
 0.310765092E+00 0.773990426E-01 0.310471068E+00 0.620283914E-01 0.310249300E+00
 0.466565274E-01 0.310098259E+00 0.312838053E-01 0.310016556E+00 0.159105580E-01
 0.310002982E+00 0.537099101E-03 0.310056636E+00-0.148362723E-01 0.310177450E+00
-0.302092625E-01 0.310365678E+00-0.455815750E-01 0.310621715E+00-0.609529074E-01
 0.310946113E+00-0.763229490E-01 0.311339554E+00-0.916913779E-01 0.311802847E+00
-0.107057859E+00 0.312336976E+00-0.122422041E+00 0.312943094E+00-0.137783552E+00
 0.313622183E+00-0.153142009E+00 0.314374137E+00-0.168497071E+00 0.315198663E+00
-0.183848407E+00 0.316095620E+00-0.199195682E+00 0.317065151E+00-0.214538543E+00
 0.318108533E+00-0.229876558E+00 0.319227984E+00-0.245209207E+00 0.320425781E+00
-0.260535935E+00 0.321704092E+00-0.275856157E+00 0.323064400E+00-0.291169315E+00
 0.324506627E+00-0.306474976E+00 0.326030611E+00-0.321772712E+00 0.327636557E+00
-0.337062062E+00 0.329325130E+00-0.352342506E+00 0.331097330E+00-0.367613477E+00
 0.332954286E+00-0.382874372E+00 0.334897308E+00-0.398124548E+00 0.336928004E+00
-0.413363297E+00 0.339048097E+00-0.428589865E+00 0.341259195E+00-0.443803483E+00
 0.343562916E+00-0.459003351E+00 0.345961045E+00-0.474188609E+00 0.348455621E+00
-0.489358321E+00 0.351048163E+00-0.504511597E+00 0.353739432E+00-0.519647650E+00
 0.356529891E+00-0.534765731E+00 0.359419669E+00-0.549865142E+00 0.362408780E+00
-0.564945203E+00 0.365497943E+00-0.580005086E+00 0.368688822E+00-0.595043745E+00
 0.371983748E+00-0.610059949E+00 0.375385369E+00-0.625052342E+00 0.378895233E+00
-0.640019765E+00 0.382512986E+00-0.654961477E+00 0.386237475E+00-0.669876942E+00
 0.390067015E+00-0.684765782E+00 0.393999961E+00-0.699627642E+00 0.398036300E+00
-0.714461755E+00 0.402177659E+00-0.729266891E+00 0.406425869E+00-0.744041721E+00
 0.410782285E+00-0.758785007E+00 0.415246878E+00-0.773495897E+00 0.419817669E+00
-0.788174138E+00 0.424492450E+00-0.802819593E+00 0.429269799E+00-0.817431913E+00
 0.434149980E+00-0.832010210E+00 0.439134149E+00-0.846553283E+00 0.444222963E+00
-0.861060070E+00 0.449415746E+00-0.875529967E+00 0.454710648E+00-0.889962810E+00
 0.460106708E+00-0.904358138E+00 0.465608133E+00-0.918713525E+00 0.471220879E+00
-0.933025751E+00 0.476949179E+00-0.947292118E+00 0.482794822E+00-0.961510806E+00
 0.488759355E+00-0.975680030E+00 0.494851078E+00-0.989795030E+00 0.501082500E+00
-0.100384890E+01 0.507466389E+00-0.101783417E+01 0.514015280E+00-0.103174292E+01
 0.520745708E+00-0.104556471E+01 0.527689603E+00-0.105928045E+01 0.534897918E+00
-0.107285898E+01 0.542445582E+00-0.108625164E+01 0.550446301E+00-0.109937822E+01
 0.559088137E+00-0.111209066E+01 0.568697547E+00-0.112408472E+01 0.579790042E+00
-0.113471063E+01 0.592860963E+00-0.114274132E+01 0.607606492E+00-0.114694793E+01
 0.622946407E+00-0.114759498E+01 0.638223859E+00-0.114594154E+01 0.653303724E+00
-0.114296323E+01 0.668209895E+00-0.113920518E+01 0.682984414E+00-0.113495714E+01
 0.697660828E+00-0.113038101E+01 0.712261442E+00-0.112556826E+01 0.726801273E+00
-0.112057475E+01 0.741289253E+00-0.111543270E+01 0.755731151E+00-0.111016258E+01
 0.770129830E+00-0.110477548E+01 0.784487915E+00-0.109928109E+01 0.798804702E+00
-0.109367999E+01 0.813071600E+00-0.108795305E+01 0.827276480E+00-0.108207403E+01
 0.841407556E+00-0.107601980E+01 0.855452944E+00-0.106976941E+01 0.869400710E+00
-0.106330416E+01 0.883239621E+00-0.105660911E+01 0.896959967E+00-0.104967435E+01
 0.910554838E+00-0.104249673E+01 0.924019754E+00-0.103507819E+01 0.937352436E+00
-0.102742452E+01 0.950544819E+00-0.101953154E+01 0.963576915E+00-0.101137670E+01
 0.976427959E+00-0.100293948E+01 0.989084050E+00-0.994212559E+00 0.100153784E+01
-0.985199286E+00 0.101378958E+01-0.975913175E+00 0.102585409E+01-0.966384991E+00
 0.103774912E+01-0.956646010E+00 0.104946833E+01-0.946696197E+00 0.106098889E+01
-0.936517079E+00 0.107229467E+01-0.926099939E+00 0.108338627E+01-0.915454994E+00
 0.109427483E+01-0.904602407E+00 0.110497318E+01-0.893562248E+00 0.111548515E+01
-0.882344482E+00 0.112579900E+01-0.870944323E+00 0.113589697E+01-0.859352546E+00
 0.114576897E+01-0.847567717E+00 0.115541717E+01-0.835598965E+00 0.116484703E+01
-0.823457442E+00 0.117405349E+01-0.811145673E+00 0.118301660E+01-0.798655670E+00
 0.119171468E+01-0.785979703E+00 0.120013892E+01-0.773120116E+00 0.120829575E+01
-0.760089240E+00 0.121619366E+01-0.746899826E+00 0.122381602E+01-0.733549322E+00
 0.123113559E+01-0.720030472E+00 0.123813972E+01-0.706345540E+00 0.124482994E+01
-0.692504418E+00 0.125120754E+01-0.678516502E+00 0.125726443E+01-0.664386768E+00
 0.126299664E+01-0.650122224E+00 0.126841163E+01-0.635734237E+00 0.127352558E+01
-0.621236490E+00 0.127835440E+01-0.606641278E+00 0.128290486E+01-0.591956890E+00
 0.128718357E+01-0.577191014E+00 0.129120272E+01-0.562352366E+00 0.129498057E+01
-0.547450432E+00 0.129854160E+01-0.532495173E+00 0.130191561E+01-0.517496585E+00
 0.130513115E+01-0.502463205E+00 0.130821398E+01-0.487402035E+00 0.131118796E+01
-0.472318982E+00 0.131407350E+01-0.457218751E+00 0.131688918E+01-0.442105333E+00
 0.131965451E+01-0.426982616E+00 0.132239025E+01-0.411854514E+00 0.132511748E+01
-0.396724876E+00 0.132785482E+01-0.381597064E+00 0.133062090E+01-0.366474485E+00
 0.133343491E+01-0.351360753E+00 0.133631517E+01-0.336259514E+00 0.133926508E+01
-0.321171721E+00 0.134227335E+01-0.306095454E+00 0.134532781E+01-0.291028474E+00
 0.134841662E+01-0.275968494E+00 0.135152895E+01-0.260913359E+00 0.135465616E+01
-0.245861306E+00 0.135778986E+01-0.230810603E+00 0.136092005E+01-0.215759171E+00
 0.136403320E+01-0.200704205E+00 0.136710683E+01-0.185641127E+00 0.137010779E+01
-0.170563414E+00 0.137299865E+01-0.155464228E+00 0.137573945E+01-0.140337111E+00
 0.137829015E+01-0.125176815E+00 0.138062204E+01-0.109981347E+00 0.138271071E+01
-0.947505719E-01 0.138453072E+01-0.794853945E-01 0.138605602E+01-0.641879927E-01
 0.138726461E+01-0.488623406E-01 0.138814264E+01-0.335142196E-01 0.138867883E+01
-0.181503733E-01 0.138886427E+01-0.277830408E-02 0.138869380E+01 0.125939368E-01
 0.138817238E+01 0.279582924E-01 0.138731071E+01 0.433073443E-01 0.138612179E+01
 0.586345404E-01 0.138462046E+01 0.739343176E-01 0.138282729E+01 0.892026762E-01
 0.138076977E+01 0.104437698E+00 0.137847508E+01 0.119638834E+00 0.137596909E+01
 0.134806593E+00 0.137327799E+01 0.149942633E+00 0.137043878E+01 0.165051617E+00
 0.136749147E+01 0.180139908E+00 0.136447343E+01 0.195214224E+00 0.136141838E+01
 0.210281086E+00 0.135835169E+01 0.225345587E+00 0.135528792E+01 0.240410680E+00
 0.135223715E+01 0.255478413E+00 0.134920743E+01 0.270550388E+00 0.134620606E+01
 0.285628036E+00 0.134324053E+01 0.300712772E+00 0.134031922E+01 0.315806132E+00
 0.133745135E+01 0.330909736E+00 0.133464649E+01 0.346025163E+00 0.133190676E+01
 0.361152535E+00 0.132921525E+01 0.376288565E+00 0.132655141E+01 0.391429492E+00
 0.132389485E+01 0.406571699E+00 0.132122546E+01 0.421711650E+00 0.131852088E+01
 0.436845348E+00 0.131575755E+01 0.451968422E+00 0.131291289E+01 0.467076402E+00
 0.130996531E+01 0.482164627E+00 0.130689337E+01 0.497228013E+00 0.130367383E+01
 0.512260527E+00 0.130028230E+01 0.527255150E+00 0.129669181E+01 0.542203355E+00
 0.129287274E+01 0.557094763E+00 0.128879779E+01 0.571918163E+00 0.128444667E+01
 0.586662836E+00 0.127980583E+01 0.601318885E+00 0.127486896E+01 0.615877877E+00
 0.126963314E+01 0.630332042E+00 0.126408708E+01 0.644669998E+00 0.125821528E+01
 0.658877632E+00 0.125201081E+01 0.672943170E+00 0.124548043E+01 0.686860406E+00
 0.123863952E+01 0.700627683E+00 0.123149247E+01 0.714238539E+00 0.122403685E+01
 0.727682841E+00 0.121628164E+01 0.740956612E+00 0.120825217E+01 0.754066352E+00
 0.119997396E+01 0.767020485E+00 0.119145063E+01 0.779814659E+00 0.118267928E+01
 0.792440088E+00 0.117366555E+01 0.804893640E+00 0.116442889E+01 0.817182800E+00
 0.115499488E+01 0.829321161E+00 0.114538046E+01 0.841317135E+00 0.113557971E+01
 0.853161337E+00 0.112558011E+01 0.864838122E+00 0.111537928E+01 0.876339539E+00
 0.110498922E+01 0.887670332E+00 0.109442711E+01 0.898840949E+00 0.108369917E+01
 0.909852381E+00 0.107279084E+01 0.920685103E+00 0.106168218E+01 0.931312247E+00
 0.105036317E+01 0.941715037E+00 0.103884295E+01 0.951894583E+00 0.102714147E+01
 0.961865284E+00 0.101527129E+01 0.971634522E+00 0.100321966E+01 0.981178951E+00
 0.990970799E+00 0.990468850E+00 0.978519718E+00 0.999485880E+00 0.965869341E+00
 0.100822110E+01 0.953029951E+00 0.101667609E+01 0.940021037E+00 0.102486792E+01
 0.926864420E+00 0.103282044E+01 0.913572192E+00 0.104054415E+01 0.900147787E+00
 0.104803577E+01 0.886595078E+00 0.105529270E+01 0.872920516E+00 0.106231735E+01
 0.859133958E+00 0.106911961E+01 0.845248123E+00 0.107571690E+01 0.831276913E+00
 0.108213146E+01 0.817234923E+00 0.108838962E+01 0.803136801E+00 0.109452034E+01
 0.788998159E+00 0.110055707E+01 0.774832646E+00 0.110653049E+01 0.760645478E+00
 0.111245230E+01 0.746437841E+00 0.111832483E+01 0.732213687E+00 0.112415725E+01
 0.717978053E+00 0.112996159E+01 0.703736063E+00 0.113575033E+01 0.689492663E+00
 0.114153559E+01 0.675253213E+00 0.114733057E+01 0.661023570E+00 0.115314959E+01
 0.646809848E+00 0.115900737E+01 0.632620135E+00 0.116492307E+01 0.618461795E+00
 0.117091344E+01 0.604340559E+00 0.117699076E+01 0.590257416E+00 0.118315583E+01
 0.576219788E+00 0.118942384E+01
 0.156441580E+01 0.156423520E+01 0.173298350E+01 0.167901950E+01 0.134847970E+01
 0.206041340E+01 0.108819530E+01 0.205946000E+01 0.902253030E+00 0.187565310E+01
 0.903668760E+00 0.187424170E+01 0.533866470E+00 0.150285580E+01 0.538010660E+00
 0.149874330E+01 0.332797140E+00 0.129708960E+01 0.332797140E+00 0.109400000E+01
 0.334795920E+00 0.109400000E+01 0.303115250E+00 0.847500000E+00 0.305114030E+00
 0.847500000E+00 0.269135950E+00 0.565000000E+00 0.271134730E+00 0.565000000E+00
 0.260841000E+00 0.495257700E+00 0.260841000E+00-0.507257700E+00 0.271134730E+00
-0.576999960E+00 0.269135950E+00-0.576999960E+00 0.305114030E+00-0.859500000E+00
 0.303115250E+00-0.859500000E+00 0.334795920E+00-0.110600010E+01 0.332797140E+00
-0.110600010E+01 0.332797140E+00-0.130908970E+01 0.538598100E+00-0.150990190E+01
 0.534468950E+00-0.151402960E+01 0.905629600E+00-0.188405800E+01 0.904219000E+00
-0.188547470E+01 0.108819530E+01-0.206614000E+01 0.134847970E+01-0.206518650E+01
 0.173017910E+01-0.168098580E+01 0.156441580E+01-0.156883530E+01 0.137999130E+01
-0.157688300E+01 0.137989190E+01-0.157672700E+01 0.119622210E+01-0.158474990E+01
 0.119631650E+01-0.158489800E+01 0.105537410E+01-0.159104840E+01 0.105528350E+01
-0.159090630E+01 0.947502500E+00-0.159561420E+01 0.905686400E+00-0.159556230E+01
 0.899143000E+00-0.159478470E+01 0.883387860E+00-0.159026430E+01 0.867681200E+00
-0.158087360E+01 0.851322350E+00-0.156766880E+01 0.833481900E+00-0.154624210E+01
 0.826062560E+00-0.152875240E+01 0.822677700E+00-0.151516830E+01 0.821022750E+00
-0.149624060E+01 0.820691350E+00-0.147724350E+01 0.822887360E+00-0.144582030E+01
 0.827573000E+00-0.141923050E+01 0.839194600E+00-0.138728100E+01 0.855244300E+00
-0.135284130E+01 0.877566500E+00-0.132209860E+01 0.899473500E+00-0.130017830E+01
 0.118567730E+01-0.101380000E+01 0.127900000E+01-0.842300000E+00 0.129600000E+01
-0.820200000E+00 0.143300000E+01-0.820200000E+00 0.143300000E+01-0.711000000E+00
 0.149000000E+01-0.491000000E+00 0.146000000E+01-0.491000000E+00 0.146000000E+01
-0.233000000E+00 0.166100000E+01-0.233000000E+00 0.166100000E+01 0.226000000E+00
 0.146000000E+01 0.226000000E+00 0.146000000E+01 0.481000000E+00 0.149300000E+01
 0.481000000E+00 0.147400000E+01 0.554000000E+00 0.143300000E+01 0.711000000E+00
 0.143300000E+01 0.815600000E+00 0.129600000E+01 0.815600000E+00 0.127900000E+01
 0.837699950E+00 0.118567730E+01 0.100920000E+01 0.899473500E+00 0.129557820E+01
 0.877566500E+00 0.131749860E+01 0.855244300E+00 0.134824120E+01 0.839194600E+00
 0.138268090E+01 0.827573000E+00 0.141463040E+01 0.822887360E+00 0.144122030E+01
 0.820691350E+00 0.147264350E+01 0.821022750E+00 0.149164060E+01 0.822677700E+00
 0.151056830E+01 0.826062560E+00 0.152415240E+01 0.833481900E+00 0.154164210E+01
 0.851322350E+00 0.156306870E+01 0.867681200E+00 0.157627360E+01 0.883387860E+00
 0.158566430E+01 0.899143000E+00 0.159018470E+01 0.905686400E+00 0.159096230E+01
 0.947502500E+00 0.159101410E+01 0.105528350E+01 0.158630620E+01 0.105537410E+01
 0.158644830E+01 0.119631650E+01 0.158029800E+01 0.119622210E+01 0.158014990E+01
 0.137989190E+01 0.157212700E+01 0.137999130E+01 0.157228290E+01 0.156441580E+01
 0.156423520E+01
    0
