EFIT++      MAST # 47052 # 740ms                   0  65  65
 0.194000000E+01 0.440000000E+01 0.800000000E+00 0.600000000E-01 0.000000000E+00
 0.981842828E+00 0.114204623E-02-0.641541651E-01 0.774349064E-02-0.654269458E+00
 0.742297193E+06-0.641541651E-01 0.000000000E+00 0.981842828E+00 0.000000000E+00
 0.114204623E-02 0.000000000E+00 0.774349064E-02 0.000000000E+00 0.000000000E+00
-0.544113289E+00-0.543620146E+00-0.543127866E+00-0.542636658E+00-0.542146732E+00
-0.541658301E+00-0.541171574E+00-0.540686765E+00-0.540204088E+00-0.539723755E+00
-0.539245981E+00-0.538770983E+00-0.538298975E+00-0.537830175E+00-0.537364801E+00
-0.536903070E+00-0.536445202E+00-0.535991416E+00-0.535541932E+00-0.535096971E+00
-0.534656755E+00-0.534221505E+00-0.533791445E+00-0.533366798E+00-0.532947787E+00
-0.532534637E+00-0.532127572E+00-0.531726819E+00-0.531332602E+00-0.530945148E+00
-0.530564684E+00-0.530191436E+00-0.529825632E+00-0.529467500E+00-0.529117268E+00
-0.528775163E+00-0.528441415E+00-0.528116251E+00-0.527799902E+00-0.527492594E+00
-0.527194559E+00-0.526906024E+00-0.526627219E+00-0.526358372E+00-0.526099713E+00
-0.525851470E+00-0.525613871E+00-0.525387146E+00-0.525171522E+00-0.524967227E+00
-0.524774489E+00-0.524593533E+00-0.524424588E+00-0.524267878E+00-0.524123629E+00
-0.523992066E+00-0.523873413E+00-0.523767893E+00-0.523675730E+00-0.523597143E+00
-0.523532355E+00-0.523481585E+00-0.523445052E+00-0.523422974E+00-0.523415566E+00
 0.261175368E+05 0.255081772E+05 0.248989452E+05 0.242901437E+05 0.236820757E+05
 0.230750443E+05 0.224693524E+05 0.218653031E+05 0.212631994E+05 0.206633442E+05
 0.200660407E+05 0.194715916E+05 0.188803002E+05 0.182924694E+05 0.177084021E+05
 0.171284014E+05 0.165527704E+05 0.159818119E+05 0.154158290E+05 0.148551248E+05
 0.143000021E+05 0.137507641E+05 0.132077137E+05 0.126711539E+05 0.121413877E+05
 0.116187182E+05 0.111034483E+05 0.105958810E+05 0.100963194E+05 0.960506644E+04
 0.912242512E+04 0.864869845E+04 0.818418945E+04 0.772920110E+04 0.728403642E+04
 0.684899841E+04 0.642439008E+04 0.601051442E+04 0.560767444E+04 0.521617315E+04
 0.483631355E+04 0.446839864E+04 0.411273143E+04 0.376961492E+04 0.343935211E+04
 0.312224602E+04 0.281859963E+04 0.252871596E+04 0.225289802E+04 0.199144879E+04
 0.174467130E+04 0.151286853E+04 0.129634351E+04 0.109539922E+04 0.910338677E+03
 0.741464881E+03 0.589080836E+03 0.453489547E+03 0.334994017E+03 0.233897250E+03
 0.150502250E+03 0.851120217E+02 0.380295678E+02 0.955789260E+01 0.000000000E+00
-0.239026579E+00-0.238442913E+00-0.237759211E+00-0.236975474E+00-0.236091701E+00
-0.235107893E+00-0.234024049E+00-0.232840169E+00-0.231556253E+00-0.230172302E+00
-0.228688315E+00-0.227104292E+00-0.225420234E+00-0.223636139E+00-0.221752010E+00
-0.219767844E+00-0.217683643E+00-0.215499406E+00-0.213215133E+00-0.210830825E+00
-0.208346481E+00-0.205762101E+00-0.203077686E+00-0.200293234E+00-0.197408748E+00
-0.194424225E+00-0.191339667E+00-0.188155073E+00-0.184870443E+00-0.181485778E+00
-0.178001077E+00-0.174416340E+00-0.170731568E+00-0.166946760E+00-0.163061916E+00
-0.159077036E+00-0.154992121E+00-0.150807170E+00-0.146522183E+00-0.142137161E+00
-0.137652103E+00-0.133067009E+00-0.128381880E+00-0.123596715E+00-0.118711514E+00
-0.113726277E+00-0.108641005E+00-0.103455697E+00-0.981703534E-01-0.927849741E-01
-0.872995591E-01-0.817141083E-01-0.760286219E-01-0.702430997E-01-0.643575419E-01
-0.583719484E-01-0.522863191E-01-0.461006542E-01-0.398149535E-01-0.334292172E-01
-0.269434452E-01-0.203576374E-01-0.136717940E-01-0.688591484E-02 0.000000000E+00
-0.542390866E+06-0.542412195E+06-0.542163803E+06-0.541645691E+06-0.540857859E+06
-0.539800307E+06-0.538473034E+06-0.536876042E+06-0.535009329E+06-0.532872896E+06
-0.530466743E+06-0.527790869E+06-0.524845276E+06-0.521629962E+06-0.518144928E+06
-0.514390174E+06-0.510365700E+06-0.506071506E+06-0.501507591E+06-0.496673956E+06
-0.491570601E+06-0.486197526E+06-0.480554731E+06-0.474642215E+06-0.468459979E+06
-0.462008023E+06-0.455286347E+06-0.448294951E+06-0.441033835E+06-0.433502998E+06
-0.425702441E+06-0.417632164E+06-0.409292167E+06-0.400682450E+06-0.391803012E+06
-0.382653854E+06-0.373234976E+06-0.363546378E+06-0.353588060E+06-0.343360021E+06
-0.332862263E+06-0.322094784E+06-0.311057585E+06-0.299750666E+06-0.288174026E+06
-0.276327667E+06-0.264211587E+06-0.251825787E+06-0.239170267E+06-0.226245027E+06
-0.213050066E+06-0.199585385E+06-0.185850985E+06-0.171846864E+06-0.157573022E+06
-0.143029461E+06-0.128216179E+06-0.113133178E+06-0.977804556E+05-0.821580134E+05
-0.662658511E+05-0.501039686E+05-0.336723659E+05-0.169710431E+05 0.000000000E+00
-1.412806110e-05-3.067885891e-05-5.137843117e-05-7.363840994e-05-9.408548296e-05
-1.085775494e-04-1.122870929e-04-1.000795968e-04-5.471334125e-05 5.568594733e-05
 2.163399074e-04 4.345277033e-04 7.283125676e-04 1.107517082e-03 1.587089172e-03
 2.179227225e-03 2.881611212e-03 3.704720933e-03 4.638323709e-03 5.679043582e-03
 6.812794275e-03 8.008467596e-03 9.244458807e-03 1.046859668e-02 1.164994635e-02
 1.275320576e-02 1.375562178e-02 1.466999703e-02 1.549365193e-02 1.626280463e-02
 1.699031883e-02 1.769358567e-02 1.839853213e-02 1.909540852e-02 1.981149478e-02
 2.053336818e-02 2.126794275e-02 2.202366874e-02 2.278069138e-02 2.356672095e-02
 2.435436796e-02 2.515730078e-02 2.597507378e-02 2.678883136e-02 2.762870978e-02
 2.845865258e-02 2.930322506e-02 3.015065861e-02 3.098860393e-02 3.184654688e-02
 3.268194255e-02 3.353078666e-02 3.436587328e-02 3.518385178e-02 3.600505419e-02
 3.678183955e-02 3.754920955e-02 3.826605179e-02 3.891906326e-02 3.952527655e-02
 4.002253597e-02 4.045128527e-02 4.077629838e-02 4.099822926e-02 4.116745335e-02
-3.548726839e-05-7.909378866e-05-1.376972467e-04-2.085672444e-04-2.880330106e-04
-3.714250305e-04-4.530031627e-04-5.238000043e-04-5.655998966e-04-5.385571033e-04
-4.589813654e-04-3.148350610e-04-9.140477645e-05 2.108343620e-04 7.109479357e-04
 1.359888290e-03 2.163872399e-03 3.136295037e-03 4.286498622e-03 5.615102060e-03
 7.110665858e-03 8.743237805e-03 1.045125339e-02 1.214116097e-02 1.370043452e-02
 1.503346694e-02 1.610352321e-02 1.694435381e-02 1.763141226e-02 1.824114906e-02
 1.882855673e-02 1.942547674e-02 2.004735727e-02 2.070006629e-02 2.138452030e-02
 2.209932806e-02 2.284220888e-02 2.361068135e-02 2.440235714e-02 2.521502588e-02
 2.604659698e-02 2.689509024e-02 2.775860327e-02 2.863529602e-02 2.952340999e-02
 3.042126346e-02 3.132731419e-02 3.224017900e-02 3.315867291e-02 3.408182906e-02
 3.500883465e-02 3.593894845e-02 3.687122776e-02 3.780410100e-02 3.873462671e-02
 3.965731810e-02 4.056241794e-02 4.143357750e-02 4.224565365e-02 4.296445859e-02
 4.355173540e-02 4.397704723e-02 4.423071035e-02 4.432678064e-02 4.429697243e-02
-6.165897027e-05-1.386765361e-04-2.445796115e-04-3.768634716e-04-5.318544537e-04
-7.043758698e-04-8.873598251e-04-1.069949088e-03-1.229574376e-03-1.361300786e-03
-1.428328047e-03-1.411041331e-03-1.301089374e-03-1.065578196e-03-6.579048624e-04
-3.559764638e-05 8.151547696e-04 1.920236361e-03 3.307476064e-03 5.001647181e-03
 7.024450805e-03 9.388626391e-03 1.206192508e-02 1.487844883e-02 1.740194090e-02
 1.912230855e-02 1.990646062e-02 2.010793195e-02 2.018830048e-02 2.036189998e-02
 2.066918037e-02 2.109766097e-02 2.162532224e-02 2.223207000e-02 2.290196944e-02
 2.362301728e-02 2.438636318e-02 2.518550983e-02 2.601562525e-02 2.687298992e-02
 2.775457399e-02 2.865773558e-02 2.958002823e-02 3.051910458e-02 3.147270304e-02
 3.243870312e-02 3.341523452e-02 3.440082365e-02 3.539456091e-02 3.639627226e-02
 3.740667767e-02 3.842751578e-02 3.946160127e-02 4.051274950e-02 4.158542401e-02
 4.268377960e-02 4.380935590e-02 4.495574894e-02 4.609674992e-02 4.716299048e-02
 4.801638782e-02 4.849303088e-02 4.854867637e-02 4.830609510e-02 4.792578415e-02
-9.156240713e-05-2.073177286e-04-3.691084283e-04-5.757160047e-04-8.247872066e-04
-1.112297211e-03-1.431938430e-03-1.772508446e-03-2.115138188e-03-2.448435551e-03
-2.742495515e-03-2.963170633e-03-3.083792604e-03-3.059954387e-03-2.838391505e-03
-2.361706995e-03-1.573471490e-03-4.223146684e-04 1.136338986e-03 3.143960654e-03
 5.655556763e-03 8.788548050e-03 1.276458937e-02 1.825505790e-02 2.419832779e-02
 2.656828446e-02 2.532636207e-02 2.280592945e-02 2.194280381e-02 2.175992705e-02
 2.194342212e-02 2.234859599e-02 2.289791563e-02 2.354617241e-02 2.426582759e-02
 2.503979812e-02 2.585744761e-02 2.671213769e-02 2.759962621e-02 2.851697717e-02
 2.946181588e-02 3.043184230e-02 3.142455328e-02 3.243714183e-02 3.346654710e-02
 3.450962924e-02 3.556344171e-02 3.662557316e-02 3.769453413e-02 3.877017161e-02
 3.985410998e-02 4.095023925e-02 4.206530594e-02 4.320971190e-02 4.439870651e-02
 4.565429187e-02 4.700839956e-02 4.850834826e-02 5.022677816e-02 5.228931848e-02
 5.508428673e-02 5.583937054e-02 5.425226222e-02 5.271817859e-02 5.157562830e-02
-1.218420752e-04-2.779070487e-04-4.997892728e-04-7.894183272e-04-1.147974614e-03
-1.575065334e-03-2.067822593e-03-2.617920732e-03-3.210649524e-03-3.836028922e-03
-4.472319103e-03-5.077635512e-03-5.617289917e-03-6.031903129e-03-6.236198092e-03
-6.123763244e-03-5.581240187e-03-4.514344522e-03-2.873305664e-03-6.604817846e-04
 2.085033510e-03 5.307920776e-03 8.927468478e-03 1.273672505e-02 1.617997631e-02
 1.859308742e-02 1.986539786e-02 2.051966520e-02 2.104267032e-02 2.162056096e-02
 2.228252829e-02 2.301501140e-02 2.379962159e-02 2.462244998e-02 2.547515529e-02
 2.635393921e-02 2.725813268e-02 2.818886695e-02 2.914794926e-02 3.013696663e-02
 3.115661996e-02 3.220629063e-02 3.328384265e-02 3.438565886e-02 3.550689831e-02
 3.664194507e-02 3.778500244e-02 3.893077438e-02 4.007517378e-02 4.121600770e-02
 4.235361541e-02 4.349147659e-02 4.463686654e-02 4.580171962e-02 4.700399566e-02
 4.827008968e-02 4.963934215e-02 5.117291660e-02 5.297245675e-02 5.522101740e-02
 5.813454140e-02 5.898472088e-02 5.713835354e-02 5.529225229e-02 5.399626581e-02
-1.450166077e-04-3.342994526e-04-6.097540020e-04-9.795511892e-04-1.451846201e-03
-2.033294154e-03-2.727758149e-03-3.535049958e-03-4.439021465e-03-5.445102545e-03
-6.542485900e-03-7.709253176e-03-8.926020830e-03-1.015318989e-02-1.127812673e-02
-1.207470552e-02-1.220415627e-02-1.134954725e-02-9.416866065e-03-6.594133477e-03
-3.212870483e-03 4.254981824e-04 4.099143885e-03 7.630800529e-03 1.086293862e-02
 1.367921741e-02 1.604425067e-02 1.800765724e-02 1.966216835e-02 2.109720276e-02
 2.237876981e-02 2.355098453e-02 2.464414781e-02 2.568144706e-02 2.668273474e-02
 2.766609577e-02 2.864814253e-02 2.964368774e-02 3.066516408e-02 3.172198962e-02
 3.282000631e-02 3.396109880e-02 3.514309270e-02 3.636000745e-02 3.760269274e-02
 3.885981643e-02 4.011911097e-02 4.136873826e-02 4.259860734e-02 4.380148333e-02
 4.497376247e-02 4.611585122e-02 4.723215917e-02 4.833076083e-02 4.942275633e-02
 5.052119577e-02 5.163896701e-02 5.278382930e-02 5.394541946e-02 5.506021871e-02
 5.593902562e-02 5.629758851e-02 5.609435665e-02 5.557143625e-02 5.494331306e-02
-1.464258183e-04-3.446772075e-04-6.457835156e-04-1.069893387e-03-1.638574790e-03
-2.371510434e-03-3.282887819e-03-4.376266648e-03-5.643853811e-03-7.081319850e-03
-8.684837931e-03-1.046948153e-02-1.249701219e-02-1.492486535e-02-1.798884658e-02
-2.164416233e-02-2.462047947e-02-2.424969892e-02-2.023937146e-02-1.428153289e-02
-8.681847536e-03-3.685955328e-03 8.079433408e-04 4.875884504e-03 8.552271482e-03
 1.184912732e-02 1.477456741e-02 1.734358675e-02 1.958082375e-02 2.151871163e-02
 2.319481534e-02 2.464997045e-02 2.592694746e-02 2.706904198e-02 2.811849979e-02
 2.911504353e-02 3.009471137e-02 3.108897643e-02 3.212395303e-02 3.321951621e-02
 3.438832830e-02 3.563497378e-02 3.695553313e-02 3.833790456e-02 3.976302606e-02
 4.120694398e-02 4.264350123e-02 4.404730188e-02 4.539653075e-02 4.667516967e-02
 4.787420847e-02 4.899163798e-02 5.003128636e-02 5.100078506e-02 5.190899926e-02
 5.276310607e-02 5.356525181e-02 5.430859620e-02 5.497303585e-02 5.552287612e-02
 5.591222604e-02 5.610457632e-02 5.610120054e-02 5.595821920e-02 5.571670695e-02
-9.921651950e-05-2.497279341e-04-5.068230343e-04-9.137878331e-04-1.520082215e-03
-2.374232080e-03-3.514660985e-03-4.957365123e-03-6.681012944e-03-8.633765426e-03
-1.071873740e-02-1.285398380e-02-1.504149467e-02-1.753473628e-02-2.082109641e-02
-2.557900727e-02-3.056538650e-02-3.028646095e-02-2.468895184e-02-1.629659524e-02
-9.812921742e-03-4.342505007e-03 4.904449906e-04 4.868461120e-03 8.876000975e-03
 1.254251256e-02 1.586520334e-02 1.882498627e-02 2.140131809e-02 2.358651886e-02
 2.539626378e-02 2.687226287e-02 2.807649807e-02 2.908080667e-02 2.995710550e-02
 3.077146361e-02 3.158211691e-02 3.243965859e-02 3.338734039e-02 3.446005177e-02
 3.568163139e-02 3.706136780e-02 3.859131903e-02 4.024590807e-02 4.198426654e-02
 4.375481218e-02 4.550123423e-02 4.716925111e-02 4.871346423e-02 5.010307129e-02
 5.132477333e-02 5.238178173e-02 5.328935703e-02 5.406868340e-02 5.474110056e-02
 5.532389230e-02 5.582784765e-02 5.625633487e-02 5.660571748e-02 5.686724330e-02
 5.703048277e-02 5.708392545e-02 5.707886695e-02 5.698851078e-02 5.682021073e-02
 3.981061397e-05 5.150846791e-05-9.036692305e-06-2.265569063e-04-7.112677249e-04
-1.582295082e-03-2.942769759e-03-4.866245732e-03-7.391302171e-03-1.049310539e-02
-1.373987392e-02-1.621296400e-02-1.745872187e-02-1.770630617e-02-1.778795805e-02
-1.781094844e-02-1.733609819e-02-1.584027905e-02-1.313404219e-02-9.482744517e-03
-5.344727627e-03-1.050306902e-03 3.246464428e-03 7.484367052e-03 1.162776446e-02
 1.562747911e-02 1.939730432e-02 2.280733321e-02 2.570778452e-02 2.798615394e-02
 2.962485706e-02 3.071338981e-02 3.140542748e-02 3.185941606e-02 3.220371681e-02
 3.253250992e-02 3.291726404e-02 3.342063019e-02 3.410597268e-02 3.503824756e-02
 3.627388557e-02 3.784308945e-02 3.973481665e-02 4.189381981e-02 4.422982364e-02
 4.663093511e-02 4.897506339e-02 5.114150727e-02 5.302820833e-02 5.457293197e-02
 5.576671784e-02 5.664857782e-02 5.728381183e-02 5.773997484e-02 5.807200521e-02
 5.831786051e-02 5.850026345e-02 5.863044879e-02 5.871191159e-02 5.874361885e-02
 5.872269766e-02 5.864790583e-02 5.855211152e-02 5.841615702e-02 5.822779275e-02
 3.134936175e-04 6.786499866e-04 1.118272577e-03 1.514282956e-03 1.613793096e-03
 1.021127342e-03-4.766763708e-04-2.838021078e-03-6.135508703e-03-1.076385227e-02
-1.655449723e-02-1.976522624e-02-1.963623585e-02-1.629252651e-02-1.396717099e-02
-1.219190112e-02-1.047395448e-02-8.513579343e-03-6.153263069e-03-3.352262006e-03
-1.447049820e-04 3.411183259e-03 7.269338752e-03 1.140880009e-02 1.582727643e-02
 2.051377765e-02 2.537695779e-02 3.008947735e-02 3.396661452e-02 3.633137432e-02
 3.705286516e-02 3.668606325e-02 3.591137618e-02 3.514525978e-02 3.450805848e-02
 3.402660246e-02 3.370533816e-02 3.354902326e-02 3.363720975e-02 3.411538345e-02
 3.520048080e-02 3.705097760e-02 3.965502380e-02 4.284905589e-02 4.639345779e-02
 5.007104593e-02 5.366082214e-02 5.688531274e-02 5.944097206e-02 6.112549431e-02
 6.197840168e-02 6.224529746e-02 6.220171894e-02 6.203280348e-02 6.182854093e-02
 6.162600739e-02 6.143463010e-02 6.125266728e-02 6.107455476e-02 6.089260956e-02
 6.070042771e-02 6.049463715e-02 6.029594078e-02 6.008437911e-02 5.985240666e-02
 6.872587969e-04 1.569906115e-03 2.844074342e-03 4.590512756e-03 6.776405780e-03
 6.950951599e-03 4.479479295e-03 1.767648059e-03-1.086087580e-03-4.151137943e-03
-7.032917183e-03-8.944010302e-03-9.454754691e-03-8.786186287e-03-7.626474480e-03
-6.279138011e-03-4.758539656e-03-3.008347234e-03-9.700157895e-04 1.399063335e-03
 4.126870763e-03 7.237648628e-03 1.076750623e-02 1.478393611e-02 1.941493036e-02
 2.490694344e-02 3.177378385e-02 4.130051579e-02 5.051699465e-02 5.333056681e-02
 4.934770491e-02 4.319187532e-02 3.970721756e-02 3.748067662e-02 3.593718468e-02
 3.476955177e-02 3.376654300e-02 3.274077050e-02 3.150076418e-02 3.003315266e-02
 2.986968567e-02 3.219539481e-02 3.683236588e-02 4.262862996e-02 4.838064923e-02
 5.422948965e-02 6.043863635e-02 6.677234267e-02 7.140222350e-02 7.286770121e-02
 7.121618747e-02 6.910549758e-02 6.753929504e-02 6.640036326e-02 6.554566188e-02
 6.487926970e-02 6.433878882e-02 6.388195600e-02 6.348354331e-02 6.312194144e-02
 6.278713585e-02 6.247233039e-02 6.217190078e-02 6.187134140e-02 6.155958558e-02
 1.025371904e-03 2.353364760e-03 4.279953541e-03 6.879393016e-03 9.955914229e-03
 1.071205610e-02 8.514381800e-03 6.219413844e-03 4.106505329e-03 2.201323484e-03
 5.772821052e-04-6.526176873e-04-1.382694745e-03-1.599675773e-03-1.362228191e-03
-7.441915876e-04 2.042848425e-04 1.462424900e-03 3.029640647e-03 4.916381773e-03
 7.139625885e-03 9.722979859e-03 1.270026148e-02 1.612145535e-02 2.005945045e-02
 2.461083133e-02 2.985418443e-02 3.557079924e-02 4.040203997e-02 4.266019932e-02
 4.207676125e-02 4.004155101e-02 3.810372089e-02 3.660667483e-02 3.548202940e-02
 3.459479633e-02 3.379204628e-02 3.288277811e-02 3.158040977e-02 2.942828123e-02
 2.864275158e-02 3.118389328e-02 3.724851692e-02 4.418815945e-02 5.059687066e-02
 5.704082007e-02 6.409220196e-02 7.234973970e-02 7.771469807e-02 7.878693712e-02
 7.557076142e-02 7.268567836e-02 7.076914958e-02 6.940467492e-02 6.837014733e-02
 6.754414743e-02 6.685677057e-02 6.626548053e-02 6.574298529e-02 6.527089518e-02
 6.483623649e-02 6.442931531e-02 6.404226349e-02 6.366845763e-02 6.330523475e-02
 1.260922245e-03 2.878845833e-03 5.190486682e-03 8.234814959e-03 1.177844438e-02
 1.295644783e-02 1.100775160e-02 9.340199999e-03 7.857475284e-03 6.516438418e-03
 5.333601268e-03 4.372813628e-03 3.682602038e-03 3.291709426e-03 3.209000984e-03
 3.430432663e-03 3.947536737e-03 4.753258999e-03 5.844248984e-03 7.220732961e-03
 8.885290497e-03 1.084110598e-02 1.308930584e-02 1.562392505e-02 1.842168581e-02
 2.142243419e-02 2.449807209e-02 2.742350963e-02 2.989300160e-02 3.172326201e-02
 3.284776079e-02 3.336865760e-02 3.354689344e-02 3.360219724e-02 3.366902923e-02
 3.381374286e-02 3.406849792e-02 3.446740483e-02 3.509399398e-02 3.614043834e-02
 3.790375712e-02 4.061784202e-02 4.426883027e-02 4.859496276e-02 5.326554321e-02
 5.801279556e-02 6.257869551e-02 6.660390493e-02 6.965206469e-02 7.145286252e-02
 7.210360509e-02 7.198649006e-02 7.148773859e-02 7.084230708e-02 7.016221042e-02
 6.949591600e-02 6.886288260e-02 6.826935301e-02 6.771534017e-02 6.719785704e-02
 6.671251358e-02 6.625435640e-02 6.581834500e-02 6.539970264e-02 6.499680117e-02
 1.415161046e-03 3.219873974e-03 5.777436219e-03 9.111053179e-03 1.295095797e-02
 1.441989805e-02 1.289095097e-02 1.159856072e-02 1.047811968e-02 9.410095096e-03
 8.443521135e-03 7.615051410e-03 6.956330754e-03 6.492307705e-03 6.240619837e-03
 6.212432999e-03 6.414119312e-03 6.848946997e-03 7.518176100e-03 8.421328359e-03
 9.555603648e-03 1.091445014e-02 1.248521218e-02 1.424573997e-02 1.616007327e-02
 1.817411982e-02 2.021386876e-02 2.219052635e-02 2.401614907e-02 2.561847576e-02
 2.703593381e-02 2.826080144e-02 2.933933263e-02 3.035328389e-02 3.137955682e-02
 3.248990829e-02 3.375201135e-02 3.523440085e-02 3.701143756e-02 3.916143213e-02
 4.175184741e-02 4.481315765e-02 4.831320128e-02 5.214790009e-02 5.615090410e-02
 6.011187032e-02 6.379769713e-02 6.698223993e-02 6.948823100e-02 7.123061166e-02
 7.223780549e-02 7.263299396e-02 7.258360118e-02 7.224981802e-02 7.175637883e-02
 7.118807243e-02 7.059715783e-02 7.001313208e-02 6.945084084e-02 6.891619430e-02
 6.840989962e-02 6.792980577e-02 6.747234517e-02 6.703330437e-02 6.660272260e-02
 1.518270041e-03 3.448216169e-03 6.171931135e-03 9.704010919e-03 1.377257089e-02
 1.549408749e-02 1.416932962e-02 1.312673863e-02 1.219443206e-02 1.129070303e-02
 1.043930021e-02 9.667816357e-03 9.001494014e-03 8.462298165e-03 8.068510387e-03
 7.834721812e-03 7.772112595e-03 7.888803713e-03 8.190102979e-03 8.678423123e-03
 9.352861011e-03 1.020846448e-02 1.123526805e-02 1.241728447e-02 1.373180036e-02
 1.514952435e-02 1.663624107e-02 1.815636819e-02 1.967842432e-02 2.118118998e-02
 2.265661411e-02 2.411516597e-02 2.561281863e-02 2.715757384e-02 2.878973040e-02
 3.054301976e-02 3.250155231e-02 3.471400110e-02 3.723709734e-02 4.011228690e-02
 4.334219511e-02 4.694588360e-02 5.091398720e-02 5.519207104e-02 5.965648049e-02
 6.407605690e-02 6.811020852e-02 7.142483289e-02 7.380922456e-02 7.519831754e-02
 7.568483503e-02 7.551882017e-02 7.499407931e-02 7.431595071e-02 7.359416322e-02
 7.288242932e-02 7.220533339e-02 7.157215709e-02 7.098402950e-02 7.043781397e-02
 6.992830212e-02 6.944947352e-02 6.899522383e-02 6.855991031e-02 6.814375503e-02
 1.590130229e-03 3.607656340e-03 6.447892975e-03 1.011903015e-02 1.434556477e-02
 1.623372215e-02 1.505609473e-02 1.413048501e-02 1.331156939e-02 1.248126017e-02
 1.166370788e-02 1.088228497e-02 1.015889995e-02 9.513454607e-03 8.963603546e-03
 8.524736757e-03 8.210083476e-03 8.030924411e-03 7.996721493e-03 8.114776955e-03
 8.389756416e-03 8.823246731e-03 9.413375985e-03 1.015460006e-02 1.103785737e-02
 1.205139252e-02 1.318230190e-02 1.441794536e-02 1.574786873e-02 1.716589125e-02
 1.867192261e-02 2.027294576e-02 2.198361110e-02 2.383140096e-02 2.584136374e-02
 2.803637385e-02 3.046582325e-02 3.317147836e-02 3.619614060e-02 3.957809294e-02
 4.334661743e-02 4.754970919e-02 5.224767656e-02 5.751803154e-02 6.348014312e-02
 7.050018628e-02 7.694304955e-02 8.153461316e-02 8.406208020e-02 8.439239171e-02
 8.256331624e-02 7.978058884e-02 7.786888435e-02 7.640486580e-02 7.524415140e-02
 7.429871267e-02 7.350968074e-02 7.283605848e-02 7.224832603e-02 7.172457120e-02
 7.124808565e-02 7.080582540e-02 7.038737762e-02 6.998416479e-02 6.958533808e-02
 1.643204994e-03 3.726303309e-03 6.655345585e-03 1.043457463e-02 1.476913513e-02
 1.674789155e-02 1.570641438e-02 1.485112207e-02 1.405478194e-02 1.321169654e-02
 1.234923978e-02 1.149014728e-02 1.065420776e-02 9.859162834e-03 9.121172925e-03
 8.455098634e-03 7.874796649e-03 7.393303092e-03 7.025928436e-03 6.787194116e-03
 6.689439466e-03 6.742644602e-03 6.954116840e-03 7.328033532e-03 7.864744716e-03
 8.561656064e-03 9.420098855e-03 1.044000020e-02 1.162081461e-02 1.296262382e-02
 1.446778283e-02 1.614243160e-02 1.799619160e-02 2.004201667e-02 2.229633770e-02
 2.477916751e-02 2.751445899e-02 3.052999857e-02 3.385799696e-02 3.753739697e-02
 4.161857936e-02 4.617027909e-02 5.128924802e-02 5.711943324e-02 6.388407465e-02
 7.186030620e-02 7.909412308e-02 8.395382781e-02 8.646630019e-02 8.656685132e-02
 8.416186469e-02 8.082897254e-02 7.854328659e-02 7.693763405e-02 7.576583746e-02
 7.487999657e-02 7.418656249e-02 7.362392659e-02 7.315019332e-02 7.273614521e-02
 7.236101109e-02 7.200981056e-02 7.167159191e-02 7.133802561e-02 7.100193260e-02
 1.683266857e-03 3.817496176e-03 6.819625001e-03 1.069681037e-02 1.517932324e-02
 1.737596526e-02 1.648715285e-02 1.551792979e-02 1.458475166e-02 1.362258936e-02
 1.263477092e-02 1.163337407e-02 1.063129805e-02 9.641539085e-03 8.676990552e-03
 7.750449860e-03 6.874528016e-03 6.069470219e-03 5.355184397e-03 4.751049293e-03
 4.275635721e-03 3.946460500e-03 3.779742528e-03 3.790173954e-03 3.990755093e-03
 4.392842579e-03 5.006365463e-03 5.838774236e-03 6.893701880e-03 8.168730617e-03
 9.660550153e-03 1.137736870e-02 1.332410150e-02 1.550451121e-02 1.792489969e-02
 2.059304526e-02 2.351821588e-02 2.671146937e-02 3.018597243e-02 3.395848976e-02
 3.805729931e-02 4.254610406e-02 4.749864611e-02 5.292613153e-02 5.890265306e-02
 6.542290388e-02 7.144532369e-02 7.575979405e-02 7.820820785e-02 7.858753957e-02
 7.768489241e-02 7.678442669e-02 7.598881404e-02 7.535157888e-02 7.486061942e-02
 7.448350523e-02 7.418708049e-02 7.394319943e-02 7.372970095e-02 7.352987756e-02
 7.333157590e-02 7.312632740e-02 7.290865202e-02 7.267560765e-02 7.242751886e-02
 1.709445239e-03 3.877423172e-03 6.928487169e-03 1.087235408e-02 1.542886554e-02
 1.771367572e-02 1.697088640e-02 1.588746239e-02 1.482348862e-02 1.371081131e-02
 1.256115185e-02 1.138013524e-02 1.017524105e-02 8.955223618e-03 7.729671792e-03
 6.508756393e-03 5.313593934e-03 4.166465059e-03 3.090416670e-03 2.109004467e-03
 1.246032356e-03 5.252885397e-04-2.972228476e-05-3.960550248e-04-5.516154558e-04
-4.754922954e-04-1.484101622e-04 4.466294625e-04 1.323527483e-03 2.492203997e-03
 3.958056013e-03 5.720765837e-03 7.769424286e-03 1.007651737e-02 1.264685955e-02
 1.547703635e-02 1.856090720e-02 2.189155353e-02 2.545967590e-02 2.925072796e-02
 3.322490988e-02 3.752514015e-02 4.210605066e-02 4.683492017e-02 5.165161286e-02
 5.634130632e-02 6.063128289e-02 6.428516963e-02 6.716221644e-02 6.926011217e-02
 7.071018807e-02 7.170527243e-02 7.241031845e-02 7.293403726e-02 7.333946145e-02
 7.365994909e-02 7.391169106e-02 7.410191671e-02 7.423375228e-02 7.430888055e-02
 7.432887880e-02 7.429580413e-02 7.421236457e-02 7.408182510e-02 7.390572612e-02
 1.719963175e-03 3.900619998e-03 6.968059476e-03 1.092975416e-02 1.550066070e-02
 1.778687832e-02 1.702258482e-02 1.589157363e-02 1.471477718e-02 1.346727177e-02
 1.215299379e-02 1.077859942e-02 9.350800449e-03 7.876633518e-03 6.363462149e-03
 4.830752245e-03 3.301255303e-03 1.799449124e-03 3.513280617e-04-1.015850276e-03
-2.273831693e-03-3.393648155e-03-4.345921898e-03-5.101198726e-03-5.630324315e-03
-5.904884562e-03-5.897738705e-03-5.583694718e-03-4.940341507e-03-3.949071304e-03
-2.596368806e-03-8.755224342e-04 1.211244278e-03 3.650621538e-03 6.417662173e-03
 9.465750822e-03 1.276242085e-02 1.629290998e-02 2.003541361e-02 2.396443003e-02
 2.804884771e-02 3.227510956e-02 3.657559793e-02 4.103566521e-02 4.552165139e-02
 4.983220436e-02 5.386588939e-02 5.754094752e-02 6.079821225e-02 6.361561851e-02
 6.600824231e-02 6.801716424e-02 6.969405304e-02 7.108893475e-02 7.224414571e-02
 7.319319033e-02 7.396207263e-02 7.457132626e-02 7.503785224e-02 7.537626425e-02
 7.559973826e-02 7.572047453e-02 7.574989867e-02 7.569874086e-02 7.557847312e-02
 1.716745930e-03 3.892190593e-03 6.950076194e-03 1.089537114e-02 1.545557822e-02
 1.773276080e-02 1.685605581e-02 1.564816139e-02 1.435777629e-02 1.296528348e-02
 1.147624974e-02 9.896232163e-03 8.230618029e-03 6.484710292e-03 4.674312305e-03
 2.821727033e-03 9.515875544e-04-9.092694730e-04-2.732006014e-03-4.486015947e-03
-6.139192657e-03-7.658227717e-03-9.008940064e-03-1.015663928e-02-1.106653187e-02
-1.170418673e-02-1.203608452e-02-1.203027988e-02-1.165721997e-02-1.089076778e-02
-9.709483417e-03-8.098224253e-03-6.050126086e-03-3.568922759e-03-6.717971140e-04
 2.607380358e-03 6.216067928e-03 1.007461103e-02 1.413051646e-02 1.835563878e-02
 2.271865555e-02 2.718553251e-02 3.171941606e-02 3.627794108e-02 4.079919617e-02
 4.520872490e-02 4.943609000e-02 5.342064893e-02 5.711454114e-02 6.048484769e-02
 6.351401776e-02 6.619819268e-02 6.854412782e-02 7.056584507e-02 7.228187265e-02
 7.371336051e-02 7.488292719e-02 7.581394146e-02 7.652999034e-02 7.705440090e-02
 7.740978285e-02 7.761761206e-02 7.769788893e-02 7.766888012e-02 7.754645272e-02
 1.703638239e-03 3.861470751e-03 6.892759556e-03 1.080049521e-02 1.529076788e-02
 1.745882202e-02 1.655874478e-02 1.525590236e-02 1.383407003e-02 1.228305265e-02
 1.060710079e-02 8.809852933e-03 6.894619672e-03 4.871640779e-03 2.762008509e-03
 5.896183119e-04-1.618927585e-03-3.834469871e-03-6.025486642e-03-8.158337163e-03
-1.019754635e-02-1.210612390e-02-1.384591349e-02-1.537797036e-02-1.666297049e-02
-1.766166105e-02-1.833537052e-02-1.864660776e-02-1.855978955e-02-1.804214937e-02
-1.706489321e-02-1.560467557e-02-1.364546307e-02-1.118085936e-02-8.216888180e-03
-4.775324128e-03-8.974767405e-04 3.351764420e-03 7.881842977e-03 1.256819522e-02
 1.738369262e-02 2.229294651e-02 2.725748915e-02 3.223415101e-02 3.717443510e-02
 4.202547649e-02 4.673242569e-02 5.124123275e-02 5.550124108e-02 5.946748045e-02
 6.310263159e-02 6.637859835e-02 6.927760699e-02 7.179274437e-02 7.392784250e-02
 7.569664883e-02 7.712131089e-02 7.823033004e-02 7.905624765e-02 7.963336736e-02
 7.999577531e-02 8.017582023e-02 8.020310184e-02 8.010391650e-02 7.990094295e-02
 1.684214515e-03 3.816675439e-03 6.810947029e-03 1.066869576e-02 1.510612932e-02
 1.722112606e-02 1.618663485e-02 1.477118132e-02 1.320527741e-02 1.148594734e-02
 9.614869653e-03 7.593633943e-03 5.424843703e-03 3.127483471e-03 7.238703667e-04
-1.760512053e-03-4.297141561e-03-6.854632648e-03-9.398964112e-03-1.189375329e-02
-1.430057071e-02-1.657928634e-02-1.868843836e-02-2.058561751e-02-2.222786428e-02
-2.357208275e-02-2.457548424e-02-2.519608521e-02-2.539329806e-02-2.512866909e-02
-2.436683390e-02-2.307677659e-02-2.123349333e-02-1.882016259e-02-1.583093201e-02
-1.227436576e-02-8.177548580e-03-3.590792305e-03 1.407113639e-03 6.703727087e-03
 1.215109294e-02 1.769354740e-02 2.329982540e-02 2.893390323e-02 3.455402750e-02
 4.011222505e-02 4.555421311e-02 5.081990860e-02 5.584479707e-02 6.056248509e-02
 6.490864267e-02 6.882616243e-02 7.227080863e-02 7.521616633e-02 7.765661723e-02
 7.960748307e-02 8.110224935e-02 8.218759962e-02 8.291751399e-02 8.334772041e-02
 8.353139062e-02 8.351640831e-02 8.334407538e-02 8.304891615e-02 8.266047520e-02
 1.661238752e-03 3.764033062e-03 6.715628803e-03 1.051666375e-02 1.487874667e-02
 1.689782882e-02 1.576605694e-02 1.423299327e-02 1.251886660e-02 1.062739337e-02
 8.558426125e-03 6.311320456e-03 3.896665671e-03 1.334843336e-03-1.350350224e-03
-4.131729240e-03-6.978841262e-03-9.858160043e-03-1.273334069e-02-1.556552810e-02
-1.831370633e-02-2.093507473e-02-2.338543636e-02-2.561958583e-02-2.759168758e-02
-2.925564238e-02-3.056544951e-02-3.147558436e-02-3.194142691e-02-3.191979470e-02
-3.136965454e-02-3.025310921e-02-2.853677651e-02-2.619369687e-02-2.320591071e-02
-1.956784825e-02-1.529063244e-02-1.040729924e-02-4.978742330e-03 8.999033675e-04
 7.092793373e-03 1.342063811e-02 1.984292199e-02 2.633477574e-02 3.286375222e-02
 3.938713148e-02 4.584886355e-02 5.217649709e-02 5.827920314e-02 6.404881495e-02
 6.936615893e-02 7.411383551e-02 7.819368905e-02 8.154407664e-02 8.415112719e-02
 8.605009471e-02 8.731640502e-02 8.804967350e-02 8.835630929e-02 8.833584615e-02
 8.807326964e-02 8.763667592e-02 8.707827720e-02 8.643686407e-02 8.573842172e-02
 1.636760215e-03 3.708138638e-03 6.614879120e-03 1.035684551e-02 1.463676163e-02
 1.654671078e-02 1.534323733e-02 1.367601331e-02 1.181452750e-02 9.753479238e-03
 7.490989891e-03 5.026904689e-03 2.378683967e-03-4.323181676e-04-3.380966261e-03
-6.438466586e-03-9.572542438e-03-1.274767355e-02-1.592539715e-02-1.906466100e-02
-2.212221384e-02-2.505301512e-02-2.781064480e-02-3.034769453e-02-3.261612587e-02
-3.456758722e-02-3.615369133e-02-3.732626807e-02-3.803762362e-02-3.824085697e-02
-3.789030792e-02-3.694223692e-02-3.535586570e-02-3.309493552e-02-3.012996586e-02
-2.644140628e-02-2.202386652e-02-1.689156482e-02-1.108503857e-02-4.678931540e-03
 2.209700926e-03 9.412653796e-03 1.676587297e-02 2.426575292e-02 3.190171308e-02
 3.965191084e-02 4.747568063e-02 5.530199763e-02 6.301380532e-02 7.043206723e-02
 7.731234619e-02 8.337319136e-02 8.835920600e-02 9.210947024e-02 9.459929168e-02
 9.594415197e-02 9.636398761e-02 9.611741098e-02 9.543808429e-02 9.450320032e-02
 9.343297744e-02 9.230351499e-02 9.116065406e-02 9.003073005e-02 8.892921873e-02
 1.612299071e-03 3.652385481e-03 6.514612666e-03 1.019833437e-02 1.442552055e-02
 1.628974902e-02 1.491042811e-02 1.312871914e-02 1.112576354e-02 8.902410557e-03
 6.455280213e-03 3.790669410e-03 9.273308550e-04-2.112054652e-03-5.300890175e-03
-8.608769774e-03-1.200167162e-02-1.544223034e-02-1.889007887e-02-2.230224513e-02
-2.563358395e-02-2.883722145e-02-3.186498735e-02-3.466781158e-02-3.719606532e-02
-3.939983295e-02-4.122911149e-02-4.263394727e-02-4.356453607e-02-4.397133362e-02
-4.380524751e-02-4.301801044e-02-4.156286671e-02-3.939573978e-02-3.647708371e-02
-3.277465197e-02-2.826743092e-02-2.295096586e-02-1.684422783e-02-9.998013956e-03
-2.504601978e-03 5.492302004e-03 1.378848000e-02 2.233689951e-02 3.116976199e-02
 4.032039890e-02 4.981833959e-02 5.967634958e-02 6.985799646e-02 8.019530442e-02
 9.020733607e-02 9.899612086e-02 1.056933030e-01 1.098444893e-01 1.113992995e-01
 1.107492292e-01 1.087192156e-01 1.061749771e-01 1.035938835e-01 1.011589255e-01
 9.892486292e-02 9.689522151e-02 9.505384972e-02 9.337831254e-02 9.184566722e-02
 1.589026675e-03 3.599399102e-03 6.419445669e-03 1.004798233e-02 1.418718599e-02
 1.592880988e-02 1.451627551e-02 1.261484964e-02 1.048062762e-02 8.107978880e-03
 5.492357392e-03 2.646500686e-03-4.099523825e-04-3.653179540e-03-7.055251096e-03
-1.058428147e-02-1.420466409e-02-1.787738771e-02-2.156042441e-02-2.520917219e-02
-2.877692967e-02-3.221537627e-02-3.547502902e-02-3.850564840e-02-4.125656855e-02
-4.367693442e-02-4.571583788e-02-4.732235834e-02-4.844552978e-02-4.903427664e-02
-4.903738563e-02-4.840360956e-02-4.708203391e-02-4.502287582e-02-4.217892785e-02
-3.850789973e-02-3.397594287e-02-2.856264804e-02-2.226776230e-02-1.511973705e-02
-7.185952188e-03 1.415910530e-03 1.050660563e-02 1.994282346e-02 2.980241446e-02
 4.018981434e-02 5.124872303e-02 6.318219941e-02 7.628908124e-02 9.105024551e-02
 1.084744816e-01 1.237142034e-01 1.338627579e-01 1.383279176e-01 1.369243869e-01
 1.306136262e-01 1.219259613e-01 1.155224909e-01 1.105147760e-01 1.064782916e-01
 1.031500460e-01 1.003514132e-01 9.795598319e-02 9.587203360e-02 9.403104606e-02
 1.567874127e-03 3.551274255e-03 6.333086033e-03 9.911770319e-03 1.399306985e-02
 1.567030727e-02 1.415630303e-02 1.215169543e-02 9.900254850e-03 7.394510718e-03
 4.631648893e-03 1.627905400e-03-1.596116394e-03-5.015482900e-03-8.601024642e-03
-1.231951691e-02-1.613395072e-02-2.000389005e-02-2.388590356e-02-2.773405115e-02
-3.150040004e-02-3.513554028e-02-3.858906766e-02-4.181000292e-02-4.474711938e-02
-4.734915851e-02-4.956492235e-02-5.134324557e-02-5.263286574e-02-5.338223130e-02
-5.353931043e-02-5.305149385e-02-5.186571894e-02-4.992898423e-02-4.718946897e-02
-4.359852123e-02-3.911382027e-02-3.370404079e-02-2.735532135e-02-2.007972866e-02
-1.192565577e-02-2.989606560e-03 6.571910841e-03 1.653348313e-02 2.693883225e-02
 3.790857527e-02 4.961620178e-02 6.231787138e-02 7.640433241e-02 9.249174052e-02
 1.119746467e-01 1.275063545e-01 1.422698709e-01 1.451021221e-01 1.428061506e-01
 1.353660753e-01 1.252419997e-01 1.179644559e-01 1.124199361e-01 1.080618660e-01
 1.045383126e-01 1.016176806e-01 9.914300853e-02 9.700487081e-02 9.512660310e-02
 1.549579309e-03 3.509673828e-03 6.258483446e-03 9.794210144e-03 1.383255956e-02
 1.546521406e-02 1.383722443e-02 1.175344499e-02 9.402034599e-03 6.782696693e-03
 3.896662659e-03 7.610747250e-04-2.602509591e-03-6.168121180e-03-9.905480547e-03
-1.378019759e-02-1.775407085e-02-2.178547937e-02-2.582985276e-02-2.984019711e-02
-3.376764873e-02-3.756202286e-02-4.117232287e-02-4.454717614e-02-4.763516682e-02
-5.038504300e-02-5.274578572e-02-5.466654086e-02-5.609643150e-02-5.698428835e-02
-5.727836005e-02-5.692609441e-02-5.587411697e-02-5.406857517e-02-5.145606589e-02
-4.798541765e-02-4.361065140e-02-3.829548288e-02-3.201973221e-02-2.478793897e-02
-1.664029599e-02-7.665666041e-03 1.984119709e-03 1.208002142e-02 2.248124677e-02
 3.325290971e-02 4.447369744e-02 5.623501110e-02 6.863021551e-02 8.170394311e-02
 9.508605058e-02 1.067177728e-01 1.157969545e-01 1.211320564e-01 1.222922439e-01
 1.199047668e-01 1.157279247e-01 1.117683724e-01 1.083175313e-01 1.053387154e-01
 1.027568660e-01 1.004982413e-01 9.849953395e-02 9.670911765e-02 9.508388753e-02
 1.534710895e-03 3.475881007e-03 6.197917155e-03 9.698739617e-03 1.367801341e-02
 1.522343407e-02 1.359583275e-02 1.143210954e-02 9.000209782e-03 6.290118636e-03
 3.306211621e-03 6.625809275e-05-3.407440332e-03-7.088084533e-03-1.094450062e-02
-1.494136429e-02-1.903952832e-02-2.319644604e-02-2.736667493e-02-3.150243662e-02
-3.555420333e-02-3.947127599e-02-4.320231791e-02-4.669580855e-02-4.990038660e-02
-5.276505878e-02-5.523926150e-02-5.727277619e-02-5.881551567e-02-5.981721934e-02
-6.022711892e-02-5.999366567e-02-5.906444534e-02-5.738644969e-02-5.490692310e-02
-5.157505921e-02-4.734487811e-02-4.217965960e-02-3.605831818e-02-2.898404650e-02
-2.099537272e-02-1.217940531e-02-2.686412352e-03 7.256105848e-03 1.733390529e-02
 2.752163444e-02 3.779625485e-02 4.810383277e-02 5.833237438e-02 6.827295280e-02
 7.758857041e-02 8.584765177e-02 9.263683217e-02 9.767184485e-02 1.008856159e-01
 1.024700803e-01 1.028182034e-01 1.023719796e-01 1.014805370e-01 1.003650783e-01
 9.915109425e-02 9.790606327e-02 9.666484638e-02 9.544453457e-02 9.425377528e-02
 1.523684510e-03 3.450830426e-03 6.153041792e-03 9.628172051e-03 1.359165179e-02
 1.513513692e-02 1.340423321e-02 1.119498454e-02 8.704586060e-03 5.928359503e-03
 2.873330758e-03-4.422514050e-04-3.995537356e-03-7.759117948e-03-1.170116360e-02
-1.578566866e-02-1.997280181e-02-2.421935463e-02-2.847927149e-02-3.270423618e-02
-3.684428379e-02-4.084840223e-02-4.466508595e-02-4.824280578e-02-5.153036337e-02
-5.447710660e-02-5.703299315e-02-5.914850354e-02-6.077442156e-02-6.186152066e-02
-6.236021874e-02-6.222029287e-02-6.139078052e-02-5.982023582e-02-5.745755924e-02
-5.425367400e-02-5.016437834e-02-4.515474699e-02-3.920546607e-02-3.232142906e-02
-2.454274686e-02-1.595797425e-02-6.718769992e-03 2.945608226e-03 1.271630025e-02
 2.239081569e-02 3.191839292e-02 4.122246110e-02 5.019552675e-02 5.869738017e-02
 6.656161947e-02 7.361433182e-02 7.970309867e-02 8.472805861e-02 8.866456352e-02
 9.156870227e-02 9.356228401e-02 9.480289599e-02 9.545205680e-02 9.565319540e-02
 9.552263531e-02 9.514978584e-02 9.460145020e-02 9.392694752e-02 9.316310803e-02
 1.516782271e-03 3.435149209e-03 6.124949854e-03 9.583923944e-03 1.351667053e-02
 1.501510378e-02 1.329111624e-02 1.104778371e-02 8.521452853e-03 5.704866171e-03
 2.606516020e-03-7.550625822e-04-4.356678056e-03-8.170539449e-03-1.216440880e-02
-1.630185917e-02-2.054263989e-02-2.484314106e-02-2.915694018e-02-3.343540549e-02
-3.762832414e-02-4.168451866e-02-4.555241377e-02-4.918051714e-02-5.251778232e-02
-5.551383023e-02-5.811901680e-02-6.028434837e-02-6.196126368e-02-6.310132142e-02
-6.365585659e-02-6.357569761e-02-6.281107060e-02-6.131185857e-02-5.902843151e-02
-5.591331633e-02-5.192402754e-02-4.702741826e-02-4.120591332e-02-3.446591572e-02
-2.684848291e-02-1.844198534e-02-9.395824388e-03 6.663448348e-05 9.638972742e-03
 1.901041632e-02 2.812860551e-02 3.692570699e-02 4.531948159e-02 5.321673705e-02
 6.051984712e-02 6.713626121e-02 7.298974574e-02 7.803100866e-02 8.224498156e-02
 8.565268598e-02 8.830715966e-02 9.028477918e-02 9.167461481e-02 9.256855017e-02
 9.305392085e-02 9.320912948e-02 9.310177848e-02 9.278849456e-02 9.231445202e-02
 1.514186610e-03 3.429240294e-03 6.114329433e-03 9.567098255e-03 1.348843697e-02
 1.496847855e-02 1.324935963e-02 1.099274324e-02 8.454342016e-03 5.623981934e-03
 2.510729607e-03-8.667214169e-04-4.485025024e-03-8.316234634e-03-1.232795456e-02
-1.648360016e-02-2.074276692e-02-2.506169996e-02-2.939384611e-02-3.369046299e-02
-3.790125256e-02-4.197498271e-02-4.586005842e-02-4.950500600e-02-5.285883870e-02
-5.587127993e-02-5.849283192e-02-6.067469151e-02-6.236853212e-02-6.352619116e-02
-6.409932625e-02-6.403913221e-02-6.329624506e-02-6.182100035e-02-5.956426045e-02
-5.647907741e-02-5.252350863e-02-4.766493810e-02-4.188625448e-02-3.519416098e-02
-2.762968919e-02-1.928059574e-02-1.029467809e-02-8.921314076e-04 8.626042628e-03
 1.791486668e-02 2.692314542e-02 3.558742917e-02 4.383399485e-02 5.158264776e-02
 5.875243549e-02 6.526888689e-02 7.107181823e-02 7.612231268e-02 8.040741046e-02
 8.394145725e-02 8.676385180e-02 8.893383187e-02 9.052359160e-02 9.161120379e-02
 9.227453122e-02 9.258676836e-02 9.261372086e-02 9.241260947e-02 9.203355626e-02
 1.516003213e-03 3.433356065e-03 6.121672631e-03 9.578654624e-03 1.352411347e-02
 1.504875840e-02 1.326797404e-02 1.103245617e-02 8.505603276e-03 5.687846351e-03
 2.588055976e-03-7.751310770e-04-4.378448729e-03-8.194046504e-03-1.218963626e-02
-1.632874755e-02-2.057109180e-02-2.487302650e-02-2.918810196e-02-3.346766475e-02
-3.766148591e-02-4.171837718e-02-4.558675730e-02-4.921513172e-02-5.255245405e-02
-5.554834552e-02-5.815315989e-02-6.031789543e-02-6.199397256e-02-6.313291611e-02
-6.368600516e-02-6.360398214e-02-6.283694756e-02-6.133460797e-02-5.904709323e-02
-5.592661265e-02-5.193027239e-02-4.702441647e-02-4.119085773e-02-3.443529788e-02
-2.679804411e-02-1.836675009e-02-9.290276157e-03 2.081533730e-04 9.821408515e-03
 1.924210262e-02 2.841762213e-02 3.727882148e-02 4.574066125e-02 5.370543784e-02
 6.106952819e-02 6.773372638e-02 7.361581246e-02 7.866262176e-02 8.285837088e-02
 8.622673938e-02 8.882605965e-02 9.073924126e-02 9.206164154e-02 9.289014145e-02
 9.331538056e-02 9.341748187e-02 9.326455015e-02 9.291289877e-02 9.240653443e-02
 1.522221155e-03 3.447483793e-03 6.146989889e-03 9.618462203e-03 1.356176224e-02
 1.506573983e-02 1.338512273e-02 1.116793189e-02 8.674956761e-03 5.895721494e-03
 2.837416673e-03-4.816313438e-04-4.038487646e-03-7.805658737e-03-1.175123424e-02
-1.583913300e-02-2.002945495e-02-2.427893108e-02-2.854145456e-02-3.276866831e-02
-3.691057736e-02-4.091615034e-02-4.473387239e-02-4.831221335e-02-5.159997962e-02
-5.454652590e-02-5.710181400e-02-5.921631959e-02-6.084080492e-02-6.192599560e-02
-6.242222351e-02-6.227912703e-02-6.144553459e-02-5.986970000e-02-5.750010742e-02
-5.428712028e-02-5.018580466e-02-4.516030424e-02-3.919015763e-02-3.227889687e-02
-2.446509809e-02-1.583571251e-02-6.540934789e-03 3.190961190e-03 1.304164014e-02
 2.281565625e-02 3.246419818e-02 4.191067650e-02 5.104373428e-02 5.971335909e-02
 6.773653107e-02 7.491803697e-02 8.108468510e-02 8.612253682e-02 9.000436399e-02
 9.279657145e-02 9.464079255e-02 9.571696326e-02 9.620486930e-02 9.625924633e-02
 9.600144341e-02 9.552170277e-02 9.488539613e-02 9.413944862e-02 9.331832140e-02
 1.532676134e-03 3.471247489e-03 6.189591247e-03 9.685633790e-03 1.366783908e-02
 1.522862934e-02 1.355766359e-02 1.139457713e-02 8.958473607e-03 6.243332819e-03
 3.254099764e-03 8.636450921e-06-3.470656726e-03-7.156876424e-03-1.101874377e-02
-1.502083276e-02-1.912390137e-02-2.328531814e-02-2.745956840e-02-3.159881638e-02
-3.565349296e-02-3.957287426e-02-4.330561474e-02-4.680019922e-02-5.000528295e-02
-5.286989596e-02-5.534349876e-02-5.737588996e-02-5.891698297e-02-5.991648924e-02
-6.032356917e-02-6.008654119e-02-5.915277458e-02-5.746893398e-02-5.498179402e-02
-5.163989847e-02-4.739639547e-02-4.221342633e-02-3.606845772e-02-2.896289057e-02
-2.093309981e-02-1.206369160e-02-2.502130655e-03 7.527005729e-03 1.771006472e-02
 2.803653338e-02 3.849299291e-02 4.903675656e-02 5.956501040e-02 6.986468703e-02
 7.956114862e-02 8.815011362e-02 9.514634914e-02 1.002126589e-01 1.032656166e-01
 1.045363457e-01 1.045030345e-01 1.036921615e-01 1.024933837e-01 1.011328504e-01
 9.972761014e-02 9.833439890e-02 9.697851042e-02 9.566932677e-02 9.440944662e-02
 1.547061842e-03 3.503953878e-03 6.248237815e-03 9.778075143e-03 1.380507569e-02
 1.542144503e-02 1.380061306e-02 1.170714482e-02 9.349443998e-03 6.722996798e-03
 3.829541875e-03 6.863297078e-04-2.684955295e-03-6.258211834e-03-1.000302760e-02
-1.388488358e-02-1.786545766e-02-2.190302066e-02-2.595291001e-02-2.996805888e-02
-3.389955213e-02-3.769717633e-02-4.130992899e-02-4.468645315e-02-4.777536742e-02
-5.052546881e-02-5.288579580e-02-5.480555252e-02-5.623391139e-02-5.711973153e-02
-5.741125446e-02-5.705586748e-02-5.600006042e-02-5.418974363e-02-5.157114422e-02
-4.809255173e-02-4.370723795e-02-3.837791537e-02-3.208310350e-02-2.482570691e-02
-1.664392595e-02-7.624262436e-03 2.084171899e-03 1.225576614e-02 2.275467432e-02
 3.365801568e-02 4.506258734e-02 5.709004515e-02 6.988902272e-02 8.362706269e-02
 9.826440376e-02 1.106323880e-01 1.205094323e-01 1.259612786e-01 1.265831621e-01
 1.231275461e-01 1.176999813e-01 1.130831571e-01 1.092247907e-01 1.059732067e-01
 1.032011425e-01 1.008060248e-01 9.870721462e-02 9.684211998e-02 9.516042862e-02
 1.564936316e-03 3.544606974e-03 6.321162916e-03 9.893008814e-03 1.396061170e-02
 1.561295103e-02 1.411066364e-02 1.209736145e-02 9.837853721e-03 7.323050106e-03
 4.550681588e-03 1.537181946e-03-1.696676622e-03-5.125793599e-03-8.720835777e-03
-1.244842086e-02-1.627139252e-02-2.014918221e-02-2.403824542e-02-2.789255232e-02
-3.166410715e-02-3.530346595e-02-3.876022055e-02-4.198341731e-02-4.492188292e-02
-4.752443652e-02-4.973997726e-02-5.151744973e-02-5.280570618e-02-5.355330449e-02
-5.370830523e-02-5.321816019e-02-5.202981973e-02-5.009022750e-02-4.734741726e-02
-4.375247586e-02-3.926267940e-02-3.384613363e-02-2.748822712e-02-2.020009622e-02
-1.202904841e-02-3.070439653e-03 6.520295791e-03 1.651720973e-02 2.696198747e-02
 3.797889659e-02 4.974713571e-02 6.253188702e-02 7.673731842e-02 9.298902041e-02
 1.121018834e-01 1.288180237e-01 1.399560919e-01 1.448771888e-01 1.431365403e-01
 1.356639653e-01 1.257175493e-01 1.182758421e-01 1.126127218e-01 1.081716254e-01
 1.045886479e-01 1.016242879e-01 9.911668389e-02 9.695332661e-02 9.505571781e-02
 1.585711688e-03 3.591880915e-03 6.406013702e-03 1.002697364e-02 1.417470377e-02
 1.594193628e-02 1.445427228e-02 1.255304492e-02 1.040942420e-02 8.026123516e-03
 5.398778668e-03 2.540987258e-03-5.274444101e-04-3.782515652e-03-7.196112861e-03
-1.073616830e-02-1.436690198e-02-1.804914451e-02-2.174073105e-02-2.539694920e-02
-2.897101818e-02-3.241457232e-02-3.567812004e-02-3.871145031e-02-4.146396224e-02
-4.388490007e-02-4.592348592e-02-4.752895576e-02-4.865052071e-02-4.923729620e-02
-4.923826589e-02-4.860237671e-02-4.727889539e-02-4.521819650e-02-4.237319444e-02
-3.870167424e-02-3.416980809e-02-2.875715213e-02-2.246337421e-02-1.531683957e-02
-7.384926715e-03 1.214541389e-03 1.030184772e-02 1.972103918e-02 2.954487079e-02
 3.986992154e-02 5.082644884e-02 6.259370409e-02 7.542713769e-02 8.973363345e-02
 1.068590384e-01 1.225022126e-01 1.333843116e-01 1.360598032e-01 1.344924193e-01
 1.287237708e-01 1.205038004e-01 1.145515217e-01 1.098162380e-01 1.059489655e-01
 1.027294649e-01 1.000028612e-01 9.765643026e-02 9.560661275e-02 9.378955978e-02
 1.608636160e-03 3.644081504e-03 6.499785785e-03 1.017503699e-02 1.437391120e-02
 1.619011030e-02 1.485931841e-02 1.306043206e-02 1.104625789e-02 8.810587621e-03
 6.349828137e-03 3.671329556e-03 7.940367286e-04-2.259152703e-03-5.461421225e-03
-8.782146542e-03-1.218710075e-02-1.563872889e-02-1.909649711e-02-2.251729506e-02
-2.585587310e-02-2.906529069e-02-3.209735173e-02-3.490300286e-02-3.743267478e-02
-3.963655340e-02-4.146477741e-02-4.286757223e-02-4.379534687e-02-4.419880092e-02
-4.402911280e-02-4.323830935e-02-4.177994886e-02-3.961028543e-02-3.669011806e-02
-3.298755829e-02-2.848196457e-02-2.316927697e-02-1.706891511e-02-1.023222732e-02
-2.752180052e-03 5.226251661e-03 1.349665618e-02 2.199606045e-02 3.075073552e-02
 3.978488701e-02 4.911444974e-02 5.873225590e-02 6.857443921e-02 7.844658891e-02
 8.789649870e-02 9.618353244e-02 1.025900798e-01 1.067134866e-01 1.085110054e-01
 1.083217736e-01 1.068198095e-01 1.047180453e-01 1.024649185e-01 1.002670832e-01
 9.820491596e-02 9.630109175e-02 9.455287604e-02 9.294714160e-02 9.146767469e-02
 1.632766614e-03 3.699089076e-03 6.598731242e-03 1.033157105e-02 1.460310268e-02
 1.650803199e-02 1.527649689e-02 1.360096053e-02 1.172714299e-02 9.652309788e-03
 7.374596176e-03 4.894839616e-03 2.230849653e-03-5.957479142e-04-3.559559817e-03
-6.631540705e-03-9.779172577e-03-1.296671013e-02-1.615548793e-02-1.930427954e-02
-2.236969338e-02-2.530658705e-02-2.806848046e-02-3.060794925e-02-3.287698391e-02
-3.482730661e-02-3.641064785e-02-3.757899794e-02-3.828486498e-02-3.848159069e-02
-3.812379865e-02-3.716807578e-02-3.557401574e-02-3.330578138e-02-3.033436650e-02
-2.664075239e-02-2.222014463e-02-1.708742235e-02-1.128381170e-02-4.884655762e-03
 1.992098163e-03 9.178259770e-03 1.649768168e-02 2.394224159e-02 3.149750418e-02
 3.913748312e-02 4.681754920e-02 5.446426528e-02 6.196262444e-02 6.914477418e-02
 7.579071966e-02 8.165438256e-02 8.651535096e-02 9.023462853e-02 9.278969806e-02
 9.427792256e-02 9.488688773e-02 9.484117863e-02 9.435021447e-02 9.357951777e-02
 9.264658981e-02 9.162936394e-02 9.057720086e-02 8.952020478e-02 8.847728183e-02
 1.656913176e-03 3.754242222e-03 6.698186344e-03 1.048942169e-02 1.484937390e-02
 1.687315409e-02 1.569740020e-02 1.415140391e-02 1.242374952e-02 1.051747287e-02
 8.432358987e-03 6.167757825e-03 3.735655693e-03 1.156646982e-03-1.545203684e-03
-4.342434218e-03-7.204318996e-03-1.009706968e-02-1.298409817e-02-1.582633161e-02
-1.858256732e-02-2.120985340e-02-2.366388044e-02-2.589937119e-02-2.787045961e-02
-2.953105716e-02-3.083521421e-02-3.173749699e-02-3.219341617e-02-3.215996169e-02
-3.159631886e-02-3.046486252e-02-2.873254830e-02-2.637283594e-02-2.336829143e-02
-1.971399549e-02-1.542184637e-02-1.052577814e-02-5.087804634e-03 7.956293602e-04
 6.988040426e-03 1.330662155e-02 1.970289974e-02 2.615055773e-02 3.261581961e-02
 3.905539100e-02 4.541388997e-02 5.162141843e-02 5.759231411e-02 6.322669490e-02
 6.841653113e-02 7.305694314e-02 7.706110331e-02 8.037474516e-02 8.298559062e-02
 8.492451334e-02 8.625810116e-02 8.707527214e-02 8.747245767e-02 8.754154612e-02
 8.736262723e-02 8.700126000e-02 8.650879500e-02 8.592419000e-02 8.527399695e-02
 1.679512496e-03 3.806051982e-03 6.792072073e-03 1.063923643e-02 1.505195592e-02
 1.712347360e-02 1.611418536e-02 1.468192331e-02 1.310182767e-02 1.136694691e-02
 9.478912583e-03 7.439204700e-03 5.251760055e-03 2.936016701e-03 5.146222519e-04
-1.986613138e-03-4.538846585e-03-7.110385282e-03-9.666917968e-03-1.217179414e-02
-1.458634307e-02-1.687022340e-02-1.898179403e-02-2.087849926e-02-2.251726534e-02
-2.385491288e-02-2.484859833e-02-2.545631055e-02-2.563746168e-02-2.535362832e-02
-2.456951567e-02-2.325423406e-02-2.138298727e-02-1.893928152e-02-1.591774170e-02
-1.232762397e-02-8.197043497e-03-3.577756744e-03 1.450013884e-03 6.772515126e-03
 1.223661874e-02 1.778323877e-02 2.337870676e-02 2.898524949e-02 3.456059177e-02
 4.005752557e-02 4.542380337e-02 5.060257368e-02 5.553366380e-02 6.015597130e-02
 6.441105483e-02 6.824768979e-02 7.162673223e-02 7.452529733e-02 7.693921813e-02
 7.888309470e-02 8.038787037e-02 8.149653451e-02 8.225898240e-02 8.272710744e-02
 8.295089747e-02 8.297585514e-02 8.284167403e-02 8.258192065e-02 8.222588304e-02
 1.698439733e-03 3.849749398e-03 6.871995689e-03 1.076833967e-02 1.525778598e-02
 1.744035859e-02 1.647377682e-02 1.515763860e-02 1.372150376e-02 1.215450706e-02
 1.046138844e-02 8.645737723e-03 6.710802008e-03 4.668493473e-03 2.540282791e-03
 3.504309117e-04-1.874108992e-03-4.103831757e-03-6.306882543e-03-8.449304635e-03
-1.049532751e-02-1.240768826e-02-1.414798138e-02-1.567703529e-02-1.695531859e-02
-1.794338656e-02-1.860238729e-02-1.889465631e-02-1.878444243e-02-1.823881954e-02
-1.722885007e-02-1.573107524e-02-1.372941775e-02-1.121755967e-02-8.201890931e-03
-4.704944733e-03-7.691282667e-04 3.539099018e-03 8.125443714e-03 1.286545171e-02
 1.772546871e-02 2.266547447e-02 2.764210346e-02 3.260896753e-02 3.751743127e-02
 4.231737695e-02 4.695804733e-02 5.138961672e-02 5.556545771e-02 5.944454763e-02
 6.299351481e-02 6.618808242e-02 6.901386928e-02 7.146658912e-02 7.355168408e-02
 7.528340879e-02 7.668340610e-02 7.777888826e-02 7.860061803e-02 7.918092349e-02
 7.955195690e-02 7.974433584e-02 7.978621527e-02 7.970274958e-02 7.951547850e-02
 1.710833404e-03 3.878874989e-03 6.926539865e-03 1.085895847e-02 1.539258433e-02
 1.763033464e-02 1.676980236e-02 1.554210831e-02 1.423412232e-02 1.282551322e-02
 1.131948544e-02 9.721521459e-03 8.036934676e-03 6.271059756e-03 4.441708643e-03
 2.571524005e-03 6.855237588e-04-1.189080884e-03-3.023082469e-03-4.785518050e-03
-6.443940781e-03-7.964720126e-03-9.313370160e-03-1.045490980e-02-1.135426410e-02
-1.197672285e-02-1.228847886e-02-1.225728380e-02-1.185325915e-02-1.104991336e-02
-9.825431464e-03-8.164308457e-03-6.059349453e-03-3.514071774e-03-5.453859647e-04
 2.812984515e-03 6.507516190e-03 1.045485085e-02 1.460718097e-02 1.893175519e-02
 2.339209379e-02 2.794384565e-02 3.253285231e-02 3.709576686e-02 4.157533720e-02
 4.591775470e-02 5.006509174e-02 5.396135016e-02 5.756040835e-02 6.083118331e-02
 6.375900112e-02 6.634367044e-02 6.859567801e-02 7.053215792e-02 7.217374519e-02
 7.354261461e-02 7.466145747e-02 7.555298960e-02 7.623966469e-02 7.674341754e-02
 7.708538372e-02 7.728561103e-02 7.736279960e-02 7.733409047e-02 7.721463917e-02
 1.713050955e-03 3.885003452e-03 6.940358368e-03 1.088681248e-02 1.543760574e-02
 1.769742130e-02 1.692042265e-02 1.575771021e-02 1.457616520e-02 1.331302783e-02
 1.198256461e-02 1.059130886e-02 9.145777595e-03 7.652862665e-03 6.120877391e-03
 4.571015459e-03 3.026398300e-03 1.511923344e-03 5.399027813e-05-1.319756257e-03
-2.580696571e-03-3.699518472e-03-4.646518840e-03-5.391931931e-03-5.906297826e-03
-6.160891994e-03-6.128256438e-03-5.782856466e-03-5.101908986e-03-4.066412654e-03
-2.662411643e-03-8.826086577e-04 1.271493821e-03 3.787576702e-03 6.640456710e-03
 9.782553169e-03 1.318784498e-02 1.684317437e-02 2.073092131e-02 2.483085525e-02
 2.911880616e-02 3.353970463e-02 3.805650815e-02 4.250034260e-02 4.681479416e-02
 5.099521930e-02 5.492644178e-02 5.849970480e-02 6.164328332e-02 6.433250002e-02
 6.658754617e-02 6.845827302e-02 7.000449186e-02 7.128157157e-02 7.233434930e-02
 7.319678106e-02 7.389408423e-02 7.444536296e-02 7.486582607e-02 7.516835537e-02
 7.536447760e-02 7.546488881e-02 7.547968293e-02 7.541843916e-02 7.529172206e-02
 1.701416404e-03 3.859091485e-03 6.895431480e-03 1.081998958e-02 1.537031012e-02
 1.766375275e-02 1.684260439e-02 1.575149773e-02 1.466223116e-02 1.353702872e-02
 1.237395746e-02 1.117819549e-02 9.957379337e-03 8.720467273e-03 7.477121130e-03
 6.240077190e-03 5.031153795e-03 3.873116703e-03 2.789466789e-03 1.804163104e-03
 9.413676319e-04 2.251886728e-04-3.205810203e-04-6.727385392e-04-8.089640555e-04
-7.081513012e-04-3.507925149e-04 2.803778799e-04 1.199578935e-03 2.417123711e-03
 3.938720687e-03 5.764038857e-03 7.881953384e-03 1.026687443e-02 1.292493645e-02
 1.585462309e-02 1.905412094e-02 2.252336239e-02 2.626334692e-02 3.027720503e-02
 3.457472088e-02 3.904545925e-02 4.364395809e-02 4.839982801e-02 5.319258898e-02
 5.785958381e-02 6.213875422e-02 6.573953453e-02 6.849101068e-02 7.039151963e-02
 7.160802754e-02 7.238030592e-02 7.289335633e-02 7.325827723e-02 7.353495954e-02
 7.375204317e-02 7.392107026e-02 7.404528462e-02 7.412457915e-02 7.415805755e-02
 7.414523609e-02 7.408650807e-02 7.398322190e-02 7.383751661e-02 7.364970495e-02
 1.674613115e-03 3.797638165e-03 6.783433801e-03 1.063803073e-02 1.507161365e-02
 1.718112646e-02 1.624992344e-02 1.532392118e-02 1.440022033e-02 1.343169757e-02
 1.243218307e-02 1.141665663e-02 1.039935778e-02 9.394033357e-03 8.414029016e-03
 7.472357727e-03 6.584314660e-03 5.770698847e-03 5.051861109e-03 4.447505258e-03
 3.976460805e-03 3.656466348e-03 3.503931572e-03 3.533704656e-03 3.758887671e-03
 4.190807322e-03 4.839268143e-03 5.711694850e-03 6.811707654e-03 8.136817402e-03
 9.682769444e-03 1.145821628e-02 1.346840152e-02 1.571747851e-02 1.821328064e-02
 2.096556282e-02 2.398612469e-02 2.728932496e-02 3.089269406e-02 3.481723100e-02
 3.908454363e-02 4.370685319e-02 4.871590818e-02 5.419931600e-02 6.026406817e-02
 6.723211779e-02 7.379720229e-02 7.834819903e-02 8.055481808e-02 8.034437394e-02
 7.875778202e-02 7.748585194e-02 7.644649629e-02 7.563715424e-02 7.502191629e-02
 7.455182934e-02 7.418375844e-02 7.388345239e-02 7.362488078e-02 7.338877073e-02
 7.316117818e-02 7.293231334e-02 7.269566256e-02 7.244743083e-02 7.218744159e-02
 1.634682825e-03 3.707040537e-03 6.621125297e-03 1.038147342e-02 1.470005073e-02
 1.667344904e-02 1.559502694e-02 1.469306963e-02 1.388131995e-02 1.301722366e-02
 1.213486692e-02 1.125689498e-02 1.040340536e-02 9.592519738e-03 8.840710380e-03
 8.163058389e-03 7.573507433e-03 7.086640472e-03 6.719064644e-03 6.485309193e-03
 6.397715378e-03 6.466307159e-03 6.698457653e-03 7.098435168e-03 7.666751040e-03
 8.399073348e-03 9.295858584e-03 1.035703090e-02 1.158181683e-02 1.296987941e-02
 1.452311854e-02 1.624767502e-02 1.815322839e-02 2.025289995e-02 2.256312118e-02
 2.510380040e-02 2.789851339e-02 3.097407901e-02 3.436052066e-02 3.809238926e-02
 4.221267258e-02 4.678114585e-02 5.188871964e-02 5.767947826e-02 6.438326226e-02
 7.226135272e-02 7.941278910e-02 8.421388678e-02 8.669743743e-02 8.679961752e-02
 8.436934303e-02 8.097559333e-02 7.861353685e-02 7.695362663e-02 7.573927758e-02
 7.481740795e-02 7.409234881e-02 7.350166105e-02 7.300310564e-02 7.256728503e-02
 7.217328554e-02 7.180597722e-02 7.145424133e-02 7.110956523e-02 7.076407490e-02
 1.581599695e-03 3.588629769e-03 6.414755884e-03 1.006893167e-02 1.427902246e-02
 1.615247997e-02 1.493916608e-02 1.399345161e-02 1.313312411e-02 1.227082197e-02
 1.142473248e-02 1.061837401e-02 9.874011928e-03 9.211859137e-03 8.649790101e-03
 8.203319762e-03 7.885764593e-03 7.708514741e-03 7.681524757e-03 7.812453971e-03
 8.105303080e-03 8.561604263e-03 9.179320688e-03 9.952593366e-03 1.087181457e-02
 1.192433699e-02 1.309642193e-02 1.437462735e-02 1.574773678e-02 1.720893109e-02
 1.875766042e-02 2.040056868e-02 2.215168343e-02 2.403776655e-02 2.608378768e-02
 2.831157626e-02 3.076846850e-02 3.349258892e-02 3.652355003e-02 3.989627526e-02
 4.363534394e-02 4.778085728e-02 5.237963573e-02 5.748631391e-02 6.316960958e-02
 6.955121218e-02 7.535846071e-02 7.950069106e-02 8.194093395e-02 8.259421265e-02
 8.132263925e-02 7.914641127e-02 7.745575056e-02 7.610277841e-02 7.499956089e-02
 7.408223091e-02 7.330455021e-02 7.263267628e-02 7.204134655e-02 7.151126364e-02
 7.102735629e-02 7.057761689e-02 7.015229618e-02 6.974326759e-02 6.934097606e-02
 1.508708508e-03 3.426904811e-03 6.134793578e-03 9.647598960e-03 1.368631003e-02
 1.536318843e-02 1.404866290e-02 1.294766444e-02 1.197823753e-02 1.103374969e-02
 1.014585917e-02 9.343673427e-03 8.653368219e-03 8.097422368e-03 7.694214824e-03
 7.458098589e-03 7.399819473e-03 7.527030143e-03 7.844628754e-03 8.354688739e-03
 9.055981161e-03 9.943328154e-03 1.100654182e-02 1.222929966e-02 1.358830458e-02
 1.505331025e-02 1.658869859e-02 1.815715521e-02 1.972538840e-02 2.127073990e-02
 2.278466951e-02 2.427465754e-02 2.580076874e-02 2.736535067e-02 2.901282687e-02
 3.078427697e-02 3.274772146e-02 3.495271538e-02 3.745042740e-02 4.028041022e-02
 4.345481555e-02 4.698513801e-02 5.085344409e-02 5.499633004e-02 5.928537406e-02
 6.350378716e-02 6.735561930e-02 7.054997258e-02 7.289437036e-02 7.432704755e-02
 7.492827554e-02 7.490665639e-02 7.450847005e-02 7.392201009e-02 7.326081307e-02
 7.258688180e-02 7.193203320e-02 7.131087118e-02 7.072823406e-02 7.018352277e-02
 6.967325518e-02 6.919258314e-02 6.873619539e-02 6.829897159e-02 6.788117289e-02
 1.403294294e-03 3.193369529e-03 5.731073591e-03 9.040249812e-03 1.286787113e-02
 1.434011060e-02 1.272000003e-02 1.137580462e-02 1.018703353e-02 9.064242684e-03
 8.050341298e-03 7.184159655e-03 6.499239062e-03 6.021241390e-03 5.767209560e-03
 5.746809135e-03 5.964602894e-03 6.422228835e-03 7.119759732e-03 8.056024116e-03
 9.227972532e-03 1.062916080e-02 1.224728164e-02 1.406058256e-02 1.603320442e-02
 1.811029892e-02 2.021557340e-02 2.225607055e-02 2.413875173e-02 2.579215800e-02
 2.723090604e-02 2.846275051e-02 2.954151475e-02 3.055151944e-02 3.157164826e-02
 3.267262489e-02 3.391936011e-02 3.537763899e-02 3.712065628e-02 3.922820525e-02
 4.177129158e-02 4.478328344e-02 4.823223839e-02 5.201275759e-02 5.595912035e-02
 5.986569311e-02 6.350624452e-02 6.665916358e-02 6.914706415e-02 7.088214693e-02
 7.189033616e-02 7.229277130e-02 7.225434048e-02 7.193247048e-02 7.144979745e-02
 7.089003046e-02 7.030517975e-02 6.972499384e-02 6.916480189e-02 6.863105969e-02
 6.812498807e-02 6.764487231e-02 6.718748760e-02 6.674886837e-02 6.631881097e-02
 1.245331909e-03 2.843975868e-03 5.129580787e-03 8.142348684e-03 1.163415132e-02
 1.273974404e-02 1.077995187e-02 9.024630784e-03 7.442877606e-03 6.022085322e-03
 4.770878159e-03 3.759509706e-03 3.042840136e-03 2.650110124e-03 2.585429464e-03
 2.838068514e-03 3.393818779e-03 4.241988545e-03 5.377513030e-03 6.800205431e-03
 8.513037035e-03 1.052019862e-02 1.282451958e-02 1.542266416e-02 1.829500024e-02
 2.138522669e-02 2.456599211e-02 2.760339087e-02 3.017411990e-02 3.204703876e-02
 3.315397937e-02 3.363489441e-02 3.377115084e-02 3.379463616e-02 3.384009644e-02
 3.396829316e-02 3.420348013e-02 3.457061376e-02 3.514517294e-02 3.612226312e-02
 3.782371616e-02 4.051533638e-02 4.418403454e-02 4.854138052e-02 5.324328043e-02
 5.803089258e-02 6.265824716e-02 6.675325467e-02 6.983274107e-02 7.158660321e-02
 7.213020301e-02 7.189933786e-02 7.131385799e-02 7.061178557e-02 6.989701383e-02
 6.920998427e-02 6.856458084e-02 6.796362083e-02 6.740515879e-02 6.688515983e-02
 6.639871048e-02 6.594060270e-02 6.550565187e-02 6.508898233e-02 6.468927618e-02
 1.004678107e-03 2.306135013e-03 4.195461554e-03 6.748851069e-03 9.777078224e-03
 1.049453470e-02 8.254058791e-03 5.823176101e-03 3.574294916e-03 1.494651214e-03
-2.863890272e-04-1.608808796e-03-2.350405358e-03-2.512335827e-03-2.188924151e-03
-1.482753965e-03-4.555595378e-04 8.711096342e-04 2.499469206e-03 4.442813295e-03
 6.720030027e-03 9.355978033e-03 1.238594834e-02 1.586304408e-02 1.986757664e-02
 2.451399867e-02 2.992423425e-02 3.595816313e-02 4.111482859e-02 4.344335395e-02
 4.263235725e-02 4.031948497e-02 3.825851904e-02 3.672505358e-02 3.560162296e-02
 3.473202031e-02 3.395246782e-02 3.306095440e-02 3.174318628e-02 2.926423917e-02
 2.812504176e-02 3.063390248e-02 3.719210480e-02 4.429820177e-02 5.070739328e-02
 5.716280249e-02 6.432394255e-02 7.358636334e-02 7.914727898e-02 7.998943105e-02
 7.577770011e-02 7.261332279e-02 7.057689635e-02 6.915086239e-02 6.808043458e-02
 6.723190722e-02 6.652978505e-02 6.592867097e-02 6.539975601e-02 6.492389056e-02
 6.448779083e-02 6.408162979e-02 6.369725758e-02 6.332753104e-02 6.296864974e-02
 6.634366498e-04 1.513160064e-03 2.734774742e-03 4.398863173e-03 6.469243927e-03
 6.605048419e-03 4.083934827e-03 1.295187432e-03-1.769874994e-03-5.220206406e-03
-8.618422486e-03-1.080780545e-02-1.114392960e-02-1.003755544e-02-8.576348719e-03
-7.064685222e-03-5.446478187e-03-3.627101789e-03-1.529142344e-03 8.970663687e-04
 3.679540368e-03 6.839090793e-03 1.040715658e-02 1.444588200e-02 1.907572810e-02
 2.452773092e-02 3.127065889e-02 4.044731067e-02 4.938390197e-02 5.216811671e-02
 4.850211224e-02 4.276183626e-02 3.949064591e-02 3.739167271e-02 3.594550429e-02
 3.486692309e-02 3.396010108e-02 3.305832937e-02 3.201408343e-02 3.089676993e-02
 3.095344818e-02 3.324007232e-02 3.759657958e-02 4.302526954e-02 4.853819377e-02
 5.417783304e-02 6.011476588e-02 6.602047957e-02 7.040143100e-02 7.180963360e-02
 7.051814977e-02 6.862563976e-02 6.713567125e-02 6.602246341e-02 6.517328193e-02
 6.450504126e-02 6.396024744e-02 6.349724503e-02 6.309494652e-02 6.272864173e-02
 6.239230538e-02 6.208003785e-02 6.178810601e-02 6.149625314e-02 6.119410500e-02
 2.953789853e-04 6.357814160e-04 1.036856426e-03 1.376487537e-03 1.406821892e-03
 7.867525778e-04-6.899352076e-04-3.034159282e-03-6.325281007e-03-1.096290546e-02
-1.683009813e-02-2.008837185e-02-2.011621124e-02-1.667357583e-02-1.443142597e-02
-1.273614623e-02-1.107326486e-02-9.125767349e-03-6.731738737e-03-3.863609060e-03
-5.781810745e-04 3.045787913e-03 6.948842119e-03 1.110178553e-02 1.549500420e-02
 2.010795293e-02 2.484008504e-02 2.937846115e-02 3.311666394e-02 3.547328293e-02
 3.633446024e-02 3.617405015e-02 3.559050787e-02 3.497365460e-02 3.445648163e-02
 3.407860346e-02 3.385301779e-02 3.379367774e-02 3.397713456e-02 3.453710735e-02
 3.566312597e-02 3.749243737e-02 4.001401976e-02 4.308173186e-02 4.648045472e-02
 5.000478407e-02 5.344035667e-02 5.652514185e-02 5.897998394e-02 6.062122260e-02
 6.148222729e-02 6.178090039e-02 6.176787760e-02 6.161888939e-02 6.142464779e-02
 6.122496120e-02 6.103206300e-02 6.084623995e-02 6.066314719e-02 6.047607936e-02
 6.027900573e-02 6.007053424e-02 5.987736594e-02 5.967640414e-02 5.945514876e-02
 3.353224816e-05 3.809205185e-05-3.029941461e-05-2.525468208e-04-7.317980235e-04
-1.577280854e-03-2.881141703e-03-4.702312574e-03-7.046791498e-03-9.840964278e-03
-1.271313418e-02-1.505147952e-02-1.648186551e-02-1.723121078e-02-1.780176692e-02
-1.826206551e-02-1.812075220e-02-1.674048053e-02-1.391170844e-02-1.001984212e-02
-5.667951355e-03-1.234435124e-03 3.136037845e-03 7.399203983e-03 1.153191238e-02
 1.549435323e-02 1.921051029e-02 2.256477294e-02 2.542517012e-02 2.769415395e-02
 2.935856823e-02 3.050035884e-02 3.126001382e-02 3.178484251e-02 3.219710579e-02
 3.258870703e-02 3.303033465e-02 3.358343232e-02 3.430850382e-02 3.526576303e-02
 3.650622643e-02 3.805634450e-02 3.990494275e-02 4.200050062e-02 4.425894953e-02
 4.657546683e-02 4.883520906e-02 5.092472093e-02 5.274826921e-02 5.424716671e-02
 5.541183784e-02 5.627711155e-02 5.690286417e-02 5.735221426e-02 5.767749997e-02
 5.791564019e-02 5.808927112e-02 5.820999510e-02 5.828182309e-02 5.830421615e-02
 5.827461103e-02 5.818882766e-02 5.810146073e-02 5.797669210e-02 5.779956732e-02
-9.579530269e-05-2.407072802e-04-4.873833518e-04-8.762366643e-04-1.452841933e-03
-2.261057390e-03-3.334320259e-03-4.684107628e-03-6.291517315e-03-8.112772524e-03
-1.007794049e-02-1.213599741e-02-1.432899044e-02-1.690958727e-02-2.039990932e-02
-2.581056765e-02-3.170428845e-02-3.153019912e-02-2.538468265e-02-1.620733489e-02
-9.517305905e-03-4.000350161e-03 8.282097819e-04 5.180050531e-03 9.149078025e-03
 1.276920549e-02 1.604174045e-02 1.895263735e-02 2.148689712e-02 2.364149412e-02
 2.543448872e-02 2.690722370e-02 2.811918407e-02 2.913875989e-02 3.003445963e-02
 3.086941455e-02 3.169935300e-02 3.257255537e-02 3.352997995e-02 3.460428492e-02
 3.581743312e-02 3.717762275e-02 3.867696044e-02 4.029115386e-02 4.198166656e-02
 4.369992983e-02 4.539291003e-02 4.700943865e-02 4.850662723e-02 4.985519458e-02
 5.104219029e-02 5.207013775e-02 5.295298277e-02 5.371045783e-02 5.436269032e-02
 5.492617860e-02 5.541138752e-02 5.582177171e-02 5.615409202e-02 5.640014784e-02
 5.655002145e-02 5.659546440e-02 5.659115753e-02 5.651175004e-02 5.635872927e-02
-1.376981398e-04-3.240063680e-04-6.066738880e-04-1.004222041e-03-1.536292326e-03
-2.220590299e-03-3.069794659e-03-4.087705678e-03-5.263211715e-03-6.598206315e-03
-8.089464790e-03-9.748454404e-03-1.162210943e-02-1.382407957e-02-1.645958661e-02
-1.936777624e-02-2.145547737e-02-2.095991538e-02-1.756853854e-02-1.251697200e-02
-7.407040983e-03-2.671726188e-03 1.667896082e-03 5.632057146e-03 9.226718881e-03
 1.244876958e-02 1.529991226e-02 1.779497699e-02 1.996190233e-02 2.183709353e-02
 2.346090500e-02 2.487514701e-02 2.612196198e-02 2.724296124e-02 2.827818869e-02
 2.926503075e-02 3.023727004e-02 3.122430506e-02 3.225041126e-02 3.333392114e-02
 3.448633507e-02 3.571154829e-02 3.700548937e-02 3.835644583e-02 3.974621535e-02
 4.115203815e-02 4.254910672e-02 4.391333716e-02 4.522400869e-02 4.646584382e-02
 4.763015526e-02 4.871486021e-02 4.972341257e-02 5.066290796e-02 5.154166258e-02
 5.236643230e-02 5.313921362e-02 5.385346711e-02 5.449007769e-02 5.501522339e-02
 5.538561166e-02 5.556768633e-02 5.556103226e-02 5.543109535e-02 5.521347676e-02
-1.342788193e-04-3.094546240e-04-5.641711858e-04-9.057347674e-04-1.341315698e-03
-1.876562274e-03-2.514326529e-03-3.251876430e-03-4.077680745e-03-4.990409775e-03
-5.978934137e-03-7.014945132e-03-8.073186771e-03-9.106391389e-03-1.000150896e-02
-1.055803939e-02-1.049993532e-02-9.579117138e-03-7.717628650e-03-5.051497746e-03
-1.837467875e-03 1.669132620e-03 5.256238879e-03 8.732278116e-03 1.191189271e-02
 1.465269389e-02 1.691167781e-02 1.875121227e-02 2.028331349e-02 2.161023924e-02
 2.280235514e-02 2.390310555e-02 2.494015478e-02 2.593361943e-02 2.690042944e-02
 2.785606824e-02 2.881489501e-02 2.978980450e-02 3.079163075e-02 3.182850599e-02
 3.290530150e-02 3.402325054e-02 3.517984216e-02 3.636905186e-02 3.758193290e-02
 3.880753738e-02 4.003408036e-02 4.125021660e-02 4.244627592e-02 4.361530616e-02
 4.475380643e-02 4.586209143e-02 4.694429311e-02 4.800804669e-02 4.906388174e-02
 5.012417675e-02 5.120108089e-02 5.230162924e-02 5.341515839e-02 5.448039028e-02
 5.531925673e-02 5.566466386e-02 5.547538582e-02 5.498796253e-02 5.439924000e-02
-1.110358054e-04-2.531575999e-04-4.549915934e-04-7.180310466e-04-1.042958527e-03
-1.428857058e-03-1.872319848e-03-2.364392445e-03-2.889914185e-03-3.438094511e-03
-3.984931577e-03-4.490759279e-03-4.920047969e-03-5.216359695e-03-5.301245704e-03
-5.079807962e-03-4.452953430e-03-3.337594051e-03-1.685399020e-03 5.124776983e-04
 3.239469482e-03 6.472056120e-03 1.016953964e-02 1.416194906e-02 1.777977837e-02
 2.015030322e-02 2.115366355e-02 2.149204996e-02 2.178415552e-02 2.220427822e-02
 2.275494527e-02 2.340533656e-02 2.412710944e-02 2.490039467e-02 2.571299233e-02
 2.655839566e-02 2.743390473e-02 2.833906012e-02 2.927439869e-02 3.024049689e-02
 3.123727380e-02 3.226353878e-02 3.331677647e-02 3.439316143e-02 3.548778640e-02
 3.659507441e-02 3.770933029e-02 3.882537692e-02 3.993921951e-02 4.104869132e-02
 4.215405854e-02 4.325860132e-02 4.436924422e-02 4.549739080e-02 4.666024640e-02
 4.788315349e-02 4.920397425e-02 5.068175881e-02 5.241520283e-02 5.459028416e-02
 5.752773163e-02 5.838304926e-02 5.640213654e-02 5.466132460e-02 5.342967177e-02
-8.169703396e-05-1.848573301e-04-3.287800589e-04-5.120827696e-04-7.322407148e-04
-9.850747516e-04-1.264263136e-03-1.560409153e-03-1.848441365e-03-2.124172098e-03
-2.353597889e-03-2.501881177e-03-2.549382894e-03-2.452724225e-03-2.161670170e-03
-1.623212081e-03-7.860820750e-04 3.971447701e-04 1.969815397e-03 3.975425140e-03
 6.474044918e-03 9.578265974e-03 1.351100244e-02 1.887865155e-02 2.458267857e-02
 2.692103317e-02 2.584877946e-02 2.336219459e-02 2.243192803e-02 2.218878494e-02
 2.231884711e-02 2.267720248e-02 2.318559077e-02 2.379796132e-02 2.448593387e-02
 2.523161532e-02 2.602360177e-02 2.685453889e-02 2.771953165e-02 2.861506789e-02
 2.953828598e-02 3.048649576e-02 3.145690120e-02 3.244649255e-02 3.345208261e-02
 3.447046292e-02 3.549865394e-02 3.653422301e-02 3.757564665e-02 3.862270158e-02
 3.967688289e-02 4.074186998e-02 4.182409305e-02 4.293350157e-02 4.408471253e-02
 4.529884499e-02 4.660656841e-02 4.805326649e-02 4.970788351e-02 5.167822344e-02
 5.448594148e-02 5.524768186e-02 5.359417981e-02 5.213163759e-02 5.104882077e-02
-5.315662745e-05-1.194011670e-04-2.101735686e-04-3.229838002e-04-4.542171452e-04
-5.988291651e-04-7.498663054e-04-8.954455413e-04-1.016476938e-03-1.099474657e-03
-1.119232645e-03-1.057704688e-03-9.026281337e-04-6.276820438e-04-1.819458190e-04
 4.864464069e-04 1.368223827e-03 2.489747293e-03 3.877695027e-03 5.553805272e-03
 7.534274862e-03 9.824788125e-03 1.237462024e-02 1.501285529e-02 1.736569474e-02
 1.902635713e-02 1.988622219e-02 2.021079383e-02 2.037632748e-02 2.058821915e-02
 2.090488043e-02 2.132746998e-02 2.184163300e-02 2.243135777e-02 2.308285107e-02
 2.378518993e-02 2.452999905e-02 2.531089506e-02 2.612294765e-02 2.696223697e-02
 2.782551316e-02 2.870994081e-02 2.961292180e-02 3.053199801e-02 3.146483086e-02
 3.240924752e-02 3.336333997e-02 3.432560094e-02 3.529508062e-02 3.627154813e-02
 3.725564109e-02 3.824898301e-02 3.925423626e-02 4.027502642e-02 4.131559743e-02
 4.237987898e-02 4.346924602e-02 4.457737622e-02 4.567895337e-02 4.670783100e-02
 4.753359629e-02 4.800044928e-02 4.806545146e-02 4.784676291e-02 4.749667046e-02
-2.841175935e-05-6.309926394e-05-1.092613414e-04-1.642643513e-04-2.245961846e-04
-2.858445236e-04-3.427577052e-04-3.871882427e-04-3.976297895e-04-3.383184804e-04
-2.245430118e-04-4.643567936e-05 2.104960293e-04 5.552734419e-04 1.074944247e-03
 1.741935011e-03 2.558822958e-03 3.536563038e-03 4.681956420e-03 5.993760970e-03
 7.458918926e-03 9.046291384e-03 1.069751156e-02 1.232699145e-02 1.383513206e-02
 1.513875820e-02 1.620461286e-02 1.705883376e-02 1.776477891e-02 1.839002485e-02
 1.898607160e-02 1.958482907e-02 2.020319903e-02 2.084867394e-02 2.152355509e-02
 2.222747394e-02 2.295883779e-02 2.371547266e-02 2.449485581e-02 2.529447147e-02
 2.611207413e-02 2.694567179e-02 2.779338852e-02 2.865341250e-02 2.952401351e-02
 3.040352437e-02 3.129042046e-02 3.218332674e-02 3.308106378e-02 3.398266892e-02
 3.488732671e-02 3.579430258e-02 3.670266843e-02 3.761090217e-02 3.851617295e-02
 3.941321776e-02 4.029270236e-02 4.113901524e-02 4.192820622e-02 4.262778258e-02
 4.320144854e-02 4.362039412e-02 4.387565430e-02 4.398113616e-02 4.396819634e-02
-8.362761654e-06-1.766590381e-05-2.828746445e-05-3.773769488e-05-4.277371221e-05
-3.941276511e-05-2.305105830e-05 1.034973254e-05 8.275519217e-05 2.074665936e-04
 3.955094056e-04 6.314714984e-04 9.537094612e-04 1.353419954e-03 1.847720729e-03
 2.456803795e-03 3.157840993e-03 3.992345719e-03 4.919750717e-03 5.949477385e-03
 7.069385485e-03 8.231777515e-03 9.452262473e-03 1.064480792e-02 1.180452986e-02
 1.289138090e-02 1.387333740e-02 1.479261822e-02 1.560761509e-02 1.638276897e-02
 1.711026627e-02 1.780555251e-02 1.851516769e-02 1.919711355e-02 1.991610754e-02
 2.062962046e-02 2.135459618e-02 2.211117170e-02 2.285681702e-02 2.364175645e-02
 2.441758387e-02 2.520927568e-02 2.601617883e-02 2.681056588e-02 2.764190206e-02
 2.845397345e-02 2.928417814e-02 3.011542147e-02 3.093243459e-02 3.177624379e-02
 3.259041269e-02 3.342268517e-02 3.423836450e-02 3.503539846e-02 3.583886923e-02
 3.659489404e-02 3.734531568e-02 3.804482606e-02 3.868209505e-02 3.927579887e-02
 3.976353416e-02 4.018635523e-02 4.050891091e-02 4.073292576e-02 4.090311292e-02
 0.152741907E+01 0.154316529E+01 0.155757255E+01 0.157257261E+01 0.158795981E+01
 0.160370701E+01 0.161984376E+01 0.163638813E+01 0.165337235E+01 0.167083822E+01
 0.168881293E+01 0.170734108E+01 0.172646988E+01 0.174623445E+01 0.176667000E+01
 0.178783938E+01 0.180979686E+01 0.183258708E+01 0.185625210E+01 0.188085591E+01
 0.190647593E+01 0.193317766E+01 0.196102414E+01 0.199007683E+01 0.202041892E+01
 0.205215821E+01 0.208538843E+01 0.212020522E+01 0.215670935E+01 0.219500785E+01
 0.223524860E+01 0.227758828E+01 0.232218016E+01 0.236918498E+01 0.241878330E+01
 0.247117818E+01 0.252661993E+01 0.258537387E+01 0.264772726E+01 0.271399934E+01
 0.278453959E+01 0.285974618E+01 0.294010025E+01 0.302614353E+01 0.311847440E+01
 0.321778109E+01 0.332486520E+01 0.344065984E+01 0.356625420E+01 0.370293977E+01
 0.385226087E+01 0.401605412E+01 0.419654863E+01 0.439648406E+01 0.461928602E+01
 0.486933155E+01 0.515235988E+01 0.547602878E+01 0.585055800E+01 0.629074948E+01
 0.681958947E+01 0.747662468E+01 0.834004650E+01 0.962056008E+01 0.164489846E+02
  361   98
 0.576344766E+00 0.118972698E+01 0.569981875E+00 0.117573190E+01 0.563618294E+00
 0.116173713E+01 0.557263169E+00 0.114773852E+01 0.550919059E+00 0.113373492E+01
 0.544591285E+00 0.111972393E+01 0.538288048E+00 0.110570188E+01 0.532021747E+00
 0.109166329E+01 0.525804158E+00 0.107760307E+01 0.519642588E+00 0.106351820E+01
 0.513541637E+00 0.104940697E+01 0.507505882E+00 0.103526774E+01 0.501542299E+00
 0.102109792E+01 0.495657484E+00 0.100689521E+01 0.489855023E+00 0.992658649E+00
 0.484135829E+00 0.978388439E+00 0.478500136E+00 0.964085046E+00 0.472950366E+00
 0.949748098E+00 0.467490079E+00 0.935376833E+00 0.462120613E+00 0.920971388E+00
 0.456840536E+00 0.906532939E+00 0.451647041E+00 0.892063119E+00 0.446539628E+00
 0.877562692E+00 0.441521946E+00 0.863030973E+00 0.436597014E+00 0.848467559E+00
 0.431765880E+00 0.833872762E+00 0.427027913E+00 0.819247453E+00 0.422382414E+00
 0.804592511E+00 0.417830599E+00 0.789908202E+00 0.413375195E+00 0.775194355E+00
 0.409018971E+00 0.760450842E+00 0.404764050E+00 0.745677774E+00 0.400610593E+00
 0.730875860E+00 0.396557580E+00 0.716046127E+00 0.392603923E+00 0.701189596E+00
 0.388749142E+00 0.686307104E+00 0.384994059E+00 0.671399145E+00 0.381340337E+00
 0.656466021E+00 0.377789522E+00 0.641508095E+00 0.374342651E+00 0.626525874E+00
 0.371000095E+00 0.611520037E+00 0.367760760E+00 0.596491578E+00 0.364622543E+00
 0.581441677E+00 0.361583620E+00 0.566371412E+00 0.358642683E+00 0.551281719E+00
 0.355799069E+00 0.536173383E+00 0.353052688E+00 0.521047070E+00 0.350403623E+00
 0.505903411E+00 0.347851913E+00 0.490743044E+00 0.345397424E+00 0.475566633E+00
 0.343038904E+00 0.460375011E+00 0.340773761E+00 0.445169184E+00 0.338599477E+00
 0.429950099E+00 0.336513893E+00 0.414718604E+00 0.334515416E+00 0.399475436E+00
 0.332603150E+00 0.384221212E+00 0.330776467E+00 0.368956502E+00 0.329034726E+00
 0.353681868E+00 0.327376913E+00 0.338397895E+00 0.325801682E+00 0.323105191E+00
 0.324307845E+00 0.307804321E+00 0.322894657E+00 0.292495791E+00 0.321561780E+00
 0.277180060E+00 0.320309058E+00 0.261857564E+00 0.319135670E+00 0.246528789E+00
 0.318040539E+00 0.231194223E+00 0.317022664E+00 0.215854335E+00 0.316081121E+00
 0.200509573E+00 0.315214766E+00 0.185160382E+00 0.314422115E+00 0.169807207E+00
 0.313701802E+00 0.154450468E+00 0.313052640E+00 0.139090557E+00 0.312473774E+00
 0.123727836E+00 0.311965249E+00 0.108362625E+00 0.311527475E+00 0.929952363E-01
 0.311160954E+00 0.776259832E-01 0.310866246E+00 0.622551855E-01 0.310643089E+00
 0.468831822E-01 0.310490255E+00 0.315103184E-01 0.310406640E+00 0.161369221E-01
 0.310391310E+00 0.763305703E-03 0.310443573E+00-0.146102296E-01 0.310563337E+00
-0.299833872E-01 0.310750775E+00-0.453558686E-01 0.311006198E+00-0.607273705E-01
 0.311330071E+00-0.760975824E-01 0.311722997E+00-0.914661838E-01 0.312185718E+00
-0.106832842E+00 0.312719139E+00-0.122197208E+00 0.313324329E+00-0.137558914E+00
 0.314002245E+00-0.152917583E+00 0.314752959E+00-0.168272865E+00 0.315576409E+00
-0.183624418E+00 0.316472690E+00-0.198971892E+00 0.317442152E+00-0.214314917E+00
 0.318485968E+00-0.229653061E+00 0.319606008E+00-0.244985828E+00 0.320804222E+00
-0.260312683E+00 0.322082517E+00-0.275633066E+00 0.323442312E+00-0.290946430E+00
 0.324883775E+00-0.306252323E+00 0.326406980E+00-0.321550297E+00 0.328012271E+00
-0.336839875E+00 0.329700332E+00-0.352120536E+00 0.331472094E+00-0.367391718E+00
 0.333328633E+00-0.382652825E+00 0.335271287E+00-0.397903208E+00 0.337301729E+00
-0.413142151E+00 0.339421760E+00-0.428368888E+00 0.341633044E+00-0.443582640E+00
 0.343937274E+00-0.458782592E+00 0.346336321E+00-0.473967866E+00 0.348832290E+00
-0.489137510E+00 0.351426666E+00-0.504290633E+00 0.354120058E+00-0.519426471E+00
 0.356912785E+00-0.534544295E+00 0.359804890E+00-0.549643422E+00 0.362796407E+00
-0.564723168E+00 0.365888240E+00-0.579782666E+00 0.369082227E+00-0.594820827E+00
 0.372380803E+00-0.609836393E+00 0.375786682E+00-0.624827983E+00 0.379301372E+00
-0.639794437E+00 0.382924300E+00-0.654735058E+00 0.386654069E+00-0.669649368E+00
 0.390488751E+00-0.684537049E+00 0.394426503E+00-0.699397802E+00 0.398467362E+00
-0.714230849E+00 0.402613108E+00-0.729034923E+00 0.406865686E+00-0.743808661E+00
 0.411226519E+00-0.758550808E+00 0.415695658E+00-0.773260483E+00 0.420271349E+00
-0.787937365E+00 0.424951726E+00-0.802581199E+00 0.429735866E+00-0.817191463E+00
 0.434624492E+00-0.831767098E+00 0.439619187E+00-0.846306726E+00 0.444721026E+00
-0.860809105E+00 0.449929697E+00-0.875273458E+00 0.455243761E+00-0.889699425E+00
 0.460662850E+00-0.904086267E+00 0.466191430E+00-0.918431386E+00 0.471835332E+00
-0.932731523E+00 0.477598469E+00-0.946984022E+00 0.483482254E+00-0.961187140E+00
 0.489488149E+00-0.975339052E+00 0.495624892E+00-0.989434707E+00 0.501905385E+00
-0.100346689E+01 0.508342689E+00-0.101742782E+01 0.514949586E+00-0.103130928E+01
 0.521743406E+00-0.104510020E+01 0.528757891E+00-0.105878013E+01 0.536046458E+00
-0.107231591E+01 0.543687494E+00-0.108565566E+01 0.551799526E+00-0.109871385E+01
 0.560576476E+00-0.111133340E+01 0.570347865E+00-0.112319572E+01 0.581615141E+00
-0.113363584E+01 0.594815294E+00-0.114145403E+01 0.609599947E+00-0.114553196E+01
 0.624941538E+00-0.114617104E+01 0.640224047E+00-0.114456184E+01 0.655314069E+00
-0.114163469E+01 0.670231071E+00-0.113791933E+01 0.685014782E+00-0.113370289E+01
 0.699697759E+00-0.112914738E+01 0.714302209E+00-0.112434579E+01 0.728843173E+00
-0.111935512E+01 0.743329850E+00-0.111420893E+01 0.757768348E+00-0.110892905E+01
 0.772161911E+00-0.110352785E+01 0.786513068E+00-0.109801496E+01 0.800820034E+00
-0.109238839E+01 0.815073512E+00-0.108662773E+01 0.829261609E+00-0.108070791E+01
 0.843372902E+00-0.107460733E+01 0.857395706E+00-0.106830606E+01 0.871318493E+00
-0.106178682E+01 0.885130478E+00-0.105503604E+01 0.898822970E+00-0.104804609E+01
 0.912390201E+00-0.104081602E+01 0.925828382E+00-0.103334881E+01 0.939134332E+00
-0.102564845E+01 0.952297477E+00-0.101770650E+01 0.965297359E+00-0.100950012E+01
 0.978114562E+00-0.100101129E+01 0.990736866E+00-0.992235279E+00 0.100315818E+01
-0.983177018E+00 0.101538139E+01-0.973853099E+00 0.102742331E+01-0.964296109E+00
 0.103929973E+01-0.954534187E+00 0.105099890E+01-0.944560582E+00 0.106249769E+01
-0.934356637E+00 0.107378261E+01-0.923916648E+00 0.108485751E+01-0.913254092E+00
 0.109573556E+01-0.902390736E+00 0.110642914E+01-0.891345725E+00 0.111693899E+01
-0.880125757E+00 0.112725115E+01-0.868723853E+00 0.113734895E+01-0.857131703E+00
 0.114722531E+01-0.845350319E+00 0.115688461E+01-0.833390306E+00 0.116633155E+01
-0.821261848E+00 0.117555789E+01-0.808964775E+00 0.118454188E+01-0.796489582E+00
 0.119326277E+01-0.783829101E+00 0.120171468E+01-0.770987475E+00 0.120990564E+01
-0.757977831E+00 0.121784146E+01-0.744811008E+00 0.122549985E+01-0.731480958E+00
 0.123285409E+01-0.717980758E+00 0.123989306E+01-0.704313531E+00 0.124661830E+01
-0.690489218E+00 0.125302827E+01-0.676515936E+00 0.125911459E+01-0.662398685E+00
 0.126487486E+01-0.648145279E+00 0.127031736E+01-0.633767511E+00 0.127545711E+01
-0.619278725E+00 0.128030595E+01-0.604689995E+00 0.128486998E+01-0.590009659E+00
 0.128915843E+01-0.575246446E+00 0.129318693E+01-0.560410169E+00 0.129697694E+01
-0.545511152E+00 0.130055460E+01-0.530559694E+00 0.130394794E+01-0.515565305E+00
 0.130718241E+01-0.500535824E+00 0.131028113E+01-0.485477755E+00 0.131326659E+01
-0.470396810E+00 0.131616006E+01-0.455297936E+00 0.131898292E+01-0.440185695E+00
 0.132175764E+01-0.425064534E+00 0.132450782E+01-0.409938890E+00 0.132725585E+01
-0.394812854E+00 0.133001898E+01-0.379689570E+00 0.133281392E+01-0.364572135E+00
 0.133565737E+01-0.349463753E+00 0.133856413E+01-0.334367428E+00 0.134153459E+01
-0.319283503E+00 0.134455888E+01-0.304210278E+00 0.134762717E+01-0.289145946E+00
 0.135073025E+01-0.274088738E+00 0.135385956E+01-0.259036960E+00 0.135700668E+01
-0.243988895E+00 0.136016216E+01-0.228942581E+00 0.136331404E+01-0.213895511E+00
 0.136644549E+01-0.198844180E+00 0.136952994E+01-0.183783154E+00 0.137253308E+01
-0.168705718E+00 0.137541746E+01-0.153605134E+00 0.137814350E+01-0.138475197E+00
 0.138067273E+01-0.123311147E+00 0.138297829E+01-0.108111507E+00 0.138503600E+01
-0.928763623E-01 0.138682048E+01-0.776068355E-01 0.138830575E+01-0.623053417E-01
 0.138947089E+01-0.469761696E-01 0.139030238E+01-0.316253023E-01 0.139078913E+01
-0.162596553E-01 0.139092258E+01-0.886891275E-03 0.139069857E+01 0.144848211E-01
 0.139012344E+01 0.298474195E-01 0.138920846E+01 0.451935461E-01 0.138796722E+01
 0.605167560E-01 0.138641528E+01 0.758116455E-01 0.138457458E+01 0.910745124E-01
 0.138247271E+01 0.106303642E+00 0.138013633E+01 0.121498590E+00 0.137759053E+01
 0.136659881E+00 0.137486157E+01 0.151789304E+00 0.137198765E+01 0.166891889E+00
 0.136900909E+01 0.181974207E+00 0.136596391E+01 0.197043226E+00 0.136288685E+01
 0.212105773E+00 0.135980405E+01 0.227167148E+00 0.135673019E+01 0.242230348E+00
 0.135367526E+01 0.257297398E+00 0.135064703E+01 0.272369836E+00 0.134765243E+01
 0.287448991E+00 0.134469775E+01 0.302536018E+00 0.134178977E+01 0.317632112E+00
 0.133893599E+01 0.332738547E+00 0.133614427E+01 0.347856571E+00 0.133341423E+01
 0.362985857E+00 0.133073021E+01 0.378123379E+00 0.132807431E+01 0.393265861E+00
 0.132542847E+01 0.408410107E+00 0.132277426E+01 0.423552888E+00 0.132008814E+01
 0.438690036E+00 0.131734424E+01 0.453816810E+00 0.131451738E+01 0.468928291E+00
 0.131158314E+01 0.484019276E+00 0.130851809E+01 0.499084222E+00 0.130529977E+01
 0.514117156E+00 0.130190597E+01 0.529111429E+00 0.129831317E+01 0.544059242E+00
 0.129449472E+01 0.558950978E+00 0.129042404E+01 0.573775721E+00 0.128607841E+01
 0.588522179E+00 0.128144089E+01 0.603179441E+00 0.127650177E+01 0.617737827E+00
 0.127125626E+01 0.632188633E+00 0.126569608E+01 0.646521287E+00 0.125980885E+01
 0.660722705E+00 0.125358840E+01 0.674781358E+00 0.124703978E+01 0.688690192E+00
 0.124017509E+01 0.702445792E+00 0.123299935E+01 0.716041709E+00 0.122551254E+01
 0.729468850E+00 0.121772644E+01 0.742724713E+00 0.120966875E+01 0.755817325E+00
 0.120136596E+01 0.768755904E+00 0.119281807E+01 0.781533872E+00 0.118401970E+01
 0.794140671E+00 0.117497635E+01 0.806572923E+00 0.116570812E+01 0.818838491E+00
 0.115623908E+01 0.830949732E+00 0.114658220E+01 0.842911744E+00 0.113673224E+01
 0.854715257E+00 0.112667989E+01 0.866346865E+00 0.111642619E+01 0.877801389E+00
 0.110598423E+01 0.889084590E+00 0.109536914E+01 0.900205081E+00 0.108458354E+01
 0.911160257E+00 0.107361357E+01 0.921930777E+00 0.106244181E+01 0.932491788E+00
 0.105106024E+01 0.942826338E+00 0.103947927E+01 0.952936954E+00 0.102772027E+01
 0.962840016E+00 0.101579646E+01 0.972543978E+00 0.100369382E+01 0.982023906E+00
 0.991395355E+00 0.991248291E+00 0.978896444E+00 0.100019918E+01 0.966201786E+00
 0.100887022E+01 0.953322904E+00 0.101726524E+01 0.940279674E+00 0.102540264E+01
 0.927093864E+00 0.103330698E+01 0.913776569E+00 0.104098773E+01 0.900330297E+00
 0.104844036E+01 0.886758835E+00 0.105566252E+01 0.873068715E+00 0.106265716E+01
 0.859269571E+00 0.106943422E+01 0.845373848E+00 0.107601104E+01 0.831395197E+00
 0.108240977E+01 0.817347988E+00 0.108865661E+01 0.803246608E+00 0.109478024E+01
 0.789106201E+00 0.110081324E+01 0.774939886E+00 0.110678517E+01 0.760752632E+00
 0.111270718E+01 0.746545526E+00 0.111858141E+01 0.732322368E+00 0.112441668E+01
 0.718088050E+00 0.113022468E+01 0.703847580E+00 0.113601757E+01 0.689605835E+00
 0.114180733E+01 0.675368094E+00 0.114760693E+01 0.661140165E+00 0.115343056E+01
 0.646928107E+00 0.115929280E+01 0.632740050E+00 0.116521287E+01 0.618583405E+00
 0.117120766E+01 0.604463750E+00 0.117728906E+01 0.590381803E+00 0.118345726E+01
 0.576344766E+00 0.118972698E+01
 0.156441580E+01 0.156423520E+01 0.173298350E+01 0.167901950E+01 0.134847970E+01
 0.206041340E+01 0.108819530E+01 0.205946000E+01 0.902253030E+00 0.187565310E+01
 0.903668760E+00 0.187424170E+01 0.533866470E+00 0.150285580E+01 0.538010660E+00
 0.149874330E+01 0.332797140E+00 0.129708960E+01 0.332797140E+00 0.109400000E+01
 0.334795920E+00 0.109400000E+01 0.303115250E+00 0.847500000E+00 0.305114030E+00
 0.847500000E+00 0.269135950E+00 0.565000000E+00 0.271134730E+00 0.565000000E+00
 0.260841000E+00 0.495257700E+00 0.260841000E+00-0.507257700E+00 0.271134730E+00
-0.576999960E+00 0.269135950E+00-0.576999960E+00 0.305114030E+00-0.859500000E+00
 0.303115250E+00-0.859500000E+00 0.334795920E+00-0.110600010E+01 0.332797140E+00
-0.110600010E+01 0.332797140E+00-0.130908970E+01 0.538598100E+00-0.150990190E+01
 0.534468950E+00-0.151402960E+01 0.905629600E+00-0.188405800E+01 0.904219000E+00
-0.188547470E+01 0.108819530E+01-0.206614000E+01 0.134847970E+01-0.206518650E+01
 0.173017910E+01-0.168098580E+01 0.156441580E+01-0.156883530E+01 0.137999130E+01
-0.157688300E+01 0.137989190E+01-0.157672700E+01 0.119622210E+01-0.158474990E+01
 0.119631650E+01-0.158489800E+01 0.105537410E+01-0.159104840E+01 0.105528350E+01
-0.159090630E+01 0.947502500E+00-0.159561420E+01 0.905686400E+00-0.159556230E+01
 0.899143000E+00-0.159478470E+01 0.883387860E+00-0.159026430E+01 0.867681200E+00
-0.158087360E+01 0.851322350E+00-0.156766880E+01 0.833481900E+00-0.154624210E+01
 0.826062560E+00-0.152875240E+01 0.822677700E+00-0.151516830E+01 0.821022750E+00
-0.149624060E+01 0.820691350E+00-0.147724350E+01 0.822887360E+00-0.144582030E+01
 0.827573000E+00-0.141923050E+01 0.839194600E+00-0.138728100E+01 0.855244300E+00
-0.135284130E+01 0.877566500E+00-0.132209860E+01 0.899473500E+00-0.130017830E+01
 0.118567730E+01-0.101380000E+01 0.127900000E+01-0.842300000E+00 0.129600000E+01
-0.820200000E+00 0.143300000E+01-0.820200000E+00 0.143300000E+01-0.711000000E+00
 0.149000000E+01-0.491000000E+00 0.146000000E+01-0.491000000E+00 0.146000000E+01
-0.233000000E+00 0.166100000E+01-0.233000000E+00 0.166100000E+01 0.226000000E+00
 0.146000000E+01 0.226000000E+00 0.146000000E+01 0.481000000E+00 0.149300000E+01
 0.481000000E+00 0.147400000E+01 0.554000000E+00 0.143300000E+01 0.711000000E+00
 0.143300000E+01 0.815600000E+00 0.129600000E+01 0.815600000E+00 0.127900000E+01
 0.837699950E+00 0.118567730E+01 0.100920000E+01 0.899473500E+00 0.129557820E+01
 0.877566500E+00 0.131749860E+01 0.855244300E+00 0.134824120E+01 0.839194600E+00
 0.138268090E+01 0.827573000E+00 0.141463040E+01 0.822887360E+00 0.144122030E+01
 0.820691350E+00 0.147264350E+01 0.821022750E+00 0.149164060E+01 0.822677700E+00
 0.151056830E+01 0.826062560E+00 0.152415240E+01 0.833481900E+00 0.154164210E+01
 0.851322350E+00 0.156306870E+01 0.867681200E+00 0.157627360E+01 0.883387860E+00
 0.158566430E+01 0.899143000E+00 0.159018470E+01 0.905686400E+00 0.159096230E+01
 0.947502500E+00 0.159101410E+01 0.105528350E+01 0.158630620E+01 0.105537410E+01
 0.158644830E+01 0.119631650E+01 0.158029800E+01 0.119622210E+01 0.158014990E+01
 0.137989190E+01 0.157212700E+01 0.137999130E+01 0.157228290E+01 0.156441580E+01
 0.156423520E+01
    0
